0.1558671 0.6305869 2.334049 0.1174123 0.4648087 2.35259 0.0881843 0.3213734 2.243733 0.2306038 0.4516886 2.717969 0.06501191 0.110195 2.159336 0.3438757 0.6647434 2.58234 0.1329589 -0.1459126 2.138793 0.2135857 0.6841704 2.424117 0.1571119 -0.2340189 2.144414 0.1701557 0.6906461 2.375776 0.1622601 0.2450663 2.397598 0.1872729 0.2042743 2.404427 0.1992344 0.03772929 2.29915 0.2599334 0.05677638 2.558061 0.11351 -0.5092548 2.348262 0.2657189 -0.4965636 2.690465 0.0416426 -0.8965681 2.357115 0.02280943 -0.7972127 2.500375 0.09897862 -0.9372482 2.345092 0.08644479 -0.8527576 2.547028
0.1559429 0.6306611 2.333954 0.1172051 0.4651369 2.351663 0.08824001 0.3213899 2.243977 0.2303966 0.4520169 2.717042 0.06500835 0.1112467 2.159694 0.344 0.6639634 2.579623 0.1327786 -0.1449008 2.138904 0.2129572 0.6813371 2.421818 0.1572326 -0.2343138 2.144418 0.1692763 0.6871284 2.373616 0.1615418 0.2457421 2.396577 0.1863165 0.2050847 2.403276 0.1978941 0.03927906 2.297823 0.2582701 0.05654779 2.556555 0.1135228 -0.5092995 2.348295 0.244762 -0.5095537 2.666576 0.04162114 -0.8965789 2.357244 0.001851246 -0.8102043 2.476485 0.09902299 -0.937552 2.345463 0.05495012 -0.8389733 2.551745
0.1557786 0.6306443 2.331743 0.1168486 0.4652937 2.349878 0.08829364 0.3219261 2.244373 0.2300401 0.4521737 2.715257 0.06259536 0.1287601 2.16484 0.3443113 0.6645264 2.579302 0.1286688 -0.1276757 2.139932 0.2131017 0.6813619 2.421585 0.1574118 -0.2346331 2.14463 0.1693651 0.6869738 2.373412 0.1606087 0.2444527 2.394843 0.1851507 0.2033188 2.401433 0.1964628 0.03919996 2.296889 0.2548503 0.05275032 2.552086 0.1134772 -0.5087813 2.348325 0.2438044 -0.5125966 2.665768 0.04199845 -0.8948447 2.355987 0.000892356 -0.8132489 2.475676 0.09930994 -0.9375062 2.345469 0.05437537 -0.8412867 2.550941
0.1558182 0.6305739 2.330252 0.1170917 0.4653065 2.349058 0.07964224 0.3264875 2.240407 0.2302832 0.4521865 2.714437 0.06240851 0.1289294 2.164807 0.3444816 0.6649528 2.579207 0.1289084 -0.1274303 2.140668 0.2127856 0.6809254 2.421835 0.1577341 -0.2355781 2.145276 0.1688869 0.6862496 2.373777 0.1614258 0.2474198 2.395073 0.186104 0.2077288 2.401898 0.1975742 0.04116936 2.29858 0.2594504 0.05745542 2.55612 0.1135241 -0.5096912 2.348605 0.2748844 -0.5014164 2.695444 0.04212068 -0.895586 2.356492 0.03197107 -0.8020701 2.505351 0.0999712 -0.9383426 2.346865 0.08178639 -0.8370626 2.580221
0.1557022 0.6305871 2.32997 0.1175141 0.4647495 2.35042 0.07474165 0.3270366 2.236581 0.2307056 0.4516295 2.715799 0.06211516 0.1279988 2.164485 0.344598 0.6642733 2.580012 0.129423 -0.1281817 2.141111 0.3413585 0.847367 2.497162 0.1578071 -0.2354682 2.145571 0.3402787 0.9083983 2.473944 0.1613073 0.2471435 2.395247 0.1858287 0.2072921 2.401865 0.1957428 0.04102268 2.298248 0.2585191 0.05665742 2.553122 0.1135119 -0.5096791 2.348581 0.2568709 -0.5063566 2.677228 0.04202973 -0.8957565 2.356646 0.01395643 -0.8070118 2.487135 0.09849802 -0.9363207 2.340742 0.06667401 -0.8381842 2.561705
0.1544846 0.6293378 2.329356 0.116712 0.4642528 2.353018 0.07280963 0.326124 2.234221 0.2299034 0.4511327 2.718397 0.06114408 0.1216689 2.163458 0.3454702 0.6704313 2.598602 0.1286446 -0.1236778 2.14118 0.4096035 0.8487712 2.535733 0.1515808 -0.210587 2.144755 0.4309812 0.9082178 2.519176 0.1603076 0.2459067 2.395768 0.184606 0.205672 2.402058 0.1929805 0.03957691 2.297 0.2570633 0.05578086 2.551429 0.1135297 -0.5098127 2.348554 0.2535498 -0.5077817 2.673235 0.04191775 -0.8958432 2.356748 0.01063415 -0.8084385 2.483141 0.09866488 -0.9367993 2.342983 0.06364631 -0.8387163 2.557871
0.1543151 0.6290956 2.328853 0.1159216 0.4632307 2.352697 0.07949439 0.3172348 2.235534 0.2291131 0.4501106 2.718076 0.06213959 0.1013113 2.15943 0.3397188 0.6467779 2.633995 0.1299963 -0.1266645 2.141595 0.4042976 0.8171896 2.548861 0.152878 -0.2135711 2.145574 0.3974352 0.8252496 2.54084 0.1587959 0.2426407 2.395298 0.1829794 0.2016437 2.401607 0.1924861 0.03748002 2.296679 0.2531891 0.04777636 2.550378 0.1135121 -0.5098193 2.348557 0.2521281 -0.5172956 2.665768 0.0416614 -0.896263 2.356892 0.009211138 -0.8179538 2.475673 0.0987775 -0.9367772 2.343344 0.07216788 -0.8611618 2.534676
0.1320609 0.6280278 2.331102 0.1153232 0.4625564 2.353084 0.08139886 0.3154702 2.236287 0.2285147 0.4494363 2.718463 0.06254524 0.08773784 2.157439 0.3408439 0.6461836 2.635605 0.138277 -0.1491678 2.143619 0.4065989 0.8331565 2.56459 0.1586945 -0.2352272 2.146758 0.4236336 0.864271 2.508353 0.1582864 0.2420585 2.395473 0.1825212 0.2011341 2.401759 0.1922737 0.03639084 2.296318 0.2528051 0.04758939 2.550665 0.1135081 -0.5099609 2.348606 0.2540169 -0.5167167 2.669379 0.04175309 -0.8963012 2.357055 0.01109882 -0.8173764 2.479283 0.09887975 -0.9368114 2.343539 0.0638392 -0.8445419 2.555391
0.1373436 0.6267241 2.328381 0.1147052 0.4620704 2.353035 0.08300717 0.3136823 2.236758 0.2278967 0.4489504 2.718414 0.06701199 0.05531079 2.15383 0.3618666 0.6551176 2.645303 0.13839 -0.1508947 2.143658 0.4319437 0.83244 2.587031 0.1588519 -0.2351731 2.147032 0.4213413 0.8456966 2.566586 0.1578755 0.2418847 2.395397 0.1821553 0.20104 2.4017 0.1922168 0.03565568 2.295636 0.2524551 0.04750798 2.551059 0.1136045 -0.5095502 2.348658 0.2538042 -0.5167012 2.670191 0.04180783 -0.8953379 2.357069 0.01088491 -0.8173624 2.480094 0.09845655 -0.9365141 2.343551 0.07503452 -0.8604305 2.537904
0.1329012 0.6264359 2.328344 0.1142822 0.4615862 2.352736 0.08344234 0.3131638 2.236846 0.2274737 0.4484662 2.718115 0.06710598 0.05478436 2.154046 0.3645811 0.6557736 2.647609 0.1383138 -0.1510374 2.143515 0.436227 0.8471839 2.605998 0.1594486 -0.2357707 2.14767 0.4590155 0.8964931 2.567655 0.1574474 0.2415739 2.395159 0.1817329 0.2007728 2.401465 0.1918065 0.03500186 2.294924 0.2521085 0.04768172 2.551125 0.1136512 -0.5096351 2.348689 0.2528432 -0.5164064 2.67078 0.04180436 -0.895506 2.357084 0.009922847 -0.8170689 2.480683 0.09851405 -0.9365851 2.343524 0.07291326 -0.8594521 2.540248
0.1285361 0.6262326 2.328488 0.1133058 0.4611428 2.353129 0.08424529 0.3123035 2.237184 0.2264973 0.4480228 2.718509 0.06722937 0.05403358 2.154081 0.3702181 0.6564852 2.65249 0.1382841 -0.1522984 2.143492 0.4449256 0.836216 2.616887 0.1601683 -0.2367514 2.149068 0.4614744 0.8970672 2.595812 0.1559612 0.2422003 2.395412 0.1800732 0.2017154 2.401708 0.1913011 0.03475446 2.294469 0.2501736 0.04831138 2.552831 0.113884 -0.5103054 2.348759 0.2526598 -0.5161612 2.670826 0.04228431 -0.8962546 2.357625 0.009738252 -0.8168252 2.480728 0.09924063 -0.9371353 2.344505 0.06335096 -0.8448795 2.5559
0.1270287 0.6257905 2.327639 0.1124124 0.4608072 2.352738 0.08466962 0.3119113 2.237481 0.2256039 0.4476872 2.718117 0.06718708 0.053754 2.154006 0.3734995 0.6568508 2.654808 0.1379141 -0.152198 2.143138 0.4467027 0.8371099 2.618487 0.1604064 -0.237481 2.149491 0.4674895 0.8983316 2.602972 0.1557897 0.2423192 2.395285 0.179959 0.2019503 2.401598 0.1917503 0.03488094 2.294114 0.2503787 0.04874556 2.553135 0.1138794 -0.5103991 2.348772 0.2532715 -0.5157541 2.671011 0.04228172 -0.8962708 2.357612 0.01034878 -0.8164195 2.480912 0.0993479 -0.9370934 2.34479 0.06368988 -0.8445505 2.556249
0.1248337 0.6256704 2.327271 0.1103657 0.4604607 2.350572 0.08476871 0.3119047 2.237569 0.2235572 0.4473407 2.715952 0.06716189 0.05376968 2.154025 0.3750408 0.6560168 2.656073 0.138152 -0.1541746 2.143151 0.4477736 0.8364593 2.619689 0.160471 -0.2375802 2.149536 0.4686876 0.8981185 2.606213 0.1550697 0.2417239 2.394465 0.1794392 0.2013991 2.400966 0.1917345 0.03475555 2.293875 0.2502242 0.04872685 2.553032 0.1137701 -0.5106397 2.348725 0.2529223 -0.5157918 2.670834 0.04211892 -0.8964998 2.357561 0.009998485 -0.8164587 2.480734 0.09917682 -0.9376141 2.345665 0.07552827 -0.8596806 2.536861
0.1240834 0.6255178 2.326694 0.1103558 0.4602925 2.350532 0.08570006 0.3112273 2.237895 0.2235473 0.4471725 2.715912 0.06720942 0.05325192 2.153909 0.3755729 0.6558176 2.656327 0.1379937 -0.1554652 2.143508 0.4482628 0.8363258 2.620316 0.1603711 -0.2378022 2.149607 0.4708211 0.8979141 2.609412 0.1541833 0.2418395 2.393802 0.1782748 0.201609 2.400093 0.1892994 0.0341626 2.290676 0.248133 0.04952776 2.552437 0.1137197 -0.510531 2.348661 0.2420384 -0.5103825 2.664217 0.04264339 -0.8954323 2.356516 -0.0008865744 -0.8110508 2.474116 0.09922186 -0.9375794 2.345669 0.06189435 -0.8524616 2.534584
0.1239125 0.6254666 2.326644 0.1102613 0.4603224 2.350562 0.08591675 0.3109767 2.237938 0.2234528 0.4472024 2.715941 0.06721882 0.05306134 2.153746 0.3752555 0.6538982 2.656969 0.1377054 -0.1556672 2.143317 0.4467483 0.8347179 2.61967 0.1600827 -0.2381436 2.149672 0.4687911 0.8965405 2.609043 0.1542037 0.2415727 2.393836 0.1783841 0.2011799 2.400151 0.1898937 0.03351459 2.290804 0.2484273 0.04916332 2.55256 0.1137216 -0.5104496 2.348637 0.2481504 -0.5158449 2.668272 0.04263055 -0.8954144 2.356567 0.005224153 -0.8165147 2.478171 0.0992813 -0.9373887 2.345495 0.0570749 -0.8437868 2.554855
0.1232016 0.6254159 2.326391 0.1091592 0.4599832 2.348927 0.08599034 0.3109316 2.237918 0.2223506 0.4468632 2.714307 0.06721042 0.05302975 2.153687 0.3751383 0.6537838 2.656895 0.137683 -0.1557855 2.143208 0.4458537 0.8346367 2.617624 0.1598625 -0.2384076 2.149685 0.4673529 0.8965867 2.606632 0.1532215 0.2418654 2.392716 0.1774949 0.2015865 2.399165 0.1896071 0.03367572 2.290189 0.2479556 0.04956318 2.552419 0.1136985 -0.5104608 2.348647 0.247732 -0.5155944 2.66748 0.04281039 -0.8955687 2.35639 0.004804507 -0.8162657 2.477378 0.0996031 -0.9373063 2.345422 0.06722113 -0.8604607 2.536232
0.1230686 0.6255751 2.326463 0.1087924 0.4596012 2.347332 0.08611595 0.3108936 2.237864 0.2219838 0.4464812 2.712712 0.06724703 0.05300459 2.1536 0.3747145 0.6534372 2.65592 0.1374503 -0.1564799 2.142777 0.4377263 0.8343686 2.601711 0.1596694 -0.238676 2.149601 0.4404171 0.8523293 2.597067 0.1520346 0.2430901 2.391233 0.1761123 0.2032484 2.397656 0.1888768 0.03413406 2.288922 0.2469594 0.05041505 2.552609 0.1137141 -0.5104445 2.348583 0.24629 -0.5150309 2.666396 0.04285983 -0.8958297 2.356393 0.003361374 -0.8157037 2.476293 0.09973483 -0.9374563 2.345427 0.05817331 -0.8432965 2.550773
0.1331088 0.6256003 2.324628 0.1088567 0.4595484 2.347323 0.08613587 0.3108976 2.237846 0.2220482 0.4464285 2.712703 0.06720078 0.05303046 2.153501 0.3708196 0.6517453 2.651523 0.1371475 -0.1567745 2.142466 0.4267276 0.8297885 2.578627 0.1594106 -0.2390951 2.149529 0.4217384 0.8362106 2.572503 0.1520588 0.2429839 2.391214 0.1761454 0.2031084 2.397639 0.1889046 0.03397584 2.288911 0.2469823 0.05016877 2.552596 0.1136785 -0.5105688 2.34851 0.2467591 -0.5151995 2.666734 0.04284072 -0.8959029 2.356458 0.003829181 -0.8158739 2.476631 0.09986605 -0.937556 2.345924 0.0604575 -0.8436942 2.549654
0.1380642 0.625489 2.323782 0.1089136 0.4595381 2.347401 0.08612177 0.3108751 2.237755 0.222105 0.4464181 2.712781 0.06279787 0.07698223 2.152529 0.3557919 0.646677 2.640367 0.1366924 -0.1567993 2.142098 0.4199764 0.8227811 2.570101 0.1590904 -0.2392691 2.14932 0.4164023 0.8347761 2.565891 0.1520271 0.2429873 2.391197 0.1760992 0.2031074 2.397606 0.1886333 0.03397875 2.288715 0.2467076 0.05051103 2.552279 0.1136734 -0.5105407 2.348497 0.245378 -0.5134525 2.666341 0.04283803 -0.8959194 2.356501 0.002446875 -0.8141284 2.476237 0.09977034 -0.9375328 2.345779 0.0577063 -0.8419326 2.550308
0.1412133 0.6260788 2.324146 0.1092455 0.4602938 2.348423 0.07341214 0.3194998 2.231489 0.2224369 0.4471737 2.713802 0.06305335 0.08380225 2.153673 0.3510756 0.6447216 2.630139 0.1363211 -0.1568236 2.141744 0.3912432 0.8151641 2.529049 0.1584877 -0.2386346 2.148751 0.4016053 0.8728385 2.49763 0.1523363 0.2436945 2.391907 0.1763691 0.2037564 2.398047 0.1885307 0.0350101 2.28972 0.2476373 0.05103321 2.551995 0.1136697 -0.5105323 2.348486 0.2496233 -0.5135667 2.669493 0.04286806 -0.8959014 2.356333 0.006691024 -0.814244 2.479388 0.09981283 -0.9375325 2.345745 0.06861486 -0.8581064 2.53901
0.1449686 0.6261805 2.32475 0.1134993 0.4609668 2.356292 0.07357273 0.319456 2.231545 0.2266907 0.4478468 2.721671 0.06219659 0.1022392 2.156404 0.3328595 0.6652219 2.587386 0.1303036 -0.1408273 2.139102 0.3489797 0.833733 2.47553 0.1544876 -0.2271156 2.146948 0.3627045 0.8929392 2.448565 0.1537306 0.2450669 2.393714 0.1775068 0.2051195 2.399217 0.1886345 0.03587644 2.289767 0.2491058 0.05282937 2.550938 0.1136412 -0.509884 2.348351 0.2486205 -0.5118669 2.668038 0.04283457 -0.8954217 2.356332 0.005686969 -0.8125457 2.477932 0.09982238 -0.9375466 2.34576 0.06756601 -0.8562461 2.53772
0.1469103 0.6272869 2.322035 0.1141579 0.4624273 2.351385 0.07116041 0.3245258 2.23228 0.2273493 0.4493072 2.716765 0.06282967 0.1158353 2.158278 0.3333827 0.667892 2.584804 0.1303874 -0.1404091 2.138398 0.3475211 0.8363712 2.472589 0.1543313 -0.2266589 2.147329 0.3612458 0.8955774 2.445625 0.1541488 0.2460321 2.392401 0.1778721 0.2059105 2.398105 0.1881994 0.03812739 2.289976 0.2497339 0.05358104 2.549125 0.1135912 -0.5099052 2.348283 0.2479335 -0.5109332 2.667006 0.0427657 -0.8956634 2.356476 0.004998833 -0.8116134 2.476899 0.09968102 -0.9374856 2.34538 0.05922091 -0.8402146 2.551433
0.1476562 0.627748 2.321456 0.1148204 0.4629793 2.350901 0.07616872 0.3238158 2.235415 0.2280118 0.4498593 2.716281 0.06316939 0.1164497 2.15815 0.3323938 0.668267 2.582335 0.1304494 -0.1398736 2.138484 0.3458423 0.8367027 2.46995 0.1542516 -0.2261513 2.147523 0.359567 0.8959089 2.442986 0.1544599 0.246903 2.391945 0.178137 0.2068595 2.397709 0.1881549 0.03906769 2.289436 0.2496909 0.05376361 2.549063 0.113561 -0.5099223 2.348279 0.2448192 -0.511328 2.664358 0.04292972 -0.8962467 2.356482 0.001883328 -0.8120096 2.47425 0.09996141 -0.9376205 2.34536 0.05552895 -0.8400502 2.549413
0.1485524 0.6285955 2.321698 0.115016 0.4634423 2.350449 0.07934729 0.3228172 2.236863 0.2282074 0.4503222 2.715828 0.06412733 0.1126094 2.157312 0.3271009 0.6655242 2.576554 0.1317181 -0.1436525 2.138501 0.3394561 0.8339093 2.463941 0.1552258 -0.2300165 2.147485 0.3531808 0.8931155 2.436977 0.1544432 0.2461933 2.391574 0.1780793 0.2055924 2.397328 0.1879181 0.03885479 2.289432 0.2479082 0.05046827 2.547404 0.1135442 -0.509833 2.348202 0.2358468 -0.5164858 2.653712 0.04308006 -0.8959973 2.356464 -0.007090196 -0.8171688 2.463603 0.09995443 -0.937601 2.345392 0.0556571 -0.8553081 2.526227
0.1519971 0.6340185 2.327502 0.115048 0.4648455 2.351241 0.0829511 0.3216712 2.23837 0.2282394 0.4517254 2.71662 0.06645754 0.1029594 2.154907 0.3252456 0.6652202 2.576751 0.1350989 -0.1530648 2.138486 0.3376008 0.8336055 2.464138 0.1578731 -0.2403504 2.146716 0.3513255 0.8928116 2.437174 0.1545668 0.2462792 2.391781 0.1782354 0.2056076 2.397568 0.1879853 0.03894031 2.289534 0.2479081 0.05141453 2.547495 0.113278 -0.5104222 2.348088 0.2382977 -0.5143358 2.659595 0.04307045 -0.8962425 2.356492 -0.004640579 -0.8150204 2.469486 0.1001123 -0.9377304 2.345855 0.04937962 -0.8407952 2.545191
0.1531124 0.6354434 2.329442 0.1153636 0.4659894 2.352175 0.08459929 0.3212801 2.239166 0.228555 0.4528693 2.717555 0.06736119 0.09926567 2.154339 0.3244474 0.6650755 2.577092 0.1367848 -0.1564931 2.138751 0.1657037 0.6385301 2.452156 0.1581775 -0.2405972 2.146561 0.1127892 0.6296816 2.414909 0.1555754 0.2447866 2.393117 0.1796019 0.2031419 2.399243 0.1890972 0.03796753 2.291304 0.2486362 0.04861904 2.5481 0.1132854 -0.5101742 2.348 0.2505655 -0.5169142 2.661532 0.04295056 -0.8959084 2.356752 0.007626042 -0.8176003 2.471423 0.09991917 -0.9375562 2.345947 0.05929327 -0.8434091 2.548742
0.1524153 0.6352528 2.328659 0.1151269 0.4663478 2.351864 0.08578158 0.3214475 2.239979 0.2283183 0.4532278 2.717244 0.0676733 0.09765524 2.154113 0.3224957 0.6644473 2.57596 0.1383243 -0.157776 2.139456 0.1652441 0.6383792 2.448823 0.1584997 -0.2409058 2.14662 0.1128269 0.6296898 2.410843 0.1570708 0.2457257 2.394034 0.1818168 0.2046213 2.400667 0.1943988 0.03861329 2.294111 0.2566717 0.05714439 2.555476 0.1133134 -0.5100601 2.348032 0.2750843 -0.4997803 2.698041 0.04289824 -0.8956276 2.356851 0.03214365 -0.8004679 2.507931 0.09989693 -0.937602 2.346114 0.09227352 -0.8559451 2.559122
0.1520697 0.6354733 2.328476 0.1150111 0.4668699 2.350919 0.08594187 0.3217594 2.240325 0.2282026 0.4537498 2.716299 0.06739586 0.09990589 2.154499 0.3221741 0.6646047 2.574314 0.1388466 -0.1553696 2.140792 0.1670097 0.6390383 2.444239 0.1590776 -0.2414244 2.146807 0.1152883 0.6305161 2.405279 0.1566724 0.2454107 2.393061 0.1811839 0.2040546 2.399432 0.1925281 0.03919886 2.292495 0.2517298 0.052483 2.549309 0.1132022 -0.5102296 2.34804 0.2326709 -0.5161059 2.646625 0.04279902 -0.8958915 2.356992 -0.01027095 -0.8167951 2.456514 0.1004462 -0.9391551 2.347262 0.04239795 -0.8427701 2.533098
0.1502252 0.6348965 2.325661 0.1145746 0.4672083 2.349876 0.08584481 0.321968 2.240383 0.227766 0.4540883 2.715256 0.06629403 0.1066598 2.156287 0.3220647 0.6648868 2.574242 0.1372102 -0.148759 2.141259 0.1673798 0.6396053 2.443471 0.1600655 -0.2429666 2.148036 0.1158181 0.6311782 2.40428 0.1575495 0.2466952 2.393008 0.1824315 0.2059577 2.399558 0.1948354 0.04049158 2.293117 0.2565028 0.05774495 2.552531 0.1132175 -0.5102138 2.348037 0.2726564 -0.5008528 2.692888 0.04255399 -0.8962294 2.356862 0.02971329 -0.8015435 2.502776 0.1010773 -0.9396324 2.347399 0.0789067 -0.8369274 2.577889
0.1493436 0.6352763 2.323271 0.1141693 0.4678879 2.347709 0.08516433 0.3228476 2.240587 0.2273608 0.4547679 2.713089 0.06557002 0.1163035 2.158379 0.3222623 0.6654046 2.57445 0.1354549 -0.1393958 2.142892 0.1681759 0.6405932 2.442796 0.1603526 -0.2433065 2.148417 0.1168137 0.6323227 2.40331 0.1563967 0.2473687 2.391114 0.1809163 0.2065826 2.397509 0.1921303 0.04171114 2.291027 0.2523506 0.05476622 2.548914 0.1132635 -0.5107964 2.348358 0.2339195 -0.5135821 2.647582 0.04240064 -0.8963998 2.357195 -0.009024844 -0.8142743 2.457469 0.1010479 -0.9395974 2.347382 0.05809218 -0.8571621 2.511967
0.1491003 0.6349294 2.322541 0.1137313 0.467701 2.347469 0.07135561 0.3280772 2.236572 0.2269228 0.4545809 2.712849 0.06488644 0.1184218 2.158914 0.3234285 0.666949 2.575929 0.135164 -0.1371694 2.143357 0.1702522 0.6424656 2.443033 0.1607825 -0.2435521 2.148727 0.1191935 0.6343045 2.403133 0.1560675 0.2478907 2.390954 0.1804076 0.2072798 2.396977 0.1912139 0.04256229 2.290645 0.2524502 0.05479153 2.548266 0.1133782 -0.5105375 2.348397 0.2393959 -0.5124193 2.653291 0.04246163 -0.8959285 2.357125 -0.003549665 -0.813113 2.463177 0.100747 -0.9391714 2.34708 0.0481164 -0.8400202 2.540123
0.1485528 0.6346986 2.321135 0.1130412 0.4675701 2.346871 0.06812244 0.3271019 2.232832 0.2262326 0.45445 2.712251 0.06462906 0.06748787 2.153445 0.325085 0.6701219 2.578414 0.1422913 -0.1619119 2.143432 0.3404375 0.858341 2.512983 0.1619405 -0.2446859 2.149339 0.354162 0.9175462 2.486019 0.1507439 0.2689182 2.388681 0.1733469 0.2374045 2.394332 0.1908449 0.04936755 2.288155 0.2528503 0.06599484 2.555923 0.1134237 -0.5106855 2.348441 0.2414171 -0.5024324 2.655137 0.04254809 -0.8960568 2.357143 -0.001529664 -0.8031275 2.465023 0.1006715 -0.9391337 2.347149 0.05074698 -0.8329778 2.540457
0.1467265 0.6335958 2.319402 0.1102989 0.4670043 2.346248 0.06689671 0.3266752 2.231352 0.2234904 0.4538843 2.711628 0.0652357 0.08291984 2.154792 0.3359711 0.6795525 2.609053 0.1424286 -0.1617052 2.143567 0.3614191 0.8575569 2.518025 0.1629173 -0.2445475 2.149335 0.3751436 0.9167621 2.491061 0.1503987 0.2688178 2.388767 0.1731212 0.2369691 2.394537 0.1909099 0.05031459 2.288348 0.2528172 0.06670222 2.556441 0.1134472 -0.5105963 2.348426 0.2453587 -0.5010912 2.659144 0.0426209 -0.8954579 2.356828 0.002410799 -0.8017879 2.469029 0.1004068 -0.9387016 2.346952 0.06027493 -0.8444104 2.533446
0.1183507 0.6294169 2.323333 0.1081693 0.465656 2.34421 0.0712477 0.321961 2.231227 0.2213607 0.452536 2.709589 0.06650643 0.0649937 2.153072 0.3399198 0.6817321 2.622972 0.1424589 -0.1611064 2.143384 0.3877995 0.8631672 2.553383 0.1633232 -0.2444298 2.149454 0.4177738 0.9221086 2.546444 0.1497051 0.2683602 2.388419 0.1725153 0.235842 2.394431 0.1909126 0.05033676 2.288325 0.2517826 0.06684416 2.557546 0.1135728 -0.5111144 2.348523 0.2469133 -0.5009365 2.660455 0.04203224 -0.8972717 2.358014 0.003964126 -0.8016347 2.470339 0.1003815 -0.9387591 2.346979 0.05456174 -0.8322156 2.546622
0.1177636 0.6292979 2.323447 0.106551 0.4643159 2.34364 0.07419822 0.3188024 2.231386 0.2197424 0.4511958 2.70902 0.06679796 0.06619208 2.153073 0.3331392 0.645772 2.654434 0.1431833 -0.1618102 2.143303 0.3929259 0.8419985 2.576729 0.1637241 -0.2443044 2.149496 0.4252644 0.8989854 2.588013 0.1487369 0.2566411 2.388451 0.1727708 0.2161548 2.395145 0.1908965 0.04480223 2.28834 0.2502918 0.06109264 2.55664 0.1136866 -0.5113363 2.348582 0.2498463 -0.505757 2.664115 0.04185496 -0.8971649 2.35811 0.006896034 -0.8064566 2.473999 0.0994004 -0.9373409 2.345339 0.05765311 -0.8361352 2.550533
0.1157729 0.6284002 2.322826 0.105792 0.4635448 2.342353 0.07659458 0.3163164 2.231243 0.2189834 0.4504248 2.707733 0.06758955 0.05951989 2.15214 0.3558763 0.6760204 2.65651 0.1426584 -0.152135 2.142388 0.4248487 0.8567584 2.612195 0.1630553 -0.2394992 2.148961 0.4197641 0.8763273 2.599761 0.1485764 0.255516 2.387975 0.1727402 0.2155196 2.394901 0.1909327 0.0434208 2.288058 0.2497525 0.05978824 2.556685 0.1137672 -0.5112717 2.348621 0.2502602 -0.506988 2.66451 0.04222053 -0.8957174 2.35737 0.007308692 -0.807689 2.474392 0.09907766 -0.9368718 2.344628 0.06977737 -0.8525759 2.532681
0.1138714 0.6275343 2.32238 0.1053932 0.4624023 2.340989 0.07821319 0.3146248 2.230737 0.2185846 0.4492822 2.706369 0.06941208 0.05502269 2.151902 0.3559257 0.6749178 2.658084 0.1442795 -0.1544482 2.14264 0.4292148 0.8652334 2.628117 0.1646088 -0.2418558 2.148841 0.4504368 0.9260626 2.611682 0.1484812 0.2547078 2.387588 0.1727133 0.2151149 2.394716 0.1908755 0.04218042 2.287808 0.2494122 0.05933242 2.556978 0.1138524 -0.5112019 2.348606 0.2511341 -0.5071117 2.666342 0.04214141 -0.8954756 2.357362 0.008181423 -0.8078141 2.476223 0.09892493 -0.936763 2.34472 0.07143862 -0.8536432 2.532908
0.1137522 0.6268953 2.321573 0.1048361 0.4619561 2.340651 0.08027578 0.3131734 2.230886 0.2180275 0.448836 2.706031 0.0704108 0.05361813 2.151976 0.3558308 0.6744518 2.660541 0.1436182 -0.1513197 2.141922 0.4329549 0.8543084 2.637542 0.1641947 -0.2386477 2.14842 0.454493 0.9159765 2.62514 0.1483046 0.2536788 2.387475 0.1726594 0.214318 2.394697 0.19098 0.04130135 2.287731 0.2490575 0.05886189 2.557114 0.1139111 -0.5112527 2.34858 0.2517402 -0.5074235 2.667197 0.04185506 -0.8957003 2.35752 0.00878644 -0.8081273 2.477078 0.09878118 -0.9366818 2.344526 0.07131165 -0.8537076 2.534767
0.112336 0.6267841 2.321084 0.1044285 0.4616905 2.340364 0.08073633 0.312814 2.230938 0.2176199 0.4485705 2.705744 0.07069121 0.05330411 2.151831 0.3562103 0.6739485 2.663283 0.1449032 -0.1538856 2.141706 0.4345854 0.8533745 2.642554 0.1652556 -0.2412542 2.14836 0.4594308 0.9149804 2.639715 0.1481709 0.2533994 2.387398 0.1725896 0.2141793 2.394664 0.1909786 0.04102074 2.287661 0.248751 0.05856682 2.557267 0.1138581 -0.5110583 2.34857 0.251839 -0.507687 2.667491 0.04187912 -0.8943386 2.357005 0.008883953 -0.8083924 2.477371 0.09835257 -0.9364892 2.343718 0.07031853 -0.8533269 2.536716
0.1113004 0.6262817 2.320663 0.1040967 0.4610766 2.339389 0.08159179 0.3120489 2.230846 0.2172881 0.4479566 2.704769 0.07080837 0.05257836 2.151684 0.3562444 0.6734452 2.667747 0.1455591 -0.1559758 2.141652 0.4368799 0.8520267 2.654192 0.1658444 -0.2429051 2.147879 0.4509969 0.8932594 2.650467 0.1480304 0.2514154 2.386732 0.172526 0.2121523 2.39412 0.1908567 0.03842068 2.286933 0.2480184 0.05616859 2.557411 0.1137457 -0.511349 2.348425 0.2519952 -0.5099362 2.668295 0.04112512 -0.8958104 2.357719 0.009039059 -0.8106431 2.478174 0.09926841 -0.9374787 2.344588 0.06220787 -0.8388012 2.553643
0.110034 0.6264153 2.319987 0.1039085 0.4606926 2.338552 0.08224344 0.311262 2.230611 0.2171 0.4475726 2.703932 0.07091521 0.05182856 2.151373 0.3563021 0.673032 2.669709 0.1457323 -0.158656 2.141362 0.4367741 0.8516786 2.654583 0.1659148 -0.2428614 2.147671 0.4511773 0.8934002 2.652271 0.1480975 0.2499163 2.386229 0.1726666 0.2105374 2.393708 0.1909386 0.0369178 2.286731 0.2477443 0.05451052 2.557271 0.1137344 -0.5114569 2.348424 0.2522328 -0.5114614 2.668746 0.04101238 -0.8959342 2.358061 0.009275377 -0.8121697 2.478625 0.09811233 -0.9363427 2.343193 0.07208574 -0.8555268 2.537705
0.109903 0.6263393 2.319998 0.1039116 0.4604408 2.33795 0.08319438 0.3103557 2.230241 0.217103 0.4473208 2.703329 0.07091637 0.05095437 2.151048 0.3567243 0.672601 2.671587 0.1458708 -0.1590465 2.141433 0.4359519 0.8517716 2.654463 0.1658567 -0.2429373 2.147428 0.451005 0.8922451 2.652235 0.1481421 0.2496284 2.386049 0.1727193 0.2103107 2.393602 0.1911707 0.03570005 2.28628 0.2477328 0.05354714 2.557988 0.1137683 -0.5115272 2.348431 0.2529872 -0.5124056 2.669525 0.04101509 -0.8959332 2.358056 0.01002863 -0.8131154 2.479403 0.09868581 -0.9369075 2.344226 0.0608777 -0.8436377 2.55555
0.1102068 0.6261074 2.319763 0.1041265 0.4600513 2.337607 0.08417155 0.3093829 2.229763 0.2173179 0.4469313 2.702986 0.07097579 0.04999819 2.1507 0.3569396 0.672237 2.672248 0.1456959 -0.1595976 2.141063 0.4362525 0.8513329 2.653651 0.1656378 -0.2428131 2.146779 0.4509814 0.8906639 2.649755 0.1481237 0.2494349 2.385853 0.1726829 0.210183 2.393449 0.1909873 0.03495726 2.285712 0.2473199 0.05272087 2.558161 0.1137538 -0.511592 2.348434 0.2529794 -0.5132425 2.669637 0.04081857 -0.8962413 2.358444 0.01001962 -0.8139536 2.479515 0.09867287 -0.9369458 2.344223 0.07141113 -0.8561558 2.54088
0.1115582 0.6256644 2.320243 0.1043185 0.4598991 2.337466 0.08476283 0.3093891 2.229742 0.21751 0.446779 2.702846 0.07094011 0.05004168 2.150646 0.354845 0.6734172 2.669483 0.1412586 -0.1490233 2.139084 0.4364971 0.851391 2.648943 0.1637001 -0.2358564 2.146034 0.4495208 0.8910927 2.647004 0.1481061 0.2495099 2.385741 0.1726244 0.2103656 2.393295 0.1909397 0.03468119 2.285333 0.2470551 0.05215086 2.558415 0.1137737 -0.5117337 2.348461 0.2530954 -0.5138931 2.669511 0.04093333 -0.8966595 2.358248 0.01013452 -0.8146058 2.479388 0.09904774 -0.9371994 2.344845 0.06174108 -0.8424767 2.556041
0.1134635 0.6253496 2.321309 0.1045667 0.4600433 2.337186 0.08508835 0.3095082 2.229835 0.2177581 0.4469233 2.702566 0.07096779 0.05020311 2.1506 0.3541167 0.6739941 2.665361 0.1400417 -0.1470267 2.138826 0.4330139 0.8524876 2.634512 0.1630484 -0.2337142 2.145756 0.4392264 0.8890401 2.626181 0.1480976 0.2497414 2.38562 0.1725706 0.210683 2.393171 0.1908585 0.03469079 2.285195 0.2468073 0.05192583 2.558797 0.1139477 -0.5116028 2.348365 0.2531219 -0.5141875 2.669568 0.04112776 -0.8967673 2.358433 0.01015973 -0.8149016 2.479444 0.09903005 -0.9373118 2.345348 0.06187731 -0.8427492 2.556032
0.1139582 0.6256972 2.322006 0.1047638 0.4602866 2.337435 0.08502068 0.3098443 2.22989 0.2179552 0.4471666 2.702815 0.07011475 0.06613368 2.15088 0.352268 0.675131 2.660305 0.1398644 -0.1465987 2.138624 0.4119456 0.8538885 2.593431 0.162616 -0.233362 2.145453 0.4433677 0.9117168 2.602885 0.1481615 0.2504027 2.385854 0.1725952 0.2115581 2.393406 0.1908448 0.03497159 2.285319 0.2468185 0.05198559 2.558941 0.1139541 -0.5116838 2.348308 0.2536723 -0.5141152 2.669745 0.04115139 -0.8968047 2.358428 0.01070899 -0.8148307 2.47962 0.09904028 -0.9373108 2.345328 0.07117715 -0.8569666 2.541944
0.1335542 0.6265342 2.321462 0.1051205 0.460667 2.337643 0.08495688 0.3099411 2.229924 0.2183119 0.447547 2.703023 0.07005031 0.07196156 2.151817 0.3474013 0.6774787 2.649704 0.1392014 -0.1419566 2.138527 0.3975273 0.8524764 2.563978 0.1613502 -0.2289015 2.145015 0.439707 0.8928611 2.532186 0.1482578 0.2505455 2.385956 0.1726637 0.2116682 2.393484 0.1906851 0.03530355 2.285645 0.2467962 0.05207724 2.558875 0.1139723 -0.5117663 2.34837 0.2537139 -0.5139983 2.669796 0.04114161 -0.8968085 2.358432 0.01074934 -0.8147154 2.47967 0.09921743 -0.9374089 2.345433 0.06413688 -0.842781 2.555025
0.1384004 0.6277678 2.324523 0.1070032 0.4627182 2.342156 0.08382281 0.311059 2.230209 0.2201946 0.4495982 2.707536 0.06711704 0.09469628 2.1551 0.3376692 0.6808127 2.626638 0.1385353 -0.1389343 2.138439 0.390106 0.8553871 2.541526 0.1605348 -0.225935 2.144683 0.4357091 0.8995137 2.521677 0.1487517 0.2518218 2.38745 0.1729805 0.2128177 2.394554 0.1902896 0.03621398 2.28619 0.2468495 0.0522865 2.558751 0.1139948 -0.5117701 2.348458 0.2532569 -0.5139033 2.669182 0.04106017 -0.8969201 2.358482 0.01029119 -0.8146218 2.479055 0.09920771 -0.9372903 2.345429 0.06399726 -0.842694 2.554181
0.1422902 0.6289316 2.326642 0.1097443 0.4642574 2.346155 0.07388137 0.3204861 2.228764 0.2229356 0.4511374 2.711535 0.06711505 0.1152149 2.158676 0.3334309 0.6795408 2.608768 0.138902 -0.1399127 2.139037 0.3504339 0.8358713 2.478655 0.1605903 -0.2269936 2.145246 0.3964387 0.8787703 2.457114 0.1502033 0.2656456 2.391589 0.1737104 0.2312726 2.3982 0.1899365 0.04726795 2.288091 0.248662 0.05878584 2.560149 0.1140127 -0.511773 2.348496 0.2517792 -0.5083051 2.666515 0.0408788 -0.8970975 2.358389 0.008812234 -0.8090252 2.476388 0.09932251 -0.937297 2.34545 0.06152117 -0.8381484 2.55182
0.1437708 0.6297675 2.326374 0.1109993 0.4653918 2.343812 0.07969268 0.3239397 2.236498 0.2241907 0.4522717 2.709192 0.0675953 0.1169921 2.158805 0.3316163 0.6796835 2.599448 0.1386252 -0.1383448 2.139041 0.3505011 0.8403268 2.475639 0.1605534 -0.2253952 2.144815 0.3965057 0.8832257 2.454098 0.1508271 0.2646342 2.3901 0.1744904 0.2289376 2.396506 0.1899074 0.04740313 2.287831 0.248669 0.05860128 2.559523 0.1140586 -0.5116296 2.348427 0.2502336 -0.5086079 2.665365 0.04076993 -0.8972592 2.358538 0.007265344 -0.8093296 2.475236 0.09942291 -0.9373315 2.34536 0.06020862 -0.8382443 2.550585
0.1456449 0.6311566 2.327965 0.1110389 0.46578 2.343592 0.08369856 0.3239989 2.239466 0.2242303 0.4526599 2.708972 0.06989393 0.1124499 2.156873 0.3305459 0.6801075 2.597917 0.1405803 -0.1430183 2.138664 0.3496122 0.8411571 2.474731 0.1620984 -0.2301495 2.144749 0.3956166 0.8840558 2.45319 0.1503713 0.2616165 2.388861 0.1737925 0.223348 2.394955 0.1891003 0.04689571 2.287256 0.2454022 0.05472213 2.5555 0.1141092 -0.5116798 2.348419 0.2398721 -0.5140706 2.653408 0.04066957 -0.8972684 2.35847 0.03539611 -0.8529929 2.486935 0.09942834 -0.9373286 2.345359 0.09462892 -0.8887439 2.55424
0.1476365 0.6321904 2.330196 0.1116749 0.4665462 2.344326 0.08859993 0.3235725 2.241953 0.2248663 0.4534262 2.709707 0.07240418 0.1020662 2.154817 0.3307344 0.680787 2.597864 0.1432245 -0.1510558 2.138686 0.1955624 0.5949805 2.471688 0.164766 -0.2382565 2.143569 0.1505051 0.5663783 2.434029 0.1510753 0.2580203 2.389308 0.1746608 0.2179556 2.39563 0.1887091 0.0461226 2.287479 0.2447 0.05425751 2.554259 0.114166 -0.5115906 2.348418 0.2383745 -0.5141091 2.654291 0.04066533 -0.8974479 2.358394 0.1417165 -0.8909714 2.624656 0.1000345 -0.9382731 2.346394 0.1788358 -0.9110446 2.711465
0.1511345 0.6360144 2.333803 0.1113725 0.4673115 2.343294 0.09024236 0.3238942 2.243308 0.2245639 0.4541915 2.708673 0.07265565 0.1018931 2.154723 0.3295018 0.6815638 2.595725 0.1442168 -0.151967 2.138727 0.1950773 0.5946104 2.469533 0.1652367 -0.2392971 2.143561 0.1502691 0.5656259 2.431868 0.1526694 0.2572758 2.389961 0.1772214 0.2170753 2.397079 0.1945068 0.04462282 2.291314 0.2519599 0.05892744 2.560876 0.114082 -0.5113412 2.348299 0.2765743 -0.4994798 2.700905 0.04073996 -0.8976209 2.358447 0.06861788 -0.8267725 2.513523 0.1001847 -0.9379427 2.345912 0.1124051 -0.8585277 2.593467
0.155589 0.6414642 2.340406 0.1113951 0.4676029 2.342947 0.09069922 0.3238957 2.24371 0.2245865 0.4544829 2.708326 0.07272638 0.1019345 2.154701 0.3292027 0.6818461 2.594965 0.144604 -0.1523926 2.138866 0.1951036 0.5942549 2.468879 0.1655244 -0.239718 2.14357 0.1504039 0.5650578 2.431249 0.1541447 0.2557112 2.390366 0.1790517 0.2152319 2.39778 0.1954816 0.04414957 2.292216 0.2528846 0.05930277 2.560819 0.1140503 -0.5112875 2.348286 0.2756677 -0.4998247 2.698491 0.04093316 -0.8972573 2.358024 0.06770976 -0.8271196 2.511108 0.09852019 -0.935836 2.341131 0.1110923 -0.8578002 2.59169
0.1524353 0.6386603 2.336198 0.1114066 0.4676572 2.342882 0.09068485 0.3238049 2.244086 0.224598 0.4545372 2.708262 0.07274752 0.1019496 2.154722 0.3293183 0.681146 2.593084 0.145477 -0.1529885 2.139404 0.1961912 0.5932343 2.466098 0.1656923 -0.2397856 2.143699 0.1518155 0.5639304 2.428169 0.1548298 0.2558682 2.390682 0.1799064 0.2156696 2.398229 0.1964449 0.04437948 2.292644 0.2554131 0.06219374 2.562284 0.1140684 -0.5108955 2.348219 0.2752444 -0.4974317 2.698525 0.04096137 -0.8966442 2.358445 0.06728494 -0.8247291 2.511141 0.09823343 -0.9355474 2.341227 0.1204814 -0.8759989 2.573258
0.149923 0.6373982 2.333316 0.1107913 0.4682055 2.342233 0.09037249 0.3242333 2.244366 0.2239827 0.4550856 2.707613 0.07254577 0.1033125 2.155149 0.3292651 0.6813603 2.592246 0.1450068 -0.1517069 2.140386 0.1965629 0.5933639 2.464829 0.1660361 -0.2401704 2.14412 0.1523288 0.5640318 2.426756 0.1493361 0.2606414 2.386569 0.1722207 0.222422 2.392722 0.1860744 0.05299899 2.284765 0.239839 0.05973228 2.551452 0.1140879 -0.5109587 2.348352 0.2031938 -0.5127024 2.621219 0.04089209 -0.896946 2.358601 0.01737694 -0.862078 2.454401 0.09867395 -0.9356586 2.342706 0.06519663 -0.8755825 2.537153
0.1481603 0.6365736 2.33169 0.1105969 0.4682904 2.342163 0.08913507 0.324495 2.245172 0.2237883 0.4551705 2.707543 0.07525258 0.06744674 2.155846 0.3292597 0.6813815 2.592234 0.1458678 -0.1556822 2.140701 0.1966289 0.593394 2.464726 0.1665797 -0.2404355 2.14497 0.1524186 0.5640649 2.426622 0.151385 0.26038 2.388056 0.1757626 0.2220813 2.395205 0.193776 0.05081696 2.290024 0.2550781 0.0663243 2.560795 0.1141056 -0.5110081 2.34843 0.2756926 -0.493089 2.697732 0.04122217 -0.8980471 2.359101 0.08979008 -0.8383633 2.521243 0.1000633 -0.9367565 2.345921 0.1271956 -0.8655994 2.605956
0.147984 0.6362635 2.3318 0.111904 0.4686229 2.346424 0.06849748 0.3270651 2.238176 0.2250954 0.4555029 2.711803 0.07367542 0.06810582 2.155677 0.329474 0.6808649 2.593126 0.1454057 -0.1556158 2.141355 0.1975172 0.5948048 2.46339 0.1667937 -0.2417603 2.146057 0.1535316 0.5661181 2.424544 0.1540217 0.2608669 2.391773 0.1782779 0.2225623 2.398172 0.1941986 0.05040279 2.291509 0.2579277 0.06753063 2.560994 0.1140561 -0.5110784 2.348502 0.2751439 -0.4922606 2.696953 0.04120554 -0.8981038 2.35905 0.08924067 -0.8375363 2.520463 0.1000626 -0.9368284 2.346025 0.1266738 -0.8649824 2.605097
0.1471189 0.6349502 2.329588 0.1115371 0.4680623 2.345389 0.06625866 0.3261902 2.235369 0.2247285 0.4549423 2.710769 0.07297107 0.06671271 2.155458 0.3295771 0.6806273 2.593412 0.1449052 -0.1549342 2.141986 0.1978472 0.5954477 2.462775 0.1667928 -0.2418564 2.146765 0.1539373 0.5670545 2.423628 0.1525211 0.2651625 2.390536 0.1761364 0.2291053 2.396766 0.1931723 0.05251485 2.291383 0.2568319 0.06897914 2.561058 0.1140159 -0.511183 2.348528 0.2431871 -0.4991168 2.661844 0.04129152 -0.8983098 2.359115 0.05728304 -0.8443939 2.485354 0.1005492 -0.9374127 2.346639 0.09980029 -0.8656898 2.569355
0.1465549 0.6346629 2.328754 0.1105804 0.4678832 2.34481 0.06610598 0.3255731 2.233676 0.2237718 0.4547632 2.710189 0.06422052 0.09454484 2.156599 0.3293754 0.6803657 2.593498 0.144771 -0.1549772 2.142146 0.3815064 0.8659902 2.545275 0.1663698 -0.2407931 2.147994 0.4275093 0.9088874 2.523735 0.1522986 0.2648473 2.390307 0.1759715 0.2285946 2.396551 0.1930326 0.05245069 2.291249 0.2562478 0.06846404 2.560099 0.1140219 -0.5115011 2.348846 0.2444249 -0.4993826 2.66233 0.04165274 -0.8981206 2.358818 0.05852012 -0.8446611 2.485839 0.1006818 -0.9376199 2.346004 0.1121602 -0.8815376 2.557117
0.145551 0.6336154 2.328183 0.1096109 0.4674177 2.344597 0.07385577 0.319774 2.233186 0.2228023 0.4542976 2.709976 0.06469583 0.09366367 2.156604 0.3234437 0.6491758 2.64156 0.1407132 -0.1436088 2.142203 0.3867702 0.8409145 2.564659 0.1632864 -0.2304958 2.147897 0.432773 0.8838117 2.543119 0.1522051 0.2587067 2.390079 0.1765806 0.2193877 2.396628 0.1932562 0.04933878 2.290821 0.2548433 0.06459279 2.558135 0.1140003 -0.5111826 2.34875 0.2462246 -0.5025116 2.66424 0.04224627 -0.8970975 2.358153 0.06031886 -0.8477919 2.487748 0.09955917 -0.9369407 2.343383 0.103651 -0.8685925 2.571459
0.1258302 0.6303606 2.327153 0.1088263 0.4669455 2.344285 0.07639769 0.3178681 2.232565 0.2220178 0.4538255 2.709664 0.06458209 0.09012447 2.156342 0.328883 0.6514118 2.643067 0.1386546 -0.1401376 2.141607 0.3986365 0.848677 2.572907 0.1618154 -0.2268094 2.148151 0.4321751 0.9022698 2.552332 0.1518364 0.2582131 2.389893 0.1762992 0.2190625 2.396546 0.192942 0.04859456 2.290445 0.2536144 0.06449445 2.557796 0.1140376 -0.510771 2.34877 0.2465999 -0.5023963 2.665024 0.04267238 -0.8960091 2.357021 0.06069344 -0.847678 2.488532 0.09953232 -0.9370018 2.343717 0.1037383 -0.8687159 2.572331
0.1230218 0.6296771 2.327355 0.1080604 0.4657887 2.343688 0.07833295 0.3172088 2.232873 0.2212518 0.4526687 2.709068 0.06761713 0.05986851 2.152967 0.3621661 0.6753578 2.654104 0.1386117 -0.1400539 2.141644 0.4278181 0.8576233 2.611404 0.1617495 -0.2267366 2.148129 0.4469974 0.9180104 2.591256 0.1522764 0.2519281 2.390198 0.1771564 0.2116601 2.397276 0.1938267 0.04286126 2.291579 0.2531496 0.06019206 2.557662 0.1139873 -0.5108411 2.34882 0.2507193 -0.5055558 2.670324 0.04267637 -0.896024 2.357013 0.06481199 -0.850839 2.493832 0.09979358 -0.9372666 2.344267 0.107426 -0.8712017 2.578018
0.1206768 0.6283026 2.326898 0.1064002 0.4644288 2.343459 0.07964025 0.3165373 2.233314 0.2195916 0.4513088 2.708838 0.0679105 0.05734649 2.152864 0.3614246 0.6734633 2.654238 0.1403672 -0.1471851 2.141806 0.4499023 0.8699019 2.623318 0.1636359 -0.2338119 2.148557 0.4614756 0.9323767 2.60374 0.1518609 0.2447493 2.389919 0.1771429 0.203241 2.397006 0.1934462 0.03996021 2.291857 0.2517337 0.05679785 2.554078 0.1138643 -0.5104703 2.348683 0.2506768 -0.5080043 2.670942 0.04317356 -0.8950034 2.356095 0.06476867 -0.8532889 2.494449 0.09982216 -0.9373497 2.344305 0.1174479 -0.8898259 2.566618
0.1143043 0.6271994 2.325422 0.1051554 0.4635929 2.343822 0.08109144 0.315386 2.233646 0.2183469 0.4504729 2.709201 0.06807467 0.05634311 2.152778 0.3633294 0.6705722 2.654487 0.1420609 -0.1507687 2.141584 0.4588002 0.8556787 2.632692 0.1647678 -0.2375443 2.148332 0.485025 0.9163918 2.625874 0.1522371 0.2374136 2.390292 0.1780442 0.1943838 2.397341 0.1931532 0.03768998 2.292988 0.2506819 0.054181 2.548874 0.1138691 -0.5106363 2.348723 0.2507352 -0.5094428 2.670762 0.04309455 -0.8963501 2.356639 0.06482626 -0.8547289 2.494268 0.1012102 -0.9382836 2.345189 0.1244766 -0.9277673 2.473635
0.1124514 0.6265585 2.325627 0.1040074 0.4629604 2.349724 0.08227585 0.3135906 2.233992 0.2171988 0.4498404 2.715103 0.06814786 0.05476129 2.152388 0.3680806 0.6653019 2.655948 0.1422731 -0.1520567 2.141337 0.4775054 0.8340567 2.649369 0.1653776 -0.2387376 2.147954 0.5001072 0.9008092 2.654661 0.181785 0.102696 2.392711 0.2134694 0.034461 2.396904 0.1872577 -0.02001661 2.374543 0.2626399 0.001042134 2.423978 0.1138273 -0.5107198 2.348672 0.2503155 -0.5166045 2.671188 0.04349413 -0.8965054 2.356069 0.06440577 -0.8618921 2.494694 0.1011808 -0.9381224 2.34502 0.1262672 -0.9329264 2.473578
0.1078094 0.6260692 2.324769 0.1033598 0.4627356 2.350248 0.08293926 0.3119956 2.234428 0.2165513 0.4496156 2.715628 0.06806917 0.05337155 2.152062 0.3731764 0.6604726 2.653622 0.1428708 -0.1542682 2.141373 0.4841156 0.8251709 2.65647 0.1659631 -0.2409457 2.14808 0.5159268 0.889963 2.665826 0.1785095 0.1073627 2.391842 0.2090948 0.04102906 2.396288 0.1847112 -0.01891059 2.363187 0.2571521 0.002553341 2.436345 0.1137685 -0.5107069 2.348694 0.2477555 -0.5176957 2.670734 0.04365927 -0.8953193 2.355954 0.0618449 -0.8629849 2.494239 0.1011631 -0.9380724 2.344934 0.1179725 -0.8982006 2.564443
0.1060729 0.6258932 2.324426 0.1027443 0.4623387 2.350161 0.08329088 0.3109297 2.234834 0.2159358 0.4492188 2.71554 0.06784 0.0524829 2.151809 0.378268 0.6555865 2.652801 0.1445504 -0.157536 2.141377 0.4978181 0.8197792 2.665034 0.1660857 -0.2416785 2.147653 0.5312579 0.8850098 2.674215 0.1776835 0.1058568 2.391086 0.2082384 0.03883068 2.395692 0.1840975 -0.01968097 2.364017 0.2557519 0.0003549412 2.433213 0.1136478 -0.510051 2.348593 0.2448188 -0.5185967 2.669319 0.04340237 -0.8947257 2.356285 0.05890742 -0.8638874 2.492824 0.1010624 -0.9378514 2.344839 0.1007853 -0.8802207 2.578256
0.1050672 0.6257239 2.324034 0.1021582 0.4618403 2.350068 0.08349035 0.310072 2.235109 0.2153497 0.4487203 2.715447 0.06748205 0.05177143 2.151571 0.3840366 0.6494663 2.650265 0.1444381 -0.1577243 2.14134 0.5244685 0.815773 2.673521 0.1655905 -0.2416688 2.147544 0.5568317 0.8737527 2.681885 0.1762998 0.1079304 2.390194 0.2066773 0.04161839 2.394929 0.1836223 -0.01908749 2.359789 0.2546389 0.0007322869 2.435905 0.1136033 -0.51008 2.348604 0.2419868 -0.5194779 2.666911 0.04301364 -0.8957819 2.356456 0.05607459 -0.8647702 2.490415 0.1022727 -0.9386651 2.346418 0.1001202 -0.8801981 2.574921
0.1045297 0.6257145 2.323949 0.1017537 0.4614456 2.352012 0.08343875 0.3094943 2.235361 0.2149452 0.4483256 2.717391 0.06725122 0.05130747 2.15136 0.3917028 0.6402343 2.644311 0.1389362 -0.1480109 2.140553 0.5324849 0.8106284 2.672335 0.1631409 -0.2344187 2.146804 0.5678891 0.8682582 2.683777 0.1667151 0.1313064 2.388001 0.193644 0.07413008 2.391253 0.1763956 -0.01155955 2.334172 0.2479446 0.01255467 2.453975 0.1135492 -0.5101483 2.348662 0.2216734 -0.4977022 2.651217 0.04365997 -0.8959081 2.355913 0.03576036 -0.8429959 2.47472 0.102273 -0.9386685 2.346418 0.08242159 -0.8637551 2.556642
0.1033669 0.625762 2.323892 0.1007664 0.4613898 2.352176 0.08258744 0.308925 2.235631 0.2139579 0.4482698 2.717556 0.0666076 0.05081177 2.15124 0.3952461 0.6348551 2.640769 0.1382023 -0.1493159 2.140392 0.5412909 0.7993707 2.663849 0.1616726 -0.235927 2.146639 0.5820165 0.860931 2.679321 0.1672453 0.1180113 2.385779 0.1969175 0.04772443 2.388717 0.1744635 -0.01638339 2.345128 0.2476887 0.004441733 2.434595 0.113055 -0.5091986 2.348447 0.2217158 -0.4998181 2.651259 0.04365613 -0.8955163 2.356544 0.03580193 -0.8451134 2.474761 0.1015425 -0.938315 2.345282 0.09426498 -0.8800459 2.543181
0.1022777 0.6255388 2.323725 0.1000624 0.4610944 2.353363 0.08179257 0.3084561 2.2363 0.2132539 0.4479744 2.718743 0.06505346 0.05053288 2.151279 0.3985639 0.6289232 2.63612 0.1373245 -0.1514149 2.139717 0.5461749 0.7887626 2.653439 0.1600782 -0.238191 2.146321 0.5890822 0.8518749 2.671624 0.1652025 0.1224423 2.385416 0.1933368 0.05827076 2.388209 0.1728841 -0.01456435 2.338929 0.2453462 0.007269191 2.441872 0.1130485 -0.5092251 2.34845 0.2209951 -0.4994901 2.650855 0.04346805 -0.8957644 2.356665 0.1472324 -0.8890067 2.659904 0.1015327 -0.9382647 2.345249 0.1860471 -0.9113994 2.745412
0.1016336 0.6255319 2.324268 0.0999155 0.4610449 2.357957 0.08124022 0.308441 2.236869 0.213107 0.4479249 2.723337 0.06351594 0.05073795 2.151173 0.4014414 0.6230973 2.633052 0.1358108 -0.1526309 2.139195 0.5512388 0.7819681 2.639869 0.1575155 -0.2396771 2.145779 0.5969786 0.8420364 2.64135 0.1651488 0.1228903 2.385748 0.1933496 0.05888293 2.388471 0.1728336 -0.01437139 2.33838 0.2454368 0.007214012 2.44321 0.1130748 -0.5087267 2.348482 0.2206512 -0.5016599 2.650996 0.04343881 -0.8953333 2.356551 0.1480401 -0.8923132 2.660777 0.1013649 -0.9382297 2.344945 0.1907465 -0.9452981 2.639325
0.1010646 0.6254295 2.324413 0.09976755 0.4609372 2.359215 0.08089366 0.3081721 2.237671 0.2283392 0.4775971 2.574496 0.06234574 0.05074108 2.151056 0.4084362 0.623764 2.625886 0.1349865 -0.1532164 2.138728 0.5531085 0.7768854 2.62806 0.1554744 -0.2405235 2.145749 0.597818 0.8411783 2.634994 0.1661823 0.1233905 2.387361 0.19364 0.05926608 2.387279 0.1719801 -0.01702179 2.332622 0.2470824 0.006431038 2.442682 0.1130748 -0.509204 2.348411 0.2205966 -0.5019985 2.651331 0.04298507 -0.8961795 2.35746 0.1484892 -0.8929851 2.661579 0.1014745 -0.9383525 2.345158 0.1892042 -0.9115814 2.747113
0.100885 0.6255011 2.324636 0.09938008 0.4610863 2.359645 0.08001646 0.3083782 2.238732 0.2283091 0.4764033 2.573962 0.06133214 0.05120045 2.151089 0.4106615 0.6189419 2.616058 0.133062 -0.1538778 2.138487 0.5558326 0.775405 2.610083 0.1537378 -0.241089 2.146125 0.5972664 0.8390557 2.610626 0.1652958 0.125199 2.385611 0.1927045 0.0616251 2.384878 0.1696373 -0.01797486 2.324289 0.2472497 0.006362757 2.442797 0.113047 -0.508608 2.348132 0.2191639 -0.5013858 2.650921 0.04290416 -0.895853 2.357532 0.1479219 -0.8926699 2.661481 0.1014473 -0.938361 2.345377 0.1925063 -0.9460801 2.645636
0.1007465 0.6258535 2.325709 0.09925713 0.4610073 2.360254 0.07968001 0.3088084 2.239881 0.2285288 0.4758029 2.573749 0.06065775 0.05193028 2.1511 0.4139419 0.6145812 2.605264 0.1313309 -0.1542678 2.138258 0.5512862 0.7770429 2.583353 0.1516387 -0.2415439 2.146139 0.5851413 0.8368222 2.582791 0.1653661 0.1256942 2.385526 0.1928405 0.06230731 2.384707 0.1698521 -0.01825224 2.323521 0.2484384 0.005806681 2.444354 0.1131212 -0.5080096 2.347891 0.2198897 -0.5027987 2.652818 0.04309358 -0.8956388 2.357494 0.1493268 -0.8944082 2.663976 0.1014121 -0.9383807 2.345335 0.1904857 -0.9104654 2.745615
0.1007463 0.6258543 2.326102 0.09908301 0.4611011 2.361187 0.07930195 0.3091368 2.241042 0.2284865 0.4733056 2.5733 0.06007348 0.0525561 2.151116 0.4144073 0.6081388 2.593693 0.1298805 -0.1543367 2.137945 0.5402264 0.7750261 2.554804 0.1485716 -0.2407601 2.144975 0.5659034 0.8355104 2.54466 0.1655357 0.1262654 2.385552 0.1931144 0.06304132 2.384662 0.1703409 -0.01865908 2.322517 0.2498364 0.005457172 2.446334 0.1130628 -0.5085644 2.347772 0.2200595 -0.5023464 2.65388 0.04329357 -0.8961446 2.357546 0.1497645 -0.8939157 2.665235 0.1015194 -0.9388273 2.345868 0.1903334 -0.9102937 2.745316
0.1014742 0.6259346 2.32812 0.09954242 0.4619718 2.363827 0.07907182 0.309424 2.24175 0.2288729 0.4726152 2.572673 0.05928762 0.05304956 2.151167 0.4108582 0.6043047 2.587835 0.1272412 -0.1541596 2.137614 0.5280808 0.7735581 2.534448 0.1474092 -0.2410112 2.145778 0.549107 0.8346537 2.518771 0.1656515 0.1263251 2.385577 0.1932268 0.06308395 2.384565 0.1703056 -0.01884871 2.322302 0.2502738 0.005325948 2.446225 0.1130757 -0.5086745 2.347668 0.2191875 -0.5014209 2.653944 0.04311965 -0.8965526 2.357502 0.1491563 -0.8930964 2.665337 0.1015535 -0.9388028 2.346019 0.1893681 -0.9095473 2.741264
0.1029274 0.6265612 2.331774 0.09966164 0.4621502 2.364183 0.07901998 0.3094882 2.242538 0.2304959 0.4685081 2.572074 0.0584465 0.05335426 2.151249 0.4093175 0.6052405 2.58267 0.125898 -0.1541851 2.137544 0.4962009 0.769144 2.503119 0.1459884 -0.2411386 2.146238 0.507444 0.8342558 2.481982 0.1657519 0.1271094 2.385515 0.1933073 0.06394362 2.384378 0.170443 -0.01892981 2.320838 0.2508294 0.004716249 2.447473 0.1130267 -0.5075296 2.347206 0.2196642 -0.5020695 2.65474 0.04339172 -0.8960366 2.357693 0.1498279 -0.8937944 2.666245 0.101364 -0.9385551 2.345791 0.1946788 -0.9476523 2.652857
0.1034016 0.6272707 2.333283 0.1001857 0.4625513 2.36549 0.07891014 0.309429 2.243062 0.2309169 0.4661991 2.572471 0.04891005 0.07419658 2.153584 0.4073609 0.6082899 2.573282 0.1246097 -0.1549094 2.137964 0.4666904 0.7760277 2.477917 0.1443522 -0.2410491 2.146296 0.4677401 0.8288834 2.453816 0.1651402 0.1286606 2.385323 0.1923764 0.06584005 2.383877 0.1692915 -0.01847416 2.318225 0.2503526 0.004528329 2.448161 0.1130362 -0.5075216 2.347105 0.2192003 -0.5016025 2.654753 0.04302653 -0.8971906 2.358375 0.14948 -0.8933551 2.666275 0.1018025 -0.9387011 2.346059 0.1894473 -0.9108235 2.743542
0.1034323 0.627211 2.333407 0.1010002 0.4627073 2.366734 0.07917787 0.3092429 2.243754 0.2314048 0.4632989 2.570838 0.04835305 0.07753847 2.154114 0.4025456 0.6052296 2.565412 0.1216829 -0.1554419 2.137785 0.42256 0.7734932 2.453755 0.142245 -0.2406924 2.146347 0.4155656 0.8262981 2.43106 0.1651136 0.1287082 2.385335 0.1922684 0.06586627 2.3838 0.1688078 -0.01883712 2.31726 0.2499902 0.003840579 2.448627 0.1129685 -0.5074691 2.346959 0.2190547 -0.5014009 2.655012 0.04334785 -0.8972394 2.358127 0.1493897 -0.8931468 2.666543 0.1018776 -0.9389494 2.346039 0.1896624 -0.9109147 2.743842
0.107137 0.6279581 2.335614 0.1026799 0.4634928 2.368248 0.07975424 0.3088855 2.244112 0.2320614 0.4620085 2.569923 0.04810085 0.07913768 2.154654 0.3948649 0.6165155 2.544299 0.1182335 -0.1549518 2.137036 0.3863508 0.7840018 2.429695 0.1399342 -0.2387236 2.146337 0.3781368 0.8079032 2.41127 0.1652481 0.1307144 2.38548 0.1921424 0.06808081 2.383721 0.1687896 -0.01800597 2.315917 0.2498422 0.004089346 2.449674 0.1127952 -0.5074793 2.346865 0.2190236 -0.5013584 2.655103 0.04344804 -0.8975546 2.358346 0.1493855 -0.8930984 2.666644 0.1018447 -0.9390367 2.346304 0.1878695 -0.9103336 2.753487
0.1096946 0.628078 2.337031 0.1031343 0.4636204 2.367512 0.07985778 0.3088921 2.244158 0.2343967 0.4607368 2.567711 0.04799967 0.08429122 2.156577 0.3892682 0.579733 2.557995 0.1138771 -0.1513066 2.136867 0.3657353 0.7438774 2.440346 0.1354671 -0.2336726 2.145457 0.3402432 0.7877602 2.397465 0.1663994 0.1289962 2.384447 0.1935503 0.06541358 2.382433 0.168837 -0.01834182 2.316216 0.2520798 0.002010821 2.446621 0.1126539 -0.5072623 2.346743 0.2196261 -0.4992901 2.655705 0.04334727 -0.8979304 2.35858 0.1501259 -0.8909548 2.667291 0.1020027 -0.938978 2.346411 0.190631 -0.9101375 2.752796
0.1347094 0.6258964 2.339341 0.1039138 0.4644284 2.365432 0.07979936 0.3088857 2.244234 0.239604 0.4404343 2.560644 0.04744062 0.09524819 2.159528 0.3851566 0.5686039 2.562919 0.1031976 -0.1315586 2.137948 0.3608619 0.7314858 2.443485 0.128877 -0.2175264 2.144453 0.3386848 0.8001716 2.389795 0.1673205 0.1379913 2.382597 0.1942765 0.07737048 2.380745 0.1709817 -0.01221712 2.309189 0.2538643 0.004202684 2.451691 0.112431 -0.5068889 2.346639 0.2197852 -0.498958 2.655969 0.04349015 -0.898263 2.359008 0.03676312 -0.8644496 2.53311 0.1021539 -0.9394321 2.346674 0.09624193 -0.8811682 2.60729
0.1381934 0.6263393 2.338754 0.1060127 0.4667228 2.360568 0.07975428 0.3093614 2.244672 0.2407581 0.4352242 2.557518 0.04657347 0.1009297 2.160972 0.3836591 0.5656254 2.562945 0.1019524 -0.1304911 2.137944 0.3425854 0.7227998 2.440131 0.127417 -0.216488 2.144913 0.3216832 0.7921272 2.386752 0.1701339 0.1261123 2.377078 0.1976888 0.05768283 2.374225 0.1705683 -0.01565226 2.309566 0.256653 -0.008853363 2.440568 0.1123738 -0.5065076 2.346443 0.2212003 -0.4999567 2.657511 0.04304425 -0.8981604 2.358976 0.038176 -0.8653714 2.534356 0.1021555 -0.9394186 2.346713 0.09188116 -0.8828277 2.612656
0.1395914 0.6279728 2.337399 0.106193 0.4680591 2.357251 0.07969949 0.3110901 2.245949 0.2404355 0.4329327 2.555317 0.04684474 0.1061724 2.16149 0.382262 0.5641029 2.56237 0.1017091 -0.130187 2.138557 0.3382289 0.7212126 2.440618 0.1265408 -0.2163678 2.145558 0.3171339 0.7904664 2.387217 0.1713198 0.1372804 2.37768 0.1991472 0.07693963 2.377136 0.1738593 -0.01132553 2.306913 0.2597858 0.0005670269 2.453927 0.1121239 -0.5062587 2.34657 0.2239028 -0.4994973 2.660288 0.04308504 -0.8981155 2.35863 0.04070406 -0.864695 2.536635 0.1020628 -0.9390665 2.34649 0.09574213 -0.8825997 2.613903
0.1421424 0.6290905 2.337225 0.1067121 0.4685408 2.354089 0.07962965 0.3112302 2.246119 0.2415393 0.431109 2.554653 0.04693408 0.1067937 2.161823 0.3821346 0.5635394 2.561937 0.1008323 -0.1280474 2.139171 0.3370143 0.7222428 2.442987 0.1248751 -0.2144712 2.145947 0.3158751 0.7914687 2.389565 0.1720564 0.1323105 2.375519 0.199895 0.06761685 2.374396 0.1733285 -0.01306877 2.307055 0.2609097 -0.004066804 2.447964 0.1118747 -0.5058079 2.346877 0.2241147 -0.4980388 2.660737 0.04304176 -0.8982306 2.35868 0.04104024 -0.863281 2.537007 0.101983 -0.9390748 2.346452 0.1138465 -0.9004398 2.588374
0.1425032 0.6289613 2.336591 0.1068214 0.468468 2.353459 0.07971892 0.3105245 2.246043 0.242163 0.4426514 2.55556 0.04709965 0.1071869 2.161943 0.3854788 0.5728232 2.560019 0.0996742 -0.1244869 2.139637 0.3337656 0.7301232 2.441996 0.1236518 -0.2109552 2.146069 0.3125818 0.799317 2.38855 0.1730724 0.14082 2.377776 0.2009536 0.08072544 2.378188 0.1757373 -0.01025958 2.307399 0.2631879 0.004212549 2.455828 0.1118264 -0.5055811 2.34714 0.2260584 -0.4992512 2.661755 0.04257126 -0.8984457 2.358595 0.04305109 -0.8645113 2.537954 0.101793 -0.9383278 2.345804 0.09766169 -0.8827866 2.615439
