0.1623054 0.6297637 2.33819 0.1239444 0.4661779 2.357728 0.09337829 0.3135839 2.248231 0.2523097 0.4723109 2.582123 0.06416488 0.07343859 2.161839 0.3994264 0.5973114 2.589954 0.1273638 -0.1528406 2.145324 0.3823611 0.7571017 2.464596 0.1472645 -0.2324645 2.14986 0.3744957 0.8063958 2.430457 0.174224 0.2106222 2.393631 0.1988518 0.1632375 2.396113 0.1940992 0.02377229 2.296261 0.2661898 0.04578109 2.51844 0.112882 -0.505819 2.349195 0.1945244 -0.4327472 2.348798 0.04503279 -0.8953394 2.358253 0.1590802 -0.770397 2.571172 0.10093 -0.9381483 2.346294 0.2272622 -0.8091083 2.540979
0.1449958 0.6291385 2.338668 0.1235811 0.4652213 2.359697 0.09382413 0.3121165 2.247875 0.2522205 0.4726712 2.584473 0.0658004 0.06340545 2.160927 0.396015 0.6030548 2.585578 0.1275812 -0.1533318 2.145095 0.3991745 0.7707458 2.47102 0.1479312 -0.2322678 2.149895 0.3951848 0.8167644 2.446211 0.1812621 0.1268917 2.386238 0.2076762 0.06274574 2.385086 0.1782734 -0.01603687 2.334938 0.2652141 0.01020161 2.436821 0.1130587 -0.5057815 2.34934 0.1853985 -0.4249125 2.340396 0.04472002 -0.8960411 2.358937 0.1471632 -0.7630268 2.561721 0.1009815 -0.9382238 2.346471 0.2155526 -0.8016779 2.531922
0.1487414 0.627115 2.335593 0.1233957 0.4649159 2.359999 0.09424649 0.3112013 2.247787 0.2521401 0.4728296 2.584858 0.06650175 0.05875865 2.160723 0.3959368 0.6033517 2.585271 0.1276872 -0.1531936 2.144886 0.4121639 0.7736618 2.476494 0.1490569 -0.2331959 2.150555 0.4133135 0.8260221 2.453091 0.1827758 0.1214445 2.386445 0.2099194 0.0548372 2.385743 0.1797656 -0.02094163 2.33777 0.2670752 0.004652561 2.435615 0.1133961 -0.505587 2.349599 0.1859137 -0.4254686 2.340721 0.0445381 -0.8947753 2.358382 0.1477508 -0.7636167 2.562012 0.1004256 -0.9376638 2.346667 0.2161703 -0.8022563 2.532269
0.1500152 0.6267582 2.334857 0.1234128 0.46448 2.360694 0.09460112 0.3105751 2.247698 0.2522805 0.4729621 2.585696 0.06663533 0.058083 2.160646 0.3964864 0.6034856 2.583757 0.1286563 -0.1545824 2.145363 0.4382448 0.776371 2.488272 0.1494677 -0.2336337 2.150962 0.4527717 0.8321826 2.467253 0.1827075 0.1218127 2.386348 0.2097047 0.0557436 2.385577 0.1796252 -0.02018939 2.337848 0.2667741 0.005545411 2.435174 0.113488 -0.5055251 2.349597 0.1838172 -0.4233707 2.33892 0.04441264 -0.8957639 2.359423 0.1457377 -0.7615569 2.56017 0.1006733 -0.9378616 2.346672 0.2141944 -0.8001838 2.530496
0.1512717 0.6261122 2.333505 0.123727 0.4639009 2.363047 0.09497076 0.3094561 2.247614 0.2528055 0.4732497 2.58839 0.06662875 0.05725486 2.160527 0.3988021 0.6067153 2.585286 0.1290189 -0.1550842 2.145396 0.4592148 0.7816783 2.493725 0.1496633 -0.2343319 2.151299 0.4662067 0.8326814 2.473634 0.1811298 0.13743 2.39005 0.2068393 0.07935853 2.390235 0.18224 -0.01572506 2.327729 0.2653591 0.009841439 2.462122 0.1135728 -0.5053488 2.349557 0.1853711 -0.431928 2.340561 0.04435111 -0.8948909 2.360211 0.1473159 -0.7701986 2.5617 0.09995069 -0.9374673 2.346211 0.2158577 -0.8087982 2.532187
0.151754 0.62594 2.333276 0.1238073 0.4636528 2.363209 0.09526605 0.3089556 2.247635 0.252904 0.4732382 2.588545 0.0665959 0.05619203 2.16038 0.4016947 0.6090615 2.586523 0.1291601 -0.1550638 2.145266 0.4784003 0.7796308 2.505934 0.1497323 -0.2350162 2.15163 0.4937398 0.8411481 2.483917 0.180331 0.1395406 2.389341 0.2060136 0.08091599 2.389447 0.1814445 -0.01451509 2.323328 0.2648313 0.01053148 2.462213 0.1136875 -0.5055143 2.349647 0.1819833 -0.4256449 2.337773 0.04437128 -0.8952125 2.360464 0.1439123 -0.7639259 2.558895 0.09993862 -0.9375828 2.345728 0.212469 -0.8025211 2.529409
0.146084 0.6265501 2.333203 0.1238173 0.4633871 2.363373 0.09566814 0.3085052 2.247801 0.2529429 0.4732043 2.588685 0.06656455 0.05601238 2.160305 0.4055902 0.6103248 2.588401 0.1248378 -0.1405703 2.142913 0.4967495 0.7792169 2.513294 0.1474798 -0.2273082 2.15081 0.5112786 0.8413174 2.4929 0.1804917 0.1428924 2.389817 0.2062599 0.0842621 2.38996 0.1828586 -0.01248741 2.322059 0.2651721 0.01211714 2.464238 0.1137379 -0.5056679 2.349669 0.1851133 -0.4301871 2.340086 0.04435403 -0.8952639 2.360425 0.1470295 -0.7684724 2.561199 0.09991505 -0.9376609 2.345742 0.2155911 -0.8070651 2.531722
0.1481227 0.6266001 2.333055 0.1237047 0.4631206 2.363519 0.09578888 0.3083312 2.247848 0.2528991 0.4731625 2.588806 0.06643306 0.05537374 2.160267 0.4093243 0.6109712 2.591291 0.1256521 -0.143617 2.142911 0.5126712 0.7825199 2.519625 0.1479539 -0.2304114 2.151149 0.5352833 0.8436746 2.504866 0.1833584 0.1354222 2.38984 0.2109325 0.07174527 2.389899 0.1851209 -0.01559016 2.326363 0.2685217 0.008076679 2.458092 0.1137327 -0.5057345 2.349658 0.1867703 -0.4323344 2.341926 0.04438017 -0.8953401 2.360191 0.14868 -0.7706218 2.563036 0.1000267 -0.9374155 2.344917 0.217202 -0.8092269 2.533482
0.1446201 0.6268876 2.333094 0.1236836 0.4629594 2.3639 0.09601768 0.3081379 2.24788 0.2529233 0.4732114 2.589256 0.06632319 0.05511054 2.160217 0.4114142 0.6115328 2.592159 0.1269701 -0.1476926 2.143105 0.5175372 0.7826328 2.524021 0.1487731 -0.2346089 2.151393 0.5406541 0.8432339 2.509274 0.1834366 0.1361695 2.390025 0.2108894 0.07328884 2.390121 0.1857048 -0.01538751 2.325858 0.2686536 0.008259698 2.45892 0.1139596 -0.5053796 2.349756 0.1877664 -0.4336253 2.342921 0.04451067 -0.8944343 2.35946 0.1528409 -0.7693036 2.568025 0.09982003 -0.9369659 2.344224 0.2213851 -0.8079022 2.538513
0.1432496 0.6270962 2.333328 0.1239085 0.4624683 2.364328 0.09647082 0.3075103 2.247885 0.253168 0.4729924 2.589683 0.06615699 0.05507062 2.160043 0.4153849 0.6132898 2.593094 0.1281393 -0.1502125 2.143304 0.5239689 0.7835265 2.53 0.1490987 -0.2368529 2.151443 0.5462985 0.8446811 2.516368 0.1834597 0.136228 2.390035 0.2108598 0.07351825 2.390125 0.1860568 -0.01551889 2.325263 0.2687133 0.007674407 2.459531 0.1139221 -0.5050978 2.34964 0.1887473 -0.4365487 2.342889 0.04454431 -0.8942381 2.359356 0.1537318 -0.7789707 2.558705 0.09981745 -0.9369432 2.344477 0.2223019 -0.8175613 2.529242
0.14765 0.6269982 2.332262 0.1242333 0.4620772 2.364311 0.09674324 0.307073 2.247812 0.253474 0.472818 2.589708 0.06598048 0.05472045 2.159801 0.4185832 0.6142079 2.593793 0.1280547 -0.1502696 2.143226 0.5263702 0.7825565 2.531466 0.1478009 -0.2366778 2.149818 0.5476782 0.8440019 2.51751 0.1833715 0.1373082 2.389893 0.2103999 0.07557054 2.389922 0.1861928 -0.01555901 2.323745 0.2686156 0.007932533 2.460727 0.113836 -0.5055039 2.349759 0.1887704 -0.4363285 2.342756 0.04444516 -0.8943697 2.359299 0.1528803 -0.7789847 2.558115 0.09982559 -0.9368633 2.344213 0.2214522 -0.8175747 2.528655
0.1521005 0.6270991 2.332087 0.124283 0.4617462 2.364451 0.09710676 0.3069087 2.247819 0.2535408 0.4726679 2.589843 0.06281844 0.07285333 2.159978 0.4194595 0.613592 2.594108 0.1283546 -0.1526887 2.143892 0.5267248 0.7809419 2.531811 0.1473379 -0.2367412 2.149572 0.5474597 0.8426479 2.518146 0.1829421 0.1383945 2.389365 0.2095883 0.07738638 2.389079 0.185825 -0.01503691 2.320848 0.2683064 0.008285507 2.460953 0.1138187 -0.5055416 2.349765 0.1847641 -0.428845 2.339292 0.04446125 -0.8943474 2.358505 0.1466226 -0.771452 2.55438 0.09994014 -0.9369946 2.344233 0.1682422 -0.8244435 2.632229
0.1542803 0.6269516 2.331977 0.1247096 0.4616017 2.364882 0.0982613 0.3065085 2.24771 0.2540533 0.4726811 2.59036 0.0623607 0.07496775 2.159824 0.420095 0.6124488 2.593854 0.1282025 -0.1527485 2.143677 0.5256034 0.7787277 2.529828 0.1468318 -0.236956 2.149429 0.545554 0.8403619 2.514745 0.1825566 0.1341167 2.387908 0.2086514 0.07081725 2.386806 0.1841041 -0.01673799 2.322129 0.2660517 0.005717561 2.451784 0.1138116 -0.5056191 2.349887 0.1805157 -0.4231274 2.335495 0.04432817 -0.8943973 2.358316 0.1426649 -0.765957 2.550317 0.09993425 -0.936975 2.344335 0.2113623 -0.8045068 2.521095
0.1561001 0.6272361 2.331428 0.1249552 0.4617201 2.364835 0.09864392 0.3063564 2.247784 0.2543899 0.4729437 2.590334 0.06209407 0.07712814 2.160015 0.4198692 0.6119278 2.59413 0.1236716 -0.1429683 2.143135 0.5190135 0.7751348 2.521969 0.1447622 -0.2302643 2.148882 0.5368963 0.8363233 2.502984 0.1825563 0.1361024 2.388143 0.2085136 0.07392661 2.387402 0.1844797 -0.01633947 2.321542 0.2659509 0.005926401 2.45595 0.1138654 -0.5056106 2.349901 0.1859515 -0.4339328 2.339564 0.04431114 -0.8944241 2.358132 0.1483298 -0.7769393 2.554174 0.09996395 -0.9369977 2.344324 0.2170231 -0.8154907 2.524944
0.1580708 0.6272781 2.331266 0.1278977 0.4614207 2.368005 0.09901635 0.3062845 2.247756 0.2574809 0.4729695 2.593682 0.06229644 0.07824759 2.160057 0.4195194 0.611514 2.593588 0.1249143 -0.1473394 2.143893 0.502861 0.7741612 2.509645 0.1455406 -0.2347666 2.14932 0.5185443 0.8300745 2.489723 0.1855707 0.127059 2.389585 0.2117879 0.06141505 2.388561 0.1844577 -0.02058121 2.329009 0.2682714 3.54026E-05 2.449093 0.1138752 -0.5047713 2.349482 0.1876461 -0.4372021 2.341121 0.04428872 -0.8938899 2.358171 0.1503016 -0.7810982 2.554507 0.09968376 -0.9368324 2.344472 0.2189475 -0.8196648 2.525187
0.1594453 0.6267676 2.331066 0.128077 0.4614352 2.367713 0.09958275 0.3064078 2.247813 0.25767 0.4730489 2.593401 0.06295511 0.08076401 2.160391 0.4177759 0.6101592 2.591819 0.1250723 -0.1488951 2.143765 0.4793251 0.7739527 2.490372 0.1454388 -0.2363672 2.149448 0.4810235 0.8206469 2.468628 0.186172 0.1247596 2.389277 0.2124307 0.05893334 2.388449 0.1847712 -0.02158309 2.330514 0.2687521 -0.001390293 2.447813 0.1138625 -0.5046088 2.349415 0.1887261 -0.4378078 2.342234 0.04443785 -0.8931245 2.357953 0.1511392 -0.781831 2.555398 0.09944869 -0.9366155 2.344439 0.2198032 -0.8203915 2.526114
0.1614891 0.6263394 2.331764 0.1292097 0.4614412 2.368293 0.1002748 0.306517 2.247943 0.258842 0.4731712 2.594016 0.0679855 0.06403542 2.159098 0.4164311 0.6093948 2.589786 0.1252156 -0.1493996 2.143541 0.4636561 0.7733892 2.480255 0.1452084 -0.2369411 2.149475 0.4663089 0.8157428 2.459372 0.1876105 0.1224131 2.389717 0.2138658 0.05636104 2.388874 0.1855706 -0.02251999 2.333983 0.2701715 -0.002588263 2.445677 0.1138295 -0.5045867 2.349425 0.190263 -0.4385331 2.343558 0.04434521 -0.8931136 2.357839 0.1524082 -0.7826778 2.556505 0.09928995 -0.9366797 2.344296 0.2210581 -0.821243 2.527193
0.1616649 0.6260663 2.331856 0.1316531 0.4612335 2.370006 0.100774 0.3070473 2.248286 0.2613118 0.4731088 2.595764 0.06868638 0.06134309 2.158982 0.4115782 0.6050457 2.586271 0.1254502 -0.1501352 2.143179 0.4305363 0.7637576 2.459692 0.1451818 -0.2375164 2.149297 0.4207384 0.801202 2.434589 0.1884236 0.1211517 2.390162 0.2144568 0.05511597 2.389162 0.1855893 -0.02326006 2.334651 0.270917 -0.00366774 2.445259 0.1138788 -0.5042086 2.349397 0.1915226 -0.4391251 2.344457 0.04434394 -0.8924968 2.357382 0.150268 -0.7882718 2.549453 0.09921043 -0.9362771 2.34422 0.2188589 -0.8268571 2.520031
0.1633154 0.6259907 2.332495 0.1325981 0.4612745 2.367896 0.1008752 0.307302 2.248148 0.2622586 0.4732463 2.593675 0.06781554 0.07752032 2.160042 0.4112899 0.599108 2.586598 0.1254643 -0.1505883 2.142974 0.4113183 0.7523929 2.451304 0.1447984 -0.2360627 2.148405 0.4068229 0.78929 2.423511 0.1892113 0.1221894 2.389807 0.2153631 0.05669769 2.388999 0.1862704 -0.02255472 2.334586 0.2722306 -0.002294709 2.445753 0.1138651 -0.5041869 2.349381 0.1928855 -0.4392061 2.345201 0.04441288 -0.8921444 2.357129 0.1504306 -0.7893427 2.548479 0.09906828 -0.936218 2.344069 0.2188865 -0.8279721 2.518801
0.1655587 0.6258993 2.333053 0.1340234 0.4613372 2.36465 0.1006282 0.3085868 2.248243 0.2636869 0.473403 2.590447 0.06536652 0.1137794 2.16705 0.4077127 0.6056932 2.577243 0.1207105 -0.1337217 2.141412 0.38034 0.7465177 2.430545 0.1414236 -0.2211131 2.147093 0.3696532 0.7645293 2.410734 0.1881566 0.17125 2.390076 0.2126855 0.1166513 2.391836 0.1933042 -0.003612569 2.311947 0.2759923 0.01964529 2.492242 0.113822 -0.503996 2.349442 0.1941768 -0.439315 2.345982 0.04432295 -0.8916432 2.356754 0.1507632 -0.7900013 2.548243 0.09885427 -0.935974 2.343982 0.2188523 -0.8287427 2.517877
0.1685679 0.6261269 2.333238 0.1358119 0.4619882 2.362037 0.09983 0.3110493 2.248341 0.2654858 0.4741225 2.587832 0.0651812 0.1171421 2.167501 0.4058861 0.6105841 2.570348 0.1202887 -0.1305505 2.14123 0.346637 0.7402724 2.422714 0.1411323 -0.2179004 2.147075 0.3481436 0.7688753 2.400063 0.1923332 0.1473133 2.384873 0.2182172 0.08066107 2.3843 0.1932083 -0.007426176 2.311836 0.2796012 -0.003015665 2.466949 0.113605 -0.50339 2.349339 0.1947532 -0.4396084 2.346254 0.04433009 -0.8914647 2.356786 0.1507826 -0.7907219 2.547754 0.09873203 -0.9359072 2.343922 0.2185821 -0.8295509 2.516858
0.1699154 0.626811 2.333287 0.1363253 0.4632754 2.359989 0.09942022 0.3133221 2.24856 0.2660045 0.4754617 2.585777 0.06516817 0.1176766 2.167478 0.4216403 0.5907215 2.589833 0.121049 -0.1312596 2.14155 0.3517863 0.7202606 2.433563 0.1419438 -0.2185993 2.147371 0.3414038 0.7718891 2.386153 0.1923494 0.1470325 2.384585 0.2181898 0.08072659 2.384179 0.1932604 -0.007924929 2.311689 0.2794563 -0.002895097 2.466228 0.1136085 -0.5034087 2.34935 0.1951261 -0.4396557 2.345966 0.04432506 -0.8920822 2.356808 0.1506152 -0.7915019 2.54623 0.09900674 -0.9362268 2.344104 0.1662262 -0.8423184 2.626912
0.171002 0.6275751 2.333167 0.1367335 0.4644801 2.357351 0.09961734 0.314538 2.24905 0.266414 0.4767027 2.583143 0.0653268 0.1204648 2.16827 0.4131204 0.6061552 2.568341 0.1214655 -0.1307119 2.142282 0.3374393 0.7274072 2.421084 0.1427851 -0.2179932 2.147402 0.3347647 0.7662187 2.388184 0.1880738 0.1864688 2.387775 0.2118703 0.1386509 2.390645 0.1963979 0.00164315 2.305219 0.2771851 0.0281161 2.502319 0.1137279 -0.5034153 2.349377 0.1955628 -0.4396797 2.346014 0.04383468 -0.8927357 2.357276 0.1507319 -0.7917134 2.545926 0.09888464 -0.9362715 2.344069 0.2182581 -0.8306268 2.514539
0.1712105 0.6276508 2.333111 0.1370208 0.4647405 2.356457 0.09958091 0.3154221 2.249315 0.2667013 0.4769775 2.582253 0.0653199 0.1215644 2.168527 0.3971854 0.6462812 2.525549 0.1223393 -0.1281582 2.143207 0.3091885 0.7639318 2.382673 0.1434545 -0.2155352 2.147477 0.2798562 0.8031486 2.339444 0.1869253 0.2052435 2.389853 0.21073 0.1583496 2.392636 0.2007042 0.01969443 2.299297 0.2782735 0.03968819 2.510624 0.1138677 -0.5028881 2.349438 0.1970593 -0.4386976 2.346149 0.04384849 -0.8924593 2.35729 0.1516296 -0.7909807 2.545558 0.09863998 -0.9362977 2.344007 0.219065 -0.8299204 2.514007
0.1712464 0.6276273 2.333114 0.1369084 0.4646458 2.356387 0.09942945 0.3154505 2.249267 0.2665914 0.4768898 2.582186 0.06534469 0.1220854 2.168689 0.4269484 0.5800769 2.601473 0.1234881 -0.126191 2.143943 0.347842 0.7581493 2.411402 0.1447665 -0.2135696 2.147275 0.3368752 0.8101783 2.364509 0.1872445 0.1952208 2.389698 0.2118034 0.1417227 2.391713 0.2003354 0.01766901 2.300013 0.2781064 0.03450473 2.503963 0.1139521 -0.5028719 2.3495 0.1979588 -0.4389955 2.346263 0.04510154 -0.8906235 2.35493 0.1518704 -0.7906044 2.546594 0.09874323 -0.9364218 2.343729 0.2193437 -0.8295362 2.515113
0.171245 0.6276277 2.333104 0.1360575 0.4645034 2.356704 0.09940036 0.3154474 2.249272 0.2657404 0.4767586 2.582506 0.06523813 0.1219657 2.168719 0.4118953 0.6058984 2.575701 0.124056 -0.125449 2.144217 0.3499331 0.7637752 2.413603 0.1456474 -0.2127566 2.147404 0.3389629 0.8157922 2.366714 0.1868414 0.1960786 2.390188 0.2113791 0.143751 2.392333 0.2005642 0.01781357 2.299768 0.2781172 0.03549665 2.504978 0.114075 -0.5027156 2.349414 0.1990943 -0.4382811 2.347003 0.04548136 -0.8903004 2.354519 0.1522786 -0.7892662 2.548156 0.0986737 -0.9366692 2.34352 0.2198209 -0.8281761 2.516795
0.1709532 0.6274178 2.333005 0.1346488 0.4641054 2.357374 0.09943347 0.3152671 2.249232 0.2643324 0.4763735 2.58318 0.06564049 0.1075702 2.165681 0.413998 0.5998151 2.584939 0.1315067 -0.1405775 2.147543 0.3769411 0.7490594 2.450279 0.1506658 -0.228504 2.148499 0.3686442 0.7889862 2.421316 0.1860059 0.1863814 2.389701 0.2110863 0.1316934 2.390999 0.1989741 0.01437893 2.300813 0.2768784 0.03405025 2.496883 0.11416 -0.5026007 2.349342 0.1969979 -0.4203019 2.344318 0.04577875 -0.8900804 2.35455 0.1483735 -0.7706368 2.5461 0.09872876 -0.9367353 2.343588 0.163485 -0.8259754 2.623853
0.1702133 0.627488 2.332489 0.1332942 0.4639117 2.358184 0.09960189 0.3146211 2.249116 0.2629766 0.4761901 2.583994 0.07109027 0.05842817 2.161213 0.4020062 0.6135813 2.572121 0.1324098 -0.1417356 2.147687 0.3813527 0.769705 2.442308 0.1520524 -0.2292937 2.148979 0.3735982 0.7932716 2.42278 0.1925691 0.1251254 2.387417 0.2201642 0.06033331 2.387326 0.1928328 -0.01776416 2.33315 0.2790701 0.004371995 2.444237 0.1143297 -0.5023758 2.349399 0.1976017 -0.4214756 2.344492 0.04619221 -0.8898889 2.354317 0.1486819 -0.7716562 2.546453 0.09893005 -0.9368881 2.343813 0.2165601 -0.8104667 2.515698
0.1689664 0.6278675 2.331973 0.1330151 0.4637313 2.358524 0.09976768 0.3140132 2.249058 0.2626978 0.4760146 2.584334 0.06969716 0.07462603 2.162521 0.3991706 0.6161758 2.569932 0.1326683 -0.1426393 2.146966 0.3978669 0.7803204 2.449705 0.1527948 -0.2293858 2.14908 0.3933957 0.8047723 2.434221 0.1919069 0.1246157 2.386654 0.2190682 0.05961057 2.386225 0.1906592 -0.01836446 2.332728 0.2775152 0.003980174 2.44162 0.114359 -0.5023794 2.349324 0.1922276 -0.4185579 2.339436 0.04616446 -0.8905894 2.354258 0.1426182 -0.768432 2.541723 0.09942989 -0.9370983 2.344242 0.1609087 -0.8242322 2.618458
0.1450163 0.6277096 2.337271 0.1324668 0.4636051 2.358776 0.09997758 0.3129979 2.248768 0.2616657 0.4740992 2.58446 0.07070611 0.06233061 2.160946 0.4013937 0.6104927 2.575148 0.1348895 -0.1466532 2.147055 0.4112122 0.7800112 2.464137 0.1539081 -0.2304812 2.149606 0.4093625 0.8137114 2.448265 0.1918653 0.1241816 2.386535 0.2190472 0.05906919 2.386161 0.1907498 -0.01946606 2.332238 0.2774866 0.002396829 2.442365 0.1144477 -0.5022149 2.349282 0.1957066 -0.4257929 2.341534 0.04617323 -0.8905804 2.354281 0.1457704 -0.7754707 2.544055 0.09943916 -0.9370916 2.34428 0.2138232 -0.814227 2.513618
0.1428471 0.6272387 2.336362 0.1318223 0.462994 2.359117 0.1001394 0.3121988 2.248821 0.2608857 0.4732025 2.584126 0.07084745 0.05826027 2.160658 0.4013157 0.6087158 2.576052 0.1354608 -0.1482818 2.146574 0.4288716 0.7822337 2.476063 0.1544201 -0.2310823 2.149426 0.4281895 0.8214327 2.460466 0.1917381 0.1218473 2.386016 0.2189219 0.05621116 2.385564 0.1906265 -0.02107387 2.332391 0.2771044 -0.0001563071 2.441141 0.1145889 -0.502424 2.349293 0.19696 -0.4303685 2.341796 0.04564247 -0.8923379 2.355468 0.1468767 -0.7799571 2.544427 0.1000184 -0.9375233 2.345364 0.2149774 -0.8186975 2.514078
0.1420701 0.6269375 2.336128 0.1311796 0.4622818 2.359998 0.1006395 0.311246 2.248788 0.2606324 0.4729747 2.58423 0.07090173 0.05602024 2.160779 0.4016597 0.6076759 2.577543 0.1357616 -0.1490033 2.146554 0.4448564 0.7820335 2.486024 0.1554303 -0.2326407 2.149979 0.4469765 0.825676 2.469869 0.1907932 0.1219613 2.385311 0.2175448 0.05662514 2.384464 0.18873 -0.02194289 2.329006 0.2758583 -0.0003811259 2.440941 0.1147362 -0.5025882 2.349327 0.1909711 -0.4258474 2.336458 0.04550924 -0.8931894 2.355886 0.1407531 -0.7753545 2.539189 0.1004115 -0.9377323 2.345772 0.1597768 -0.8284616 2.617637
0.1404547 0.6270233 2.33619 0.1306584 0.4620089 2.360942 0.1008109 0.3109982 2.248672 0.2603925 0.4729251 2.584468 0.07101112 0.05523374 2.160582 0.4071441 0.6098464 2.581156 0.1360448 -0.1502272 2.146362 0.4646859 0.7833771 2.497411 0.1557546 -0.2341388 2.149781 0.474845 0.8340341 2.47898 0.1903377 0.1217085 2.385011 0.2169656 0.05636912 2.384007 0.188095 -0.0219872 2.329055 0.2746901 -0.0001218011 2.439236 0.1147925 -0.502912 2.349391 0.1891453 -0.4245499 2.335105 0.0455899 -0.8932962 2.356044 0.1388809 -0.7740338 2.537866 0.1004013 -0.9379146 2.345771 0.2070575 -0.8127498 2.507655
0.1381933 0.6268716 2.335773 0.1304566 0.4615166 2.362019 0.1011 0.3101652 2.24838 0.2602966 0.4727151 2.584875 0.07104591 0.05457162 2.160353 0.4093399 0.6111209 2.582527 0.1339372 -0.1458595 2.145228 0.4805954 0.7829534 2.507707 0.1548935 -0.2332796 2.149445 0.492545 0.8365081 2.488918 0.190396 0.1213656 2.385022 0.2170448 0.05605335 2.38398 0.1881717 -0.02219222 2.329343 0.2747755 -0.0003434948 2.438929 0.114904 -0.5029429 2.349494 0.1907587 -0.4276845 2.335609 0.04559611 -0.8931798 2.356104 0.1404538 -0.7771461 2.538399 0.1003269 -0.937887 2.345787 0.2086644 -0.8158513 2.508251
0.1370509 0.6268561 2.335569 0.1301816 0.461438 2.362263 0.1013061 0.3097038 2.248363 0.2601148 0.472704 2.584921 0.07087646 0.05420931 2.160157 0.4131184 0.6117126 2.586253 0.1334327 -0.1449092 2.144999 0.5039108 0.7825439 2.521221 0.1543544 -0.2323448 2.149066 0.517908 0.8437897 2.499363 0.1904159 0.1214051 2.385034 0.2171073 0.05617281 2.384009 0.1884426 -0.02218294 2.329326 0.274869 -0.0003511902 2.439166 0.1149246 -0.5032546 2.349577 0.1922402 -0.4316821 2.33666 0.04589079 -0.8936762 2.356013 0.1419079 -0.7811283 2.539472 0.100812 -0.9381772 2.345818 0.160847 -0.8383951 2.614959
0.136969 0.6268755 2.335521 0.1299184 0.4614147 2.362474 0.1015277 0.3095461 2.248252 0.2599179 0.4727277 2.584965 0.07065403 0.05406411 2.159817 0.4153176 0.6113253 2.589404 0.1336527 -0.1466682 2.144588 0.511981 0.7806882 2.525781 0.1544818 -0.2340983 2.149212 0.5306567 0.8426577 2.510428 0.1898503 0.1279369 2.386308 0.216521 0.06578755 2.385871 0.1901019 -0.01987528 2.326983 0.2746688 0.003384328 2.448537 0.1149045 -0.5033985 2.349625 0.1944097 -0.4341471 2.33873 0.04586877 -0.8936803 2.356034 0.1440594 -0.7835831 2.541558 0.1007725 -0.9382032 2.345837 0.1616264 -0.835977 2.620822
0.1360112 0.6269501 2.33538 0.1294818 0.4612894 2.362687 0.1015743 0.3092011 2.248071 0.2595401 0.4726715 2.585002 0.07048292 0.05348295 2.15945 0.4178317 0.6115991 2.591329 0.1337972 -0.1508475 2.14354 0.5175165 0.7794758 2.530087 0.1551485 -0.2378134 2.149311 0.5379786 0.8414267 2.517121 0.1892326 0.1251133 2.384646 0.2158095 0.06099521 2.383222 0.1893131 -0.02054635 2.327259 0.2733735 0.001779287 2.43901 0.1148762 -0.5034385 2.349592 0.1882674 -0.4264545 2.333903 0.04564218 -0.8939883 2.356358 0.1378918 -0.7758777 2.53675 0.1007105 -0.9382405 2.34587 0.1572016 -0.8290854 2.615062
0.135702 0.6268767 2.335282 0.1289827 0.4612748 2.363142 0.1016675 0.3089338 2.248044 0.2591144 0.4727125 2.585237 0.07040566 0.05326185 2.159319 0.4200062 0.610038 2.592352 0.133579 -0.1515756 2.143013 0.5244904 0.7786262 2.534579 0.1544114 -0.2382913 2.148715 0.5447898 0.8410388 2.523015 0.1884281 0.1225338 2.383396 0.2148937 0.05727858 2.381454 0.1879922 -0.02127827 2.328142 0.2717761 0.0004850372 2.432578 0.1147006 -0.5046326 2.349747 0.184164 -0.4230705 2.330668 0.04565794 -0.894049 2.356631 0.1337782 -0.7724897 2.533523 0.1007168 -0.9382505 2.34588 0.1542844 -0.8257965 2.611464
0.1357164 0.626951 2.335285 0.1285526 0.4612261 2.363508 0.1016045 0.3086848 2.247966 0.2587315 0.4727151 2.585435 0.07014305 0.0530822 2.159057 0.421282 0.6093195 2.593712 0.1287219 -0.1423867 2.140623 0.5275872 0.7787285 2.536295 0.1513073 -0.2292441 2.14733 0.5481904 0.8412159 2.526518 0.1857542 0.1285183 2.383232 0.2113679 0.06620862 2.381369 0.1862907 -0.0188843 2.323235 0.2688218 0.004693592 2.439658 0.1134103 -0.5100301 2.350056 0.1828406 -0.4224457 2.32999 0.04575017 -0.893545 2.356229 0.1324504 -0.7718648 2.532848 0.1005895 -0.9380558 2.345632 0.2008384 -0.810516 2.50303
0.135453 0.6271313 2.335358 0.1284148 0.461177 2.363859 0.1016623 0.3084517 2.248034 0.2586164 0.4727064 2.585629 0.06991144 0.0529266 2.158954 0.4228726 0.6089836 2.594136 0.1276897 -0.1404303 2.140029 0.5295544 0.7789385 2.537389 0.1505319 -0.2271917 2.147104 0.5498034 0.8415205 2.527476 0.1862172 0.129154 2.383746 0.2121104 0.06693416 2.382076 0.1869794 -0.01881407 2.323055 0.2705832 0.005131168 2.443074 0.1138631 -0.5083913 2.349917 0.1870843 -0.4267675 2.33357 0.04586926 -0.8928941 2.355712 0.1366892 -0.7761852 2.536434 0.1003723 -0.9379407 2.345659 0.2050744 -0.8148379 2.506611
0.1350665 0.6272973 2.335688 0.1282147 0.4611454 2.363976 0.1015958 0.3082661 2.248061 0.2584212 0.4727019 2.585675 0.06967138 0.05285162 2.15862 0.4230153 0.6089871 2.594341 0.1267709 -0.1386156 2.139622 0.5294263 0.777978 2.53762 0.1498222 -0.2253264 2.146641 0.5496703 0.840539 2.527564 0.1862975 0.1271344 2.383358 0.212451 0.06348148 2.38155 0.1863914 -0.01984469 2.324255 0.2707405 0.004279467 2.44005 0.1139648 -0.5082724 2.35007 0.1880201 -0.4218501 2.340016 0.04566981 -0.8935151 2.356098 0.1376214 -0.7712662 2.542886 0.1005224 -0.9381207 2.345976 0.1558361 -0.8242935 2.621584
0.1349688 0.6275604 2.336202 0.1280099 0.4611429 2.364391 0.1015766 0.3080328 2.247959 0.2582327 0.47273 2.585954 0.06955311 0.05264649 2.158453 0.4235795 0.6087506 2.594267 0.1256938 -0.1366967 2.139066 0.5278531 0.7759359 2.535163 0.1490701 -0.223298 2.146362 0.5468362 0.8382816 2.52184 0.1881645 0.1235773 2.384042 0.2153253 0.05828443 2.382483 0.1881077 -0.0220311 2.328541 0.272834 0.002522882 2.437823 0.1141447 -0.5075336 2.350203 0.1957799 -0.4284721 2.350271 0.0456265 -0.8927522 2.356313 0.1453783 -0.7778893 2.553143 0.09975153 -0.9378127 2.344438 0.2137563 -0.8165482 2.523308
0.1348112 0.6276329 2.336461 0.1277272 0.4612313 2.364668 0.1017262 0.3078875 2.247979 0.2579511 0.4728417 2.586149 0.06934611 0.05260068 2.158253 0.4234844 0.6087187 2.594187 0.1276417 -0.1467961 2.139086 0.5204957 0.7741072 2.52367 0.151448 -0.2332124 2.147144 0.5382317 0.8357221 2.505954 0.1878428 0.1228314 2.38367 0.2149047 0.05737666 2.381978 0.1876368 -0.02234656 2.328488 0.2721316 0.001959299 2.436287 0.1141484 -0.5071751 2.349986 0.1936638 -0.4263607 2.349471 0.04492781 -0.893645 2.357395 0.143261 -0.7757797 2.552346 0.09949835 -0.9380656 2.345151 0.1600326 -0.8319432 2.629167
0.1454617 0.6267899 2.335972 0.1275514 0.4614339 2.365268 0.1019936 0.3078091 2.248181 0.2577704 0.4730611 2.586628 0.06933363 0.05265951 2.158048 0.4223308 0.608092 2.593859 0.1252958 -0.1390762 2.139152 0.4990506 0.7699726 2.501222 0.14892 -0.2256579 2.145862 0.5104865 0.8200206 2.482726 0.188049 0.1221527 2.384012 0.2151555 0.05656972 2.382366 0.1878757 -0.02248178 2.32902 0.2722136 0.000871953 2.436372 0.1141899 -0.5064059 2.349781 0.197796 -0.4322898 2.354053 0.04570832 -0.8928118 2.356411 0.1473921 -0.7817109 2.556929 0.09967967 -0.9382166 2.345159 0.1625785 -0.8366336 2.634968
0.1411472 0.6273319 2.337872 0.1276047 0.4616566 2.366536 0.1020547 0.3077284 2.248191 0.2577941 0.4733141 2.587729 0.069272 0.05262023 2.157954 0.4204445 0.6083784 2.590453 0.1243114 -0.1359599 2.138746 0.4737829 0.771021 2.48184 0.147708 -0.2226094 2.145382 0.4799129 0.8126701 2.465641 0.187845 0.1286068 2.386503 0.2146347 0.06616654 2.385469 0.1888422 -0.02039908 2.326231 0.2727119 0.003826055 2.448979 0.1144156 -0.5055059 2.349588 0.1999474 -0.4347386 2.356686 0.04611073 -0.891571 2.355743 0.1495428 -0.7841617 2.559563 0.09938882 -0.9377712 2.344423 0.1638881 -0.8392571 2.637641
0.1472394 0.6275928 2.337808 0.127609 0.4618139 2.366585 0.1020474 0.3077018 2.248252 0.2573722 0.4725066 2.587813 0.06627056 0.07459676 2.159147 0.4139485 0.6041518 2.584415 0.1265747 -0.1445837 2.138472 0.4461003 0.7627044 2.460634 0.1498357 -0.2312088 2.145862 0.4382259 0.7961496 2.439308 0.1885087 0.1192683 2.386515 0.2155923 0.05088993 2.385486 0.1888658 -0.02317643 2.33099 0.2709804 -0.008307762 2.439443 0.1144171 -0.5055033 2.349589 0.2027898 -0.4693188 2.361272 0.04588618 -0.8922842 2.356122 0.1523842 -0.8187439 2.564151 0.09958202 -0.9378917 2.344378 0.1670071 -0.8630952 2.648748
0.1504081 0.6270155 2.338624 0.1276042 0.4620205 2.366608 0.1018201 0.3076184 2.248167 0.2557898 0.4696494 2.588185 0.06791262 0.06539977 2.157921 0.4047569 0.6027528 2.569425 0.126975 -0.1472978 2.138374 0.4153268 0.7564182 2.435081 0.1503135 -0.2338821 2.146002 0.4096972 0.7811719 2.421635 0.1889956 0.1188495 2.386641 0.2161638 0.05067488 2.385704 0.1893535 -0.02339995 2.332481 0.2721856 -0.007053246 2.439095 0.114426 -0.5051489 2.349298 0.2060222 -0.4386573 2.365292 0.04514608 -0.8931788 2.356395 0.1556162 -0.7880843 2.568172 0.09949649 -0.9379581 2.344475 0.1683665 -0.8424805 2.647014
0.1543223 0.6271557 2.340269 0.1279481 0.4623574 2.366961 0.1000998 0.3085332 2.248046 0.2555367 0.4681385 2.588916 0.066621 0.07510471 2.158846 0.3978983 0.6027992 2.561387 0.1234351 -0.1356131 2.138332 0.3969221 0.7530724 2.42242 0.1468223 -0.2222956 2.144572 0.3710249 0.7487935 2.417823 0.1893393 0.118782 2.386608 0.2165022 0.05076347 2.385597 0.1892972 -0.02311331 2.33308 0.2736366 -0.005154137 2.437273 0.1144426 -0.5049766 2.34931 0.205587 -0.4377401 2.364338 0.04528579 -0.8934519 2.356385 0.1551807 -0.7871692 2.567219 0.09969591 -0.9381555 2.344451 0.2238954 -0.8257208 2.538019
0.1556776 0.6273111 2.340244 0.128442 0.462739 2.367039 0.09790509 0.3104213 2.247909 0.2555957 0.4673975 2.589045 0.06557193 0.08956181 2.161503 0.3981375 0.6017886 2.558289 0.1217307 -0.1275072 2.138819 0.3512558 0.7326442 2.406963 0.1446576 -0.2143758 2.144114 0.3370061 0.7834605 2.36647 0.1896762 0.1185965 2.38667 0.2167263 0.0506873 2.385612 0.1894371 -0.02301546 2.333157 0.2740599 -0.00654826 2.437556 0.1145085 -0.5045826 2.349267 0.2056968 -0.4768591 2.365066 0.04529544 -0.8926601 2.356203 0.1552902 -0.8262901 2.567949 0.09937373 -0.9376056 2.343682 0.2238864 -0.8648796 2.53852
0.1575869 0.628027 2.340204 0.1288631 0.4633711 2.365904 0.09705785 0.311624 2.248218 0.2554452 0.4666791 2.587995 0.06587219 0.09661208 2.16308 0.3973331 0.6016853 2.555495 0.1218975 -0.1274973 2.139058 0.3357281 0.7291684 2.406823 0.144784 -0.2143848 2.144222 0.3186336 0.7789143 2.366102 0.1754501 0.2148951 2.39007 0.1988895 0.1676742 2.391071 0.1915407 0.02856837 2.285411 0.2651329 0.04752932 2.512093 0.1144692 -0.5045711 2.349264 0.1838276 -0.4117638 2.347897 0.04510589 -0.8931803 2.356473 0.1334207 -0.7611971 2.550781 0.09949564 -0.9376961 2.343764 0.1547461 -0.8189671 2.625251
0.1596188 0.6294857 2.341166 0.128969 0.46407 2.365649 0.09586337 0.313029 2.248351 0.2553204 0.4666024 2.587882 0.06521653 0.1069761 2.164635 0.3962325 0.602451 2.552442 0.1222462 -0.1267524 2.139694 0.3186116 0.7229849 2.405653 0.1448655 -0.213751 2.144119 0.3010067 0.7724689 2.36483 0.1764231 0.2138953 2.39086 0.2003436 0.1661088 2.39203 0.1932759 0.02846259 2.287623 0.266724 0.04679636 2.511924 0.1144568 -0.5045843 2.349282 0.2001813 -0.4320947 2.35977 0.04501975 -0.8935669 2.356488 0.1497741 -0.7815299 2.562656 0.09979993 -0.9377092 2.344156 0.1662948 -0.8368614 2.640138
0.1603045 0.6299694 2.341286 0.1288038 0.4644713 2.364337 0.08511233 0.324419 2.24549 0.2546269 0.4658917 2.58641 0.06492605 0.1135737 2.165843 0.3955005 0.6018802 2.552541 0.1246941 -0.1313384 2.141071 0.3256002 0.7504811 2.381707 0.1464052 -0.2186127 2.144508 0.3079953 0.7999651 2.340884 0.1766217 0.2149445 2.391345 0.2005655 0.1677112 2.392589 0.1937935 0.02919567 2.288278 0.2682117 0.04751375 2.513727 0.114462 -0.5045379 2.349293 0.2026837 -0.4334224 2.362241 0.04493456 -0.8938298 2.356583 0.1522761 -0.7828597 2.565128 0.09994386 -0.9376195 2.344015 0.1677295 -0.8380466 2.642933
0.1607426 0.6298656 2.341363 0.1287988 0.4646161 2.36428 0.08640658 0.3226021 2.246051 0.2544725 0.4657212 2.586356 0.06492447 0.1123218 2.165708 0.392821 0.6042027 2.551291 0.1239164 -0.1252484 2.141673 0.32891 0.7503326 2.387487 0.1451671 -0.2126623 2.144367 0.311305 0.7998168 2.346663 0.1766921 0.2151628 2.39177 0.2006757 0.1679669 2.393058 0.1943502 0.02957003 2.289082 0.2683851 0.04742517 2.514212 0.1145823 -0.502566 2.34867 0.2027973 -0.4345744 2.36247 0.04478611 -0.8940755 2.356877 0.1523894 -0.7840139 2.565358 0.09987286 -0.9377194 2.34414 0.1681813 -0.8382096 2.64379
0.1608791 0.6297371 2.341491 0.1286796 0.464677 2.364479 0.08638416 0.3208208 2.246162 0.2540088 0.4652388 2.586743 0.06461902 0.1115847 2.165763 0.4116817 0.5735931 2.603277 0.1240409 -0.1247064 2.141702 0.3527294 0.7018462 2.454157 0.1452086 -0.2121495 2.144097 0.3351244 0.7513307 2.413334 0.1767618 0.2110348 2.393039 0.2009353 0.1622027 2.394322 0.1939123 0.02762082 2.291161 0.2682606 0.04530568 2.512919 0.1146841 -0.5020149 2.348419 0.2028143 -0.4351873 2.362846 0.04494387 -0.8946264 2.356977 0.1524062 -0.7846289 2.565736 0.1001002 -0.9383958 2.344992 0.2203807 -0.8234149 2.535139
0.1599236 0.6294175 2.341294 0.127136 0.4645977 2.36426 0.08695777 0.3197072 2.246502 0.2516252 0.4641697 2.58647 0.06440889 0.1113468 2.165838 0.3917387 0.6011637 2.561895 0.1229444 -0.12313 2.141465 0.3566533 0.7491622 2.425149 0.1450235 -0.2103391 2.144178 0.3587521 0.7708853 2.411689 0.1741273 0.2120645 2.392697 0.1978972 0.1638701 2.393837 0.1922225 0.02739986 2.289501 0.2647576 0.04513703 2.513706 0.1144792 -0.5023107 2.348397 0.1923712 -0.4247106 2.355453 0.04503181 -0.8947744 2.357071 0.1419628 -0.7741543 2.558344 0.1001788 -0.9386798 2.345547 0.1606271 -0.8318584 2.633579
0.159373 0.6291813 2.341238 0.1264512 0.4649094 2.365458 0.08779329 0.3181887 2.246761 0.2507603 0.4639272 2.587747 0.06434388 0.1004281 2.164386 0.3891576 0.6026602 2.562012 0.1257644 -0.1335934 2.141648 0.3708904 0.7559887 2.428169 0.1477984 -0.2208073 2.144591 0.3626148 0.7752161 2.412228 0.1737835 0.2111195 2.393282 0.1976538 0.1627993 2.394308 0.191708 0.02618996 2.289758 0.2646352 0.04514386 2.513648 0.1145187 -0.5022297 2.348389 0.1928701 -0.4227492 2.356002 0.04485648 -0.8949418 2.357161 0.1424613 -0.772195 2.558894 0.1001866 -0.9384499 2.345022 0.1608597 -0.8302063 2.633959
0.1433344 0.6304778 2.342103 0.1258077 0.4647797 2.365296 0.08877584 0.3165494 2.247467 0.2507952 0.4640581 2.587759 0.06652905 0.06108315 2.161537 0.3891369 0.6027038 2.56816 0.1266456 -0.1372491 2.141915 0.3851068 0.7619529 2.440847 0.1489639 -0.2243882 2.144948 0.379536 0.7881793 2.421782 0.1814798 0.1225158 2.384032 0.2081967 0.05711991 2.383056 0.1782655 -0.02217965 2.328203 0.267074 0.001547655 2.43983 0.1145119 -0.5025641 2.348386 0.1925885 -0.4224309 2.355943 0.04454374 -0.8956323 2.357802 0.1421795 -0.7718787 2.558837 0.1004028 -0.9383073 2.345138 0.1607207 -0.8297521 2.633973
0.1378769 0.6290351 2.342733 0.1254726 0.4646596 2.36566 0.0900522 0.3143637 2.247916 0.2492533 0.4662049 2.58757 0.06658615 0.05967426 2.161436 0.389225 0.6030719 2.570395 0.1272546 -0.1415234 2.142788 0.4067791 0.7686839 2.453934 0.1503528 -0.2284455 2.146195 0.395697 0.8029921 2.429448 0.1818418 0.1242483 2.384779 0.2086485 0.0595936 2.383925 0.1792986 -0.02031639 2.329029 0.26712 0.004526104 2.44067 0.114498 -0.5029197 2.348583 0.1924881 -0.422376 2.355907 0.04456504 -0.895662 2.357774 0.1420787 -0.7718258 2.558802 0.100565 -0.9382891 2.345577 0.1606833 -0.8297135 2.633912
0.135349 0.6285683 2.342295 0.1249124 0.4645629 2.366922 0.09076461 0.3135785 2.248432 0.249201 0.466324 2.587706 0.06659635 0.05928551 2.161387 0.3901781 0.6018326 2.5746 0.1274906 -0.1430139 2.143206 0.4147013 0.769556 2.463085 0.1503897 -0.2299627 2.147226 0.4148504 0.8124051 2.442036 0.18262 0.1225861 2.385741 0.2096599 0.05724867 2.384845 0.1803152 -0.02174365 2.330658 0.2676589 0.003233419 2.440511 0.1144927 -0.5032162 2.348666 0.1946759 -0.4242412 2.357841 0.04441278 -0.8961686 2.357985 0.1442663 -0.7736931 2.560738 0.1006658 -0.9384881 2.34588 0.1622471 -0.8314992 2.636063
0.1347748 0.6287313 2.342043 0.124015 0.4643821 2.367782 0.09159708 0.3126303 2.24877 0.2489073 0.4664177 2.587801 0.06372549 0.07293233 2.162376 0.3914875 0.6018039 2.578034 0.1277719 -0.1444753 2.143658 0.429442 0.7718515 2.475159 0.1503112 -0.2315105 2.147842 0.4368627 0.8177519 2.455784 0.1825472 0.1217089 2.385828 0.2095949 0.05607975 2.384779 0.1802402 -0.02215014 2.331151 0.2673725 0.002785373 2.439413 0.1144745 -0.5032468 2.348788 0.1934482 -0.4235069 2.357253 0.04467815 -0.8955503 2.357918 0.1430387 -0.7729584 2.560149 0.1005263 -0.9384362 2.345932 0.2116484 -0.8115456 2.530736
0.1321923 0.6286712 2.341969 0.1232302 0.4642875 2.368224 0.09234376 0.3117389 2.248892 0.2484972 0.4665409 2.587782 0.06380267 0.06396099 2.161653 0.3976108 0.609689 2.580164 0.1288914 -0.1467993 2.14414 0.4463718 0.7807568 2.484764 0.1503126 -0.2320619 2.148223 0.4531271 0.8252559 2.466343 0.1822679 0.1328505 2.388994 0.2094342 0.07232229 2.388818 0.1834004 -0.01789805 2.327605 0.2680363 0.01073965 2.454763 0.1143633 -0.5039677 2.348763 0.1963415 -0.4263399 2.359624 0.04475746 -0.8955573 2.357481 0.1459316 -0.7757934 2.562523 0.1007063 -0.9383897 2.345774 0.1642362 -0.8333872 2.637933
0.1313767 0.6288862 2.341782 0.1221936 0.4643702 2.369131 0.0927807 0.3112809 2.249118 0.2478506 0.4668279 2.588085 0.06421547 0.06091875 2.16127 0.3995768 0.6129457 2.582587 0.1293818 -0.1478915 2.144297 0.4604449 0.7824287 2.492125 0.1500614 -0.2324983 2.148534 0.4670248 0.8278729 2.472262 0.1828087 0.12845 2.388967 0.2105456 0.06385387 2.388112 0.1837298 -0.01936092 2.328876 0.2683785 0.006698964 2.449479 0.114284 -0.5046227 2.348804 0.1960199 -0.4263575 2.359623 0.04532162 -0.8954884 2.356469 0.1456097 -0.775813 2.562522 0.1012701 -0.9386395 2.345994 0.164021 -0.8334078 2.637906
0.1307905 0.6288749 2.341768 0.1213022 0.4644419 2.369452 0.09307949 0.3110151 2.249259 0.2470725 0.4503121 2.58291 0.06300928 0.07206704 2.161424 0.4017057 0.6142622 2.584929 0.1293577 -0.1481893 2.144347 0.4719861 0.7829279 2.500937 0.1497836 -0.233265 2.149115 0.4904863 0.8436629 2.481076 0.1827712 0.1293211 2.38897 0.2105516 0.06530876 2.38808 0.185671 -0.01925303 2.324075 0.2688857 0.005759705 2.453392 0.1141484 -0.5048422 2.348846 0.1960538 -0.4264561 2.359791 0.04477538 -0.8958787 2.357812 0.1456434 -0.7759135 2.562692 0.1009837 -0.9382969 2.34584 0.1640216 -0.8334996 2.638091
0.1295484 0.6288281 2.340597 0.1208181 0.4645053 2.370036 0.09346116 0.3104967 2.249408 0.2470108 0.4520908 2.583112 0.06184179 0.07406063 2.161173 0.4031099 0.6152433 2.587157 0.1291228 -0.1494724 2.144114 0.4879768 0.7808065 2.512428 0.1492359 -0.233816 2.149071 0.5035285 0.8424945 2.492981 0.1816792 0.1325837 2.389228 0.2089457 0.07003579 2.388135 0.1854732 -0.01828188 2.320857 0.2678224 0.006137851 2.456385 0.1140267 -0.5043494 2.348796 0.1949541 -0.4264673 2.359286 0.04452774 -0.8950076 2.357458 0.1484732 -0.7799027 2.556851 0.1003346 -0.9377734 2.344863 0.2172635 -0.8184435 2.527798
0.1282406 0.6292106 2.340745 0.1200825 0.4645152 2.369927 0.09374327 0.3101944 2.249522 0.2459616 0.4582517 2.583532 0.06098419 0.06450012 2.159694 0.4048841 0.6151924 2.588725 0.129675 -0.1518475 2.144124 0.4992152 0.7825808 2.518383 0.1490181 -0.2346308 2.149231 0.5176016 0.844426 2.50218 0.1806662 0.1360862 2.389166 0.2077815 0.07462177 2.388131 0.1856913 -0.017174 2.318544 0.2671246 0.00717331 2.459415 0.113985 -0.5045059 2.348882 0.1942393 -0.426421 2.359045 0.04442681 -0.8953288 2.357611 0.1490783 -0.7807037 2.555541 0.1004112 -0.9383373 2.34675 0.2178659 -0.8192473 2.526487
0.1279845 0.629361 2.34089 0.1195168 0.4646924 2.370369 0.09378224 0.3101829 2.249606 0.2454164 0.4612393 2.584084 0.05980516 0.06948296 2.159401 0.4063496 0.6145359 2.591021 0.1297151 -0.1521997 2.144097 0.5033386 0.7805632 2.521524 0.1482835 -0.2347511 2.148742 0.5226199 0.8425733 2.507089 0.1805028 0.1370982 2.389282 0.2076559 0.07567482 2.388169 0.1858689 -0.01668778 2.317977 0.2670733 0.007398578 2.459806 0.1136234 -0.5048375 2.348817 0.1938566 -0.4265381 2.358869 0.04398702 -0.8955901 2.358002 0.1497 -0.7814619 2.554548 0.1003126 -0.9382519 2.346814 0.1650334 -0.8339289 2.634242
0.1279785 0.6293709 2.340851 0.1193231 0.4647351 2.370515 0.09377455 0.3101977 2.24967 0.2454689 0.4613138 2.584025 0.05885238 0.0725876 2.159288 0.4083187 0.6144618 2.592758 0.129587 -0.152842 2.143941 0.5076634 0.7803803 2.524669 0.1478598 -0.2349045 2.148279 0.5269937 0.8420919 2.509069 0.1808796 0.1370087 2.389529 0.2082304 0.07544814 2.388483 0.1864202 -0.01685262 2.31846 0.2678393 0.007603456 2.460069 0.1135659 -0.5048746 2.348843 0.1967027 -0.4262591 2.361615 0.04346844 -0.8960879 2.358616 0.1556749 -0.7815933 2.557243 0.100316 -0.9382553 2.346815 0.2244342 -0.8201538 2.528142
0.1284503 0.6295506 2.340862 0.1191484 0.4650801 2.371259 0.09378292 0.3101535 2.249666 0.2456997 0.4616781 2.584288 0.05845914 0.07474419 2.159045 0.4094811 0.6143694 2.593804 0.129113 -0.1534715 2.143811 0.5095539 0.7804407 2.525258 0.1466699 -0.2347013 2.147487 0.5287205 0.842032 2.508995 0.1801788 0.139098 2.389814 0.2072752 0.07786971 2.388583 0.1857836 -0.01595792 2.316929 0.2671916 0.008188128 2.461268 0.113506 -0.5047131 2.348852 0.1945798 -0.4261698 2.360443 0.0436812 -0.8957872 2.358466 0.1541241 -0.7817879 2.555727 0.100485 -0.9382883 2.346825 0.2228692 -0.8203533 2.526598
0.1283708 0.6296206 2.340813 0.1188404 0.4652753 2.371521 0.09381679 0.3100843 2.249678 0.246088 0.4652474 2.584209 0.05807852 0.07596095 2.158915 0.4105084 0.6143984 2.595137 0.1288135 -0.1538432 2.14364 0.5095572 0.7800269 2.525145 0.1462887 -0.2347225 2.147278 0.5292463 0.8413614 2.50854 0.1795554 0.1404953 2.390033 0.2065247 0.07942562 2.388731 0.185433 -0.01563241 2.31636 0.2666106 0.00871678 2.462254 0.1134318 -0.5048441 2.348856 0.1937977 -0.4261335 2.359989 0.04371379 -0.8958234 2.358379 0.1535719 -0.7819058 2.555072 0.1004861 -0.9382753 2.346832 0.1675994 -0.8361979 2.633778
0.1285687 0.6296706 2.340851 0.118826 0.4652251 2.372845 0.09416027 0.3099003 2.249967 0.2488706 0.4442725 2.580024 0.05786636 0.07793489 2.158735 0.4109699 0.614131 2.595582 0.1286973 -0.1542497 2.143686 0.5087817 0.7796478 2.523799 0.1459098 -0.2349936 2.147376 0.5280067 0.8408383 2.506154 0.1794718 0.140395 2.390041 0.2063266 0.07921878 2.388601 0.1848859 -0.0160755 2.31456 0.2659806 0.007780554 2.462596 0.1134644 -0.5049723 2.349002 0.1928776 -0.425525 2.359611 0.04371322 -0.8958287 2.358377 0.1530109 -0.7814302 2.554549 0.1005573 -0.9383329 2.346821 0.1672603 -0.8358113 2.633155
