0.16462 0.6202354 2.232366 0.1360526 0.4427514 2.275913 0.05204947 0.2946065 2.172659 0.311272 0.4299676 2.447851 -0.02166181 0.07740717 2.108548 0.4515112 0.5635786 2.451709 0.01366506 -0.1676936 2.071743 0.4714507 0.7328623 2.340654 0.03267599 -0.2509502 2.07459 0.4716283 0.788695 2.312055 0.176359 0.1154096 2.282547 0.1948227 0.05168311 2.276019 0.1458598 -0.03923947 2.223527 0.2680621 -0.02081335 2.322201 0.06715988 -0.5464476 2.33969 0.2440591 -0.5213474 2.471562 0.005639758 -0.8972725 2.417872 0.2297476 -0.8667794 2.534573 0.02451814 -0.9514148 2.375598 0.2919411 -0.9194226 2.552766
0.1643757 0.6200662 2.232038 0.1359146 0.4427516 2.276034 0.05176966 0.2946358 2.172442 0.3131691 0.4325755 2.449366 -0.02197292 0.0765093 2.108457 0.4532396 0.5664733 2.452721 0.01364465 -0.1681133 2.071806 0.4914078 0.7443433 2.346619 0.03271129 -0.2512762 2.074848 0.5018913 0.8047411 2.318996 0.1754089 0.1161461 2.282559 0.1936457 0.052735 2.275927 0.1443529 -0.03907373 2.222936 0.2674093 -0.02033508 2.322412 0.06685054 -0.5463355 2.339427 0.2431636 -0.5238349 2.471685 0.006229514 -0.8966989 2.417625 0.2299995 -0.8666628 2.534544 0.02586383 -0.9511441 2.376091 0.2921435 -0.9194261 2.552644
0.1624289 0.6197899 2.231328 0.1356893 0.442773 2.276205 0.05163217 0.2946836 2.172274 0.3114569 0.4334849 2.447695 -0.02209834 0.07599561 2.108346 0.4530172 0.5650256 2.454377 0.0137129 -0.1684982 2.071843 0.5063418 0.753935 2.352098 0.0326917 -0.2515171 2.075007 0.5177257 0.8118553 2.327736 0.1751208 0.1159802 2.282738 0.1934026 0.05253421 2.276079 0.1443137 -0.03914075 2.222929 0.2666595 -0.02086448 2.323096 0.06694016 -0.5460508 2.339317 0.2428717 -0.5320796 2.475197 0.006147421 -0.896772 2.417663 0.2300492 -0.866488 2.534764 0.02656826 -0.9510725 2.37632 0.2916367 -0.9186848 2.55193
0.1624748 0.6198428 2.231038 0.1355195 0.4428166 2.276129 0.05158158 0.294631 2.172239 0.3110065 0.4339727 2.447137 -0.02252056 0.07440776 2.10782 0.4551331 0.5671189 2.455108 0.0138033 -0.168761 2.071712 0.520844 0.7595268 2.355594 0.03266425 -0.2516979 2.074895 0.5331457 0.8122475 2.333454 0.1747126 0.1162988 2.282657 0.1930081 0.05293173 2.275971 0.1441137 -0.03911664 2.222526 0.2660799 -0.02046958 2.323424 0.0665061 -0.545341 2.338345 0.2478535 -0.4839963 2.458498 0.006535349 -0.8963329 2.41699 0.2298792 -0.8664181 2.534448 0.02736883 -0.9516394 2.377217 0.2895791 -0.9176309 2.549913
0.1626721 0.6195618 2.23068 0.1354592 0.4429394 2.276493 0.05148534 0.2946132 2.172082 0.3106192 0.4341215 2.446747 -0.02247962 0.07350978 2.107647 0.4554753 0.5661073 2.455767 0.0138233 -0.1688175 2.071725 0.5340194 0.7672559 2.358126 0.03271211 -0.251866 2.074934 0.5469476 0.8152084 2.338461 0.1744609 0.1163589 2.282726 0.1927794 0.05301313 2.275933 0.1439066 -0.03915531 2.222294 0.2656142 -0.0202881 2.323436 0.06670529 -0.5455841 2.338617 0.239739 -0.538456 2.476983 0.006713553 -0.8960573 2.416774 0.2300162 -0.8665707 2.533962 0.02629614 -0.951363 2.376369 0.289754 -0.9178899 2.55003
0.1626437 0.6195557 2.230571 0.1354233 0.4430171 2.27673 0.05130475 0.2944977 2.171908 0.3100064 0.4347616 2.445853 -0.02243524 0.07321931 2.107412 0.459198 0.5691423 2.455684 0.01385798 -0.1687999 2.07172 0.540017 0.7626398 2.362384 0.03236245 -0.2520331 2.074269 0.5558921 0.8148307 2.341838 0.1742778 0.1162243 2.282836 0.1926308 0.05282814 2.275939 0.1437433 -0.03943374 2.222217 0.2654139 -0.02042587 2.323444 0.06715996 -0.5460171 2.339445 0.2398505 -0.5386648 2.477139 0.005891629 -0.8972811 2.418755 0.2302215 -0.8667955 2.534036 0.02594546 -0.9513231 2.376898 0.2908632 -0.9192644 2.551906
0.1626987 0.6196132 2.230574 0.1354906 0.442985 2.277241 0.05123201 0.29447 2.171758 0.3099339 0.4350303 2.445554 -0.02236208 0.07285857 2.107189 0.4610941 0.5703273 2.455566 0.01388283 -0.1687694 2.071594 0.5442847 0.7623043 2.363934 0.03236568 -0.2520174 2.074246 0.5607048 0.8145924 2.342715 0.1740047 0.1161972 2.282947 0.1923807 0.05283094 2.275876 0.1433276 -0.03955364 2.221848 0.265053 -0.02045766 2.323393 0.06737898 -0.5458607 2.339596 0.2397891 -0.5386145 2.477029 0.006701513 -0.8961619 2.418355 0.2303002 -0.8673648 2.534766 0.02496954 -0.9504049 2.375945 0.2908186 -0.9191955 2.552073
0.1626004 0.6196052 2.230689 0.1354953 0.4429801 2.27724 0.0510892 0.2945175 2.171652 0.309948 0.4350648 2.445575 -0.02220402 0.07235427 2.106922 0.4607928 0.5657748 2.45682 0.01403456 -0.1686349 2.071385 0.5459058 0.7604171 2.36402 0.03260232 -0.2521763 2.073858 0.5627031 0.8135372 2.342471 0.1739118 0.1162177 2.283019 0.1923888 0.05289251 2.275839 0.1433857 -0.03952436 2.221455 0.2651053 -0.02052509 2.323514 0.06755161 -0.5464304 2.340176 0.2466638 -0.4850202 2.459586 0.006387599 -0.8964731 2.41876 0.230244 -0.8673921 2.534684 0.02514936 -0.951 2.376934 0.2914715 -0.9192754 2.551914
0.1641166 0.6189687 2.230543 0.13558 0.4429345 2.27737 0.05097245 0.2945094 2.171435 0.3097308 0.435047 2.445374 -0.02199988 0.07159892 2.106679 0.459239 0.5598496 2.458279 0.01423145 -0.1686442 2.071084 0.5456234 0.7593679 2.363097 0.03255186 -0.2518751 2.073217 0.561777 0.8104935 2.341611 0.1742599 0.1161238 2.283169 0.1929967 0.05282288 2.275876 0.1445008 -0.03978476 2.221179 0.2658843 -0.02059481 2.323783 0.06701458 -0.5466149 2.339835 0.2428369 -0.5168715 2.470363 0.006373353 -0.8965966 2.419044 0.2302029 -0.8673539 2.534652 0.02460423 -0.9509719 2.376788 0.2916875 -0.9191237 2.551796
0.165576 0.6184846 2.2302 0.1356563 0.4429675 2.27745 0.0509597 0.2945346 2.171415 0.3108826 0.4350782 2.446655 -0.02148356 0.07073646 2.106399 0.4591545 0.557627 2.458565 0.01439833 -0.1685665 2.070644 0.5431132 0.7554258 2.360794 0.03297222 -0.2520008 2.072557 0.5576314 0.8062892 2.336464 0.1747367 0.1163695 2.283368 0.1937378 0.05318888 2.276009 0.1454078 -0.03964389 2.22101 0.2671158 -0.0205963 2.324333 0.06645013 -0.5463145 2.339214 0.2418371 -0.5218172 2.4712 0.006212824 -0.8965196 2.419456 0.2302217 -0.8673562 2.53448 0.02474332 -0.9506887 2.377066 0.2917076 -0.9191139 2.551844
0.1658114 0.6185034 2.230179 0.1356914 0.4429601 2.277444 0.05122355 0.2947134 2.171326 0.3119382 0.4355202 2.447926 -0.0212885 0.07076566 2.106226 0.4614468 0.5565889 2.459333 0.01471623 -0.1686513 2.070241 0.5293007 0.7453145 2.350981 0.03339183 -0.2520618 2.072375 0.5392179 0.7946123 2.324645 0.1750913 0.1163872 2.283433 0.1943081 0.05325269 2.276024 0.1462002 -0.0397499 2.22093 0.2679209 -0.02059125 2.324511 0.06657353 -0.5465323 2.339496 0.2408431 -0.5322918 2.474405 0.006085311 -0.896949 2.419784 0.2296211 -0.8671259 2.534268 0.0255103 -0.9512629 2.377985 0.2888275 -0.9182953 2.550639
0.1673065 0.6187571 2.230445 0.1360078 0.4430971 2.277608 0.05176426 0.295048 2.171233 0.3131155 0.4352312 2.449416 -0.02102273 0.07093771 2.106049 0.4640602 0.5544888 2.46087 0.01517535 -0.1686208 2.069748 0.5063646 0.7303679 2.341113 0.03377303 -0.2515317 2.071546 0.5111079 0.7796459 2.313571 0.176025 0.1159825 2.283819 0.1955151 0.05268016 2.276454 0.1475538 -0.04024693 2.221317 0.269283 -0.0213547 2.325175 0.06672863 -0.5464358 2.339591 0.24087 -0.5322977 2.474407 0.00589521 -0.8970438 2.419814 0.2297402 -0.8669822 2.534255 0.02455094 -0.9504917 2.376573 0.2891375 -0.9180594 2.550244
0.1675836 0.6188173 2.230384 0.1362574 0.4431033 2.277488 0.05221368 0.2953159 2.171257 0.3137778 0.4336711 2.450537 -0.02072562 0.07152741 2.105965 0.462256 0.5580826 2.45427 0.01542345 -0.1684293 2.06958 0.4886616 0.7215701 2.332358 0.03382219 -0.2511328 2.070931 0.486046 0.7692592 2.30401 0.177008 0.1146489 2.283787 0.1967713 0.05088043 2.27647 0.1484075 -0.04101371 2.221799 0.2703364 -0.02253128 2.324888 0.06660016 -0.5466599 2.339578 0.2408738 -0.5323395 2.4744 0.005864054 -0.8975205 2.42023 0.2302401 -0.8671235 2.534516 0.02483385 -0.9510252 2.377197 0.2889562 -0.9179161 2.549765
0.1682202 0.6187215 2.230608 0.1368669 0.4431631 2.2778 0.05259251 0.2954239 2.171287 0.3143097 0.4331498 2.451151 -0.02052297 0.07162477 2.105844 0.4677822 0.5500773 2.45954 0.01564256 -0.1681056 2.069198 0.4544177 0.7026901 2.317615 0.0346902 -0.2502306 2.070501 0.4418748 0.7512495 2.283 0.1773574 0.1146057 2.283891 0.1971181 0.05085851 2.276498 0.1487718 -0.04104077 2.22177 0.2706495 -0.0225806 2.324911 0.06684335 -0.5469306 2.339655 0.2493585 -0.4857119 2.459847 0.006453541 -0.8966459 2.419381 0.2300783 -0.8658152 2.533456 0.02430128 -0.9507577 2.376629 0.2910346 -0.9179567 2.549356
0.1684546 0.6183661 2.230992 0.137364 0.4434212 2.277898 0.05340775 0.2954256 2.171418 0.3147092 0.4319829 2.451744 -0.02034537 0.0717423 2.105863 0.4863718 0.5003643 2.491083 0.01578714 -0.1680125 2.069024 0.4334699 0.6483228 2.33717 0.03500891 -0.2499191 2.07003 0.4183423 0.7291517 2.280275 0.1779385 0.1142225 2.283975 0.1978059 0.05035168 2.276544 0.1494011 -0.04123206 2.221879 0.2711867 -0.02295664 2.324902 0.06709287 -0.5466799 2.339727 0.243296 -0.5173445 2.469354 0.007857568 -0.8949927 2.418432 0.2299654 -0.8657072 2.533466 0.02514531 -0.9503506 2.377068 0.2923206 -0.918664 2.550904
0.1717017 0.618477 2.232924 0.1375383 0.4435619 2.277789 0.05415282 0.2954874 2.171572 0.3164258 0.4319983 2.453566 -0.02023176 0.07192571 2.105851 0.4874935 0.5027884 2.491888 0.01586448 -0.1678178 2.068951 0.4088111 0.658272 2.318856 0.03524354 -0.2495699 2.069751 0.391847 0.6994029 2.280469 0.1789272 0.1153718 2.284317 0.1990404 0.05193052 2.277097 0.1510458 -0.04013571 2.221901 0.2727205 -0.02220107 2.326412 0.06706189 -0.5465531 2.339589 0.2467482 -0.4945969 2.462522 0.007512696 -0.8952891 2.419058 0.2303593 -0.8657417 2.533107 0.02545799 -0.9504351 2.377692 0.2923576 -0.9184465 2.550606
0.1744456 0.6178914 2.233968 0.1383312 0.4437619 2.277886 0.0547463 0.2957495 2.171736 0.3171937 0.4319252 2.454486 -0.02017065 0.07193638 2.105842 0.4886838 0.5051263 2.488854 0.01590339 -0.1676582 2.068917 0.4031649 0.6445466 2.320478 0.03545056 -0.2493882 2.069898 0.3783534 0.6712313 2.285824 0.1794778 0.1156591 2.2844 0.1995183 0.05222047 2.277181 0.1516614 -0.03933615 2.222259 0.2731236 -0.02205644 2.326334 0.0671844 -0.5462467 2.339588 0.2473073 -0.4915982 2.461565 0.007148385 -0.8956924 2.4196 0.2303232 -0.8656295 2.533182 0.02517841 -0.9497397 2.376844 0.2923081 -0.918537 2.550591
0.1755028 0.6179338 2.234257 0.1391224 0.4440919 2.278369 0.0550542 0.2958692 2.171925 0.317707 0.4315914 2.454752 -0.0200031 0.07176664 2.105912 0.4889928 0.5068237 2.487164 0.01592159 -0.1675931 2.068974 0.4014016 0.6418845 2.321225 0.0355501 -0.2495237 2.070142 0.377248 0.6704038 2.286316 0.1803347 0.1159271 2.284827 0.2003389 0.05248018 2.277564 0.1525357 -0.0390751 2.222612 0.2739532 -0.02193971 2.326689 0.06807209 -0.5463672 2.340517 0.2432046 -0.5232818 2.471507 0.007018146 -0.8958277 2.419633 0.2303316 -0.8659492 2.533029 0.02463661 -0.9495311 2.376277 0.2891504 -0.9178962 2.550076
0.1760923 0.6177096 2.234552 0.1394223 0.4441442 2.278536 0.0552746 0.2958388 2.172014 0.318229 0.4317285 2.456194 -0.01975274 0.07129111 2.106187 0.4874104 0.5108166 2.489635 0.01617932 -0.1675844 2.069345 0.3993833 0.6462338 2.3172 0.03547458 -0.2495054 2.070578 0.3769998 0.6801059 2.28113 0.1810058 0.1160465 2.285365 0.2010873 0.05262328 2.278201 0.1536316 -0.03891382 2.223655 0.2746558 -0.02182797 2.327223 0.06833535 -0.546385 2.340722 0.2431304 -0.5241366 2.471614 0.007567564 -0.8953233 2.4189 0.2304497 -0.8660054 2.532919 0.02556377 -0.9499557 2.376881 0.2893039 -0.9179417 2.550294
0.176092 0.617642 2.234497 0.1398367 0.4438422 2.279089 0.05530529 0.2957984 2.172058 0.3182675 0.4314525 2.456249 -0.01963816 0.07113017 2.106565 0.4867694 0.5127237 2.488661 0.01644437 -0.1678247 2.069764 0.4144695 0.6337147 2.339319 0.0354839 -0.2499597 2.071074 0.3816274 0.6975238 2.282109 0.181309 0.1160925 2.285682 0.2013613 0.05273036 2.278477 0.1539798 -0.03888132 2.22375 0.2749099 -0.02191259 2.327619 0.06830973 -0.546658 2.340915 0.2421039 -0.5344307 2.474929 0.007235388 -0.8957055 2.41901 0.2305267 -0.8660524 2.532953 0.02645282 -0.950471 2.377712 0.2922023 -0.9181805 2.549096
0.1761041 0.617649 2.234471 0.1399046 0.4437502 2.279231 0.05541633 0.2956826 2.172194 0.3183703 0.4308667 2.456288 -0.01958107 0.07159172 2.10699 0.4865565 0.5123945 2.489246 0.01649853 -0.1679572 2.070103 0.4194359 0.6400987 2.340992 0.03585093 -0.2502604 2.072038 0.4010886 0.7199876 2.281054 0.1814079 0.115973 2.285792 0.2014538 0.05261566 2.278572 0.1541062 -0.03900539 2.223773 0.2750188 -0.02215856 2.32779 0.06798536 -0.5472354 2.341037 0.2497893 -0.485945 2.460194 0.006350633 -0.8972422 2.42088 0.2306069 -0.8662866 2.532863 0.02527125 -0.9494958 2.37632 0.2923819 -0.9186287 2.549979
0.1740705 0.6176627 2.233782 0.1398499 0.4435436 2.279066 0.05537039 0.2955706 2.172262 0.3185776 0.4303655 2.456719 -0.01940208 0.0716968 2.107433 0.4822277 0.5266649 2.47922 0.01674988 -0.1686957 2.071444 0.4294281 0.6638238 2.336407 0.03548738 -0.2509152 2.073119 0.4183702 0.7363775 2.2889 0.1814156 0.1159883 2.285767 0.2014733 0.05266115 2.278548 0.1541153 -0.03902606 2.223775 0.2751411 -0.02195541 2.327703 0.06859268 -0.5478905 2.341978 0.243917 -0.5370315 2.474829 0.006043145 -0.8977036 2.42071 0.2305506 -0.8661025 2.532753 0.02450445 -0.9494635 2.375388 0.2923802 -0.9186301 2.549984
0.1731972 0.6170374 2.233064 0.1397552 0.4434204 2.279114 0.05514643 0.2953385 2.172427 0.3184598 0.4302647 2.45675 -0.01939846 0.07189933 2.107907 0.4784889 0.5321133 2.47999 0.01655111 -0.1689621 2.072771 0.4528483 0.7066513 2.331321 0.03495385 -0.2522247 2.075227 0.438055 0.7498807 2.297811 0.1814082 0.1159574 2.285862 0.2014677 0.05264599 2.278652 0.1542598 -0.03926874 2.224084 0.2751068 -0.02193037 2.327757 0.06789694 -0.5476933 2.341312 0.2439114 -0.5386454 2.475846 0.007258142 -0.8964044 2.41863 0.2314992 -0.8676822 2.532983 0.02438622 -0.949829 2.374739 0.2926323 -0.919612 2.549605
0.1704931 0.6177421 2.232161 0.1394453 0.4432822 2.279114 0.05453605 0.2954389 2.172764 0.3181374 0.430086 2.456713 -0.01967472 0.07226053 2.108399 0.4733012 0.5419942 2.473212 0.01642759 -0.1692193 2.073608 0.4603996 0.7064929 2.340244 0.03499325 -0.2531846 2.076572 0.455178 0.7634354 2.308967 0.1804426 0.1159981 2.28549 0.2002838 0.05276067 2.278105 0.1525585 -0.03920776 2.22364 0.2736705 -0.0214341 2.326538 0.06791194 -0.5476581 2.341358 0.2485362 -0.4824001 2.461422 0.007878459 -0.8954208 2.417029 0.2315758 -0.8677593 2.532579 0.02418365 -0.9499962 2.374255 0.2926655 -0.919635 2.549599
0.1697238 0.6179723 2.231655 0.1392701 0.4431374 2.279193 0.0541387 0.295307 2.172909 0.3128499 0.425619 2.451657 -0.02004731 0.07212523 2.108756 0.4637279 0.542636 2.469796 0.01595566 -0.1698647 2.074435 0.4766933 0.7181138 2.346833 0.03487891 -0.25348 2.077296 0.4772062 0.7689739 2.321856 0.1791945 0.1149792 2.285215 0.1987139 0.05143255 2.277704 0.1509467 -0.04005852 2.222807 0.2713502 -0.022951 2.326323 0.06776753 -0.5477968 2.341366 0.2485622 -0.4828465 2.461585 0.006599912 -0.8971947 2.419101 0.2317813 -0.868027 2.532763 0.02395353 -0.9497072 2.37421 0.2925599 -0.9194599 2.549753
0.1672188 0.6184906 2.230592 0.138989 0.4429373 2.279216 0.0532484 0.2954516 2.173263 0.3137364 0.426739 2.453291 -0.02048227 0.07171959 2.109246 0.4642673 0.5447525 2.469931 0.01578306 -0.1710131 2.075857 0.4889843 0.7266223 2.353832 0.03481661 -0.2541346 2.078525 0.4971854 0.7803482 2.332056 0.1788303 0.1149131 2.285349 0.1983839 0.05140997 2.277799 0.1502201 -0.04030953 2.222901 0.2712657 -0.02305918 2.326432 0.06802634 -0.5478315 2.341712 0.2487103 -0.4831901 2.461545 0.006519516 -0.8971106 2.41911 0.2316675 -0.8676843 2.533165 0.02595045 -0.9501612 2.375729 0.2923732 -0.9189192 2.549289
0.1668726 0.6185336 2.230176 0.1385475 0.4427589 2.279192 0.05263143 0.2954423 2.173454 0.3152576 0.4297086 2.455896 -0.02105048 0.06940281 2.110011 0.4660546 0.5480723 2.470572 0.01550722 -0.1712871 2.076232 0.5040698 0.7368041 2.360578 0.03475552 -0.2542921 2.078933 0.5130393 0.7879134 2.337643 0.1782781 0.1155776 2.285557 0.1977852 0.05242004 2.278082 0.1496956 -0.03998129 2.222982 0.271189 -0.02263967 2.326808 0.06788567 -0.5478791 2.34168 0.2419677 -0.5329309 2.473125 0.006535948 -0.8968124 2.418493 0.2315196 -0.8681071 2.533322 0.02630388 -0.9502761 2.375777 0.2928831 -0.9194678 2.550288
0.1664049 0.6185914 2.230051 0.1379513 0.4426696 2.279755 0.05189681 0.2954106 2.173572 0.3156455 0.4307596 2.457129 -0.02165782 0.06791777 2.110675 0.4655563 0.5508038 2.470113 0.01535211 -0.1720386 2.077185 0.5159822 0.7438484 2.365614 0.03473359 -0.2545513 2.079996 0.5292317 0.7959129 2.343004 0.1771899 0.1162488 2.285859 0.1966156 0.05331199 2.278265 0.1484191 -0.03971227 2.223177 0.2702831 -0.0217645 2.326725 0.06714287 -0.5475242 2.340822 0.2420796 -0.5335469 2.473501 0.007173074 -0.8955942 2.417698 0.2319597 -0.8681082 2.534281 0.02587 -0.9498693 2.375527 0.2927974 -0.9194462 2.550249
0.1664017 0.618638 2.229794 0.1371749 0.4425296 2.279812 0.05148094 0.2950873 2.173746 0.3157235 0.4314227 2.457522 -0.02216152 0.06690185 2.11096 0.4653016 0.5520265 2.47005 0.01525408 -0.1727521 2.077713 0.5233065 0.745817 2.369452 0.0346581 -0.2548839 2.08057 0.5357933 0.797285 2.346334 0.1763649 0.1159833 2.285881 0.1958631 0.0530224 2.278219 0.1471629 -0.04009205 2.223103 0.2698598 -0.02211367 2.326687 0.0668112 -0.5475391 2.340487 0.2480285 -0.4913738 2.463685 0.006497673 -0.8964278 2.418057 0.2319289 -0.8680446 2.534285 0.02429897 -0.9497697 2.374337 0.2924801 -0.9193347 2.550121
0.1660736 0.6185994 2.229518 0.1367022 0.4424466 2.280243 0.05120405 0.2950232 2.173886 0.3133302 0.4329159 2.456048 -0.02236754 0.06642937 2.111188 0.4640573 0.5516028 2.470024 0.01535684 -0.1739892 2.078396 0.5294572 0.7482406 2.371816 0.03463497 -0.2555 2.081419 0.5451269 0.80208 2.350907 0.1759993 0.1159681 2.286106 0.1956048 0.05303651 2.27834 0.1470117 -0.04003214 2.223115 0.2694957 -0.02206118 2.326905 0.06731859 -0.5474306 2.340999 0.2430654 -0.5273812 2.473584 0.006099046 -0.8971735 2.418836 0.2318693 -0.8679135 2.534329 0.02411754 -0.9497004 2.374227 0.2924655 -0.9193295 2.550103
0.1659947 0.6185753 2.229438 0.1363522 0.4424334 2.280229 0.0509762 0.2948587 2.174032 0.3139863 0.4341053 2.456834 -0.02251326 0.06624226 2.111313 0.4645714 0.5532939 2.469835 0.01524126 -0.1739617 2.07836 0.5323292 0.7496421 2.371981 0.03470743 -0.2557055 2.081592 0.5498989 0.809579 2.349413 0.175752 0.1159932 2.286279 0.1954253 0.0530713 2.278481 0.1465966 -0.04026029 2.223545 0.2694625 -0.02194837 2.326978 0.06721095 -0.5475792 2.341095 0.2421409 -0.5306852 2.474585 0.006026496 -0.8972355 2.41891 0.2315967 -0.8679239 2.534436 0.02394242 -0.9497286 2.37422 0.2924502 -0.919171 2.550077
0.1660033 0.6185072 2.229421 0.1360591 0.4423365 2.280252 0.05057602 0.2944272 2.174163 0.3143902 0.4347177 2.45733 -0.02271037 0.0656179 2.11147 0.4649242 0.5540732 2.470011 0.01524544 -0.1742571 2.078563 0.5332892 0.7501165 2.372025 0.03461485 -0.2558105 2.0818 0.5507808 0.8098761 2.348933 0.1747485 0.1166505 2.286442 0.1942669 0.05396043 2.278637 0.1452881 -0.03998486 2.223525 0.2686604 -0.02129252 2.327262 0.06724428 -0.5475293 2.341186 0.2420589 -0.5308228 2.474675 0.005892469 -0.8970982 2.418957 0.2309664 -0.867222 2.534239 0.02442096 -0.9497532 2.374711 0.2925274 -0.9192055 2.550176
0.1647934 0.6187309 2.229836 0.1358258 0.4423805 2.280263 0.05013778 0.2943614 2.174143 0.3136954 0.4350365 2.456956 -0.02282476 0.06541284 2.111553 0.4644592 0.554045 2.469809 0.01519775 -0.1742732 2.078583 0.5325291 0.7494263 2.371562 0.0345972 -0.2557966 2.081797 0.5473571 0.8023179 2.349752 0.1744676 0.1167753 2.286579 0.1940231 0.05408441 2.278769 0.1450608 -0.03993748 2.223764 0.2682534 -0.02081778 2.327396 0.06706067 -0.5476048 2.341233 0.2414548 -0.5325267 2.475362 0.005417513 -0.8972545 2.419512 0.2308511 -0.8672059 2.534275 0.02509565 -0.950132 2.376035 0.2933075 -0.9199432 2.551385
0.1647632 0.618752 2.229877 0.1355752 0.442444 2.28058 0.04994789 0.2944024 2.17424 0.3131559 0.4353379 2.456832 -0.02299789 0.06496149 2.111663 0.4641366 0.5540773 2.469662 0.01501468 -0.1739588 2.07859 0.526246 0.7474471 2.365853 0.03458226 -0.2558402 2.081812 0.5388356 0.7984678 2.343183 0.1740978 0.1169529 2.286853 0.1936826 0.05427175 2.279 0.1449211 -0.03991317 2.223818 0.2676562 -0.02048752 2.327819 0.06731823 -0.5473576 2.341645 0.2411904 -0.5337106 2.476061 0.005270107 -0.8974332 2.419411 0.231233 -0.8671445 2.534384 0.02473469 -0.9500285 2.375498 0.2935631 -0.9199888 2.551546
0.1646895 0.6188693 2.230181 0.1352173 0.4423337 2.280993 0.04990789 0.2944069 2.174301 0.3125337 0.4353308 2.456769 -0.02309132 0.06506752 2.111726 0.4635797 0.5540819 2.469304 0.01489809 -0.1738487 2.078529 0.5109364 0.7377563 2.357797 0.03451807 -0.2558003 2.081798 0.5186846 0.7881351 2.332115 0.1738517 0.1171578 2.28719 0.1935018 0.0545453 2.279309 0.1449262 -0.03987911 2.223847 0.2672695 -0.01999702 2.328513 0.06728641 -0.5474349 2.341918 0.247148 -0.4868671 2.46546 0.005091204 -0.8971945 2.419257 0.2312031 -0.8670121 2.534207 0.02561245 -0.9496709 2.375684 0.294066 -0.9194694 2.550629
0.1645074 0.6188737 2.230355 0.1350739 0.4423285 2.281208 0.04965896 0.294231 2.174533 0.3119481 0.4351227 2.456673 -0.02317438 0.06547471 2.111827 0.4628857 0.5541571 2.468752 0.0148109 -0.1738326 2.078509 0.4949238 0.7301037 2.346331 0.03448237 -0.2557774 2.081787 0.4988953 0.7811208 2.320149 0.1737549 0.1171963 2.287519 0.1934491 0.0545862 2.279641 0.144947 -0.03996309 2.22404 0.2671848 -0.01975819 2.329124 0.06713469 -0.5468134 2.341752 0.241674 -0.5285488 2.477432 0.005595922 -0.8964331 2.418712 0.2310657 -0.8668989 2.534387 0.02667422 -0.949666 2.37634 0.2940738 -0.9195079 2.55066
0.1640915 0.6189026 2.230699 0.1348491 0.4424479 2.281997 0.04967826 0.2942538 2.174717 0.3118594 0.4347032 2.456969 -0.02324033 0.0666552 2.112085 0.4633021 0.5533946 2.468095 0.01475726 -0.1737661 2.078485 0.4704035 0.7203169 2.331054 0.03442707 -0.2557352 2.081772 0.4619541 0.7661709 2.302458 0.1735496 0.1166992 2.287886 0.193301 0.05390554 2.279921 0.1446358 -0.04025349 2.224629 0.2671371 -0.01987543 2.329017 0.06702095 -0.5467277 2.34172 0.241695 -0.5289114 2.477715 0.006451973 -0.8955616 2.418707 0.2309612 -0.8666841 2.534405 0.02693515 -0.9493028 2.376686 0.2940194 -0.9194753 2.55055
0.1638454 0.6189973 2.231008 0.1348914 0.4425941 2.283195 0.04968848 0.2942798 2.175043 0.312268 0.4336855 2.458221 -0.02333458 0.06842428 2.11258 0.465783 0.5497165 2.469241 0.01464132 -0.1737341 2.078424 0.4391409 0.6898552 2.321704 0.03445992 -0.2558268 2.081946 0.4370026 0.7522201 2.287474 0.1734343 0.1165911 2.288735 0.1932825 0.05378567 2.280618 0.1446455 -0.0403554 2.225267 0.2670726 -0.01997322 2.32952 0.06671185 -0.5467984 2.341869 0.2411517 -0.532092 2.479003 0.006329133 -0.895511 2.41855 0.23085 -0.8667144 2.534814 0.02737718 -0.9492034 2.376747 0.2951628 -0.9195468 2.550969
0.1636167 0.6192402 2.231764 0.1347914 0.4427038 2.283733 0.0499323 0.2940951 2.17551 0.3120691 0.4322064 2.458291 -0.02344458 0.06870155 2.112672 0.4732383 0.528529 2.488414 0.0146231 -0.1738462 2.078429 0.4214631 0.6799973 2.318136 0.03447655 -0.2557431 2.082123 0.4071112 0.7307204 2.272009 0.1738837 0.1166043 2.289438 0.1940025 0.05380503 2.281316 0.1458689 -0.04030422 2.225934 0.2678747 -0.01976241 2.330366 0.0665229 -0.546753 2.341867 0.2410935 -0.5312705 2.478917 0.006512424 -0.8955575 2.418653 0.2306838 -0.8663197 2.534898 0.02639132 -0.9497061 2.376867 0.2942843 -0.9186608 2.550221
0.1646726 0.6187361 2.232435 0.1349297 0.4426059 2.284068 0.05022495 0.294004 2.175973 0.3122282 0.4326124 2.458814 -0.02349382 0.06884511 2.112813 0.4754938 0.5244767 2.490333 0.01448362 -0.1738492 2.078472 0.4006703 0.6384551 2.336404 0.03439722 -0.255374 2.082314 0.3842125 0.704831 2.274777 0.1739664 0.1167089 2.28991 0.1941381 0.05396237 2.281754 0.1461274 -0.03984452 2.226927 0.2679115 -0.01960577 2.330508 0.06617657 -0.5469199 2.342178 0.2414806 -0.5315882 2.479272 0.006401023 -0.8955376 2.418634 0.2307654 -0.8661996 2.535037 0.02670628 -0.9499128 2.37735 0.2943686 -0.9187702 2.550271
0.1670506 0.61805 2.233026 0.1346247 0.4425269 2.283421 0.05030451 0.2942663 2.176416 0.3123403 0.432784 2.459415 -0.02352255 0.06932254 2.113088 0.4690258 0.505972 2.525621 0.01438266 -0.1738438 2.07876 0.3819633 0.6489891 2.317932 0.03443286 -0.2553761 2.082773 0.369112 0.6972693 2.27418 0.1741014 0.1168801 2.289918 0.1944012 0.05424651 2.281878 0.1467083 -0.03916376 2.227328 0.2683036 -0.01938136 2.330725 0.06556097 -0.5480151 2.342881 0.2414797 -0.5315496 2.479432 0.006446088 -0.8956954 2.418368 0.23093 -0.8663492 2.535037 0.02521091 -0.95025 2.376596 0.2951016 -0.9188313 2.550698
0.1676947 0.6176675 2.233225 0.1343176 0.4423989 2.28295 0.05028187 0.2943892 2.176856 0.3126348 0.4339185 2.46064 -0.02362673 0.07020149 2.113575 0.4789464 0.5247915 2.484475 0.01428381 -0.1739503 2.079358 0.3823719 0.646203 2.319881 0.03439415 -0.2557894 2.08411 0.3650612 0.6925581 2.275589 0.1747299 0.1178282 2.289484 0.1953977 0.05571491 2.28141 0.14695 -0.03760522 2.227381 0.2723804 -0.01535059 2.329017 0.06565128 -0.5480682 2.343181 0.2414328 -0.5322689 2.480224 0.00633346 -0.8959469 2.419135 0.2312281 -0.8664999 2.535144 0.02489906 -0.9498229 2.376404 0.2947952 -0.9187766 2.550897
0.1681303 0.6175514 2.233498 0.1344477 0.4425311 2.283099 0.05041695 0.2946472 2.177313 0.3119373 0.4344483 2.460587 -0.023795 0.07143965 2.113862 0.4787111 0.5245192 2.484327 0.01402093 -0.1737537 2.07986 0.3820492 0.6474125 2.319661 0.03404158 -0.2560635 2.084992 0.365428 0.6905897 2.27966 0.1748282 0.1179016 2.289582 0.1954705 0.0557532 2.281499 0.1474168 -0.03694306 2.227955 0.2721223 -0.015412 2.328993 0.06627296 -0.5480597 2.344 0.2467356 -0.4910533 2.469739 0.005885484 -0.8960871 2.420117 0.2312284 -0.8669257 2.535555 0.02550486 -0.9493552 2.377097 0.2953849 -0.9190419 2.550884
0.1684723 0.6175058 2.233972 0.1346583 0.4426866 2.283653 0.05048416 0.2948549 2.177767 0.3128176 0.4354807 2.461992 -0.02396391 0.07189304 2.114308 0.4803006 0.5246388 2.484982 0.01412929 -0.1745444 2.08123 0.385593 0.653422 2.319271 0.03391811 -0.2565279 2.085984 0.3683068 0.6965874 2.279387 0.1751119 0.1178475 2.289932 0.1957648 0.05564264 2.281801 0.1477406 -0.03656794 2.228637 0.2722642 -0.01592397 2.329023 0.06628341 -0.5478615 2.343984 0.2394732 -0.5398405 2.482665 0.005886238 -0.8961248 2.420139 0.2309829 -0.8664119 2.535463 0.02594785 -0.9495672 2.377541 0.2958619 -0.9186548 2.549738
0.168281 0.6172733 2.23421 0.1345893 0.4426191 2.283825 0.05020839 0.2947875 2.178088 0.311909 0.434048 2.46049 -0.02417027 0.0719499 2.114559 0.4764913 0.5223106 2.493848 0.01400853 -0.1755165 2.082234 0.3932065 0.6677071 2.319628 0.03330322 -0.2570698 2.086996 0.3774397 0.7284282 2.281296 0.1751114 0.1178066 2.290003 0.1957694 0.0555982 2.281819 0.1477554 -0.03653619 2.228666 0.2720706 -0.01614362 2.328941 0.0663236 -0.5477809 2.344005 0.2395121 -0.5398991 2.482656 0.005639035 -0.8964043 2.4205 0.2309443 -0.8662112 2.53537 0.02635384 -0.9494155 2.377677 0.2962692 -0.9189306 2.549501
0.1680137 0.6170471 2.234211 0.1337961 0.4426884 2.283737 0.05001909 0.2947193 2.178268 0.308805 0.4328503 2.458219 -0.02492609 0.07280335 2.115277 0.4726215 0.5204712 2.49457 0.01389751 -0.1761799 2.083651 0.4051303 0.6826569 2.320404 0.03290682 -0.2574254 2.088158 0.3894855 0.7346029 2.283717 0.1749534 0.1176217 2.29004 0.1956595 0.05533433 2.281876 0.1477984 -0.0365781 2.228747 0.2715018 -0.01642905 2.328949 0.06636441 -0.5477222 2.344016 0.2395212 -0.5398871 2.482645 0.00524658 -0.8964803 2.420774 0.2309092 -0.866163 2.535321 0.02590459 -0.9484827 2.376705 0.2963306 -0.9188772 2.54939
0.1662327 0.6174383 2.233796 0.1332423 0.44268 2.283804 0.04965077 0.2945161 2.1784 0.3077318 0.4319293 2.457756 -0.0252275 0.07296075 2.115555 0.458484 0.509002 2.530449 0.01320395 -0.1763025 2.084566 0.4282509 0.670418 2.353997 0.03161644 -0.2587889 2.09008 0.4055999 0.7420381 2.293357 0.1737883 0.11675 2.290118 0.194298 0.05407256 2.281952 0.1467272 -0.03725621 2.229025 0.2687595 -0.01792639 2.328665 0.06622843 -0.5476765 2.344053 0.2395176 -0.539839 2.482556 0.005287936 -0.8964695 2.420792 0.2308143 -0.8656386 2.534939 0.02624499 -0.9492116 2.377755 0.2962131 -0.9188393 2.549255
0.1622884 0.6180463 2.233281 0.1327614 0.4427367 2.284039 0.04889888 0.2944897 2.178524 0.3064928 0.4311982 2.45711 -0.02579944 0.07341914 2.115989 0.4642776 0.5164019 2.510149 0.01276079 -0.1775641 2.085973 0.4413952 0.7172584 2.335644 0.03070368 -0.2589831 2.090768 0.431155 0.7569724 2.307349 0.1728886 0.1161001 2.290154 0.1932897 0.05316661 2.281878 0.1458425 -0.0377615 2.229088 0.2669913 -0.01887782 2.328188 0.06681124 -0.5468777 2.344678 0.2397403 -0.5395229 2.482398 0.006391561 -0.895022 2.419422 0.230952 -0.8658177 2.535104 0.02539332 -0.948908 2.376898 0.2957338 -0.9183784 2.548593
0.159618 0.6186115 2.232432 0.1315865 0.4424189 2.283701 0.04828996 0.2943178 2.178581 0.3045593 0.4297046 2.455356 -0.02620886 0.07361481 2.116114 0.4526408 0.55062 2.472343 0.01229115 -0.1776208 2.086814 0.4480306 0.7202754 2.339281 0.03020804 -0.2594686 2.09224 0.4448957 0.7647085 2.314302 0.1710892 0.1138756 2.290013 0.1913653 0.05031981 2.281796 0.1442541 -0.03927734 2.229572 0.2644474 -0.02141846 2.327705 0.06686617 -0.5467035 2.344723 0.2397449 -0.5395414 2.482316 0.007449501 -0.8936181 2.416878 0.2309704 -0.8658857 2.534989 0.02630088 -0.9493476 2.37673 0.2963307 -0.9186776 2.548725
0.1581015 0.6188899 2.231967 0.1304206 0.4424691 2.283096 0.04804365 0.2943366 2.178673 0.302536 0.4291489 2.453463 -0.02659417 0.07388118 2.116349 0.4507463 0.5494116 2.471815 0.01196136 -0.1787887 2.087846 0.464126 0.7264449 2.350471 0.02961112 -0.2596507 2.092879 0.4698814 0.7796274 2.327178 0.1700549 0.1134824 2.289566 0.1903699 0.04987695 2.281381 0.1433916 -0.03947886 2.229298 0.2629264 -0.02166754 2.327208 0.06699652 -0.546717 2.344917 0.2397385 -0.5396335 2.482309 0.00777836 -0.8933876 2.41654 0.2309205 -0.8663565 2.535103 0.02769905 -0.9496952 2.377738 0.2958272 -0.9198152 2.551246
0.1571484 0.6187798 2.231657 0.1296244 0.4422765 2.282506 0.04764481 0.2942224 2.178605 0.3020736 0.4292562 2.453149 -0.02698996 0.07393852 2.116487 0.4498057 0.5499697 2.471868 0.01207697 -0.1798267 2.088417 0.4771392 0.7311086 2.358161 0.02915922 -0.2601389 2.093249 0.4839536 0.7830195 2.337167 0.1697828 0.1135211 2.28943 0.1901169 0.04994415 2.281336 0.1430901 -0.03960985 2.229082 0.2626619 -0.02159682 2.327435 0.06689757 -0.5475665 2.345217 0.2400303 -0.5397761 2.482413 0.00768183 -0.8942219 2.417169 0.2305747 -0.8664353 2.535253 0.02858922 -0.9503037 2.37856 0.29582 -0.9198526 2.551247
0.1565301 0.6188647 2.231503 0.128304 0.441915 2.281193 0.04694809 0.2941948 2.178564 0.3014078 0.4295765 2.452667 -0.02720269 0.07388043 2.116518 0.4487562 0.5506883 2.471573 0.01203773 -0.1802476 2.088595 0.4964837 0.7419763 2.367994 0.02886175 -0.26018 2.093275 0.5069724 0.796114 2.350124 0.1694759 0.113575 2.289154 0.1897869 0.05001523 2.28129 0.1428612 -0.03972236 2.229043 0.2623115 -0.0214842 2.327633 0.06631149 -0.5480925 2.344866 0.2403132 -0.5366327 2.481122 0.007826551 -0.8942384 2.416634 0.2299325 -0.8667458 2.535229 0.02790239 -0.9503111 2.377573 0.2919524 -0.9188635 2.552481
0.1558067 0.6190572 2.231844 0.1277864 0.4419346 2.281204 0.04679972 0.2941374 2.178553 0.301001 0.4293522 2.452304 -0.02736775 0.07393067 2.116468 0.4473411 0.5516963 2.471163 0.01211496 -0.1804699 2.088811 0.5051413 0.7482843 2.373947 0.0288071 -0.260106 2.093148 0.5184819 0.8016793 2.35745 0.169175 0.1136166 2.289008 0.1894217 0.05006052 2.281261 0.1424436 -0.03991576 2.228713 0.2619006 -0.02143039 2.327897 0.06586261 -0.5479998 2.344296 0.2402975 -0.536609 2.48106 0.008065194 -0.8940513 2.416334 0.2299486 -0.8666993 2.535206 0.02732114 -0.9501683 2.376927 0.2927189 -0.9191373 2.552044
0.1555154 0.6190823 2.231902 0.1273893 0.4419138 2.281099 0.04644088 0.2940843 2.178496 0.3002971 0.4294614 2.451665 -0.02742984 0.0739601 2.116457 0.4465407 0.5516809 2.471172 0.01219681 -0.1806261 2.088784 0.5162305 0.7545208 2.382493 0.02880998 -0.2601302 2.092935 0.5362619 0.8161777 2.3681 0.1689963 0.1133506 2.288801 0.1891757 0.04974599 2.281163 0.1421919 -0.04029464 2.228571 0.2617095 -0.02164872 2.327886 0.06567094 -0.5482062 2.344005 0.2400708 -0.5370397 2.480947 0.007406505 -0.8942897 2.417174 0.2299361 -0.8667685 2.535443 0.0273322 -0.9498482 2.377311 0.2927864 -0.9189836 2.552224
0.1551373 0.6192665 2.233035 0.1271383 0.4418831 2.281051 0.04623796 0.2940163 2.178529 0.3000475 0.4295075 2.451442 -0.02749049 0.07395922 2.116411 0.4466084 0.5523864 2.47117 0.01236632 -0.1806281 2.088545 0.5201396 0.7554075 2.383916 0.02912656 -0.2602226 2.092719 0.5409431 0.8168156 2.369555 0.1689318 0.1132652 2.288665 0.1890474 0.04965102 2.281123 0.1420481 -0.04054249 2.228424 0.2615876 -0.02174895 2.327937 0.06547443 -0.5478729 2.343693 0.2399414 -0.5373797 2.480872 0.007807702 -0.8943474 2.416913 0.2301666 -0.8666121 2.53546 0.02789654 -0.9506769 2.378232 0.2926685 -0.9191235 2.552009
0.1551966 0.6195611 2.233804 0.1269296 0.4420331 2.281237 0.04619888 0.2940188 2.178554 0.2997674 0.4294894 2.451397 -0.0274756 0.07385746 2.116334 0.447242 0.5533776 2.471346 0.01286082 -0.1807624 2.088233 0.522841 0.7569397 2.385156 0.02981691 -0.2605194 2.09258 0.5423458 0.8186781 2.370396 0.1688817 0.1133228 2.288601 0.1889464 0.04969934 2.281116 0.1420019 -0.0405797 2.22833 0.2613761 -0.02163729 2.328016 0.06571555 -0.547955 2.344006 0.2406346 -0.5335239 2.479531 0.007883704 -0.8944734 2.416844 0.2301691 -0.866663 2.535476 0.02787468 -0.9511114 2.378566 0.2933227 -0.9198825 2.552806
0.1548661 0.6197835 2.234057 0.1267848 0.4420302 2.28132 0.04611335 0.2940673 2.178556 0.2992173 0.4291918 2.451428 -0.02739904 0.0738529 2.116223 0.4471272 0.553511 2.471657 0.01272282 -0.1796375 2.086353 0.522844 0.7563993 2.385539 0.03053633 -0.2595628 2.090299 0.5421363 0.8181379 2.370505 0.1687103 0.1131376 2.288448 0.1887285 0.0494663 2.280973 0.1417771 -0.04080635 2.227975 0.261112 -0.02186207 2.327964 0.06555527 -0.5474322 2.343478 0.2408492 -0.5337356 2.47955 0.00820044 -0.8939544 2.416323 0.230013 -0.8660374 2.535104 0.02800068 -0.9510332 2.378605 0.2933763 -0.919983 2.552855
0.1546423 0.6200579 2.234931 0.1264645 0.4423445 2.28158 0.04613045 0.2941139 2.178562 0.299573 0.4295636 2.452228 -0.02733948 0.07386283 2.116003 0.4498324 0.5622078 2.470592 0.01307059 -0.1792224 2.085049 0.5192771 0.7553241 2.384115 0.03116774 -0.2587262 2.088584 0.5374482 0.8167202 2.366504 0.1686192 0.1134305 2.288507 0.1886493 0.04979298 2.281054 0.1417861 -0.04073856 2.227934 0.2610653 -0.02162492 2.328172 0.06572571 -0.547253 2.343427 0.2408454 -0.5337121 2.479524 0.008333664 -0.8938453 2.415453 0.2301603 -0.8660029 2.53467 0.0282156 -0.9514335 2.378562 0.2935309 -0.9200187 2.55295
