0.1723316 0.698243 2.379521 0.1339753 0.5204358 2.413901 0.02538438 0.3987309 2.302466 0.3150952 0.4435128 2.540525 0.002616818 0.2050728 2.218555 0.3753526 0.2219673 2.514535 0.2492078 0.1191599 2.26791 0.289414 0.1524931 2.268161 0.3314048 0.09052221 2.288915 0.2953087 0.1023633 2.185356 0.1604705 0.1776937 2.424855 0.1665356 0.1092738 2.429732 0.1131018 0.03480048 2.385452 0.2325303 0.0236287 2.475495 0.05732102 -0.4872708 2.442659 0.2290391 -0.4755281 2.626883 0.0486588 -0.8770978 2.489864 0.1940632 -0.8378906 2.696376 0.09241005 -0.9378459 2.442503 0.2597288 -0.9044716 2.740157
0.1735975 0.6981562 2.381013 0.1350293 0.5210579 2.415625 0.02458326 0.4016604 2.304087 0.3163702 0.4408951 2.535257 -0.02224148 0.221034 2.209442 0.3690557 0.2271941 2.50237 0.1518508 0.1262009 2.206621 0.289324 0.1507376 2.269375 0.2279721 0.1263728 2.226186 0.2952187 0.1006077 2.186569 0.1608272 0.1772484 2.424659 0.1668536 0.1084437 2.429237 0.1130682 0.03414692 2.385036 0.2332746 0.02242294 2.473587 0.05762271 -0.4879746 2.44328 0.2289818 -0.4756561 2.626906 0.0487399 -0.877051 2.489901 0.1949353 -0.8368248 2.695306 0.09202909 -0.9379339 2.442038 0.2601568 -0.9048181 2.736429
0.1760988 0.6985086 2.383575 0.1365217 0.5209926 2.417846 0.02278194 0.4044742 2.306015 0.3175653 0.4382559 2.529491 -0.04438069 0.2369975 2.196393 0.3625525 0.2318749 2.489691 0.1422948 0.1348223 2.197256 0.3199489 0.1333278 2.309029 0.2132192 0.1375922 2.207628 0.3384168 0.1122813 2.275509 0.160766 0.1771609 2.424798 0.1667846 0.1083038 2.429114 0.1124577 0.03399292 2.384821 0.2332553 0.02193196 2.47259 0.05754608 -0.4882545 2.443439 0.2293883 -0.4752562 2.626915 0.04891707 -0.8769785 2.489754 0.1953203 -0.8365173 2.694798 0.09181197 -0.9378791 2.441685 0.2592614 -0.9056883 2.733397
0.1770094 0.6987379 2.384415 0.137131 0.5213034 2.419708 0.02204389 0.4049886 2.30721 0.3196545 0.4346365 2.524878 -0.06104713 0.2499812 2.188293 0.3569302 0.2064042 2.443271 0.1264844 0.155325 2.177606 0.3020507 0.106662 2.266963 0.206693 0.146061 2.196973 0.2837575 0.07341461 2.212748 0.1606368 0.1771612 2.425115 0.1667962 0.1083147 2.429091 0.1119756 0.03404943 2.384487 0.2337101 0.0217423 2.472248 0.0575344 -0.4892628 2.44383 0.229413 -0.475298 2.627002 0.04889229 -0.8774659 2.488583 0.1955631 -0.836822 2.695067 0.09136115 -0.9388604 2.44106 0.2425576 -0.9090307 2.713772
0.1772332 0.6987239 2.384508 0.1375434 0.5212699 2.420528 0.02097042 0.4054151 2.308125 0.3202025 0.4326523 2.521476 -0.0702414 0.2605068 2.180839 0.3566008 0.2064795 2.442616 0.1257829 0.1615597 2.171029 0.2219025 0.1446021 2.20497 0.2013411 0.16003 2.186454 0.2230988 0.09231398 2.114352 0.160365 0.1771846 2.425423 0.1665531 0.1084455 2.428846 0.1103287 0.03455846 2.384119 0.2337517 0.02191737 2.471132 0.05763954 -0.4887953 2.444071 0.2300149 -0.4744785 2.627036 0.04909821 -0.8774422 2.488945 0.1953628 -0.8381997 2.696086 0.09118707 -0.9383401 2.441172 0.2572798 -0.9076757 2.728685
0.1791254 0.6991749 2.386088 0.1376864 0.5212731 2.420655 0.01988943 0.4065696 2.3089 0.321355 0.4290932 2.515862 -0.07326128 0.2659383 2.177417 0.3548961 0.2175652 2.440793 0.1215527 0.1692878 2.161922 0.2361764 0.1512318 2.222128 0.1988834 0.1658194 2.180784 0.2420711 0.1011019 2.139323 0.1601603 0.1772826 2.42571 0.1664665 0.1086624 2.428654 0.1093092 0.03514889 2.384074 0.234252 0.02229625 2.470243 0.05764014 -0.4888553 2.444095 0.230453 -0.4744132 2.627155 0.04939249 -0.8769089 2.48814 0.195016 -0.8393098 2.695966 0.09090714 -0.9382282 2.440675 0.2524115 -0.9068391 2.724962
0.1804087 0.6997237 2.387162 0.137802 0.5212486 2.420715 0.01899203 0.4076946 2.309948 0.321764 0.4276681 2.512996 -0.07474969 0.2693568 2.17598 0.3524469 0.2181451 2.437784 0.1210046 0.1726493 2.158306 0.2384075 0.1529318 2.224521 0.1967412 0.1704248 2.17702 0.2443022 0.102802 2.141716 0.1598591 0.1774745 2.426082 0.1662004 0.108991 2.428666 0.1082199 0.03585658 2.384636 0.2341966 0.02252894 2.470023 0.05787797 -0.488472 2.444242 0.2307197 -0.4747657 2.627751 0.04980813 -0.8770972 2.488764 0.1950616 -0.8392835 2.69599 0.09088369 -0.938063 2.440831 0.2505321 -0.9054136 2.723373
0.1810552 0.7001714 2.38775 0.1381615 0.5212377 2.420898 0.0186355 0.4080798 2.310155 0.322404 0.4261406 2.511715 -0.07521459 0.2706655 2.175112 0.3519472 0.2183661 2.43527 0.1213031 0.1734664 2.157085 0.2389863 0.153063 2.224755 0.1958331 0.1723436 2.175647 0.244881 0.1029332 2.141949 0.159737 0.1776003 2.426503 0.1661922 0.1091424 2.428758 0.1079458 0.03604481 2.385096 0.2343019 0.02264652 2.469965 0.05819589 -0.4879018 2.444026 0.2311693 -0.4745159 2.627996 0.04987872 -0.8769092 2.489337 0.1949582 -0.8395766 2.696176 0.09056666 -0.9373665 2.441839 0.2501793 -0.9035617 2.721956
0.1812622 0.7000203 2.387618 0.1381864 0.5211846 2.420822 0.01834561 0.4079354 2.310138 0.3226468 0.4249589 2.51074 -0.07531248 0.2704853 2.174988 0.3558274 0.2145002 2.436553 0.1215073 0.1732039 2.156963 0.2393406 0.1528174 2.224793 0.1958348 0.1722942 2.175499 0.2452353 0.1026876 2.141988 0.1596824 0.1776607 2.426617 0.1663254 0.1092672 2.42851 0.1078741 0.03602553 2.384936 0.235254 0.02293276 2.469351 0.0581959 -0.4879019 2.444026 0.2312939 -0.4765376 2.628989 0.04948346 -0.8766312 2.488564 0.1935049 -0.8415296 2.69674 0.0902987 -0.9376177 2.441266 0.2500629 -0.9036964 2.722558
0.1821121 0.7000394 2.387523 0.1383661 0.5212022 2.420756 0.01799751 0.4078979 2.309814 0.3226486 0.4247446 2.510753 -0.07460165 0.2680965 2.176795 0.3549494 0.2127709 2.435755 0.1252665 0.1684975 2.160151 0.2042342 0.1906759 2.200932 0.1960553 0.1714517 2.176191 0.1968491 0.1385992 2.09864 0.1595595 0.1776192 2.426869 0.1663324 0.1092279 2.428528 0.1078307 0.03580708 2.385096 0.2352792 0.02283612 2.469356 0.05836177 -0.4888088 2.444334 0.2313665 -0.476438 2.629016 0.04950525 -0.8766961 2.488501 0.1933122 -0.8418927 2.697145 0.09026837 -0.9378793 2.44109 0.2490927 -0.9042657 2.724175
0.1821172 0.7000368 2.387433 0.138341 0.5210726 2.420517 0.01808449 0.408074 2.30954 0.3226027 0.4235945 2.5116 -0.06076891 0.2538401 2.185823 0.3555292 0.21078 2.437983 0.1168819 0.1618541 2.165313 0.2123337 0.1368828 2.209505 0.2006857 0.155501 2.182833 0.2037107 0.07926096 2.104921 0.1585724 0.1771415 2.426363 0.1651486 0.1086083 2.427432 0.1055254 0.03539283 2.38335 0.2343319 0.02180876 2.468381 0.05837551 -0.4886321 2.444232 0.2314178 -0.4759606 2.628799 0.04906126 -0.8753791 2.488928 0.1931113 -0.8419595 2.697541 0.08981822 -0.9369347 2.441629 0.2480504 -0.9043759 2.725944
0.1822619 0.6998692 2.387152 0.1383536 0.5209255 2.42026 0.01911265 0.4078614 2.308385 0.3221395 0.424679 2.514115 -0.05232029 0.2417515 2.194127 0.3606887 0.2208278 2.467923 0.1434745 0.1292719 2.189178 0.3259188 0.1037213 2.297833 0.2338619 0.1337215 2.205835 0.3479952 0.1080922 2.287829 0.158454 0.1765016 2.426464 0.1652371 0.107807 2.427325 0.1061303 0.03422261 2.38296 0.234147 0.02071515 2.468709 0.05825953 -0.4902445 2.445021 0.231567 -0.4756634 2.628697 0.0489879 -0.8755985 2.488813 0.1930245 -0.8407664 2.695276 0.08990917 -0.9377341 2.44038 0.2516093 -0.9041187 2.726235
0.1824713 0.6995154 2.386623 0.1387345 0.5204749 2.419803 0.0195402 0.4067057 2.306287 0.3210324 0.4268538 2.517401 -0.01885889 0.202738 2.206177 0.3655719 0.2224013 2.480815 0.1602985 0.1173537 2.194126 0.2922465 0.1540135 2.267976 0.252817 0.1122216 2.223038 0.2981412 0.1038837 2.18517 0.1583964 0.1760441 2.426148 0.165331 0.1073521 2.426755 0.1064556 0.03327077 2.381227 0.2341285 0.02005673 2.468622 0.05826083 -0.4901837 2.444967 0.2319784 -0.4752372 2.628577 0.04910228 -0.8756255 2.488767 0.1941903 -0.8390707 2.694512 0.08984037 -0.9376866 2.439925 0.2569609 -0.9054335 2.730597
0.1829796 0.6993381 2.385822 0.138553 0.5201323 2.418771 0.02134494 0.4050804 2.304258 0.3196947 0.4285391 2.52169 -0.01326988 0.2006915 2.208671 0.3732713 0.2246343 2.503357 0.178208 0.110836 2.227852 0.3032844 0.1590081 2.294632 0.2495338 0.1162457 2.233387 0.3091791 0.1088783 2.211826 0.1591119 0.175637 2.425891 0.1665765 0.1068952 2.426467 0.1089647 0.03237694 2.379982 0.2359027 0.01955875 2.469582 0.05830794 -0.4900331 2.444428 0.2319841 -0.4752787 2.628452 0.04862773 -0.8756432 2.487753 0.1934128 -0.8404205 2.695103 0.09038693 -0.937848 2.440611 0.2576963 -0.9063914 2.734515
0.1822914 0.6983554 2.382488 0.138809 0.5195295 2.418056 0.02425276 0.4009536 2.300757 0.3205322 0.4282783 2.52879 0.007210616 0.1921928 2.215157 0.3725398 0.22295 2.512241 0.2231845 0.1079287 2.250186 0.3146578 0.1619631 2.31881 0.3043893 0.1130232 2.276891 0.3214715 0.1128016 2.238859 0.1589862 0.1750203 2.425632 0.1665426 0.1062825 2.426248 0.1089836 0.03159349 2.379189 0.2354991 0.01797307 2.470288 0.05827162 -0.4896539 2.444133 0.2319981 -0.4766853 2.628983 0.04907202 -0.8755227 2.488128 0.1935133 -0.839517 2.695472 0.09038918 -0.9379886 2.439835 0.256709 -0.9059986 2.732881
0.1818859 0.6970971 2.378289 0.1380493 0.5177183 2.414894 0.0265391 0.3982528 2.298318 0.3189293 0.4302465 2.531573 0.0206723 0.1931614 2.219457 0.3786893 0.2283714 2.532884 0.2684449 0.1217678 2.280642 0.3084557 0.1356687 2.284301 0.335882 0.1456152 2.275063 0.3143504 0.08553881 2.201495 0.1595569 0.17468 2.424852 0.1671811 0.1060511 2.42585 0.1108167 0.03110093 2.377871 0.2360267 0.01788526 2.470766 0.05824134 -0.4896324 2.443943 0.2316794 -0.4781044 2.628984 0.04907144 -0.8755212 2.488129 0.1949473 -0.837641 2.694842 0.09039942 -0.9379519 2.439605 0.2513638 -0.9042684 2.725647
0.1800142 0.6955212 2.372091 0.1383634 0.516486 2.413548 0.02834881 0.3963174 2.2963 0.3168579 0.4362704 2.536922 0.06087364 0.1850604 2.229963 0.3922053 0.2565575 2.575978 0.3074534 0.1133966 2.294715 0.3307045 0.1584722 2.32007 0.3697283 0.141131 2.317065 0.3326173 0.1019917 2.22158 0.1599868 0.1747429 2.424499 0.1675903 0.1062642 2.425923 0.1115836 0.03124855 2.37773 0.2365135 0.01859194 2.472162 0.05796614 -0.4889184 2.443362 0.2315013 -0.4783684 2.629047 0.0490551 -0.875698 2.488309 0.1956385 -0.8289164 2.6909 0.09048739 -0.9375518 2.439944 0.2556465 -0.9038534 2.728683
0.1788212 0.6930012 2.367064 0.1379824 0.5155761 2.410905 0.03112355 0.3931579 2.293937 0.3171966 0.4392365 2.543817 0.06939939 0.1826499 2.23089 0.3937925 0.2697171 2.58667 0.3103341 0.1227959 2.301743 0.3592129 0.1730136 2.335109 0.3692179 0.1416123 2.338143 0.3651076 0.1228837 2.252304 0.1602634 0.1747535 2.423867 0.1676595 0.1063037 2.425841 0.1120027 0.03137273 2.377728 0.2363954 0.01875648 2.472285 0.05752801 -0.4882277 2.442863 0.2310736 -0.4781429 2.628293 0.04881797 -0.8758793 2.488996 0.1945329 -0.8346456 2.695394 0.0903221 -0.9370185 2.440714 0.2527437 -0.9043031 2.728975
0.178053 0.692845 2.364725 0.1362714 0.5148258 2.405343 0.03287 0.3910201 2.292101 0.3167976 0.4457003 2.548851 0.08369675 0.1866738 2.235435 0.3983716 0.2845519 2.604368 0.3124615 0.1291704 2.304564 0.3573938 0.179499 2.347064 0.3810964 0.1736908 2.337682 0.3612124 0.1240469 2.251916 0.1603766 0.1749793 2.423306 0.167636 0.1065847 2.425855 0.112525 0.03166945 2.378119 0.2356246 0.01973332 2.473347 0.05736816 -0.4881525 2.442697 0.2315596 -0.4770856 2.627691 0.04871419 -0.8759344 2.488954 0.1945605 -0.8342878 2.695443 0.09037983 -0.93709 2.440506 0.2547429 -0.9041351 2.728527
0.1761368 0.6923715 2.361304 0.1361275 0.5148048 2.4048 0.03555653 0.3890662 2.29061 0.3187003 0.4460873 2.552934 0.09173349 0.1920941 2.237117 0.4020148 0.2931144 2.621145 0.3271179 0.1515198 2.313772 0.3679297 0.1978485 2.358821 0.386732 0.1798451 2.341885 0.3715391 0.1413312 2.259344 0.1605713 0.1751794 2.423013 0.1676824 0.1069892 2.426043 0.1130404 0.03216379 2.378649 0.2352485 0.02042484 2.474254 0.0571327 -0.4871401 2.442015 0.2315648 -0.4767132 2.627522 0.04868012 -0.8758759 2.488992 0.1944952 -0.8344573 2.694659 0.09020847 -0.9366743 2.440616 0.2548413 -0.904265 2.73033
0.1752536 0.69204 2.359793 0.1361628 0.5142982 2.404246 0.03671625 0.3879769 2.289495 0.3201848 0.4467192 2.556259 0.09808573 0.1984109 2.237776 0.4016907 0.292836 2.624547 0.32872 0.1592672 2.314611 0.3809383 0.2226675 2.364437 0.3893403 0.1839518 2.343975 0.386833 0.1725377 2.281631 0.1608762 0.1751096 2.422848 0.1679248 0.1069409 2.426377 0.1138566 0.03175001 2.380013 0.2354071 0.02067734 2.474863 0.05709127 -0.4870488 2.442004 0.2316776 -0.4764238 2.62719 0.0487006 -0.8760323 2.48928 0.1947154 -0.8352991 2.695657 0.0901514 -0.9364575 2.440654 0.2526836 -0.9041562 2.727587
0.1739459 0.6915535 2.356904 0.1344133 0.5146059 2.400991 0.036996 0.3877484 2.288793 0.3197671 0.4480533 2.557175 0.1020545 0.2007756 2.238116 0.4062087 0.3055308 2.637966 0.3310494 0.1646223 2.314533 0.3738858 0.227708 2.369442 0.388878 0.1926239 2.346441 0.3780218 0.173344 2.27277 0.160649 0.1753307 2.422369 0.1676433 0.1071616 2.426407 0.1137152 0.03197361 2.380408 0.234647 0.02148534 2.475276 0.05706079 -0.4862884 2.441497 0.2323511 -0.4715193 2.624807 0.04853439 -0.875926 2.488784 0.1960288 -0.8335921 2.694464 0.09015974 -0.9363251 2.440717 0.2559983 -0.9037676 2.72859
0.1687656 0.6916473 2.35238 0.1340815 0.5142113 2.400419 0.03762156 0.3871803 2.2883 0.320977 0.451894 2.561276 0.1050228 0.2015526 2.237906 0.40035 0.2991254 2.633056 0.3313199 0.1667773 2.313692 0.359639 0.2194675 2.366324 0.3888583 0.194506 2.346352 0.3602818 0.1590615 2.250872 0.1607989 0.1753586 2.422184 0.1676791 0.1073091 2.426567 0.113989 0.03193812 2.381135 0.2346913 0.02212444 2.475729 0.05699527 -0.4861722 2.441424 0.2328095 -0.4716807 2.62412 0.04858203 -0.8759519 2.488268 0.19545 -0.8358616 2.695829 0.09047922 -0.9361906 2.441137 0.2590657 -0.9050522 2.733979
0.1667537 0.6921999 2.350593 0.1340549 0.5141134 2.400339 0.03773035 0.3867982 2.288134 0.3131277 0.454467 2.554344 0.1065491 0.2008831 2.237936 0.3981064 0.3091965 2.632555 0.33113 0.1683345 2.312487 0.3573489 0.2178817 2.369813 0.3887654 0.1947527 2.346049 0.3566794 0.1530455 2.246893 0.1609681 0.1752384 2.42201 0.1677273 0.1071842 2.426644 0.114516 0.03162757 2.381463 0.23442 0.02247808 2.475941 0.05700532 -0.4862228 2.441409 0.2328225 -0.4716726 2.623954 0.04877047 -0.8759007 2.48807 0.1955459 -0.835231 2.695758 0.09025876 -0.936346 2.440758 0.2590799 -0.9053205 2.734677
0.1662137 0.6920648 2.350338 0.1338389 0.5139007 2.399766 0.03772151 0.3866459 2.288078 0.3127112 0.4543605 2.553746 0.1051418 0.1992868 2.236268 0.3879237 0.2967288 2.620991 0.3312314 0.1668166 2.311601 0.3586483 0.2088008 2.355446 0.3891858 0.1921655 2.345437 0.3618818 0.150678 2.249743 0.1609997 0.1752928 2.421717 0.1676652 0.1072574 2.426617 0.1145718 0.03165203 2.381496 0.2338749 0.02304292 2.475999 0.05732228 -0.4868927 2.441534 0.2334605 -0.4702826 2.623015 0.04903157 -0.8755326 2.487363 0.1956415 -0.8347908 2.695088 0.09021719 -0.9366257 2.440467 0.2626628 -0.9050674 2.738291
0.1659442 0.6921769 2.350308 0.1335882 0.5138361 2.399292 0.03743704 0.3861782 2.287925 0.311444 0.4527422 2.551777 0.1004046 0.1951643 2.233221 0.3827673 0.2865866 2.606534 0.3156459 0.1390025 2.294453 0.3547657 0.1909772 2.343668 0.3774226 0.1385649 2.330911 0.3586819 0.1340921 2.243255 0.161305 0.1752918 2.421317 0.1679291 0.1072894 2.426475 0.1157279 0.03149902 2.381129 0.2339729 0.02311803 2.476034 0.05737345 -0.4868987 2.441578 0.2335805 -0.4703382 2.62308 0.04920464 -0.8753433 2.487227 0.1952825 -0.8361378 2.695096 0.09000479 -0.9361787 2.441094 0.253936 -0.9038565 2.726987
0.1660236 0.6919971 2.35031 0.1334559 0.5137429 2.399244 0.03695907 0.3856493 2.287715 0.3095821 0.4495615 2.548257 0.09034121 0.1884733 2.229073 0.380567 0.2733245 2.592811 0.2659417 0.110251 2.264322 0.3361354 0.1680646 2.336313 0.3521669 0.1189745 2.308026 0.3348556 0.1009382 2.214297 0.1611475 0.1748408 2.420578 0.1677058 0.1068557 2.42593 0.1157464 0.03095319 2.380353 0.2334685 0.02279774 2.475573 0.05755956 -0.4870275 2.441641 0.2339163 -0.4700164 2.622954 0.04913106 -0.8752424 2.487155 0.195178 -0.8365837 2.69535 0.08992285 -0.9359127 2.441548 0.2556459 -0.9045241 2.731778
0.1665946 0.6910902 2.351102 0.1334121 0.5135778 2.399109 0.03573488 0.3858497 2.287398 0.3090122 0.4488998 2.546337 0.07923774 0.1820904 2.224988 0.3728869 0.2429509 2.559761 0.2566025 0.1087205 2.261359 0.3319355 0.1480127 2.298452 0.345244 0.1030848 2.300513 0.3373886 0.09685919 2.212976 0.1619086 0.1745878 2.420204 0.1686499 0.1066118 2.425755 0.1180719 0.0297647 2.379797 0.2343162 0.02254576 2.475764 0.05859299 -0.4897093 2.442025 0.2340021 -0.4699543 2.622875 0.0489534 -0.8753526 2.487189 0.1949958 -0.8372176 2.69539 0.09030758 -0.9371669 2.439495 0.2562951 -0.9046171 2.732327
0.1685755 0.6907478 2.353182 0.1326246 0.5133425 2.398003 0.03521763 0.3860066 2.287492 0.3109315 0.4436771 2.544649 0.0657621 0.1817074 2.220339 0.3692526 0.2374235 2.549636 0.2367843 0.09193822 2.251793 0.3548126 0.1310206 2.33661 0.3259156 0.08109072 2.28869 0.3607074 0.08089067 2.253804 0.1625917 0.1745861 2.418854 0.1695441 0.1066963 2.424574 0.1184078 0.02969483 2.377613 0.2372335 0.02221951 2.475224 0.05953817 -0.4893388 2.441805 0.2349017 -0.4695702 2.622694 0.04923113 -0.8752735 2.487345 0.1947535 -0.8363597 2.694681 0.09023294 -0.9368885 2.439817 0.2560614 -0.9040905 2.734199
0.1690197 0.6905626 2.35331 0.1326584 0.5129801 2.398115 0.0336243 0.386831 2.287382 0.3112584 0.4389707 2.541884 0.02844177 0.1841958 2.210845 0.3654664 0.2338243 2.538955 0.2150597 0.1017558 2.245036 0.3466335 0.1190943 2.318366 0.2836409 0.07684474 2.260514 0.3525282 0.0689645 2.23556 0.1634471 0.173968 2.4176 0.1705474 0.1060733 2.423114 0.1187938 0.02876999 2.37483 0.2393529 0.02108591 2.473897 0.05995182 -0.489344 2.441364 0.2351726 -0.4702302 2.622753 0.04934024 -0.8752448 2.487525 0.1942279 -0.8381791 2.694263 0.09031671 -0.9368977 2.439663 0.25947 -0.9049515 2.736508
0.1703012 0.6899278 2.353817 0.1337641 0.5121965 2.399637 0.03294161 0.3876067 2.287284 0.3117372 0.4357311 2.53971 0.01905044 0.1885636 2.207631 0.3651852 0.2253342 2.524678 0.2152376 0.1011071 2.241453 0.3426465 0.1092279 2.289238 0.285625 0.09018385 2.250072 0.3485413 0.05909807 2.206432 0.1642695 0.1729514 2.416547 0.1713208 0.1048778 2.42164 0.1190732 0.0279886 2.372447 0.2402887 0.01888677 2.471949 0.06120034 -0.488953 2.440816 0.2356806 -0.4704367 2.622927 0.05028957 -0.8742779 2.487418 0.1935858 -0.8391033 2.693851 0.09020269 -0.9364403 2.439819 0.2577724 -0.9047485 2.737025
0.1763346 0.6895179 2.356667 0.1341881 0.5120831 2.401174 0.03199175 0.3891951 2.287638 0.3123099 0.4336185 2.537992 0.003195904 0.1977468 2.198288 0.3620673 0.2307006 2.514801 0.2160212 0.1037988 2.236703 0.3663652 0.1131452 2.341459 0.2872727 0.1069711 2.228917 0.370346 0.1153623 2.329757 0.1649674 0.1722643 2.415449 0.172113 0.1039474 2.419926 0.1197355 0.02742806 2.369702 0.2412488 0.0170301 2.469447 0.06336256 -0.4890756 2.441675 0.2364913 -0.4703996 2.623338 0.05023332 -0.8743833 2.487546 0.1932734 -0.8394277 2.69285 0.08988197 -0.936039 2.440875 0.2583473 -0.9047933 2.736053
0.1808247 0.6880422 2.357199 0.1345325 0.5127169 2.40303 0.03083851 0.3909964 2.288049 0.3159756 0.4300846 2.536874 -0.01242271 0.2080779 2.18833 0.3585053 0.2363902 2.507797 0.1638343 0.1177485 2.184937 0.2855811 0.1604524 2.256469 0.2553668 0.1126594 2.216861 0.2914757 0.1103225 2.173664 0.1655972 0.1724972 2.415106 0.1728196 0.1042416 2.419403 0.1200794 0.02762822 2.368984 0.2426873 0.01685971 2.46859 0.06591928 -0.4902902 2.443575 0.2381385 -0.4668896 2.622772 0.05017683 -0.8745222 2.487354 0.1964522 -0.831192 2.691892 0.08974751 -0.9359929 2.440909 0.2609434 -0.9013635 2.738956
0.1848105 0.687637 2.357942 0.1346157 0.5131888 2.403597 0.03065725 0.3921975 2.288551 0.3200508 0.4209247 2.532498 -0.02595081 0.2191753 2.180305 0.3577217 0.22626 2.502006 0.1523339 0.1329187 2.176705 0.3471971 0.1255859 2.317812 0.2457628 0.1335904 2.203063 0.3573287 0.1159842 2.303657 0.1658563 0.1726273 2.414953 0.1730293 0.1043601 2.419263 0.1201516 0.02776624 2.368793 0.2430206 0.01673648 2.468472 0.06729135 -0.4903527 2.444283 0.2388701 -0.4687248 2.624396 0.05074767 -0.8742198 2.487877 0.1956011 -0.8329872 2.691932 0.08964199 -0.9356971 2.441154 0.2554843 -0.9033908 2.734503
0.1890001 0.6862766 2.359031 0.1352985 0.5133734 2.404509 0.0302255 0.3944098 2.289177 0.3221323 0.4187411 2.532663 -0.03417328 0.2289199 2.174108 0.3520029 0.2233594 2.489853 0.1474395 0.1496717 2.168093 0.3514971 0.1171657 2.308725 0.2404764 0.147037 2.195701 0.3576266 0.116333 2.30366 0.1667226 0.1738637 2.414575 0.1738913 0.1060367 2.418712 0.1205248 0.0292201 2.367852 0.2438536 0.0172791 2.46816 0.06769291 -0.4903642 2.444714 0.2392267 -0.4686405 2.624871 0.05092198 -0.8745104 2.488381 0.1950031 -0.8354235 2.692527 0.08972581 -0.935567 2.441793 0.261218 -0.9017888 2.742627
0.1939362 0.6847745 2.360437 0.1365683 0.5134791 2.406876 0.03031972 0.396131 2.290291 0.3235566 0.4160162 2.532082 -0.04026025 0.2366005 2.169209 0.3511511 0.2205405 2.486696 0.1422725 0.1592779 2.160005 0.3538849 0.117837 2.303442 0.2339816 0.1549868 2.191579 0.3547962 0.08360252 2.246911 0.1671617 0.174257 2.414802 0.1743192 0.1064907 2.418709 0.12066 0.02978834 2.367677 0.2444143 0.01746041 2.468043 0.06782867 -0.492154 2.445211 0.2401927 -0.4696109 2.62688 0.05092728 -0.8744935 2.48815 0.1946762 -0.8364872 2.692721 0.08921209 -0.9365647 2.440253 0.26311 -0.9038265 2.738343
0.2014664 0.6831501 2.362068 0.1370997 0.5135655 2.407666 0.03043807 0.3979785 2.291939 0.3271377 0.4062532 2.530563 -0.04029682 0.2403508 2.167485 0.3514291 0.2105187 2.483507 0.1426146 0.1638857 2.156657 0.3556294 0.124567 2.291221 0.2287763 0.1647123 2.18516 0.3570294 0.09591639 2.23168 0.1673432 0.1745417 2.414951 0.1745675 0.1068405 2.418622 0.1205991 0.03052093 2.367449 0.2448605 0.01742601 2.467862 0.06851804 -0.4925241 2.445971 0.2403026 -0.4695828 2.627012 0.05093746 -0.8745733 2.48806 0.1934468 -0.838091 2.692877 0.08920662 -0.9366689 2.440189 0.2620947 -0.9046834 2.735917
0.2084532 0.6806201 2.364378 0.1375165 0.513915 2.408111 0.03040311 0.3980644 2.292027 0.3297814 0.3993275 2.531903 -0.03906813 0.24043 2.166077 0.3493089 0.2126315 2.441276 0.1440525 0.1644993 2.155486 0.3702521 0.07406598 2.287367 0.2298319 0.165388 2.184867 0.3669315 0.08490694 2.266272 0.1674192 0.174934 2.415128 0.1747126 0.1072638 2.418575 0.1203693 0.03109598 2.367271 0.2451364 0.01737355 2.467832 0.06851307 -0.4927374 2.445919 0.2402915 -0.4695729 2.627031 0.05129577 -0.8749107 2.488317 0.1937293 -0.8381181 2.692622 0.08945082 -0.9367136 2.440041 0.2623529 -0.9037446 2.734699
0.2132537 0.6794561 2.366196 0.137785 0.5140802 2.4085 0.03180941 0.3971625 2.292675 0.3298513 0.3992447 2.53274 -0.03773709 0.2403052 2.165861 0.3537012 0.2052199 2.472933 0.145166 0.1638975 2.155507 0.3690728 0.1185052 2.281655 0.2373645 0.1617278 2.185893 0.3741966 0.08960029 2.22245 0.167699 0.1748796 2.415395 0.1751321 0.1071847 2.418622 0.120785 0.0312286 2.367134 0.2457024 0.01689225 2.468057 0.06842965 -0.4930593 2.445535 0.2403022 -0.4698516 2.627305 0.05140046 -0.874958 2.488528 0.1936292 -0.8387407 2.692667 0.08936112 -0.9366562 2.439839 0.2630851 -0.9044577 2.739113
0.2184528 0.6766901 2.368811 0.138232 0.5144457 2.408982 0.03218604 0.3964712 2.292205 0.3300682 0.3972923 2.535837 -0.03054008 0.2307786 2.166214 0.3536552 0.2030877 2.476993 0.1527359 0.156431 2.165956 0.3692674 0.1156866 2.286088 0.2447115 0.1541549 2.197017 0.3744714 0.08655295 2.227007 0.167927 0.1748006 2.415684 0.1754959 0.1070581 2.418683 0.1211076 0.03102115 2.366915 0.2463282 0.01614203 2.468488 0.06851592 -0.4925294 2.444789 0.2405843 -0.4701257 2.627887 0.05136055 -0.8750776 2.488589 0.1932555 -0.8402922 2.694104 0.08940864 -0.9364504 2.440591 0.2528929 -0.9029592 2.727643
0.2212615 0.6768265 2.370672 0.1386692 0.5147175 2.409115 0.03390098 0.3947305 2.291881 0.3302536 0.3923476 2.539327 -0.02107784 0.2206053 2.172821 0.3526002 0.1969226 2.487844 0.1661089 0.1358459 2.17963 0.38844 0.1285552 2.291589 0.2531444 0.1461525 2.203862 0.4003866 0.1057661 2.230725 0.1682318 0.1734771 2.41569 0.1759709 0.1050211 2.418375 0.1217047 0.02917157 2.365892 0.2462309 0.01197036 2.468811 0.06843919 -0.4930149 2.44451 0.2408323 -0.4704199 2.628093 0.05160204 -0.8755184 2.488855 0.1933162 -0.8402789 2.694147 0.08940495 -0.9364989 2.440738 0.2560033 -0.9029448 2.727884
0.2231012 0.678341 2.373474 0.1391193 0.5154173 2.409433 0.03477723 0.3938744 2.291071 0.3303998 0.3904667 2.545381 -0.001168021 0.20048 2.182689 0.3563796 0.1943823 2.505563 0.1778303 0.1191535 2.194297 0.3983344 0.1121938 2.316464 0.2550045 0.1192625 2.224365 0.4123193 0.0847977 2.257985 0.1687014 0.1729228 2.416153 0.1767102 0.1041755 2.418746 0.1228855 0.02795772 2.36581 0.2468573 0.01036818 2.469927 0.06914039 -0.4935571 2.445793 0.2409404 -0.4707164 2.628478 0.05195 -0.8748363 2.48819 0.1931636 -0.8404435 2.693981 0.08943901 -0.9362492 2.440986 0.2591186 -0.904618 2.733727
0.2242808 0.6782805 2.374771 0.1398229 0.5157028 2.409817 0.03543326 0.3927547 2.289583 0.3287931 0.3920123 2.550757 0.006779996 0.1928771 2.189958 0.3636696 0.1969173 2.527118 0.1834924 0.1109705 2.213072 0.3298148 0.09674077 2.302885 0.2566101 0.1116249 2.235059 0.3357095 0.04661095 2.22008 0.1690179 0.1721157 2.416382 0.1771629 0.1031371 2.418758 0.1242269 0.02589973 2.36463 0.246553 0.008042827 2.470812 0.06907316 -0.4943277 2.445886 0.2412201 -0.4727913 2.629039 0.05191896 -0.875633 2.488773 0.1936867 -0.8406146 2.693706 0.08943873 -0.9364386 2.440909 0.2598135 -0.9048251 2.73434
0.2255482 0.6775267 2.375661 0.1405126 0.5162572 2.409382 0.03685032 0.3911687 2.288293 0.3274145 0.3950219 2.558943 0.01769659 0.1880781 2.199136 0.3607126 0.1996757 2.536035 0.1864761 0.09192903 2.224882 0.3276964 0.09661046 2.307655 0.2730281 0.09208622 2.268924 0.3335911 0.04648065 2.22485 0.1692217 0.1715605 2.416709 0.1774579 0.1022944 2.41924 0.1252006 0.02466007 2.364781 0.2456931 0.005929161 2.473003 0.06887974 -0.4962523 2.446277 0.2411668 -0.4733162 2.629251 0.05177194 -0.87589 2.488796 0.1936407 -0.8403698 2.693257 0.08950865 -0.9367182 2.440613 0.2617129 -0.9050921 2.736895
0.2263955 0.6774552 2.37654 0.140853 0.5163385 2.408554 0.03819073 0.3897666 2.286726 0.3192504 0.4051132 2.5614 0.03473999 0.1827534 2.2071 0.3546652 0.2101152 2.536135 0.2002326 0.08100948 2.232694 0.3323092 0.1080905 2.318322 0.2253585 0.1007093 2.259066 0.3382039 0.05796068 2.235517 0.1695229 0.1713574 2.416816 0.1778366 0.1020598 2.419562 0.1269851 0.02398056 2.364938 0.2453106 0.006161734 2.474437 0.06790125 -0.4951874 2.444951 0.2410036 -0.4734772 2.629186 0.05173779 -0.8759801 2.489001 0.1936664 -0.8403628 2.693234 0.08970229 -0.9366696 2.441276 0.259856 -0.9046756 2.736541
0.2265679 0.6774054 2.37645 0.1411223 0.51653 2.408058 0.0404472 0.3881329 2.28573 0.3270569 0.4066247 2.581077 0.05930712 0.1798794 2.214732 0.3757443 0.2204003 2.601437 0.2183796 0.06946593 2.243269 0.3459645 0.1451032 2.343215 0.2814619 0.07964074 2.275962 0.3518592 0.09497331 2.26041 0.169733 0.1714725 2.417009 0.178122 0.1022481 2.420021 0.1275642 0.02404582 2.365522 0.2452942 0.006491364 2.475307 0.06799256 -0.4961854 2.445424 0.2406527 -0.4738486 2.629092 0.05222877 -0.8769978 2.489032 0.1936576 -0.8404352 2.692826 0.08981255 -0.9369401 2.440988 0.2639394 -0.9035415 2.741597
0.2259866 0.6778449 2.376096 0.1412425 0.5165988 2.407381 0.04264424 0.3869357 2.284584 0.3293279 0.4137324 2.588911 0.06747107 0.1850677 2.216931 0.3739063 0.224304 2.599514 0.2247578 0.07470904 2.251774 0.3588043 0.1707068 2.374051 0.2910902 0.07857434 2.278907 0.364699 0.1205769 2.291246 0.1699643 0.1733265 2.417752 0.1783413 0.1051352 2.421472 0.1274896 0.02604614 2.366283 0.2457713 0.01033242 2.47895 0.06713235 -0.4944978 2.443178 0.2400643 -0.4727654 2.628104 0.05222526 -0.8769628 2.489027 0.1949665 -0.8374146 2.693123 0.08983392 -0.9367729 2.441098 0.2640649 -0.903124 2.740119
0.2248572 0.6776443 2.374952 0.1413533 0.5167664 2.406877 0.04424617 0.3858631 2.284115 0.3306312 0.4186952 2.593387 0.07649399 0.194248 2.218444 0.3715667 0.2281753 2.602509 0.2299511 0.07919047 2.254561 0.3551605 0.1767584 2.36877 0.2966425 0.1051759 2.259881 0.3610552 0.1266285 2.285965 0.1703793 0.1756663 2.41887 0.1787792 0.1082529 2.423206 0.1278787 0.0285925 2.367811 0.2462348 0.01376728 2.481805 0.06652343 -0.4936187 2.442304 0.2400355 -0.4713724 2.6274 0.05132006 -0.8765476 2.487437 0.1978214 -0.8340091 2.694036 0.08969987 -0.9364332 2.441703 0.263527 -0.9029558 2.741263
0.2240272 0.6779553 2.374028 0.1408771 0.5174127 2.404371 0.04469018 0.3855632 2.283797 0.3327153 0.4234422 2.599178 0.08560285 0.1951357 2.220594 0.3713846 0.2326709 2.609383 0.3135327 0.1580075 2.322011 0.3623726 0.1939443 2.373392 0.3895093 0.1456315 2.360372 0.3682673 0.1438145 2.290587 0.1705035 0.1763922 2.41918 0.1789801 0.1090824 2.423874 0.1278642 0.02933723 2.369009 0.2470073 0.01514174 2.483129 0.06631541 -0.4929577 2.44198 0.2398547 -0.4721027 2.627403 0.05082414 -0.8769792 2.488194 0.1948971 -0.8377224 2.693112 0.08965486 -0.9361712 2.441699 0.2635481 -0.9031065 2.74121
0.2228765 0.6778839 2.373045 0.140702 0.5175313 2.40356 0.04509608 0.3853242 2.283349 0.3337101 0.4254229 2.603725 0.09166288 0.1966841 2.217697 0.3926578 0.2494958 2.646445 0.3116875 0.1586249 2.319721 0.3652174 0.2040014 2.378397 0.3850291 0.1459384 2.358284 0.3711122 0.1538716 2.295591 0.1705511 0.1779946 2.419822 0.1790586 0.1110917 2.424941 0.1277819 0.03029743 2.369801 0.247505 0.01729895 2.485132 0.06603317 -0.4921547 2.441097 0.2394155 -0.4720234 2.6271 0.05061221 -0.8764369 2.488543 0.1948792 -0.837715 2.693107 0.08949514 -0.9356278 2.441939 0.2629421 -0.903234 2.73822
0.2224382 0.678218 2.373151 0.1396997 0.5184836 2.400978 0.04548359 0.3854409 2.283052 0.3334066 0.426134 2.604163 0.1037152 0.199385 2.220805 0.392466 0.249741 2.645607 0.3129742 0.1626774 2.31959 0.3648516 0.2047913 2.376917 0.3827271 0.1504416 2.357073 0.3707463 0.1546615 2.294111 0.1705096 0.1781635 2.419831 0.1790487 0.1111802 2.425032 0.1277335 0.03050475 2.370138 0.2475837 0.01758809 2.485436 0.06567546 -0.4933221 2.441497 0.2393095 -0.4720763 2.627146 0.05039204 -0.8768554 2.487844 0.1939683 -0.8371773 2.691425 0.08973961 -0.9363524 2.441359 0.2525468 -0.8979899 2.713681
0.2211952 0.6789891 2.37326 0.1381036 0.5195711 2.399183 0.04489032 0.3862597 2.282339 0.3327141 0.4268949 2.604314 0.1037098 0.2003551 2.220248 0.3914196 0.2504326 2.645894 0.3141866 0.1644954 2.319388 0.3648952 0.2062497 2.37542 0.3843456 0.1525422 2.356989 0.3707899 0.1561199 2.292615 0.17019 0.1787928 2.419822 0.1788556 0.1116351 2.425168 0.1274108 0.03110042 2.370656 0.2476158 0.01828249 2.485616 0.06579895 -0.4937348 2.441655 0.2388952 -0.4734015 2.627764 0.05063244 -0.8769913 2.487752 0.1946171 -0.8359707 2.691073 0.08974423 -0.9365718 2.44099 0.259124 -0.9007379 2.725529
0.2188539 0.6802393 2.373922 0.1376959 0.5204186 2.39885 0.04513622 0.3861821 2.282287 0.3263243 0.426421 2.600411 0.1033883 0.2002042 2.219626 0.3914924 0.2536118 2.645391 0.3149918 0.1649392 2.318831 0.3654799 0.2015088 2.370991 0.3855264 0.1531842 2.356454 0.3713747 0.151379 2.288186 0.1701746 0.1785879 2.419912 0.1789185 0.110939 2.425453 0.1276222 0.03071843 2.370842 0.2475527 0.01818012 2.485898 0.0663065 -0.4936363 2.442652 0.2390121 -0.4737744 2.628209 0.05064699 -0.8771511 2.487689 0.1945876 -0.837326 2.691228 0.08977775 -0.9364488 2.441494 0.2563289 -0.9006667 2.724214
0.2181925 0.680926 2.374662 0.1378406 0.5212222 2.400016 0.04542617 0.3861402 2.282281 0.3181418 0.425063 2.589761 0.1007521 0.1994123 2.218872 0.3714178 0.2444841 2.624743 0.3173551 0.162132 2.31776 0.363879 0.1922108 2.358878 0.3895561 0.1497052 2.355277 0.3697737 0.142081 2.276073 0.170088 0.1784258 2.420101 0.1787651 0.1105426 2.425611 0.127647 0.030689 2.370848 0.2468099 0.01816545 2.485936 0.06636057 -0.4935287 2.44278 0.2390347 -0.4731952 2.628119 0.05057615 -0.8772867 2.487519 0.1949339 -0.8361737 2.689306 0.08980845 -0.9363623 2.441475 0.2568014 -0.9011999 2.724632
0.2150118 0.6836907 2.377338 0.1379852 0.5217118 2.400685 0.04572664 0.3860605 2.282372 0.3147131 0.4239735 2.586035 0.09259302 0.1973809 2.217279 0.3670851 0.2404741 2.612563 0.3156157 0.1343659 2.310712 0.3564 0.176562 2.347702 0.3899567 0.1133608 2.346411 0.3622947 0.1264322 2.264897 0.1700446 0.1783893 2.420174 0.1786919 0.1104201 2.425656 0.1277685 0.03073538 2.370746 0.2460099 0.01815361 2.486052 0.06645419 -0.4934889 2.442719 0.2390503 -0.4729863 2.628201 0.0504167 -0.8770808 2.487945 0.1950883 -0.8353405 2.689212 0.08932433 -0.9356056 2.44296 0.2580223 -0.9022256 2.72743
0.2138517 0.6843839 2.37867 0.1378495 0.5224757 2.401646 0.04578581 0.3860587 2.282462 0.3113322 0.4214138 2.580819 0.07912871 0.1954751 2.212956 0.3668237 0.2389737 2.607773 0.3148327 0.1290675 2.308329 0.3531351 0.1676812 2.348567 0.3934008 0.1069316 2.344675 0.3590298 0.1175514 2.265762 0.1696232 0.177804 2.420451 0.1780576 0.1092477 2.425839 0.127974 0.03002913 2.370526 0.2433137 0.01641621 2.486321 0.06667475 -0.4933541 2.442763 0.2391516 -0.4731953 2.628561 0.05072613 -0.8769388 2.488213 0.1947242 -0.8357015 2.689991 0.08929963 -0.9355221 2.44292 0.2573758 -0.9022543 2.734733
0.2130273 0.6855251 2.380144 0.1377617 0.5230142 2.403023 0.04601089 0.3861597 2.282818 0.3112088 0.4206218 2.579304 0.0525841 0.1941157 2.207763 0.3641197 0.235397 2.598768 0.2906266 0.1240538 2.295454 0.3496732 0.1616771 2.344387 0.3699742 0.1006998 2.329238 0.3555678 0.1115473 2.261581 0.1693282 0.1768992 2.420902 0.1776785 0.1077914 2.426145 0.1284224 0.02908901 2.37075 0.2418545 0.01505459 2.486015 0.0668124 -0.493374 2.442808 0.2390807 -0.4733565 2.62867 0.05069237 -0.8770207 2.488346 0.1943437 -0.8373024 2.690433 0.08928271 -0.9354857 2.443009 0.2581564 -0.9023817 2.734104
0.2125715 0.6866014 2.381475 0.1377831 0.523778 2.404327 0.0456896 0.3863483 2.283417 0.3122957 0.4176067 2.576355 0.03643413 0.1940412 2.205227 0.3511629 0.2234522 2.555806 0.2045032 0.1018878 2.241628 0.3531559 0.1544658 2.34288 0.2605262 0.07116993 2.258316 0.3590506 0.104336 2.260074 0.1688144 0.176407 2.420925 0.1768852 0.1068909 2.425858 0.1279077 0.02813264 2.37009 0.2401159 0.01333976 2.485117 0.06765329 -0.4931901 2.443348 0.2390812 -0.4733127 2.628727 0.05067368 -0.8769792 2.488423 0.1946081 -0.8387079 2.691728 0.0892131 -0.9351689 2.443344 0.2548634 -0.9023274 2.731102
0.2120052 0.6880388 2.383642 0.1385601 0.523939 2.406791 0.04359616 0.3884528 2.284911 0.3121705 0.4165084 2.572697 0.02183991 0.1908141 2.203527 0.3501422 0.2221935 2.552349 0.196013 0.1052545 2.238019 0.3908587 0.1247255 2.3711 0.2540707 0.07673458 2.254072 0.3781862 0.1190421 2.364714 0.1685637 0.1758776 2.421011 0.1764384 0.1061101 2.425608 0.1275629 0.02727098 2.369548 0.2391007 0.0121137 2.484056 0.06770241 -0.4931596 2.44328 0.2391174 -0.4733923 2.628974 0.05065163 -0.8769747 2.488393 0.1944661 -0.8387343 2.691559 0.08924696 -0.9350845 2.443478 0.2558198 -0.9023318 2.731398
0.2112797 0.6884828 2.384534 0.1387801 0.5241117 2.407498 0.04214397 0.3892891 2.285919 0.3155262 0.4068868 2.554374 0.005651866 0.1929826 2.200367 0.3535503 0.2141533 2.552961 0.182869 0.1098422 2.22654 0.3875209 0.1283086 2.36404 0.2419414 0.08212878 2.23982 0.3772315 0.1190767 2.364729 0.1681018 0.1745733 2.420515 0.1753615 0.1041252 2.42465 0.1260121 0.02565225 2.36876 0.2380698 0.01001958 2.481622 0.06749526 -0.4931658 2.442715 0.2388149 -0.47411 2.629116 0.05066185 -0.8769986 2.488402 0.1942578 -0.8385482 2.691271 0.08912316 -0.9355999 2.442403 0.2584729 -0.9028666 2.73411
0.2106312 0.6892433 2.385022 0.140222 0.5234784 2.410345 0.03938171 0.3914236 2.287535 0.3162728 0.4065006 2.552734 -0.01409294 0.1998176 2.197168 0.3555608 0.2123632 2.525288 0.1617878 0.1108221 2.20297 0.3472491 0.1263959 2.33337 0.2204147 0.08115692 2.209459 0.3048286 0.125149 2.275477 0.1682562 0.1742311 2.420263 0.1752581 0.103719 2.424226 0.1255212 0.02536994 2.368387 0.2382991 0.009472054 2.479413 0.06661896 -0.493373 2.441953 0.2384803 -0.4743289 2.629349 0.05055204 -0.877205 2.488112 0.1940311 -0.8383106 2.690638 0.08915386 -0.9358409 2.44212 0.2557667 -0.9029045 2.732214
0.2099144 0.6898476 2.385043 0.1402268 0.5233613 2.410631 0.03629185 0.3934424 2.288973 0.3184856 0.4055692 2.548239 -0.03212267 0.2065995 2.193315 0.3466749 0.2106775 2.50017 0.1455625 0.1210569 2.198063 0.3466231 0.1173555 2.311805 0.2171505 0.1261756 2.197126 0.3042058 0.1161087 2.253916 0.1682851 0.1741879 2.419985 0.1751021 0.1037354 2.423778 0.1250564 0.02544018 2.368268 0.2386963 0.009873567 2.4771 0.06601782 -0.4927228 2.441116 0.2377715 -0.472575 2.628101 0.05047554 -0.8768381 2.487591 0.1950367 -0.8322387 2.689483 0.0891388 -0.9356533 2.442156 0.2593227 -0.9018117 2.731858
0.2069613 0.6909569 2.384747 0.1401872 0.523395 2.410898 0.03260843 0.3967847 2.290889 0.3209217 0.4020311 2.540956 -0.0421626 0.2134023 2.191545 0.344269 0.2065626 2.49243 0.1400494 0.1284581 2.189491 0.3459427 0.1174286 2.301913 0.2116255 0.130022 2.194547 0.3035285 0.1161819 2.244028 0.1681352 0.1741307 2.419766 0.1747845 0.1037056 2.423367 0.1239295 0.02562436 2.368452 0.2388303 0.0101223 2.47493 0.06535074 -0.4929584 2.440831 0.237156 -0.4721384 2.627795 0.05017355 -0.8772908 2.487235 0.1949793 -0.8323439 2.689695 0.08878015 -0.9362929 2.443045 0.2589853 -0.9027957 2.732214
0.2062817 0.6911806 2.384548 0.1402103 0.5233827 2.410951 0.03017402 0.3986502 2.292127 0.3231598 0.4001659 2.536378 -0.04740661 0.2170195 2.18981 0.3436744 0.204763 2.484731 0.139199 0.1401664 2.182234 0.3404146 0.1199918 2.292116 0.2103642 0.1391559 2.191448 0.2980034 0.1187452 2.234236 0.1679506 0.1741561 2.41943 0.1744898 0.103834 2.422757 0.1228644 0.02578552 2.3685 0.2392351 0.01068926 2.472591 0.06416383 -0.4923977 2.440513 0.2369247 -0.4719475 2.627575 0.05001514 -0.8769687 2.487007 0.1946835 -0.8347742 2.691507 0.0887965 -0.9362545 2.443126 0.2587111 -0.903358 2.731761
0.204153 0.6919227 2.383569 0.1404374 0.5233595 2.411169 0.02814867 0.4001875 2.292932 0.3233865 0.4019544 2.531078 -0.05234384 0.2207617 2.188612 0.3634225 0.2122394 2.463982 0.1387074 0.1433218 2.179676 0.3284674 0.1096685 2.284563 0.2099358 0.1431446 2.188401 0.2860593 0.1084219 2.226687 0.1677638 0.1741695 2.419191 0.1742161 0.1039374 2.422177 0.121954 0.02607808 2.368584 0.2392951 0.01141152 2.470379 0.06281888 -0.4914702 2.439574 0.2361368 -0.4715114 2.626361 0.04998016 -0.8766353 2.486925 0.1942388 -0.8354466 2.692156 0.08873802 -0.9361568 2.443345 0.2590873 -0.9040922 2.734405
0.2027899 0.6921108 2.382727 0.1405542 0.5233323 2.411244 0.02668806 0.4012349 2.293456 0.3234921 0.4032059 2.529116 -0.0527854 0.2210563 2.188341 0.363411 0.2129845 2.464399 0.139188 0.1452548 2.178035 0.3306611 0.1117202 2.28374 0.210355 0.1445804 2.187184 0.288256 0.1104737 2.225868 0.1674966 0.1741127 2.418985 0.1739285 0.1039308 2.421706 0.1208187 0.02639261 2.368891 0.2393696 0.0118761 2.468723 0.06205935 -0.4906417 2.438982 0.2350128 -0.472116 2.62534 0.05007058 -0.8767066 2.487257 0.1942534 -0.835778 2.692251 0.08869255 -0.9361001 2.443408 0.2458563 -0.9024069 2.716611
0.2010185 0.6926091 2.381627 0.1404506 0.5231391 2.411054 0.0252801 0.4021585 2.293665 0.3235235 0.4039935 2.527804 -0.05276551 0.2211284 2.18837 0.3560767 0.2108057 2.472202 0.1389782 0.145233 2.177943 0.3363798 0.1159044 2.285864 0.2101245 0.1434983 2.187073 0.2939778 0.1146579 2.227997 0.1653432 0.174056 2.417603 0.1714835 0.1041219 2.419737 0.1164475 0.0271052 2.368001 0.2375257 0.01223831 2.466077 0.06161505 -0.4903434 2.438289 0.2346292 -0.4728364 2.625155 0.04992094 -0.8765703 2.487228 0.1940529 -0.8372512 2.692468 0.08892073 -0.9359267 2.443621 0.2527909 -0.9051951 2.725649
0.1982317 0.6932341 2.378925 0.1402797 0.5231441 2.410975 0.02430209 0.4022479 2.293658 0.3200363 0.4072621 2.523728 -0.0512601 0.2202009 2.189466 0.356491 0.2134801 2.47889 0.1408722 0.1417344 2.179378 0.3374511 0.1188539 2.29234 0.2201674 0.1403801 2.196572 0.2950512 0.1176076 2.234475 0.1649869 0.1732781 2.417 0.171489 0.1031589 2.41863 0.1163574 0.02687095 2.3677 0.2380572 0.01186852 2.464668 0.06123861 -0.4902778 2.438094 0.2344774 -0.4730017 2.625005 0.04991017 -0.8762216 2.487226 0.1939233 -0.8375879 2.692727 0.08895621 -0.9357931 2.443611 0.2518339 -0.9049436 2.725291
0.19596 0.693676 2.377333 0.1400119 0.5229507 2.410911 0.02399499 0.4013824 2.29306 0.3183654 0.4085945 2.522659 -0.03793917 0.2045687 2.196421 0.3570497 0.2147141 2.485117 0.1458941 0.1310775 2.185029 0.339481 0.119343 2.298833 0.2319356 0.1263656 2.211746 0.2970826 0.1180967 2.24097 0.1642102 0.1720098 2.416196 0.1710758 0.101726 2.417223 0.1159642 0.02596948 2.366423 0.2379159 0.01111651 2.463606 0.06056214 -0.4909087 2.438065 0.2326134 -0.4839512 2.627403 0.04954447 -0.8759097 2.486072 0.1937516 -0.8384069 2.693767 0.08950887 -0.9369039 2.4421 0.2531839 -0.9054107 2.726706
0.1942215 0.6934194 2.37588 0.1396399 0.5222326 2.41059 0.02455917 0.3994361 2.292297 0.3172393 0.4106879 2.523743 -0.02345395 0.1948774 2.200643 0.3607317 0.2175777 2.493149 0.1565516 0.1129642 2.196222 0.3372114 0.1187303 2.30956 0.2357412 0.1162342 2.219981 0.2948146 0.1174839 2.251698 0.1638908 0.1707885 2.415903 0.1711868 0.1005263 2.416602 0.1163373 0.02505486 2.365853 0.237972 0.01049305 2.463285 0.06034184 -0.4908115 2.437753 0.2333029 -0.4790526 2.623399 0.0495794 -0.8757794 2.486662 0.1939498 -0.8383235 2.692409 0.0895078 -0.936731 2.442195 0.2566184 -0.90543 2.731792
0.1921657 0.692937 2.374554 0.1391452 0.52171 2.410421 0.02541762 0.3968347 2.290531 0.3167934 0.4108063 2.526116 -0.003984797 0.1865138 2.20606 0.3610535 0.2179299 2.505117 0.1885659 0.1000587 2.22565 0.3373799 0.1201489 2.319114 0.2810759 0.1055534 2.25451 0.2949831 0.1189026 2.261253 0.1637939 0.1700363 2.416004 0.1715649 0.09974274 2.416436 0.1171423 0.02402917 2.365475 0.2384455 0.009902068 2.463402 0.05993748 -0.4911265 2.437788 0.2338924 -0.4768162 2.622275 0.04981851 -0.8752733 2.486494 0.1940094 -0.8373978 2.692385 0.08945134 -0.9367647 2.441155 0.2566782 -0.9053497 2.731809
0.1891919 0.6920374 2.37151 0.1387733 0.5201144 2.409582 0.02785031 0.3926767 2.288416 0.3163411 0.4109789 2.529652 0.01675905 0.1771287 2.210534 0.3627718 0.2194444 2.521534 0.2641528 0.1022178 2.267027 0.3046415 0.1241803 2.264383 0.3466174 0.07724754 2.290415 0.2622443 0.122934 2.206522 0.1639082 0.1690624 2.416325 0.1720417 0.09883868 2.416823 0.1188046 0.02241019 2.366086 0.2386387 0.009144939 2.464376 0.05989887 -0.4910844 2.437787 0.2339837 -0.4768063 2.622273 0.0497176 -0.8748046 2.486894 0.1938393 -0.8384584 2.694115 0.08911317 -0.9362186 2.441673 0.2475011 -0.9038861 2.722683
0.1872737 0.692477 2.369871 0.1380723 0.5177372 2.407485 0.03096939 0.3891521 2.286926 0.3114612 0.4195899 2.536324 0.04765112 0.1736574 2.217052 0.3635216 0.2273665 2.532957 0.2929504 0.09463022 2.276299 0.3519808 0.1428402 2.32411 0.3438424 0.1325106 2.309799 0.3095831 0.141594 2.266248 0.1637104 0.16875 2.415971 0.1720147 0.09874219 2.41673 0.1188723 0.02245994 2.365724 0.2385203 0.009245249 2.464703 0.05990145 -0.4911424 2.437804 0.2341085 -0.4765433 2.622063 0.04965836 -0.8747928 2.48687 0.1944059 -0.8384407 2.695591 0.08914723 -0.9359881 2.441766 0.2466266 -0.90347 2.72196
0.1857989 0.6922459 2.366979 0.1368366 0.5153241 2.403091 0.03339742 0.3875636 2.285857 0.3100613 0.4279683 2.539847 0.05405144 0.1760038 2.21888 0.3681728 0.231311 2.548319 0.2982787 0.1010394 2.285606 0.3434958 0.1374171 2.311667 0.3569173 0.1262612 2.318357 0.3010978 0.1361708 2.253804 0.1640174 0.1688696 2.415574 0.1723033 0.09916419 2.416961 0.1194675 0.02314144 2.365846 0.2395444 0.01124421 2.467732 0.0599031 -0.4911536 2.437789 0.2346916 -0.4755684 2.621309 0.04957704 -0.8749326 2.486927 0.1940873 -0.8385326 2.695707 0.08919158 -0.9359868 2.441798 0.2547303 -0.9032626 2.724523
0.1837436 0.6907621 2.362953 0.1370564 0.5137374 2.401127 0.03531571 0.3866701 2.285524 0.3118512 0.4292815 2.544191 0.06787102 0.1784325 2.222521 0.3639283 0.2293874 2.547244 0.3110482 0.1089628 2.29697 0.3396726 0.1434433 2.315486 0.3687243 0.1238383 2.336964 0.2972742 0.142197 2.257623 0.1644089 0.1688394 2.415233 0.1725613 0.09922878 2.417124 0.120617 0.02346797 2.366906 0.2395915 0.01156223 2.46799 0.05943978 -0.4921663 2.437896 0.2347654 -0.475353 2.621107 0.04988805 -0.8749278 2.486265 0.1943937 -0.8382419 2.694822 0.08935153 -0.9363512 2.441242 0.2602086 -0.906505 2.737754
