0.2262855 0.6891769 2.324166 0.1466038 0.5388944 2.334924 0.1019938 0.3860438 2.249531 0.2486686 0.4218265 2.52508 0.1937616 0.182116 2.210186 0.3020189 0.2523487 2.582716 0.3650259 0.162945 2.399369 0.4002898 0.1658517 2.422168 0.422114 0.1565547 2.46699 0.345015 0.1345377 2.389023 0.1666368 0.09498655 2.397674 0.1684405 0.009518585 2.411556 0.1251939 -0.0210782 2.363996 0.2115474 -0.04629178 2.457266 0.09769595 -0.4985016 2.439288 0.02917145 -0.5745674 2.413584 0.0320683 -0.8764985 2.46787 0.08567666 -0.8249328 2.621132 0.0876196 -0.9367579 2.454359 0.1546665 -0.8727644 2.686427
0.2258643 0.6873134 2.324601 0.1463093 0.53566 2.338584 0.09848759 0.383285 2.248217 0.2483742 0.4185921 2.52874 0.1847657 0.1784115 2.206704 0.3017228 0.2491194 2.586373 0.3601202 0.16298 2.392675 0.3899129 0.162058 2.419888 0.4185717 0.1578362 2.459226 0.3346381 0.130744 2.386742 0.1659951 0.09590746 2.397821 0.1680745 0.01033949 2.411669 0.1249292 -0.02063981 2.36652 0.2114563 -0.04526891 2.457485 0.0977575 -0.4977494 2.438642 0.02910933 -0.5707717 2.413944 0.03265014 -0.8740168 2.467631 0.08561454 -0.8211371 2.621492 0.0871219 -0.9353427 2.451718 0.1540873 -0.8707244 2.686041
0.2259371 0.6865378 2.325713 0.1462802 0.5342216 2.341354 0.09671842 0.3829412 2.247068 0.248345 0.4171536 2.53151 0.1730132 0.1712596 2.202371 0.301692 0.2476862 2.58914 0.3568442 0.1590657 2.380788 0.3883818 0.1623443 2.420845 0.4181212 0.155001 2.444821 0.3331069 0.1310303 2.387699 0.1588695 0.1365735 2.394911 0.1605644 0.06274484 2.406955 0.1243155 -0.004698139 2.34709 0.2036631 -0.02768216 2.48193 0.09740033 -0.4975909 2.438909 0.02645779 -0.5735183 2.412228 0.03258982 -0.8731248 2.467287 0.08296301 -0.8238835 2.619776 0.08733679 -0.9352589 2.452188 0.1527533 -0.8735304 2.682875
0.2258358 0.6853642 2.329256 0.1467913 0.5305909 2.348538 0.09247901 0.3828384 2.245809 0.2488561 0.4135229 2.538694 0.160519 0.1673409 2.189356 0.3022017 0.24406 2.596321 0.3202376 0.1171264 2.29774 0.3865867 0.1622245 2.424894 0.3654274 0.1288688 2.362622 0.3313136 0.1309115 2.391749 0.1589453 0.1474289 2.396599 0.1609348 0.07424758 2.408279 0.1242973 0.005172761 2.340953 0.2036425 -0.01821375 2.490583 0.0971045 -0.4964363 2.439897 0.02547711 -0.572993 2.411657 0.03258376 -0.873228 2.467368 0.08198234 -0.8233583 2.619205 0.08739874 -0.9354653 2.451752 0.1484506 -0.8540495 2.696389
0.2254112 0.684763 2.332172 0.1471818 0.529514 2.353356 0.0894871 0.382861 2.246033 0.2492466 0.412446 2.543512 0.1352591 0.1878136 2.17042 0.30259 0.2429898 2.601136 0.3169989 0.1142277 2.289527 0.3856469 0.1622011 2.428478 0.3711167 0.1143096 2.336489 0.3303738 0.1308881 2.395334 0.1588051 0.1524348 2.39811 0.1608308 0.07938844 2.409521 0.1240564 0.007958261 2.339429 0.2033826 -0.01490662 2.494527 0.09666739 -0.4963896 2.43996 0.02549255 -0.5714542 2.411715 0.03258744 -0.8732981 2.46729 0.081539 -0.8232548 2.619084 0.08748791 -0.9358706 2.451198 0.1477832 -0.8540576 2.696419
0.2250848 0.6846882 2.333751 0.1469466 0.5293259 2.354686 0.08797309 0.3835829 2.246072 0.2490115 0.4122579 2.544842 0.1301205 0.1909223 2.165579 0.3130611 0.2526109 2.618832 0.2966328 0.1303448 2.273091 0.4107317 0.1429773 2.463549 0.3522114 0.1101253 2.313543 0.3554585 0.1116641 2.430405 0.158372 0.1507913 2.398293 0.1602532 0.07605643 2.40964 0.1235009 0.008104552 2.340306 0.2028948 -0.01543593 2.492656 0.09637555 -0.496298 2.440164 0.02449751 -0.5720199 2.411371 0.0325046 -0.8734375 2.46745 0.08081009 -0.8229861 2.618846 0.08751948 -0.9357644 2.450499 0.153603 -0.8712709 2.679598
0.2248566 0.6844281 2.335564 0.1471868 0.5290231 2.357125 0.08528481 0.3851566 2.245765 0.2492517 0.4119551 2.547282 0.1239293 0.1959458 2.159647 0.3154157 0.254316 2.617713 0.2984296 0.1346887 2.254969 0.4100649 0.1495405 2.456257 0.3566742 0.1142424 2.291352 0.3547916 0.1182273 2.423112 0.1609731 0.1490938 2.40022 0.164007 0.07342371 2.411902 0.1268125 0.008710667 2.344402 0.2073052 -0.01575447 2.492487 0.09603392 -0.4964616 2.440421 0.03717771 -0.5734237 2.419986 0.03249696 -0.8736746 2.467596 0.09368299 -0.823789 2.627533 0.08716115 -0.9357157 2.45049 0.1631046 -0.8739451 2.69069
0.224668 0.6842624 2.337504 0.1476818 0.52872 2.359842 0.08466829 0.3860998 2.245395 0.2497467 0.4116521 2.549999 0.1142384 0.2022772 2.147055 0.3199795 0.25252 2.614977 0.2773848 0.1180837 2.203974 0.4103559 0.1548394 2.447552 0.3491477 0.1119603 2.268863 0.3550823 0.123526 2.414407 0.1639202 0.1488531 2.402321 0.167611 0.07309607 2.414026 0.1311456 0.01027662 2.347713 0.211707 -0.01495747 2.493533 0.09594631 -0.4955293 2.440683 0.04421489 -0.572509 2.425026 0.0323214 -0.873542 2.467628 0.1007202 -0.8228743 2.632573 0.08693808 -0.9346673 2.455358 0.1683215 -0.8751217 2.696027
0.2246595 0.6842997 2.338847 0.1477548 0.5285751 2.360536 0.08427986 0.386771 2.245533 0.2498196 0.4115071 2.550693 0.1082997 0.2081651 2.138425 0.3228211 0.2477837 2.604774 0.2922362 0.168524 2.222153 0.4080734 0.1591451 2.432373 0.3347048 0.1227516 2.257295 0.3528031 0.1278336 2.39923 0.1654443 0.1494187 2.403219 0.1695112 0.07385096 2.414996 0.134357 0.01341186 2.350439 0.2137531 -0.01359935 2.493508 0.09597551 -0.4950015 2.440971 0.0472558 -0.5716428 2.427459 0.03211665 -0.8735393 2.467801 0.1037611 -0.8220081 2.635006 0.08641575 -0.9344303 2.45445 0.167252 -0.8561956 2.713298
0.2244525 0.6844212 2.339731 0.1478269 0.5285985 2.361388 0.08353695 0.3875602 2.245702 0.2498917 0.4115306 2.551544 0.1011676 0.2149457 2.126241 0.3252279 0.2442489 2.595558 0.2675942 0.1346046 2.179857 0.4082048 0.1596304 2.422776 0.3404305 0.1269516 2.243366 0.3529341 0.1283187 2.389633 0.1673891 0.1493571 2.404418 0.171916 0.07370019 2.416289 0.1363038 0.0134961 2.351795 0.2170484 -0.01280637 2.494405 0.09560633 -0.4945558 2.440675 0.235184 -0.4698098 2.703494 0.03190466 -0.8730974 2.468128 0.1710944 -0.8284284 2.714152 0.0865033 -0.9343761 2.454397 0.1971778 -0.9035301 2.727652
0.2240444 0.6846274 2.340546 0.1476268 0.528749 2.362126 0.08338854 0.388271 2.245468 0.2496917 0.411681 2.552283 0.09958072 0.2170773 2.123174 0.3252584 0.2435833 2.594054 0.2653041 0.1362925 2.177952 0.408025 0.1592925 2.421464 0.3416463 0.137287 2.237684 0.3527543 0.1279808 2.388321 0.1688184 0.1496342 2.405469 0.1737488 0.07397676 2.417449 0.138474 0.01393767 2.353114 0.2191392 -0.01177268 2.495418 0.09554581 -0.4945332 2.440768 0.2352993 -0.4696257 2.703735 0.03192775 -0.8731333 2.468186 0.1706181 -0.8287209 2.713886 0.08656889 -0.9346635 2.452986 0.2134234 -0.8890395 2.763609
0.224013 0.6847795 2.341729 0.1477763 0.5288346 2.363549 0.08346002 0.3887184 2.245414 0.2498412 0.4117667 2.553705 0.09964104 0.2184721 2.12146 0.3259068 0.2434104 2.59425 0.265106 0.1377831 2.176942 0.4076559 0.161049 2.421054 0.341867 0.1393794 2.236121 0.3523852 0.1297373 2.387911 0.1708083 0.1493807 2.406749 0.1760791 0.07359292 2.418694 0.1408302 0.01377538 2.354396 0.2216333 -0.01126971 2.496235 0.09555703 -0.4944535 2.440784 0.2354787 -0.4694687 2.70398 0.03186733 -0.8732266 2.468174 0.1706053 -0.8287637 2.713897 0.08672196 -0.9345755 2.452307 0.2132942 -0.8968618 2.756142
0.2240146 0.6852415 2.342675 0.1477458 0.5293323 2.364477 0.08222331 0.391502 2.244114 0.2498106 0.4122643 2.554633 0.09994288 0.2206694 2.12149 0.3256903 0.2428861 2.59275 0.2648761 0.1385383 2.17651 0.4066246 0.1626036 2.418839 0.341503 0.1403288 2.235858 0.3513539 0.1312918 2.385696 0.1718535 0.149981 2.407282 0.1772785 0.0742084 2.419149 0.1418965 0.01415677 2.354706 0.2232435 -0.01039843 2.496653 0.09555799 -0.4944242 2.440719 0.235533 -0.4693534 2.704078 0.03178701 -0.8732998 2.468206 0.1698821 -0.8290954 2.713349 0.08678237 -0.9349765 2.451927 0.205101 -0.9007861 2.739863
0.2239561 0.6852862 2.342747 0.1477438 0.5295047 2.364473 0.08230393 0.3917075 2.244071 0.2498086 0.4124367 2.55463 0.1015463 0.2210684 2.121419 0.3256607 0.2430839 2.592811 0.2658959 0.138267 2.176999 0.4065833 0.1627803 2.418918 0.3423295 0.1397983 2.236603 0.3513125 0.1314685 2.385775 0.171782 0.1500695 2.40723 0.1771417 0.07429384 2.419078 0.1416452 0.01395265 2.35422 0.2228905 -0.01039411 2.49684 0.09561645 -0.4940068 2.440254 0.228435 -0.4705766 2.701892 0.03257868 -0.8721296 2.467477 0.1698042 -0.8289082 2.713738 0.08758485 -0.9352102 2.451675 0.205486 -0.9020156 2.741131
0.2238652 0.6853643 2.342759 0.147632 0.529708 2.364169 0.08210917 0.3923004 2.244128 0.2496968 0.41264 2.554325 0.1080446 0.2208382 2.124596 0.3239036 0.2425723 2.592507 0.2703729 0.1370219 2.183607 0.4061991 0.1595561 2.420001 0.3450133 0.1366186 2.24546 0.3509281 0.1282442 2.386858 0.173568 0.1496734 2.407846 0.1796722 0.07358009 2.420151 0.1448272 0.01274935 2.355677 0.2261574 -0.01026316 2.49844 0.09574173 -0.4940541 2.440325 0.2365211 -0.4695708 2.707753 0.03244093 -0.8723821 2.467791 0.1690427 -0.8275309 2.711021 0.08672602 -0.9354137 2.452179 0.205204 -0.9021142 2.739434
0.2238552 0.6853704 2.342752 0.1477696 0.5297744 2.364127 0.08220886 0.392163 2.244172 0.2498345 0.4127064 2.554283 0.1160664 0.2181989 2.132187 0.320639 0.2453161 2.602414 0.2761801 0.1301744 2.191109 0.4158599 0.1529389 2.443625 0.3465586 0.1213112 2.257188 0.3605863 0.1216256 2.41048 0.175758 0.1479372 2.409096 0.1822426 0.07119162 2.421818 0.1472058 0.01122814 2.358264 0.2282458 -0.01110756 2.499136 0.09634621 -0.4937603 2.440414 0.2419863 -0.4720857 2.712785 0.03271441 -0.8696709 2.467052 0.169278 -0.8274188 2.71111 0.08814279 -0.9347666 2.451021 0.2185241 -0.8895653 2.7821
0.2233999 0.6854089 2.341918 0.1476175 0.530035 2.36257 0.08488905 0.3925079 2.242439 0.2496824 0.412967 2.552726 0.1458781 0.1776091 2.15405 0.3196898 0.245976 2.602463 0.3132082 0.115893 2.223106 0.4151351 0.1534077 2.443951 0.380643 0.1069157 2.292182 0.359857 0.1220918 2.410804 0.1763918 0.1506372 2.409171 0.1829569 0.07511538 2.422312 0.148665 0.0118207 2.357256 0.2282753 -0.008870207 2.503782 0.09690741 -0.4935169 2.440056 0.2419599 -0.4725239 2.713024 0.03280064 -0.8700756 2.467091 0.1704402 -0.8286285 2.713199 0.08941878 -0.9355216 2.450101 0.2096626 -0.9000592 2.752243
0.2226922 0.6856016 2.340683 0.1470585 0.5314053 2.358827 0.08588175 0.3913545 2.242154 0.2491234 0.4143373 2.548983 0.1488717 0.1784181 2.157898 0.3183269 0.2482611 2.601378 0.3216261 0.1190486 2.272086 0.413414 0.1550223 2.443069 0.3699 0.1239235 2.324815 0.3581392 0.1237083 2.409923 0.177119 0.1570432 2.408809 0.1837724 0.08321895 2.422696 0.1511488 0.01178512 2.353451 0.2287569 -0.006033186 2.514692 0.09764229 -0.4943408 2.440165 0.2431649 -0.4763345 2.715798 0.03254909 -0.8705659 2.467594 0.170635 -0.8286918 2.712716 0.08941375 -0.9355212 2.450098 0.2060269 -0.9102126 2.727444
0.2215916 0.6851571 2.339038 0.1463712 0.5317575 2.355619 0.08776562 0.3893426 2.242126 0.2484361 0.4146895 2.545775 0.1614044 0.1773192 2.171484 0.317014 0.2492387 2.599988 0.3213113 0.1195239 2.274681 0.3845288 0.1350445 2.388856 0.3755706 0.1249067 2.349378 0.3292551 0.1037311 2.355711 0.1764882 0.1734152 2.406575 0.1828387 0.1048828 2.420907 0.1548432 0.01331693 2.340158 0.2272509 -0.001334301 2.531122 0.09809193 -0.4946542 2.440251 0.2430801 -0.4767253 2.716067 0.03253157 -0.8705422 2.46752 0.1706587 -0.8283078 2.712147 0.08892215 -0.9348789 2.454954 0.2084351 -0.9114764 2.73193
0.2210261 0.6853077 2.337593 0.1448049 0.5324273 2.351254 0.08960166 0.3873529 2.24321 0.2468698 0.4153593 2.54141 0.1724754 0.1747734 2.185778 0.3147331 0.2503306 2.597059 0.3330186 0.1213461 2.294527 0.3909835 0.1470665 2.418179 0.3751385 0.1410198 2.379597 0.3357096 0.115753 2.385034 0.1986222 0.09583233 2.429979 0.2101026 0.008210011 2.451044 0.1750447 -0.02569578 2.416128 0.2562799 -0.04279327 2.501465 0.09840545 -0.4956103 2.440006 0.2905771 -0.496105 2.76424 0.0328129 -0.8698501 2.466419 0.1715254 -0.827708 2.712513 0.08901535 -0.9349272 2.455939 0.2090168 -0.9133337 2.731527
0.2200308 0.6850756 2.335212 0.1437373 0.5328878 2.348773 0.09060441 0.3865889 2.244309 0.2458021 0.4158198 2.538929 0.1869331 0.1716644 2.200392 0.3131594 0.2508573 2.595111 0.3457409 0.1199337 2.308456 0.3943203 0.1591541 2.427644 0.3764926 0.1565666 2.392785 0.3390439 0.1278392 2.394498 0.1697733 0.1338485 2.415536 0.1756377 0.05380292 2.43383 0.1557559 -0.01872516 2.346823 0.2066899 -0.02535152 2.545926 0.09849592 -0.4959493 2.439392 0.2904449 -0.4958515 2.763869 0.03280002 -0.8698586 2.466424 0.1714015 -0.8284487 2.711956 0.08896463 -0.9346648 2.456078 0.2087975 -0.9136944 2.731324
0.2201599 0.6856301 2.332604 0.1435666 0.5336397 2.345955 0.092319 0.386871 2.245064 0.2456315 0.4165716 2.536111 0.1924511 0.1749741 2.20752 0.3124582 0.2516572 2.592805 0.3646602 0.1602463 2.395982 0.3952668 0.1595581 2.426463 0.3952093 0.18963 2.453759 0.3399904 0.1282431 2.393317 0.1657361 0.1382421 2.408708 0.1696822 0.0598139 2.424555 0.1505212 -0.01536159 2.339553 0.1972097 -0.02030031 2.531892 0.09853534 -0.4952202 2.438063 0.2526948 -0.4875267 2.728578 0.03278565 -0.8676562 2.466339 0.1699819 -0.8276331 2.709535 0.0892436 -0.9345298 2.457617 0.2080001 -0.9111037 2.73095
0.2194672 0.6860377 2.328349 0.1424421 0.5351193 2.339565 0.09508993 0.3860074 2.245771 0.2445069 0.4180512 2.529721 0.1997553 0.183987 2.214189 0.3107345 0.2530967 2.586799 0.3707011 0.1597829 2.402801 0.4279165 0.1956529 2.42611 0.3998776 0.1899047 2.460903 0.3726419 0.1643391 2.392964 0.1627655 0.1393213 2.404153 0.1665676 0.06060167 2.420378 0.1469512 -0.01483776 2.33589 0.1934672 -0.01814132 2.526604 0.09796312 -0.4955244 2.437106 0.2453867 -0.4929224 2.720952 0.03271731 -0.8681962 2.466186 0.1701024 -0.827162 2.709959 0.08869553 -0.9347273 2.455006 0.2129414 -0.8838632 2.789181
0.2196435 0.6866446 2.32548 0.142623 0.5363913 2.334539 0.0970876 0.3862522 2.246466 0.2446879 0.4193232 2.524695 0.2063434 0.1915735 2.21999 0.3105423 0.2542936 2.581907 0.3697 0.1651874 2.398253 0.4458482 0.2139985 2.431444 0.3899176 0.2200891 2.475553 0.4909501 0.2005668 2.385851 0.161629 0.1399226 2.400292 0.1652788 0.06096386 2.41673 0.1454717 -0.01404539 2.333635 0.1920016 -0.01733211 2.521024 0.09775097 -0.495551 2.436994 0.2396413 -0.4966711 2.714018 0.03274416 -0.8681099 2.46614 0.1695526 -0.8254612 2.708304 0.08803782 -0.9342983 2.45259 0.2153532 -0.8834624 2.784888
0.2197586 0.6870795 2.324174 0.1426764 0.536909 2.33316 0.09910196 0.3881758 2.24687 0.2447412 0.4198409 2.523316 0.2158059 0.1939453 2.226615 0.3104672 0.2547732 2.580541 0.3677532 0.1698583 2.335282 0.4511844 0.2238304 2.433145 0.3904163 0.2152421 2.417894 0.4980901 0.2135161 2.388574 0.1616612 0.142294 2.398616 0.1653443 0.06373841 2.415023 0.1455545 -0.01292056 2.332244 0.1921884 -0.01472708 2.520174 0.09745332 -0.4953333 2.43645 0.2398013 -0.4946148 2.713281 0.03281439 -0.8679956 2.466009 0.1702199 -0.8252828 2.710327 0.08806591 -0.9341859 2.452801 0.2089893 -0.9094009 2.728868
0.2197492 0.6873429 2.322951 0.142639 0.5372547 2.331916 0.1006021 0.3878389 2.247714 0.2447039 0.4201866 2.522072 0.2208996 0.1957353 2.229875 0.3103351 0.2550851 2.579292 0.3721622 0.1647331 2.337822 0.4553055 0.2294523 2.435369 0.3948252 0.2101167 2.420434 0.5036289 0.2209081 2.391956 0.1614836 0.137862 2.397933 0.1651421 0.05684016 2.41459 0.1450618 -0.01331979 2.332582 0.1931331 -0.02249416 2.517642 0.0972753 -0.4950145 2.436353 0.2397862 -0.4921206 2.712166 0.03283488 -0.8688125 2.465907 0.1699764 -0.8252378 2.709777 0.08808686 -0.9344704 2.452274 0.2078561 -0.908124 2.72858
0.2196892 0.6874958 2.322774 0.1425381 0.5376725 2.331635 0.1011991 0.3877691 2.248257 0.2446029 0.4206044 2.521791 0.2232673 0.1959866 2.232015 0.3101836 0.2554852 2.579004 0.375281 0.1617341 2.338132 0.4554271 0.231763 2.43503 0.3979439 0.2071175 2.420744 0.5038415 0.2238556 2.391601 0.1631421 0.1131797 2.401552 0.1677848 0.0217558 2.420147 0.1391998 -0.02120591 2.34518 0.2039894 -0.04668052 2.507531 0.09723344 -0.4951829 2.436879 0.2387991 -0.4916478 2.710841 0.03268857 -0.8701992 2.465772 0.1687394 -0.8250336 2.7056 0.08752929 -0.9344917 2.452432 0.2084696 -0.9074451 2.731869
0.2194656 0.6875736 2.32255 0.142478 0.5377885 2.331384 0.1016651 0.3873626 2.248688 0.2445429 0.4207204 2.521539 0.224057 0.1953193 2.233001 0.3100898 0.25559 2.578746 0.3646931 0.1684437 2.36564 0.4522709 0.230541 2.431686 0.3873559 0.2138269 2.448251 0.4996646 0.2221913 2.387228 0.1630112 0.1088438 2.403187 0.1675692 0.01906618 2.421592 0.1359551 -0.02447623 2.352036 0.2047472 -0.04860068 2.507416 0.09714888 -0.494968 2.436782 0.2383754 -0.4915208 2.710705 0.03270738 -0.8697219 2.46551 0.1687077 -0.8273133 2.710526 0.08737225 -0.9338473 2.450689 0.2173101 -0.8849365 2.785658
0.2192883 0.6875026 2.323214 0.1425029 0.537315 2.334462 0.1013182 0.3872933 2.24924 0.2445677 0.4202469 2.524618 0.217861 0.1949469 2.228261 0.3100127 0.2550769 2.581813 0.3643473 0.1680558 2.365763 0.4423718 0.2194597 2.427267 0.3845202 0.2141255 2.44864 0.4864916 0.2075874 2.380312 0.1589944 0.1354578 2.399415 0.160695 0.06588171 2.412453 0.1382731 -0.01786976 2.337577 0.1919993 -0.02597883 2.514626 0.09728783 -0.4971815 2.439695 0.2376219 -0.4918027 2.710329 0.03250815 -0.8702533 2.465849 0.1686651 -0.8274861 2.710607 0.0867302 -0.9340319 2.452073 0.2058719 -0.9062234 2.74527
0.2194754 0.6872612 2.325687 0.1432277 0.5361717 2.339664 0.1007821 0.3871378 2.249742 0.2452925 0.4191037 2.52982 0.2119641 0.1872867 2.225042 0.3106395 0.2538905 2.586995 0.3666989 0.1540137 2.327882 0.4276431 0.2004528 2.42471 0.3860866 0.2025825 2.409512 0.372369 0.1691392 2.391564 0.1562632 0.09652717 2.411526 0.1582323 0.0041066 2.42865 0.120599 -0.02758968 2.365349 0.1998698 -0.05282587 2.5017 0.09726892 -0.4972573 2.439811 0.2336111 -0.4917248 2.707867 0.03254191 -0.8709581 2.465641 0.1690736 -0.8287145 2.712263 0.08693235 -0.934611 2.451527 0.2199675 -0.8896524 2.783143
0.2198234 0.6869417 2.326973 0.1440969 0.5353608 2.341932 0.09888779 0.3862793 2.250862 0.2461617 0.4182927 2.532088 0.1982563 0.1799212 2.216698 0.311462 0.2530605 2.58925 0.3656498 0.1534021 2.38416 0.4018086 0.1589446 2.428577 0.4012809 0.1800016 2.440348 0.3465355 0.1276315 2.395432 0.1649159 0.09756234 2.41244 0.1710794 0.008362539 2.429277 0.1358718 -0.02484572 2.384453 0.223303 -0.04387946 2.48351 0.09700244 -0.4976362 2.44001 0.2328336 -0.4917414 2.707504 0.03252198 -0.8731124 2.467811 0.1687832 -0.8292497 2.712757 0.08719348 -0.9350422 2.451591 0.2107947 -0.9066795 2.755421
0.2203226 0.6866322 2.331321 0.1448378 0.5343888 2.347357 0.09822351 0.3858618 2.251122 0.2469026 0.4173208 2.537513 0.1862707 0.1809224 2.20903 0.3121501 0.2520693 2.594664 0.3680777 0.156027 2.387764 0.4005645 0.1600906 2.431493 0.4037081 0.1826259 2.44395 0.3452927 0.1287782 2.398349 0.1742276 0.1935617 2.410191 0.1798165 0.1257848 2.423931 0.1551492 0.01755687 2.32554 0.2234428 0.003850424 2.55178 0.09691883 -0.4978326 2.440746 0.2318474 -0.4922538 2.707129 0.03251024 -0.8732702 2.467607 0.1685275 -0.8295007 2.71331 0.08691761 -0.9351811 2.45197 0.2205003 -0.8934336 2.776297
0.2210129 0.6859416 2.334368 0.1457942 0.5330508 2.351892 0.09695233 0.3850087 2.251476 0.247859 0.4159828 2.542048 0.1740459 0.1754639 2.20194 0.3130729 0.2507215 2.599193 0.3224097 0.1090956 2.29873 0.3677178 0.07558689 2.515058 0.3717909 0.1210477 2.370231 0.3124467 0.04427494 2.481915 0.1779357 0.1453481 2.41534 0.1840089 0.06759185 2.429445 0.1519933 0.004882654 2.351612 0.2280047 -0.01472647 2.522753 0.09684699 -0.497511 2.440793 0.2320407 -0.4929549 2.707904 0.03243898 -0.8719889 2.467436 0.1685063 -0.8294821 2.713315 0.0869511 -0.9351118 2.452027 0.2053086 -0.9059036 2.751701
0.2210694 0.6860913 2.337466 0.1457708 0.5328565 2.355433 0.09578557 0.3845797 2.251715 0.2478356 0.4157886 2.545589 0.1620842 0.1705406 2.189107 0.3130291 0.250523 2.602729 0.3169364 0.09040624 2.266079 0.3666332 0.07846105 2.510682 0.3812647 0.08666164 2.338501 0.3113622 0.04714913 2.477538 0.1776841 0.1488023 2.416048 0.1837646 0.07274643 2.43024 0.1520166 0.006610232 2.353513 0.2279886 -0.01343986 2.522773 0.096387 -0.4984121 2.441978 0.2324682 -0.4937475 2.708865 0.03266065 -0.8727181 2.466854 0.1685365 -0.8280532 2.713072 0.08697423 -0.9354291 2.45193 0.205489 -0.9070942 2.744694
0.2215065 0.6861885 2.340444 0.1464833 0.5325062 2.360288 0.09357791 0.3851632 2.251545 0.2485482 0.4154383 2.550444 0.1434009 0.1722322 2.170036 0.3137237 0.250169 2.607578 0.2979348 0.09962383 2.253637 0.3651251 0.08135599 2.507421 0.3656416 0.09628642 2.322941 0.3098502 0.05004188 2.474276 0.186028 0.1545884 2.42558 0.1951098 0.08035425 2.442201 0.1676218 0.00966794 2.371289 0.2430959 -0.009377126 2.537661 0.09634257 -0.4980431 2.44237 0.2833018 -0.5171483 2.758124 0.03288015 -0.872332 2.466751 0.1685648 -0.8278962 2.712981 0.08790234 -0.9356096 2.450768 0.2197154 -0.8896449 2.782967
0.2224024 0.6865366 2.343445 0.1471839 0.5325752 2.362565 0.09202339 0.3896465 2.249084 0.2492487 0.4155072 2.552721 0.1256909 0.1951364 2.156874 0.3118491 0.2387421 2.584594 0.2763866 0.1038761 2.230235 0.3651823 0.06535658 2.495359 0.3519157 0.09364349 2.290144 0.3099074 0.03404242 2.462214 0.1830807 0.1565522 2.42381 0.1897132 0.08296756 2.438502 0.1585955 0.01336318 2.366581 0.2337354 -0.007365662 2.529245 0.09609539 -0.4977933 2.44254 0.2385035 -0.4870936 2.726197 0.03284539 -0.8722532 2.466725 0.1685213 -0.8278091 2.713088 0.08898529 -0.9356903 2.452523 0.203567 -0.9089857 2.720067
0.2227448 0.6865513 2.344395 0.1481982 0.5322336 2.363678 0.09235642 0.3906574 2.248741 0.2502631 0.4151656 2.553834 0.1174028 0.2068017 2.14888 0.3159074 0.2433825 2.596201 0.2684588 0.1071385 2.211751 0.3748359 0.07335924 2.503578 0.3426907 0.09830375 2.273478 0.3195605 0.04204489 2.470432 0.1880967 0.1510404 2.42893 0.1966967 0.07431942 2.445757 0.1663176 0.008827701 2.380848 0.2399191 -0.01028671 2.53158 0.0967842 -0.4935256 2.444302 0.2932527 -0.4978406 2.77599 0.03256453 -0.8694667 2.466592 0.1668045 -0.8290164 2.710658 0.08875524 -0.9347385 2.452495 0.2024651 -0.8864962 2.773361
0.2233818 0.6873123 2.346817 0.1491172 0.5327918 2.365723 0.09253283 0.3925591 2.247712 0.251182 0.4157238 2.555879 0.1071891 0.2150178 2.137905 0.3190901 0.2437443 2.595494 0.2630421 0.1142941 2.188814 0.37043 0.07585014 2.493583 0.3410622 0.109863 2.246189 0.3151547 0.04453583 2.460438 0.1845617 0.1500074 2.426728 0.1903048 0.07260861 2.441205 0.1570725 0.01005092 2.376226 0.2320154 -0.01165887 2.522103 0.09628744 -0.4939047 2.446078 0.2360108 -0.4804428 2.727383 0.03253792 -0.8710902 2.46743 0.1667974 -0.8292804 2.710848 0.08863733 -0.9350632 2.451922 0.2096369 -0.8897029 2.778359
0.2240283 0.6878841 2.348355 0.1499022 0.5330873 2.366406 0.0918145 0.3963717 2.245164 0.251967 0.4160193 2.556562 0.1044598 0.2164291 2.131621 0.3213567 0.2421393 2.589323 0.2619411 0.1190249 2.183634 0.3701095 0.07652058 2.48184 0.3401592 0.1143809 2.240721 0.3148345 0.04520646 2.448694 0.182438 0.1495387 2.425086 0.1874065 0.07207182 2.438941 0.1529456 0.0113737 2.375071 0.2291976 -0.01130846 2.517388 0.09563304 -0.4924092 2.445867 0.2358396 -0.4802041 2.727297 0.03265698 -0.8691925 2.468218 0.1668146 -0.8295335 2.711606 0.08845811 -0.9342869 2.452749 0.2160152 -0.8891417 2.783328
0.2243165 0.6882586 2.349547 0.1507143 0.5332454 2.367638 0.09234814 0.3967939 2.245159 0.2527791 0.4161774 2.557794 0.1014313 0.2196339 2.12578 0.3225909 0.2399627 2.582653 0.2615027 0.1264037 2.17756 0.3701164 0.0757729 2.472098 0.3400102 0.1260601 2.234435 0.314842 0.04445908 2.438953 0.1821894 0.1495264 2.424963 0.1871303 0.07210229 2.438764 0.1526907 0.01154183 2.374981 0.2290374 -0.01113277 2.517167 0.09510532 -0.4928123 2.447581 0.2358861 -0.4794629 2.727449 0.03269358 -0.8701054 2.467997 0.1668334 -0.8294647 2.711593 0.0882762 -0.9344383 2.4527 0.2131002 -0.9033814 2.748294
0.2249497 0.688752 2.350536 0.1511559 0.53373 2.368381 0.09312466 0.3978114 2.245288 0.2532206 0.416662 2.558537 0.1000081 0.2213944 2.121728 0.3238118 0.2401568 2.581266 0.2612462 0.1305815 2.174012 0.3687469 0.08001919 2.463017 0.3393033 0.1307895 2.231502 0.3134732 0.04870579 2.429872 0.181784 0.1496731 2.424531 0.1866752 0.07229902 2.438174 0.1523204 0.01184831 2.374453 0.2286748 -0.01068276 2.516455 0.09476347 -0.4928403 2.447912 0.2358285 -0.4789345 2.727121 0.03315074 -0.8697962 2.468476 0.1670719 -0.8288432 2.711835 0.08880091 -0.9344821 2.45103 0.2246593 -0.8890666 2.778049
0.22504 0.6888829 2.350685 0.1512635 0.5338049 2.368404 0.09274687 0.4002062 2.244265 0.2533283 0.4167369 2.55856 0.1002004 0.2237946 2.120405 0.3239019 0.2400617 2.580665 0.2613618 0.1327215 2.172488 0.3691837 0.07992212 2.462587 0.3389641 0.1332921 2.230586 0.3139107 0.04860914 2.429443 0.1810023 0.1506765 2.423531 0.1857894 0.07370456 2.436998 0.1513636 0.01414206 2.373862 0.2279224 -0.009020412 2.514548 0.09493857 -0.4926155 2.44834 0.2358792 -0.4784465 2.727014 0.03317419 -0.8697652 2.468414 0.1674863 -0.8290115 2.71286 0.08946884 -0.9346843 2.450339 0.2018724 -0.9095172 2.710723
0.2250837 0.6891093 2.350791 0.1515286 0.5342555 2.368237 0.09368993 0.4008352 2.244994 0.2535934 0.4171875 2.558393 0.1014357 0.226689 2.121028 0.3240638 0.2411613 2.582887 0.2612335 0.1325238 2.172046 0.3670615 0.08311574 2.460749 0.3385881 0.1319432 2.230471 0.3117894 0.05180331 2.427604 0.1806639 0.150563 2.423045 0.1854623 0.07351553 2.436557 0.1510641 0.01397251 2.373333 0.2277716 -0.00908188 2.514419 0.09520373 -0.4935906 2.449875 0.2359809 -0.478357 2.726964 0.03289577 -0.8709197 2.468902 0.1672288 -0.8284423 2.712321 0.08941473 -0.9347923 2.450229 0.2031676 -0.9063452 2.726743
0.2252069 0.6892244 2.350783 0.1516542 0.5344993 2.367957 0.09338766 0.40204 2.244836 0.253719 0.4174314 2.558114 0.1052092 0.22647 2.123462 0.3221032 0.240475 2.582191 0.2638838 0.1301921 2.174104 0.3645115 0.07769774 2.467065 0.3388249 0.1247715 2.235357 0.3092397 0.04638549 2.43392 0.1799975 0.1507865 2.422186 0.1847844 0.07374443 2.43575 0.1500365 0.01357137 2.371713 0.2275805 -0.009124067 2.514375 0.09515015 -0.4935368 2.450033 0.2359619 -0.4784102 2.726892 0.03293206 -0.8710575 2.468906 0.1676729 -0.8286527 2.712723 0.09124232 -0.9355745 2.44993 0.2022805 -0.9108624 2.720373
0.2250041 0.6891375 2.3496 0.1510237 0.5348094 2.36582 0.0928867 0.3987113 2.245354 0.2530885 0.4177414 2.555977 0.1204102 0.2160116 2.134413 0.3201861 0.2421145 2.585988 0.2758557 0.1209266 2.194058 0.3659724 0.07629481 2.47749 0.3457271 0.1122939 2.260701 0.3106993 0.04498165 2.444345 0.1800164 0.1498359 2.421654 0.1850486 0.07249856 2.435477 0.1506408 0.01156073 2.371544 0.2280038 -0.009608341 2.51457 0.09517962 -0.4939763 2.4504 0.2369021 -0.4780427 2.727419 0.03267481 -0.87164 2.468917 0.1675078 -0.8292423 2.713015 0.08985747 -0.9353988 2.451327 0.2028611 -0.9097341 2.723867
0.2251512 0.6892251 2.349256 0.151309 0.5347944 2.365271 0.09308565 0.3953463 2.245944 0.2533739 0.4177265 2.555427 0.146862 0.1756709 2.157953 0.3203784 0.2432298 2.588905 0.3122906 0.1043828 2.222569 0.3656881 0.1180567 2.430793 0.3795726 0.0974284 2.292025 0.3104107 0.08674132 2.397646 0.1898708 0.1452706 2.427866 0.1998431 0.0659483 2.445736 0.1705851 0.003266263 2.386592 0.2479111 -0.01440118 2.52885 0.09527456 -0.493888 2.450381 0.2930125 -0.5011564 2.774515 0.03268898 -0.8716503 2.468869 0.1674709 -0.8306292 2.712877 0.08987503 -0.9353817 2.451425 0.2211675 -0.8890001 2.783258
0.2250006 0.6893281 2.348457 0.1510769 0.5352867 2.363947 0.09375437 0.3933226 2.246038 0.2531417 0.4182187 2.554103 0.150457 0.1756653 2.162296 0.319877 0.2441934 2.589202 0.3218174 0.1079007 2.277328 0.3645388 0.1198367 2.430192 0.3727203 0.1171843 2.326897 0.3092647 0.08852328 2.397047 0.1921233 0.1456131 2.429066 0.2021974 0.06657585 2.447135 0.1741548 0.001225919 2.386026 0.2510436 -0.01434373 2.53493 0.09562655 -0.4943327 2.450085 0.2932902 -0.5007617 2.774809 0.03256661 -0.8722698 2.469053 0.167413 -0.8305424 2.712826 0.08869193 -0.9351995 2.452727 0.2150689 -0.8996042 2.760392
0.2251303 0.6894646 2.346881 0.1512202 0.5357982 2.361888 0.09484874 0.392318 2.246036 0.253285 0.4187303 2.552044 0.1623248 0.1726273 2.179428 0.3195108 0.2451988 2.589029 0.3128667 0.1091659 2.274764 0.3639072 0.1218531 2.429086 0.3791282 0.1055645 2.345446 0.308629 0.09053729 2.395939 0.18063 0.1851617 2.412359 0.1855722 0.1175196 2.426164 0.1602074 0.01639427 2.336002 0.2362541 -0.001648735 2.54208 0.09636879 -0.4937989 2.449177 0.2433616 -0.4815334 2.725345 0.03197801 -0.8713991 2.468389 0.1673973 -0.8305345 2.712792 0.08738975 -0.9330289 2.453385 0.2124779 -0.9026642 2.758221
0.2246309 0.6893263 2.34338 0.150249 0.5364306 2.357324 0.09568395 0.3902504 2.247045 0.2523139 0.4193627 2.54748 0.1741684 0.1722099 2.193042 0.3184553 0.2470438 2.587738 0.3556922 0.1582529 2.372907 0.3775257 0.1503584 2.413625 0.3734153 0.09006303 2.38599 0.3222475 0.1190424 2.380477 0.1821031 0.1002885 2.415711 0.1889196 0.01277452 2.432792 0.1509245 -0.02452645 2.392493 0.2341075 -0.04234799 2.485779 0.09662931 -0.4941334 2.448953 0.243494 -0.4818055 2.725338 0.03192707 -0.8718712 2.467974 0.1674274 -0.8304034 2.712785 0.08588228 -0.9331741 2.452269 0.2068058 -0.9071892 2.733943
0.2245153 0.6891205 2.340784 0.1499385 0.5364079 2.353531 0.09723014 0.3891404 2.247781 0.2520033 0.41934 2.543687 0.1825056 0.1754928 2.199561 0.3178479 0.2476631 2.58584 0.3607047 0.1515453 2.381517 0.3981366 0.149741 2.422029 0.3782378 0.1822704 2.443837 0.3428583 0.118425 2.388882 0.1819152 0.100522 2.415313 0.1886376 0.01312923 2.432324 0.1506903 -0.02421288 2.391971 0.2336437 -0.04179519 2.485285 0.09701461 -0.4962097 2.447615 0.2422933 -0.4816437 2.719928 0.03184931 -0.8721896 2.46808 0.1667057 -0.8325941 2.712592 0.0861775 -0.9336555 2.451812 0.2057528 -0.9086869 2.735714
0.2243146 0.6894712 2.335355 0.1487401 0.5384382 2.344132 0.0987789 0.388883 2.248729 0.2508049 0.4213702 2.534288 0.1906072 0.1778483 2.209974 0.3161737 0.2502821 2.578318 0.3640952 0.1557705 2.396326 0.4121348 0.1566402 2.421127 0.3828513 0.1930216 2.454596 0.3568581 0.1253251 2.387981 0.1762076 0.09457246 2.417051 0.1801605 0.003808113 2.436464 0.1356903 -0.03326282 2.385539 0.2249941 -0.05847096 2.508457 0.09679814 -0.496395 2.445541 0.2414293 -0.4841193 2.718037 0.03207808 -0.8714586 2.467821 0.1679414 -0.8301619 2.712921 0.09116805 -0.9354322 2.451574 0.2067793 -0.911024 2.734989
0.2239293 0.6894345 2.332883 0.1480916 0.5387141 2.342102 0.1013615 0.3901311 2.248821 0.2501564 0.4216461 2.532258 0.2034312 0.1839957 2.219955 0.3154332 0.2505603 2.576364 0.373791 0.16248 2.40903 0.4147004 0.1568982 2.421461 0.3812727 0.2053906 2.465927 0.3594256 0.1255841 2.388315 0.1634197 0.1458928 2.398784 0.1669881 0.06711744 2.415015 0.1474273 -0.00947647 2.33243 0.1935283 -0.01061657 2.519474 0.09718779 -0.4949223 2.442668 0.2401772 -0.489111 2.717182 0.03240191 -0.8710691 2.467598 0.1687144 -0.8265404 2.712543 0.09070566 -0.9352674 2.452362 0.2120428 -0.9064507 2.743736
0.2236601 0.6901185 2.331498 0.1473173 0.5397497 2.33966 0.102713 0.3898352 2.249702 0.2493822 0.4226818 2.529816 0.2096597 0.1888988 2.22505 0.3145664 0.2515922 2.573986 0.3685119 0.1541662 2.321483 0.4577757 0.2039346 2.434654 0.363237 0.2024156 2.37419 0.5055121 0.1880487 2.392772 0.1689666 0.1013339 2.410778 0.174055 0.01098703 2.430468 0.1400653 -0.02586011 2.360998 0.2149909 -0.05273459 2.510685 0.09711486 -0.4945257 2.441728 0.2390072 -0.4955488 2.718564 0.03312831 -0.8703502 2.466629 0.1687742 -0.8263314 2.712585 0.09028563 -0.9348587 2.451788 0.2214417 -0.8818815 2.78652
0.2234119 0.6904047 2.330415 0.1467757 0.5402687 2.33869 0.1035174 0.3895612 2.250373 0.2488405 0.4232007 2.528846 0.2171489 0.1920153 2.230006 0.3139809 0.2521008 2.573018 0.3610143 0.1692986 2.353084 0.4661161 0.2211731 2.439066 0.3557395 0.2175459 2.405789 0.5168278 0.2108639 2.398978 0.1692681 0.1013618 2.411196 0.1744642 0.01125924 2.430942 0.1407383 -0.02638183 2.363939 0.2154282 -0.05247064 2.510987 0.09690863 -0.493156 2.440254 0.2387156 -0.4961769 2.718115 0.03351394 -0.8699035 2.466436 0.1690546 -0.8252894 2.710301 0.09052195 -0.934997 2.451324 0.2237371 -0.8840528 2.771306
0.2232457 0.6904891 2.32987 0.1465216 0.5402235 2.338205 0.1040019 0.3891474 2.250837 0.2485864 0.4231556 2.528361 0.2231487 0.1929894 2.234496 0.3136911 0.2520374 2.57251 0.3640242 0.168975 2.355496 0.4644054 0.2364397 2.433901 0.3587497 0.2172203 2.408199 0.5146435 0.2312405 2.39226 0.1692764 0.1012639 2.411162 0.1744646 0.01125292 2.430871 0.1405785 -0.02668566 2.364186 0.2154628 -0.05251137 2.510756 0.09681925 -0.4931666 2.440042 0.2383834 -0.4970688 2.717044 0.03355832 -0.869701 2.466494 0.169848 -0.8250022 2.71136 0.08965363 -0.934319 2.452458 0.2185804 -0.8935767 2.76162
0.2231796 0.6905525 2.3296 0.1464681 0.5403241 2.338042 0.1043367 0.3888808 2.251179 0.2485329 0.4232561 2.528198 0.2280881 0.19251 2.236843 0.3136212 0.2521365 2.572347 0.3678097 0.1683472 2.359008 0.4611467 0.2397543 2.429645 0.3625354 0.2165906 2.411708 0.5103219 0.2356269 2.38664 0.1691102 0.1010507 2.411138 0.1742172 0.01113014 2.430742 0.1397483 -0.02705584 2.364726 0.2151397 -0.05269014 2.5102 0.09678777 -0.4932844 2.439839 0.2385734 -0.4964887 2.716364 0.03338617 -0.8705231 2.466622 0.1701225 -0.8247883 2.711871 0.08844449 -0.9342743 2.452856 0.2177309 -0.8956245 2.760701
0.2230746 0.6907098 2.330035 0.146724 0.5405234 2.339728 0.1043432 0.3888877 2.251325 0.2487888 0.4234555 2.529884 0.2240529 0.1939495 2.234392 0.313831 0.252313 2.574008 0.36294 0.1703039 2.357494 0.4568107 0.237607 2.426527 0.357666 0.2185455 2.410193 0.5044705 0.2327051 2.381929 0.1693274 0.1006864 2.411959 0.1743062 0.01101645 2.431057 0.1388828 -0.02724521 2.366799 0.215672 -0.05280035 2.510028 0.09678322 -0.4932984 2.439852 0.239266 -0.4960587 2.716322 0.03330123 -0.8711309 2.466856 0.170134 -0.8250189 2.711918 0.09025969 -0.9352883 2.452729 0.2160907 -0.8996609 2.756874
0.2229501 0.6904466 2.330813 0.1467174 0.5400367 2.3423 0.1038922 0.3887055 2.251587 0.2487822 0.4229688 2.532456 0.2119558 0.1905946 2.222705 0.3137732 0.2518121 2.576579 0.3753935 0.1676145 2.315405 0.4183716 0.2015169 2.4045 0.3701197 0.2158533 2.3681 0.3631122 0.1702116 2.371364 0.1729932 0.1002589 2.422512 0.1787132 0.01153529 2.442611 0.1111868 -0.03044904 2.394573 0.2644668 -0.02877311 2.524714 0.09703672 -0.4942257 2.440381 0.2393466 -0.4971784 2.718852 0.03308666 -0.8718008 2.467082 0.1686165 -0.8307658 2.714215 0.08985449 -0.9350839 2.452889 0.2146126 -0.9058999 2.747761
0.2230931 0.69043 2.331883 0.1466986 0.5395503 2.34373 0.1030531 0.3883158 2.251556 0.2487634 0.4224824 2.533887 0.2057758 0.1860288 2.218086 0.3137234 0.2513177 2.578006 0.3695425 0.1722229 2.311852 0.4175227 0.2020756 2.405078 0.364269 0.2204589 2.364544 0.3622665 0.1707721 2.371944 0.1741628 0.0991283 2.425415 0.1799975 0.01052629 2.44547 0.1106603 -0.03102022 2.395333 0.2646074 -0.02936436 2.524379 0.09699146 -0.4944833 2.440409 0.2402255 -0.4898901 2.714433 0.03295661 -0.8718711 2.467097 0.1696564 -0.8286096 2.713822 0.08776707 -0.9344919 2.451859 0.2146586 -0.9060421 2.747436
0.2230063 0.6901175 2.332561 0.1467399 0.5386882 2.344959 0.1013784 0.387939 2.251994 0.2488047 0.4216202 2.535115 0.1924911 0.1872866 2.208051 0.3137374 0.2504493 2.579228 0.3546238 0.146663 2.297402 0.4168308 0.2022894 2.40552 0.3493506 0.1948961 2.350091 0.3615779 0.1709878 2.372388 0.1768815 0.1006945 2.422397 0.1841256 0.01357491 2.440031 0.1461266 -0.02074692 2.391851 0.2375308 -0.03659108 2.483794 0.09723479 -0.4933742 2.440187 0.2410151 -0.4815667 2.7102 0.03294452 -0.8689413 2.46679 0.1695871 -0.8280923 2.713216 0.08722875 -0.9333069 2.452962 0.2208593 -0.8882249 2.77479
0.2232555 0.6899799 2.334535 0.1472761 0.5381968 2.348524 0.09956014 0.3883879 2.251942 0.2493409 0.4211289 2.53868 0.1814232 0.1869628 2.198279 0.3142473 0.2499437 2.582768 0.3402387 0.1267089 2.283075 0.4155545 0.2028791 2.407606 0.4034919 0.1160987 2.355721 0.3603016 0.1715775 2.374474 0.1803562 0.1475929 2.412223 0.1867699 0.07082991 2.426138 0.1533692 -0.0005954758 2.360423 0.2328961 -0.01846583 2.50742 0.09729896 -0.4939967 2.441902 0.2389537 -0.4809394 2.707964 0.03294901 -0.8699693 2.467179 0.1695807 -0.8280818 2.713156 0.08723702 -0.9337773 2.45261 0.2203604 -0.8875504 2.785343
0.2234752 0.6897938 2.336614 0.1476464 0.5376059 2.350667 0.09618193 0.3881639 2.251577 0.2497113 0.420538 2.540823 0.1689136 0.1832776 2.178518 0.3146017 0.2493479 2.584899 0.3235251 0.1178947 2.266665 0.4151024 0.2029035 2.409061 0.3884997 0.1039452 2.337196 0.3598495 0.1716019 2.375929 0.1802886 0.1475241 2.412266 0.1866379 0.07064999 2.426225 0.1530191 -9.214174E-05 2.360577 0.2326535 -0.0179862 2.507743 0.09686565 -0.4943995 2.442394 0.2378883 -0.4891363 2.713985 0.03262673 -0.8723699 2.468574 0.1695631 -0.8356913 2.719807 0.08695149 -0.9338611 2.452795 0.2142591 -0.9037412 2.764916
0.2233719 0.6902081 2.339251 0.1477545 0.5377459 2.354084 0.09421156 0.3879964 2.251198 0.2498194 0.420678 2.54424 0.1561895 0.1846113 2.16566 0.3178912 0.2547374 2.638114 0.3106107 0.114547 2.250937 0.4207637 0.1981425 2.467063 0.3806924 0.09981257 2.316231 0.3655085 0.1668395 2.433929 0.1807183 0.1466805 2.413541 0.1872832 0.06915801 2.427878 0.1535595 0.0005737144 2.363207 0.2331363 -0.01753015 2.508416 0.09623732 -0.4951436 2.44286 0.2415257 -0.4743891 2.710874 0.03319698 -0.8724068 2.46797 0.1701507 -0.8252953 2.715276 0.08679079 -0.9344489 2.452323 0.2092963 -0.9035329 2.748353
0.2243185 0.6904222 2.343292 0.1486375 0.537015 2.358814 0.09222245 0.3889956 2.250753 0.2507024 0.4199471 2.54897 0.1295529 0.2117744 2.148083 0.3187855 0.2606819 2.627164 0.2807671 0.120408 2.220028 0.4216546 0.2040888 2.456117 0.3506377 0.109156 2.286241 0.3663968 0.1727845 2.422982 0.1807327 0.1477371 2.414365 0.1872109 0.07043502 2.42854 0.153365 0.002944903 2.363555 0.2331135 -0.01589184 2.509749 0.09545062 -0.4950538 2.44375 0.2395103 -0.4892812 2.718453 0.03341459 -0.8732693 2.469378 0.1703008 -0.8248851 2.714893 0.08704537 -0.934729 2.452442 0.209747 -0.9040569 2.749236
0.2243323 0.6906563 2.344983 0.149024 0.5370476 2.360533 0.08983064 0.3988305 2.247011 0.2510889 0.4199797 2.55069 0.1154012 0.2257392 2.131099 0.3216016 0.2561738 2.605909 0.2677663 0.128538 2.19409 0.420929 0.2122308 2.428678 0.3445479 0.1210124 2.252745 0.3656718 0.1809267 2.395543 0.1802576 0.1479089 2.414405 0.186428 0.07062164 2.428403 0.1511831 0.005984474 2.36395 0.2315127 -0.01460125 2.508407 0.09477437 -0.4945822 2.443637 0.2387686 -0.4911134 2.719257 0.03329608 -0.8736964 2.469568 0.1709016 -0.8260583 2.715376 0.08832341 -0.9354106 2.452425 0.2086829 -0.9071538 2.735716
0.2246565 0.6905039 2.346431 0.1498996 0.5363328 2.362736 0.09027556 0.4000955 2.245922 0.2519644 0.4192649 2.552891 0.1066142 0.2317434 2.119403 0.3246636 0.2516744 2.597907 0.3049819 0.1515403 2.213151 0.4183011 0.2253334 2.413698 0.3516329 0.1395177 2.266164 0.3630439 0.1940293 2.380563 0.1790832 0.1479477 2.41431 0.1844068 0.07070451 2.427871 0.1479125 0.009158363 2.364302 0.2275652 -0.01266883 2.50516 0.09424865 -0.4945 2.443692 0.2383528 -0.491454 2.719288 0.03328329 -0.8737323 2.469578 0.1708914 -0.8255736 2.714842 0.0882574 -0.9355712 2.452123 0.2205288 -0.8893321 2.7824
0.2250715 0.6904786 2.348585 0.1505227 0.5357143 2.365255 0.09054085 0.4008583 2.245471 0.2525876 0.4186464 2.555411 0.07459553 0.2553323 2.087824 0.3286496 0.2489478 2.591402 0.2382168 0.1758847 2.147964 0.4146196 0.2419309 2.401377 0.3105299 0.1652924 2.211614 0.3593617 0.2106264 2.368242 0.1782836 0.1489449 2.414388 0.1832287 0.0721889 2.427576 0.1467273 0.01152025 2.363533 0.2265106 -0.01124117 2.504926 0.09343538 -0.4947802 2.444627 0.2382803 -0.49132 2.719128 0.03313937 -0.8740679 2.46951 0.1710187 -0.8256527 2.714945 0.08947267 -0.9358741 2.451975 0.2045784 -0.909795 2.717908
0.2252293 0.690887 2.350287 0.150695 0.5359365 2.366918 0.09127024 0.4022644 2.245465 0.2527599 0.4188685 2.557074 0.0743163 0.2577812 2.086791 0.3395035 0.2527693 2.5887 0.238529 0.1779636 2.145203 0.4015985 0.2838515 2.391399 0.3134445 0.1723259 2.206429 0.3463404 0.252547 2.358264 0.1787267 0.1494697 2.41462 0.1838635 0.0727643 2.42764 0.14825 0.01317174 2.363903 0.2280782 -0.008889634 2.504376 0.09310201 -0.4946462 2.444424 0.2385989 -0.4880291 2.715873 0.03324908 -0.8743296 2.46979 0.1706454 -0.8252549 2.714354 0.08917108 -0.9360874 2.451431 0.2194515 -0.8859321 2.772889
0.2255197 0.6913677 2.351543 0.1505995 0.5364742 2.368024 0.09183346 0.4037471 2.245212 0.2526644 0.4194062 2.55818 0.07454598 0.2605917 2.085138 0.3420758 0.2539424 2.587549 0.2404714 0.1822488 2.141211 0.4005101 0.2892071 2.389802 0.3163799 0.1782873 2.201335 0.3452524 0.2579027 2.356667 0.1789359 0.1496102 2.414727 0.1841923 0.07284722 2.427655 0.1492526 0.01455174 2.36478 0.2291191 -0.007049297 2.50302 0.09259515 -0.4943277 2.443993 0.236825 -0.4937469 2.714933 0.03324495 -0.874434 2.469902 0.1707063 -0.8252538 2.714147 0.08892879 -0.9362046 2.450762 0.2193313 -0.8860179 2.772849
0.225736 0.691688 2.352039 0.1509371 0.5366838 2.368709 0.09247422 0.4051648 2.245652 0.2530019 0.4196158 2.558865 0.07505874 0.2629163 2.084625 0.3439496 0.2544516 2.586633 0.2419217 0.184768 2.138653 0.4007284 0.2915008 2.388718 0.3178697 0.1811831 2.19875 0.345471 0.2601966 2.355582 0.1794688 0.1503356 2.41485 0.1848588 0.07364187 2.42762 0.1499954 0.01554217 2.364697 0.2300186 -0.005730377 2.502915 0.092071 -0.4950765 2.444304 0.2368314 -0.4937285 2.714956 0.03384688 -0.8760113 2.469811 0.1711252 -0.8239468 2.71357 0.08858566 -0.9363118 2.450432 0.2060124 -0.8996558 2.734002
0.2257068 0.6917465 2.352068 0.1507766 0.5368401 2.368809 0.09271456 0.4061333 2.245177 0.2528415 0.4197721 2.558966 0.07532001 0.2638954 2.084134 0.3445956 0.2545612 2.585227 0.2417843 0.1851949 2.138507 0.3998825 0.2937175 2.387293 0.3177027 0.1813475 2.198623 0.3446255 0.2624134 2.354158 0.1796944 0.1509017 2.414613 0.1852715 0.07428654 2.427231 0.150788 0.01646986 2.364132 0.2303994 -0.00498526 2.502536 0.09211841 -0.494552 2.444074 0.2390447 -0.4847414 2.715004 0.03415794 -0.8706067 2.46934 0.171177 -0.8240042 2.713533 0.08941219 -0.935834 2.450758 0.2065625 -0.8996295 2.737934
0.2256858 0.6917769 2.352124 0.1506474 0.5369812 2.368811 0.09274134 0.4063201 2.244761 0.2527122 0.4199131 2.558967 0.07537824 0.2637498 2.084066 0.3451113 0.2546344 2.583887 0.2416803 0.1848639 2.138623 0.3992987 0.2953774 2.385968 0.3176725 0.1813907 2.198668 0.3440418 0.2640735 2.352834 0.1798357 0.151088 2.414498 0.1855192 0.07445855 2.427062 0.1511717 0.01672916 2.363944 0.2306927 -0.004681352 2.502354 0.09205475 -0.4937299 2.443587 0.2385725 -0.485972 2.714755 0.03378297 -0.8676848 2.469661 0.1708121 -0.8232604 2.711933 0.08924942 -0.9344769 2.450915 0.2061005 -0.8994876 2.737859
0.2257218 0.6920076 2.352379 0.1506133 0.5373508 2.369347 0.0909417 0.4080777 2.241997 0.2526781 0.4202828 2.559504 0.07614161 0.2617413 2.085134 0.3348293 0.2492189 2.582833 0.2408476 0.1804747 2.140722 0.4080082 0.2687173 2.388047 0.3162925 0.1748956 2.201296 0.3527516 0.2374136 2.354912 0.1796189 0.1519151 2.414022 0.185258 0.07539885 2.426248 0.1506906 0.01770693 2.363107 0.2305058 -0.003923557 2.501207 0.09206198 -0.4937226 2.443439 0.2346253 -0.5084581 2.726755 0.03382717 -0.8676172 2.469109 0.1703364 -0.8256617 2.712167 0.08948093 -0.9345117 2.450855 0.2062424 -0.899874 2.738565
0.2257012 0.6920669 2.352467 0.1505758 0.5374019 2.369477 0.09099262 0.4079781 2.241895 0.2526407 0.4203338 2.559633 0.09421074 0.2444135 2.106567 0.3300253 0.2469506 2.582528 0.2572628 0.1573538 2.15892 0.4108045 0.255444 2.390152 0.3311892 0.1503944 2.221199 0.3555478 0.2241402 2.357017 0.1794414 0.1523049 2.413767 0.185055 0.0758355 2.425859 0.1506001 0.0179583 2.362467 0.2302736 -0.003894931 2.501074 0.09197101 -0.4936523 2.443061 0.2369393 -0.4998125 2.721443 0.03400267 -0.8676333 2.469192 0.1708906 -0.82306 2.712046 0.08959819 -0.9345368 2.450185 0.2191283 -0.8882089 2.77696
