0.2067605 0.604313 2.167568 0.1481638 0.4373509 2.18998 0.07465485 0.307683 2.09123 0.2751866 0.3237413 2.408115 0.1190956 0.1448251 1.957369 0.3350818 0.1435676 2.366083 0.268683 0.05411808 2.019668 0.4128025 0.1096185 2.182225 0.3185455 0.02388242 2.044843 0.4313191 0.071885 2.127302 0.1451198 0.1011661 2.234041 0.1446296 0.03365677 2.245837 0.1020927 -0.0546191 2.167906 0.1861534 -0.07184936 2.343349 0.06311116 -0.4764947 2.263702 0.02580252 -0.6066209 2.289399 0.04294178 -0.8938333 2.344455 0.1576838 -0.8875028 2.549496 0.07157834 -0.9545842 2.395779 0.1893779 -0.9546564 2.565763
0.2059044 0.6041341 2.167221 0.1475634 0.4369278 2.18947 0.07556713 0.3046774 2.090554 0.2763844 0.3250433 2.413731 0.1232721 0.1346527 1.963499 0.3374906 0.1452252 2.372339 0.2967534 0.05247267 2.081801 0.4178974 0.1050089 2.191112 0.3545805 0.02507931 2.125644 0.4364138 0.06727596 2.136189 0.1443233 0.1032297 2.233199 0.1436676 0.03692798 2.244869 0.1016329 -0.05379749 2.166407 0.1853516 -0.07128146 2.344011 0.06381115 -0.4721087 2.262382 0.02939336 -0.6074177 2.290947 0.04572323 -0.8898699 2.341865 0.1569746 -0.8762902 2.544417 0.07182754 -0.94979 2.395903 0.2250919 -0.9212794 2.507889
0.2050983 0.6038249 2.166391 0.147195 0.4364276 2.188778 0.07810736 0.300137 2.089658 0.2774521 0.3246192 2.417416 0.1314217 0.1199029 1.973242 0.3502591 0.1485747 2.39496 0.2966744 0.05251518 2.081563 0.402761 0.1025111 2.204459 0.3448037 0.04197818 2.130096 0.4212768 0.06477901 2.149537 0.1435558 0.1066609 2.232095 0.1427505 0.04191262 2.243724 0.1013612 -0.05320175 2.16328 0.1836746 -0.07059271 2.346627 0.06332561 -0.4721346 2.262244 0.03056759 -0.607392 2.291478 0.04494289 -0.8899497 2.341485 0.1608217 -0.8831612 2.546519 0.06930534 -0.9498462 2.3913 0.2181777 -0.9137291 2.62623
0.2039734 0.6034904 2.165301 0.1459619 0.4356659 2.18815 0.08040951 0.2959793 2.089304 0.2782394 0.3242921 2.419741 0.1442211 0.1049062 1.992644 0.3540662 0.1512468 2.418447 0.2966104 0.05267753 2.081381 0.4180951 0.1145147 2.229568 0.3617547 0.0442296 2.148013 0.4366109 0.07678275 2.174646 0.142418 0.1115418 2.231256 0.141715 0.04853611 2.242921 0.1013552 -0.05212376 2.16029 0.1821124 -0.06873105 2.350128 0.06339394 -0.471973 2.26213 0.03145011 -0.6059466 2.291582 0.03160321 -0.8894767 2.312933 0.1600978 -0.8840601 2.545717 0.06681325 -0.9491367 2.385835 0.2289158 -0.9289636 2.510415
0.2021787 0.6022779 2.163593 0.1448502 0.4349496 2.186889 0.08197842 0.2925287 2.090946 0.2796502 0.324032 2.424158 0.1751824 0.08291264 2.021892 0.3633411 0.1569681 2.435435 0.3389952 0.04211217 2.096995 0.4329945 0.1229166 2.248168 0.4046624 0.03113763 2.16274 0.4515105 0.0851841 2.193245 0.1412326 0.1124803 2.230799 0.1405127 0.04946102 2.242645 0.1000406 -0.05203168 2.158863 0.1793859 -0.06944621 2.352231 0.06369361 -0.4724682 2.262242 0.03246786 -0.6058605 2.291124 0.03223146 -0.887403 2.313156 0.1601823 -0.884322 2.545446 0.06328987 -0.9502445 2.387365 0.2291578 -0.9292427 2.510469
0.2016641 0.6020521 2.163003 0.1440222 0.4346025 2.186304 0.08281625 0.2894846 2.093968 0.2803514 0.3252373 2.42712 0.1762027 0.08204687 2.023381 0.3726021 0.1655782 2.4491 0.3409509 0.04476814 2.098292 0.4331465 0.1241167 2.260047 0.4045109 0.03755892 2.166584 0.4516632 0.086383 2.205123 0.1392909 0.117391 2.230323 0.1383254 0.05566482 2.242359 0.09873569 -0.05085277 2.156406 0.1766796 -0.0679671 2.356554 0.06369052 -0.4724716 2.262249 0.03335835 -0.6040983 2.290489 0.03123919 -0.8878117 2.311416 0.1587978 -0.8855301 2.54673 0.06312953 -0.9496747 2.387143 0.2277435 -0.9305849 2.511866
0.1992355 0.6001238 2.160447 0.1426279 0.4339588 2.184962 0.08399876 0.2871689 2.096996 0.2840994 0.3323906 2.435684 0.1895853 0.07907955 2.035887 0.3848573 0.1772651 2.455354 0.359279 0.04616845 2.102781 0.4725819 0.1874896 2.273313 0.4252298 0.04493413 2.16915 0.4910987 0.1497556 2.218388 0.1386256 0.1220641 2.230242 0.1379121 0.06158639 2.242709 0.09871312 -0.04974185 2.155707 0.1763626 -0.06540381 2.360681 0.06374012 -0.472749 2.26231 0.03416468 -0.6034869 2.291257 0.02297547 -0.8960862 2.307864 0.1585772 -0.8867506 2.546751 0.0647451 -0.9494128 2.384553 0.2276311 -0.9318166 2.512116
0.1988068 0.6003742 2.159487 0.1413197 0.434129 2.182502 0.08538885 0.285706 2.099932 0.287065 0.3400376 2.444266 0.2037897 0.08480549 2.047467 0.394161 0.1894406 2.46465 0.3726769 0.0372939 2.108515 0.4628214 0.1695769 2.274821 0.4384488 0.03546593 2.175048 0.4813384 0.1318427 2.219896 0.1381688 0.1456601 2.227944 0.1380876 0.09216269 2.241066 0.09991787 -0.04343823 2.148959 0.1759365 -0.05550368 2.376259 0.06379465 -0.472862 2.262213 0.0373086 -0.5932293 2.292403 0.03064631 -0.8949598 2.318285 0.1588656 -0.8878585 2.546372 0.06583065 -0.9511846 2.378321 0.2280793 -0.9329911 2.512148
0.1971961 0.5996824 2.157928 0.1394868 0.4341378 2.180819 0.08722715 0.284888 2.103422 0.2917209 0.3458548 2.453631 0.2175565 0.08680996 2.058556 0.4077967 0.2038813 2.479296 0.3881186 0.03618496 2.113456 0.453973 0.1574077 2.287174 0.4542382 0.03500793 2.179659 0.4724901 0.1196731 2.232249 0.137989 0.1485438 2.228082 0.1381281 0.09425624 2.241353 0.1005497 -0.0400332 2.148098 0.176777 -0.05147533 2.378883 0.06379093 -0.4728977 2.262226 0.03269115 -0.5879897 2.296748 0.03066458 -0.894851 2.31907 0.1586269 -0.8878207 2.546108 0.06792043 -0.9554203 2.384897 0.2279526 -0.932887 2.512023
0.1970931 0.5998108 2.157606 0.1395584 0.4341479 2.180782 0.0880507 0.285125 2.107248 0.2978303 0.3506715 2.463852 0.2210275 0.09182046 2.063988 0.4124701 0.2040503 2.478558 0.3915374 0.04616552 2.122428 0.4758409 0.136421 2.298885 0.4454734 0.04990491 2.165562 0.4637453 0.1367686 2.317339 0.1407248 0.1572608 2.229312 0.1412453 0.1040292 2.242733 0.1029253 -0.03251946 2.147203 0.1818264 -0.04069971 2.38371 0.06371719 -0.4711964 2.261416 0.0356248 -0.5759501 2.296378 0.03457993 -0.8582175 2.303127 0.1587097 -0.8877565 2.546736 0.0605734 -0.9348266 2.366642 0.2279779 -0.9327356 2.512417
0.1969015 0.5995485 2.15687 0.139531 0.4340504 2.179937 0.08895384 0.2846839 2.109842 0.2978399 0.3568741 2.466656 0.2274835 0.09450938 2.069647 0.4154886 0.2128078 2.481879 0.3975693 0.04739758 2.128142 0.5064933 0.198974 2.301861 0.4528964 0.04710979 2.169644 0.4654818 0.136896 2.317473 0.1417385 0.1614646 2.229591 0.1424699 0.1087985 2.243348 0.1045818 -0.02950018 2.147267 0.1833898 -0.0360603 2.387329 0.06369093 -0.4711907 2.261382 0.03046113 -0.5684615 2.293334 0.03282484 -0.8607251 2.305303 0.1583665 -0.8877422 2.546613 0.05944019 -0.9362105 2.369895 0.1370574 -0.9522802 2.512555
0.1969942 0.5989645 2.156036 0.1394443 0.4341052 2.179828 0.0897349 0.2843804 2.111948 0.2984652 0.3598688 2.468389 0.2313581 0.09817779 2.074948 0.4238134 0.2235903 2.487228 0.403414 0.06542802 2.136658 0.4985619 0.1892099 2.302182 0.4596323 0.05920872 2.176462 0.46829 0.1366173 2.316673 0.1423211 0.1649615 2.230249 0.1432115 0.1126259 2.244122 0.1057598 -0.02717378 2.147399 0.1843731 -0.03345024 2.389446 0.06360842 -0.4711426 2.261361 0.02929306 -0.5647569 2.292387 0.03290771 -0.8613194 2.305643 0.1583705 -0.887741 2.546573 0.05869785 -0.9366831 2.370711 0.2277847 -0.9326793 2.512497
0.1965101 0.5986288 2.154588 0.1377449 0.434436 2.177556 0.09077036 0.2850132 2.113571 0.2991143 0.362078 2.469908 0.2383839 0.1015789 2.081941 0.4326338 0.2359515 2.494486 0.4183258 0.09139521 2.238385 0.491577 0.1849211 2.307445 0.4749412 0.08435179 2.277482 0.4726265 0.1364823 2.313231 0.1427545 0.1666463 2.230233 0.1439865 0.1144302 2.24437 0.1079726 -0.02487768 2.148006 0.1872218 -0.029647 2.391837 0.06384624 -0.4700182 2.260942 0.03830488 -0.5629714 2.296415 0.03354658 -0.8622249 2.3057 0.1579476 -0.8889059 2.54486 0.05843381 -0.9385744 2.369965 0.2274274 -0.9337602 2.510807
0.1968774 0.5989798 2.153772 0.1379747 0.4346298 2.17573 0.09152099 0.2850763 2.115256 0.3012041 0.365274 2.474015 0.2410021 0.1043965 2.085873 0.4360712 0.2390069 2.494483 0.4170966 0.09135237 2.237067 0.494979 0.1894296 2.307014 0.4737119 0.08430895 2.276164 0.4733516 0.1368765 2.31269 0.1434985 0.1692235 2.22989 0.1448108 0.1173055 2.244311 0.1087389 -0.02332361 2.148064 0.187913 -0.02837779 2.393381 0.0638088 -0.4701324 2.260913 0.04118092 -0.5623211 2.298031 0.03582973 -0.8741916 2.313354 0.1579609 -0.8888036 2.545149 0.06241231 -0.9482511 2.379603 0.2170229 -0.9101831 2.626604
0.1968979 0.5990106 2.153019 0.1378302 0.4349757 2.174644 0.09225444 0.2849419 2.11673 0.3193009 0.3643045 2.491938 0.2444903 0.1055647 2.090388 0.4474717 0.2245377 2.483984 0.4174118 0.09162231 2.23662 0.4957103 0.2044595 2.287572 0.4740271 0.08457891 2.275717 0.478092 0.1388998 2.314202 0.1435936 0.1691897 2.229901 0.1450029 0.1171131 2.244416 0.1085374 -0.02255951 2.14943 0.1893243 -0.02794649 2.392794 0.06409787 -0.4713266 2.261475 0.03298022 -0.5593519 2.298713 0.03444136 -0.8755794 2.313223 0.1580452 -0.887915 2.545138 0.06274226 -0.9491147 2.379346 0.2268822 -0.9330108 2.510092
0.1970874 0.5993952 2.152296 0.1377978 0.435453 2.17376 0.09290116 0.2851667 2.117779 0.3243325 0.365336 2.49402 0.2452019 0.106762 2.091451 0.4493774 0.2225878 2.484618 0.4174747 0.09166709 2.236632 0.4962786 0.2083945 2.287309 0.4755985 0.1107797 2.28346 0.4796323 0.1384123 2.312993 0.1446036 0.1744642 2.229791 0.1462518 0.123402 2.244636 0.1088759 -0.02013369 2.149731 0.1919162 -0.0249449 2.395582 0.06506586 -0.4693547 2.260952 0.03466927 -0.555612 2.298442 0.04418522 -0.8564197 2.325247 0.1580303 -0.8878086 2.545115 0.1127295 -0.9015802 2.289716 0.1370564 -0.9398153 2.493778
0.197117 0.5995137 2.152242 0.1376479 0.4356171 2.173556 0.09343788 0.2853318 2.118743 0.3169565 0.3675951 2.487792 0.2521406 0.1032323 2.096983 0.4480206 0.2322354 2.489906 0.4175453 0.09170154 2.236408 0.4962242 0.1978536 2.295619 0.4757739 0.1109671 2.283415 0.4819418 0.1380756 2.312409 0.1448736 0.175081 2.229822 0.1465775 0.1239449 2.244685 0.1100051 -0.01893614 2.149686 0.1925631 -0.02345638 2.395829 0.0646199 -0.4696511 2.261074 0.04141626 -0.5562372 2.300881 0.0412358 -0.8581768 2.320403 0.1536304 -0.8823577 2.543335 0.06189647 -0.9404294 2.378622 0.09987821 -0.9345043 2.472813
0.1971877 0.5995617 2.152002 0.1376781 0.4356476 2.173236 0.09363295 0.2853906 2.119366 0.3149322 0.3683526 2.48648 0.2521322 0.1032964 2.097026 0.4468542 0.2350061 2.493715 0.4161189 0.09107104 2.23391 0.4964354 0.1975378 2.30042 0.4749412 0.1108479 2.281988 0.4824393 0.1377863 2.312433 0.1450357 0.1761189 2.229835 0.1467313 0.1250963 2.244766 0.1102998 -0.01837926 2.14951 0.1924545 -0.02281934 2.397023 0.06443187 -0.4700004 2.261097 0.03395338 -0.5528766 2.298362 0.03570005 -0.882232 2.320573 0.1537606 -0.8824323 2.543349 0.06734005 -0.9545464 2.386538 0.2227138 -0.9274824 2.508459
0.197315 0.5997066 2.151912 0.1377214 0.4357482 2.172726 0.09395424 0.2854154 2.119843 0.308477 0.3687271 2.483162 0.2516724 0.1035271 2.096445 0.4428705 0.2392912 2.495542 0.4168461 0.09055843 2.234631 0.4984978 0.1919529 2.306389 0.4758768 0.1105161 2.283031 0.4827498 0.1371335 2.313094 0.1452385 0.1763377 2.229907 0.1469548 0.1252778 2.244904 0.1112451 -0.01784551 2.149778 0.1925393 -0.02221161 2.397736 0.06429394 -0.468567 2.260684 0.03826194 -0.5539451 2.301787 0.03561991 -0.8821222 2.320405 0.1545381 -0.8831321 2.54359 0.06528128 -0.952504 2.385253 0.1393717 -0.9323464 2.487655
0.1975329 0.5996993 2.151707 0.1378943 0.4357871 2.172493 0.09408565 0.285529 2.12008 0.3072812 0.367951 2.482253 0.2499519 0.1040429 2.094557 0.4391885 0.2366163 2.496734 0.4173748 0.08904148 2.235427 0.4814431 0.198932 2.301632 0.4743209 0.1031087 2.282041 0.4821917 0.1553256 2.344459 0.1453848 0.176453 2.229894 0.1470689 0.125347 2.244905 0.1115776 -0.0177494 2.149627 0.1925007 -0.02231699 2.397934 0.06425413 -0.4685256 2.260646 0.04143515 -0.5544261 2.298527 0.03488672 -0.8819439 2.321041 0.1541222 -0.8828816 2.542841 0.06462053 -0.9541876 2.387117 0.1006119 -0.9387341 2.47502
0.1975359 0.5996922 2.151731 0.1377588 0.4358263 2.172489 0.09421876 0.2853792 2.120193 0.3032333 0.366802 2.4796 0.2462054 0.1014382 2.090338 0.4296158 0.2300809 2.493857 0.416942 0.08735564 2.2357 0.4922325 0.1861448 2.306184 0.4720729 0.09859775 2.280917 0.4815483 0.155615 2.345359 0.1453489 0.1760196 2.230005 0.147052 0.1245157 2.245051 0.1119094 -0.01810906 2.149559 0.1920883 -0.02314141 2.397916 0.06425724 -0.4683277 2.260523 0.03708622 -0.5539563 2.29751 0.03457418 -0.8832829 2.321277 0.1545173 -0.8811607 2.542888 0.06661308 -0.9537709 2.389011 0.09036971 -0.9162901 2.470542
0.1977285 0.5998797 2.15176 0.1377271 0.4358965 2.17249 0.0943831 0.2852938 2.120208 0.302458 0.3645337 2.478268 0.2404644 0.09963398 2.083528 0.4224765 0.2223275 2.49298 0.4143169 0.07822406 2.229059 0.4812398 0.1690401 2.30658 0.4681586 0.08659525 2.27166 0.4791332 0.1555038 2.347376 0.1449867 0.1745792 2.229957 0.1464842 0.1220971 2.244907 0.1116801 -0.01864813 2.149408 0.1904263 -0.02578024 2.396342 0.06424426 -0.4679737 2.260595 0.03172079 -0.5533298 2.283644 0.03138828 -0.8865021 2.324037 0.1468108 -0.8645517 2.533246 0.06469627 -0.9523634 2.383929 0.2163871 -0.909475 2.499437
0.1979997 0.5998616 2.152096 0.1380444 0.4359094 2.173983 0.0944243 0.2852677 2.120174 0.3003147 0.3562508 2.476005 0.2327474 0.09641962 2.076085 0.4200684 0.2129534 2.487524 0.4137545 0.07358816 2.224801 0.4697442 0.1249658 2.312834 0.4674738 0.08233231 2.267482 0.465318 0.09425203 2.283417 0.1438099 0.1716666 2.230347 0.1446835 0.1180037 2.244884 0.109787 -0.02002791 2.148602 0.185619 -0.03128578 2.392669 0.06415685 -0.4680896 2.260716 0.04580112 -0.5671297 2.297503 0.03152212 -0.8873217 2.324793 0.1521197 -0.8782645 2.550714 0.06496686 -0.9523159 2.383976 0.204354 -0.9062981 2.634794
0.1981862 0.5999857 2.152279 0.1380614 0.4359236 2.173962 0.09452502 0.2850991 2.119821 0.2955664 0.3531988 2.468621 0.2241411 0.09465663 2.065377 0.4044197 0.1994095 2.470559 0.4110827 0.06718583 2.216808 0.4817424 0.1216985 2.301574 0.4647545 0.07614521 2.259504 0.4638509 0.09412342 2.282515 0.1420915 0.1651359 2.230253 0.1423499 0.1092026 2.244813 0.1079952 -0.02230754 2.149314 0.1825756 -0.0346045 2.389694 0.06398256 -0.4682005 2.26071 0.04678282 -0.5707507 2.289861 0.03089378 -0.8876548 2.324953 0.1534049 -0.891613 2.540528 0.06707631 -0.9489161 2.377774 0.193165 -0.9560425 2.533442
0.1982202 0.599842 2.152846 0.1383085 0.4355218 2.174902 0.09495941 0.2843356 2.1184 0.2944019 0.3470448 2.464139 0.2150581 0.09043369 2.053941 0.39914 0.1898897 2.462864 0.4081984 0.05763721 2.205114 0.4789763 0.1177293 2.292487 0.4618246 0.06675871 2.247833 0.4524124 0.09525827 2.289256 0.1414854 0.1626533 2.230315 0.1416695 0.1067508 2.244579 0.1066812 -0.02549561 2.147781 0.1798297 -0.04063316 2.388326 0.06399671 -0.4679497 2.260612 0.05162182 -0.5790005 2.290735 0.02936361 -0.8873 2.324967 0.1538718 -0.8918933 2.540975 0.06671104 -0.9485888 2.378849 0.2233971 -0.9370251 2.507325
0.198251 0.5998257 2.152872 0.1382986 0.4355218 2.174851 0.09569921 0.2836781 2.115304 0.2903634 0.3415985 2.457089 0.2006593 0.08923125 2.035106 0.3888887 0.1797159 2.450171 0.360826 0.03909175 2.111927 0.4862429 0.1147631 2.28668 0.4253109 0.03185439 2.179352 0.5186943 0.09311216 2.236593 0.1401472 0.1578218 2.229786 0.1400693 0.1007895 2.244005 0.1054315 -0.0290648 2.147525 0.1769588 -0.04542934 2.386697 0.06418313 -0.4686766 2.260781 0.0517789 -0.5848233 2.291138 0.01927489 -0.8895228 2.318064 0.1547903 -0.8911979 2.54235 0.06561161 -0.9490194 2.380709 0.2244745 -0.9363437 2.509051
0.1989174 0.5998958 2.153613 0.139181 0.4351363 2.17597 0.09567762 0.2839517 2.112352 0.2901814 0.3375034 2.453437 0.1858713 0.09219003 2.018425 0.3766088 0.167923 2.434339 0.3424178 0.0446289 2.102694 0.4530912 0.09820041 2.261226 0.4068738 0.03601965 2.169991 0.4785854 0.07495956 2.207931 0.1408529 0.1523834 2.230839 0.1407677 0.0945047 2.244892 0.1053727 -0.03231829 2.148459 0.1771743 -0.04862059 2.385242 0.06427304 -0.4711584 2.26153 0.05805799 -0.5903322 2.296156 0.01438665 -0.8925533 2.313028 0.1547247 -0.8908464 2.542672 0.06202119 -0.9495239 2.38043 0.2243717 -0.9359692 2.509265
0.1991275 0.5993052 2.154821 0.1394335 0.4345602 2.177209 0.09430523 0.2841423 2.109042 0.2851233 0.326158 2.436851 0.1677 0.1027673 2.002596 0.3717725 0.1566363 2.416093 0.3226871 0.04889312 2.086061 0.4705941 0.1031667 2.249087 0.3864889 0.02451263 2.150035 0.5035347 0.08534354 2.197827 0.138734 0.1393598 2.23058 0.137977 0.07810423 2.243773 0.1026033 -0.03745733 2.148487 0.1741334 -0.05887535 2.376597 0.06422388 -0.4704154 2.26149 0.04470524 -0.599189 2.294779 0.02204502 -0.89145 2.319294 0.155012 -0.8907616 2.543656 0.06186556 -0.9493791 2.381092 0.2242197 -0.9360158 2.509524
0.2010805 0.5989487 2.157155 0.1414176 0.4338662 2.180694 0.09188928 0.2862033 2.106941 0.286103 0.324319 2.435295 0.148286 0.1209929 1.981895 0.3626454 0.1503845 2.396718 0.306778 0.04338912 2.040285 0.4441984 0.08652245 2.223674 0.3687 0.02012131 2.106488 0.4713827 0.06523509 2.170401 0.1393854 0.1327485 2.231505 0.1384954 0.07088009 2.244269 0.1010635 -0.0405006 2.150253 0.1752134 -0.06229716 2.371442 0.06421968 -0.4698611 2.261654 0.04221714 -0.6023272 2.294377 0.04210996 -0.8868818 2.343742 0.1566681 -0.8908413 2.545118 0.1110365 -0.9321474 2.309056 0.2255946 -0.9361069 2.510432
0.2025225 0.5989299 2.159384 0.1428792 0.4331055 2.183363 0.08865616 0.2900585 2.105021 0.2870899 0.3229765 2.4327 0.1466457 0.1269018 1.973394 0.3580846 0.1474317 2.38641 0.2991654 0.0538601 2.047757 0.433727 0.09150998 2.207592 0.3401584 0.03641145 2.106164 0.4589412 0.0728694 2.152395 0.1405853 0.1269526 2.233012 0.1397565 0.0644032 2.245618 0.1001947 -0.0427521 2.153973 0.1774792 -0.06316967 2.367443 0.06385987 -0.4702833 2.261953 0.03981043 -0.6027688 2.296972 0.0343437 -0.8838089 2.330685 0.1562618 -0.8885298 2.54434 0.06163665 -0.9494771 2.380991 0.2247623 -0.9338198 2.508853
0.2046152 0.5993533 2.160931 0.144296 0.4332214 2.184499 0.08661477 0.2941449 2.103674 0.2864955 0.3198513 2.425388 0.1376269 0.1458071 1.955484 0.3530429 0.1434462 2.372584 0.2847503 0.060665 2.03867 0.4418953 0.09748866 2.197305 0.3335211 0.03864518 2.082504 0.4715128 0.08216947 2.143288 0.140755 0.1192592 2.232917 0.1394899 0.05441445 2.245204 0.09868942 -0.04470098 2.156412 0.1776827 -0.06711858 2.359367 0.0631884 -0.4707509 2.262889 0.03761455 -0.606899 2.296992 0.03372841 -0.8836517 2.328729 0.1559853 -0.8879135 2.544767 0.06812708 -0.9545475 2.393589 0.2141787 -0.9123645 2.626009
0.206173 0.5989593 2.16231 0.1458422 0.4332365 2.18569 0.08401134 0.2974065 2.102296 0.2866415 0.3192178 2.420777 0.1310497 0.1605618 1.949172 0.3516842 0.1445885 2.35557 0.2841513 0.0613478 2.03598 0.4212707 0.06024934 2.186424 0.3320188 0.04102985 2.081594 0.4444662 0.03213628 2.134451 0.1423795 0.1152476 2.233654 0.1412111 0.0500239 2.245949 0.09886959 -0.04636737 2.160492 0.1806671 -0.06702226 2.355558 0.06312624 -0.4715993 2.263736 0.02560556 -0.602828 2.294716 0.03361261 -0.8838847 2.328635 0.1626356 -0.8805344 2.569056 0.06698711 -0.9553144 2.393917 0.2301646 -0.92597 2.531916
0.2072783 0.5994296 2.163752 0.1472168 0.4334662 2.1877 0.0785255 0.3009887 2.1036 0.2869653 0.3184657 2.416777 0.125926 0.172184 1.942091 0.3499087 0.1436895 2.348911 0.2789378 0.06380913 2.027685 0.4227941 0.05861157 2.181691 0.3264686 0.04324788 2.07354 0.4470892 0.03025225 2.13036 0.1444262 0.1111804 2.235316 0.1435952 0.04525073 2.247663 0.09949724 -0.04828017 2.165945 0.1850908 -0.06720673 2.352524 0.06261889 -0.4722039 2.264002 0.02651885 -0.6022294 2.2945 0.02947198 -0.8866372 2.330278 0.1210601 -0.8778149 2.519041 0.06585431 -0.9537967 2.389405 0.1869367 -0.902397 2.594159
0.2076216 0.5996545 2.164205 0.1478972 0.4337316 2.188468 0.07505393 0.3029467 2.104025 0.2867688 0.3189439 2.41486 0.123258 0.1781204 1.938629 0.3443528 0.1456504 2.334895 0.2789817 0.06464002 2.026603 0.4260194 0.05045918 2.178378 0.3272463 0.04717772 2.072973 0.4532416 0.01872877 2.130615 0.1449241 0.1096978 2.23551 0.1441001 0.04358605 2.247787 0.09916337 -0.04918372 2.167133 0.1866759 -0.06706927 2.35071 0.06276064 -0.4723922 2.264348 0.02691206 -0.6019024 2.294683 0.02874681 -0.8875731 2.331898 0.1209447 -0.8775911 2.519283 0.06565167 -0.9514299 2.381492 0.1880651 -0.9225251 2.583025
0.2081284 0.6003899 2.165232 0.1484799 0.4341879 2.189454 0.07310839 0.3050241 2.10375 0.2853993 0.3207984 2.410595 0.1195522 0.1842091 1.935587 0.3377969 0.1457505 2.331023 0.2784244 0.06489346 2.026092 0.4111651 0.1518382 2.142179 0.3312431 0.0526831 2.06905 0.4356212 0.1538675 2.08364 0.1452712 0.1087842 2.235829 0.1444607 0.04254283 2.248055 0.09912389 -0.04956976 2.168117 0.1874397 -0.06684184 2.349844 0.06293945 -0.4731841 2.264992 0.02710134 -0.6015889 2.294878 0.02849772 -0.8877394 2.331867 0.1207189 -0.8775728 2.519599 0.06687151 -0.9535527 2.387756 0.1878761 -0.9225729 2.583261
0.208487 0.6003518 2.16537 0.1488596 0.4342052 2.189625 0.07248012 0.3059014 2.103233 0.2852708 0.3216982 2.409441 0.113488 0.1906896 1.93131 0.3365281 0.1474504 2.326294 0.2776187 0.0655422 2.024853 0.4193193 0.1482845 2.141589 0.3308454 0.05459812 2.067647 0.4469164 0.1485625 2.08443 0.1455687 0.1073156 2.236065 0.1447167 0.0408823 2.248338 0.09887125 -0.05030816 2.169428 0.1878585 -0.06689804 2.349208 0.06282592 -0.4732151 2.265043 0.02958846 -0.6024497 2.296715 0.0283352 -0.8881242 2.33175 0.1218245 -0.8803625 2.521692 0.06710015 -0.9538555 2.386167 0.1909809 -0.9023291 2.594657
0.208591 0.6008552 2.16593 0.1490232 0.434614 2.189826 0.07198844 0.3066939 2.102539 0.2849349 0.3221408 2.408206 0.1129347 0.1909323 1.931039 0.3355258 0.1482073 2.323542 0.2775989 0.06556694 2.024862 0.4248062 0.1465408 2.142136 0.3313073 0.05637999 2.067463 0.4545664 0.1459854 2.086076 0.1457255 0.1069911 2.236159 0.1449161 0.04046343 2.248451 0.09898286 -0.05065294 2.169891 0.1882525 -0.06674508 2.348949 0.06256916 -0.4733613 2.265255 0.03121603 -0.6027527 2.297721 0.02781747 -0.8874424 2.331522 0.1226833 -0.8813494 2.522739 0.06652242 -0.9546465 2.38678 0.1871621 -0.9038544 2.599722
0.2085317 0.6008559 2.16598 0.1490165 0.4346229 2.189842 0.0705176 0.3070397 2.102388 0.2829495 0.3241794 2.40495 0.1124462 0.1911882 1.931246 0.3333889 0.1489765 2.324066 0.2776015 0.06557158 2.024873 0.4275162 0.145057 2.145367 0.331819 0.05764636 2.067079 0.458892 0.1437505 2.09021 0.1460892 0.1065629 2.236243 0.1454251 0.040002 2.248567 0.09957598 -0.05120661 2.170488 0.1894468 -0.06627142 2.348577 0.06239914 -0.4732223 2.265362 0.02869189 -0.6011007 2.296283 0.02644433 -0.8876689 2.332224 0.1186103 -0.8813165 2.521163 0.06495877 -0.9546705 2.379653 0.1655308 -0.940996 2.525921
0.2084814 0.60081 2.166045 0.1489838 0.4345468 2.189963 0.0691448 0.3074707 2.102412 0.2828882 0.3241674 2.404692 0.1110342 0.190834 1.931894 0.3330474 0.1488437 2.323951 0.277608 0.06549899 2.025065 0.4276629 0.1473644 2.145495 0.3314103 0.06142185 2.068334 0.4592014 0.1468712 2.090419 0.1460587 0.1057938 2.236264 0.1454133 0.03923136 2.248561 0.09933187 -0.05165271 2.170864 0.189707 -0.06646984 2.348051 0.06211485 -0.4745578 2.265428 0.04890894 -0.5977545 2.292761 0.02714663 -0.8879437 2.331746 0.1562941 -0.8955615 2.550589 0.06528407 -0.9553766 2.381948 0.2176231 -0.9116086 2.631661
0.2082498 0.6008215 2.166076 0.1489965 0.4344301 2.190092 0.06918743 0.3071056 2.100965 0.2827951 0.3240183 2.404454 0.1108472 0.189159 1.931453 0.3333565 0.1483836 2.325112 0.2782086 0.06580198 2.025792 0.4304937 0.1486766 2.148125 0.3311292 0.06305981 2.070235 0.4628728 0.1487742 2.093538 0.1460629 0.1055444 2.236194 0.1454189 0.03903839 2.248469 0.09932807 -0.05180475 2.17085 0.1897254 -0.06642825 2.347726 0.06199376 -0.4758907 2.266256 0.03854372 -0.6005458 2.298689 0.02715264 -0.8886237 2.331971 0.1371012 -0.9026353 2.559183 0.07617819 -0.9539486 2.394587 0.1989909 -0.9181446 2.639935
0.2081893 0.6008832 2.166119 0.1489392 0.4343618 2.19002 0.0693774 0.3067053 2.099174 0.2830573 0.3245942 2.404516 0.1118503 0.1826913 1.935122 0.335247 0.1491756 2.326054 0.278161 0.06591677 2.025976 0.4428348 0.1526228 2.155778 0.3298844 0.06287403 2.071787 0.4786974 0.1537718 2.103428 0.1491256 0.1079435 2.235551 0.1501409 0.04301301 2.247668 0.1041667 -0.05051428 2.170432 0.2006044 -0.05387411 2.346301 0.06198559 -0.4758164 2.266264 0.06385995 -0.5439802 2.306182 0.02664399 -0.8887844 2.332821 0.1420506 -0.8792535 2.540192 0.07583243 -0.9536813 2.395759 0.208928 -0.9066456 2.613468
0.2077602 0.6007822 2.166111 0.1487525 0.433971 2.189794 0.0694944 0.3063536 2.098247 0.2830519 0.3246209 2.404545 0.1117334 0.1761289 1.939631 0.3362054 0.1474585 2.333436 0.2798411 0.06576941 2.028701 0.4481109 0.1536184 2.166297 0.3297727 0.06413652 2.076526 0.4854128 0.1556717 2.114993 0.1487541 0.1076121 2.235527 0.1495133 0.0425737 2.247717 0.1037469 -0.05080507 2.170601 0.196815 -0.0576336 2.346812 0.06201785 -0.476611 2.266286 0.0362123 -0.592972 2.301409 0.01697233 -0.8965247 2.322721 0.1492887 -0.8935403 2.553146 0.07140794 -0.9522386 2.389989 0.2152106 -0.9388537 2.513018
0.2068908 0.6008989 2.166024 0.1484446 0.4337712 2.189456 0.06986666 0.305682 2.09733 0.2834001 0.324076 2.405341 0.1147943 0.1677005 1.945217 0.3416879 0.1468222 2.341539 0.2844834 0.06488211 2.035378 0.4381612 0.1476198 2.164177 0.3343349 0.06133796 2.083183 0.4703189 0.1478857 2.109465 0.1479291 0.1076064 2.235198 0.1483238 0.04259186 2.247388 0.1026155 -0.05104064 2.169968 0.1932811 -0.0604982 2.347393 0.06209232 -0.4769039 2.266399 0.03572457 -0.5965042 2.298245 0.0194481 -0.8953019 2.324325 0.1507369 -0.8922505 2.553103 0.07080879 -0.9523691 2.388679 0.2167508 -0.9375983 2.513167
0.2064942 0.6006906 2.16556 0.1478595 0.4335119 2.188822 0.07096848 0.3041174 2.095821 0.2845103 0.3227851 2.407394 0.1228974 0.1485596 1.953903 0.3462695 0.1456946 2.348702 0.2888499 0.06407883 2.041724 0.4502691 0.1341891 2.176422 0.3523546 0.05410336 2.109718 0.4849356 0.1303539 2.123404 0.1473249 0.1080453 2.234971 0.1475579 0.04321027 2.24724 0.1022349 -0.0511554 2.169434 0.1914447 -0.06222766 2.349061 0.06209064 -0.4770184 2.266476 0.01817591 -0.5931154 2.296414 0.02108503 -0.8945674 2.324497 0.1350004 -0.892447 2.555704 0.07012211 -0.9525762 2.388888 0.1966377 -0.9327124 2.590818
0.2055011 0.6006161 2.165177 0.1471729 0.4332384 2.188607 0.07354701 0.3011507 2.094143 0.2854928 0.3221096 2.410216 0.1298611 0.1333191 1.966297 0.3562947 0.1461581 2.367735 0.2949703 0.06041541 2.048315 0.4231206 0.122437 2.177827 0.3521777 0.05268553 2.110451 0.4453959 0.1145299 2.118933 0.1465115 0.1123378 2.234837 0.1466564 0.04947222 2.247239 0.1027672 -0.05049068 2.167116 0.1900202 -0.06234861 2.354265 0.06224668 -0.4769011 2.26623 0.02870741 -0.5966274 2.296947 0.02135438 -0.8943453 2.324538 0.155454 -0.8928242 2.56175 0.06728103 -0.9521144 2.38778 0.2174145 -0.9143616 2.641058
0.2036932 0.6003574 2.163847 0.1448542 0.4333279 2.186736 0.07610083 0.2976304 2.09296 0.284797 0.3226824 2.412183 0.1338243 0.1274913 1.971289 0.3667899 0.1514636 2.37193 0.2902725 0.05717167 2.040657 0.4335228 0.09786394 2.188654 0.3581057 0.04318964 2.103583 0.4557671 0.07999739 2.131971 0.1443403 0.1174507 2.233885 0.1444394 0.0555711 2.246592 0.1026674 -0.04997667 2.163779 0.1864456 -0.06202414 2.360384 0.06249237 -0.4770857 2.266493 0.02945894 -0.5969895 2.296282 0.01251669 -0.8688072 2.281383 0.1569208 -0.88974 2.557053 0.05123189 -0.927589 2.356482 0.2171965 -0.9135655 2.63701
0.2018732 0.5996426 2.162641 0.1437937 0.4328944 2.186471 0.07824551 0.2943171 2.092777 0.2864811 0.3233177 2.418465 0.1554838 0.1059083 1.994753 0.3758126 0.156717 2.414977 0.3237696 0.05022262 2.050952 0.4401391 0.140877 2.223278 0.3910533 0.03735887 2.114702 0.4615813 0.1355971 2.163787 0.1426613 0.1193462 2.233452 0.1425518 0.05784971 2.246104 0.1011848 -0.04938519 2.161222 0.1837944 -0.06298366 2.361982 0.06218432 -0.4748004 2.265542 0.02961795 -0.598587 2.296027 0.01257844 -0.867285 2.284761 0.1529032 -0.8759734 2.54784 0.04893814 -0.9286982 2.358934 0.2102243 -0.9061396 2.627837
0.201304 0.5990461 2.162262 0.1432824 0.432658 2.186575 0.07978132 0.2917396 2.094287 0.2890244 0.3262024 2.427225 0.162697 0.1001182 2.003654 0.3776924 0.1585306 2.417491 0.3316044 0.05084133 2.0631 0.4426152 0.1400829 2.226264 0.398649 0.04492622 2.128113 0.4642562 0.1339337 2.166931 0.1418838 0.1211472 2.233542 0.141712 0.0600493 2.246175 0.1006995 -0.04898747 2.160103 0.1829284 -0.06281833 2.363342 0.06237787 -0.4710493 2.263671 0.03142516 -0.5990156 2.295695 0.02011419 -0.8683349 2.301626 0.1542177 -0.8811241 2.546464 0.05546653 -0.9365013 2.370182 0.2120661 -0.9076791 2.627363
0.201097 0.5990453 2.162211 0.1429192 0.4324208 2.186404 0.08070919 0.289451 2.097198 0.2912962 0.3277075 2.432963 0.1749108 0.09521684 2.0145 0.3888498 0.167797 2.440903 0.3471519 0.04734017 2.066682 0.4559446 0.1763934 2.249738 0.411809 0.03690444 2.133521 0.4783095 0.1792589 2.190426 0.1408584 0.1247561 2.233016 0.1405167 0.0647421 2.245567 0.0997223 -0.04775003 2.157496 0.1818875 -0.0624942 2.365145 0.0628603 -0.4708542 2.264075 0.03403351 -0.599514 2.295599 0.01317413 -0.8784368 2.295314 0.155764 -0.8831434 2.546787 0.05880793 -0.9377215 2.366027 0.2143181 -0.9081634 2.627675
0.1998669 0.5984128 2.161029 0.1416186 0.4321986 2.184947 0.08210653 0.287578 2.099867 0.2953056 0.331931 2.441989 0.2023408 0.08735213 2.038398 0.3978781 0.1738784 2.443125 0.3815967 0.04324288 2.071623 0.4588812 0.1753396 2.249586 0.4481043 0.03875511 2.1373 0.4984858 0.1365047 2.208265 0.1398124 0.12882 2.232078 0.1395558 0.06959117 2.244819 0.09911232 -0.04627414 2.155898 0.1812341 -0.06111643 2.367033 0.06341842 -0.4704542 2.263647 0.05305121 -0.598765 2.287236 0.02110473 -0.8725963 2.307018 0.158833 -0.8868007 2.549889 0.06069846 -0.9402185 2.373785 0.2157313 -0.9094741 2.632634
0.1997329 0.5983073 2.160183 0.1410962 0.4324233 2.18401 0.08417578 0.2864711 2.102856 0.2972329 0.3378431 2.449114 0.2076244 0.08737156 2.043157 0.4062656 0.1822316 2.434636 0.3834002 0.05468812 2.095273 0.4579502 0.09558713 2.243909 0.4500627 0.04923801 2.160722 0.4830714 0.05553358 2.193424 0.138975 0.142301 2.230279 0.1387768 0.08679279 2.243083 0.09912546 -0.04113982 2.151657 0.1797063 -0.05545025 2.372573 0.0633473 -0.4712037 2.263397 0.03666246 -0.5937902 2.30319 0.0163156 -0.8771472 2.304733 0.158257 -0.8871012 2.549526 0.0595587 -0.9404868 2.373417 0.2161426 -0.9103704 2.631423
0.1995163 0.5982962 2.159599 0.1406205 0.4325521 2.183548 0.08603072 0.2855744 2.106194 0.3021999 0.344533 2.458512 0.2173055 0.09032419 2.052615 0.4180096 0.1935729 2.426769 0.3920905 0.05390115 2.105401 0.4502279 0.09396726 2.24026 0.4579891 0.0520965 2.171819 0.4753493 0.05391326 2.189774 0.1393649 0.1474548 2.230869 0.1394623 0.09230746 2.24398 0.09991119 -0.03793208 2.151068 0.1808431 -0.05053462 2.377793 0.06324264 -0.4701927 2.262422 0.03804599 -0.5887483 2.306585 0.002361128 -0.8640967 2.274345 0.1581509 -0.8869567 2.549358 0.04395026 -0.9220155 2.34862 0.2167972 -0.9098176 2.630839
0.1991634 0.59867 2.158795 0.1396097 0.4333091 2.181101 0.08738036 0.2859068 2.108553 0.30196 0.3465372 2.461566 0.2224873 0.09422436 2.058739 0.429735 0.2152625 2.487304 0.394674 0.04951563 2.113228 0.4490959 0.097359 2.245942 0.4603314 0.04919687 2.179909 0.4555495 0.05805784 2.169896 0.1396851 0.1566848 2.229331 0.1401142 0.1030463 2.242774 0.1012081 -0.03222108 2.148164 0.1814648 -0.04232173 2.382517 0.06370582 -0.4697786 2.262291 0.04284064 -0.5808554 2.304526 0.003824704 -0.8611118 2.273654 0.1568177 -0.8858649 2.549123 0.0481913 -0.9180947 2.347048 0.2072313 -0.9200558 2.624288
0.1992732 0.5989065 2.157444 0.139378 0.4336335 2.179245 0.08882155 0.2864834 2.111267 0.3009798 0.3522552 2.465222 0.2272471 0.09694865 2.06502 0.4287588 0.2186501 2.484571 0.3983252 0.05722994 2.125181 0.4948033 0.2005984 2.29374 0.4491373 0.07470727 2.168733 0.5168182 0.1945812 2.234538 0.140215 0.1579725 2.229217 0.1407019 0.1042169 2.242859 0.1026178 -0.029008 2.148788 0.182546 -0.03880296 2.383131 0.06260491 -0.4693684 2.26117 0.04730335 -0.5781088 2.304399 0.002505846 -0.8593499 2.271971 0.1550962 -0.8858566 2.546549 0.04621929 -0.91698 2.345258 0.2240739 -0.931076 2.511696
0.1993533 0.5992798 2.156724 0.1391575 0.4342835 2.17852 0.09025072 0.2867492 2.11346 0.3014486 0.3550712 2.467316 0.2331069 0.1012477 2.070912 0.4330837 0.2241843 2.483429 0.4036962 0.05494098 2.128287 0.4960719 0.2012076 2.292061 0.4558584 0.07048815 2.170964 0.517068 0.1935486 2.232681 0.1421097 0.1641769 2.229603 0.1431584 0.1113744 2.243598 0.105452 -0.02579078 2.148525 0.1855175 -0.03297029 2.387364 0.06220277 -0.4691683 2.260774 0.05457671 -0.5730234 2.306078 0.002749793 -0.8469787 2.27305 0.1554818 -0.8864427 2.546054 0.04460498 -0.9103377 2.342603 0.2245972 -0.9315382 2.511304
0.1995006 0.5995588 2.156395 0.1392538 0.4348335 2.177475 0.09116064 0.2868212 2.11501 0.3052854 0.3610975 2.473537 0.236564 0.1032147 2.075798 0.4398292 0.231142 2.482752 0.4060591 0.05906928 2.137074 0.510394 0.2549493 2.294363 0.4597259 0.07392464 2.178097 0.5339156 0.2628851 2.235976 0.1428126 0.1665764 2.22962 0.1438876 0.1138767 2.243804 0.1060427 -0.02377416 2.148633 0.1867493 -0.03023048 2.388925 0.06226771 -0.4688542 2.260514 0.04845703 -0.5680357 2.304435 0.00605069 -0.8457552 2.275163 0.1555001 -0.8865157 2.545973 0.04638394 -0.9106599 2.344197 0.2246339 -0.9316283 2.51127
0.1994832 0.5996609 2.15597 0.1389671 0.4352196 2.176565 0.09227584 0.2866708 2.116375 0.3053983 0.3640194 2.474717 0.245509 0.1055272 2.082993 0.462594 0.2573252 2.437199 0.4128349 0.09511994 2.21966 0.4872011 0.1348304 2.280386 0.4677112 0.109217 2.259326 0.4954034 0.0939988 2.232523 0.1435977 0.170115 2.229583 0.1449286 0.1180821 2.243977 0.1076902 -0.02211452 2.148118 0.1879072 -0.02837118 2.39192 0.06224228 -0.4689546 2.260437 0.0467874 -0.5648519 2.3031 0.006002425 -0.8460242 2.27446 0.1549976 -0.8863481 2.545929 0.04606659 -0.9108257 2.343755 0.2242421 -0.931407 2.511364
0.1994227 0.5999247 2.155566 0.1389602 0.4358676 2.176043 0.09291247 0.2868166 2.1175 0.3236496 0.3666763 2.49065 0.2471865 0.1068538 2.084722 0.4555576 0.2296702 2.472157 0.4133392 0.09516307 2.220874 0.4942064 0.2709957 2.277203 0.4682145 0.1092599 2.260539 0.5070893 0.2847708 2.216627 0.1446715 0.17156 2.230013 0.1461741 0.1194692 2.244556 0.1086474 -0.02090576 2.149151 0.1919288 -0.02638136 2.393234 0.06212135 -0.4692002 2.26039 0.04160003 -0.5593144 2.297381 0.006044073 -0.845782 2.274585 0.1551487 -0.8873573 2.54481 0.04610614 -0.9107465 2.343736 0.2237008 -0.9325562 2.509058
0.1995743 0.6003699 2.155503 0.1390171 0.4365267 2.175974 0.09362295 0.2875948 2.11836 0.3256669 0.366261 2.492971 0.2477496 0.1097224 2.085631 0.4713587 0.2474751 2.437186 0.4123494 0.09508535 2.220187 0.426408 0.2137948 2.242105 0.4672236 0.1091819 2.259852 0.4114245 0.2025681 2.181488 0.1458086 0.1745262 2.230481 0.1474763 0.1226769 2.245036 0.1095643 -0.01879122 2.149347 0.1939075 -0.02467099 2.394193 0.0616818 -0.4668761 2.259706 0.03947815 -0.5558494 2.294666 0.03101625 -0.8606655 2.320221 0.1557918 -0.8870739 2.544795 0.06583464 -0.9394926 2.376619 0.1594785 -0.9562386 2.513215
0.1994482 0.6003963 2.155474 0.1386027 0.4369196 2.176042 0.0940957 0.2874376 2.119054 0.3141284 0.3705524 2.487102 0.2481639 0.1103614 2.085958 0.4630658 0.2541206 2.439086 0.4123523 0.09523863 2.219997 0.4950092 0.1706646 2.257812 0.4672255 0.1093349 2.25966 0.505657 0.1428459 2.201797 0.1458277 0.1747162 2.230663 0.1475259 0.1227949 2.245193 0.1101995 -0.01839164 2.149454 0.1938771 -0.02421948 2.394465 0.06282144 -0.4653648 2.25841 0.04208408 -0.5565418 2.297326 0.03117989 -0.8865436 2.32058 0.1566494 -0.8854115 2.544538 0.07102854 -0.9507192 2.387129 0.2258781 -0.930351 2.509777
0.199515 0.6005989 2.155521 0.1386133 0.4373484 2.176028 0.09461381 0.2875701 2.119491 0.3059555 0.3739188 2.48283 0.2481682 0.1103587 2.085976 0.4560782 0.2581 2.440319 0.4122771 0.0952079 2.219811 0.5309338 0.158279 2.283367 0.4671493 0.1093039 2.259475 0.5558857 0.1250053 2.235458 0.1464656 0.176816 2.231119 0.1482741 0.1251376 2.245696 0.1122471 -0.01798674 2.148762 0.1938224 -0.02286932 2.397314 0.06244622 -0.46763 2.259089 0.04256909 -0.5550199 2.298116 0.03210749 -0.8885269 2.32307 0.1564479 -0.8852924 2.54474 0.07046495 -0.9514545 2.387307 0.2261926 -0.9300709 2.510813
0.199463 0.6008022 2.155537 0.1386072 0.4375399 2.175988 0.09491539 0.2875537 2.119703 0.3059594 0.3737809 2.482902 0.2481798 0.1103169 2.085945 0.4360833 0.238047 2.48639 0.4123965 0.09486596 2.220064 0.5103879 0.2258093 2.298371 0.4672676 0.1089617 2.259726 0.5351561 0.2217301 2.240107 0.1468919 0.1780381 2.231281 0.1487826 0.1265237 2.245868 0.1132754 -0.01724038 2.148623 0.1941346 -0.02221501 2.397933 0.06249404 -0.4675145 2.259063 0.04296885 -0.5543457 2.298442 0.02986651 -0.8769597 2.316749 0.1547923 -0.8862104 2.5435 0.06679626 -0.9466973 2.382931 0.2245637 -0.9309595 2.509587
0.1995355 0.6008832 2.155594 0.138633 0.4377025 2.17581 0.09502149 0.2875891 2.119816 0.3052123 0.3733348 2.482734 0.2468121 0.109154 2.085032 0.4338197 0.2363486 2.487052 0.4141086 0.09273568 2.222383 0.5036938 0.2059551 2.299424 0.4689786 0.1068311 2.262044 0.5269851 0.195824 2.24129 0.1469793 0.1783731 2.231288 0.1488607 0.1268501 2.245895 0.1135651 -0.01706588 2.148546 0.194028 -0.02196063 2.398273 0.06426566 -0.4630408 2.256684 0.04244186 -0.5503234 2.278687 0.03100997 -0.8651384 2.308538 0.1667084 -0.8377256 2.54959 0.06176697 -0.9377231 2.374818 0.2365329 -0.8824666 2.515772
0.1997076 0.6012629 2.155775 0.1387565 0.4379909 2.175737 0.09537797 0.287694 2.119852 0.2986796 0.3710964 2.477247 0.2402699 0.106193 2.080522 0.4217716 0.2318127 2.492139 0.4142773 0.09158929 2.222587 0.48045 0.1998625 2.300708 0.4691461 0.1056844 2.262248 0.5000095 0.1892124 2.241306 0.1470432 0.1781988 2.231294 0.1489279 0.1264409 2.245897 0.1140928 -0.01735453 2.148365 0.19343 -0.0226079 2.398191 0.06509203 -0.4634679 2.256836 0.05148369 -0.5543866 2.282387 0.03056585 -0.8723676 2.309363 0.1556004 -0.8866429 2.544008 0.06285387 -0.9420701 2.37797 0.2257243 -0.9313049 2.510706
0.1997264 0.6012771 2.155811 0.1387591 0.4380772 2.175695 0.09537985 0.2876877 2.119851 0.2989402 0.3670191 2.47666 0.235384 0.1030136 2.075476 0.4181351 0.2236696 2.488945 0.4110217 0.08411666 2.217063 0.4860761 0.1859586 2.30199 0.4658896 0.09821147 2.256723 0.5087231 0.1733883 2.244081 0.1467889 0.1764299 2.231214 0.1484843 0.1236111 2.245759 0.1138686 -0.0180908 2.148243 0.1924041 -0.02495933 2.397079 0.06530052 -0.4656049 2.257852 0.04417437 -0.5558061 2.28541 0.02892603 -0.8773233 2.317629 0.1419508 -0.8841744 2.54639 0.06350627 -0.9513402 2.379432 0.1922766 -0.9248131 2.586527
0.2004296 0.6012923 2.157679 0.1401711 0.4376271 2.178552 0.09536073 0.2876158 2.11972 0.2954589 0.3576676 2.474324 0.2302606 0.0996103 2.069379 0.4093249 0.2099236 2.486102 0.412109 0.08104502 2.216048 0.4797436 0.1386983 2.311053 0.4669772 0.09513995 2.255708 0.5032165 0.1149566 2.257112 0.1466187 0.1732957 2.23213 0.1479189 0.1196942 2.246278 0.1133525 -0.01975279 2.147761 0.1890573 -0.03117995 2.394824 0.06511264 -0.4658681 2.257833 0.0337467 -0.560535 2.286075 0.03079629 -0.8814404 2.322336 0.1314552 -0.8809606 2.547266 0.06342961 -0.9508724 2.379763 0.202568 -0.9200028 2.610725
0.2003149 0.601315 2.157792 0.1400106 0.4377524 2.178414 0.09575011 0.2873769 2.118838 0.293096 0.3521595 2.472199 0.220892 0.09645331 2.060958 0.3995063 0.197092 2.475351 0.4073282 0.06851502 2.207382 0.4887536 0.1383558 2.304638 0.4621954 0.08260971 2.247041 0.5185027 0.1187771 2.252143 0.145065 0.16937 2.23169 0.1459008 0.114341 2.245731 0.1123134 -0.0216334 2.147698 0.1856415 -0.03510075 2.392357 0.06504998 -0.4672859 2.258039 0.03306837 -0.5657644 2.286498 0.02997213 -0.8807654 2.323268 0.1456243 -0.8742284 2.554464 0.06344622 -0.9509082 2.379699 0.2102638 -0.9120671 2.625166
0.2004089 0.6015555 2.158815 0.14045 0.437586 2.17979 0.09674103 0.2861491 2.115893 0.29107 0.3469327 2.468205 0.2048354 0.08871657 2.046081 0.3864616 0.1836397 2.463484 0.3996091 0.06676632 2.199803 0.4584082 0.1168608 2.287224 0.454475 0.08086067 2.239462 0.4823903 0.09460118 2.232879 0.1443742 0.1625907 2.232398 0.1448381 0.1059247 2.245948 0.1113151 -0.02418893 2.147814 0.1833162 -0.03938054 2.388147 0.06494007 -0.4674679 2.258243 0.0365704 -0.5724617 2.286863 0.03241308 -0.8852658 2.335121 0.1636449 -0.8133631 2.54438 0.06253671 -0.9537733 2.384332 0.187919 -0.9067135 2.580515
0.2004547 0.6014737 2.158958 0.1405282 0.4375469 2.180209 0.09673958 0.2853749 2.113108 0.2874897 0.3408115 2.461958 0.1905175 0.08810221 2.035314 0.377966 0.1740734 2.451042 0.3597912 0.04427472 2.097184 0.4617018 0.1090494 2.279783 0.4236714 0.03449591 2.16484 0.4896138 0.0873747 2.227105 0.1406434 0.1516244 2.233247 0.1398724 0.09203777 2.246716 0.1060102 -0.03392039 2.148201 0.172002 -0.06055421 2.385645 0.0647056 -0.467851 2.258675 0.03283417 -0.5965456 2.289905 0.0322465 -0.8858842 2.334626 0.1666504 -0.8194124 2.548805 0.06433878 -0.9530737 2.385021 0.1498912 -0.9201311 2.53523
0.2005235 0.601508 2.159393 0.1404073 0.4374729 2.18049 0.09607637 0.2853599 2.110334 0.2846376 0.3333872 2.453891 0.1807709 0.09461872 2.017287 0.36931 0.1630169 2.432061 0.3384987 0.04352158 2.09746 0.4685992 0.09751714 2.270294 0.3995328 0.02387777 2.165598 0.5016956 0.0756839 2.220781 0.1407812 0.1479592 2.233132 0.1403436 0.08827712 2.246483 0.1063528 -0.03637112 2.148313 0.1729947 -0.06110083 2.384495 0.0645071 -0.4711098 2.260704 0.03312984 -0.5971976 2.290636 0.0297981 -0.8881988 2.33426 0.164689 -0.8192193 2.548153 0.07021846 -0.9542075 2.3952 0.1476557 -0.916499 2.518884
0.2008768 0.6012616 2.159861 0.1408993 0.4376611 2.181638 0.09481592 0.2870584 2.107363 0.2830497 0.327106 2.446933 0.1679651 0.100925 2.00297 0.345925 0.1478063 2.390213 0.3161916 0.04992893 2.110499 0.49445 0.08279363 2.277359 0.3679957 0.03210612 2.152702 0.5439583 0.06112272 2.244149 0.1415632 0.1365973 2.233128 0.1413517 0.07362415 2.245917 0.1059382 -0.04024172 2.149571 0.1753044 -0.06432705 2.377229 0.0636467 -0.4728641 2.261334 0.03278366 -0.6006377 2.289688 0.03030542 -0.8904066 2.339022 0.1636138 -0.816377 2.545834 0.06937523 -0.9487952 2.368365 0.1338418 -0.9030638 2.498827
0.2021317 0.6018662 2.160789 0.1414776 0.4378386 2.182148 0.09277266 0.290016 2.104188 0.281593 0.3248661 2.440361 0.1471954 0.1197561 1.981412 0.3446023 0.1466835 2.392231 0.2938702 0.05245777 2.069021 0.4728405 0.08244247 2.253949 0.3453832 0.02691565 2.126015 0.5155866 0.06102879 2.212265 0.1409689 0.1281544 2.232411 0.1403223 0.06375448 2.244954 0.1041938 -0.04284438 2.15135 0.1751322 -0.06777443 2.368737 0.06406302 -0.4734759 2.261839 0.03351916 -0.6055258 2.290446 0.03163547 -0.8860986 2.330264 0.160734 -0.8257967 2.546482 0.06924648 -0.9512419 2.378144 0.1138026 -0.8982302 2.490253
0.2037641 0.6016843 2.161938 0.1439147 0.437425 2.185284 0.09067903 0.2931421 2.102412 0.2782847 0.3238751 2.429702 0.140686 0.1273484 1.974419 0.3428902 0.1454452 2.389664 0.2922234 0.0507323 2.06594 0.4502354 0.08668448 2.230721 0.3390304 0.02572298 2.117484 0.4860172 0.06709756 2.182148 0.1421313 0.1224912 2.233385 0.1413316 0.05779285 2.245631 0.1039822 -0.04476027 2.153903 0.1763839 -0.0688755 2.36448 0.06399073 -0.4746582 2.262959 0.04014226 -0.6068727 2.295094 0.03055986 -0.8892117 2.332241 0.1515957 -0.8823316 2.541981 0.06863263 -0.9511994 2.379555 0.2212247 -0.9272841 2.508005
0.204716 0.6020935 2.162506 0.1442103 0.437516 2.185382 0.08843693 0.2968183 2.100031 0.2767694 0.322018 2.42121 0.1337553 0.1370542 1.964095 0.3385716 0.1428399 2.37841 0.2740972 0.05194393 2.061391 0.4101829 0.05046597 2.215028 0.3231425 0.02220048 2.100015 0.4340533 0.01967466 2.164976 0.140956 0.1080807 2.234926 0.1395324 0.03886122 2.247979 0.1011647 -0.05056946 2.1629 0.1755191 -0.07646114 2.357805 0.06388514 -0.4751407 2.263201 0.03711174 -0.6105742 2.295232 0.01983185 -0.897571 2.313514 0.1532574 -0.8848089 2.544393 0.06702188 -0.9527343 2.386603 0.21279 -0.9101045 2.624567
0.2065985 0.6028208 2.163918 0.1453362 0.4373886 2.186496 0.08593205 0.2991483 2.097962 0.273191 0.3198403 2.410868 0.127946 0.1443059 1.955283 0.3277107 0.1400609 2.354683 0.2808803 0.0475777 2.047721 0.46738 0.1621421 2.214133 0.3236 0.0240163 2.096727 0.5139364 0.1695025 2.171691 0.1413037 0.1062062 2.234391 0.1398253 0.03743408 2.24718 0.1009127 -0.05098028 2.163253 0.1768682 -0.07525961 2.350644 0.06441194 -0.4775727 2.264937 0.04011781 -0.5668734 2.278598 0.01766187 -0.9001529 2.312813 0.1499652 -0.8740782 2.53507 0.06669614 -0.9531821 2.386273 0.2070595 -0.9047605 2.615143
0.2071725 0.6029969 2.164299 0.1458606 0.4373427 2.186648 0.08204925 0.3018138 2.097785 0.2738733 0.3185786 2.410066 0.1226361 0.156063 1.948637 0.3271436 0.1392327 2.349428 0.2784798 0.04728582 2.043654 0.4663485 0.1373032 2.206496 0.32384 0.02590308 2.091263 0.5127501 0.13666 2.163261 0.1418961 0.1028556 2.233522 0.1404577 0.03406104 2.246049 0.1001515 -0.05214759 2.164819 0.179314 -0.07568205 2.344391 0.06435277 -0.4775384 2.264868 0.04011915 -0.5669048 2.27865 0.01733335 -0.9000949 2.312742 0.1499678 -0.8744758 2.534732 0.06705646 -0.9527656 2.386003 0.20721 -0.905123 2.614719
0.2073764 0.6028154 2.164388 0.146257 0.4371594 2.186882 0.08003607 0.3031567 2.097052 0.2804188 0.305655 2.406551 0.1185615 0.1654058 1.945317 0.3289726 0.1263357 2.339472 0.2765993 0.04723908 2.040865 0.4618118 0.1694933 2.197037 0.3229068 0.02703202 2.088074 0.5060916 0.1838791 2.153968 0.14198 0.09982479 2.232941 0.1405226 0.03089897 2.245234 0.09863652 -0.05335609 2.166351 0.1806813 -0.07714866 2.340791 0.06365429 -0.4770586 2.264658 0.02507547 -0.6138656 2.293158 0.02230515 -0.8965062 2.319268 0.1541943 -0.8862379 2.545364 0.06845947 -0.9540796 2.39117 0.2148603 -0.9106809 2.624969
0.2074044 0.6030599 2.16461 0.1463153 0.4371688 2.18695 0.07820518 0.3045508 2.096574 0.278526 0.3077366 2.403409 0.1168918 0.1672756 1.943701 0.3275881 0.1292299 2.333512 0.2765456 0.04713758 2.040832 0.3664261 0.06372451 2.145922 0.324329 0.02783181 2.086936 0.3793721 0.04188938 2.087801 0.1413645 0.09761424 2.231728 0.1397943 0.02834321 2.243595 0.09745181 -0.05371702 2.166598 0.1804095 -0.07742945 2.335771 0.0638344 -0.477616 2.264925 0.02229705 -0.6128106 2.289159 0.0228083 -0.8957573 2.323833 0.1565642 -0.8898098 2.549756 0.06816968 -0.954156 2.389122 0.2185619 -0.9139413 2.628427
0.207347 0.6028892 2.164479 0.1463741 0.4369793 2.186732 0.07696272 0.3053986 2.09652 0.2790597 0.3104978 2.403197 0.1147809 0.1688066 1.942541 0.325398 0.1320765 2.330127 0.2766063 0.04705229 2.040826 0.3691349 0.05827289 2.147076 0.3256736 0.02877161 2.085989 0.3837139 0.03367168 2.090468 0.1423477 0.09634814 2.231505 0.1411384 0.02707485 2.24348 0.09818624 -0.05426132 2.16815 0.1834206 -0.07700606 2.334455 0.06328456 -0.4768322 2.263747 0.02641508 -0.6135603 2.290842 0.02419868 -0.8944125 2.324358 0.1700802 -0.8942612 2.55949 0.07109986 -0.9539471 2.390553 0.2370133 -0.9396598 2.520952
0.2070222 0.6027643 2.164419 0.1462851 0.4367093 2.18646 0.07606795 0.3057744 2.096579 0.2782678 0.313319 2.401717 0.1094855 0.1713375 1.940197 0.3236406 0.1348265 2.327998 0.2765759 0.04706714 2.040334 0.3709026 0.05472443 2.148793 0.326795 0.02995212 2.084682 0.3866566 0.02802374 2.093467 0.1427426 0.09601609 2.231262 0.1417171 0.02684813 2.243261 0.09852925 -0.05442968 2.168329 0.1846015 -0.0765846 2.334189 0.06320851 -0.477374 2.263823 0.03004295 -0.6139922 2.293202 0.02478166 -0.8941239 2.325755 0.1616919 -0.8873613 2.552619 0.0711532 -0.9541414 2.390439 0.1221047 -0.9393218 2.489712
0.206913 0.6024252 2.164293 0.1463443 0.4361579 2.186594 0.07355642 0.3065265 2.095737 0.2771038 0.3159773 2.400317 0.1089913 0.1715962 1.940406 0.3231405 0.1369917 2.329165 0.2768017 0.04695598 2.040155 0.3702393 0.05433951 2.151172 0.3274497 0.03064936 2.08432 0.385939 0.02678877 2.09625 0.14291 0.09578321 2.231073 0.1419303 0.02674193 2.243035 0.09852371 -0.05440962 2.168372 0.1853599 -0.07600154 2.333267 0.06374525 -0.4756955 2.262449 0.0309075 -0.6135023 2.293491 0.02657446 -0.8899145 2.325581 0.1612382 -0.8865712 2.551186 0.07056317 -0.9535559 2.389454 0.2279573 -0.931954 2.51226
0.2060385 0.6022433 2.163833 0.1460179 0.4353175 2.18629 0.07169174 0.3063636 2.093405 0.2768879 0.3159069 2.400035 0.107771 0.168872 1.940377 0.3233808 0.1370793 2.328742 0.2768912 0.04704913 2.039663 0.3711587 0.05312254 2.151611 0.3289618 0.032097 2.082638 0.3870846 0.02513697 2.096977 0.1432855 0.09557211 2.230786 0.1425429 0.02670597 2.242707 0.09912501 -0.0547569 2.168358 0.1863595 -0.07556956 2.333023 0.06337018 -0.4752581 2.26188 0.0233155 -0.6102365 2.287908 0.005350886 -0.8534611 2.281286 0.1602916 -0.886227 2.549567 0.04752553 -0.9169193 2.35064 0.2270161 -0.9315614 2.510586
0.2049322 0.6017775 2.163201 0.1453695 0.4343354 2.186203 0.07021324 0.3051093 2.090221 0.276633 0.3159774 2.399043 0.1076443 0.1656175 1.94004 0.3253883 0.1369909 2.330878 0.2770852 0.04702251 2.039756 0.3742864 0.02827369 2.169382 0.3297883 0.03288124 2.082231 0.3905858 -0.007965393 2.119959 0.1431386 0.0942194 2.230013 0.1425504 0.02551399 2.241868 0.09900757 -0.05514217 2.168453 0.1866364 -0.07537106 2.330828 0.06351398 -0.4750929 2.261077 0.04000156 -0.6128101 2.282104 0.01751492 -0.8440226 2.303698 0.1609206 -0.8848529 2.548562 0.05425015 -0.919265 2.363742 0.2277201 -0.9301094 2.509613
0.2018812 0.6015564 2.162004 0.1435672 0.4342939 2.185921 0.06936018 0.3050549 2.087755 0.2738046 0.3167879 2.396727 0.1075907 0.1636527 1.94003 0.327176 0.1381699 2.332821 0.2802143 0.04730673 2.041189 0.3729925 0.02920376 2.17053 0.3335414 0.03415799 2.083202 0.3882647 -0.0071183 2.120843 0.1423916 0.09457097 2.229178 0.1419395 0.02607033 2.240891 0.0986944 -0.05541386 2.166755 0.186066 -0.07522519 2.330711 0.06301308 -0.4743794 2.260063 0.03491801 -0.6105627 2.284573 0.02758845 -0.8892505 2.327853 0.1604909 -0.88347 2.54867 0.07208154 -0.9504438 2.397798 0.2275571 -0.9285892 2.510016
0.1984228 0.6007493 2.160525 0.1407318 0.4336838 2.184929 0.06893247 0.3033429 2.084067 0.2735457 0.3170547 2.396701 0.1125937 0.1477828 1.943204 0.3306113 0.1389645 2.335831 0.2849798 0.04738116 2.045449 0.3726158 0.03013153 2.17233 0.3374513 0.03528273 2.088834 0.3866172 -0.006146118 2.122239 0.1418614 0.0954235 2.22826 0.1416877 0.02742264 2.239827 0.09893328 -0.05555136 2.165366 0.1859622 -0.07458238 2.330769 0.06338207 -0.4747799 2.25951 0.03491641 -0.6087484 2.285881 0.01761021 -0.8967944 2.311378 0.1610054 -0.8790014 2.547265 0.06697109 -0.9531471 2.374617 0.2283854 -0.9239225 2.508931
0.1955331 0.6006658 2.15794 0.1380766 0.43377 2.182864 0.06937116 0.3007303 2.080177 0.2713749 0.319522 2.396884 0.1170229 0.1386316 1.947434 0.3626879 0.1482643 2.307596 0.287375 0.0480171 2.047119 0.4233687 -0.02934936 2.325375 0.3393089 0.04186396 2.092362 0.4435956 -0.08855391 2.335711 0.136673 0.09544723 2.225521 0.1361814 0.02755058 2.237143 0.09433405 -0.05684043 2.161395 0.1753045 -0.07910103 2.330758 0.06356603 -0.474388 2.258158 0.01058832 -0.61334 2.287038 0.01403363 -0.8968642 2.305086 0.1602338 -0.8833047 2.546666 0.0656408 -0.9523215 2.37493 0.2182399 -0.9073912 2.628349
0.1915397 0.6001539 2.153836 0.1329656 0.4346685 2.177416 0.069612 0.2983241 2.077865 0.2693972 0.3216639 2.398128 0.1233811 0.1262759 1.95859 0.3524223 0.1505088 2.373305 0.288597 0.05021168 2.047256 0.4004599 0.08910695 2.186552 0.3545894 0.04886093 2.113561 0.4164725 0.06863967 2.128711 0.1350011 0.1028308 2.221824 0.1352487 0.03730661 2.233553 0.09550785 -0.05549741 2.155776 0.1754306 -0.07480344 2.333735 0.06475311 -0.4736588 2.257113 0.03755457 -0.6075314 2.282299 0.0148737 -0.8959268 2.305031 0.1601754 -0.8834026 2.546482 0.06630836 -0.9517616 2.374704 0.1073624 -0.9398928 2.478386
0.1862974 0.5999805 2.148312 0.1288131 0.4349842 2.170876 0.0701116 0.2957098 2.076088 0.2684436 0.322655 2.399405 0.1307777 0.1173816 1.96651 0.3529001 0.152253 2.377583 0.2927796 0.05615539 2.031982 0.4047379 0.08953347 2.192407 0.3593278 0.04190936 2.096188 0.4220172 0.06862696 2.135091 0.1340649 0.1103619 2.218308 0.1350372 0.04663317 2.230631 0.09734144 -0.0542964 2.149701 0.1758307 -0.07103575 2.338667 0.06518225 -0.4711723 2.253199 0.03969287 -0.6054026 2.280477 0.01490054 -0.8931395 2.302577 0.1612702 -0.8834116 2.547876 0.06712687 -0.9478019 2.372591 0.2300156 -0.9279934 2.511615
0.1845433 0.5991569 2.145151 0.1261082 0.4347447 2.165033 0.07173473 0.2915866 2.075147 0.2669219 0.3256368 2.404096 0.1660992 0.08987295 1.994323 0.3593554 0.1614056 2.404009 0.339624 0.05349978 2.050028 0.4162615 0.1092709 2.216915 0.4055051 0.03910942 2.114892 0.4352302 0.09189272 2.15896 0.1314752 0.1166776 2.214337 0.1324435 0.05412488 2.227162 0.0963511 -0.05245652 2.143333 0.1735469 -0.06883827 2.341331 0.06491384 -0.4710465 2.252541 0.03388393 -0.5847752 2.260932 0.01516134 -0.8930153 2.302292 0.1513901 -0.8741922 2.532785 0.06539001 -0.9479766 2.373521 0.220722 -0.9187446 2.497623
0.1824731 0.5995739 2.14325 0.12287 0.4351446 2.161086 0.07402787 0.2876693 2.075227 0.2657508 0.3278083 2.409004 0.1690143 0.08826219 1.997335 0.3635495 0.1678816 2.415334 0.3275031 0.05885327 2.085105 0.4341484 0.1204385 2.231962 0.356435 0.0503257 2.123322 0.4576814 0.1046242 2.175247 0.1278104 0.1286698 2.208873 0.1288427 0.06915057 2.221542 0.09560974 -0.04851681 2.132394 0.1704532 -0.06451251 2.345165 0.06526604 -0.4694687 2.250314 0.04706878 -0.5860307 2.26537 0.01483649 -0.8923198 2.294522 0.1536332 -0.8798549 2.537031 0.06232949 -0.9445924 2.36955 0.1290007 -0.9476944 2.512712
0.1807264 0.5991192 2.140149 0.1216535 0.4349816 2.158731 0.07504159 0.2860596 2.076642 0.2610673 0.3380946 2.415661 0.1853374 0.08681956 2.012013 0.3690529 0.1879016 2.434013 0.381222 0.06780125 2.164613 0.4367756 0.119895 2.256554 0.4514535 0.05703782 2.243028 0.4593499 0.0972262 2.201811 0.1268427 0.1348272 2.207675 0.1279739 0.07653502 2.22082 0.09586443 -0.04658735 2.129698 0.1676193 -0.05962002 2.351649 0.06436225 -0.4680842 2.248665 0.03647685 -0.6002275 2.275026 0.01320935 -0.874058 2.285014 0.1563812 -0.8861582 2.544389 0.05169291 -0.9322432 2.36085 0.0965296 -0.9311591 2.473605
0.1794861 0.5985102 2.137985 0.1208773 0.4346794 2.156642 0.07578188 0.2854629 2.079159 0.2579526 0.3435252 2.419552 0.1924866 0.08908083 2.020291 0.3742806 0.2004605 2.4403 0.3885908 0.06839272 2.172424 0.4529535 0.1245683 2.271403 0.45122 0.05827357 2.244367 0.4791778 0.09927085 2.219513 0.1283529 0.1415631 2.207237 0.1302905 0.08505943 2.221002 0.09942798 -0.04311553 2.127857 0.1698286 -0.05374418 2.358077 0.0640476 -0.4667619 2.247577 0.01833858 -0.588609 2.278177 0.01367656 -0.8670179 2.280636 0.159365 -0.8725893 2.545032 0.05088348 -0.9269934 2.355713 0.09945589 -0.9241232 2.478903
0.1786011 0.5985166 2.135837 0.1202107 0.4347597 2.154813 0.07668541 0.2852031 2.081865 0.251018 0.3602635 2.430303 0.2069964 0.09578966 2.034445 0.3744233 0.2230873 2.450539 0.4006789 0.07035741 2.188518 0.4546854 0.1320187 2.290869 0.4521472 0.06141569 2.25105 0.4814395 0.1016625 2.242054 0.1277171 0.1515884 2.205532 0.129571 0.09713066 2.219475 0.100486 -0.03865183 2.124049 0.1681044 -0.04853652 2.362506 0.06375585 -0.4668943 2.246927 0.03020684 -0.5866306 2.279169 0.01108268 -0.8811087 2.282551 0.1561442 -0.886912 2.544444 0.05418893 -0.9304766 2.362075 0.1002588 -0.9491278 2.484232
0.1778979 0.5976998 2.133396 0.1198029 0.4346263 2.153236 0.07795385 0.2845026 2.084529 0.2503197 0.3618334 2.43521 0.2147493 0.1015143 2.042471 0.3820866 0.2314803 2.451968 0.4014148 0.07856223 2.195731 0.4612417 0.1384844 2.292911 0.4528831 0.0696205 2.258263 0.4876268 0.1074857 2.244301 0.1281347 0.1590928 2.204921 0.1301603 0.1061095 2.219174 0.1021212 -0.03446393 2.121802 0.1682204 -0.04130775 2.368252 0.06395807 -0.4664791 2.246095 0.03237802 -0.5791542 2.279217 0.01311833 -0.8735015 2.280254 0.1561552 -0.8869265 2.54445 0.05929815 -0.9265272 2.355592 0.2286312 -0.9307004 2.515101
0.1776171 0.5977134 2.132488 0.1193418 0.4348782 2.151685 0.07879253 0.2838293 2.087252 0.2539321 0.3673255 2.443815 0.2191769 0.1050282 2.047958 0.3849383 0.2351123 2.45704 0.4021706 0.08135114 2.199346 0.4601255 0.1420515 2.295942 0.4536389 0.07240941 2.261877 0.4851879 0.1110312 2.246652 0.1309828 0.1659019 2.20584 0.1339802 0.1140714 2.220824 0.1078264 -0.02882395 2.123548 0.1760455 -0.03156877 2.375351 0.06558912 -0.4620567 2.244118 0.04996291 -0.5717807 2.286261 0.02298757 -0.8672937 2.295277 0.1565118 -0.888698 2.546569 0.0677269 -0.9296566 2.36405 0.229085 -0.9322762 2.517163
0.1774868 0.5977128 2.131506 0.1192264 0.4351723 2.150623 0.07972123 0.2834561 2.089905 0.2537155 0.3682362 2.445954 0.2248306 0.1109233 2.054692 0.3968238 0.2530561 2.469296 0.402608 0.08537447 2.203866 0.4534453 0.1492161 2.307108 0.4540762 0.07643275 2.266397 0.4723191 0.1146028 2.257455 0.1320181 0.1677155 2.206233 0.1351119 0.1157544 2.221398 0.1102808 -0.02571174 2.124887 0.177367 -0.02914237 2.376109 0.06587472 -0.4625278 2.24439 0.0517107 -0.5694577 2.287035 0.02197904 -0.8813966 2.300327 0.1573898 -0.8888229 2.548048 0.06637375 -0.9408922 2.371812 0.2300503 -0.9323458 2.518772
