0.1875269 0.6244972 2.286733 0.1121557 0.4588567 2.300756 0.04129698 0.3486517 2.180069 0.2212723 0.3206407 2.438523 -0.04775684 0.2695962 1.948903 0.2959111 0.129257 2.435961 0.1676434 0.1391542 1.954768 0.288979 0.1538695 2.217392 0.2412625 0.1205096 1.992004 0.2888131 0.1174405 2.129143 0.1149174 0.1053161 2.31707 0.1155346 0.0344642 2.323525 0.07849027 -0.03503588 2.264757 0.1544757 -0.04987921 2.386466 0.01048441 -0.495022 2.303473 0.1422081 -0.4973381 2.536826 -0.04019825 -0.8972803 2.324483 0.117543 -0.8693998 2.601376 0.02953594 -0.9405606 2.334631 0.1601948 -0.935922 2.619074
0.1879538 0.6245298 2.286489 0.1125103 0.4588129 2.300611 0.04203288 0.3484823 2.179651 0.220485 0.3207557 2.438083 -0.04638349 0.2696689 1.952242 0.2911286 0.1297026 2.447405 0.1858824 0.1187215 1.978012 0.2942671 0.1353054 2.227356 0.2507902 0.1198632 2.005676 0.2941011 0.09887664 2.139107 0.1150066 0.103556 2.316592 0.1154652 0.03206036 2.322948 0.07867573 -0.03554549 2.264765 0.1535504 -0.05105906 2.385136 0.01136451 -0.4951714 2.304114 0.1428136 -0.4962522 2.537864 -0.04079107 -0.8982623 2.324974 0.1176285 -0.8695083 2.601453 0.02964861 -0.940698 2.334898 0.1774413 -0.9163514 2.6452
0.1884219 0.6247425 2.286267 0.1130937 0.4589293 2.300479 0.04293809 0.3481959 2.179533 0.2203738 0.3208348 2.43822 -0.03736835 0.2686789 1.968695 0.2821266 0.1270585 2.449271 0.1924595 0.1112511 1.980906 0.2941192 0.1264126 2.229479 0.2518218 0.09990071 2.017333 0.2939533 0.08998372 2.141229 0.1153159 0.1020126 2.316705 0.1156864 0.02995937 2.323176 0.07903518 -0.036342 2.265732 0.1533421 -0.05149157 2.384642 0.01207697 -0.4957204 2.30475 0.1445465 -0.4953012 2.539869 -0.04103715 -0.8990335 2.325598 0.1177714 -0.8696109 2.601514 0.02972666 -0.9407385 2.334973 0.1801475 -0.9161919 2.657538
0.1890734 0.6251045 2.285827 0.1136103 0.4591012 2.300089 0.04430033 0.3463331 2.178953 0.2203293 0.3217303 2.440356 -0.03306014 0.2653545 1.975132 0.2677109 0.124089 2.452103 0.1917909 0.1021419 1.994267 0.2917005 0.1157012 2.233536 0.2573665 0.08604693 2.032422 0.2915345 0.07927212 2.145286 0.1154701 0.1005572 2.317009 0.1157374 0.02798786 2.32375 0.07921138 -0.03689468 2.266752 0.1530157 -0.05258177 2.384626 0.01297897 -0.4961431 2.305862 0.1459454 -0.4949749 2.542627 -0.04121554 -0.8992751 2.325773 0.1182639 -0.8699458 2.601782 0.03057167 -0.9410807 2.33574 0.1821213 -0.9177012 2.674114
0.189844 0.6251356 2.285511 0.1142664 0.4592388 2.300324 0.04665615 0.3433877 2.179658 0.2219625 0.3189743 2.447035 -0.03026113 0.2581524 1.981462 0.2644278 0.1193383 2.453795 0.1910605 0.0914707 2.006572 0.293666 0.1035481 2.236357 0.2616366 0.0714304 2.049675 0.2935 0.06711849 2.148106 0.1154984 0.1004633 2.316766 0.1156885 0.02790196 2.323331 0.07718807 -0.03562276 2.262769 0.153322 -0.05275225 2.384746 0.0134929 -0.4967583 2.306038 0.1468187 -0.4943333 2.543948 -0.04143423 -0.8983812 2.326122 0.118418 -0.8691333 2.601485 0.02999207 -0.9406745 2.334564 0.160394 -0.9361957 2.584232
0.1907959 0.6249281 2.285208 0.1145337 0.4592483 2.300409 0.04790251 0.3420642 2.180784 0.2223557 0.3184383 2.450432 -0.03103825 0.2441624 1.99044 0.2629042 0.1199448 2.465418 0.1909813 0.08116968 2.019175 0.2967178 0.08202069 2.251641 0.2641314 0.06269717 2.063079 0.2965518 0.04559051 2.163388 0.1156324 0.1000556 2.316863 0.1157871 0.02748793 2.323425 0.07707169 -0.03555685 2.262835 0.1538646 -0.05287325 2.385075 0.01534543 -0.4979395 2.308905 0.1487275 -0.4953964 2.54925 -0.04196589 -0.8996432 2.32713 0.1184086 -0.8691282 2.601444 0.03007655 -0.9407421 2.334687 0.1825873 -0.9109627 2.679761
0.1916915 0.6241983 2.285061 0.1150331 0.4591475 2.300504 0.04847375 0.3402733 2.181427 0.2219167 0.3174633 2.452226 -0.02948408 0.2352097 1.995101 0.2608366 0.1214949 2.479105 0.1615785 0.07710852 2.021761 0.2905186 0.05904024 2.270902 0.2404666 0.05603968 2.071243 0.2903526 0.02261015 2.182649 0.1157729 0.09740869 2.31937 0.1156972 0.02415103 2.326799 0.07838682 -0.03964472 2.271751 0.1529373 -0.054603 2.386637 0.01569835 -0.4980154 2.308991 0.1491201 -0.496706 2.55373 -0.04226863 -0.9006173 2.328039 0.1190741 -0.8695412 2.602023 0.03008244 -0.940725 2.334662 0.1801705 -0.9110647 2.654728
0.1924309 0.6238716 2.284882 0.1156226 0.4593044 2.300671 0.04868925 0.3385118 2.182272 0.2217799 0.3172268 2.45342 -0.01587727 0.2109457 2.006704 0.2617213 0.1253062 2.492817 0.1561307 0.07304883 2.028977 0.3223864 0.07091267 2.289448 0.2286639 0.05004655 2.086644 0.3222204 0.03448274 2.201195 0.1155952 0.09668329 2.320579 0.1153059 0.0233021 2.328282 0.07819058 -0.04011379 2.273619 0.1517381 -0.05606365 2.388416 0.01623067 -0.4983062 2.309323 0.1491739 -0.4966221 2.554596 -0.04221875 -0.8994584 2.327949 0.1192996 -0.8701413 2.602517 0.03038462 -0.9415518 2.336154 0.1844791 -0.916384 2.675855
0.1932884 0.6239898 2.284392 0.1161551 0.4596137 2.300699 0.04890032 0.3369848 2.182702 0.2217155 0.3172564 2.454002 0.01253283 0.1818166 2.024788 0.261631 0.127232 2.498699 0.1672852 0.04908578 2.045621 0.324396 0.06698645 2.2978 0.2412632 0.02628817 2.101506 0.3379968 0.04259527 2.232992 0.1154712 0.09661528 2.32026 0.1150264 0.0232251 2.327703 0.07632934 -0.0388604 2.270422 0.1517401 -0.0561461 2.388352 0.01702322 -0.4987425 2.30995 0.1499249 -0.4975916 2.55729 -0.04167622 -0.8983139 2.326682 0.1192548 -0.8700449 2.602584 0.03027036 -0.9416469 2.336276 0.1662792 -0.9348078 2.614879
0.194843 0.6215208 2.284489 0.1181106 0.4583364 2.30167 0.0490388 0.3347856 2.184476 0.2208096 0.3164695 2.454127 0.01601798 0.1776782 2.027996 0.2626157 0.1350761 2.517779 0.1660095 0.04332575 2.061371 0.3283665 0.05341507 2.326245 0.2367019 0.02031015 2.121275 0.3368215 0.03665649 2.258218 0.116526 0.09399456 2.324187 0.1158945 0.02053234 2.332317 0.07895437 -0.04220075 2.279009 0.1514586 -0.05786731 2.391822 0.01742415 -0.4987418 2.310133 0.1506125 -0.498952 2.563204 -0.04182903 -0.8995076 2.327709 0.119227 -0.8694658 2.602388 0.03015094 -0.941621 2.336319 0.1736345 -0.9171169 2.638797
0.1961323 0.6205663 2.284643 0.1200763 0.4570825 2.30217 0.04883847 0.3325975 2.186672 0.2204777 0.3157694 2.45408 0.02583272 0.1674032 2.038304 0.2579024 0.1454623 2.538855 0.1716333 0.03079291 2.077953 0.3271964 0.02625737 2.37147 0.2437182 0.008597573 2.13649 0.3359434 0.008598801 2.303709 0.1177202 0.09133846 2.328003 0.1169411 0.0176838 2.336972 0.08040135 -0.0453176 2.285269 0.151867 -0.06019812 2.39644 0.01767033 -0.4987696 2.310125 0.1510636 -0.4996827 2.566971 -0.04200518 -0.8997107 2.327712 0.1192786 -0.8693385 2.602514 0.02595407 -0.9433694 2.340482 0.1817363 -0.9137779 2.68078
0.1971939 0.6203196 2.284679 0.1219407 0.456896 2.302948 0.04860812 0.3314697 2.189753 0.2204727 0.3157095 2.454158 0.03837252 0.1547681 2.056726 0.2592143 0.1440127 2.554487 0.1830725 0.01745066 2.097534 0.3270464 0.03760776 2.377388 0.2533387 -0.009717099 2.156185 0.3362995 0.01600408 2.310848 0.1176182 0.09089904 2.327914 0.1165983 0.01709935 2.336678 0.07965116 -0.04534042 2.284771 0.1514343 -0.06083398 2.395846 0.01924022 -0.4995357 2.312505 0.1514161 -0.5013564 2.572514 -0.04238406 -0.9002386 2.328575 0.1186158 -0.8697066 2.602116 0.02406744 -0.9445565 2.341866 0.1817857 -0.9133663 2.680249
0.1992404 0.6193687 2.28446 0.1235225 0.4564634 2.302608 0.04864828 0.3304317 2.191724 0.2205766 0.3154442 2.45386 0.06008302 0.139484 2.08465 0.2586132 0.1435057 2.55706 0.2080588 0.005856559 2.125823 0.3370733 0.03928039 2.383346 0.2780675 -0.02562764 2.182593 0.371656 0.005472563 2.301027 0.1185428 0.08753008 2.32958 0.1173414 0.01295815 2.338849 0.07930136 -0.04720047 2.286496 0.1527925 -0.06334547 2.397901 0.02060294 -0.5006597 2.315122 0.1515766 -0.501114 2.574165 -0.04249823 -0.9003161 2.328844 0.1184111 -0.8698311 2.602284 0.02415865 -0.9444452 2.341722 0.1791307 -0.9123901 2.656099
0.2014309 0.619098 2.284975 0.1250673 0.4566852 2.303278 0.04908628 0.3299295 2.194451 0.2207298 0.3154753 2.454001 0.06276025 0.1395259 2.088913 0.2604619 0.1461376 2.576688 0.2093867 0.008837625 2.139948 0.346514 0.04500096 2.404906 0.275013 -0.01841901 2.20371 0.3740092 0.009032883 2.320849 0.1197555 0.08800316 2.332272 0.1185073 0.01370405 2.34194 0.07966194 -0.04728164 2.287342 0.155236 -0.06426603 2.407097 0.02085464 -0.5007186 2.315494 0.1526011 -0.5004121 2.578353 -0.04257987 -0.900337 2.328983 0.1185823 -0.868957 2.602194 0.0239744 -0.9454005 2.338769 0.1615764 -0.937568 2.602171
0.2040313 0.6167327 2.286009 0.1278438 0.4560892 2.304838 0.04958817 0.3288154 2.197416 0.2218147 0.3149785 2.454898 0.08294633 0.1346621 2.108574 0.2613814 0.144168 2.587775 0.2242489 -0.0008161515 2.161574 0.3472107 0.04986501 2.411718 0.2713498 -0.04597556 2.183698 0.3485352 0.04735626 2.389257 0.1215606 0.08361726 2.33611 0.1200666 0.008499775 2.346151 0.08037804 -0.04964564 2.300425 0.156152 -0.06427042 2.406234 0.02201749 -0.5019199 2.318123 0.1524803 -0.5004623 2.578508 -0.04257132 -0.9003317 2.328974 0.1184085 -0.8691181 2.602347 0.02392769 -0.9454658 2.338805 0.1857784 -0.9130752 2.664187
0.2060092 0.6158732 2.286739 0.1296629 0.4561594 2.306252 0.05072691 0.3280719 2.20035 0.2227447 0.314927 2.455959 0.098317 0.1296324 2.121352 0.2623924 0.1465293 2.60043 0.236594 -0.008528724 2.175183 0.3527448 0.05567101 2.424864 0.2826864 -0.05458242 2.197584 0.3579159 0.05018881 2.396102 0.1227859 0.08036581 2.339339 0.1211628 0.004497006 2.349704 0.08081164 -0.05031447 2.304775 0.1569653 -0.06494828 2.406298 0.02309006 -0.5027629 2.32122 0.1526086 -0.5010285 2.582996 -0.04176361 -0.8990372 2.328307 0.1178628 -0.8684952 2.602078 0.02447355 -0.9449623 2.335987 0.1684475 -0.9314374 2.607988
0.2074669 0.6167051 2.28749 0.130879 0.4567747 2.307678 0.05309492 0.3268392 2.20276 0.2234551 0.315378 2.457225 0.1196971 0.09540731 2.149944 0.2651334 0.1488401 2.613628 0.2917684 -0.01305782 2.173344 0.3827535 0.05807282 2.456546 0.3491255 -0.04921287 2.185602 0.4032008 0.02075426 2.371077 0.1241311 0.07610722 2.342446 0.1226088 -0.00118874 2.35317 0.08406387 -0.04777545 2.336689 0.1608356 -0.05887379 2.390133 0.02577476 -0.5039909 2.326697 0.1532249 -0.5009319 2.585315 -0.04176997 -0.8991359 2.328673 0.117548 -0.8683485 2.602066 0.02418051 -0.9456621 2.335069 0.1656595 -0.933463 2.601382
0.2096706 0.6176735 2.288407 0.132821 0.4575009 2.308858 0.05604785 0.3252968 2.205854 0.2248853 0.3159576 2.458323 0.1242011 0.09549452 2.155593 0.2669081 0.1496475 2.616826 0.3027406 0.02478399 2.309527 0.3829027 0.0601273 2.457655 0.348097 -0.0147481 2.356649 0.435536 0.04996242 2.411762 0.1254721 0.07565323 2.344788 0.1238564 -0.001622052 2.355637 0.08466944 -0.04684314 2.337318 0.161736 -0.05753393 2.390781 0.02717792 -0.5047411 2.330502 0.1533295 -0.5006311 2.585612 -0.0417831 -0.8992809 2.329003 0.1174187 -0.8683752 2.602162 0.02436889 -0.9455751 2.334962 0.1749196 -0.9115855 2.641376
0.2110265 0.6178081 2.288847 0.1340698 0.457998 2.309087 0.05857466 0.3238372 2.20868 0.2258406 0.3163685 2.458573 0.1335826 0.1014686 2.159256 0.2680453 0.1598102 2.636473 0.3020436 0.02677086 2.310389 0.3806688 0.07549678 2.471663 0.3365886 0.03852208 2.370791 0.4225715 0.0567489 2.418068 0.1279777 0.07479054 2.350162 0.126722 -0.002673995 2.362669 0.08688995 -0.0455102 2.343559 0.1644095 -0.05479763 2.394384 0.02782362 -0.5049326 2.332886 0.1526771 -0.5013716 2.586882 -0.04189265 -0.8993517 2.3292 0.1172627 -0.8686392 2.602347 0.0238115 -0.9460545 2.336696 0.1653467 -0.9335349 2.607902
0.2135164 0.6172934 2.290423 0.1363703 0.4585791 2.310988 0.06149082 0.323007 2.21111 0.2278957 0.3169048 2.460489 0.1507124 0.1043694 2.169113 0.2680309 0.1656354 2.643872 0.3035489 0.03605552 2.323454 0.3884131 0.08723209 2.481881 0.3423374 0.04039913 2.382245 0.4314896 0.07494868 2.427353 0.1302816 0.06812982 2.355739 0.1289011 -0.01126509 2.368807 0.08844803 -0.05378719 2.355214 0.1655163 -0.05560845 2.394306 0.02836409 -0.5053129 2.336034 0.1526798 -0.506847 2.595093 -0.04206408 -0.8993943 2.329802 0.1171741 -0.8686935 2.602364 0.02373866 -0.9460641 2.336578 0.1600868 -0.9367117 2.59309
0.2158922 0.6177 2.292121 0.1386403 0.459227 2.3129 0.06435666 0.322596 2.214056 0.2300113 0.3175259 2.462442 0.1573094 0.1115755 2.176394 0.2686583 0.1680884 2.647239 0.2978255 0.05530407 2.303787 0.3939533 0.1009097 2.483818 0.3378417 0.05625123 2.361903 0.3645093 0.1246525 2.519213 0.1311112 0.0686259 2.357418 0.1295322 -0.01055444 2.370271 0.0886199 -0.05375599 2.355312 0.1670088 -0.05363605 2.397192 0.02874026 -0.5052796 2.337906 0.1518289 -0.5107861 2.601193 -0.04211202 -0.8994669 2.330134 0.1172333 -0.8686955 2.602292 0.02349673 -0.9464464 2.336616 0.1587591 -0.9371969 2.590597
0.2178231 0.6179991 2.29277 0.1396972 0.4601538 2.313751 0.06777427 0.3217798 2.217438 0.2309955 0.3184344 2.463327 0.1723524 0.1196 2.18914 0.2687567 0.1701994 2.648875 0.3073693 0.04979285 2.315851 0.4022931 0.1187991 2.486331 0.3473854 0.05073999 2.373967 0.3667286 0.146962 2.532423 0.1323256 0.06513563 2.361176 0.1307613 -0.01521035 2.374713 0.09097638 -0.05617167 2.371758 0.1680495 -0.05525791 2.395275 0.02900402 -0.5056711 2.340099 0.1522083 -0.509775 2.602588 -0.04215248 -0.8998532 2.33064 0.1171765 -0.8688812 2.602365 0.0236736 -0.9465885 2.336644 0.1750102 -0.9122275 2.648233
0.2200506 0.6180746 2.295338 0.1417507 0.4612133 2.316955 0.07098377 0.3204802 2.220237 0.2329791 0.3194894 2.466598 0.1820269 0.1187865 2.19919 0.2696062 0.1721614 2.652739 0.314252 0.07119343 2.337402 0.4013195 0.1267322 2.486677 0.354268 0.07214058 2.395518 0.3664984 0.1501563 2.534125 0.1331491 0.06470489 2.363678 0.1313704 -0.01555588 2.376794 0.09081559 -0.05640684 2.373275 0.1694604 -0.05397172 2.395387 0.02893646 -0.5062184 2.34114 0.1517454 -0.5107925 2.604202 -0.04130704 -0.8988378 2.330316 0.1169284 -0.8685129 2.602119 0.02388102 -0.9464589 2.336284 0.1648779 -0.9336942 2.60438
0.2216466 0.6170626 2.29711 0.1431299 0.4619424 2.319231 0.07474706 0.3212114 2.224502 0.2343147 0.3202151 2.468911 0.1908858 0.1217608 2.208228 0.3206657 0.1776965 2.629983 0.3215078 0.06798526 2.34576 0.4492275 0.2412864 2.467767 0.3615236 0.0689324 2.403876 0.5063118 0.2646963 2.433518 0.1330935 0.0649766 2.363569 0.1311144 -0.01496605 2.376261 0.09017541 -0.05539819 2.373078 0.1694271 -0.04917856 2.388242 0.02901807 -0.506978 2.343504 0.1521426 -0.5117297 2.606885 -0.0406226 -0.898242 2.329922 0.1168333 -0.8684462 2.602084 0.02446907 -0.9459823 2.335954 0.1654542 -0.9327508 2.609389
0.223144 0.6175216 2.298126 0.1439305 0.4628027 2.320199 0.07862207 0.3216664 2.227745 0.2350872 0.3210707 2.469896 0.1933 0.1264381 2.213106 0.3211903 0.1779888 2.628304 0.3240341 0.07169648 2.350193 0.4509006 0.2493765 2.470691 0.3640498 0.07264361 2.408308 0.5066482 0.2818702 2.442126 0.1326625 0.06245953 2.364274 0.1302157 -0.01878284 2.376826 0.0903125 -0.05539135 2.373487 0.1658629 -0.05840944 2.386596 0.02910248 -0.5083647 2.346029 0.1521102 -0.5127561 2.607983 -0.04107348 -0.8991612 2.331091 0.1167257 -0.8686957 2.602082 0.0247588 -0.9460128 2.335934 0.1823316 -0.9134451 2.677495
0.2243866 0.6180054 2.298632 0.1449734 0.4639171 2.321157 0.08138018 0.322247 2.2303 0.2361037 0.3221795 2.470869 0.1944874 0.1386733 2.216142 0.3144914 0.2130563 2.633655 0.3255075 0.08619766 2.353784 0.4458616 0.1372097 2.479874 0.3655221 0.08714479 2.411898 0.4896517 0.1119275 2.433071 0.1313272 0.0569305 2.368125 0.127952 -0.02653267 2.381585 0.09042415 -0.05833902 2.372656 0.1584715 -0.07456847 2.405447 0.02910379 -0.5083893 2.346467 0.1514173 -0.5151136 2.608844 -0.04027141 -0.8982496 2.330419 0.1155606 -0.8680721 2.602177 0.02495977 -0.9458737 2.335788 0.1674332 -0.9295775 2.611025
0.2253966 0.6181641 2.299531 0.1455317 0.4645227 2.321777 0.08394009 0.3227607 2.232673 0.2366474 0.3227835 2.471498 0.2070521 0.1291284 2.231582 0.3125688 0.2677636 2.676394 0.3402002 0.08392753 2.369713 0.4000868 0.1519267 2.515889 0.3802142 0.08487465 2.427826 0.4292594 0.1133144 2.466845 0.1306331 0.05508736 2.369598 0.1270604 -0.02853975 2.383031 0.09037369 -0.05943292 2.372341 0.1577601 -0.07521435 2.406663 0.02932472 -0.5083322 2.347937 0.1516993 -0.5146622 2.611286 -0.04037677 -0.8988397 2.331112 0.1154433 -0.8687673 2.602438 0.02390888 -0.9472767 2.339669 0.1801239 -0.9120445 2.679487
0.2272184 0.6181692 2.300513 0.1464247 0.4651654 2.322261 0.085711 0.3235053 2.234646 0.2375236 0.3234225 2.47199 0.2185232 0.1267559 2.242973 0.3126927 0.2677908 2.676364 0.3524819 0.08430967 2.381187 0.4067293 0.1598645 2.51388 0.3924955 0.08525679 2.439299 0.4380749 0.1238891 2.464176 0.1307061 0.05535581 2.370001 0.1270967 -0.02807676 2.383438 0.09046756 -0.05978833 2.371615 0.1583779 -0.07187147 2.408828 0.02943612 -0.5079654 2.348324 0.1518247 -0.5135385 2.612349 -0.0400762 -0.8981254 2.330802 0.1147759 -0.8684444 2.602648 0.02420907 -0.9466265 2.338964 0.1631852 -0.933234 2.605873
0.2281958 0.6181833 2.301381 0.1471495 0.4660342 2.322691 0.08765849 0.3234602 2.236236 0.2382365 0.3242891 2.472429 0.2210117 0.1286753 2.246266 0.3189836 0.2683144 2.67114 0.3560539 0.08903217 2.384278 0.4390599 0.224771 2.495253 0.3960673 0.08997931 2.442389 0.4790854 0.2102565 2.441081 0.1306391 0.0539448 2.370946 0.126913 -0.02987396 2.384452 0.09075014 -0.06162698 2.371087 0.1580682 -0.07335735 2.41011 0.0295122 -0.5079508 2.34955 0.1517799 -0.5168814 2.61598 -0.04013173 -0.8984103 2.331192 0.1153834 -0.8691947 2.603045 0.02408533 -0.9468572 2.340161 0.1767255 -0.9135707 2.660448
0.2283901 0.6185097 2.302112 0.1473283 0.466992 2.323004 0.08914312 0.3232329 2.237702 0.2384078 0.3252481 2.47275 0.2402257 0.1304985 2.265601 0.3220463 0.2698504 2.665681 0.3767498 0.09383889 2.403034 0.3404467 0.1527266 2.482989 0.4167626 0.094786 2.461145 0.3465801 0.1136853 2.426549 0.1307393 0.05422431 2.371238 0.1270596 -0.02950686 2.384728 0.0910183 -0.06200288 2.370518 0.1587712 -0.0705551 2.411469 0.03038665 -0.5074388 2.351607 0.1493989 -0.525462 2.617156 -0.04017694 -0.8986845 2.331361 0.1159424 -0.870143 2.603593 0.02413571 -0.9468148 2.341289 0.1768646 -0.9145662 2.663775
0.229147 0.6190151 2.303192 0.1478327 0.4671932 2.323439 0.08988297 0.3233456 2.238826 0.2389063 0.3254492 2.473188 0.239934 0.1293765 2.265879 0.3252296 0.2711042 2.658656 0.3766347 0.09314112 2.403255 0.3330571 0.1448048 2.480138 0.4166474 0.09408821 2.461366 0.3356663 0.102705 2.425089 0.1320607 0.05768773 2.371691 0.1288553 -0.02407998 2.384957 0.09138022 -0.06138876 2.369802 0.1638571 -0.05675209 2.412009 0.03038844 -0.507346 2.351763 0.150258 -0.5230713 2.618932 -0.04042849 -0.8989685 2.331712 0.115846 -0.8700593 2.603642 0.02447151 -0.9465109 2.340574 0.1494547 -0.9384977 2.576486
0.229405 0.6193283 2.303705 0.1478305 0.4681663 2.324083 0.09036188 0.3236387 2.239948 0.2388979 0.3264251 2.473841 0.2451998 0.127516 2.272602 0.3253799 0.2718306 2.65631 0.3820951 0.09172127 2.409906 0.3326933 0.1448229 2.480022 0.4221079 0.09266835 2.468018 0.3351311 0.1024869 2.425718 0.1319826 0.05770523 2.372061 0.1287691 -0.02417813 2.385287 0.09140269 -0.06139613 2.369793 0.1633168 -0.05764915 2.412528 0.03058382 -0.5069567 2.352197 0.1514533 -0.5182704 2.618706 -0.04012882 -0.8985844 2.331615 0.1158865 -0.8700323 2.603702 0.02478651 -0.9462079 2.339907 0.1743097 -0.9178805 2.681118
0.2292031 0.6193488 2.303991 0.1476904 0.4684083 2.324404 0.09032691 0.3236493 2.240792 0.2387537 0.3266686 2.474166 0.2458198 0.1275447 2.273951 0.3265721 0.2738868 2.651759 0.3827592 0.0918598 2.411241 0.3413832 0.1617692 2.465367 0.4227723 0.0928069 2.469353 0.3463202 0.1243966 2.407694 0.1319582 0.0577385 2.37221 0.1287614 -0.02417878 2.38538 0.09150919 -0.06159671 2.369488 0.1631771 -0.05794271 2.412831 0.03051261 -0.5068343 2.352134 0.1512572 -0.5179163 2.618764 -0.04033537 -0.8988239 2.331965 0.1158923 -0.8700122 2.603682 0.02469957 -0.9462972 2.340158 0.161554 -0.9349707 2.619359
0.2292678 0.6194313 2.304261 0.1474335 0.4688433 2.324773 0.09030667 0.3237531 2.241097 0.2384923 0.327105 2.47454 0.2462963 0.1271551 2.274704 0.3265551 0.2747763 2.650936 0.3832699 0.09154397 2.41198 0.3410999 0.1615246 2.465261 0.4232831 0.09249106 2.470092 0.3459482 0.123774 2.407827 0.1323261 0.05845911 2.372685 0.1293007 -0.02341027 2.385838 0.09173628 -0.06154274 2.369746 0.1644891 -0.05566984 2.412502 0.03030367 -0.5064628 2.352033 0.1512453 -0.517935 2.618888 -0.04046695 -0.8989619 2.332072 0.1140684 -0.869085 2.603181 0.02484692 -0.9463986 2.33789 0.1607891 -0.9335096 2.617899
0.2292085 0.6194225 2.304198 0.1472598 0.4690716 2.32472 0.09036278 0.3237693 2.241215 0.2383164 0.3273334 2.474489 0.2467637 0.1262027 2.275476 0.3282133 0.2739009 2.64945 0.3837754 0.09068413 2.41274 0.3420233 0.1595967 2.464411 0.4237886 0.0916312 2.470851 0.3466266 0.1214953 2.407189 0.1279853 0.05585907 2.372859 0.123213 -0.02746993 2.386026 0.07298546 -0.07198203 2.354329 0.158917 -0.06918778 2.424781 0.03031544 -0.506409 2.352452 0.1509587 -0.5185548 2.618384 -0.04054935 -0.8990915 2.332175 0.115356 -0.8702244 2.604198 0.0247916 -0.9464995 2.337891 0.1695053 -0.9211171 2.636252
0.2291284 0.6194398 2.304166 0.147008 0.4693076 2.32486 0.09032651 0.3238356 2.241235 0.2380615 0.3275699 2.47463 0.2381763 0.1276743 2.269694 0.31883 0.2804237 2.658333 0.3752692 0.09231165 2.40692 0.3456357 0.1509099 2.486111 0.4152822 0.09325872 2.465031 0.3545709 0.1077387 2.433162 0.1265525 0.05298561 2.373883 0.1217073 -0.03133356 2.387243 0.07343076 -0.07495065 2.352415 0.1575131 -0.08431018 2.435683 0.03028431 -0.5063856 2.352543 0.1495529 -0.5229181 2.618258 -0.04122376 -0.899757 2.332817 0.114853 -0.8701909 2.604187 0.02454043 -0.9467288 2.337053 0.1644568 -0.9300478 2.626677
0.2291303 0.6197131 2.304085 0.1466645 0.4698475 2.324871 0.0902289 0.3241285 2.241202 0.2377153 0.3281097 2.474643 0.2339577 0.1298997 2.266067 0.3164828 0.2796137 2.660987 0.3710764 0.09460361 2.403285 0.343097 0.1539167 2.485697 0.4110888 0.09555066 2.461396 0.3519684 0.1120177 2.431725 0.1253261 0.05307328 2.373423 0.1203794 -0.03120462 2.386605 0.07180455 -0.07466903 2.350185 0.1572707 -0.08282811 2.435028 0.03014689 -0.5064965 2.3527 0.1511357 -0.516306 2.617882 -0.04133373 -0.8999972 2.333036 0.1152224 -0.8699669 2.604102 0.02461049 -0.9467169 2.337208 0.1609673 -0.9364736 2.60985
0.22876 0.6198725 2.304007 0.1463495 0.4699606 2.324819 0.08994235 0.3242065 2.240999 0.237398 0.3282226 2.474592 0.2434179 0.1248078 2.273978 0.3148169 0.2784905 2.662426 0.1676751 0.2950003 2.171035 0.3410703 0.1575055 2.483527 0.1424275 0.3517312 2.141178 0.3498214 0.1171772 2.428352 0.1246648 0.05088126 2.375942 0.1199014 -0.03402817 2.390049 0.0718971 -0.07349568 2.373303 0.1590106 -0.08074062 2.429991 0.02990706 -0.5065065 2.353271 0.1487875 -0.5251392 2.616834 -0.04143648 -0.9002026 2.333155 0.1144487 -0.8699619 2.603821 0.02462493 -0.9467663 2.337163 0.1610013 -0.9358626 2.61001
0.2283596 0.6198001 2.30385 0.1460719 0.46994 2.324857 0.08910873 0.3244642 2.240367 0.2371181 0.3282015 2.474632 0.2263041 0.1260996 2.257061 0.3092661 0.2641512 2.659849 0.1715413 0.311098 2.169514 0.3442495 0.1550823 2.474415 0.153287 0.3727641 2.144789 0.3559107 0.118726 2.417061 0.1224698 0.05091538 2.37698 0.1173268 -0.03370965 2.391227 0.04694293 -0.06518216 2.32276 0.1649204 -0.09563081 2.477901 0.02974076 -0.5065373 2.353594 0.1481115 -0.5276681 2.617164 -0.04147688 -0.9003005 2.333324 0.1149656 -0.8696783 2.604133 0.02453041 -0.9469692 2.336975 0.1800467 -0.9150619 2.679117
0.2269105 0.6186273 2.303731 0.1452978 0.4696883 2.324555 0.0875613 0.3244829 2.239077 0.2363413 0.3279488 2.474332 0.2260945 0.1254625 2.252467 0.325467 0.2190569 2.643986 0.1740882 0.3104798 2.163008 0.3335536 0.1597584 2.432766 0.1567527 0.3721522 2.137647 0.3362491 0.1399923 2.366817 0.1247074 0.05173344 2.37593 0.1214717 -0.0320026 2.389486 0.08956843 -0.0498168 2.375484 0.1705284 -0.07377513 2.402466 0.02966402 -0.5063168 2.353684 0.1484886 -0.5262603 2.617589 -0.04106591 -0.8994827 2.332887 0.1146883 -0.8696637 2.603837 0.02484887 -0.9462558 2.336819 0.1623189 -0.9334918 2.633027
0.2258816 0.6188543 2.303508 0.1442003 0.4695742 2.324134 0.08596251 0.3250503 2.2379 0.2352415 0.327834 2.473912 0.2168028 0.1283492 2.242296 0.3226134 0.2133212 2.649157 0.1719464 0.3176318 2.159029 0.3246898 0.1463204 2.440254 0.1569943 0.380726 2.135731 0.3253819 0.1239869 2.375078 0.1265596 0.05297017 2.374353 0.1243353 -0.03011069 2.387333 0.08963209 -0.04963206 2.374528 0.1706643 -0.07345096 2.402393 0.0296737 -0.5061675 2.353765 0.147842 -0.527528 2.616792 -0.04106998 -0.8994901 2.332799 0.1147217 -0.8696618 2.603852 0.02471716 -0.9463937 2.337236 0.161769 -0.9336259 2.619431
0.2233971 0.6191098 2.30306 0.1431288 0.4695363 2.323485 0.08436742 0.3251984 2.23649 0.2341685 0.3277955 2.473264 0.2132258 0.1307383 2.236152 0.3215317 0.2115537 2.650434 0.168243 0.3198839 2.152597 0.413501 0.1019387 2.487892 0.1532487 0.3829325 2.129203 0.4441574 0.06540043 2.438169 0.1274378 0.05312975 2.373394 0.1255051 -0.02993402 2.38627 0.08962123 -0.04966877 2.374495 0.1707951 -0.07362854 2.401474 0.02976947 -0.5061573 2.35379 0.149692 -0.5231398 2.615104 -0.04107124 -0.8995377 2.33275 0.1145726 -0.8700321 2.603763 0.02471593 -0.9464155 2.337439 0.1819695 -0.9135802 2.670571
0.2220932 0.619541 2.302664 0.1419861 0.4696784 2.322853 0.08189881 0.3255354 2.233965 0.2330247 0.3279371 2.472633 0.2062832 0.1303284 2.229333 0.320666 0.2106896 2.651113 0.1603052 0.3186595 2.144249 0.3745784 0.07773557 2.488939 0.1449792 0.3814366 2.120346 0.3417495 0.1565679 2.577132 0.1279989 0.05343169 2.372804 0.1262683 -0.02959552 2.385664 0.08961713 -0.04967417 2.37456 0.1708808 -0.07362475 2.400509 0.0297224 -0.5061685 2.353456 0.1493628 -0.525996 2.61451 -0.04119511 -0.8997772 2.332911 0.1143723 -0.8698863 2.603929 0.02475809 -0.9464248 2.337522 0.1554814 -0.9364586 2.583308
0.2215344 0.6198561 2.302189 0.1411642 0.4693 2.321848 0.0796438 0.3261789 2.231586 0.2322022 0.3275585 2.47163 0.1992427 0.1262463 2.222652 0.3201151 0.2095007 2.651201 0.3954339 0.06149791 2.202824 0.364851 0.07889833 2.483988 0.4350155 0.02943613 2.251646 0.3435194 0.152599 2.569743 0.1283009 0.05302945 2.37194 0.1266174 -0.03003977 2.384865 0.0895518 -0.05013518 2.372761 0.1700296 -0.07597637 2.400779 0.02970788 -0.5062437 2.35317 0.1498441 -0.5217707 2.61198 -0.0415137 -0.8999838 2.333056 0.114466 -0.8700182 2.60389 0.02456421 -0.9463952 2.33822 0.1833141 -0.9154499 2.670001
0.2211145 0.6199736 2.302213 0.1402792 0.4692267 2.321627 0.07708751 0.326638 2.229333 0.2313162 0.3274848 2.471409 0.1939504 0.1247586 2.215295 0.3192726 0.2087305 2.651834 0.3752989 0.04731268 2.263888 0.3528627 0.06943892 2.489483 0.4182669 0.009173583 2.304845 0.3396286 0.1414734 2.564368 0.1278452 0.04969312 2.370539 0.1261043 -0.03480066 2.383097 0.08929367 -0.0515186 2.371363 0.164468 -0.09185064 2.399863 0.02964826 -0.5060213 2.352564 0.1500475 -0.5239066 2.611251 -0.04180272 -0.9003347 2.333274 0.1143562 -0.869747 2.603816 0.0252078 -0.9455983 2.336047 0.1837137 -0.9146617 2.671833
0.2202788 0.6202663 2.302287 0.1396385 0.4689461 2.321339 0.07474329 0.3270313 2.227028 0.2306749 0.3272039 2.471122 0.1842967 0.1237705 2.201035 0.318692 0.207871 2.652184 0.3638917 0.06301357 2.269998 0.351524 0.06354387 2.494531 0.4087785 0.03033112 2.313533 0.3422741 0.1246162 2.554693 0.1269615 0.0458183 2.370103 0.1250123 -0.03966932 2.382816 0.08888508 -0.05919461 2.367445 0.1608183 -0.09742762 2.403738 0.02910384 -0.5063899 2.349519 0.1506591 -0.5186042 2.607118 -0.04079284 -0.8983966 2.331376 0.1142363 -0.8692205 2.603544 0.02529839 -0.9448914 2.335461 0.1648198 -0.9320358 2.610028
0.219499 0.620717 2.302368 0.1392775 0.468776 2.321143 0.07160115 0.3274822 2.224818 0.2303135 0.3270336 2.470927 0.1766463 0.1209229 2.187118 0.3183911 0.207322 2.652414 0.3388287 0.07453151 2.293201 0.3458059 0.0583389 2.498408 0.3928896 0.0590677 2.333019 0.3379413 0.04266904 2.454516 0.1277475 0.05040042 2.365782 0.1262467 -0.03239646 2.376778 0.08762833 -0.05625685 2.366786 0.1679795 -0.07877589 2.385157 0.02926879 -0.506079 2.348145 0.1518732 -0.5099436 2.602773 -0.04083968 -0.8984985 2.331361 0.1139774 -0.8689287 2.603224 0.02532028 -0.9448957 2.33544 0.1838364 -0.9104335 2.676573
0.218997 0.6209988 2.302499 0.1390128 0.4684266 2.321267 0.06908463 0.3278446 2.222913 0.2300484 0.3266839 2.471051 0.1631578 0.1317567 2.170703 0.3181301 0.2063118 2.653213 0.3093921 0.04713269 2.276406 0.3455165 0.05712853 2.499415 0.3581369 0.01892468 2.316098 0.3371898 0.04406161 2.457878 0.127232 0.04452908 2.367961 0.1253779 -0.04111395 2.380399 0.08794001 -0.06217399 2.366486 0.1596854 -0.1048609 2.407506 0.02907954 -0.5060449 2.346133 0.153349 -0.5055714 2.600323 -0.04116356 -0.8989044 2.331599 0.1140789 -0.8687715 2.603233 0.02530885 -0.944878 2.335332 0.1620387 -0.9337904 2.598933
0.2181476 0.6213648 2.303106 0.1381305 0.4684428 2.321995 0.06622052 0.3283274 2.221239 0.2291653 0.3266999 2.47178 0.1591171 0.1249343 2.162556 0.3172657 0.2059784 2.654652 0.3067481 0.04960782 2.272697 0.3386155 0.0608397 2.495663 0.3434488 -0.01289774 2.334804 0.3679811 0.02657821 2.441429 0.1264092 0.053218 2.367253 0.1244978 -0.02773699 2.378934 0.08722602 -0.04904506 2.354062 0.1592572 -0.09357409 2.411958 0.02912974 -0.5060222 2.345729 0.1535023 -0.5042041 2.598373 -0.04147533 -0.8993756 2.331831 0.1144372 -0.8681221 2.603299 0.02535616 -0.9448348 2.335435 0.1850384 -0.9105245 2.663711
0.2167734 0.6221353 2.305152 0.1375116 0.4681146 2.322833 0.06311885 0.3288951 2.219716 0.228546 0.3263716 2.472619 0.1422104 0.1396313 2.142786 0.3166999 0.2052758 2.656124 0.2812918 0.0402245 2.245597 0.333457 0.06422345 2.492591 0.3179666 -0.01822358 2.31155 0.3796156 0.03517435 2.447837 0.1237874 0.05350462 2.361388 0.1208492 -0.02803652 2.370161 0.07260134 -0.06037411 2.327427 0.159402 -0.09206157 2.408796 0.02932555 -0.5062405 2.345093 0.1536114 -0.5033477 2.596948 -0.04194009 -0.8999612 2.332098 0.1148858 -0.8683292 2.603083 0.02492763 -0.9450923 2.338237 0.1805152 -0.9103115 2.656459
0.2149184 0.6224359 2.307148 0.1361499 0.4678437 2.324615 0.05909449 0.3304734 2.218616 0.2271839 0.3261004 2.474402 0.1282099 0.1522352 2.113765 0.3154673 0.2047055 2.658443 0.2531897 0.04365638 2.224142 0.3315523 0.06926654 2.48976 0.2908317 -0.01325675 2.290885 0.3646491 0.0448922 2.43242 0.123552 0.05418311 2.362161 0.1207716 -0.02729725 2.371303 0.07529857 -0.05815156 2.330451 0.1586224 -0.09405501 2.41364 0.02901173 -0.505586 2.340541 0.1539316 -0.5021027 2.595013 -0.04114031 -0.8988383 2.330509 0.1148817 -0.8683811 2.603153 0.02495949 -0.9448479 2.338213 0.1620381 -0.933714 2.610454
0.2142183 0.6226493 2.308536 0.1353575 0.4676248 2.325917 0.05543148 0.3330574 2.218572 0.2263913 0.3258815 2.475704 0.1214836 0.1558328 2.108945 0.3147948 0.204302 2.660051 0.2506518 0.03314875 2.20039 0.3258255 0.05595141 2.446817 0.2903826 -0.02285083 2.266691 0.3295023 0.006501224 2.380197 0.1215924 0.06571217 2.351256 0.1187964 -0.01182037 2.356139 0.07316203 -0.0503351 2.311063 0.1595923 -0.08100162 2.404022 0.02886655 -0.5061369 2.340127 0.1522925 -0.5088381 2.593955 -0.04155276 -0.8996602 2.330753 0.1153784 -0.8686016 2.603317 0.02591444 -0.9440885 2.335184 0.1836307 -0.9117621 2.667198
0.2128616 0.623469 2.310805 0.1336267 0.4677295 2.328018 0.05319113 0.3343264 2.218848 0.2246604 0.3259861 2.477805 0.1073988 0.1629499 2.090551 0.3132453 0.2042423 2.662356 0.2356017 0.04064438 2.183606 0.3256092 0.0538289 2.436003 0.2769081 -0.01592563 2.248442 0.3559398 0.028481 2.377568 0.1207921 0.06796651 2.349925 0.1182612 -0.01003063 2.355065 0.07291084 -0.04931223 2.30937 0.1592076 -0.07891991 2.403154 0.02860526 -0.5072119 2.339162 0.1523165 -0.5056542 2.591976 -0.0418548 -0.9001368 2.331012 0.1161194 -0.8691017 2.603075 0.02540609 -0.9446182 2.337528 0.1709239 -0.9275652 2.636013
0.2114808 0.6237284 2.31277 0.1321993 0.4676524 2.32954 0.05031827 0.3362796 2.219071 0.2232328 0.325909 2.479328 0.1016197 0.1692615 2.082394 0.3119478 0.2040548 2.664001 0.2292274 0.03859586 2.165784 0.3226046 0.05231372 2.418288 0.2228419 0.02994737 2.188845 0.3562981 0.03229629 2.349082 0.1202755 0.07003414 2.348575 0.1179493 -0.007986829 2.353685 0.072773 -0.04809364 2.307592 0.1591999 -0.07636538 2.40164 0.02873091 -0.5076402 2.339184 0.1515223 -0.5072955 2.590479 -0.04191873 -0.9003828 2.331019 0.1160312 -0.8696144 2.603207 0.02563735 -0.9444547 2.337236 0.1673538 -0.9282075 2.626496
0.209502 0.6241817 2.315754 0.13119 0.4672308 2.33084 0.04736081 0.3378841 2.219183 0.2222236 0.3254873 2.480628 0.09620932 0.1767051 2.073121 0.3110194 0.2035453 2.66541 0.2232661 0.03798911 2.145385 0.3250657 0.05677149 2.414431 0.2810721 0.005117811 2.213855 0.3594408 0.03016279 2.34171 0.1192541 0.07638292 2.346501 0.1169949 0.0001861192 2.351104 0.07187547 -0.04419772 2.300584 0.1588048 -0.07294445 2.402293 0.02868271 -0.5077278 2.338912 0.150282 -0.5098493 2.589394 -0.04223727 -0.9010332 2.331161 0.1160406 -0.8695946 2.60319 0.02596103 -0.9441902 2.336726 0.1665217 -0.930086 2.621546
0.2089443 0.624788 2.317276 0.130696 0.4671589 2.331941 0.0444291 0.3406649 2.220412 0.2217295 0.3254153 2.481728 0.06827049 0.209293 2.036391 0.3105856 0.2034179 2.666589 0.1934999 0.06717578 2.105711 0.3256107 0.05803396 2.414824 0.2510601 0.03485869 2.17465 0.3607553 0.02978108 2.339602 0.11885 0.07879713 2.346074 0.1166146 0.002720904 2.350667 0.07127158 -0.04305863 2.29829 0.1586403 -0.07172418 2.403142 0.0277545 -0.5076833 2.335539 0.1496842 -0.5066894 2.586876 -0.04264783 -0.9013004 2.331375 0.1160674 -0.8696308 2.603085 0.0260774 -0.9436457 2.33666 0.165504 -0.9319755 2.617692
0.2083662 0.6249645 2.318121 0.1301163 0.4668295 2.33259 0.03997508 0.3422882 2.220613 0.2211498 0.3250858 2.482378 0.0688488 0.2127464 2.035926 0.3100541 0.2030465 2.66728 0.2504528 0.05990879 2.170373 0.3256725 0.05858706 2.414997 0.2843449 0.0347643 2.226907 0.3613291 0.02913729 2.337963 0.1184346 0.08044624 2.346949 0.1162139 0.004689694 2.351962 0.07181814 -0.04363303 2.301489 0.1571077 -0.06858698 2.403441 0.02699898 -0.5075546 2.332651 0.1489384 -0.5037463 2.584581 -0.04271785 -0.9012927 2.331291 0.1159784 -0.8696002 2.603068 0.02655514 -0.9429177 2.334882 0.1851125 -0.9084512 2.678501
0.2079054 0.6256097 2.320124 0.129371 0.4667826 2.33352 0.036748 0.3450315 2.221988 0.2204045 0.3250389 2.483307 0.06263259 0.2193417 2.033727 0.3093629 0.2029625 2.668242 0.2126272 0.07207763 2.094071 0.3255284 0.05918597 2.415589 0.2717624 0.03142305 2.157007 0.3614594 0.0290417 2.337446 0.1182266 0.08710911 2.346267 0.1162827 0.01305093 2.351013 0.07121743 -0.0412185 2.298304 0.1583447 -0.0615302 2.405309 0.02687491 -0.507487 2.331796 0.1488827 -0.5014629 2.581668 -0.04272803 -0.9012545 2.331076 0.1164867 -0.8682374 2.603025 0.02684628 -0.9424879 2.332846 0.1576374 -0.9365512 2.589469
0.207517 0.6259871 2.321277 0.1287184 0.4665485 2.334348 0.03333427 0.3468025 2.223931 0.2197519 0.3248048 2.484135 0.05679275 0.2422232 2.020968 0.3087501 0.2026974 2.669101 0.2453984 0.06445789 2.112536 0.3253753 0.05952023 2.416125 0.2760327 0.0419104 2.17195 0.3615284 0.02884624 2.337093 0.1177958 0.09094295 2.345255 0.1159045 0.01759108 2.349671 0.07017161 -0.03865159 2.295211 0.1586542 -0.05771354 2.404926 0.02541272 -0.5060256 2.329822 0.1491441 -0.5014136 2.581227 -0.04189643 -0.8995999 2.32928 0.1162651 -0.868347 2.602983 0.02688698 -0.9420179 2.332906 0.1664066 -0.9298083 2.618856
0.2062473 0.626841 2.323463 0.1279733 0.4666937 2.335578 0.03214297 0.3474406 2.224855 0.2190067 0.32495 2.485366 0.05395085 0.2534181 2.015854 0.3080471 0.2028132 2.670357 0.2409839 0.0729972 2.105682 0.3252126 0.06012413 2.417131 0.2826746 0.05142581 2.158346 0.3615307 0.028852 2.337068 0.1174768 0.09272606 2.347889 0.1156482 0.019387 2.352999 0.07158999 -0.03880881 2.300419 0.157082 -0.05624484 2.407404 0.02521032 -0.5058327 2.329997 0.1484031 -0.5000871 2.577347 -0.04222682 -0.9002097 2.329824 0.1161918 -0.8683778 2.602983 0.02692147 -0.94194 2.33434 0.1663921 -0.9297895 2.618852
0.2052896 0.6261212 2.324536 0.1271013 0.4661334 2.336314 0.02994782 0.3484505 2.22643 0.2181347 0.3243897 2.486102 0.0545396 0.2564586 2.016752 0.3072072 0.2022296 2.671114 0.2475663 0.07410301 2.090954 0.3248053 0.06011023 2.417584 0.299855 0.06314519 2.137027 0.3613569 0.02845358 2.336819 0.1172318 0.09534635 2.350621 0.1155713 0.02274813 2.356655 0.07233027 -0.0386577 2.302886 0.1559105 -0.05367051 2.412135 0.02420453 -0.5050639 2.330203 0.1482408 -0.500056 2.576046 -0.04231744 -0.9003105 2.329898 0.1162188 -0.8684744 2.602978 0.02694007 -0.941887 2.33412 0.1643002 -0.9302776 2.623265
0.2049708 0.6262611 2.325368 0.1265125 0.465981 2.33673 0.02897041 0.3488579 2.226835 0.2194582 0.3262593 2.490462 0.05086803 0.2620775 2.014299 0.3085933 0.204073 2.675536 0.1958714 0.1161919 2.021003 0.3260581 0.06265706 2.421583 0.261252 0.0705206 2.073438 0.3630818 0.02972117 2.338668 0.117447 0.0990458 2.353938 0.116091 0.02724419 2.360893 0.07322948 -0.03742163 2.305881 0.1560976 -0.05158188 2.417829 0.02290171 -0.5043587 2.330584 0.1467388 -0.502158 2.572541 -0.0424722 -0.9004428 2.329978 0.1163364 -0.8690664 2.602613 0.02692095 -0.9417998 2.334097 0.1671603 -0.9223503 2.636931
0.2045949 0.6262469 2.326261 0.1260159 0.4657355 2.337257 0.02797876 0.3498282 2.227327 0.2200491 0.3282094 2.492413 0.007599127 0.3123208 1.998867 0.3007811 0.2446184 2.637053 0.2118982 0.131538 2.046789 0.2029647 0.2409506 2.361769 0.2462708 0.09713186 2.097893 0.08144354 0.2159259 1.881349 0.1175974 0.1026066 2.355576 0.1163939 0.03154766 2.362704 0.0737049 -0.03651363 2.306493 0.1560276 -0.04954233 2.420618 0.02209443 -0.5039285 2.330551 0.1464745 -0.5015415 2.5705 -0.04288837 -0.9006886 2.330231 0.1163881 -0.869282 2.602418 0.02737655 -0.9419474 2.334529 0.179202 -0.9122952 2.681036
0.2044858 0.6262351 2.326659 0.1254172 0.4654498 2.337923 0.02709414 0.3512373 2.227434 0.2202239 0.3283584 2.49201 0.005649278 0.3137417 1.999086 0.3023819 0.2446577 2.635908 0.1993154 0.1346991 2.006313 0.2023519 0.2449365 2.361444 0.265395 0.08882455 2.057687 0.07518014 0.2262717 1.876896 0.1176204 0.1044062 2.356036 0.1165036 0.03360084 2.363051 0.07389203 -0.03612468 2.306455 0.1560862 -0.04845371 2.421542 0.01945741 -0.5024114 2.32842 0.1461512 -0.5013562 2.568707 -0.04242555 -0.8992469 2.328981 0.1163099 -0.8692892 2.602514 0.0274104 -0.9419038 2.334475 0.1706758 -0.9304639 2.644953
0.2042021 0.6265063 2.327185 0.1250195 0.4653849 2.338362 0.02699624 0.3535187 2.227035 0.2212275 0.3284443 2.491894 -0.02318915 0.3177668 2.003527 0.3054548 0.2436094 2.634206 0.1931919 0.141229 2.003736 0.2111572 0.2390527 2.357662 0.2739795 0.09771802 2.040989 0.09574725 0.2126184 1.876457 0.1177339 0.1071963 2.356546 0.1167249 0.03689505 2.363475 0.07414785 -0.03528326 2.306274 0.1563272 -0.04661626 2.422912 0.01819193 -0.5020492 2.327224 0.1449702 -0.5003133 2.563939 -0.04189774 -0.8982731 2.328033 0.1155998 -0.8677102 2.601928 0.02686637 -0.9407268 2.331463 0.1700663 -0.9307869 2.640402
0.2041882 0.6272527 2.328318 0.1248979 0.4654071 2.338882 0.02740862 0.3536254 2.227188 0.2228606 0.3285348 2.491056 -0.01784866 0.2772922 1.954403 0.3105824 0.2451049 2.632283 0.1998007 0.141502 1.997894 0.2146623 0.2407925 2.356323 0.275586 0.1020268 2.03811 0.09649972 0.2147438 1.875651 0.1182509 0.1093213 2.356079 0.117357 0.03937599 2.36262 0.07465505 -0.03261112 2.302798 0.1571988 -0.04551685 2.423483 0.01793462 -0.5018899 2.327093 0.1448925 -0.4991581 2.561717 -0.04191463 -0.8983807 2.327702 0.1156472 -0.867925 2.60176 0.02672692 -0.9409465 2.332053 0.1745386 -0.9230762 2.651138
0.2040225 0.6277093 2.328922 0.1247041 0.4654654 2.339153 0.02986785 0.3600835 2.228557 0.2246267 0.3302878 2.48949 -0.01600935 0.273406 1.948553 0.3141972 0.248322 2.63046 0.2017048 0.1447661 1.993487 0.2171126 0.243892 2.354931 0.2803489 0.1103741 2.032956 0.09681306 0.2176423 1.874235 0.1185897 0.1138001 2.354768 0.1178255 0.044922 2.360686 0.07505961 -0.02846638 2.298863 0.1579842 -0.04186189 2.423452 0.01719326 -0.5016658 2.326066 0.1443962 -0.5012121 2.559973 -0.04215411 -0.8986936 2.327936 0.1160235 -0.8670991 2.601243 0.02673429 -0.9408695 2.332139 0.1604624 -0.9345185 2.596565
0.2035986 0.6282708 2.330067 0.1244993 0.4655738 2.339356 0.03066229 0.3590136 2.228879 0.2261938 0.3322742 2.485548 -0.01929622 0.2750766 1.943772 0.3203696 0.2671053 2.631307 0.2099164 0.1473485 1.988936 0.2217468 0.2572825 2.356502 0.2805985 0.1263704 2.020417 0.09681167 0.2221375 1.871245 0.1187068 0.1145318 2.354243 0.1179761 0.0455734 2.360043 0.07522513 -0.02769706 2.297522 0.1583855 -0.04087781 2.423084 0.0164382 -0.5011952 2.324877 0.1439763 -0.4985608 2.555444 -0.04239311 -0.8987446 2.327825 0.116241 -0.8678069 2.601538 0.02704533 -0.9408479 2.332449 0.1811635 -0.9168112 2.674741
0.203564 0.6283603 2.329651 0.1243548 0.4656378 2.339386 0.03068283 0.3589953 2.228897 0.2276152 0.3362687 2.48003 -0.01921535 0.2752294 1.941502 0.3221225 0.2758096 2.627319 0.2125874 0.1529315 1.981252 0.2224985 0.2645993 2.352951 0.2768745 0.1390698 2.006782 0.09524344 0.2271134 1.866609 0.1181474 0.1153987 2.352611 0.1172505 0.04640426 2.357949 0.07379977 -0.02521137 2.2948 0.1579056 -0.03968297 2.420343 0.01588755 -0.5008741 2.324465 0.1436151 -0.5012376 2.554024 -0.04236551 -0.8987207 2.327336 0.1165588 -0.8685524 2.601886 0.02761796 -0.9411131 2.333067 0.1821489 -0.917617 2.674451
0.2018352 0.6281431 2.328245 0.1239586 0.4655564 2.339328 0.03060631 0.3583939 2.228714 0.2289177 0.3369417 2.477325 -0.02122985 0.2771671 1.940005 0.3226909 0.2772623 2.625278 0.2146875 0.1566326 1.977096 0.2222656 0.267538 2.35116 0.2782564 0.1423172 2.004125 0.0929219 0.2324116 1.863212 0.1182159 0.1152062 2.352948 0.1174393 0.04595426 2.358629 0.07508423 -0.02690854 2.299182 0.1579576 -0.03961396 2.420403 0.01519001 -0.4996356 2.323482 0.1435087 -0.4994821 2.551513 -0.04246093 -0.8962215 2.326925 0.1168713 -0.8688172 2.601892 0.0275523 -0.9410579 2.333013 0.183259 -0.9183704 2.673393
0.2014914 0.6283365 2.328204 0.1237857 0.4653855 2.339339 0.03004944 0.3573034 2.228307 0.2300541 0.3396127 2.474136 -0.02396717 0.2802722 1.938776 0.3234698 0.2808627 2.622596 0.2148273 0.1607174 1.972356 0.2222151 0.2708323 2.348812 0.2796311 0.1495643 1.997896 0.0913614 0.2351875 1.861041 0.1182808 0.1152639 2.352877 0.1175309 0.0460131 2.358551 0.07508425 -0.0268499 2.299145 0.1585971 -0.0389544 2.420007 0.0144133 -0.4989534 2.322908 0.1425241 -0.5011507 2.549349 -0.04255447 -0.8966742 2.326988 0.1168227 -0.8689339 2.601835 0.02765368 -0.9410617 2.333125 0.1816172 -0.9170994 2.665098
0.2008412 0.6284142 2.327949 0.1236472 0.4653356 2.339189 0.0299599 0.3569924 2.228345 0.2314078 0.3437529 2.469863 -0.03043493 0.2873281 1.938149 0.3244571 0.2857099 2.618753 0.213823 0.1656811 1.967826 0.2203715 0.2757199 2.346087 0.2781995 0.1542554 1.994304 0.0839933 0.2400591 1.858016 0.118463 0.1154497 2.352061 0.1177762 0.0461653 2.357608 0.07474084 -0.02619907 2.298269 0.160318 -0.03679692 2.417502 0.01422491 -0.4984381 2.322628 0.1424039 -0.4998832 2.547127 -0.04276335 -0.8969214 2.326973 0.1170762 -0.8689103 2.601843 0.0276519 -0.9410628 2.333132 0.1545172 -0.937364 2.580534
0.2003698 0.6281918 2.327771 0.1235428 0.4651528 2.339078 0.02931994 0.3563797 2.228274 0.2321308 0.3452375 2.466963 -0.02325616 0.2851877 1.936817 0.3249174 0.2874529 2.616076 0.2085689 0.1718756 1.960405 0.2204222 0.2770755 2.343591 0.2729867 0.1607872 1.986921 0.08393788 0.2408301 1.857238 0.1184272 0.115606 2.351565 0.1177247 0.04634913 2.357035 0.07426561 -0.02551705 2.297958 0.1605856 -0.03585287 2.415942 0.01304029 -0.4972445 2.321105 0.1421832 -0.4960898 2.543672 -0.04158231 -0.8956109 2.325403 0.1170616 -0.8689221 2.60183 0.02764256 -0.9410465 2.33315 0.1699803 -0.9318178 2.64869
0.1998584 0.6283822 2.326962 0.1229095 0.4651322 2.337962 0.0289881 0.3560655 2.227993 0.2345527 0.3467068 2.464708 -0.01897217 0.2926018 1.933715 0.3270951 0.2891082 2.61401 0.2055242 0.1748977 1.955803 0.2216145 0.2781722 2.341949 0.2708041 0.1665329 1.981179 0.08348373 0.2410028 1.856246 0.1182536 0.1162432 2.350462 0.1175953 0.04699586 2.356011 0.07343651 -0.02412142 2.297225 0.1609925 -0.03514857 2.414687 0.01265972 -0.4958403 2.319399 0.1419809 -0.4959918 2.543089 -0.04052756 -0.894492 2.322985 0.1172751 -0.8689957 2.601832 0.02780065 -0.9410238 2.333385 0.166005 -0.9304766 2.633388
0.1988434 0.6281721 2.326234 0.1225135 0.4649918 2.337193 0.02824522 0.3554865 2.227795 0.2347835 0.3493901 2.460756 0.04154568 0.2489508 1.943399 0.3272253 0.2920034 2.61018 0.2287475 0.1652809 1.955649 0.2197521 0.2807355 2.338956 0.293984 0.1582739 1.981538 0.07827395 0.2430122 1.854493 0.1181545 0.1164584 2.349791 0.1175185 0.04720685 2.355397 0.07313252 -0.02358034 2.297115 0.1611898 -0.03424712 2.413235 0.01307841 -0.4952927 2.320101 0.1420943 -0.4955336 2.541995 -0.04100953 -0.8951045 2.323501 0.1171955 -0.8691409 2.601788 0.02781533 -0.9410111 2.333407 0.1764185 -0.9134744 2.682419
0.197979 0.6277155 2.324481 0.1219074 0.4648103 2.335924 0.02799847 0.3555081 2.227712 0.2349369 0.350166 2.459522 -0.04163583 0.2856179 1.939867 0.3273325 0.2928537 2.608993 0.198783 0.1780932 1.950181 0.2185502 0.2814226 2.338326 0.2637624 0.1700485 1.976408 0.07444522 0.2433811 1.853685 0.1182315 0.1165223 2.349823 0.1177095 0.0473165 2.355589 0.07442078 -0.02336841 2.299531 0.1612274 -0.0340739 2.413269 0.01277512 -0.4949638 2.319781 0.1420859 -0.4954842 2.541893 -0.04089988 -0.895031 2.323464 0.1174139 -0.8692362 2.601913 0.02819616 -0.9412267 2.334006 0.1713172 -0.9275586 2.637232
0.1973282 0.6277348 2.321925 0.1215762 0.4642314 2.33476 0.02755064 0.3556263 2.227026 0.2349687 0.3506172 2.45826 -0.04150827 0.2848117 1.939278 0.3273227 0.2933616 2.607771 0.1980993 0.1775822 1.949737 0.2181886 0.2816482 2.337268 0.2632185 0.1693354 1.975545 0.07382066 0.2431734 1.853648 0.1173125 0.1189974 2.344594 0.1165507 0.05073183 2.349232 0.06834076 -0.01609537 2.287696 0.1622803 -0.03012753 2.407936 0.01277001 -0.4950927 2.319271 0.1422089 -0.4945503 2.54115 -0.0411142 -0.8965172 2.324855 0.1180728 -0.8704623 2.602309 0.02838941 -0.9413406 2.334334 0.1762858 -0.9210593 2.65173
0.1967993 0.6277338 2.320955 0.1214377 0.4640901 2.334216 0.02771975 0.3558058 2.226861 0.2389411 0.3462933 2.456804 -0.04183649 0.2829984 1.939795 0.3337919 0.2886577 2.604854 0.1992709 0.1740033 1.951032 0.2223896 0.2772188 2.335314 0.2648315 0.1682111 1.976381 0.07431583 0.2392023 1.853384 0.1174426 0.1188661 2.344625 0.1168047 0.05044277 2.349439 0.07035164 -0.01787306 2.291519 0.1623596 -0.03039994 2.407755 0.01292693 -0.4946724 2.319435 0.1422669 -0.4964265 2.541098 -0.04123957 -0.8956662 2.3249 0.1182243 -0.8705232 2.602467 0.0284787 -0.9415453 2.334805 0.1697242 -0.9280726 2.638963
0.1962003 0.6280583 2.318915 0.1213091 0.463624 2.333081 0.0278308 0.35676 2.225751 0.2429484 0.3406456 2.456374 -0.0388494 0.2748162 1.940653 0.3416313 0.276849 2.600095 0.1947608 0.1701226 1.952185 0.2263943 0.2672538 2.332183 0.2598657 0.1610531 1.977742 0.0727247 0.2323446 1.854573 0.1168782 0.1191076 2.342016 0.1161051 0.05073562 2.346676 0.0665784 -0.01656112 2.287349 0.1633116 -0.03010375 2.404679 0.01272797 -0.4939404 2.317894 0.1424892 -0.495932 2.540988 -0.04130391 -0.8942368 2.324853 0.1182295 -0.8704632 2.602222 0.02846915 -0.9415266 2.334778 0.156539 -0.9391204 2.583265
0.1961804 0.6274254 2.317343 0.1202935 0.4628511 2.330523 0.02793011 0.3575003 2.22462 0.2437443 0.3370388 2.454737 -0.04197258 0.2944854 1.979065 0.3434673 0.2670141 2.595368 0.1900751 0.1637429 1.955497 0.2264431 0.2573709 2.328278 0.2545868 0.1516568 1.981303 0.0717296 0.2225389 1.856135 0.11736 0.1181993 2.342765 0.117103 0.04919828 2.348546 0.07191384 -0.02134121 2.296876 0.1635453 -0.03128798 2.405559 0.01280722 -0.4940091 2.317953 0.1425224 -0.4959507 2.540901 -0.04256662 -0.8957166 2.325375 0.118341 -0.8703278 2.602192 0.0284441 -0.9415438 2.334826 0.1799746 -0.9173006 2.668922
0.1952661 0.6289093 2.315873 0.1201113 0.4624915 2.329276 0.03108769 0.3612509 2.219326 0.2440193 0.3350361 2.454648 -0.04256712 0.2915097 1.977908 0.3434455 0.2646798 2.595313 0.1856467 0.1584018 1.959527 0.2254946 0.2526487 2.328759 0.2517944 0.1433953 1.986188 0.07005806 0.2140061 1.85918 0.1176579 0.1173973 2.342931 0.1175116 0.04813495 2.349014 0.0730738 -0.02207779 2.297805 0.1631247 -0.03301764 2.405758 0.01284271 -0.4941 2.317871 0.1425453 -0.4958774 2.540925 -0.04269401 -0.8962559 2.325702 0.119366 -0.8708431 2.602603 0.02850895 -0.9415944 2.334991 0.176018 -0.9162241 2.657089
0.1956156 0.6282327 2.312563 0.1195039 0.4621136 2.326929 0.03284204 0.360888 2.216339 0.2440192 0.3326879 2.455413 -0.04153433 0.2863792 1.98001 0.3394587 0.2427463 2.588839 0.1830105 0.1488687 1.967668 0.2216694 0.2344695 2.322065 0.2579919 0.1266696 2.000365 0.07285334 0.2023659 1.865805 0.1174037 0.1175672 2.340812 0.1172461 0.04846315 2.346872 0.06966625 -0.01981229 2.286337 0.1633253 -0.0331846 2.405734 0.01247462 -0.4943142 2.317306 0.1425692 -0.4958566 2.540922 -0.04215529 -0.8954467 2.324638 0.1195206 -0.871112 2.602622 0.02850131 -0.9416715 2.335159 0.1734689 -0.9222265 2.655503
0.1951395 0.6276199 2.306929 0.1190923 0.4609914 2.325314 0.03428247 0.3586686 2.212622 0.242445 0.3338795 2.456289 -0.04187114 0.2823496 1.985231 0.3378479 0.2405342 2.587768 0.1906579 0.1290699 1.996085 0.2179898 0.2313087 2.322003 0.2583172 0.128443 2.015962 0.06767906 0.1978516 1.871013 0.1180462 0.1155345 2.341735 0.1181864 0.04593822 2.348572 0.07578155 -0.02513555 2.29548 0.1629905 -0.03411633 2.406371 0.01273026 -0.4947099 2.31773 0.1428225 -0.495083 2.541204 -0.04256834 -0.8964115 2.325125 0.1193924 -0.8709452 2.602624 0.02838123 -0.941525 2.334702 0.1781131 -0.9194449 2.665435
0.195488 0.626565 2.305829 0.1195012 0.4597322 2.32317 0.03530721 0.3574657 2.211036 0.2403966 0.3349668 2.458081 -0.03659402 0.2659223 1.98917 0.3336784 0.2333614 2.586139 0.2003324 0.1197227 2.001115 0.2134607 0.2229512 2.320595 0.2644491 0.1115627 2.02932 0.0662623 0.1879708 1.877649 0.1183664 0.113751 2.340941 0.1184237 0.04415899 2.347956 0.0761958 -0.02558251 2.295373 0.1621406 -0.03573638 2.405474 0.01223757 -0.4948451 2.316936 0.1432735 -0.4944932 2.541695 -0.04119533 -0.8936212 2.324394 0.1193489 -0.8709946 2.602675 0.02841919 -0.9414338 2.33455 0.1744166 -0.926307 2.659055
0.1952298 0.6273634 2.303177 0.1195367 0.4591811 2.322021 0.0361126 0.3550272 2.20888 0.239212 0.3358887 2.460456 -0.03524934 0.2600949 1.995353 0.3345031 0.2253666 2.592525 0.2008741 0.1133998 2.011543 0.2150907 0.2120886 2.326737 0.2739189 0.09527533 2.045772 0.07037717 0.1728788 1.886078 0.1185424 0.1129146 2.3407 0.1185902 0.04330423 2.347834 0.07656784 -0.02580145 2.295564 0.1617618 -0.03647297 2.405122 0.01250643 -0.4950417 2.317776 0.1441114 -0.493658 2.543687 -0.04022808 -0.8911814 2.323803 0.1195455 -0.8709349 2.603095 0.02842746 -0.9414178 2.334503 0.168591 -0.9277199 2.634977
0.1957888 0.6252726 2.299881 0.119091 0.4584187 2.320627 0.0370191 0.3521197 2.206962 0.2373944 0.3411509 2.470846 -0.03403065 0.2495844 2.005326 0.3350713 0.2217594 2.602191 0.2010491 0.1027656 2.028389 0.3205131 0.1477506 2.396453 0.280591 0.08504833 2.078007 0.3579135 0.1359297 2.35668 0.1187399 0.1114975 2.341579 0.1189255 0.04154092 2.349396 0.0781495 -0.02725675 2.299384 0.161375 -0.03733469 2.406045 0.01354124 -0.4957793 2.319762 0.1448422 -0.4921401 2.544398 -0.04037712 -0.8912863 2.324169 0.1201122 -0.8693262 2.602872 0.02873571 -0.941165 2.334187 0.1717432 -0.9197851 2.643165
0.1969903 0.6213666 2.294785 0.1191866 0.4577175 2.320027 0.03792642 0.3491939 2.205526 0.2348189 0.3470787 2.477542 -0.02900562 0.2454273 2.013608 0.3352386 0.2126555 2.617444 0.2027997 0.09439096 2.040212 0.3219196 0.1509792 2.407319 0.2845196 0.07876445 2.086909 0.3583853 0.1341797 2.355977 0.119267 0.1099067 2.343156 0.1195447 0.0397709 2.351662 0.0802595 -0.02891465 2.302966 0.1606105 -0.03903223 2.408611 0.01482138 -0.4962717 2.32254 0.1460534 -0.491507 2.546221 -0.04027902 -0.8914747 2.323942 0.1200866 -0.8693314 2.602865 0.02929435 -0.9413356 2.334959 0.1702411 -0.9240971 2.636008
0.1969871 0.6211649 2.291993 0.1189303 0.4578149 2.318656 0.03896943 0.3472713 2.204515 0.233644 0.3469768 2.481652 -0.02009204 0.232906 2.016633 0.3349477 0.2077973 2.626862 0.2081435 0.08301704 2.05348 0.3228209 0.1465448 2.416531 0.2888092 0.06726849 2.101938 0.3594366 0.130714 2.368362 0.1196633 0.106427 2.346333 0.1201442 0.03482688 2.356721 0.08231687 -0.03218109 2.312244 0.1600766 -0.04082567 2.411271 0.01523159 -0.4965993 2.32238 0.147345 -0.4904776 2.547616 -0.04118447 -0.8940492 2.32575 0.1198072 -0.8685659 2.602402 0.02913265 -0.9410899 2.334487 0.1843695 -0.9078081 2.68154
0.1972358 0.6205087 2.290019 0.1189499 0.457224 2.317595 0.03886671 0.3457648 2.203291 0.2328005 0.3481847 2.493204 -0.01278365 0.2236662 2.018563 0.3336898 0.2047068 2.633493 0.1991302 0.07959921 2.058358 0.3224332 0.1421407 2.423527 0.2760102 0.0618142 2.111995 0.3587109 0.1247613 2.370251 0.119608 0.1061698 2.346302 0.1200779 0.03471407 2.356683 0.08164644 -0.03217147 2.311419 0.1600647 -0.04118571 2.411761 0.01612936 -0.4967895 2.32283 0.1487684 -0.4913712 2.55045 -0.04106024 -0.8941131 2.325733 0.119754 -0.8685778 2.602442 0.02904446 -0.941031 2.334443 0.1694231 -0.9322563 2.648591
0.1976955 0.6203825 2.289096 0.1194226 0.4569081 2.317004 0.039287 0.3427686 2.202188 0.2325701 0.3474064 2.498221 0.0002783649 0.2102719 2.022281 0.2925916 0.1615879 2.539448 0.1943038 0.07612357 2.065403 0.3558221 0.1051696 2.337646 0.2687653 0.05614834 2.121619 0.3768989 0.08636353 2.274837 0.1201577 0.105391 2.348174 0.1205531 0.03408804 2.359015 0.08237282 -0.03339369 2.313141 0.1597433 -0.04368179 2.418324 0.01703792 -0.4975582 2.322839 0.1500885 -0.4926983 2.554066 -0.04228963 -0.8962551 2.327471 0.1198887 -0.8686829 2.602579 0.02470697 -0.9422225 2.3377 0.181154 -0.9165622 2.679554
0.1983825 0.6201926 2.288276 0.1203153 0.4563773 2.316328 0.03904337 0.3416955 2.202903 0.2316367 0.3474552 2.50162 0.02331528 0.1873416 2.040226 0.2907886 0.1622805 2.545319 0.1906466 0.07184537 2.075958 0.35396 0.101084 2.345001 0.26571 0.0523444 2.131536 0.3750171 0.08068512 2.282687 0.1204152 0.105689 2.348578 0.1207566 0.03475983 2.35956 0.08245263 -0.033378 2.313126 0.1595572 -0.04343074 2.419918 0.01857246 -0.4978692 2.322727 0.1518723 -0.4943461 2.559302 -0.04271701 -0.8977603 2.328191 0.1198263 -0.8687477 2.602532 0.02489612 -0.9421365 2.33734 0.1811515 -0.9162187 2.679713
