0.2282485 0.5973425 2.130191 0.2023393 0.4164051 2.18865 0.1175971 0.2856373 2.080087 0.351201 0.3599817 2.35273 0.1495613 0.09941992 2.005815 0.4018138 0.1712544 2.424422 0.3262955 0.04051884 2.098202 0.4285454 0.06415523 2.171545 0.3964157 0.03366693 2.153426 0.3888056 0.07445832 2.119656 0.1938082 0.09464483 2.216571 0.1918626 0.02960894 2.22561 0.1425375 -0.04022125 2.182947 0.2362467 -0.0465354 2.27728 0.1060244 -0.5103587 2.281295 0.2543018 -0.555604 2.45293 0.06420175 -0.8598821 2.30258 0.251745 -0.872837 2.500787 0.07432377 -0.9288971 2.285768 0.3203346 -0.9253091 2.511555
0.2337541 0.5971092 2.134964 0.2025928 0.4163671 2.18906 0.1173846 0.2862327 2.08033 0.3559892 0.3536693 2.350092 0.1300585 0.1032923 1.988 0.4021626 0.1524506 2.392221 0.3271447 0.02893116 2.094749 0.4226879 0.03549904 2.143373 0.3825197 0.01385825 2.127677 0.3829483 0.04580206 2.091484 0.1950424 0.09186382 2.217627 0.1934346 0.02610615 2.226724 0.1431043 -0.04295859 2.184309 0.2401438 -0.0513342 2.277984 0.1174026 -0.5100699 2.297415 0.2540382 -0.5540531 2.452809 0.06388768 -0.8601309 2.303319 0.252872 -0.8716813 2.498547 0.07469541 -0.9284765 2.284338 0.3205648 -0.9239088 2.520781
0.2348994 0.5966675 2.136308 0.2038981 0.416014 2.190978 0.1170884 0.2873953 2.080346 0.3597148 0.3457362 2.346292 0.1005436 0.1121934 1.970341 0.4026381 0.1383105 2.368959 0.3168161 0.02109758 2.077698 0.4218905 0.006564736 2.213238 0.3716852 0.009602321 2.112841 0.3821509 0.01686778 2.161349 0.1961277 0.09111461 2.218708 0.1944641 0.02546792 2.227608 0.1437436 -0.0440823 2.184465 0.2423928 -0.05364747 2.280405 0.1062624 -0.5078056 2.286375 0.253695 -0.5531685 2.453109 0.06407836 -0.8596581 2.303653 0.2530415 -0.8717948 2.499119 0.07472251 -0.9279885 2.284524 0.3202318 -0.9237732 2.520166
0.2363617 0.5964267 2.137191 0.2056404 0.415092 2.19324 0.1181407 0.2904822 2.082609 0.365681 0.3348364 2.339162 0.0704498 0.1322368 1.953125 0.3993571 0.1310456 2.343282 0.2853253 0.0254143 2.049577 0.4228171 -0.00564453 2.192952 0.3359874 -0.000471022 2.083358 0.3830775 0.004658514 2.141063 0.2012474 0.08765142 2.220931 0.2005166 0.02157943 2.229695 0.1487668 -0.04823352 2.185341 0.2519038 -0.05931035 2.283374 0.1077022 -0.5089641 2.290019 0.2534942 -0.5530297 2.453138 0.06376169 -0.8597441 2.304221 0.2532376 -0.8719222 2.499287 0.07488462 -0.92777 2.284297 0.3198503 -0.9245131 2.518067
0.2380739 0.596807 2.139352 0.2064211 0.4144786 2.194568 0.123107 0.2970343 2.091141 0.3677103 0.3300208 2.332747 0.05306914 0.1586447 1.94696 0.3959843 0.1245398 2.309396 0.2621023 0.0294691 2.029809 0.4217125 -0.02638102 2.17537 0.3205073 0.02385944 2.06039 0.3819728 -0.01607797 2.123482 0.2074302 0.08129621 2.226038 0.2082251 0.01376826 2.235752 0.1606497 -0.0569936 2.196121 0.2567186 -0.06247222 2.285819 0.1077264 -0.5097429 2.290923 0.2529485 -0.5536413 2.453527 0.06388398 -0.8595234 2.304063 0.2525945 -0.872241 2.50056 0.07504545 -0.927705 2.284702 0.3193175 -0.9244772 2.518613
0.2411379 0.5971168 2.142885 0.2068951 0.4144586 2.194953 0.1229432 0.2975788 2.091933 0.3692571 0.3258739 2.327369 0.03524569 0.1753389 1.941878 0.3936006 0.1324282 2.297377 0.2448577 0.03797804 2.01115 0.4098128 -0.01417717 2.156576 0.2989348 0.07308108 1.996274 0.3700731 -0.003874128 2.104687 0.2131683 0.07779387 2.232016 0.2151973 0.00953244 2.243313 0.1695499 -0.06316023 2.207455 0.264973 -0.06535861 2.293445 0.106573 -0.5108294 2.290412 0.2527663 -0.5519316 2.45325 0.06434717 -0.8592879 2.304546 0.2525867 -0.8703557 2.499308 0.07539233 -0.9273938 2.284856 0.3215401 -0.9255162 2.516542
0.2425872 0.597373 2.144005 0.2074132 0.4145755 2.19542 0.1220767 0.2979126 2.092798 0.3713435 0.3245944 2.321985 0.02251027 0.1866235 1.936315 0.3865315 0.1312706 2.275399 0.1910793 0.05159727 1.967879 0.4164618 -0.01159881 2.132853 0.268142 0.02741507 2.00648 0.3767221 -0.001295745 2.080965 0.2121554 0.07762202 2.231348 0.2130364 0.009398024 2.241807 0.1615052 -0.06224234 2.203594 0.2636478 -0.0656338 2.291323 0.1043686 -0.5130666 2.290504 0.2534752 -0.5488891 2.453324 0.06369478 -0.8602428 2.304869 0.2532302 -0.8712196 2.501189 0.07635241 -0.9279189 2.284675 0.3204983 -0.9254591 2.516904
0.2443986 0.5980268 2.145298 0.2075707 0.4147109 2.195607 0.1205249 0.2980051 2.093966 0.3733098 0.3210695 2.315493 0.01208599 0.1969947 1.933036 0.3818532 0.1294773 2.254182 0.1902801 0.05313892 1.96652 0.3950533 -0.007730454 2.103005 0.2707259 0.03226308 1.999777 0.3553136 0.00257261 2.051116 0.2109115 0.07682469 2.230878 0.2111292 0.008326419 2.240999 0.1582098 -0.06232988 2.203648 0.2622077 -0.06700949 2.288898 0.1026869 -0.5134064 2.290029 0.2532023 -0.5454395 2.451884 0.0639059 -0.8600999 2.304853 0.2537114 -0.8708053 2.501016 0.07640913 -0.9278036 2.284657 0.3189231 -0.9246061 2.517088
0.2468418 0.5982583 2.147147 0.2083125 0.4147171 2.196017 0.1156919 0.2989758 2.094119 0.3740354 0.3191843 2.311265 0.004417833 0.2037153 1.93027 0.37745 0.1293495 2.240794 0.1900454 0.05645862 1.964243 0.3573992 -0.001911923 2.084743 0.2723192 0.03791723 1.994253 0.3176596 0.008391112 2.032854 0.2098866 0.07629944 2.23025 0.209443 0.007719704 2.239958 0.1541758 -0.06167699 2.203625 0.2610282 -0.06832504 2.285453 0.1004853 -0.5147341 2.288827 0.2535971 -0.5409408 2.450568 0.06399468 -0.8598996 2.305025 0.2539802 -0.8709581 2.500827 0.0763129 -0.9275885 2.284667 0.3189878 -0.9250886 2.514884
0.2467934 0.5983256 2.147333 0.2086151 0.4147683 2.196285 0.1121994 0.3004135 2.094123 0.3733733 0.3170103 2.306029 -0.007885578 0.2131143 1.927366 0.3770191 0.1272987 2.235057 0.1903711 0.05905459 1.963131 0.3565915 -0.006043077 2.081002 0.272467 0.04112412 1.993129 0.316852 0.004259941 2.029114 0.2087355 0.07653547 2.229424 0.2077685 0.008229441 2.238697 0.1511697 -0.06088486 2.202707 0.260048 -0.06752039 2.283161 0.09925104 -0.515415 2.287684 0.2536125 -0.5405156 2.450359 0.06435467 -0.8598902 2.304873 0.2536159 -0.87228 2.503178 0.07625214 -0.9277757 2.284925 0.3196631 -0.9263203 2.515177
0.2468396 0.5983531 2.147393 0.2086863 0.4149354 2.196321 0.1083228 0.3020836 2.093608 0.3736088 0.3170458 2.305212 -0.01234921 0.2147943 1.927384 0.3763551 0.1279451 2.231681 0.1904575 0.06110964 1.962469 0.3555802 -0.007837325 2.08003 0.2565577 0.06403001 1.962646 0.3158408 0.002465659 2.028141 0.2076381 0.07688333 2.22863 0.2064583 0.008709192 2.237736 0.1492058 -0.0600841 2.202438 0.2593119 -0.06736504 2.281312 0.09840253 -0.5162705 2.286788 0.2537491 -0.5406051 2.450203 0.06446609 -0.859692 2.30478 0.253822 -0.8722237 2.502985 0.07636217 -0.9276758 2.285171 0.3194596 -0.9261188 2.514275
0.2472415 0.5988743 2.148013 0.208871 0.4151163 2.196552 0.1055249 0.3030391 2.093426 0.3737667 0.3174202 2.304181 -0.01402941 0.2133744 1.928095 0.3761687 0.1293557 2.22669 0.1899765 0.06256969 1.962138 0.3553082 -0.01110967 2.079808 0.2592178 0.05207949 1.986061 0.3155689 -0.0008067135 2.02792 0.2071775 0.07725993 2.228257 0.2058931 0.009247838 2.237225 0.1483617 -0.05949005 2.202141 0.2591601 -0.06721814 2.280601 0.0984031 -0.5162777 2.286791 0.2537666 -0.5411882 2.450013 0.06450828 -0.8596911 2.304642 0.253708 -0.8722364 2.50292 0.07634652 -0.9277493 2.285258 0.3210995 -0.9270562 2.514092
0.2474211 0.5991142 2.148083 0.2089513 0.4155865 2.197021 0.1046211 0.3031248 2.093621 0.3745016 0.3174573 2.303982 -0.01514213 0.2121332 1.929686 0.3708075 0.09007819 2.196629 0.1873312 0.06327866 1.96225 0.34921 -0.04821344 2.047615 0.2569522 0.05057927 1.985675 0.3094707 -0.03791038 1.995727 0.2069454 0.07746652 2.228065 0.2056694 0.009478515 2.23696 0.1479994 -0.05931531 2.202031 0.2592825 -0.06721096 2.279996 0.09838293 -0.5162755 2.28672 0.2537242 -0.5403656 2.449323 0.06502949 -0.8599447 2.305016 0.2539237 -0.8723751 2.503237 0.07616036 -0.9280072 2.285234 0.3190324 -0.9257768 2.514994
0.2472132 0.600041 2.148428 0.2092152 0.4158206 2.197268 0.1043645 0.3030097 2.093678 0.3746011 0.3174802 2.304034 -0.01319317 0.2018948 1.93487 0.3762608 0.1261979 2.240166 0.1835198 0.06357195 1.963131 0.3691638 -0.01678395 2.09452 0.2636223 0.04514937 1.991909 0.3294247 -0.006481101 2.042632 0.2068008 0.07758862 2.227793 0.205498 0.00963432 2.236584 0.1476076 -0.05922816 2.201405 0.2593363 -0.06724141 2.279723 0.09829083 -0.5165714 2.286041 0.2538951 -0.5402229 2.449168 0.06505143 -0.8599542 2.305033 0.2538934 -0.8724526 2.503204 0.07624618 -0.9280565 2.285426 0.3187736 -0.9257992 2.51319
0.2469133 0.6004022 2.148351 0.2092228 0.4158736 2.197296 0.10508 0.3026139 2.094239 0.3747691 0.3175055 2.304562 -0.008671211 0.1925882 1.941637 0.3794879 0.1251042 2.247175 0.1358073 0.0644262 1.955384 0.4032234 -0.02708802 2.114355 0.2171691 0.04129365 1.984682 0.3634842 -0.01678509 2.062467 0.2065318 0.07740007 2.22697 0.2052535 0.009382598 2.235543 0.1475887 -0.05961133 2.199291 0.2591873 -0.06768002 2.27906 0.09847324 -0.5164158 2.28539 0.2540981 -0.5398572 2.447931 0.06518035 -0.8599498 2.304739 0.2545424 -0.8717873 2.500515 0.07715234 -0.9281549 2.285965 0.3037028 -0.9239823 2.497936
0.2463201 0.600517 2.148168 0.2090834 0.415871 2.19701 0.1065523 0.3022273 2.094294 0.3739059 0.3179529 2.30599 0.0004476216 0.1781842 1.950396 0.3857365 0.1243314 2.260072 0.1477028 0.05194455 1.957327 0.3972499 -0.02062143 2.116905 0.228571 0.02885584 1.987993 0.3575107 -0.01031849 2.065017 0.2097453 0.07591729 2.228216 0.2106278 0.007197597 2.237942 0.1613844 -0.0643958 2.203967 0.2639784 -0.06880434 2.282659 0.09871559 -0.5163343 2.28494 0.2540345 -0.539778 2.447585 0.06560849 -0.8598189 2.304928 0.2538702 -0.8729021 2.500526 0.07687744 -0.9280631 2.285864 0.3276204 -0.9287604 2.529908
0.2454681 0.6005073 2.147872 0.2090217 0.4158806 2.196971 0.107715 0.3017766 2.093852 0.3731981 0.3202154 2.30968 0.01248362 0.1607928 1.959014 0.3897061 0.1259933 2.27805 0.1618483 0.03620002 1.959695 0.411216 -0.02345957 2.141418 0.2430605 0.01672657 1.991923 0.3714767 -0.01315662 2.08953 0.2100766 0.07584358 2.227468 0.2110308 0.007195978 2.236879 0.161824 -0.06463747 2.200203 0.2641186 -0.06891285 2.282403 0.09896881 -0.5165889 2.284161 0.2539972 -0.5406123 2.447618 0.06634526 -0.8589309 2.306019 0.2539829 -0.8719877 2.502092 0.07637343 -0.926984 2.285626 0.3268085 -0.9301744 2.524462
0.2453054 0.6007239 2.147696 0.2073024 0.4164301 2.195466 0.1089138 0.3011156 2.093101 0.3704613 0.3233082 2.314267 0.03787038 0.1397214 1.969162 0.3970339 0.1261551 2.306926 0.25927 0.02603694 2.043473 0.4192584 -0.01963893 2.166115 0.3253784 0.01391229 2.102598 0.3795191 -0.009336001 2.114227 0.2103102 0.07630517 2.225515 0.2115218 0.007830004 2.234608 0.1633355 -0.06417367 2.194523 0.2641826 -0.06882629 2.282006 0.1001951 -0.5167109 2.284439 0.2544455 -0.5423407 2.448168 0.06659879 -0.8593295 2.305654 0.2536806 -0.8705867 2.500747 0.07635424 -0.9275176 2.285582 0.3051517 -0.9180937 2.485207
0.2447404 0.600613 2.147287 0.2055918 0.4170464 2.193444 0.1101964 0.2986813 2.09032 0.3679758 0.3256764 2.319207 0.055495 0.127706 1.973096 0.4018441 0.1316383 2.338591 0.2762375 0.0174707 2.053277 0.4227071 -0.03389537 2.224416 0.326266 0.007307764 2.095367 0.3829681 -0.02359251 2.172528 0.2107869 0.07638659 2.224054 0.2122717 0.007917163 2.233132 0.1645444 -0.06426878 2.192815 0.2646648 -0.06858446 2.281235 0.1034093 -0.5146604 2.283899 0.254637 -0.5445956 2.4488 0.06622982 -0.8565443 2.304872 0.2534238 -0.8716301 2.500865 0.07601318 -0.9252479 2.286658 0.3270229 -0.9307142 2.515691
0.2435581 0.6008974 2.146232 0.2047818 0.4175482 2.19231 0.1116022 0.2963472 2.086869 0.3653346 0.3288276 2.325251 0.09368759 0.1107473 1.984643 0.4019957 0.1327569 2.352261 0.3113561 0.005192861 2.076689 0.4210066 -0.02982521 2.233051 0.3630211 -0.006051986 2.116462 0.3812679 -0.01952242 2.181163 0.215287 0.07530428 2.224452 0.2192016 0.006202371 2.234336 0.1760974 -0.06572258 2.197728 0.2717551 -0.06775113 2.281602 0.1048244 -0.5139052 2.284046 0.2538683 -0.551069 2.450823 0.06580631 -0.8554109 2.30448 0.2527321 -0.8719305 2.500626 0.07616239 -0.924215 2.286977 0.3275875 -0.9308473 2.516154
0.2403227 0.6002488 2.143275 0.2034507 0.418229 2.19025 0.1116584 0.2947267 2.084972 0.3595904 0.3387847 2.337286 0.1071386 0.1121876 1.98958 0.3983114 0.1468744 2.380944 0.3223282 0.00634855 2.086329 0.4155462 0.004670128 2.2354 0.3835548 0.003479152 2.135473 0.3758077 0.01497288 2.183512 0.216525 0.07521546 2.22434 0.2207515 0.006091905 2.234469 0.1781715 -0.06554306 2.198637 0.2732402 -0.06703651 2.281533 0.1054666 -0.5133407 2.283821 0.2538346 -0.5511053 2.450821 0.06568626 -0.8553132 2.304408 0.2526925 -0.872368 2.500983 0.1207505 -0.8989119 2.257592 0.3248718 -0.9274793 2.516375
0.2399347 0.5994397 2.141571 0.2014409 0.4193245 2.188326 0.1117231 0.2927236 2.082922 0.350569 0.3460886 2.338462 0.1237415 0.1084335 1.994353 0.3990824 0.1679011 2.405943 0.3261979 0.01305404 2.092058 0.441481 -0.01239792 2.33172 0.3921693 0.01598571 2.152491 0.4556139 -0.07249758 2.311389 0.2170238 0.07527426 2.224022 0.2214006 0.006123867 2.234232 0.1799656 -0.06539465 2.198214 0.2734951 -0.06640404 2.281446 0.1072996 -0.4941814 2.273328 0.253449 -0.5529718 2.450684 0.06513619 -0.8551085 2.304143 0.2526601 -0.8724775 2.500968 0.07551774 -0.9242092 2.287869 0.3224125 -0.9250997 2.517396
0.2391074 0.5996197 2.139609 0.1997865 0.4202557 2.186622 0.112343 0.2903497 2.081032 0.3479168 0.3524038 2.341666 0.1441809 0.1062717 1.999141 0.3982192 0.1751002 2.418289 0.3238151 0.02843807 2.092582 0.4599943 -0.001534641 2.350203 0.3885506 0.03497036 2.154061 0.480586 -0.06041292 2.331918 0.2019339 0.08407519 2.216945 0.2004013 0.01810982 2.225515 0.1490362 -0.04313114 2.184984 0.2454196 -0.05574238 2.272721 0.1077487 -0.4948768 2.273566 0.2539091 -0.5531002 2.45058 0.06508514 -0.8556553 2.30365 0.253178 -0.8719684 2.499506 0.07503919 -0.9249634 2.288003 0.3214686 -0.9241022 2.518301
0.2385412 0.5990028 2.138055 0.1983741 0.4209236 2.184605 0.1137551 0.2890441 2.079082 0.3436721 0.3607278 2.348757 0.1908004 0.08636851 2.019653 0.400475 0.1909951 2.437105 0.3489196 0.03210695 2.106816 0.4694776 0.01301193 2.384053 0.4121722 0.03689389 2.169976 0.4924784 -0.04631578 2.37078 0.1929439 0.08791848 2.214016 0.1909369 0.0219321 2.223103 0.1414659 -0.03926742 2.181861 0.2355895 -0.05422133 2.272912 0.1062247 -0.4944242 2.268511 0.2537393 -0.5544305 2.450375 0.06480325 -0.8569492 2.302315 0.2530385 -0.8720939 2.500093 0.1233251 -0.9007921 2.260154 0.3185642 -0.9235793 2.517799
0.2380626 0.59829 2.136475 0.1971121 0.421516 2.182997 0.1148422 0.2883935 2.077626 0.3394287 0.3654604 2.348043 0.19313 0.08916473 2.020229 0.3975806 0.2088479 2.452943 0.3541643 0.04293692 2.106776 0.4794973 0.04028131 2.385862 0.4136495 0.06178999 2.170957 0.5068028 -0.01590756 2.367912 0.192746 0.0911013 2.212649 0.1912886 0.02569886 2.221791 0.1433007 -0.03818285 2.180499 0.2352844 -0.04826856 2.272426 0.1058546 -0.4945015 2.267328 0.253834 -0.5544115 2.450223 0.06487922 -0.8572006 2.302667 0.2526573 -0.8729014 2.500557 0.1240634 -0.9008874 2.261275 0.3268571 -0.9263439 2.516476
0.237807 0.598165 2.134857 0.1959604 0.4223817 2.181497 0.1168255 0.2865018 2.076101 0.3365926 0.3709087 2.351174 0.2107252 0.09029503 2.027858 0.3974802 0.2179199 2.461692 0.4042361 0.08587157 2.177152 0.5116091 0.06978782 2.393177 0.4477614 0.1026097 2.224089 0.549652 0.02041046 2.37475 0.1923785 0.09656045 2.211106 0.1914375 0.03226553 2.220325 0.1452446 -0.03569377 2.178914 0.2343225 -0.04044244 2.272255 0.1057815 -0.4949935 2.266388 0.253777 -0.5581579 2.450394 0.06489722 -0.8572546 2.302605 0.2530614 -0.8744702 2.501503 0.07540546 -0.9266739 2.287839 0.3146979 -0.9229582 2.502906
0.2373889 0.5981727 2.133066 0.1947785 0.4230937 2.179909 0.118728 0.2855988 2.074262 0.3307792 0.3776459 2.346977 0.2084062 0.1013752 2.026544 0.3973954 0.2209229 2.467495 0.4046662 0.08961792 2.176919 0.5247965 0.09177266 2.382753 0.4432877 0.1160222 2.223704 0.5672636 0.04872259 2.358916 0.1925814 0.09735976 2.210963 0.191874 0.03304917 2.220346 0.1476159 -0.03394514 2.177803 0.2346161 -0.04015198 2.273207 0.1058228 -0.4952103 2.265676 0.2543407 -0.5562596 2.449908 0.06460346 -0.8563443 2.302069 0.2528262 -0.871257 2.497994 0.07544865 -0.9258454 2.287944 0.3138579 -0.9216098 2.505069
0.2368 0.5983799 2.132081 0.1939842 0.4237111 2.178671 0.1205191 0.2841981 2.073432 0.3282422 0.3814684 2.346121 0.2260678 0.09790254 2.035277 0.3979068 0.2286624 2.473195 0.4057301 0.09518795 2.177482 0.5186793 0.09828956 2.379704 0.4476834 0.131704 2.23139 0.5589368 0.05483194 2.352951 0.1927258 0.09905723 2.210473 0.1922757 0.0348453 2.220022 0.1494168 -0.03301065 2.17745 0.2341611 -0.03720399 2.273226 0.1060432 -0.4942844 2.262866 0.2546948 -0.5545679 2.448873 0.06397799 -0.855998 2.301309 0.2528395 -0.8692179 2.496046 0.1252255 -0.8992521 2.262548 0.3173223 -0.9195409 2.517383
0.2366596 0.5985347 2.131793 0.1932983 0.4246383 2.177719 0.1213156 0.2838123 2.073006 0.3269671 0.3828778 2.346154 0.2182892 0.1105433 2.031051 0.3985085 0.2309141 2.475653 0.4064254 0.09719051 2.177408 0.5168666 0.1027675 2.375277 0.4430729 0.1302608 2.223257 0.4628064 0.1312263 2.249247 0.1926287 0.1006502 2.210197 0.1923366 0.03641066 2.2199 0.1501014 -0.032222 2.176762 0.2338773 -0.03607023 2.274035 0.1060523 -0.4950804 2.262656 0.2549923 -0.5613239 2.450778 0.06235106 -0.8561087 2.302273 0.2526722 -0.8709099 2.497151 0.07504384 -0.9254784 2.289074 0.3222068 -0.9215862 2.509686
0.2366837 0.598317 2.13149 0.1931326 0.4250953 2.177089 0.1219544 0.2832304 2.07256 0.3259383 0.3840603 2.346065 0.2169512 0.1104468 2.030275 0.3982425 0.2307939 2.476171 0.4063109 0.09736128 2.177156 0.5172912 0.105322 2.372892 0.4421652 0.1288714 2.222974 0.4636452 0.131907 2.250859 0.1926291 0.1014271 2.210154 0.1923896 0.03718265 2.219976 0.1505724 -0.03168469 2.176709 0.2335899 -0.03532208 2.274518 0.107377 -0.4958147 2.263237 0.2549968 -0.5612926 2.450397 0.06297293 -0.8569086 2.30266 0.2528522 -0.869993 2.495509 0.07468572 -0.9262996 2.288692 0.3163019 -0.9178874 2.509367
0.2366318 0.5983551 2.131238 0.1927647 0.4253936 2.176554 0.1227264 0.2832262 2.07179 0.3237648 0.3819847 2.343337 0.219567 0.1075275 2.029982 0.398145 0.2304853 2.476221 0.4070957 0.09661077 2.178106 0.5170931 0.1055284 2.372097 0.4435698 0.1277823 2.223665 0.4644238 0.1266569 2.251844 0.1924257 0.1014135 2.210125 0.1921877 0.0371003 2.22 0.1505814 -0.0317171 2.176631 0.2327219 -0.03557723 2.275074 0.1072825 -0.4941927 2.260859 0.2550013 -0.5615774 2.450216 0.06315707 -0.857492 2.302506 0.2514285 -0.8748144 2.497959 0.07517301 -0.9268054 2.28841 0.3146988 -0.9209393 2.517772
0.2366706 0.598381 2.131235 0.1927043 0.4254927 2.176561 0.1227484 0.2830265 2.071715 0.3236102 0.3810381 2.343728 0.2148319 0.1032719 2.025999 0.3965335 0.2225804 2.473846 0.4064429 0.09291044 2.177109 0.5093595 0.09773192 2.362088 0.4440814 0.1248182 2.221188 0.465224 0.1206205 2.251002 0.1896683 0.1026489 2.209713 0.1885321 0.03853951 2.219449 0.1467749 -0.03084609 2.175021 0.2272049 -0.03441348 2.275249 0.1065342 -0.4942378 2.259475 0.2545947 -0.5620052 2.450034 0.06320368 -0.8574331 2.302453 0.2515208 -0.8746703 2.498162 0.07454699 -0.9269878 2.289002 0.3146939 -0.9211206 2.517941
0.2366602 0.5984215 2.131218 0.1926461 0.4257825 2.176768 0.1227344 0.2830272 2.071718 0.3239671 0.3802051 2.344763 0.2108642 0.0981866 2.022576 0.3951118 0.2133108 2.462886 0.4041432 0.08801097 2.173295 0.5167459 0.07647842 2.382527 0.4474058 0.07378323 2.221291 0.4490623 0.09308109 2.223956 0.1898488 0.1016685 2.210106 0.1889548 0.03673129 2.220012 0.1473077 -0.03203158 2.176089 0.2278729 -0.03561654 2.275063 0.1062517 -0.4976842 2.260679 0.2546364 -0.5618823 2.449733 0.06325892 -0.8574371 2.302447 0.2518149 -0.8734787 2.496497 0.07455415 -0.9269303 2.288644 0.3151247 -0.9212456 2.517301
0.2367432 0.5983498 2.1315 0.1926661 0.4259627 2.177013 0.1226778 0.2832655 2.07174 0.3256058 0.3782818 2.34699 0.1997007 0.08849795 2.014526 0.391787 0.2027345 2.446818 0.356777 0.03193938 2.102051 0.4363464 0.02950247 2.35594 0.4174988 0.04280305 2.166921 0.4442607 0.08185559 2.211923 0.1866444 0.09876829 2.210115 0.1844306 0.03242293 2.219802 0.1413822 -0.03308554 2.176507 0.2234699 -0.04136822 2.273228 0.1059176 -0.4987867 2.261034 0.2540531 -0.5615347 2.449169 0.06299786 -0.8569236 2.302276 0.2519804 -0.8735861 2.497014 0.07470163 -0.926397 2.288717 0.3148162 -0.9226544 2.518711
0.2386596 0.5987742 2.133683 0.193146 0.4257671 2.177712 0.1223234 0.2840158 2.072046 0.3300429 0.3747495 2.351587 0.200276 0.08844264 2.013068 0.391679 0.1918436 2.432968 0.3549918 0.02911451 2.102633 0.4429356 0.01559262 2.353917 0.4196839 0.03243357 2.164415 0.4370805 0.06056035 2.187388 0.1752462 0.09914055 2.210948 0.1683307 0.03363786 2.220483 0.115581 -0.02911785 2.177925 0.2041935 -0.04039776 2.272741 0.1058005 -0.4988386 2.261048 0.2539413 -0.5613885 2.448936 0.06379531 -0.8580508 2.302617 0.2509529 -0.873549 2.497708 0.07470568 -0.9273865 2.287756 0.3175768 -0.9242153 2.532996
0.2389103 0.5991403 2.134985 0.1943226 0.4259566 2.179512 0.1215966 0.2858247 2.073309 0.3327664 0.3697833 2.350998 0.1968181 0.08823101 2.006794 0.3887125 0.1748829 2.404023 0.3479485 0.02301709 2.098111 0.4323193 0.0006066412 2.314964 0.4144251 0.0137396 2.157339 0.4308876 0.04536851 2.1607 0.1721652 0.09364814 2.211601 0.1650115 0.02612656 2.220815 0.1127885 -0.03419467 2.177037 0.2020392 -0.0523354 2.27365 0.1059841 -0.5026745 2.263877 0.253482 -0.5631059 2.449367 0.06372046 -0.8579549 2.302534 0.2508396 -0.8736073 2.497665 0.07533407 -0.9271015 2.287329 0.3211101 -0.9240889 2.525111
0.2404364 0.5993677 2.137047 0.1955532 0.4258866 2.181463 0.1214839 0.2874283 2.07378 0.3368483 0.3610989 2.34773 0.118111 0.1123824 1.961953 0.385899 0.1544931 2.37532 0.3219467 0.02565451 2.076002 0.460433 -0.02370656 2.335387 0.3781464 0.01113539 2.117514 0.4852777 -0.08310646 2.326487 0.1712056 0.09043465 2.211854 0.1642075 0.02226736 2.220756 0.1119819 -0.03666889 2.176458 0.2021334 -0.05754269 2.273427 0.1078751 -0.5051434 2.268842 0.2531004 -0.5624698 2.449335 0.06397232 -0.8581543 2.302269 0.2510103 -0.8734736 2.498493 0.07517564 -0.9272907 2.286716 0.3205035 -0.9241211 2.525379
0.2449816 0.5993971 2.143046 0.1961786 0.425872 2.182146 0.1217021 0.2895792 2.073974 0.3390001 0.3573259 2.344447 0.1264014 0.09682283 1.971166 0.3854889 0.1505811 2.361735 0.3194835 0.01912355 2.069707 0.4433339 -0.02708852 2.29273 0.3723529 0.00912237 2.108211 0.4626155 -0.08631173 2.274138 0.1690164 0.08955835 2.212486 0.1617213 0.02141516 2.221418 0.1089185 -0.03756372 2.17661 0.1993872 -0.05860172 2.274658 0.108018 -0.5050561 2.269032 0.2532917 -0.5634986 2.450275 0.06391592 -0.8579483 2.302064 0.2508511 -0.8744586 2.50039 0.0754276 -0.927157 2.287069 0.3199628 -0.9243521 2.524078
0.2465756 0.5998279 2.145223 0.1971364 0.4259803 2.183294 0.1236213 0.2923265 2.0758 0.3447915 0.3495165 2.340433 0.07685834 0.1353708 1.943992 0.3848312 0.1431947 2.339915 0.2889921 0.02618457 2.043351 0.4115282 -0.02213486 2.226801 0.3505496 0.01518458 2.064971 0.4191666 0.02073905 2.08879 0.1707917 0.08817698 2.211804 0.1645748 0.01955713 2.220143 0.1129315 -0.04039983 2.172696 0.2050471 -0.06357037 2.274018 0.1079712 -0.5051271 2.269022 0.2532775 -0.5635825 2.450495 0.06386151 -0.8575153 2.302402 0.2509689 -0.8744726 2.500925 0.07542645 -0.9266345 2.28704 0.3198944 -0.9244373 2.524049
0.2493201 0.6005051 2.149253 0.1975679 0.4261011 2.183911 0.1275965 0.2962904 2.081709 0.3514965 0.3404336 2.339023 0.04706655 0.1695928 1.931295 0.3808408 0.1392805 2.314076 0.2575016 0.04115906 2.011981 0.3938028 0.002362922 2.162612 0.3153844 0.04635162 2.043609 0.4154983 -0.02543976 1.998078 0.1982539 0.08167179 2.212795 0.20438 0.01096075 2.221208 0.1640596 -0.05958948 2.176039 0.2560641 -0.06423091 2.273442 0.1074818 -0.5067241 2.269534 0.2531134 -0.5634016 2.450481 0.06393331 -0.8571286 2.302558 0.2514397 -0.8751477 2.502275 0.07590427 -0.9262255 2.287411 0.3184194 -0.9221631 2.522569
0.2501421 0.6015994 2.150979 0.1978302 0.4262423 2.184292 0.1277116 0.2967682 2.082481 0.3545343 0.3338552 2.333657 0.04078052 0.1753878 1.931079 0.3785462 0.1404277 2.30206 0.1907239 0.05724443 1.959624 0.39175 0.002000317 2.152132 0.2663715 0.0385141 2.003668 0.3026676 0.04405985 2.01028 0.2001376 0.08060786 2.21328 0.2049445 0.01035433 2.221555 0.1638926 -0.05951951 2.176447 0.2562578 -0.06488181 2.273613 0.1081441 -0.5084088 2.271444 0.2531867 -0.5624554 2.450467 0.06400862 -0.8572146 2.302651 0.2513956 -0.8755658 2.503148 0.07491153 -0.9266182 2.288113 0.3191394 -0.9227493 2.52332
0.2514316 0.6025243 2.152108 0.1982964 0.4264678 2.184819 0.1270455 0.2968686 2.08303 0.3559159 0.3327971 2.330761 0.02770327 0.179255 1.925558 0.3734637 0.1393249 2.287976 0.1906035 0.05787573 1.959019 0.3816745 0.01249959 2.12686 0.2703043 0.04342474 1.997127 0.2982789 0.04215206 1.993117 0.1974423 0.08101799 2.210534 0.1980065 0.01140074 2.216601 0.145791 -0.05514276 2.168142 0.2461776 -0.0649602 2.265981 0.1081474 -0.5080878 2.271374 0.2530515 -0.5618057 2.450329 0.06449515 -0.858075 2.302671 0.251368 -0.8755462 2.5032 0.1210478 -0.9016469 2.257646 0.3186733 -0.9226463 2.522463
0.2523758 0.6035893 2.154325 0.1985199 0.426557 2.185278 0.1255481 0.296595 2.08378 0.3569782 0.3308266 2.326331 0.01848666 0.1826699 1.922492 0.3710775 0.1380771 2.274463 0.1909513 0.06093924 1.956741 0.3811314 0.009026721 2.1154 0.2713563 0.04709359 1.993573 0.2959695 0.04304951 1.981084 0.198368 0.08055571 2.211255 0.1991155 0.01080235 2.217907 0.1484065 -0.05600315 2.173014 0.2480583 -0.06521401 2.267076 0.108695 -0.5093793 2.273741 0.2534908 -0.560714 2.450253 0.06451574 -0.8580933 2.302691 0.2519864 -0.8739242 2.501616 0.1202399 -0.9017789 2.256754 0.3183831 -0.9228559 2.521168
0.2539869 0.604955 2.156126 0.1988375 0.4268286 2.185865 0.1223502 0.2966653 2.084044 0.358178 0.3288987 2.321775 0.01139075 0.1873353 1.921106 0.3662946 0.136682 2.247781 0.1905211 0.06621705 1.953961 0.3827796 -0.003767744 2.100297 0.2714889 0.05547195 1.987969 0.2946268 0.04383957 1.973525 0.1997131 0.08005225 2.212331 0.2006929 0.0101269 2.219572 0.1504308 -0.05649835 2.177818 0.2508968 -0.06547541 2.267909 0.1085443 -0.5095745 2.273855 0.2538917 -0.5554504 2.448809 0.06466949 -0.8580506 2.302755 0.2518222 -0.8735002 2.50159 0.1193722 -0.9018695 2.25573 0.3192026 -0.9229847 2.532541
0.2549672 0.6054398 2.157678 0.1988658 0.4269572 2.186094 0.1178719 0.2984678 2.08417 0.3598531 0.3260472 2.318479 0.005946872 0.1876898 1.919375 0.3648128 0.1364359 2.247293 0.1918556 0.0687365 1.953491 0.3803167 0.003257021 2.092484 0.2717831 0.0564997 1.98746 0.2927517 0.04508197 1.964263 0.1999637 0.08005878 2.212541 0.2009612 0.01015655 2.21993 0.1503617 -0.05650114 2.17881 0.2520929 -0.06552215 2.268091 0.1075722 -0.5079651 2.272506 0.2542001 -0.5524828 2.448249 0.06515662 -0.8582543 2.302862 0.253575 -0.8723174 2.499877 0.1187611 -0.9022175 2.254721 0.3193564 -0.9241488 2.527155
0.2548998 0.605749 2.158095 0.1989501 0.4271264 2.186344 0.1151963 0.2994705 2.084637 0.3604068 0.3254871 2.316961 0.002871456 0.1883333 1.919485 0.3657257 0.1353201 2.24822 0.1922276 0.07007448 1.953607 0.3800367 0.00521183 2.090462 0.2717631 0.05693924 1.987489 0.2928199 0.04583051 1.962768 0.2003743 0.07997225 2.212752 0.2013897 0.01005435 2.220256 0.1505494 -0.05674853 2.17985 0.2534176 -0.06549135 2.26794 0.1068087 -0.5084761 2.272483 0.2540143 -0.5519872 2.448098 0.06517064 -0.8580901 2.302963 0.2528804 -0.8737869 2.500594 0.1181798 -0.902122 2.254229 0.3176007 -0.925205 2.52562
0.254223 0.6059149 2.158671 0.1989093 0.4276301 2.186735 0.1135313 0.3002692 2.084985 0.3607614 0.3253892 2.316307 0.0009843742 0.1874531 1.92024 0.3658604 0.1349708 2.248677 0.1920608 0.07044606 1.953765 0.3800634 0.005617708 2.090233 0.2726294 0.05705581 1.98821 0.292893 0.04580484 1.962497 0.2007587 0.08006793 2.212923 0.201826 0.01013858 2.220513 0.150862 -0.05675937 2.180341 0.2543875 -0.0654711 2.267939 0.1066182 -0.5085801 2.272385 0.2540942 -0.552004 2.448134 0.06598451 -0.8588184 2.302697 0.2529837 -0.8751723 2.501129 0.1186553 -0.9028727 2.253619 0.3189095 -0.9262841 2.521507
0.2544311 0.6062708 2.159194 0.1990444 0.4278441 2.186999 0.1124585 0.3001847 2.085241 0.3611886 0.3249482 2.315853 -0.0003159466 0.1849681 1.923826 0.3722414 0.1337808 2.253097 0.1910602 0.0701472 1.954313 0.382124 0.00687407 2.092159 0.2723395 0.05621044 1.989138 0.2962015 0.04531476 1.963917 0.2010017 0.08021504 2.21298 0.2020389 0.01030752 2.2206 0.150897 -0.05677709 2.180357 0.25477 -0.06548277 2.268035 0.1067618 -0.5094966 2.27375 0.2546177 -0.550986 2.447653 0.066098 -0.859141 2.302583 0.2540257 -0.874429 2.498526 0.11852 -0.9032187 2.25326 0.3187523 -0.9254188 2.518081
0.2540459 0.6065528 2.159825 0.1986336 0.4281726 2.187217 0.1120524 0.3001199 2.085318 0.3611858 0.3249723 2.315864 -7.678788E-05 0.1770384 1.931403 0.3763008 0.1328378 2.260299 0.1486456 0.05333305 1.942633 0.3819242 0.008464187 2.097003 0.2319291 0.03862697 1.971976 0.2972265 0.04442898 1.96728 0.2012326 0.08021521 2.21294 0.2023886 0.01028816 2.220576 0.1514913 -0.05708522 2.179985 0.2555691 -0.06592268 2.268254 0.1069366 -0.5102111 2.274697 0.2543585 -0.5515603 2.447724 0.06614389 -0.859489 2.302425 0.2535372 -0.874528 2.499341 0.1185293 -0.9035379 2.253037 0.3207197 -0.925909 2.517505
0.2521013 0.6071566 2.160146 0.1984338 0.4281798 2.187308 0.1120392 0.3001133 2.085335 0.361131 0.3249627 2.315842 0.007481277 0.1633217 1.942198 0.3871462 0.1320862 2.277981 0.2335457 0.04982297 2.003836 0.3821862 0.01277741 2.110605 0.3089005 0.01199006 2.028793 0.2999051 0.04011852 1.972536 0.2013696 0.0801363 2.21258 0.2025642 0.01021544 2.22015 0.1520952 -0.05760553 2.178124 0.2557026 -0.06632661 2.268106 0.1070973 -0.5111325 2.275516 0.2543267 -0.5510495 2.447411 0.06621206 -0.8595767 2.302449 0.2534924 -0.8731609 2.496584 0.1186115 -0.9035939 2.253048 0.3203109 -0.9252753 2.518135
0.2511201 0.607106 2.159937 0.1981411 0.4281476 2.187413 0.111853 0.299887 2.085161 0.3600065 0.3250368 2.316309 0.02255991 0.1490074 1.953122 0.389583 0.1323194 2.292416 0.2500152 0.03887056 2.015561 0.427104 -0.0219319 2.165968 0.30125 0.03029659 2.056542 0.439611 -0.07334899 2.128229 0.2026349 0.0799579 2.212178 0.204404 0.01003665 2.219662 0.1561821 -0.05934806 2.175375 0.2578699 -0.06723475 2.268841 0.1066686 -0.5121461 2.275674 0.2542455 -0.5510052 2.447397 0.06598341 -0.8594632 2.302324 0.2526713 -0.8742715 2.500731 0.118606 -0.9033632 2.253056 0.3195242 -0.9268421 2.522791
0.2497738 0.6068568 2.159556 0.1978054 0.4280987 2.187436 0.1116166 0.2991116 2.084476 0.3591985 0.3252143 2.318378 0.05519736 0.1188138 1.970485 0.393204 0.1344919 2.314482 0.2847796 0.01683244 2.037772 0.4195204 -0.01230897 2.175648 0.3341583 0.007386208 2.080789 0.4282925 -0.06124261 2.133781 0.2036729 0.07963533 2.211623 0.2058206 0.009665195 2.219016 0.1579429 -0.06012096 2.173922 0.2597264 -0.06815571 2.268827 0.104103 -0.5116208 2.271918 0.2538705 -0.5516915 2.447429 0.06597134 -0.8590964 2.302914 0.2524143 -0.8742898 2.500916 0.1190224 -0.9028625 2.253987 0.3176901 -0.9255909 2.524034
0.2483402 0.606833 2.159228 0.1975289 0.4281522 2.187399 0.1112019 0.2982526 2.083583 0.358319 0.3265643 2.321759 0.07103207 0.1120167 1.979245 0.3984139 0.1333742 2.342657 0.2959054 0.007640854 2.056173 0.4166171 -0.04424967 2.251086 0.3491667 0.002804275 2.095131 0.4226848 -0.1034576 2.224973 0.2050445 0.07957934 2.211478 0.2076904 0.009613191 2.218963 0.1613283 -0.06104143 2.173938 0.2611114 -0.06832102 2.269061 0.1039565 -0.5112058 2.271292 0.2538736 -0.551734 2.447299 0.06584621 -0.8588153 2.302631 0.2524266 -0.8659366 2.497117 0.11948 -0.902435 2.254211 0.3173518 -0.9251561 2.525162
0.2480213 0.6065773 2.158665 0.1972438 0.4279763 2.187289 0.1104906 0.2970869 2.082586 0.3557374 0.3282616 2.325498 0.09209475 0.1036716 1.997016 0.3977031 0.1382026 2.355504 0.3154331 -0.001764856 2.07322 0.4245896 -0.03917858 2.265909 0.3677343 -0.008032266 2.113261 0.4335518 -0.09830566 2.240454 0.2063282 0.0786365 2.210873 0.2092788 0.008513026 2.218337 0.1635347 -0.06181041 2.174006 0.2621662 -0.0689416 2.26799 0.1040855 -0.5101416 2.270743 0.2538584 -0.5520722 2.44736 0.06584684 -0.8588101 2.30254 0.2517474 -0.866373 2.497221 0.1202576 -0.902246 2.254828 0.31336 -0.922608 2.521087
0.2470793 0.6062065 2.157138 0.1972293 0.428032 2.187267 0.1106029 0.2964728 2.082182 0.3518772 0.3329706 2.328745 0.1127417 0.1003689 2.010896 0.4012833 0.1576273 2.394616 0.3285322 0.001663 2.095052 0.43333 -0.01827089 2.303596 0.3991959 -0.002476302 2.147364 0.4440122 -0.07690363 2.277667 0.2132595 0.07714897 2.214103 0.2185032 0.006401073 2.223145 0.1795683 -0.06569485 2.183624 0.2694405 -0.06792645 2.271932 0.107388 -0.5095232 2.274239 0.2532131 -0.5551163 2.446903 0.06418227 -0.8615887 2.304518 0.2517072 -0.8668697 2.497273 0.07681927 -0.9300402 2.287155 0.3138591 -0.9231707 2.520719
0.246345 0.6062987 2.155958 0.1972083 0.4279965 2.187075 0.1108467 0.2951826 2.081824 0.3487034 0.3404249 2.338656 0.1383718 0.0864366 2.022529 0.4028488 0.1668077 2.410684 0.3334343 0.008289046 2.105134 0.4442909 -0.01321073 2.335051 0.4036729 0.006227183 2.160595 0.4046169 -0.01138943 2.254825 0.2130755 0.07787484 2.212319 0.2177445 0.007655049 2.220518 0.1764118 -0.06369494 2.176265 0.2688094 -0.06756337 2.270728 0.1046302 -0.5088964 2.271808 0.2530206 -0.553252 2.445704 0.06389382 -0.8619246 2.30445 0.2520592 -0.8667634 2.49701 0.0776188 -0.9301707 2.287104 0.3136034 -0.9226778 2.516939
0.2460378 0.6061471 2.155215 0.1971828 0.4280961 2.186738 0.1117677 0.2927727 2.081782 0.3474995 0.3457821 2.344281 0.1469372 0.09435171 2.024956 0.4017152 0.1743495 2.422503 0.3429735 0.01571338 2.112855 0.4456788 -0.0001731664 2.33426 0.406505 0.02204019 2.175604 0.4458526 0.04482055 2.219513 0.1785754 0.08538631 2.202219 0.1680029 0.01813069 2.207262 0.1146 -0.04661871 2.158275 0.2110575 -0.0642929 2.260177 0.1041845 -0.5087492 2.271862 0.2525784 -0.5537247 2.445303 0.06393743 -0.861991 2.303952 0.252449 -0.8680453 2.498472 0.07774859 -0.9303924 2.287299 0.3133761 -0.9226708 2.516843
0.2461884 0.6059411 2.154904 0.1974304 0.4280975 2.186432 0.1128819 0.2914338 2.081287 0.3462362 0.3510303 2.348515 0.175262 0.09198841 2.034864 0.4048303 0.189399 2.445053 0.3529105 0.02204794 2.118633 0.4684079 0.006423593 2.409566 0.4101939 0.04009459 2.185015 0.4896005 -0.05456821 2.402147 0.2208268 0.08451934 2.214639 0.228315 0.01573284 2.225119 0.1890374 -0.05236048 2.185605 0.2772886 -0.05725057 2.274416 0.09929495 -0.5062395 2.267092 0.2519245 -0.5536889 2.444876 0.06394944 -0.8620927 2.30319 0.2521847 -0.8688269 2.498306 0.07756555 -0.9307029 2.28725 0.3170619 -0.9242458 2.514287
0.2463622 0.6055294 2.15433 0.1976089 0.4282056 2.186295 0.1143925 0.2905044 2.080949 0.3445279 0.3570378 2.35175 0.1874304 0.08929442 2.03895 0.4059277 0.1979335 2.45706 0.3977958 0.06753838 2.183394 0.4621086 0.02618802 2.370585 0.4466299 0.06434046 2.227925 0.4808355 -0.03106049 2.346171 0.2052798 0.08685001 2.212129 0.2012046 0.01925144 2.220235 0.1442824 -0.05068088 2.16982 0.2461883 -0.05651869 2.275079 0.09978595 -0.5129051 2.272049 0.2514739 -0.5536161 2.44418 0.06407164 -0.8618531 2.302897 0.251785 -0.871852 2.499237 0.07712319 -0.9303563 2.286049 0.3194752 -0.9247025 2.515086
0.2467414 0.6060175 2.15357 0.198128 0.4282556 2.185992 0.1155425 0.2900125 2.080698 0.3433221 0.3582586 2.351959 0.1984702 0.09139033 2.040343 0.4057525 0.207138 2.464686 0.4057553 0.06988028 2.188847 0.5047652 0.0417504 2.422118 0.4448765 0.1013754 2.231925 0.5377694 -0.01337879 2.412339 0.2078274 0.0855919 2.212195 0.2078175 0.01656797 2.22068 0.1659161 -0.05681859 2.172428 0.2549951 -0.05898535 2.276244 0.09927559 -0.5136552 2.271972 0.2517576 -0.5530913 2.443892 0.06263342 -0.8631626 2.303087 0.2520286 -0.8623779 2.495399 0.07793396 -0.930981 2.285384 0.318836 -0.9230937 2.517629
0.2468703 0.6060968 2.153285 0.1985796 0.4284932 2.185964 0.1172281 0.2896334 2.080296 0.3420947 0.3626747 2.354355 0.202106 0.09410375 2.038648 0.404566 0.2122626 2.466767 0.4078678 0.07520329 2.189407 0.4935719 0.04337119 2.413903 0.4440784 0.1150351 2.227881 0.5232406 -0.01292597 2.400693 0.2097604 0.08549859 2.212585 0.2111187 0.01642732 2.221303 0.1691271 -0.05730866 2.172683 0.2592249 -0.05894013 2.277806 0.09722217 -0.5149352 2.269744 0.2517223 -0.5531522 2.443741 0.06294017 -0.8630042 2.302958 0.2520993 -0.8622572 2.495093 0.07749218 -0.9308379 2.284692 0.3180411 -0.9234002 2.51679
0.247354 0.6060525 2.153028 0.1991443 0.4286976 2.185704 0.1184203 0.2894911 2.079927 0.3397852 0.3652412 2.354308 0.2037129 0.103293 2.03802 0.4047375 0.212945 2.467153 0.4087852 0.07859728 2.188871 0.5055194 0.0519519 2.409863 0.4465724 0.1156405 2.228595 0.5389168 0.01803036 2.363906 0.2138812 0.08389924 2.21435 0.2170057 0.01416937 2.223952 0.1803482 -0.06015598 2.17907 0.2622949 -0.05915431 2.279037 0.09747221 -0.5144823 2.269988 0.2519459 -0.5520768 2.442897 0.06301191 -0.8627911 2.30277 0.2523851 -0.8629872 2.495003 0.07742445 -0.9307368 2.284814 0.3173987 -0.922971 2.517179
0.2476904 0.6060715 2.153099 0.1996482 0.4289126 2.185564 0.1195202 0.2894955 2.0797 0.3394902 0.3659768 2.355074 0.202412 0.1096117 2.035649 0.4046709 0.2136702 2.467252 0.4074785 0.08172831 2.185995 0.507429 0.05458447 2.407661 0.4463507 0.1133813 2.229182 0.5404381 0.01945131 2.362338 0.19082 0.1072617 2.20785 0.1820544 0.04880355 2.214043 0.1329542 -0.02858701 2.170573 0.222996 -0.01654924 2.26365 0.09909561 -0.5159379 2.271806 0.252046 -0.5547082 2.44399 0.06302202 -0.8625829 2.302377 0.2527405 -0.866394 2.496425 0.0774136 -0.9306985 2.285061 0.3180711 -0.9237422 2.517835
0.2492335 0.6062649 2.154298 0.2000121 0.4289351 2.18551 0.1200865 0.289473 2.079566 0.3399695 0.366959 2.356869 0.2006109 0.111989 2.034129 0.404613 0.2137077 2.467031 0.4066954 0.08301137 2.182998 0.5081434 0.05578063 2.405251 0.4438086 0.1257908 2.217212 0.5406381 0.01976709 2.360249 0.1897742 0.1061286 2.208062 0.1817854 0.04498544 2.214901 0.1304084 -0.03485357 2.169668 0.2246751 -0.02195174 2.267119 0.09981092 -0.5165981 2.272527 0.2527152 -0.5561166 2.445107 0.06308806 -0.862579 2.302298 0.2529023 -0.868838 2.498095 0.0768282 -0.9306238 2.284193 0.3185229 -0.9240927 2.517365
0.2495778 0.6059179 2.154487 0.2006144 0.429001 2.185649 0.1206772 0.2893875 2.079699 0.3382551 0.3683174 2.353293 0.1967778 0.1113483 2.030769 0.4036416 0.2124843 2.464828 0.4035809 0.08310059 2.178848 0.4989131 0.05118713 2.397533 0.442097 0.1226918 2.215277 0.5292927 0.01236005 2.353402 0.1903533 0.103304 2.208788 0.1847968 0.03817565 2.216552 0.1348164 -0.03484793 2.171522 0.2268519 -0.03503425 2.268156 0.09977662 -0.5155079 2.271921 0.2528732 -0.5566023 2.445634 0.06315506 -0.8624805 2.301971 0.2527702 -0.8696926 2.498552 0.07680354 -0.9305792 2.284002 0.3189534 -0.9243298 2.516759
0.2501883 0.6057476 2.155431 0.2011923 0.4292295 2.185906 0.1211546 0.2892026 2.079933 0.3383128 0.3681678 2.353363 0.1924441 0.09929451 2.026047 0.4032217 0.2111456 2.460381 0.4024444 0.08223277 2.171545 0.4706102 0.04087713 2.38019 0.4498195 0.09426887 2.216141 0.5005978 4.317984E-05 2.33763 0.1850124 0.09129387 2.209559 0.1787632 0.02095429 2.217433 0.1312696 -0.04080911 2.171464 0.217317 -0.06119746 2.269747 0.1011215 -0.5167164 2.27462 0.2529106 -0.5571139 2.44629 0.06218413 -0.862372 2.302354 0.2521268 -0.8687412 2.498374 0.07725704 -0.9300519 2.283947 0.318604 -0.9253894 2.52113
0.2504681 0.6058277 2.155719 0.2015922 0.4293516 2.18613 0.1214607 0.2892564 2.080351 0.3387057 0.3678488 2.353568 0.1783464 0.1056683 2.021585 0.4006489 0.2028029 2.444259 0.336946 0.04018647 2.10095 0.4700286 0.03278697 2.365476 0.4011052 0.05723488 2.161007 0.5006728 -0.008129999 2.323466 0.2207153 0.08225201 2.219667 0.2299764 0.01104134 2.230942 0.1896365 -0.06102225 2.189945 0.2785445 -0.05674729 2.281776 0.109966 -0.509599 2.282027 0.2530924 -0.556665 2.446648 0.06236739 -0.8622392 2.302272 0.2519542 -0.8694949 2.498847 0.07721172 -0.9299523 2.283802 0.3298307 -0.924897 2.51577
0.2504995 0.6057195 2.155992 0.2023273 0.4294654 2.186761 0.1215155 0.2896565 2.081461 0.3407671 0.3645047 2.35317 0.1607479 0.1025131 2.017359 0.3997965 0.1942983 2.436372 0.3256271 0.04287542 2.094397 0.4498153 0.02312388 2.344317 0.3934208 0.05315962 2.151948 0.4802287 -0.01798557 2.302327 0.2037341 0.0831629 2.217455 0.1953134 0.01397522 2.225259 0.1380248 -0.04902378 2.180205 0.2368469 -0.06111209 2.275496 0.1076378 -0.5081555 2.28035 0.2530839 -0.5564772 2.446783 0.062131 -0.8619366 2.301868 0.2517108 -0.8689066 2.498024 0.07710687 -0.9297298 2.283804 0.3267372 -0.9272918 2.517585
0.2504029 0.6057706 2.157307 0.2027369 0.4292498 2.187193 0.1215903 0.2900258 2.082351 0.3429779 0.3608198 2.350725 0.1431298 0.1011838 2.012902 0.4019952 0.1761352 2.420032 0.3346175 0.03101395 2.099305 0.4451385 0.0006229877 2.33366 0.4065885 0.03334474 2.152491 0.475704 -0.04039617 2.291692 0.1832925 0.08376037 2.214644 0.1768524 0.01484696 2.222541 0.1243749 -0.04714528 2.179181 0.215617 -0.06082343 2.271227 0.113173 -0.5099626 2.288324 0.2531945 -0.5562262 2.446769 0.06218038 -0.8602106 2.302344 0.2521114 -0.8702288 2.498584 0.07684749 -0.9281796 2.284693 0.327789 -0.9276574 2.51265
0.2508331 0.6058576 2.158469 0.2031143 0.4292968 2.187928 0.1214421 0.2909985 2.084516 0.3520114 0.350683 2.35282 0.1289857 0.1022562 2.010225 0.4011853 0.1527026 2.384281 0.3329837 0.02106468 2.095221 0.4667709 -0.0150253 2.296343 0.3870325 0.01109012 2.132063 0.4972866 -0.05605576 2.25435 0.1811815 0.08434591 2.214954 0.174708 0.01550288 2.22285 0.1208883 -0.0465538 2.179247 0.2144524 -0.06129365 2.271826 0.1088974 -0.5074263 2.283047 0.2549065 -0.5485601 2.445681 0.06226232 -0.8601251 2.302285 0.2521275 -0.8696432 2.49731 0.07716925 -0.9280654 2.284726 0.3255164 -0.9271203 2.513453
0.2517346 0.6062155 2.160714 0.2035868 0.4293444 2.188422 0.1217896 0.2919703 2.086382 0.3544768 0.348511 2.350295 0.1032533 0.1066159 2.002832 0.402506 0.1463898 2.369866 0.3277441 0.007638409 2.082266 0.4348743 -0.01126422 2.246578 0.3824566 0.003791195 2.119277 0.465424 -0.05230671 2.204622 0.1811234 0.08466242 2.214815 0.1747511 0.01591729 2.222648 0.1210121 -0.04656113 2.177711 0.2148031 -0.06204809 2.272557 0.1082709 -0.5094215 2.283779 0.2553596 -0.5481822 2.445772 0.06229619 -0.8600382 2.30242 0.2527565 -0.8689249 2.495951 0.07701723 -0.9280794 2.285098 0.3220104 -0.924957 2.512331
0.2523019 0.6065467 2.162879 0.2047084 0.4292467 2.190409 0.1227743 0.2937354 2.090317 0.359448 0.3383043 2.343603 0.09013557 0.1073831 1.998494 0.4047075 0.1378055 2.350034 0.3163479 7.406622E-05 2.068306 0.4392612 -0.02261706 2.231516 0.3801714 -0.00900062 2.083216 0.4697944 -0.06365477 2.189543 0.1784289 0.08565481 2.216108 0.1714114 0.01720434 2.224034 0.1162421 -0.04610199 2.177901 0.2109707 -0.06257228 2.275938 0.107747 -0.5091513 2.28376 0.2557568 -0.5480279 2.446378 0.06173964 -0.8597037 2.302766 0.252354 -0.8704653 2.49744 0.07725161 -0.9274247 2.284889 0.3215398 -0.9247738 2.511747
0.2537748 0.6070786 2.165003 0.2054536 0.4292676 2.191602 0.1221966 0.2956771 2.094429 0.3631592 0.3330022 2.339057 0.05981264 0.1145571 1.989838 0.3983138 0.1339364 2.321084 0.288284 0.002015419 2.045297 0.4224379 -0.006402388 2.17467 0.3459838 -0.001990476 2.077434 0.4529671 -0.04744179 2.132696 0.1778922 0.08586862 2.216341 0.1708719 0.01742532 2.224204 0.1145879 -0.04613589 2.177954 0.210933 -0.06269316 2.276088 0.1056545 -0.5105806 2.282162 0.2561072 -0.5469197 2.447004 0.06195367 -0.8585848 2.303406 0.2531739 -0.8722825 2.498882 0.07687068 -0.9263414 2.285162 0.3212759 -0.9255835 2.512074
0.2572351 0.6079203 2.16978 0.2073452 0.4292228 2.193832 0.1219378 0.2977239 2.098717 0.3666152 0.3284736 2.332833 0.02281264 0.1313526 1.980798 0.3940812 0.1345459 2.304777 0.2538527 0.0187257 2.026883 0.4094659 0.001230985 2.150107 0.3308661 -0.01881659 2.046656 0.4399951 -0.03980841 2.108133 0.2338374 0.07329831 2.235897 0.2379498 0.002141505 2.246146 0.193578 -0.07128348 2.208603 0.2907872 -0.07091028 2.2947 0.1050072 -0.5113294 2.282904 0.2569086 -0.5459167 2.448468 0.06219382 -0.858319 2.303706 0.2531572 -0.8698099 2.498266 0.07665336 -0.9264464 2.286506 0.3191786 -0.9237621 2.521029
0.2581022 0.6079813 2.170945 0.2100241 0.4291599 2.197385 0.120508 0.2992239 2.103024 0.370571 0.325844 2.328342 0.01672152 0.135299 1.979613 0.3877887 0.1323016 2.286281 0.2495692 0.02263374 2.018063 0.4106981 -0.007693887 2.139294 0.327185 -0.01492135 2.03529 0.4412273 -0.04873326 2.09732 0.2336814 0.07360578 2.236262 0.2376727 0.002554875 2.246526 0.192874 -0.07087329 2.209241 0.2906628 -0.07076295 2.294845 0.1048935 -0.5137786 2.28625 0.2573433 -0.5444632 2.449452 0.06252797 -0.8571949 2.304609 0.2534151 -0.871323 2.49961 0.07631631 -0.925339 2.286932 0.3186588 -0.9242167 2.521548
0.2606942 0.6084862 2.173867 0.2114928 0.4286321 2.199244 0.1183942 0.3001885 2.105915 0.3735271 0.3255568 2.325725 0.001167328 0.1505752 1.977952 0.3857426 0.1330766 2.271188 0.1668144 0.04801656 1.972228 0.396978 -0.008491635 2.124367 0.2499455 0.02834028 1.998986 0.4275073 -0.0495312 2.082393 0.2287411 0.07574037 2.23431 0.2299559 0.005958533 2.243175 0.1746163 -0.06258168 2.204786 0.2846585 -0.06923541 2.289639 0.1043204 -0.5137019 2.287497 0.2581416 -0.5412949 2.450713 0.06257762 -0.8568747 2.304552 0.2541037 -0.8666573 2.499655 0.07521429 -0.9254614 2.287748 0.31813 -0.9238577 2.52079
0.2607059 0.6088544 2.174373 0.212898 0.4283226 2.199987 0.115484 0.3003712 2.108923 0.3764226 0.3223286 2.319978 -0.005097411 0.156137 1.976985 0.3767297 0.1281297 2.244393 0.153162 0.04353131 1.946801 0.3617147 -0.005413666 2.089902 0.23537 0.02130604 1.974403 0.392244 -0.04645326 2.047927 0.2249646 0.07631764 2.233182 0.2250086 0.006602315 2.241812 0.168056 -0.06091677 2.205591 0.2796697 -0.06918627 2.285677 0.1037373 -0.5115616 2.288225 0.2581697 -0.5411285 2.452272 0.06229553 -0.8562527 2.304949 0.2541273 -0.8671398 2.500035 0.07511042 -0.9247357 2.287861 0.3177752 -0.9242042 2.521686
0.2623312 0.6098574 2.175937 0.2146614 0.4282498 2.200788 0.1115118 0.3008843 2.110989 0.3778116 0.3215038 2.316542 -0.01405155 0.1621568 1.975849 0.3776321 0.1325991 2.242316 0.1449768 0.05030634 1.948033 0.3550547 3.704429E-05 2.087907 0.2307068 0.03350635 1.967581 0.3855842 -0.04100276 2.045933 0.2256194 0.07671136 2.235865 0.2261533 0.007009392 2.245934 0.1722307 -0.06169146 2.220023 0.2806261 -0.06836881 2.287108 0.1034923 -0.5106024 2.289682 0.2582042 -0.5398683 2.453219 0.06256807 -0.8559453 2.304997 0.2544766 -0.8708757 2.502353 0.07567001 -0.9245718 2.288724 0.3205165 -0.9260074 2.518495
0.2631587 0.6109125 2.176965 0.2152776 0.4284147 2.201125 0.1091258 0.3011321 2.112708 0.379625 0.3223954 2.31349 -0.01771564 0.1645494 1.975083 0.3754472 0.1316846 2.237017 0.1424071 0.05411071 1.948545 0.3546388 -0.003512204 2.084853 0.2279769 0.03679559 1.968347 0.3851685 -0.04455223 2.042879 0.2239574 0.07803294 2.235491 0.2240867 0.008565605 2.245348 0.1670168 -0.05913097 2.217978 0.2798235 -0.06741181 2.286179 0.1013734 -0.5077031 2.28951 0.2581411 -0.5384095 2.453696 0.05998151 -0.8587086 2.308544 0.2548779 -0.8711203 2.501415 0.07599334 -0.92571 2.288532 0.3209584 -0.9262629 2.51816
0.2635677 0.6120454 2.178135 0.215868 0.4281771 2.201587 0.1073338 0.3014002 2.113996 0.3810982 0.3221179 2.309468 -0.01997908 0.1664689 1.974709 0.3747786 0.1304291 2.234874 0.1407383 0.05681778 1.948852 0.3546164 -0.005484223 2.083317 0.2254176 0.03984277 1.972418 0.3851461 -0.04652427 2.041342 0.2222308 0.07893136 2.235228 0.2218779 0.009741081 2.244879 0.1636125 -0.05788302 2.216922 0.2782498 -0.06665044 2.285205 0.1000856 -0.5062062 2.28899 0.2584446 -0.5368607 2.454505 0.05668604 -0.8624277 2.310853 0.256202 -0.8716502 2.500967 0.0767681 -0.9279324 2.289597 0.3204992 -0.9263958 2.519452
0.2636369 0.6121247 2.178201 0.2162572 0.428248 2.201965 0.1063351 0.3013543 2.115122 0.3822473 0.3224425 2.308949 -0.02045997 0.1669606 1.974751 0.3750275 0.1297571 2.234647 0.1619719 0.06929093 1.967919 0.3544148 -0.005822062 2.082828 0.2469563 0.04958272 1.988003 0.3849446 -0.04686223 2.040853 0.2215577 0.07961053 2.235426 0.221178 0.01046081 2.245064 0.1628224 -0.05747363 2.2169 0.2779939 -0.06636229 2.28523 0.0992574 -0.5060777 2.289296 0.2584331 -0.5366359 2.454831 0.05598697 -0.8638286 2.311902 0.2556535 -0.873305 2.501963 0.07740194 -0.9286012 2.289722 0.3116953 -0.9233896 2.503279
0.2635577 0.6121464 2.178271 0.2163313 0.4282185 2.202075 0.1058561 0.3015588 2.115761 0.3828382 0.3225923 2.308767 -0.02042626 0.166927 1.97478 0.3768067 0.1324979 2.239894 0.1617998 0.06920639 1.967932 0.3469508 -0.001530528 2.088251 0.2456917 0.04969945 1.992341 0.3774805 -0.04257075 2.046277 0.2209283 0.07993697 2.235267 0.220558 0.01079883 2.244855 0.1620489 -0.05711601 2.21649 0.2776275 -0.06622789 2.2849 0.09851956 -0.5045103 2.289055 0.2580863 -0.5338998 2.454285 0.0550064 -0.8657628 2.314999 0.2567039 -0.8718145 2.499923 0.07837753 -0.9312102 2.297209 0.3108522 -0.9256284 2.513753
0.2635934 0.6121316 2.178314 0.2165829 0.4281856 2.202785 0.1058321 0.3016872 2.116013 0.382821 0.3225397 2.308785 -0.01863666 0.1648533 1.975507 0.3864983 0.1300142 2.252272 0.1670278 0.06466022 1.973706 0.4375781 -0.01337937 2.117215 0.2515428 0.04671315 1.997144 0.468108 -0.05441964 2.07524 0.2204506 0.07998633 2.235033 0.2200086 0.01081159 2.244433 0.1615177 -0.0570059 2.21537 0.2768526 -0.06626981 2.284218 0.09810552 -0.5021746 2.288441 0.2584022 -0.5318882 2.453753 0.05432693 -0.8652092 2.314906 0.2553048 -0.8654791 2.499225 0.07855753 -0.9306126 2.298133 0.3118429 -0.9239667 2.516076
0.2633866 0.6119925 2.17835 0.2164846 0.4284841 2.203513 0.1063485 0.3021574 2.116284 0.3827671 0.3220327 2.309845 -0.009735447 0.1576603 1.978133 0.3956614 0.1278147 2.272689 0.1474168 0.04231681 1.96821 0.415266 0.008477204 2.106531 0.2326347 0.02578929 1.990096 0.4457959 -0.03256309 2.064556 0.2200356 0.08011543 2.234715 0.2196164 0.01087496 2.243913 0.1614902 -0.05704314 2.21262 0.2763329 -0.06645657 2.284033 0.09613518 -0.5004786 2.285572 0.2584657 -0.5316035 2.453413 0.05379032 -0.8650862 2.31478 0.255676 -0.8663164 2.49852 0.07845836 -0.9303877 2.298248 0.31213 -0.923908 2.516026
0.2628553 0.612294 2.178566 0.2161596 0.4286608 2.203731 0.1069467 0.3023782 2.115928 0.3825815 0.3224351 2.311596 0.001349037 0.1486827 1.980793 0.4006066 0.1283485 2.28149 0.2366661 0.04019751 2.016908 0.4124238 -0.001485094 2.123291 0.3151051 0.004035778 2.033358 0.4429537 -0.0425254 2.081316 0.2196711 0.08065309 2.233767 0.2194375 0.01145974 2.242604 0.1624982 -0.05710687 2.208045 0.2761646 -0.06627253 2.283769 0.09608725 -0.5011225 2.285431 0.2585968 -0.5311503 2.453125 0.05499947 -0.8631217 2.311728 0.2561386 -0.8669115 2.498419 0.07785292 -0.9303429 2.301477 0.3108264 -0.9247272 2.515718
0.2615035 0.6121398 2.178404 0.2147315 0.4289659 2.20311 0.1076267 0.3023593 2.114108 0.3798963 0.3216249 2.314689 0.01642657 0.1429355 1.984936 0.4045334 0.1283499 2.295722 0.2512495 0.03583724 2.026164 0.4184505 -0.005227268 2.141157 0.306504 0.03772119 2.062518 0.4489804 -0.04626755 2.099182 0.2193749 0.08033146 2.232791 0.2194541 0.01093816 2.241542 0.1644954 -0.05864302 2.204704 0.2758984 -0.06679603 2.28366 0.09653248 -0.5008566 2.285423 0.2587329 -0.5313283 2.45271 0.05555084 -0.8606145 2.308358 0.2554531 -0.8611013 2.49701 0.07729789 -0.9288185 2.303745 0.3104921 -0.9234887 2.515801
