0.1083992 0.6340513 2.280861 0.09864552 0.4527374 2.29885 0.01867501 0.3283122 2.185113 0.2900866 0.3270437 2.477232 0.01223989 0.1707146 2.002394 0.4328672 0.1910717 2.445248 0.1711855 0.256019 1.899235 0.4903721 0.3420812 2.316052 0.2261961 0.3606523 1.879781 0.5054377 0.4246901 2.28836 0.1182074 0.1273831 2.297954 0.1366754 0.06679199 2.287286 0.0875245 0.000925678 2.254195 0.2011377 -0.002078346 2.313428 0.04901589 -0.5333335 2.377193 0.2218807 -0.5253031 2.50193 -0.01034192 -0.8914925 2.459869 0.2108607 -0.8583397 2.554233 0.01999846 -0.9500539 2.407396 0.246337 -0.9183678 2.540694
0.1067457 0.6338701 2.279499 0.1018836 0.454483 2.296538 0.01458286 0.3284759 2.181405 0.2932241 0.3287854 2.474999 0.006031638 0.1691405 2.010282 0.4304385 0.1870866 2.446957 0.1907219 0.3084511 1.909735 0.4797266 0.3440554 2.324939 0.213834 0.3854653 1.898519 0.494172 0.4307284 2.295274 0.1178842 0.1294139 2.297762 0.1358023 0.06824772 2.287205 0.08342349 0.001382841 2.255918 0.2005789 -0.000654557 2.312225 0.05063177 -0.5327105 2.378065 0.221599 -0.5257738 2.502097 -0.01049165 -0.8925654 2.459913 0.2112342 -0.8631593 2.554858 0.01940801 -0.9500165 2.40724 0.2592452 -0.9163942 2.56365
0.1052618 0.6334212 2.276762 0.1037687 0.4545666 2.294468 0.009223587 0.3270454 2.175763 0.295068 0.3288851 2.472969 0.007024457 0.1692375 2.009042 0.4311512 0.1860868 2.447441 0.1916378 0.3109148 1.912254 0.4729502 0.347963 2.32956 0.2082828 0.4048286 1.913425 0.4809959 0.4493303 2.30517 0.1177227 0.1304742 2.297534 0.1352717 0.06910124 2.287099 0.07997203 0.002214636 2.258369 0.2005981 0.0002128026 2.310446 0.05054671 -0.5342451 2.378603 0.22104 -0.5278476 2.50259 -0.01051494 -0.8925334 2.459885 0.2113445 -0.8644335 2.555115 0.01958214 -0.9500939 2.407117 0.2412784 -0.9241558 2.530981
0.1042029 0.6332958 2.275789 0.1061599 0.4552931 2.292072 0.007316442 0.3263803 2.173667 0.2974358 0.3296235 2.470592 0.009877918 0.1716331 2.006447 0.4312755 0.1847782 2.448699 0.1801511 0.3004134 1.923826 0.459767 0.3546696 2.339407 0.2058547 0.4100313 1.918662 0.4758131 0.4537323 2.311507 0.117718 0.1313109 2.29725 0.1349415 0.06959449 2.286926 0.07804151 0.002179314 2.259455 0.2006636 0.0006759071 2.309182 0.04972256 -0.5346206 2.377944 0.2210579 -0.5280301 2.502678 -0.01025395 -0.8928028 2.459811 0.2110745 -0.8641001 2.554123 0.01864189 -0.9501042 2.407421 0.2402971 -0.9245357 2.530908
0.1031724 0.6330217 2.274582 0.1069343 0.4550247 2.291446 0.006212184 0.3254211 2.171993 0.2982011 0.3293631 2.469974 0.01772639 0.1747027 2.001228 0.4316992 0.1842317 2.44893 0.1803258 0.3044657 1.926556 0.4605028 0.3555898 2.342379 0.2000488 0.4142668 1.925302 0.474101 0.4554482 2.314121 0.117739 0.1313622 2.297268 0.1349026 0.06958181 2.286968 0.07715439 0.001632733 2.261182 0.2008338 0.0004892817 2.308515 0.04730475 -0.5346339 2.376265 0.2207133 -0.5287992 2.502889 -0.01071275 -0.8912959 2.458875 0.2117946 -0.8679445 2.55393 0.0190275 -0.9500211 2.407328 0.2695701 -0.9228895 2.578052
0.102436 0.6324198 2.273636 0.1071091 0.4546424 2.291279 0.005153343 0.3252866 2.171129 0.2983724 0.3289877 2.46981 0.01349569 0.1825578 2.009336 0.4319145 0.1839256 2.44948 0.1794955 0.3032889 1.927305 0.463414 0.3542707 2.341956 0.1992863 0.413604 1.924851 0.4765231 0.4548684 2.314775 0.1175556 0.1315586 2.29713 0.1345179 0.06980386 2.286838 0.07625149 0.001454014 2.261286 0.200679 0.0006709475 2.307837 0.04704071 -0.534743 2.376146 0.2211634 -0.5279349 2.502587 -0.01069775 -0.8915337 2.458765 0.2091577 -0.8528607 2.552469 0.01972663 -0.9507278 2.407764 0.2640086 -0.9130787 2.573762
0.1000372 0.6317331 2.271572 0.1078717 0.454653 2.291168 0.005134673 0.3253095 2.171118 0.2991308 0.3290019 2.469701 0.005674864 0.1754048 2.017017 0.4318637 0.1832165 2.449732 0.1787303 0.2988262 1.925999 0.4707595 0.3507929 2.340039 0.2008944 0.4130679 1.923182 0.4874602 0.442856 2.310879 0.1174448 0.1318686 2.297166 0.1341538 0.07009459 2.28694 0.0753058 0.001510005 2.26171 0.2005231 0.0007661532 2.307691 0.04829466 -0.534337 2.376966 0.2212425 -0.5278705 2.502555 -0.01043612 -0.8920403 2.459258 0.2095742 -0.8626103 2.554213 0.01849657 -0.9505327 2.407763 0.2390238 -0.9232678 2.531878
0.09997418 0.6315879 2.271443 0.1062327 0.4523984 2.291702 0.005485134 0.3259822 2.171687 0.2974905 0.3267557 2.470236 0.007457233 0.1765667 2.017035 0.4323871 0.1829769 2.450352 0.1818504 0.2925398 1.916983 0.493318 0.3381189 2.331687 0.2185628 0.3730797 1.894771 0.5217718 0.4187854 2.301933 0.1163779 0.1290151 2.296975 0.1330232 0.06650304 2.286773 0.07462232 -0.0009203154 2.263337 0.1996227 -0.001907377 2.304783 0.04813065 -0.5324305 2.3754 0.2214978 -0.5263454 2.502145 -0.009654807 -0.8917782 2.46008 0.2096678 -0.862595 2.554165 0.01683 -0.9497177 2.407644 0.266825 -0.9104761 2.573805
0.100655 0.6309369 2.270965 0.1042656 0.4492956 2.293468 0.009243459 0.3271075 2.174523 0.295521 0.3236589 2.472003 0.007753017 0.1770754 2.017157 0.431237 0.1806961 2.452989 0.2091689 0.2949046 1.888438 0.5140849 0.3263143 2.325294 0.227432 0.3651627 1.881901 0.5428336 0.3943059 2.298719 0.1163093 0.1221821 2.297403 0.1335212 0.05822395 2.287167 0.07625699 -0.006495473 2.263985 0.1998821 -0.007466349 2.304079 0.04676856 -0.5331344 2.374816 0.2218755 -0.5264821 2.502438 -0.009658581 -0.8917778 2.460058 0.2090027 -0.8589602 2.553267 0.01737107 -0.9500451 2.408051 0.266899 -0.9104728 2.57363
0.1019361 0.6297137 2.270755 0.1025378 0.4461266 2.29669 0.01588617 0.3272429 2.178933 0.2937906 0.3204935 2.475227 0.01152782 0.1765989 2.014351 0.4354676 0.1885076 2.486891 0.1839845 0.2469297 1.889329 0.5349754 0.3183128 2.31976 0.2471879 0.3433029 1.855258 0.5740318 0.3804712 2.292321 0.1166019 0.122294 2.297936 0.1343086 0.05903286 2.287942 0.08105208 -0.005045442 2.261279 0.2000314 -0.007477241 2.30832 0.04765575 -0.5328331 2.375115 0.2222203 -0.5265869 2.502407 -0.009571318 -0.8919574 2.459892 0.2090646 -0.8574035 2.552853 0.01797111 -0.9505707 2.407669 0.2452865 -0.9160092 2.535566
0.1032328 0.628431 2.271032 0.1018854 0.4442318 2.29895 0.02275109 0.3260978 2.183262 0.2931368 0.3186007 2.477488 0.06362958 0.181418 1.977902 0.437178 0.1886995 2.487379 0.2362702 0.2626508 1.853604 0.5445821 0.3101718 2.317929 0.2537585 0.3311118 1.842371 0.5903361 0.3702412 2.288305 0.1172066 0.12308 2.299226 0.1353924 0.06073639 2.289497 0.08518757 -0.003546342 2.258839 0.1996441 -0.007452894 2.315225 0.0504736 -0.5318192 2.377056 0.2222005 -0.5271795 2.502699 -0.009488817 -0.8918744 2.459966 0.2092575 -0.8608925 2.553277 0.01855124 -0.9507492 2.407416 0.2669648 -0.9196099 2.565219
0.1038708 0.627584 2.271114 0.101635 0.44296 2.299985 0.02619038 0.32528 2.185578 0.232142 0.3834412 2.424902 0.06438738 0.1811513 1.977054 0.4190702 0.2021036 2.457189 0.2366398 0.2609505 1.851798 0.5477121 0.306106 2.317569 0.25686 0.3167257 1.835156 0.5942945 0.3625256 2.288337 0.1179238 0.1228656 2.300289 0.1364216 0.06081109 2.290694 0.09459564 -0.002045075 2.256139 0.195462 -0.005334167 2.322379 0.05057138 -0.5343514 2.378649 0.2223402 -0.5314245 2.50439 -0.009475382 -0.8919606 2.459836 0.2094241 -0.858399 2.553106 0.01880428 -0.950913 2.406955 0.2658305 -0.9183238 2.565494
0.1043269 0.6273979 2.271376 0.1016431 0.4416521 2.300277 0.02760031 0.3246248 2.185908 0.232596 0.3820758 2.42314 0.06481818 0.180565 1.976127 0.4135132 0.2035949 2.478638 0.2372101 0.2604633 1.850829 0.5481352 0.3025299 2.317816 0.2586776 0.3126337 1.83364 0.5938876 0.3595442 2.288166 0.1191581 0.121772 2.301316 0.1378607 0.05984 2.291769 0.09814914 -0.002242818 2.256023 0.1949636 -0.005449086 2.323717 0.04948766 -0.5344257 2.377767 0.2222653 -0.5314298 2.504517 -0.009667862 -0.8922017 2.45961 0.2094685 -0.8604004 2.553471 0.01926908 -0.9511321 2.407107 0.2677931 -0.9181708 2.570072
0.1044575 0.6271279 2.271335 0.1019204 0.4407389 2.300774 0.02875397 0.3241898 2.186377 0.2331161 0.3813996 2.422461 0.06460655 0.1803819 1.976037 0.4166878 0.1984225 2.460074 0.237247 0.2602099 1.850641 0.5477599 0.3025891 2.31787 0.2593972 0.3129775 1.833374 0.5910054 0.3598806 2.288471 0.119705 0.1213517 2.30196 0.1383823 0.05954885 2.292346 0.09942259 -0.002637948 2.255563 0.1941599 -0.005423466 2.325385 0.05222706 -0.533895 2.379867 0.2217913 -0.5321798 2.504982 -0.009683523 -0.892045 2.459208 0.2101578 -0.8649503 2.553931 0.01930532 -0.9511578 2.407103 0.2678448 -0.9184865 2.570319
0.104821 0.6263338 2.270515 0.1020417 0.4403496 2.300749 0.02951722 0.3240674 2.186582 0.2335602 0.3809285 2.421309 0.02383664 0.1717023 2.001418 0.417369 0.1979872 2.458341 0.1823723 0.2272243 1.884836 0.5415844 0.3071445 2.318572 0.2592938 0.3174634 1.836997 0.58109 0.3690451 2.290766 0.1200991 0.1208278 2.302428 0.13878 0.05901505 2.292858 0.1000066 -0.002804347 2.255687 0.1936685 -0.005411685 2.326026 0.05300505 -0.5333421 2.380014 0.2217935 -0.5321733 2.504998 -0.009423704 -0.8924909 2.458819 0.2102194 -0.8648298 2.554005 0.0187072 -0.9508933 2.406982 0.2666471 -0.9175376 2.568896
0.1058821 0.6263148 2.270056 0.1022431 0.4401983 2.300622 0.02875987 0.3241562 2.185644 0.2341815 0.3808416 2.420088 0.0232356 0.1717196 2.002079 0.4162419 0.1967908 2.458944 0.1833763 0.2377241 1.888371 0.5244896 0.3243461 2.318613 0.2521204 0.3326823 1.852433 0.5471668 0.3891966 2.294275 0.1204902 0.1207195 2.302652 0.1391448 0.05891821 2.293082 0.1003308 -0.002820609 2.256081 0.1937065 -0.004908555 2.325979 0.05172197 -0.5310544 2.377184 0.2258203 -0.4806691 2.494468 -0.009475395 -0.8923638 2.458931 0.2098195 -0.8624573 2.553604 0.02015107 -0.9510921 2.407539 0.2664903 -0.9172359 2.568871
0.1073287 0.6261122 2.268587 0.1024436 0.4400799 2.300292 0.02740189 0.3245926 2.184614 0.2346852 0.3808608 2.418641 0.02205797 0.172518 2.00327 0.4152322 0.1966133 2.461079 0.1832509 0.2480717 1.894404 0.5091248 0.331371 2.325558 0.2459967 0.3476757 1.867419 0.532046 0.4012938 2.299923 0.1203673 0.1131848 2.301952 0.1386095 0.04830583 2.292204 0.09732332 -0.009528902 2.260233 0.1930259 -0.009477824 2.320281 0.05116074 -0.5293735 2.376419 0.2221176 -0.5309622 2.507022 -0.009407084 -0.8926639 2.459581 0.2100283 -0.8622143 2.553756 0.0211163 -0.9516733 2.408242 0.2479623 -0.9201885 2.538087
0.107294 0.6258894 2.267661 0.1033203 0.4409015 2.29966 0.02038463 0.3268384 2.179856 0.2359511 0.382263 2.417009 0.01923393 0.1736166 2.006596 0.4107874 0.2002748 2.462773 0.1818901 0.2601184 1.902283 0.4942671 0.3362268 2.333587 0.2388068 0.3673886 1.88261 0.5077926 0.4211058 2.308092 0.1204726 0.11268 2.302047 0.1384676 0.0476277 2.292196 0.09460445 -0.01144142 2.263274 0.193423 -0.009746943 2.317714 0.05068696 -0.5281095 2.375439 0.2224668 -0.53046 2.507129 -0.009369125 -0.8924442 2.459483 0.2100291 -0.8622776 2.5538 0.0217412 -0.9517875 2.408635 0.2477224 -0.9204482 2.538276
0.1066508 0.6262999 2.266495 0.1056257 0.4435441 2.298358 0.01482086 0.3261267 2.175893 0.2384945 0.3854088 2.414815 0.01897935 0.1745731 2.007094 0.4069219 0.2046708 2.461641 0.180563 0.2724635 1.910937 0.485258 0.3465275 2.335993 0.2287906 0.3657998 1.896161 0.4934368 0.4336649 2.313 0.1206753 0.1188464 2.301813 0.137856 0.05595796 2.291921 0.09234948 -0.006421587 2.264147 0.1936906 0.0003566537 2.315081 0.05078976 -0.5291076 2.376628 0.2225279 -0.5304378 2.507112 -0.009225952 -0.8923726 2.459625 0.209968 -0.862168 2.553655 0.02031721 -0.9505226 2.408094 0.2472618 -0.9204997 2.537773
0.1058485 0.6269531 2.265975 0.1093798 0.4465532 2.294647 0.01099823 0.3249601 2.173139 0.2423473 0.3886555 2.410323 0.01880587 0.1747448 2.007092 0.3967787 0.194315 2.473684 0.1842503 0.2837061 1.917563 0.4730932 0.3439358 2.343897 0.215682 0.4150302 1.923902 0.482036 0.4473556 2.315615 0.1206374 0.1216758 2.301472 0.1370928 0.0587416 2.291669 0.08996075 -0.004633837 2.264206 0.1935199 0.001948288 2.314907 0.05088045 -0.5298772 2.377247 0.2227106 -0.530714 2.507382 -0.009270258 -0.8922142 2.459584 0.2103762 -0.8659574 2.5542 0.0196855 -0.9498236 2.408261 0.260907 -0.9142914 2.566691
0.1052125 0.627398 2.265596 0.1123799 0.4495823 2.292588 0.009844257 0.3246001 2.172367 0.2452505 0.391696 2.408001 0.0195835 0.1752668 2.005784 0.3932408 0.2142565 2.465182 0.1801402 0.2867579 1.923949 0.4689439 0.3590071 2.341434 0.2143926 0.4157401 1.925082 0.4724057 0.451014 2.31926 0.1208833 0.1236005 2.301184 0.1366665 0.06031428 2.291671 0.08838807 -0.00344344 2.264467 0.193383 0.002711797 2.314892 0.04899402 -0.5307681 2.375728 0.2225743 -0.530445 2.507216 -0.009243743 -0.8922738 2.459504 0.2103882 -0.8659172 2.55421 0.01977687 -0.9499084 2.408165 0.265196 -0.9140985 2.571313
0.104411 0.6276694 2.264916 0.1129274 0.449863 2.292227 0.009209937 0.3243587 2.172019 0.2457697 0.3919744 2.407572 0.02153177 0.1753765 2.003029 0.3927924 0.217404 2.463471 0.1928276 0.3631263 1.931615 0.4651591 0.3655444 2.342003 0.2125652 0.4166129 1.926205 0.4699921 0.452494 2.319255 0.1209479 0.1241839 2.300769 0.1363504 0.06087793 2.291443 0.08735812 -0.003085055 2.263664 0.1932644 0.002832535 2.314933 0.04705358 -0.5333362 2.376036 0.222541 -0.5304307 2.507131 -0.00933277 -0.8920369 2.459562 0.2104489 -0.8661224 2.55481 0.02022246 -0.9499723 2.40821 0.2651937 -0.9140173 2.571245
0.10383 0.6278937 2.265023 0.1136709 0.4503493 2.291703 0.008320231 0.3240864 2.171435 0.2464815 0.3924582 2.406976 0.02254052 0.1757802 2.001892 0.3951728 0.2180961 2.460184 0.196305 0.3121791 1.925658 0.4670788 0.3668984 2.339319 0.21226 0.4168496 1.926239 0.4702345 0.4529243 2.319027 0.1210676 0.1251005 2.300224 0.1360653 0.06177277 2.291088 0.08652844 -0.002564091 2.263319 0.1931623 0.003412064 2.314645 0.04914954 -0.5309675 2.376691 0.2225827 -0.5303627 2.507178 -0.009636622 -0.8914436 2.459346 0.2106379 -0.8655941 2.554666 0.02093069 -0.9497213 2.407696 0.2626246 -0.9129945 2.56827
0.1037246 0.6279309 2.265044 0.1134713 0.4506696 2.291756 0.008298309 0.3242072 2.171516 0.2462596 0.3927789 2.406995 0.02222508 0.1762327 2.003071 0.3959673 0.2171578 2.459624 0.1825786 0.2914268 1.921193 0.4715064 0.362845 2.337002 0.2148023 0.4146447 1.921351 0.4764236 0.4460823 2.315175 0.1207245 0.1257525 2.299614 0.1355315 0.06242683 2.290476 0.08598594 -0.001999753 2.262923 0.1921625 0.005201625 2.313042 0.04843372 -0.5310755 2.376127 0.2227841 -0.5299859 2.507009 -0.00952669 -0.891637 2.459277 0.210424 -0.8628901 2.553556 0.01949103 -0.9494199 2.407011 0.2647678 -0.9135504 2.568944
0.1036245 0.6277922 2.265255 0.1098276 0.4474622 2.293565 0.008750721 0.3247743 2.172059 0.2425401 0.3895494 2.408692 0.02058285 0.176553 2.006511 0.3967211 0.2154342 2.459198 0.2139921 0.333262 1.901051 0.4847783 0.3507964 2.332742 0.2283194 0.379835 1.895804 0.5008317 0.4268578 2.30813 0.1201058 0.1207279 2.299417 0.135653 0.05659257 2.289986 0.08691468 -0.005236872 2.263116 0.1920504 0.002495688 2.311909 0.04822852 -0.5313277 2.375851 0.2230163 -0.5301716 2.507053 -0.009646513 -0.8915356 2.458812 0.2103772 -0.8628651 2.553826 0.01844156 -0.9492832 2.406785 0.2650681 -0.9137253 2.568738
0.1039443 0.6275876 2.266234 0.106435 0.4455366 2.296544 0.01140033 0.3255256 2.174838 0.2391199 0.387625 2.411582 0.0206616 0.1760948 2.006644 0.3976292 0.2145502 2.459137 0.1849765 0.2603186 1.901639 0.4973958 0.3377785 2.328611 0.238574 0.374259 1.886245 0.5188433 0.4135759 2.302159 0.1199501 0.1139732 2.299952 0.1364435 0.04837959 2.290201 0.08900999 -0.00971134 2.263871 0.1919664 -0.003269428 2.310829 0.05036975 -0.5309191 2.376914 0.2307419 -0.4869873 2.491886 -0.00920244 -0.8912545 2.45868 0.2082547 -0.8527496 2.552819 0.0178228 -0.9489253 2.405801 0.2658311 -0.9123139 2.569181
0.1046949 0.6271427 2.266943 0.104493 0.4434693 2.298778 0.01551208 0.3253617 2.178013 0.2371564 0.3855579 2.413767 0.0213201 0.1756688 2.006732 0.4021974 0.2096991 2.460269 0.1934701 0.2580872 1.895293 0.5146863 0.3340093 2.321389 0.2511052 0.3517772 1.8664 0.5459619 0.3915884 2.295796 0.1208692 0.1143358 2.300786 0.1383465 0.04978311 2.291394 0.09570175 -0.007937154 2.262249 0.1932502 -0.002987613 2.31468 0.0522657 -0.5309119 2.377613 0.2260069 -0.5373933 2.50647 -0.009127873 -0.891237 2.458856 0.2090702 -0.8555753 2.552051 0.01730062 -0.9487608 2.405707 0.2395115 -0.918194 2.537992
0.1051752 0.6271434 2.268282 0.1031553 0.4417264 2.300575 0.02215382 0.3245703 2.183098 0.2358027 0.3838137 2.415534 0.06871937 0.1825989 1.979378 0.4089506 0.2053545 2.460232 0.2229666 0.2635003 1.87362 0.5237394 0.3275639 2.318807 0.2563803 0.3431383 1.857049 0.5565743 0.3857269 2.292254 0.1221111 0.115793 2.30222 0.1405431 0.05277599 2.293233 0.1012366 -0.005725582 2.259727 0.194395 -0.002184535 2.321686 0.05320099 -0.5312638 2.378334 0.2257542 -0.537273 2.506618 -0.009400353 -0.891704 2.459089 0.2091559 -0.8560918 2.55191 0.01825741 -0.9492807 2.406331 0.255027 -0.9144051 2.560735
0.1059303 0.6270278 2.269995 0.1023768 0.4408541 2.302059 0.02498093 0.3241601 2.184854 0.2345851 0.3840353 2.41937 0.06908576 0.1826504 1.979192 0.4159359 0.2154656 2.451626 0.2245806 0.256727 1.869875 0.5327114 0.3228622 2.315957 0.2584265 0.3340197 1.85062 0.5674375 0.3821197 2.289016 0.1228247 0.1168642 2.303671 0.1416411 0.05444338 2.294853 0.1033584 -0.004922351 2.259236 0.1945527 -0.002155717 2.326004 0.05259699 -0.5321692 2.377917 0.2215712 -0.4965838 2.495778 -0.009104564 -0.8920021 2.459289 0.2091371 -0.8657259 2.554621 0.01767842 -0.9491642 2.40577 0.2584628 -0.9158778 2.564475
0.1060497 0.626472 2.270419 0.1017094 0.4403843 2.303463 0.02680103 0.3237199 2.186044 0.2337364 0.3844102 2.422076 0.06954147 0.182258 1.97871 0.4178211 0.2186556 2.449317 0.2337546 0.2622725 1.864144 0.5343533 0.321548 2.314717 0.258711 0.3323485 1.849992 0.5692433 0.380842 2.287468 0.1230516 0.1182777 2.304775 0.1420417 0.05642618 2.295973 0.1044542 -0.004412052 2.258125 0.1941762 -0.0016699 2.329463 0.05435596 -0.5321567 2.378829 0.221511 -0.533309 2.509086 -0.008729059 -0.8915888 2.458324 0.2090871 -0.8649343 2.554142 0.01816588 -0.9493634 2.405478 0.2599713 -0.9162323 2.564558
0.1061534 0.6262762 2.270449 0.1011704 0.4401952 2.304132 0.02753899 0.3236753 2.186553 0.2331115 0.3847295 2.423295 0.06845215 0.1816387 1.979401 0.4174926 0.2191839 2.449234 0.2079731 0.2921877 1.881243 0.533959 0.3217052 2.314257 0.2586384 0.3323322 1.85039 0.5687097 0.3804557 2.286914 0.1230789 0.1183504 2.305078 0.1421227 0.05652755 2.296222 0.1047275 -0.004288915 2.258104 0.1940446 -0.001781472 2.329841 0.05523472 -0.5320969 2.379746 0.2215431 -0.5365895 2.510074 -0.008707171 -0.8915926 2.458069 0.2092997 -0.8670056 2.555178 0.01865581 -0.9492989 2.404861 0.2556571 -0.9205863 2.550154
0.1061791 0.6262752 2.270453 0.1011156 0.440111 2.304556 0.0273925 0.3237194 2.18652 0.2330902 0.384979 2.424103 0.02383245 0.1710609 2.009291 0.4170924 0.2195057 2.449039 0.1873743 0.2479865 1.897551 0.5299411 0.3249305 2.313138 0.2567729 0.3361032 1.855286 0.5584732 0.3847298 2.287296 0.1231578 0.118502 2.30527 0.1421883 0.05669097 2.296345 0.1047776 -0.004113924 2.258309 0.1940521 -0.001600407 2.329711 0.05115752 -0.5325074 2.377004 0.2216197 -0.5365764 2.510086 -0.008861132 -0.891596 2.458027 0.2097952 -0.8648368 2.555211 0.01747315 -0.9488544 2.403903 0.2574145 -0.9175158 2.556755
0.1061871 0.6262649 2.270399 0.1009118 0.439973 2.304208 0.02582453 0.3238447 2.185789 0.2329727 0.3850432 2.423942 0.0233321 0.1718769 2.009844 0.4077708 0.212009 2.454016 0.186555 0.2506632 1.900326 0.5166694 0.3273636 2.317427 0.2456408 0.3505089 1.873497 0.5373271 0.3894105 2.292043 0.1235933 0.1142892 2.304756 0.1427504 0.05065063 2.295665 0.1036014 -0.008354069 2.261135 0.1957298 -0.005672147 2.324908 0.0515826 -0.5323762 2.377547 0.2218075 -0.5361817 2.510057 -0.008791978 -0.8916495 2.457706 0.2097138 -0.8664659 2.555271 0.01735575 -0.9488509 2.403774 0.244021 -0.9260171 2.537332
0.1058329 0.6263339 2.270463 0.1006685 0.4401887 2.303555 0.02066103 0.325538 2.183741 0.2327614 0.3855453 2.423412 0.01962977 0.1741093 2.013221 0.4065547 0.21113 2.455994 0.1820861 0.2589852 1.909009 0.5018302 0.3339777 2.321404 0.2337623 0.3632726 1.892315 0.5214445 0.4029743 2.29516 0.1224848 0.1161332 2.304114 0.1409814 0.0533936 2.294778 0.1009708 -0.006551784 2.261538 0.1936817 -0.0007852442 2.321703 0.05160064 -0.5320367 2.377532 0.2221173 -0.5365123 2.510005 -0.008977242 -0.8915024 2.457942 0.2096883 -0.8656521 2.553612 0.01917164 -0.9495909 2.405293 0.2438392 -0.9250242 2.534801
0.1046118 0.6269577 2.269761 0.1018404 0.441937 2.301643 0.01425137 0.3248076 2.180109 0.2340873 0.387931 2.421611 0.01302872 0.1740332 2.021154 0.4038401 0.2118428 2.457773 0.1832688 0.2751341 1.919447 0.4907907 0.3431602 2.32583 0.2236259 0.3816524 1.907832 0.5019864 0.4182034 2.304807 0.1212543 0.1190236 2.303046 0.1388176 0.05673373 2.293518 0.09585403 -0.004002027 2.262933 0.1922226 0.003426391 2.317453 0.05179144 -0.5318692 2.37798 0.2220974 -0.5345454 2.509319 -0.009248812 -0.8915905 2.457772 0.2098257 -0.8649807 2.55249 0.01970543 -0.9500363 2.405672 0.2606843 -0.916155 2.563546
0.1039849 0.6270983 2.269544 0.105289 0.4458163 2.298783 0.01138933 0.3244399 2.17811 0.237699 0.392432 2.41896 0.009774341 0.1739285 2.023796 0.3769343 0.1969659 2.48304 0.1858887 0.2842343 1.927587 0.4753214 0.3393473 2.336367 0.2102501 0.410344 1.928577 0.4930502 0.4292728 2.307318 0.1203562 0.1221647 2.301991 0.1369947 0.05975248 2.29239 0.09058994 -0.001197343 2.263532 0.1916863 0.005167729 2.315404 0.05201399 -0.5319163 2.37839 0.2222632 -0.5324235 2.508175 -0.008872119 -0.8922493 2.457879 0.2099707 -0.864907 2.552627 0.01939443 -0.95004 2.405426 0.2781042 -0.9194067 2.569495
0.1029622 0.6273588 2.269212 0.1072863 0.4476863 2.297054 0.007946999 0.3239773 2.176035 0.2396978 0.3945039 2.417388 0.007545676 0.1720791 2.024308 0.3824633 0.20937 2.476455 0.1855189 0.3056354 1.937114 0.4594477 0.3481224 2.346099 0.2072456 0.4178728 1.936298 0.4782039 0.437417 2.315394 0.120717 0.1233319 2.301663 0.1370554 0.06058742 2.292126 0.09002233 -0.0009486755 2.263878 0.1925415 0.005750077 2.314445 0.05240868 -0.5325298 2.379007 0.2220642 -0.5316977 2.507755 -0.00868687 -0.8920459 2.458217 0.2099467 -0.8651578 2.552909 0.01904904 -0.9499205 2.405522 0.274367 -0.9193506 2.569232
0.1022746 0.6276471 2.269051 0.1077513 0.4480051 2.296448 0.006029955 0.3225559 2.173576 0.2401463 0.3948831 2.416858 0.01697935 0.1740863 2.01292 0.3810965 0.2036358 2.480367 0.1850367 0.3082874 1.938893 0.4551103 0.3447438 2.350914 0.2050778 0.4199038 1.93901 0.4692252 0.4483775 2.318611 0.1204617 0.123832 2.301415 0.1366158 0.06107292 2.291926 0.08869761 -0.00103908 2.263549 0.192528 0.005759798 2.314438 0.05234605 -0.5324702 2.379181 0.2218866 -0.5317267 2.507564 -0.008999492 -0.8917578 2.458456 0.2097622 -0.8648879 2.553446 0.01883453 -0.9496602 2.405707 0.2730339 -0.9183339 2.569393
0.1016739 0.6278604 2.269282 0.1083138 0.4485697 2.295523 0.004629319 0.3219244 2.17221 0.2406974 0.3955148 2.416009 0.01897374 0.1743463 2.009544 0.3812428 0.1989298 2.482393 0.1848791 0.3098856 1.939927 0.4529477 0.3421102 2.354032 0.2010978 0.4200876 1.941397 0.4662472 0.450467 2.319906 0.1204352 0.1240623 2.301366 0.136511 0.06120123 2.291919 0.08816617 -0.001187369 2.263645 0.1925671 0.005690194 2.314476 0.04895256 -0.5341929 2.377275 0.2217355 -0.5320236 2.507162 -0.009202336 -0.892341 2.459393 0.2097774 -0.8659133 2.55432 0.02003109 -0.9507847 2.407187 0.2490289 -0.9214119 2.533717
0.1000182 0.62809 2.270203 0.1087225 0.4491196 2.294959 0.004300493 0.3218013 2.171983 0.2411063 0.3961235 2.415488 0.02412417 0.1796017 2.007676 0.3850442 0.2091372 2.475616 0.185702 0.3110513 1.939813 0.4577438 0.3512245 2.346528 0.2013391 0.4201148 1.941069 0.4665049 0.4497899 2.319973 0.1202791 0.1235386 2.301196 0.1361514 0.06006077 2.291721 0.0864194 -0.003043619 2.264822 0.1929684 0.00386195 2.313212 0.04884082 -0.5341285 2.377203 0.2223091 -0.5326327 2.50751 -0.009121645 -0.8923967 2.459358 0.2087255 -0.8594666 2.552675 0.02020544 -0.9509729 2.407275 0.2452959 -0.9181839 2.536545
0.09935177 0.6284876 2.270621 0.1087883 0.4494654 2.29491 0.004226621 0.3219684 2.172104 0.2411751 0.3965266 2.415463 0.0237358 0.1794456 2.008016 0.3851668 0.2114385 2.473441 0.1920089 0.3104579 1.931085 0.4671822 0.3476977 2.343575 0.2077774 0.4120382 1.928245 0.476334 0.4397243 2.316588 0.1199417 0.1241852 2.301179 0.1357149 0.06076223 2.291718 0.08594207 -0.002179507 2.265353 0.1924583 0.004643674 2.312774 0.04996976 -0.5324707 2.377135 0.2221882 -0.5322474 2.507537 -0.009388109 -0.8922194 2.459597 0.2088461 -0.8597236 2.552658 0.02061969 -0.9510412 2.407385 0.244432 -0.9192678 2.537376
0.1002111 0.6285271 2.271869 0.1051559 0.4479276 2.296782 0.006923403 0.3239163 2.174713 0.2375256 0.3950714 2.417424 0.02295273 0.1789135 2.008991 0.3891408 0.2101076 2.470501 0.1886249 0.2877685 1.918144 0.4790975 0.3397728 2.338985 0.2247569 0.3730707 1.897824 0.4982331 0.4225532 2.310674 0.1195676 0.124054 2.301217 0.1356328 0.06083641 2.291802 0.08719707 -0.001742363 2.264237 0.19145 0.004981201 2.314311 0.04925596 -0.5318408 2.376153 0.222395 -0.5305452 2.506917 -0.009421435 -0.89227 2.459514 0.2087792 -0.8596721 2.55333 0.02074186 -0.9512306 2.407248 0.2652897 -0.9099295 2.570572
0.1006705 0.6284437 2.271935 0.1030785 0.446039 2.29931 0.0108108 0.325432 2.178516 0.2354421 0.393237 2.420011 0.02278423 0.1785913 2.009249 0.39284 0.2084 2.468851 0.185665 0.2678766 1.908802 0.500602 0.3370388 2.327291 0.2371251 0.3647414 1.884951 0.5276958 0.3990634 2.30281 0.1196338 0.1235738 2.301823 0.1360773 0.06062203 2.292436 0.0903287 -0.001650465 2.264142 0.1913898 0.004887932 2.315826 0.0533423 -0.528578 2.377576 0.2225914 -0.5304762 2.506903 -0.009384115 -0.8923041 2.459513 0.2092611 -0.8596953 2.553979 0.02013966 -0.9510224 2.407122 0.26553 -0.9113017 2.568463
0.1014556 0.627941 2.272765 0.1020506 0.4452182 2.304202 0.02073305 0.3258201 2.185536 0.2344074 0.3924611 2.424978 0.02291599 0.1780942 2.009413 0.4017229 0.2025027 2.468612 0.1944692 0.2565996 1.895655 0.5164186 0.3305713 2.321244 0.247066 0.3455979 1.865067 0.5408094 0.3886627 2.298623 0.1199498 0.1233943 2.30322 0.1368641 0.06075356 2.293687 0.09423961 -0.0007871819 2.262859 0.1910353 0.003982506 2.320447 0.05364895 -0.5289336 2.377935 0.2228214 -0.5295509 2.506455 -0.009390624 -0.8922048 2.459414 0.2093253 -0.8597226 2.553849 0.02019001 -0.9510554 2.406789 0.2666846 -0.9136282 2.568642
0.1028346 0.6276222 2.27383 0.1017055 0.4443034 2.306001 0.02552409 0.3251529 2.188213 0.2340637 0.3915688 2.42679 0.02316021 0.1772598 2.009125 0.4084212 0.2059962 2.480745 0.2006368 0.247215 1.886155 0.5260163 0.3246036 2.319163 0.2517217 0.3350339 1.854675 0.5625933 0.3820719 2.29408 0.1204625 0.1233743 2.304538 0.1378082 0.06103197 2.295056 0.09777531 -0.0006460755 2.261724 0.1908303 0.00327979 2.324979 0.0522013 -0.5289652 2.377075 0.2228011 -0.5299178 2.506841 -0.009343795 -0.8921962 2.460093 0.2093526 -0.8598685 2.553811 0.01961034 -0.9507537 2.406679 0.2666434 -0.913927 2.566978
0.1037751 0.6270848 2.274421 0.1010513 0.4442883 2.307003 0.02789521 0.3251565 2.189787 0.2334074 0.3915676 2.427803 0.023468 0.1764635 2.009089 0.4106694 0.2052474 2.473164 0.1905901 0.2326733 1.887115 0.5294079 0.3207374 2.31976 0.2530117 0.3318044 1.851804 0.5652933 0.3796775 2.29436 0.1207404 0.1236902 2.305586 0.1384658 0.06154569 2.29619 0.1000286 -0.0001210021 2.260792 0.1906397 0.002845919 2.328531 0.05268243 -0.5290838 2.377363 0.2229063 -0.5302762 2.50726 -0.00960975 -0.892358 2.459919 0.2093504 -0.8598879 2.553833 0.02015047 -0.9511955 2.406684 0.2486348 -0.9167472 2.537427
0.1042732 0.6272224 2.27503 0.1009868 0.4438263 2.307644 0.02841091 0.3250724 2.190157 0.2333441 0.3911163 2.428447 0.04944298 0.1757494 1.992631 0.4118089 0.204836 2.470854 0.2060501 0.2376165 1.876709 0.529658 0.3197508 2.320007 0.2527557 0.3312159 1.851788 0.5659124 0.3796036 2.294414 0.1208686 0.1238495 2.30608 0.1387071 0.06187827 2.296675 0.1006437 -3.076821E-05 2.260271 0.1905039 0.002836028 2.329656 0.05382057 -0.5280167 2.377886 0.2226096 -0.5303565 2.507749 -0.009578859 -0.8919347 2.460191 0.2089182 -0.8521601 2.551912 0.01940695 -0.9507034 2.406641 0.2406772 -0.9140494 2.53754
0.1047511 0.6271421 2.275209 0.1009814 0.4436467 2.307823 0.02850929 0.3250764 2.190202 0.2333391 0.3909425 2.428627 0.02774391 0.1714856 2.008637 0.4097889 0.202632 2.470704 0.1877155 0.2340347 1.890532 0.5270297 0.319371 2.320895 0.2507857 0.3316459 1.854546 0.5568828 0.3783024 2.295564 0.120907 0.1235998 2.306365 0.1387865 0.06165445 2.296922 0.1007386 -0.0001833312 2.260247 0.1904193 0.002642978 2.329825 0.0530226 -0.5295821 2.378254 0.2225707 -0.5303732 2.50784 -0.009209469 -0.8919346 2.460541 0.2088407 -0.8520795 2.551904 0.01890608 -0.950336 2.406903 0.2692804 -0.9130447 2.56245
0.1047555 0.6271842 2.275213 0.1007762 0.4437215 2.307161 0.02586849 0.3248452 2.188012 0.2331355 0.3910239 2.427971 0.02333108 0.1712814 2.011506 0.4077012 0.2021948 2.473395 0.1912133 0.248674 1.896485 0.5170879 0.3211833 2.32567 0.2434372 0.3433896 1.870789 0.5398575 0.38464 2.29878 0.120977 0.1235953 2.306419 0.1389183 0.06162175 2.297012 0.1007677 -0.000230047 2.26066 0.1907864 0.002884726 2.329538 0.05122985 -0.5296673 2.376534 0.2226826 -0.5291936 2.507521 -0.009165764 -0.8923306 2.461618 0.2097676 -0.8548117 2.551392 0.01948463 -0.9505089 2.407151 0.2684875 -0.9133164 2.563041
0.1047139 0.627208 2.275226 0.1004924 0.4440191 2.306409 0.02199159 0.3252697 2.184712 0.2328525 0.3913282 2.427223 0.02045267 0.1719047 2.013883 0.4026437 0.2046547 2.474916 0.1845813 0.2583557 1.906616 0.5001341 0.3301336 2.333752 0.2318818 0.3582161 1.887918 0.5191365 0.4014597 2.307523 0.120592 0.1235831 2.306348 0.1384792 0.06154473 2.296958 0.09861031 0.0001504955 2.262927 0.1897249 0.004243207 2.326441 0.05252339 -0.5307555 2.378934 0.2213462 -0.5327924 2.509533 -0.009298339 -0.8925171 2.461303 0.2103003 -0.8598577 2.554848 0.01832253 -0.9499619 2.405363 0.2678486 -0.9134733 2.562532
