0.1301422 0.6480609 2.194451 0.1228154 0.4777326 2.181331 0.08488008 0.3025468 2.058122 0.3396817 0.3650337 2.361982 0.2700276 0.2426709 1.88763 0.4652149 0.5180912 2.496107 0.4433238 0.42898 1.878987 0.5537909 0.6786984 2.524681 0.4785495 0.4844042 1.862005 0.5833162 0.7322341 2.538587 0.1401595 0.06767656 2.195122 0.1467642 -0.0144226 2.199986 0.08172043 -0.07701816 2.202024 0.2380713 -0.08250599 2.212314 0.1342359 -0.4926742 2.218789 0.1625934 -0.4905716 2.405312 0.08132684 -0.8548325 2.283494 0.2125425 -0.8746963 2.553602 0.1119609 -0.9177043 2.324454 0.2736377 -0.9170583 2.508046
0.1298191 0.6480793 2.194338 0.1227814 0.4777443 2.181266 0.08489162 0.3024771 2.058073 0.3396478 0.3650454 2.361917 0.2666591 0.2414239 1.888318 0.4596608 0.519652 2.49877 0.4385899 0.4289879 1.880025 0.5195105 0.6966075 2.507674 0.4589939 0.4928125 1.869486 0.5394604 0.7555927 2.515024 0.1407875 0.06657818 2.195601 0.1474863 -0.01589144 2.200548 0.08001573 -0.0777777 2.200847 0.2377963 -0.08243394 2.212291 0.1339092 -0.4931465 2.219112 0.163154 -0.4874445 2.405149 0.08066879 -0.8588487 2.283571 0.2139704 -0.8621502 2.555011 0.1069683 -0.9205972 2.323742 0.275069 -0.9045067 2.509455
0.1293817 0.6481941 2.194287 0.1228833 0.4778109 2.18105 0.08486395 0.3023905 2.058082 0.3397496 0.365112 2.361701 0.2654704 0.2416574 1.888508 0.4587319 0.5199114 2.49913 0.4378524 0.4288112 1.880151 0.5194322 0.6966772 2.507228 0.4585097 0.492548 1.869579 0.5396657 0.7555991 2.51431 0.1403886 0.06568468 2.195433 0.1466814 -0.01722362 2.200264 0.07291992 -0.07766378 2.186148 0.23149 -0.08600461 2.217497 0.1340378 -0.490552 2.220012 0.1631395 -0.4876593 2.405299 0.08055931 -0.8593981 2.283578 0.213052 -0.8636491 2.55407 0.1081337 -0.9210205 2.329021 0.2590942 -0.9049494 2.632993
0.1299393 0.6480897 2.193567 0.1227888 0.4778313 2.180987 0.08468353 0.3023979 2.058127 0.3396552 0.3651324 2.361639 0.2667975 0.2426794 1.887979 0.4648813 0.510029 2.503432 0.4412018 0.4120273 1.872761 0.5304427 0.6849486 2.512365 0.4728022 0.4826913 1.866905 0.5724663 0.7313541 2.53847 0.1395952 0.06442571 2.195529 0.1455488 -0.01888571 2.200319 0.07168867 -0.07793786 2.184587 0.2281022 -0.08793904 2.219598 0.134067 -0.49042 2.22032 0.1631283 -0.4889707 2.405874 0.08084768 -0.8613951 2.284263 0.2134814 -0.8702715 2.553809 0.1218517 -0.9267693 2.348289 0.2003981 -0.9362161 2.522241
0.1294926 0.6479901 2.19196 0.1222529 0.4779707 2.180868 0.0844087 0.3021052 2.05832 0.3391193 0.3652718 2.36152 0.2739275 0.2488121 1.886114 0.4653662 0.5082372 2.504207 0.439216 0.3813446 1.862896 0.6054769 0.6190416 2.550007 0.5069047 0.4694231 1.854566 0.5784758 0.6791989 2.534104 0.1380192 0.0632688 2.195901 0.1435924 -0.02034246 2.200738 0.0706149 -0.07788347 2.184424 0.2236017 -0.08920448 2.220677 0.1340715 -0.4901704 2.220412 0.1610527 -0.4914462 2.407048 0.08074188 -0.8622671 2.285794 0.2153957 -0.8770712 2.556514 0.1157356 -0.9268143 2.354084 0.2764169 -0.9195554 2.510971
0.1287394 0.6479053 2.191047 0.1214751 0.4780132 2.180725 0.08414872 0.30198 2.058584 0.3383414 0.3653143 2.361376 0.2780576 0.2515723 1.884912 0.4371953 0.4633903 2.542891 0.4827469 0.4022068 1.858363 0.5759682 0.5902014 2.523055 0.5143228 0.4614697 1.850419 0.583282 0.6573704 2.517079 0.1381352 0.06320113 2.195919 0.1438829 -0.02040514 2.200747 0.07186705 -0.0772991 2.187393 0.2244566 -0.08751564 2.216837 0.1339192 -0.4901477 2.220365 0.1620171 -0.4911888 2.40676 0.08068404 -0.8632331 2.286434 0.215018 -0.8763864 2.556418 0.1048671 -0.9308352 2.33964 0.2592261 -0.9112294 2.633077
0.1281057 0.6480529 2.190928 0.1207549 0.4781411 2.180478 0.08395042 0.3017718 2.058703 0.3376212 0.3654422 2.361129 0.280667 0.2525772 1.884391 0.4371851 0.4634094 2.542865 0.4698652 0.3917388 1.857186 0.5781011 0.5879371 2.525274 0.5157752 0.4597842 1.84942 0.5791726 0.6551836 2.516459 0.1371678 0.06292256 2.195852 0.1428183 -0.02068084 2.200651 0.07028088 -0.07695474 2.186188 0.2222861 -0.08737415 2.217679 0.1343797 -0.4893403 2.220482 0.1609567 -0.4888724 2.406368 0.08069772 -0.8631925 2.286494 0.2122795 -0.8778846 2.552252 0.1084461 -0.9294025 2.341718 0.2531148 -0.9150311 2.613425
0.1275602 0.6478592 2.19064 0.1205262 0.4779642 2.180379 0.08374793 0.301507 2.058744 0.3373926 0.3652652 2.361031 0.2810863 0.2523119 1.884474 0.4230167 0.4574892 2.53025 0.4765369 0.4149899 1.8611 0.5661501 0.5793186 2.52452 0.5131645 0.4616026 1.849342 0.5257917 0.6296859 2.503656 0.1373785 0.06277096 2.195906 0.143154 -0.02079923 2.200712 0.0707154 -0.07742724 2.188387 0.2236687 -0.08618811 2.215453 0.1339399 -0.4901687 2.220719 0.1611231 -0.4873191 2.405869 0.08097859 -0.8636833 2.286517 0.2096104 -0.885315 2.549631 0.114624 -0.922322 2.360573 0.2532952 -0.9138112 2.614834
0.1274904 0.647193 2.1896 0.120044 0.4774668 2.18023 0.08342002 0.3015178 2.058702 0.3369103 0.3647678 2.360881 0.2774374 0.2507435 1.885413 0.4200224 0.4576458 2.524044 0.4663331 0.4211894 1.866201 0.5443261 0.5984688 2.500783 0.4876267 0.4747392 1.853191 0.5866646 0.647194 2.521623 0.1375666 0.06254911 2.195818 0.1434632 -0.02096728 2.200581 0.07270986 -0.07661074 2.184644 0.2235807 -0.0870198 2.217227 0.1335543 -0.4892312 2.221128 0.163139 -0.4893281 2.405892 0.08074203 -0.8637196 2.286245 0.2069648 -0.8736448 2.545911 0.1117921 -0.9259149 2.358514 0.2478266 -0.9224656 2.603466
0.1269387 0.6466779 2.188144 0.1196737 0.477163 2.180016 0.08305396 0.300893 2.05863 0.33654 0.3644641 2.360667 0.2692183 0.2465116 1.88686 0.4611286 0.5143174 2.498547 0.4478914 0.4277453 1.872474 0.5646266 0.6676442 2.519526 0.467361 0.4842876 1.86182 0.5628851 0.7351652 2.525764 0.1381888 0.06148798 2.19613 0.1444049 -0.0221767 2.201012 0.07357779 -0.07842323 2.18882 0.2247128 -0.08765069 2.21591 0.1339246 -0.4915963 2.221134 0.1641153 -0.4909472 2.406216 0.08244076 -0.8602393 2.283282 0.2064471 -0.8730326 2.547311 0.1139477 -0.9244924 2.353528 0.2592812 -0.9079155 2.625076
0.1269195 0.6464544 2.187966 0.1198956 0.47692 2.179796 0.08219936 0.3008385 2.059248 0.3367619 0.364221 2.360447 0.2652528 0.2451105 1.887737 0.4589059 0.5166843 2.497761 0.4377825 0.4321988 1.876532 0.5361089 0.6856912 2.513982 0.4539677 0.4972224 1.865994 0.5458918 0.7527404 2.517106 0.1391239 0.0613532 2.19622 0.1454984 -0.02217735 2.201141 0.07402319 -0.07871886 2.190798 0.2274272 -0.08704977 2.21379 0.1339656 -0.4921662 2.221109 0.165042 -0.4910457 2.406363 0.08113419 -0.860089 2.285317 0.2068311 -0.8726791 2.547681 0.1095037 -0.9282562 2.353171 0.2677244 -0.9150984 2.501897
0.1273358 0.6460791 2.187284 0.1197942 0.4766685 2.179678 0.08174849 0.3008912 2.059366 0.3366605 0.3639695 2.36033 0.2644812 0.2449561 1.887695 0.4608914 0.5154324 2.497002 0.437176 0.4318906 1.876857 0.5328134 0.6860389 2.517131 0.4545595 0.4966965 1.866901 0.5478433 0.7499443 2.534199 0.1392594 0.06113316 2.196343 0.145654 -0.02234985 2.201281 0.07388906 -0.07903577 2.192076 0.2275478 -0.0870706 2.213507 0.1339157 -0.4925911 2.221223 0.1654499 -0.4912898 2.406384 0.08112048 -0.862344 2.287026 0.2081705 -0.8747345 2.549021 0.1140083 -0.9281031 2.355215 0.2139243 -0.9466255 2.531929
0.1273248 0.6460493 2.187114 0.1198014 0.476662 2.179647 0.08174863 0.300893 2.059319 0.3366677 0.363963 2.360299 0.2650897 0.2457414 1.887321 0.4733791 0.4950809 2.504472 0.4441525 0.426594 1.876016 0.5571809 0.6534951 2.548504 0.4725934 0.4869179 1.863635 0.5733672 0.718389 2.559815 0.1391681 0.06108586 2.196205 0.1454951 -0.02238317 2.201069 0.0726928 -0.07830202 2.18781 0.2266968 -0.08737005 2.214736 0.1338602 -0.4912145 2.221372 0.1657826 -0.4912499 2.406334 0.08089006 -0.8622978 2.286876 0.2099031 -0.8674097 2.55419 0.1131506 -0.9309776 2.352437 0.2478276 -0.9238809 2.606891
0.1265244 0.6458861 2.18676 0.1197839 0.4764861 2.179412 0.08184201 0.30061 2.059082 0.3366503 0.3637871 2.360064 0.2722328 0.2493626 1.885173 0.4739063 0.4939156 2.504561 0.4637476 0.3919299 1.86329 0.6002249 0.6017483 2.579754 0.5197207 0.457953 1.855285 0.642331 0.6376926 2.6092 0.1379743 0.06063127 2.196151 0.143773 -0.02286868 2.20106 0.07066704 -0.07809664 2.186886 0.2227676 -0.08851288 2.216712 0.1338979 -0.4905962 2.221337 0.1637485 -0.4916207 2.406675 0.08089778 -0.8622277 2.287201 0.207367 -0.8701818 2.550873 0.1207045 -0.9345171 2.343249 0.2489838 -0.9237065 2.607386
0.1254855 0.6463583 2.187059 0.1191047 0.4768224 2.17906 0.08179586 0.3006096 2.059009 0.3359711 0.3641233 2.359711 0.2774968 0.2519982 1.883446 0.4735644 0.4937165 2.504349 0.4646275 0.388024 1.861317 0.6028205 0.5970392 2.580679 0.5262485 0.451333 1.851033 0.6268456 0.6604689 2.579843 0.1378691 0.06087936 2.196153 0.1437283 -0.02255172 2.201087 0.07135104 -0.07713103 2.189923 0.2219742 -0.0862731 2.214039 0.1337152 -0.4901184 2.22118 0.162348 -0.491072 2.406791 0.08072706 -0.862981 2.287669 0.2110554 -0.8675845 2.549453 0.1200743 -0.932473 2.348322 0.2500918 -0.9229736 2.606096
0.1253017 0.6463257 2.186859 0.1189468 0.4768069 2.178969 0.08172294 0.3005477 2.058904 0.3358131 0.3641079 2.35962 0.2785239 0.2518685 1.883214 0.4735138 0.4933687 2.504427 0.4748413 0.3906874 1.85975 0.6043391 0.5950916 2.580313 0.52638 0.4488844 1.849925 0.6231129 0.6602561 2.578762 0.1370024 0.06100836 2.195621 0.1426671 -0.02231992 2.200382 0.06857274 -0.0765494 2.184596 0.2209091 -0.08625282 2.215124 0.1340304 -0.4884508 2.221167 0.1599933 -0.4873447 2.405639 0.08164908 -0.861378 2.284863 0.2124073 -0.8695937 2.551551 0.117297 -0.9308964 2.347733 0.2514696 -0.9169234 2.603206
0.1228422 0.6465869 2.187586 0.1183254 0.476838 2.178756 0.08168152 0.3004617 2.058772 0.3351918 0.364139 2.359407 0.2790354 0.2510696 1.883094 0.4731182 0.4930443 2.504306 0.4808362 0.4059761 1.862159 0.6026205 0.5948936 2.581968 0.5231265 0.4502985 1.851067 0.5905207 0.6603695 2.569014 0.1372008 0.06122241 2.195379 0.1431486 -0.02193735 2.200015 0.07061587 -0.07661658 2.186649 0.2218747 -0.0834908 2.211458 0.1339806 -0.4891166 2.220916 0.1600536 -0.4863799 2.404952 0.08545618 -0.8607743 2.283746 0.212228 -0.8700089 2.551714 0.1176332 -0.9316325 2.346991 0.2569813 -0.9092234 2.611943
0.1225843 0.6465969 2.188053 0.1182495 0.4767675 2.178802 0.08151101 0.3006973 2.058656 0.3351158 0.3640684 2.359454 0.2737325 0.2475885 1.884755 0.4332969 0.4603913 2.530572 0.4711733 0.4081604 1.86777 0.5687526 0.5897293 2.53515 0.4994027 0.4619348 1.86012 0.5500653 0.6547546 2.540033 0.1377517 0.06075088 2.195431 0.1440049 -0.02255569 2.200059 0.07115076 -0.0774297 2.187489 0.2239831 -0.08442792 2.211248 0.1340094 -0.4900994 2.220944 0.161891 -0.487989 2.404848 0.08422998 -0.8620771 2.284012 0.2121362 -0.8742449 2.551987 0.1151543 -0.9306087 2.350371 0.2572073 -0.9101494 2.612881
0.123058 0.6466014 2.188058 0.1182646 0.4767766 2.178771 0.08109877 0.300836 2.058703 0.3351309 0.3640776 2.359423 0.263469 0.2430586 1.887249 0.4334396 0.4605114 2.53043 0.4510838 0.4150358 1.876552 0.5409567 0.6148366 2.513429 0.4740573 0.4784744 1.869543 0.5196694 0.6667324 2.475284 0.1299251 0.07196403 2.190447 0.1325522 -0.006292924 2.192999 0.06714636 -0.06243432 2.134848 0.1892022 -0.08000004 2.24194 0.1303613 -0.4662558 2.218401 0.1613002 -0.4882815 2.404778 0.08385268 -0.8608325 2.283011 0.2127142 -0.8715804 2.552821 0.1173396 -0.9321434 2.342949 0.2735888 -0.9141429 2.507141
0.123354 0.6467026 2.188049 0.1182382 0.4769098 2.178902 0.08048931 0.3011348 2.059083 0.3351045 0.3642107 2.359554 0.2610945 0.2420158 1.887933 0.4603937 0.5161076 2.495032 0.4420228 0.420946 1.880398 0.5517848 0.6653419 2.550939 0.4646642 0.4846169 1.874499 0.5748929 0.7280138 2.562757 0.1317895 0.06779918 2.191859 0.1366745 -0.01484013 2.19572 0.06720811 -0.07818341 2.174393 0.216147 -0.09056413 2.225472 0.1339403 -0.4884627 2.221545 0.1621862 -0.4890468 2.404959 0.0828372 -0.8612544 2.283302 0.2117652 -0.8732359 2.552004 0.1136359 -0.9237406 2.355433 0.2725745 -0.9157562 2.506199
0.1234743 0.6468427 2.187871 0.1182226 0.4770962 2.178975 0.08021016 0.3012387 2.059237 0.3350889 0.3643971 2.359627 0.2600191 0.2414419 1.888274 0.4602945 0.516493 2.494985 0.4390953 0.4221969 1.881682 0.5424717 0.6756963 2.539226 0.4599524 0.4865617 1.876823 0.5702934 0.7348858 2.557227 0.1321478 0.06661429 2.192307 0.1371965 -0.01643687 2.196306 0.06714925 -0.07813833 2.174462 0.2162764 -0.09060347 2.22532 0.1334501 -0.4884835 2.221639 0.1617234 -0.4899327 2.40539 0.08243323 -0.8611727 2.283367 0.2066359 -0.8716264 2.564442 0.1142881 -0.9295538 2.349439 0.2551843 -0.9256423 2.612862
0.12325 0.6468936 2.18787 0.1182868 0.4771442 2.179016 0.08017853 0.3012094 2.059214 0.3351531 0.3644452 2.359668 0.2601147 0.2414142 1.888326 0.4681219 0.5092094 2.495564 0.4395897 0.4217806 1.881626 0.5241644 0.6805379 2.536257 0.4631666 0.4851758 1.87646 0.5548115 0.7383628 2.554104 0.1333149 0.06540785 2.193548 0.1386985 -0.01788124 2.197927 0.06772721 -0.07808188 2.186137 0.2192715 -0.08928662 2.220158 0.133304 -0.4901457 2.221163 0.161641 -0.4899321 2.405445 0.0817989 -0.8613626 2.283701 0.2059321 -0.8702344 2.559529 0.1058806 -0.9300239 2.338874 0.266706 -0.9127577 2.513677
0.1235288 0.6469798 2.188698 0.117981 0.4771346 2.179205 0.08013142 0.3011776 2.059193 0.3348473 0.3644355 2.359857 0.2636229 0.2415976 1.887234 0.4639629 0.4760124 2.522903 0.4498109 0.4030102 1.87298 0.565774 0.6328741 2.530306 0.4864133 0.4662352 1.867827 0.553495 0.697859 2.515215 0.1330604 0.06425227 2.193954 0.1384802 -0.01915317 2.198332 0.06738017 -0.0780572 2.185453 0.2188547 -0.08955561 2.220303 0.1331827 -0.490004 2.221165 0.1615371 -0.490288 2.4056 0.08079818 -0.8608027 2.282732 0.2095931 -0.8726669 2.558311 0.1203763 -0.9211615 2.35235 0.2704085 -0.9151883 2.512513
0.1227796 0.647587 2.189277 0.1170022 0.4776529 2.179232 0.08008408 0.301149 2.059224 0.3338684 0.3649539 2.359884 0.2767313 0.2458732 1.885677 0.4635711 0.476344 2.522641 0.4800147 0.3961175 1.864077 0.5985474 0.6030327 2.543039 0.5186629 0.4445017 1.852906 0.5894421 0.6688142 2.529202 0.1331001 0.06417225 2.193984 0.1386251 -0.0192719 2.198377 0.06804565 -0.07811075 2.187115 0.2183869 -0.08613529 2.214998 0.132901 -0.4904066 2.221117 0.1588396 -0.4882647 2.404679 0.08037917 -0.861439 2.283314 0.2082048 -0.8733249 2.557844 0.1183098 -0.9229162 2.352874 0.2567797 -0.927524 2.62305
0.122826 0.647645 2.189737 0.1169577 0.4776375 2.17925 0.07997457 0.3011947 2.059268 0.333824 0.3649385 2.359902 0.2787916 0.2457053 1.885701 0.4636158 0.4763354 2.522597 0.485496 0.3884684 1.86083 0.6125371 0.5822662 2.554121 0.5260507 0.436914 1.848888 0.666421 0.6171428 2.576067 0.1327173 0.06381867 2.194408 0.138162 -0.01961589 2.198889 0.0658436 -0.07764331 2.18942 0.218031 -0.08608701 2.214587 0.13294 -0.4898619 2.220892 0.1551366 -0.486675 2.4044 0.0805126 -0.8619273 2.283546 0.2088445 -0.8746731 2.558309 0.1184895 -0.9226512 2.35374 0.2554225 -0.9263964 2.618708
0.1224385 0.6481184 2.190987 0.1162586 0.4778896 2.179087 0.079657 0.3012301 2.059545 0.3331249 0.3651906 2.359739 0.2793755 0.2450339 1.886283 0.4632664 0.4765243 2.522232 0.4866687 0.382288 1.859218 0.6166522 0.5734852 2.558748 0.5278672 0.4299827 1.846435 0.6677808 0.6058055 2.575302 0.1319938 0.06301867 2.19512 0.1373935 -0.02062834 2.199859 0.06477772 -0.07782211 2.190639 0.2174526 -0.08639586 2.214694 0.1326832 -0.4900704 2.220583 0.1534276 -0.4871712 2.40492 0.08218133 -0.8601812 2.282968 0.2118954 -0.8602092 2.554807 0.1062445 -0.9239277 2.312149 0.2534274 -0.9129372 2.614681
0.1223747 0.6477391 2.191108 0.1157484 0.4775086 2.179104 0.0793992 0.3012286 2.05972 0.3326147 0.3648096 2.359756 0.2792174 0.2441495 1.886929 0.4579101 0.4463465 2.539966 0.448781 0.3384454 1.855313 0.5981519 0.570062 2.54737 0.5270082 0.4274903 1.845736 0.6139501 0.5797252 2.561503 0.1317783 0.06201956 2.195821 0.1372757 -0.02162779 2.200676 0.06434129 -0.0783764 2.1918 0.2174274 -0.08653862 2.214716 0.1326744 -0.4906698 2.220618 0.1527377 -0.4876644 2.405209 0.08020975 -0.8636178 2.285069 0.2134731 -0.868205 2.556744 0.1168271 -0.9309735 2.33475 0.206614 -0.9345904 2.524491
0.1225258 0.6475484 2.191483 0.1157666 0.4772714 2.179162 0.07894844 0.3014306 2.059985 0.3326329 0.3645723 2.359813 0.2785877 0.2431634 1.887413 0.4579844 0.4459337 2.540062 0.4805275 0.3745581 1.856432 0.5977502 0.5705048 2.545457 0.5243087 0.4270751 1.845764 0.6114275 0.5792717 2.559445 0.1317542 0.06171558 2.196316 0.1372341 -0.02186209 2.201243 0.06393901 -0.07825395 2.193187 0.2174006 -0.0866281 2.214714 0.132709 -0.4906226 2.220522 0.1526683 -0.488031 2.405657 0.08063631 -0.8652601 2.285655 0.2070542 -0.8769635 2.547734 0.141474 -0.9078283 2.239924 0.2599875 -0.9077308 2.627161
0.1208546 0.6473729 2.192341 0.1160301 0.4769077 2.179237 0.07877917 0.3013615 2.059971 0.3328964 0.3642087 2.359889 0.2768179 0.2397766 1.886583 0.458321 0.4454878 2.540127 0.4669732 0.3676754 1.855876 0.5973686 0.5710549 2.544173 0.5207989 0.4279673 1.84568 0.6100915 0.5792856 2.558135 0.1316947 0.06178489 2.196307 0.1370528 -0.02160752 2.201192 0.0638406 -0.07820586 2.193233 0.2162652 -0.08518864 2.213494 0.1327831 -0.4905542 2.220478 0.1475697 -0.4855443 2.405022 0.08107659 -0.8521575 2.281965 0.2074378 -0.8762049 2.548219 0.1257218 -0.9104032 2.350312 0.2682392 -0.9187877 2.502453
0.1199769 0.6472057 2.192376 0.1161384 0.4767224 2.179329 0.07836528 0.30129 2.060096 0.3330047 0.3640234 2.35998 0.2740203 0.2375156 1.886234 0.4584581 0.4452679 2.540218 0.4474905 0.3537267 1.855263 0.5954726 0.5736184 2.539345 0.5175558 0.4284795 1.846123 0.6012029 0.5753618 2.553719 0.1317318 0.06172317 2.196649 0.1370726 -0.02160194 2.201588 0.06353071 -0.07812069 2.19435 0.2162976 -0.08519862 2.213497 0.1327947 -0.4905326 2.220375 0.1475203 -0.4856967 2.405414 0.0815498 -0.8541281 2.282255 0.207307 -0.8764414 2.548464 0.1422966 -0.8967296 2.23643 0.2588261 -0.9088588 2.628166
0.1199376 0.6472415 2.192767 0.1161079 0.4766969 2.179327 0.07798923 0.3012759 2.060261 0.3329742 0.3639979 2.359978 0.2733259 0.2372052 1.886025 0.4801545 0.4609342 2.517845 0.4488757 0.3597986 1.855436 0.6065233 0.5891005 2.559493 0.5128357 0.4310951 1.846227 0.6486462 0.6318226 2.577758 0.1321258 0.06139464 2.196992 0.1376511 -0.02198622 2.202042 0.06365428 -0.07848283 2.194542 0.2177836 -0.0853883 2.214097 0.1326172 -0.49096 2.220407 0.1500593 -0.4859476 2.405549 0.08094229 -0.857975 2.283708 0.2079487 -0.8751998 2.548548 0.109057 -0.9196146 2.357651 0.2686492 -0.9178014 2.502663
0.119948 0.6470858 2.193639 0.1155525 0.4764517 2.179513 0.07700767 0.3014244 2.060568 0.3324188 0.3637528 2.360164 0.2732829 0.2372855 1.88599 0.4799662 0.4608626 2.517648 0.448773 0.3632591 1.855263 0.6042792 0.5934978 2.553009 0.5068615 0.4318001 1.846321 0.6457169 0.6377095 2.569179 0.1314664 0.06108895 2.197538 0.1369722 -0.02224869 2.202628 0.06299864 -0.0782719 2.19531 0.2168038 -0.08599042 2.214337 0.1325445 -0.4907289 2.220339 0.1491885 -0.4873987 2.406818 0.07840747 -0.8655138 2.286342 0.2070982 -0.875313 2.54929 0.1111729 -0.924181 2.360786 0.2677443 -0.9179357 2.503353
0.1199697 0.6469223 2.193988 0.1142151 0.4763234 2.179838 0.07656036 0.3013859 2.060703 0.3310813 0.3636245 2.360489 0.2733183 0.2385747 1.886108 0.4793145 0.4608899 2.51734 0.4490566 0.3667927 1.855436 0.6021471 0.5956817 2.550484 0.5045885 0.4332827 1.846384 0.6430913 0.6406123 2.565915 0.1315517 0.06117067 2.197728 0.1372598 -0.0220587 2.202891 0.06454374 -0.07789731 2.196278 0.2167991 -0.08539492 2.214204 0.1323856 -0.4907239 2.220363 0.1500711 -0.4876334 2.407974 0.07912634 -0.8647888 2.285148 0.2069854 -0.8752301 2.549141 0.1095896 -0.9264321 2.358156 0.2590379 -0.9087689 2.628032
0.1197389 0.647218 2.19381 0.1135887 0.476676 2.179966 0.07650913 0.3013219 2.060696 0.330455 0.363977 2.360618 0.2730002 0.2385885 1.885711 0.4789314 0.46152 2.517126 0.4485558 0.3691499 1.855865 0.6062106 0.5966942 2.534445 0.500825 0.4347621 1.846778 0.6483792 0.6332107 2.550392 0.1315022 0.06051924 2.198298 0.1373559 -0.02303854 2.203629 0.06452443 -0.07844648 2.196419 0.2169945 -0.08615635 2.215257 0.1324945 -0.4912571 2.220443 0.1501367 -0.4881968 2.408293 0.0787717 -0.8658782 2.28606 0.2061597 -0.8756312 2.548374 0.1147051 -0.9370274 2.335543 0.2480639 -0.91596 2.594335
0.1195588 0.6469132 2.193974 0.1133037 0.4763918 2.180257 0.07584265 0.3014002 2.060851 0.33017 0.3636929 2.360909 0.2699522 0.2383808 1.886054 0.4788607 0.4614565 2.517127 0.4621705 0.3990458 1.859256 0.5996631 0.6040855 2.525537 0.4974654 0.4433399 1.846329 0.6362128 0.6329718 2.540992 0.1315091 0.06027987 2.19903 0.1374329 -0.02320906 2.2044 0.06442089 -0.07846969 2.196994 0.2172336 -0.08645749 2.216004 0.1324778 -0.4913221 2.220384 0.1514592 -0.4886986 2.409816 0.07894064 -0.8645794 2.286157 0.2096748 -0.8776573 2.5547 0.1138396 -0.9354789 2.338509 0.2625057 -0.9063029 2.63499
0.1199511 0.6468596 2.19488 0.1129439 0.4762574 2.180422 0.07550618 0.3014041 2.060854 0.3298102 0.3635585 2.361073 0.2661136 0.2393093 1.887045 0.4787194 0.4614235 2.517062 0.4460445 0.3950566 1.862029 0.5865948 0.6154336 2.510652 0.4881557 0.4554955 1.84986 0.6158332 0.6304206 2.527276 0.1315889 0.06009605 2.199429 0.1376112 -0.02337925 2.204841 0.06445158 -0.078601 2.197334 0.2175868 -0.08654402 2.216397 0.1326666 -0.4914698 2.220238 0.1518432 -0.4888332 2.410388 0.07833971 -0.8633774 2.285101 0.2088495 -0.8781722 2.555086 0.112951 -0.9283861 2.343511 0.2696729 -0.9207097 2.5093
0.1195131 0.6467199 2.19532 0.1130775 0.4760384 2.180474 0.07509401 0.3013426 2.060919 0.3299438 0.3633394 2.361126 0.2633042 0.2394604 1.887727 0.4790034 0.4612876 2.516949 0.4325892 0.3948632 1.867247 0.5655326 0.6281987 2.496345 0.4675612 0.4660466 1.860266 0.5912324 0.6256696 2.516444 0.1315151 0.06010648 2.199527 0.137471 -0.02330813 2.204957 0.06390277 -0.07838936 2.197796 0.2174962 -0.08660868 2.216342 0.1325712 -0.4912181 2.220293 0.151758 -0.4888349 2.410435 0.07882006 -0.8639505 2.285333 0.2095588 -0.8782214 2.5545 0.113181 -0.922824 2.358894 0.2256586 -0.9490882 2.539891
0.1193253 0.646481 2.194702 0.1128104 0.4758984 2.180539 0.0750372 0.3012013 2.060838 0.3296767 0.3631994 2.361191 0.2588251 0.2395844 1.88849 0.4788788 0.4612316 2.516854 0.4266498 0.4309034 1.881256 0.5611387 0.6302183 2.494785 0.4583312 0.4889554 1.86617 0.5872813 0.6254824 2.51539 0.1314 0.05950749 2.19979 0.1374075 -0.02398315 2.205231 0.06400005 -0.07863165 2.198172 0.2171681 -0.08767669 2.216244 0.1325269 -0.491515 2.2203 0.1514986 -0.4908778 2.4111 0.07981124 -0.8573895 2.282477 0.2089466 -0.8759431 2.554078 0.1141175 -0.918589 2.35414 0.239732 -0.9190236 2.605953
0.1205049 0.6462854 2.195757 0.1123543 0.4756326 2.180618 0.07496759 0.3011933 2.060846 0.3292207 0.3629336 2.36127 0.2570933 0.2400999 1.889245 0.4279215 0.5045245 2.497332 0.4179924 0.4371394 1.885614 0.4887761 0.6793089 2.45027 0.4338467 0.5029272 1.880943 0.509061 0.7375703 2.438965 0.1320707 0.05900258 2.200069 0.138529 -0.02458718 2.205567 0.06670767 -0.07941961 2.199857 0.2178741 -0.08800908 2.215787 0.1320681 -0.4929632 2.220209 0.1557037 -0.4947485 2.412562 0.07992494 -0.8564106 2.282032 0.2115934 -0.8748322 2.55413 0.1176689 -0.926004 2.343595 0.2420983 -0.9229826 2.601519
0.1205483 0.6459429 2.195768 0.11229 0.475296 2.180645 0.07491401 0.301183 2.060831 0.3291562 0.362597 2.361297 0.25511 0.2403293 1.889903 0.425932 0.5056555 2.497103 0.4114352 0.440851 1.88931 0.477281 0.6855448 2.463794 0.4254945 0.5071808 1.88736 0.4943974 0.7455079 2.457073 0.1320214 0.05895788 2.200103 0.1384706 -0.02459577 2.205591 0.06664723 -0.07924746 2.200248 0.2173427 -0.08825239 2.215207 0.1320115 -0.4928226 2.220196 0.1544544 -0.4959949 2.412731 0.08101278 -0.8555385 2.280194 0.2117149 -0.8752035 2.554632 0.1173439 -0.9251209 2.342612 0.2725742 -0.9177049 2.508862
0.1199877 0.6458753 2.19595 0.1121724 0.4751908 2.180718 0.07469168 0.2990895 2.060102 0.3290387 0.3624918 2.36137 0.2535063 0.2401321 1.890528 0.425449 0.5144936 2.494062 0.4095782 0.4407917 1.890868 0.4846731 0.6926256 2.468064 0.4243477 0.5069869 1.88983 0.5044145 0.752003 2.46378 0.1314781 0.05901607 2.199924 0.1376902 -0.02441711 2.205258 0.06568485 -0.0792594 2.199912 0.216101 -0.08771582 2.214292 0.132164 -0.4926418 2.220045 0.1466722 -0.4910288 2.409338 0.08066507 -0.8614804 2.284025 0.2104783 -0.8827137 2.55383 0.1183307 -0.9286045 2.348318 0.2514466 -0.9212879 2.609499
0.1182341 0.6460265 2.197434 0.1121752 0.4750768 2.180775 0.07483704 0.2977299 2.059687 0.3290415 0.3623778 2.361427 0.2537377 0.2401939 1.890495 0.4298277 0.5168076 2.496033 0.409869 0.4149446 1.887672 0.4849121 0.6960464 2.467292 0.4296511 0.4895176 1.890004 0.5032735 0.7557927 2.462094 0.131022 0.05878641 2.199945 0.1370443 -0.02465542 2.20524 0.06370959 -0.07956134 2.193467 0.2134425 -0.08976507 2.220179 0.1320363 -0.492006 2.220726 0.1475188 -0.4912499 2.410074 0.07841306 -0.865024 2.28545 0.20804 -0.8803377 2.551892 0.1144307 -0.9249418 2.357354 0.2689926 -0.9228517 2.506258
0.1171029 0.6455472 2.197659 0.1112203 0.4745643 2.180805 0.07492945 0.2934128 2.059215 0.3280866 0.3618653 2.361456 0.2586449 0.2422104 1.889253 0.4300932 0.5171737 2.496374 0.4306926 0.4046621 1.88326 0.580022 0.6231325 2.524439 0.4832107 0.4633828 1.876575 0.6299982 0.6584522 2.538177 0.1313006 0.05819111 2.200469 0.1376383 -0.02534196 2.205952 0.06399201 -0.08104336 2.195021 0.2162187 -0.0892897 2.220755 0.1320638 -0.493672 2.220803 0.1495296 -0.4878648 2.410225 0.07880994 -0.8654727 2.286541 0.2028025 -0.8742065 2.547567 0.1051357 -0.9328375 2.327007 0.2528781 -0.9151526 2.609356
0.110143 0.6456813 2.197795 0.109514 0.474613 2.181068 0.07528424 0.2926035 2.059049 0.3263803 0.3619139 2.361719 0.2750534 0.2471918 1.885452 0.4298756 0.5181385 2.497003 0.4598287 0.3840449 1.872351 0.598395 0.5738237 2.546347 0.512895 0.4421644 1.863667 0.6545682 0.5923854 2.567178 0.1311275 0.05814889 2.200426 0.1375705 -0.02535965 2.205899 0.06447196 -0.08114712 2.195429 0.2151671 -0.08788544 2.218994 0.1320126 -0.4939065 2.220743 0.1493577 -0.4864242 2.409788 0.08010212 -0.8606678 2.285802 0.2045164 -0.875708 2.550316 0.1150733 -0.9262639 2.353123 0.2579541 -0.9183463 2.621596
0.1098199 0.6451597 2.197562 0.1088007 0.4741483 2.181267 0.07561173 0.2911604 2.058713 0.325667 0.3614493 2.361918 0.2785497 0.2496589 1.884914 0.4299499 0.5182753 2.497327 0.4646422 0.3761695 1.866631 0.6026019 0.5567619 2.548332 0.5210811 0.4312174 1.855065 0.6601526 0.5695908 2.569716 0.1311168 0.05813592 2.200341 0.1376363 -0.02531126 2.205708 0.06540588 -0.08132412 2.195586 0.2149083 -0.08647691 2.217305 0.1316062 -0.4942949 2.220958 0.1488582 -0.4857544 2.409409 0.07987759 -0.8606984 2.28529 0.2018557 -0.8767667 2.545728 0.1151477 -0.9262918 2.352457 0.2633378 -0.9190892 2.500629
0.1043983 0.645566 2.202847 0.1087543 0.474012 2.181507 0.07566603 0.2907402 2.058574 0.3256206 0.361313 2.362158 0.2793541 0.2505014 1.885455 0.4307046 0.5186945 2.498166 0.4656349 0.3741249 1.864656 0.6036643 0.5535795 2.550395 0.5230027 0.4299946 1.852676 0.6009158 0.6212607 2.546822 0.1304974 0.05839725 2.200291 0.1367796 -0.02483206 2.205512 0.06520642 -0.08119674 2.195621 0.2130119 -0.08527488 2.216617 0.1311361 -0.494204 2.221061 0.1468334 -0.4833832 2.408563 0.08059023 -0.8607261 2.284775 0.2079793 -0.8661262 2.556756 0.106342 -0.9295557 2.353021 0.2600199 -0.9087145 2.631161
0.1044137 0.6455147 2.202684 0.1086879 0.4739751 2.18152 0.07590702 0.2906864 2.058545 0.3255542 0.361276 2.362171 0.2794575 0.2500612 1.885338 0.4309839 0.5189772 2.498347 0.4635286 0.3752446 1.864185 0.6036121 0.5574398 2.549438 0.5122453 0.4360836 1.85234 0.5940791 0.6242657 2.542766 0.1303485 0.05832627 2.200265 0.136648 -0.02489215 2.205472 0.06522678 -0.08120553 2.195672 0.2126847 -0.08523865 2.21645 0.1310115 -0.4942341 2.221126 0.1470802 -0.4832404 2.408442 0.07853486 -0.8617694 2.285384 0.2081233 -0.868329 2.55562 0.1022654 -0.9357299 2.348658 0.2596206 -0.9091693 2.631373
0.1050337 0.6453267 2.201552 0.108697 0.4738934 2.18153 0.07573057 0.2893392 2.058912 0.3255633 0.3611943 2.362182 0.2758655 0.2469248 1.885924 0.4314518 0.5191456 2.49852 0.459028 0.4061181 1.868979 0.6024935 0.5706254 2.544547 0.4873394 0.4573701 1.853294 0.6595075 0.5877854 2.564271 0.1302741 0.05778717 2.200269 0.1365791 -0.02552903 2.205455 0.06517784 -0.08194299 2.196085 0.2128156 -0.08622062 2.21613 0.1306655 -0.4950907 2.220755 0.1462982 -0.4869896 2.409083 0.07833802 -0.8583962 2.283316 0.208329 -0.8697025 2.552973 0.1048412 -0.9334081 2.344385 0.2646866 -0.9037408 2.628629
0.1026681 0.6450362 2.20041 0.1086651 0.4738076 2.181618 0.07567538 0.2878799 2.05948 0.3255314 0.3611085 2.36227 0.2678544 0.2433282 1.888117 0.4298667 0.4812752 2.502193 0.442957 0.4264653 1.872645 0.5555518 0.6199204 2.508744 0.45636 0.4751527 1.860027 0.5845622 0.6776072 2.529523 0.1286559 0.05643172 2.200176 0.1344611 -0.02727067 2.205216 0.0612221 -0.083592 2.189714 0.2092676 -0.09214988 2.222574 0.1305823 -0.4954151 2.221292 0.1460808 -0.4877655 2.409159 0.07816032 -0.8591791 2.283586 0.2066353 -0.8719638 2.552053 0.1146026 -0.921362 2.353329 0.2311625 -0.9417914 2.547835
0.1023705 0.644188 2.200223 0.109569 0.4730606 2.181905 0.07556721 0.2874795 2.059709 0.3264353 0.3603615 2.362557 0.2622885 0.2429571 1.889717 0.4311918 0.4794086 2.502349 0.4311879 0.4334414 1.876076 0.5159956 0.6473745 2.487413 0.4440535 0.4820914 1.865962 0.505375 0.7136418 2.477562 0.1295904 0.0570127 2.199991 0.135713 -0.02617058 2.204865 0.06293309 -0.08289151 2.192063 0.2140266 -0.08792251 2.216959 0.1303639 -0.4953005 2.221118 0.1463569 -0.4865579 2.409097 0.07795642 -0.858705 2.283844 0.2067075 -0.8718246 2.551943 0.1060411 -0.9322568 2.344882 0.2028744 -0.9444646 2.537657
0.1024656 0.6442238 2.200063 0.1097677 0.4731495 2.182159 0.07517646 0.2866532 2.060087 0.326634 0.3604505 2.362811 0.259113 0.2429442 1.890166 0.4313632 0.4792861 2.502501 0.4248595 0.4361791 1.877466 0.505741 0.6521217 2.487508 0.4422111 0.5007726 1.866159 0.5019357 0.7188019 2.475655 0.1298338 0.0575307 2.199978 0.1360055 -0.02547094 2.204774 0.06331693 -0.08242047 2.193494 0.2147302 -0.08658436 2.215415 0.1303207 -0.4950552 2.220992 0.1460974 -0.4857398 2.408754 0.07895294 -0.8546489 2.280535 0.2056105 -0.8690854 2.550528 0.1237532 -0.9096713 2.351419 0.2669028 -0.9114687 2.505217
0.1023648 0.6441737 2.199991 0.1097936 0.4731129 2.182165 0.07512143 0.28619 2.060103 0.3266599 0.3604139 2.362816 0.2577821 0.2427141 1.889882 0.4314292 0.4789869 2.502447 0.4248199 0.4348305 1.8781 0.5172359 0.6462551 2.497447 0.442422 0.4994476 1.867328 0.5089396 0.7127681 2.487033 0.1299616 0.05753925 2.20004 0.1361837 -0.02544534 2.204865 0.06367766 -0.08266305 2.194254 0.2150229 -0.08642844 2.21544 0.1306842 -0.4953333 2.221383 0.1459933 -0.4856025 2.408903 0.07951398 -0.8550053 2.28152 0.2057086 -0.8694374 2.550583 0.1192458 -0.9314776 2.321099 0.2595198 -0.91019 2.624765
0.103222 0.6441298 2.200009 0.1098127 0.4730521 2.182338 0.07497223 0.2865593 2.060158 0.326679 0.3603531 2.362989 0.2582999 0.2432424 1.889595 0.4314485 0.4787291 2.502604 0.4329807 0.4058404 1.877478 0.5587691 0.6137712 2.520458 0.4448835 0.4725917 1.875509 0.6060873 0.656477 2.543664 0.1303222 0.05781684 2.200037 0.1367158 -0.02501434 2.204801 0.06460658 -0.08242904 2.195036 0.2157377 -0.0853928 2.214657 0.1305656 -0.4953405 2.221412 0.146631 -0.4850487 2.408826 0.07990317 -0.8622237 2.288391 0.205907 -0.8735474 2.550379 0.1197658 -0.923134 2.357386 0.2671885 -0.9159097 2.505031
0.1034076 0.6440037 2.200068 0.1095631 0.4729017 2.182343 0.07457121 0.2863294 2.05996 0.3264294 0.3602027 2.362995 0.2607669 0.2442938 1.888606 0.4310933 0.4782939 2.502524 0.4443 0.3901895 1.874411 0.5852075 0.5747211 2.537944 0.4955516 0.4435083 1.863655 0.604566 0.6392482 2.54587 0.1303215 0.05781182 2.200035 0.1367229 -0.02501704 2.204797 0.06467147 -0.08251208 2.195128 0.2157422 -0.08537839 2.214651 0.1307087 -0.4954244 2.221361 0.1466574 -0.4850418 2.408824 0.07929512 -0.8630295 2.289812 0.2051753 -0.877322 2.550348 0.1178702 -0.9290569 2.354709 0.2664591 -0.9196757 2.504997
0.1040079 0.6441988 2.200205 0.109286 0.4730479 2.182335 0.07431517 0.2864143 2.05973 0.3261523 0.3603489 2.362987 0.2661881 0.2460912 1.887576 0.4308471 0.478295 2.502465 0.4486215 0.3792632 1.87142 0.5880001 0.5704485 2.536425 0.4988992 0.4380428 1.862017 0.6101582 0.6339831 2.54501 0.1300832 0.05779372 2.200022 0.1364838 -0.02507184 2.204789 0.06458647 -0.08265527 2.195499 0.2148616 -0.08537477 2.214332 0.1307917 -0.4955759 2.221355 0.1465908 -0.4850054 2.408746 0.07932317 -0.8638266 2.289604 0.2057734 -0.8771861 2.549595 0.1406275 -0.906177 2.244277 0.2670777 -0.9195365 2.504268
0.1038182 0.644201 2.200131 0.1091103 0.4730638 2.18238 0.07389196 0.2873538 2.05944 0.3259766 0.3603648 2.363031 0.2684873 0.246227 1.887789 0.4306593 0.4782029 2.502469 0.4496917 0.3777499 1.870975 0.5897118 0.567665 2.53523 0.500103 0.4372914 1.861329 0.6086659 0.6326525 2.539556 0.1291197 0.05795785 2.199921 0.1352928 -0.02488027 2.204646 0.06371731 -0.08237903 2.195589 0.2128233 -0.08515499 2.214139 0.1319543 -0.4950858 2.220181 0.1450458 -0.4842313 2.408154 0.08062844 -0.8585801 2.285991 0.2072707 -0.8762697 2.550843 0.1419359 -0.9009545 2.24069 0.2317879 -0.9458609 2.543658
0.1028376 0.6440542 2.199978 0.1090821 0.4729679 2.182391 0.07356634 0.2872202 2.059399 0.3259484 0.3602689 2.363042 0.2682172 0.245714 1.887974 0.4306132 0.4779214 2.502439 0.4484132 0.3786308 1.87144 0.5870821 0.5735373 2.531529 0.4932737 0.441048 1.861123 0.6058864 0.6385844 2.53561 0.1290484 0.05790108 2.199877 0.135213 -0.0249359 2.204591 0.06351259 -0.08261059 2.19562 0.2127987 -0.08518683 2.214093 0.1313691 -0.4953492 2.220543 0.1452165 -0.4838056 2.407796 0.0802931 -0.8583082 2.285778 0.205032 -0.882988 2.545296 0.1099399 -0.9292984 2.338855 0.2663151 -0.9253662 2.499964
0.1029231 0.6440089 2.200003 0.1091163 0.4729205 2.182426 0.0728117 0.2874241 2.05946 0.3259826 0.3602215 2.363077 0.2649251 0.2447221 1.889096 0.4539115 0.4801638 2.501073 0.4358039 0.3868374 1.874015 0.5612082 0.6347091 2.491446 0.4696156 0.4566761 1.864649 0.5687965 0.7021043 2.492752 0.1290416 0.05766166 2.199881 0.1351929 -0.02525472 2.204586 0.06280161 -0.083104 2.195415 0.2137055 -0.08649163 2.214609 0.1313713 -0.4956927 2.220678 0.145056 -0.4854777 2.407939 0.07853638 -0.8586659 2.285624 0.204056 -0.8832264 2.545118 0.1133664 -0.9263304 2.350953 0.2652606 -0.9256163 2.499692
0.1032273 0.6436029 2.20032 0.1095534 0.472508 2.182665 0.07267711 0.2874823 2.059539 0.3264197 0.359809 2.363317 0.2595327 0.2439903 1.889634 0.4576726 0.4797899 2.501227 0.4297191 0.4332913 1.880629 0.5344667 0.6504263 2.468194 0.4637043 0.4895747 1.863937 0.5373387 0.717265 2.479409 0.1292199 0.05788079 2.199771 0.1353977 -0.02484983 2.204381 0.06282886 -0.08301546 2.195472 0.2142239 -0.08575729 2.213839 0.1309667 -0.4956837 2.220649 0.1453421 -0.484845 2.407791 0.07812013 -0.8602971 2.285642 0.1970506 -0.8868217 2.541165 0.09892964 -0.9352599 2.348944 0.254393 -0.9010967 2.618766
0.1033157 0.6435942 2.200295 0.1096301 0.4725162 2.182792 0.07241309 0.2881699 2.059538 0.3264963 0.3598171 2.363443 0.2558596 0.2423687 1.890368 0.4468023 0.4936706 2.49155 0.4257561 0.4319426 1.880796 0.5090193 0.6712343 2.475245 0.4466731 0.4949518 1.866876 0.5518578 0.7070225 2.513788 0.1292522 0.05789183 2.199822 0.1354248 -0.02484194 2.204426 0.06287053 -0.08292328 2.195936 0.2142562 -0.08578475 2.213818 0.1307977 -0.4956988 2.220317 0.1454148 -0.4852952 2.408216 0.07804652 -0.85962 2.285095 0.2053274 -0.8831289 2.548959 0.1027335 -0.9277994 2.334 0.2517995 -0.9061381 2.614006
0.1034675 0.6437238 2.200246 0.1096247 0.4726542 2.182867 0.07213522 0.2885261 2.059758 0.326491 0.3599551 2.363518 0.255476 0.2425517 1.890501 0.4463036 0.4937587 2.491055 0.425698 0.4318404 1.880595 0.5154287 0.6687649 2.475776 0.4459926 0.4950266 1.866555 0.5402598 0.727358 2.499266 0.1284975 0.05811397 2.199473 0.1343541 -0.02462208 2.203903 0.0579596 -0.0810496 2.186909 0.212909 -0.08710512 2.217622 0.1304022 -0.4921095 2.220536 0.1452528 -0.483891 2.407791 0.07858218 -0.8586509 2.28393 0.2085878 -0.8801022 2.551121 0.1099426 -0.9307352 2.346217 0.2035186 -0.9528486 2.537786
0.1042114 0.6437041 2.199767 0.1095989 0.4726681 2.182869 0.07212175 0.2881566 2.059428 0.3264651 0.3599691 2.36352 0.2563619 0.2438037 1.889924 0.4456684 0.4936095 2.490398 0.4361872 0.4240246 1.876624 0.5199399 0.6626467 2.513589 0.4569534 0.4733204 1.86549 0.544697 0.7189924 2.525702 0.1286518 0.05829439 2.199382 0.1346141 -0.02437455 2.203787 0.05935374 -0.08139669 2.188571 0.2137479 -0.0855744 2.216434 0.1300918 -0.4929452 2.220476 0.1449842 -0.4826449 2.407285 0.07818124 -0.8558487 2.281917 0.2097122 -0.8717853 2.555884 0.1085835 -0.9284071 2.34413 0.2527006 -0.9158248 2.603177
0.1044532 0.6443326 2.199312 0.1087643 0.4733266 2.182889 0.07188538 0.2893656 2.05947 0.3256306 0.3606276 2.36354 0.2635282 0.2481197 1.88701 0.4439076 0.4942169 2.489565 0.4506184 0.3823787 1.866108 0.6056224 0.5730794 2.53155 0.4965472 0.4431394 1.85455 0.6595274 0.5993669 2.549927 0.1290442 0.05860536 2.199296 0.1353914 -0.0240147 2.203678 0.06303467 -0.08083755 2.191193 0.2145497 -0.08456419 2.215286 0.1300953 -0.4933287 2.219992 0.1475135 -0.4840066 2.407314 0.0779341 -0.8559498 2.282292 0.2062807 -0.8778033 2.551833 0.10838 -0.9266968 2.346538 0.2591602 -0.9225209 2.617456
0.1044765 0.644824 2.199089 0.1080913 0.4738565 2.183089 0.07149266 0.2904717 2.059968 0.3249575 0.3611575 2.36374 0.2685949 0.2500409 1.885848 0.4427918 0.4946135 2.489268 0.4521642 0.3797877 1.865149 0.6062251 0.570941 2.529735 0.5014492 0.4388278 1.852965 0.5913372 0.6311415 2.502243 0.1290437 0.05860918 2.199302 0.1354106 -0.02402301 2.203686 0.06364603 -0.08081968 2.192173 0.2144474 -0.0845936 2.215042 0.130184 -0.4935014 2.219909 0.1483796 -0.4868688 2.407711 0.07977835 -0.8551974 2.282448 0.206961 -0.8751727 2.551613 0.1105028 -0.9258871 2.346626 0.2609057 -0.9182488 2.621743
0.1045999 0.6449984 2.199031 0.1079643 0.474049 2.183215 0.07137825 0.2911834 2.059784 0.3248305 0.3613501 2.363866 0.2703644 0.2503363 1.885681 0.4425343 0.494715 2.489178 0.4527134 0.378914 1.864964 0.6064202 0.5702456 2.529396 0.503536 0.4396631 1.852074 0.5920954 0.6305095 2.501743 0.1288605 0.05895734 2.19908 0.1352238 -0.02366735 2.203389 0.0635788 -0.08059084 2.192335 0.213778 -0.08387785 2.213721 0.1298795 -0.4933324 2.21985 0.1462376 -0.4862619 2.406982 0.07990415 -0.8524985 2.281623 0.2053818 -0.877132 2.550364 0.111945 -0.9247044 2.343425 0.2666229 -0.9194364 2.504905
0.1045779 0.645019 2.198971 0.1078609 0.4740717 2.183194 0.07135941 0.2910856 2.059302 0.3247272 0.3613727 2.363846 0.2703721 0.2497351 1.885829 0.4421678 0.4946415 2.488868 0.4509604 0.3802708 1.865889 0.6047814 0.5770746 2.522338 0.4971666 0.4436675 1.853457 0.5923024 0.638186 2.495667 0.1286898 0.05880085 2.198997 0.1350305 -0.02391726 2.203297 0.06345502 -0.08090449 2.192697 0.2132519 -0.08430974 2.213243 0.1294723 -0.4937474 2.219635 0.1461789 -0.4862943 2.406727 0.07809956 -0.8561801 2.282662 0.2024164 -0.8745679 2.548819 0.1128103 -0.9219223 2.349989 0.2637025 -0.9168669 2.503416
0.1046679 0.6446066 2.199055 0.1080885 0.4736603 2.183277 0.07124026 0.2910627 2.059213 0.3249548 0.3609613 2.363929 0.2677773 0.2474843 1.887364 0.4422926 0.4940343 2.488691 0.4379209 0.3872808 1.871347 0.5940076 0.6049915 2.484652 0.4818791 0.4601149 1.858003 0.6289082 0.66168 2.497685 0.1286962 0.05880748 2.19899 0.1350328 -0.02389003 2.203282 0.06347165 -0.08092076 2.193091 0.2132087 -0.08430602 2.212978 0.1291722 -0.4938551 2.2196 0.1462149 -0.4862916 2.406716 0.07806475 -0.8573517 2.282969 0.201979 -0.8736814 2.54863 0.1067303 -0.9235272 2.352678 0.2578309 -0.9052274 2.625738
0.1048373 0.6442853 2.198632 0.1088562 0.4733801 2.183071 0.07064125 0.2915039 2.059626 0.3257225 0.3606811 2.363723 0.2615585 0.2454892 1.889242 0.4446836 0.4929487 2.486816 0.4117008 0.3933983 1.876963 0.5712898 0.6316361 2.485866 0.4464957 0.4762951 1.874418 0.5774504 0.69907 2.489883 0.1277712 0.05874315 2.198671 0.1333335 -0.02395941 2.202851 0.05718799 -0.08006434 2.185559 0.2102834 -0.08830381 2.218542 0.1292807 -0.4911159 2.21977 0.1456933 -0.486602 2.406878 0.07895959 -0.8574097 2.282999 0.2066547 -0.8619542 2.549057 0.1061532 -0.9244844 2.352443 0.2590308 -0.9027486 2.624246
0.1053852 0.6445794 2.199187 0.1089902 0.4735918 2.183098 0.07039509 0.2921575 2.059657 0.3258564 0.3608929 2.36375 0.2553394 0.2431437 1.890991 0.4421058 0.4957035 2.484792 0.4115842 0.4326416 1.888184 0.5157902 0.668172 2.456232 0.4429721 0.4918556 1.877698 0.5260718 0.7350487 2.461053 0.1279052 0.05898321 2.198684 0.1335088 -0.02371417 2.202878 0.05867146 -0.07966964 2.188154 0.210948 -0.08740863 2.217335 0.1290172 -0.4913426 2.219505 0.145651 -0.4868098 2.407056 0.07910417 -0.859721 2.283879 0.2062174 -0.8659093 2.548094 0.09777274 -0.931114 2.340311 0.2572045 -0.9053618 2.624938
0.1047819 0.6445199 2.198258 0.1092157 0.4736931 2.183212 0.07026179 0.2922247 2.059716 0.326082 0.3609942 2.363863 0.2548534 0.242999 1.891073 0.4418359 0.4958233 2.484543 0.4123446 0.4338535 1.88871 0.5179799 0.6673465 2.457452 0.4405283 0.4949857 1.880343 0.5280799 0.7342672 2.462041 0.1273282 0.05881464 2.198562 0.1326142 -0.02403066 2.202681 0.0574078 -0.07970933 2.186187 0.2094761 -0.08941643 2.219189 0.1290023 -0.4909309 2.219663 0.1452321 -0.4879238 2.407247 0.07823739 -0.8595371 2.283588 0.2054526 -0.8657547 2.547655 0.1157638 -0.9256167 2.34906 0.2242575 -0.9372164 2.541635
0.1048199 0.6445767 2.198648 0.1091632 0.4736988 2.183263 0.07033388 0.2923203 2.059568 0.3260295 0.3609999 2.363914 0.2546759 0.242871 1.891166 0.4407855 0.4958412 2.484142 0.4148008 0.418283 1.886188 0.5410925 0.6550572 2.469758 0.4402027 0.4821293 1.882479 0.5558798 0.7210801 2.474636 0.1265922 0.05842496 2.198401 0.1317734 -0.02455595 2.20247 0.05654049 -0.08003739 2.185117 0.2089528 -0.08994113 2.219766 0.1283488 -0.4910868 2.219766 0.1447076 -0.4876667 2.406805 0.07836326 -0.8625081 2.284797 0.2071131 -0.8686756 2.548824 0.1196682 -0.925981 2.350573 0.2681478 -0.9111222 2.503207
0.1046645 0.6446316 2.198558 0.1089709 0.4737516 2.183176 0.07047235 0.2923926 2.059341 0.3258371 0.3610527 2.363827 0.2581667 0.2444229 1.890174 0.4394236 0.4959783 2.483264 0.4279415 0.4041151 1.88192 0.6077955 0.5737011 2.502102 0.4782116 0.4683262 1.874276 0.629889 0.6362306 2.516366 0.1266592 0.05846379 2.198343 0.1319713 -0.02449381 2.202402 0.05785113 -0.08030903 2.186834 0.2100366 -0.08818951 2.217641 0.1284727 -0.4917653 2.219716 0.144556 -0.4872454 2.40644 0.08758596 -0.8593205 2.281547 0.2069885 -0.8610899 2.55021 0.1223699 -0.92474 2.349164 0.1826207 -0.9266025 2.488789
0.1047344 0.6443534 2.198645 0.108674 0.4734747 2.183348 0.07065444 0.2925346 2.059155 0.3255402 0.3607757 2.363999 0.2621343 0.2455313 1.889789 0.4384473 0.4955254 2.483127 0.4424313 0.3917602 1.878152 0.6044101 0.5732585 2.512725 0.4915168 0.4599701 1.867853 0.6215161 0.6376903 2.525268 0.1263575 0.05862529 2.198266 0.1316867 -0.02423408 2.202299 0.05768205 -0.08017981 2.187199 0.2094269 -0.08661565 2.2166 0.1284627 -0.4916539 2.219674 0.1406623 -0.4817457 2.403312 0.08521837 -0.8637386 2.286178 0.2098573 -0.8573858 2.552613 0.09362595 -0.939225 2.345677 0.2583624 -0.9002309 2.629252
0.1057448 0.6444868 2.198932 0.1083536 0.4735601 2.183484 0.07072277 0.2934098 2.05934 0.3252199 0.3608611 2.364135 0.2649246 0.245412 1.889957 0.4375654 0.4956676 2.483013 0.4449813 0.3858898 1.875832 0.6047778 0.5591645 2.52836 0.4934233 0.4514433 1.865074 0.6220012 0.6235205 2.541131 0.1260332 0.05888487 2.198161 0.1314165 -0.0239472 2.202171 0.05746236 -0.07971325 2.18825 0.2088842 -0.085497 2.214916 0.1286545 -0.4912414 2.219582 0.1396334 -0.4813978 2.402846 0.08489979 -0.8640119 2.284963 0.2070176 -0.8564938 2.551276 0.1007616 -0.9339296 2.345755 0.2581534 -0.901153 2.625121
0.1056998 0.644514 2.199005 0.108172 0.473578 2.183516 0.07079036 0.2936538 2.059208 0.3250382 0.360879 2.364167 0.2655346 0.2450059 1.890456 0.4369945 0.4956991 2.482829 0.4453978 0.3847087 1.875564 0.603609 0.5579119 2.531187 0.4927238 0.4476111 1.86509 0.6207845 0.6222927 2.543898 0.1256877 0.05889624 2.198176 0.1311011 -0.02394082 2.202199 0.05737967 -0.079837 2.18872 0.2082176 -0.08521189 2.214723 0.1286927 -0.4913957 2.219571 0.1390959 -0.4810375 2.402968 0.08601186 -0.8634901 2.284222 0.209001 -0.8671933 2.55203 0.1032857 -0.932332 2.355111 0.2600624 -0.9050868 2.629616
0.105874 0.6444931 2.198967 0.1077795 0.4735571 2.183542 0.07079045 0.2936528 2.059214 0.3246457 0.3608581 2.364193 0.2663448 0.244543 1.890819 0.4361823 0.495666 2.482609 0.4451808 0.3832684 1.875733 0.5994257 0.5630172 2.534496 0.4913117 0.4459096 1.864918 0.6164962 0.6274199 2.547239 0.1255505 0.05869553 2.19812 0.1310225 -0.02418477 2.202143 0.05757599 -0.08032151 2.189188 0.2081263 -0.0853525 2.214437 0.1286163 -0.4919742 2.219594 0.13879 -0.4816979 2.403039 0.08434914 -0.8621614 2.283673 0.210477 -0.8671883 2.553006 0.1053881 -0.9262953 2.323126 0.2728332 -0.9105305 2.618552
0.1061037 0.644522 2.198814 0.1077661 0.4736051 2.183556 0.07055953 0.2936628 2.05965 0.3246324 0.3609061 2.364207 0.2662897 0.2443999 1.891019 0.4360838 0.4957458 2.48254 0.4445868 0.3825015 1.87589 0.5982608 0.5664774 2.533501 0.4894715 0.4464093 1.865052 0.615274 0.6309053 2.546193 0.1254799 0.05856593 2.198181 0.1309446 -0.02440144 2.202241 0.05745264 -0.08057122 2.187323 0.2082074 -0.08849829 2.21945 0.1285579 -0.4919952 2.219732 0.1444275 -0.4857973 2.405756 0.08381375 -0.8649164 2.285291 0.2104747 -0.8671886 2.553005 0.1059611 -0.9278339 2.36022 0.2591668 -0.9071071 2.631103
0.1059526 0.6446247 2.199629 0.1074963 0.4736023 2.183618 0.07028542 0.2942433 2.060186 0.3243626 0.3609033 2.364269 0.2661737 0.2442705 1.891117 0.4355855 0.4957381 2.482457 0.4443128 0.3826141 1.875931 0.6001951 0.5657021 2.527818 0.4875696 0.4476112 1.865752 0.6172049 0.6301351 2.540491 0.1255804 0.05861362 2.198243 0.1312143 -0.02430454 2.202354 0.05844558 -0.0805396 2.189192 0.2093426 -0.08729766 2.217967 0.1284537 -0.4923499 2.21977 0.1445477 -0.485188 2.405724 0.08380166 -0.8631514 2.284505 0.2106653 -0.8669726 2.553284 0.1071833 -0.9293825 2.354799 0.2607601 -0.9063485 2.630769
0.1062428 0.644658 2.199588 0.1074699 0.4736419 2.183654 0.07021633 0.2944525 2.060391 0.3243362 0.3609429 2.364305 0.2661959 0.2442117 1.891095 0.4355025 0.4957876 2.482436 0.4434322 0.3825221 1.875938 0.5970457 0.5719767 2.528566 0.4862076 0.4483724 1.865576 0.6140397 0.6364166 2.541225 0.1253332 0.05845084 2.198651 0.130915 -0.02456198 2.202914 0.05742133 -0.08057016 2.190359 0.2093837 -0.08754794 2.218187 0.128407 -0.4923316 2.219804 0.1441498 -0.485625 2.406075 0.08119711 -0.8638548 2.286674 0.2103186 -0.8711882 2.55475 0.1136796 -0.9262393 2.35821 0.2616816 -0.9089653 2.632203
0.1067536 0.6446717 2.200089 0.106842 0.4735967 2.183757 0.07016122 0.2945102 2.060622 0.3237082 0.3608977 2.364408 0.2662487 0.2443807 1.891039 0.4346251 0.4957285 2.482364 0.4428822 0.3828307 1.875726 0.5985125 0.5642076 2.531399 0.4854771 0.4497615 1.865607 0.6154998 0.6286558 2.544026 0.124347 0.05800728 2.198511 0.129905 -0.02509002 2.202721 0.05585426 -0.08069735 2.18676 0.2075022 -0.08906268 2.220355 0.1286144 -0.4916838 2.220478 0.1442084 -0.4854955 2.406037 0.08151488 -0.8646798 2.286809 0.2106935 -0.8711672 2.555161 0.1117098 -0.9249879 2.361079 0.2790011 -0.9140176 2.614849
0.1068269 0.6449531 2.199807 0.1066856 0.4739383 2.183939 0.0703805 0.2953656 2.06078 0.3235519 0.3612393 2.364591 0.2660415 0.2448083 1.891027 0.4343978 0.4960647 2.482429 0.4568853 0.4053115 1.876137 0.5983339 0.5645506 2.531329 0.4840721 0.4519949 1.864967 0.6529793 0.5873793 2.552012 0.1248107 0.05829096 2.198555 0.1306597 -0.02475437 2.202742 0.05775591 -0.08032227 2.188817 0.2095086 -0.08706927 2.217864 0.1287518 -0.4918531 2.220414 0.1442955 -0.4852631 2.406066 0.08395534 -0.8630445 2.285105 0.2110863 -0.8710272 2.555688 0.1192957 -0.9216034 2.358499 0.1946322 -0.9268053 2.509681
0.1069529 0.6451419 2.200066 0.1062128 0.4741223 2.184163 0.070429 0.2956603 2.06102 0.323079 0.3614233 2.364814 0.2660155 0.2451723 1.890969 0.433816 0.4962568 2.482536 0.4576208 0.4084874 1.876619 0.5980757 0.5644411 2.530912 0.4831011 0.4541159 1.864984 0.652829 0.5871693 2.55142 0.1254858 0.05833751 2.19856 0.1319099 -0.02472119 2.202693 0.06075078 -0.08064196 2.190516 0.2110276 -0.08607253 2.216189 0.1288184 -0.4928448 2.220443 0.144365 -0.4853129 2.406153 0.08241771 -0.8600903 2.284641 0.210656 -0.8785472 2.555303 0.1185369 -0.9204488 2.356174 0.2719835 -0.9208583 2.509925
0.1066909 0.6453151 2.199906 0.1058733 0.4743295 2.184262 0.07047669 0.2957795 2.061111 0.3227396 0.3616305 2.364913 0.2657139 0.2453229 1.891082 0.4333869 0.4964784 2.482541 0.4575391 0.4122933 1.877523 0.5977826 0.5654168 2.529704 0.4827438 0.4578477 1.865464 0.6525812 0.5883963 2.549808 0.1254157 0.05832264 2.198562 0.1318401 -0.02475644 2.20269 0.06073024 -0.080708 2.191078 0.2102737 -0.0859521 2.215306 0.1288649 -0.4929518 2.220501 0.1438872 -0.4853899 2.406158 0.08167811 -0.862832 2.285795 0.2104682 -0.8773259 2.555958 0.1059848 -0.9320846 2.321646 0.2652425 -0.9109305 2.633
0.1077062 0.6453444 2.199657 0.1058687 0.4743973 2.184248 0.07050444 0.2958121 2.06111 0.322735 0.3616983 2.3649 0.2648423 0.2459278 1.891183 0.4333569 0.4965602 2.48248 0.4347005 0.4034567 1.87871 0.5803767 0.6136521 2.478858 0.4745236 0.4644055 1.868537 0.6116007 0.6701094 2.499818 0.1241845 0.05850952 2.198205 0.1299988 -0.02456738 2.202193 0.05670289 -0.07886752 2.185808 0.2068387 -0.08745641 2.217999 0.1289182 -0.4898254 2.220597 0.1433053 -0.4849596 2.405825 0.08360916 -0.864821 2.28635 0.2110446 -0.8765563 2.556072 0.1143155 -0.9252411 2.360322 0.2651214 -0.9113326 2.63309
0.1082897 0.6454923 2.200006 0.1059027 0.4745066 2.184276 0.07046199 0.2962323 2.061267 0.322769 0.3618076 2.364927 0.2610855 0.2458379 1.892105 0.4355096 0.4912074 2.486774 0.4288934 0.4048988 1.879763 0.5659658 0.6268179 2.470927 0.4622211 0.4744286 1.874088 0.5828217 0.6901206 2.488544 0.1241416 0.05849706 2.198252 0.1299307 -0.02460878 2.202265 0.05671371 -0.0787558 2.185545 0.206551 -0.08854365 2.219732 0.1291133 -0.4896319 2.22075 0.1441327 -0.4864994 2.407051 0.08512595 -0.8631537 2.284926 0.2117754 -0.87564 2.555295 0.1198014 -0.9183857 2.361169 0.2642732 -0.9102093 2.633492
0.1105264 0.6456373 2.200337 0.1059445 0.4746693 2.184419 0.07037945 0.297156 2.061633 0.3228109 0.3619704 2.365071 0.2593546 0.2456576 1.892585 0.4363528 0.5094292 2.482255 0.4222334 0.4366445 1.888435 0.5381625 0.6674385 2.459916 0.4493171 0.4985308 1.882246 0.5390471 0.7351355 2.464169 0.1245599 0.05852434 2.198621 0.1305103 -0.02463007 2.202734 0.05829346 -0.07850319 2.190154 0.2080533 -0.08861025 2.218489 0.1295907 -0.4901338 2.220312 0.145148 -0.487852 2.407642 0.08081982 -0.8658825 2.287365 0.2113917 -0.8760492 2.554903 0.1133172 -0.9297454 2.354774 0.2727131 -0.9183916 2.509536
