0.1195967 0.6372601 2.189715 0.1168804 0.4681985 2.183162 0.0671353 0.2934345 2.057207 0.3337466 0.3554996 2.363814 0.2443088 0.2458092 1.85936 0.4551765 0.4708676 2.529063 0.3937422 0.366496 1.808832 0.5264633 0.6364287 2.568597 0.4445278 0.4606449 1.790691 0.5465975 0.7000878 2.58082 0.1333538 0.0564517 2.200655 0.1388972 -0.02607136 2.205394 0.06174085 -0.08357 2.19791 0.22176 -0.09183919 2.215224 0.1298946 -0.4964205 2.221859 0.1539657 -0.4982788 2.409207 0.07958868 -0.8669495 2.288287 0.2057591 -0.8685585 2.545086 0.1125398 -0.9264388 2.361848 0.2598143 -0.9140903 2.616085
0.1208398 0.6370379 2.188852 0.1173858 0.4681085 2.182922 0.06709471 0.2934247 2.057226 0.334252 0.3554096 2.363574 0.2422033 0.2468243 1.860347 0.4230527 0.5077487 2.520705 0.4074674 0.4357171 1.814434 0.5301402 0.6504009 2.566303 0.4311337 0.4733683 1.801797 0.5497957 0.7150258 2.572983 0.1347747 0.05679788 2.200085 0.1405704 -0.02553076 2.204733 0.06344853 -0.08347712 2.197754 0.2237874 -0.09122933 2.213803 0.1295344 -0.4966419 2.221941 0.1565981 -0.4972692 2.408573 0.07865091 -0.8688931 2.289814 0.203872 -0.8658262 2.548563 0.1215655 -0.9234202 2.362072 0.2303006 -0.9345104 2.540382
0.1227028 0.6372522 2.18799 0.1191089 0.4683968 2.182431 0.06704988 0.2934054 2.057227 0.3359752 0.3556978 2.363083 0.2424447 0.2479984 1.860272 0.419188 0.5153489 2.516573 0.4007365 0.4370524 1.818537 0.4911501 0.6836382 2.545489 0.4162318 0.4825402 1.812271 0.5121871 0.747999 2.550234 0.1359541 0.05817078 2.199596 0.1416702 -0.02382499 2.204218 0.0639255 -0.0825477 2.198054 0.2252363 -0.08998392 2.212291 0.1300467 -0.4957423 2.221844 0.1571577 -0.4968357 2.408595 0.07600284 -0.8598078 2.284243 0.2059745 -0.8678265 2.550263 0.1131776 -0.9195286 2.355571 0.2657985 -0.9104356 2.503418
0.1233896 0.6379477 2.187097 0.1201166 0.4692725 2.182477 0.06704262 0.2934807 2.057116 0.3369828 0.3565736 2.363129 0.2390871 0.2471133 1.861057 0.4136575 0.5236774 2.512704 0.390238 0.4399179 1.82905 0.4710039 0.6964237 2.545817 0.4048567 0.4889215 1.824234 0.4914536 0.7610158 2.54995 0.1371099 0.06006677 2.199272 0.1428209 -0.02166484 2.203805 0.0651511 -0.08112463 2.198719 0.2262445 -0.08760571 2.210471 0.1296957 -0.4946566 2.221507 0.1572756 -0.4965996 2.40854 0.07594681 -0.8603097 2.284636 0.2072609 -0.8657109 2.5513 0.1158 -0.9197375 2.354753 0.2318837 -0.9355106 2.549132
0.1232503 0.6382833 2.18669 0.1205361 0.469677 2.182464 0.06703782 0.2934628 2.056856 0.3374024 0.3569781 2.363116 0.235302 0.2456243 1.863134 0.4122567 0.5262515 2.511395 0.3835475 0.4427457 1.836761 0.4380831 0.7075675 2.539817 0.3969554 0.4925572 1.83461 0.421815 0.7728395 2.548892 0.1399564 0.06225216 2.199284 0.1463558 -0.01896764 2.203847 0.07007658 -0.07905217 2.200729 0.229914 -0.08434376 2.208852 0.1289351 -0.4936469 2.22094 0.1572868 -0.4965355 2.408556 0.07649685 -0.8558258 2.281918 0.2060997 -0.8647287 2.551622 0.1155767 -0.9212843 2.331349 0.2552155 -0.9181011 2.620728
0.1242811 0.6383467 2.186318 0.1211262 0.4697978 2.182341 0.06805868 0.2929248 2.055135 0.3379925 0.3570989 2.362993 0.2350465 0.245161 1.863422 0.4119378 0.5272975 2.510762 0.3829277 0.4430712 1.839037 0.4358276 0.7080804 2.542536 0.3965564 0.4930663 1.837153 0.4223535 0.7738216 2.552736 0.1403627 0.06205516 2.199356 0.146724 -0.01924848 2.203969 0.07065116 -0.07908626 2.200895 0.2300544 -0.08500335 2.209064 0.1287995 -0.493791 2.220977 0.1597558 -0.4985611 2.409522 0.07713328 -0.8692076 2.290379 0.2062432 -0.8652428 2.55147 0.137047 -0.9117119 2.24355 0.2566997 -0.9134625 2.623343
0.1233188 0.6381307 2.186672 0.1209491 0.4694649 2.182199 0.06805689 0.2928947 2.05506 0.3378154 0.356766 2.362851 0.2354661 0.2454178 1.864079 0.4185223 0.5249743 2.509548 0.3915733 0.4425168 1.83988 0.4736597 0.6885309 2.570436 0.4064844 0.491181 1.837469 0.4776725 0.7538302 2.588531 0.1407558 0.0618699 2.199116 0.1472748 -0.0194325 2.20368 0.07249763 -0.07981332 2.200478 0.2301781 -0.08479836 2.208802 0.128672 -0.4947306 2.221288 0.1613115 -0.4972504 2.409064 0.07637124 -0.871485 2.293062 0.2064665 -0.8653589 2.551362 0.1201151 -0.9390007 2.352767 0.2228224 -0.9368872 2.541394
0.1227458 0.6384696 2.186857 0.1198009 0.4697264 2.181968 0.06812809 0.2926252 2.055036 0.3366672 0.3570275 2.36262 0.2427369 0.2496758 1.863116 0.4182675 0.52526 2.508876 0.4189591 0.4316548 1.830134 0.534688 0.6414111 2.586438 0.447084 0.4787627 1.820337 0.5652129 0.6994905 2.603833 0.1395931 0.06105065 2.199387 0.14591 -0.02064847 2.204129 0.07084168 -0.08062654 2.200175 0.2286261 -0.08568255 2.210385 0.1289494 -0.4952635 2.221152 0.1592994 -0.4958888 2.409086 0.07534204 -0.8709254 2.292804 0.2039265 -0.871152 2.54835 0.115069 -0.9345658 2.342495 0.2270499 -0.9414897 2.547267
0.1219653 0.6398509 2.187505 0.1173411 0.4710248 2.182022 0.06816749 0.2919019 2.055197 0.3342073 0.3583258 2.362674 0.247809 0.2520631 1.861662 0.4569614 0.4801198 2.523056 0.4413615 0.4139134 1.818384 0.5508202 0.6185308 2.59539 0.4683502 0.4628187 1.808271 0.5821065 0.6646677 2.623882 0.1384922 0.06090921 2.198742 0.1448802 -0.02098525 2.203335 0.06952517 -0.08031133 2.187294 0.2250225 -0.08681493 2.215472 0.1291863 -0.4933532 2.222121 0.160772 -0.4949146 2.408522 0.07600863 -0.869988 2.292796 0.2011189 -0.885157 2.546962 0.1193277 -0.92055 2.367657 0.255424 -0.914026 2.626049
0.1216683 0.641003 2.188446 0.1151473 0.4720432 2.181966 0.0684579 0.2918015 2.055418 0.3320136 0.3593442 2.362617 0.2523608 0.2538517 1.859717 0.4562418 0.480114 2.522695 0.4283307 0.3701197 1.813846 0.5577915 0.6101181 2.599335 0.4831724 0.4540821 1.799167 0.5916414 0.6534528 2.629263 0.1374837 0.06063457 2.198603 0.1439929 -0.0214387 2.203189 0.06843761 -0.08026916 2.188974 0.2244346 -0.08675171 2.214841 0.1292789 -0.4933566 2.221888 0.1578351 -0.4906538 2.40679 0.07974058 -0.8642684 2.286441 0.2098496 -0.8727218 2.55305 0.1187283 -0.916833 2.362299 0.2507327 -0.9182048 2.596688
0.1200547 0.6412221 2.188859 0.1149982 0.4721394 2.182007 0.06881549 0.2909276 2.055749 0.3318644 0.3594404 2.362659 0.2528852 0.2538768 1.859727 0.4638911 0.4798661 2.517516 0.4304169 0.3735335 1.813593 0.5570302 0.6108875 2.601503 0.4833391 0.4533375 1.799301 0.5880766 0.6545613 2.633879 0.135574 0.06035529 2.19815 0.1415295 -0.02192855 2.202541 0.06560813 -0.08009236 2.186449 0.2213677 -0.08765407 2.216801 0.1293737 -0.4924415 2.221948 0.1566115 -0.4888657 2.406033 0.07867387 -0.8663433 2.288429 0.2130036 -0.8656602 2.555582 0.1391585 -0.9087226 2.24222 0.2515552 -0.9167287 2.605572
0.1197032 0.6413543 2.189355 0.114794 0.4721724 2.182009 0.06887154 0.2907267 2.055857 0.3316603 0.3594734 2.362661 0.2534922 0.2534768 1.860101 0.46492 0.4797309 2.516729 0.4294481 0.3824077 1.817237 0.5531214 0.616769 2.596955 0.4808608 0.4569854 1.802023 0.5322626 0.6761323 2.571491 0.1353815 0.05995537 2.197974 0.1413816 -0.02248308 2.202314 0.06561433 -0.08045251 2.185565 0.221418 -0.08855663 2.21766 0.128971 -0.4927637 2.221908 0.1582216 -0.4899324 2.406317 0.07904799 -0.8647864 2.287937 0.2116656 -0.8667591 2.554869 0.09747332 -0.9303685 2.325237 0.2721672 -0.9091302 2.508673
0.1193663 0.6413927 2.189448 0.1146079 0.4721867 2.182005 0.06891748 0.2909024 2.05604 0.3314742 0.3594878 2.362657 0.2530377 0.252877 1.860798 0.4488342 0.498892 2.513966 0.4207084 0.3953134 1.82648 0.5058434 0.6653252 2.566609 0.4580932 0.4700499 1.819148 0.546239 0.7168736 2.584451 0.1342889 0.05932165 2.197965 0.1401156 -0.02331378 2.202327 0.0647498 -0.08061305 2.184902 0.2195218 -0.09015892 2.219623 0.1292294 -0.4926837 2.22179 0.1575295 -0.4904671 2.406895 0.07910217 -0.864968 2.287945 0.2111766 -0.8677893 2.554076 0.1194531 -0.9334073 2.346217 0.2225239 -0.9403834 2.544862
0.1192969 0.6414344 2.18955 0.1146125 0.4722091 2.182025 0.06883322 0.2912583 2.056278 0.3314788 0.3595101 2.362676 0.2493293 0.2515171 1.8633 0.4388567 0.5117679 2.509688 0.4161485 0.4221016 1.839671 0.5081567 0.6709276 2.56827 0.4452461 0.4777656 1.831026 0.5203289 0.7377005 2.56907 0.1343821 0.05920619 2.197744 0.1402815 -0.02348709 2.20199 0.0649707 -0.08073348 2.184348 0.2199499 -0.09034018 2.219466 0.129337 -0.4927569 2.221765 0.159132 -0.4908701 2.406641 0.07896414 -0.8647323 2.286841 0.2098836 -0.8686733 2.55261 0.1118583 -0.9328008 2.347081 0.2620203 -0.9035715 2.630722
0.1175695 0.6420342 2.190774 0.1140375 0.4726074 2.18231 0.06874956 0.2915107 2.05638 0.3309038 0.3599084 2.362961 0.245934 0.2503093 1.866038 0.4357241 0.5146407 2.509349 0.4128874 0.4269962 1.841539 0.5026035 0.6781787 2.559942 0.4358818 0.4811857 1.837047 0.5211051 0.7432964 2.564926 0.1343438 0.05938853 2.197732 0.1403145 -0.02328332 2.201959 0.06585345 -0.08046138 2.187809 0.2202188 -0.08753867 2.215475 0.1294527 -0.4930678 2.221287 0.156556 -0.4893817 2.406601 0.07817242 -0.8669138 2.287502 0.2089767 -0.8717651 2.552745 0.107262 -0.9206066 2.366931 0.2611654 -0.9127744 2.627797
0.1175957 0.6422348 2.190785 0.1128867 0.4728335 2.182313 0.06876833 0.2915022 2.056455 0.3297529 0.3601345 2.362965 0.2460629 0.2503711 1.866252 0.4344707 0.5150514 2.509254 0.4141581 0.4283563 1.841696 0.5054381 0.6757965 2.562485 0.436479 0.4819964 1.837203 0.5205352 0.7418873 2.56589 0.1348221 0.05909742 2.197454 0.1414638 -0.02380836 2.201494 0.06952433 -0.08205469 2.189533 0.2215742 -0.08703327 2.213125 0.1293841 -0.495406 2.221328 0.1582221 -0.4908089 2.40605 0.07657745 -0.870572 2.289321 0.2093115 -0.8727427 2.553807 0.1126051 -0.9283679 2.362807 0.2577211 -0.9242942 2.608654
0.1168533 0.6423854 2.190247 0.1113277 0.4731443 2.182529 0.06870183 0.2910759 2.056781 0.328194 0.3604453 2.363181 0.2476212 0.2521343 1.86605 0.4330131 0.5154133 2.509368 0.4268762 0.4316548 1.838014 0.5314311 0.653329 2.577312 0.4571971 0.4818695 1.828165 0.5588927 0.7133858 2.593015 0.1347883 0.0589476 2.197329 0.1415509 -0.02402872 2.201314 0.06998648 -0.08221719 2.185257 0.2219933 -0.08810131 2.215694 0.1298333 -0.4950581 2.221535 0.1612805 -0.4913163 2.40648 0.08183067 -0.8578674 2.283024 0.2096382 -0.8717874 2.554583 0.1104482 -0.9196424 2.356531 0.2704464 -0.9139862 2.508625
0.1120574 0.6431311 2.191519 0.1105665 0.4735799 2.182558 0.06928994 0.2898067 2.056647 0.3274328 0.360881 2.363209 0.2517129 0.254501 1.865219 0.4323689 0.5158663 2.509315 0.4409827 0.4228551 1.831644 0.5579333 0.618 2.591488 0.4815774 0.4763294 1.814714 0.5524689 0.6855711 2.588042 0.133631 0.05897381 2.196919 0.1403369 -0.02406165 2.200848 0.06810481 -0.08176158 2.183331 0.2201306 -0.08804143 2.216667 0.1303441 -0.4940248 2.221441 0.1588235 -0.4885308 2.405667 0.0826162 -0.8591872 2.283993 0.2094049 -0.8719215 2.553888 0.1162037 -0.9263918 2.350279 0.2051862 -0.9430181 2.5336
0.110892 0.6434999 2.192901 0.1092489 0.4737751 2.182943 0.06962896 0.2898125 2.056595 0.3261151 0.3610762 2.363595 0.2549258 0.2561235 1.864186 0.4312158 0.5160546 2.509612 0.4314172 0.3803127 1.825464 0.5925716 0.6229081 2.609861 0.4837032 0.4691094 1.812376 0.600036 0.690044 2.616536 0.1327153 0.05863218 2.196922 0.1395123 -0.02445621 2.200829 0.06751953 -0.08166075 2.182697 0.2184325 -0.08847327 2.218131 0.130148 -0.4937487 2.221731 0.1582533 -0.4869368 2.405377 0.08224443 -0.863616 2.288593 0.2092823 -0.8717957 2.553814 0.1110089 -0.9311762 2.356763 0.2607097 -0.9117218 2.629972
0.1083997 0.6434348 2.193811 0.1071953 0.4736136 2.183315 0.06951065 0.2892603 2.056891 0.3240616 0.3609146 2.363966 0.2558822 0.2562006 1.864157 0.4292763 0.5158955 2.509917 0.4312512 0.38024 1.825723 0.5929871 0.6225158 2.609408 0.4838685 0.467501 1.812087 0.6004515 0.689651 2.616083 0.1310039 0.0574135 2.196932 0.1378856 -0.02586499 2.200812 0.06628626 -0.08225708 2.182544 0.2169092 -0.08967414 2.218581 0.1304941 -0.4940728 2.221802 0.1573857 -0.4862213 2.405091 0.08214384 -0.862764 2.288583 0.2077459 -0.8709594 2.553497 0.1101531 -0.9299656 2.357421 0.2606438 -0.9104578 2.628869
0.1082062 0.6434008 2.193702 0.107149 0.4735945 2.183312 0.06912718 0.2889147 2.057105 0.3240152 0.3608955 2.363964 0.2561234 0.2556892 1.864586 0.4292469 0.5158769 2.509909 0.4308002 0.3851174 1.828039 0.587338 0.6226169 2.604904 0.4814179 0.4673407 1.813825 0.6400351 0.6581969 2.64095 0.129084 0.05637004 2.197178 0.1353347 -0.02725581 2.201192 0.06386123 -0.08318344 2.182266 0.2126477 -0.09273551 2.220702 0.1310571 -0.4944634 2.221977 0.1551713 -0.49035 2.405592 0.08108756 -0.8702691 2.292831 0.2076906 -0.8772448 2.553728 0.1423598 -0.9124434 2.24746 0.2644753 -0.9079451 2.630361
0.1071813 0.643203 2.192977 0.1071148 0.4735205 2.183347 0.06880505 0.2886487 2.057209 0.323981 0.3608215 2.363998 0.2553635 0.254715 1.865499 0.429249 0.5157778 2.509949 0.4054552 0.3778344 1.836536 0.5656377 0.6195081 2.589617 0.4756046 0.4719528 1.81951 0.6111006 0.6540849 2.620553 0.128859 0.0559572 2.197316 0.1351119 -0.02770386 2.201353 0.06347146 -0.08355559 2.182343 0.2126514 -0.09340504 2.221092 0.1313466 -0.4947385 2.221936 0.1556432 -0.4912927 2.405943 0.0810351 -0.8701209 2.292405 0.2083493 -0.8771908 2.553192 0.1265979 -0.9224527 2.364689 0.2695858 -0.9193786 2.507786
0.1043973 0.6431919 2.193118 0.1070745 0.4734997 2.183319 0.06776299 0.2885486 2.057549 0.3239408 0.3608007 2.363971 0.2500946 0.2522447 1.867924 0.4369901 0.5039556 2.515143 0.4233803 0.436562 1.847787 0.5362557 0.6533786 2.557739 0.4461169 0.4828481 1.838998 0.5693442 0.7031863 2.576319 0.1288745 0.05623634 2.197362 0.1351905 -0.02722129 2.201442 0.06296549 -0.08323444 2.187132 0.2141491 -0.09067836 2.217011 0.1313638 -0.4949769 2.221413 0.1545201 -0.4888002 2.405625 0.08104089 -0.8695959 2.29091 0.2082978 -0.8772702 2.553081 0.1157271 -0.9310363 2.362057 0.2565965 -0.9038681 2.636745
0.1055611 0.6431141 2.193666 0.107093 0.4733043 2.18327 0.06631395 0.2911377 2.058599 0.3239592 0.3606054 2.363921 0.2452539 0.2504409 1.87049 0.4321335 0.5069658 2.515521 0.4182973 0.4363667 1.848319 0.523506 0.6655737 2.544605 0.437576 0.4857149 1.842399 0.5539635 0.718443 2.558681 0.1316482 0.05736595 2.197309 0.1393838 -0.02529433 2.201404 0.06819342 -0.08223794 2.190774 0.2212108 -0.08691403 2.212626 0.130896 -0.4953384 2.220936 0.1589542 -0.4904038 2.407059 0.08300162 -0.8656126 2.287691 0.2159433 -0.8838942 2.554737 0.1157793 -0.9297906 2.349485 0.1854138 -0.9151247 2.494925
0.1045089 0.6428692 2.193111 0.1070945 0.4731653 2.183273 0.06630316 0.2911331 2.058478 0.3239608 0.3604663 2.363925 0.2435618 0.2498536 1.871194 0.430685 0.510383 2.513424 0.4158047 0.436502 1.848562 0.5155916 0.6739523 2.536685 0.4348156 0.4874907 1.843859 0.5438938 0.7284754 2.54882 0.1318446 0.05773345 2.197327 0.1395975 -0.02476324 2.201428 0.06848463 -0.08194271 2.191994 0.2211912 -0.0856111 2.211399 0.130618 -0.4952472 2.221013 0.1575085 -0.4889491 2.406972 0.08072415 -0.867487 2.294851 0.2149772 -0.8782508 2.55253 0.11622 -0.9305525 2.351237 0.2759002 -0.9203635 2.506635
0.1031066 0.6425799 2.192779 0.1068097 0.4729583 2.183309 0.06624805 0.2909027 2.058387 0.3236759 0.3602594 2.363961 0.2437124 0.2500439 1.871021 0.4468108 0.5199293 2.492888 0.4169855 0.4357041 1.847682 0.5068973 0.6752413 2.566682 0.4384648 0.4870093 1.842488 0.5269262 0.727012 2.595661 0.1317477 0.05778256 2.197517 0.1394729 -0.02469236 2.201688 0.06822045 -0.08192626 2.192973 0.220903 -0.08553197 2.211498 0.1305229 -0.4953121 2.220929 0.1554428 -0.4896377 2.407958 0.07886729 -0.861093 2.287935 0.2142378 -0.8768901 2.552029 0.1184316 -0.928851 2.350249 0.2190021 -0.945242 2.523921
0.10307 0.6428662 2.1929 0.1063034 0.4732417 2.183478 0.06566522 0.2900482 2.058238 0.3231696 0.3605427 2.36413 0.2466255 0.2520009 1.869511 0.4547977 0.5015103 2.503863 0.4313514 0.4258425 1.840411 0.5235407 0.6581332 2.568405 0.48464 0.4808373 1.821183 0.5464551 0.7103409 2.5943 0.1318567 0.05785351 2.197857 0.1396635 -0.02468529 2.202118 0.06819079 -0.08205469 2.193555 0.221298 -0.08564582 2.212 0.1303943 -0.4954895 2.221163 0.1557187 -0.4896913 2.40821 0.07879899 -0.8614987 2.287941 0.214578 -0.8766738 2.552225 0.1186535 -0.9286616 2.350714 0.2534355 -0.9201593 2.615666
0.103882 0.6424312 2.192575 0.1035156 0.4729399 2.184088 0.06589639 0.28824 2.058191 0.3203818 0.3602409 2.36474 0.2532194 0.256346 1.865698 0.4504305 0.4831063 2.519473 0.4384237 0.3948946 1.827634 0.5561647 0.6258959 2.567352 0.4861793 0.4687672 1.817036 0.5914095 0.6734924 2.587692 0.1302173 0.05698959 2.198201 0.1380197 -0.02578028 2.20244 0.06652808 -0.08262664 2.18935 0.2156564 -0.08947399 2.219643 0.1303682 -0.4953412 2.221473 0.1551001 -0.4903189 2.408738 0.07761883 -0.8512327 2.282903 0.2136709 -0.8757388 2.552314 0.1183283 -0.9205701 2.336571 0.2545263 -0.9224392 2.617341
0.1034543 0.6426221 2.193241 0.1028045 0.4730343 2.184218 0.06580077 0.287417 2.058047 0.3196707 0.3603353 2.364869 0.2542981 0.2563828 1.865423 0.4502954 0.4830121 2.519319 0.4360701 0.3880055 1.826581 0.5617912 0.6180419 2.574212 0.4888023 0.4591204 1.813146 0.5989565 0.6630518 2.596891 0.1294461 0.05673261 2.199234 0.1371691 -0.0262089 2.203765 0.06508981 -0.08296624 2.191794 0.2155787 -0.0894865 2.219839 0.1305727 -0.4956981 2.221337 0.1547089 -0.4903664 2.408981 0.07937612 -0.8558862 2.285423 0.2126996 -0.8741875 2.55228 0.1194205 -0.9266244 2.342717 0.2539228 -0.9155154 2.617023
0.1029979 0.6426547 2.192961 0.1015873 0.4731263 2.184257 0.06580933 0.2874263 2.058044 0.3184535 0.3604273 2.364909 0.2547896 0.2560241 1.865514 0.4465329 0.4807673 2.522733 0.4439232 0.3961298 1.828024 0.5620002 0.6145269 2.573385 0.4852152 0.4589562 1.813542 0.6004893 0.6591135 2.59465 0.1281267 0.05597623 2.199219 0.1357298 -0.02724914 2.203701 0.06386452 -0.08353805 2.188185 0.2128621 -0.09149949 2.222684 0.1306572 -0.4956312 2.22168 0.1542621 -0.4909697 2.409029 0.07765856 -0.8641008 2.29133 0.2136566 -0.8732916 2.553889 0.1103559 -0.9313798 2.350644 0.2568503 -0.9179763 2.623112
0.1030845 0.6425695 2.193569 0.1011761 0.4729506 2.184337 0.06573561 0.2874395 2.058001 0.3180424 0.3602516 2.364988 0.2547259 0.2553532 1.865907 0.4454084 0.4792783 2.524164 0.4436746 0.4037421 1.831622 0.5590031 0.6161896 2.571407 0.4817479 0.4596387 1.815536 0.596868 0.6618267 2.591536 0.1264709 0.05502066 2.199832 0.1337189 -0.02846394 2.204443 0.06260918 -0.08404189 2.187337 0.2099645 -0.09364556 2.225783 0.1300566 -0.4958664 2.222235 0.1540515 -0.4919722 2.409626 0.07809567 -0.8598439 2.288779 0.2108291 -0.8757107 2.552469 0.1150521 -0.9282705 2.340392 0.2723687 -0.9177815 2.507361
0.1022813 0.6421743 2.192139 0.1011142 0.4727999 2.184318 0.06565709 0.287419 2.057765 0.3179804 0.3601009 2.364969 0.252465 0.2533591 1.867001 0.4452232 0.4783322 2.524743 0.4233717 0.4056565 1.839132 0.530484 0.6408413 2.551814 0.4575644 0.4726006 1.832072 0.5589042 0.695011 2.565219 0.1266857 0.05432763 2.200334 0.1340581 -0.02932867 2.20511 0.06276367 -0.08515349 2.190043 0.2112197 -0.09430314 2.225098 0.1302704 -0.4972927 2.222068 0.1545141 -0.4952617 2.410742 0.08054617 -0.8498759 2.279452 0.2102738 -0.8668339 2.551858 0.1189056 -0.9216948 2.337857 0.2617487 -0.9035537 2.629592
0.1028074 0.6419739 2.191903 0.1010651 0.4726314 2.184238 0.06454484 0.2886738 2.058243 0.3179314 0.3599324 2.364889 0.2474011 0.2498669 1.869774 0.4306505 0.5136866 2.507204 0.4189323 0.4270396 1.844762 0.5342477 0.6525652 2.566703 0.442601 0.4789223 1.838786 0.5687801 0.6988581 2.590917 0.1265187 0.05433367 2.200487 0.1338293 -0.02927316 2.20532 0.06101361 -0.08477569 2.192509 0.2116488 -0.09405874 2.224058 0.1302682 -0.4969178 2.221775 0.1526151 -0.4941197 2.410755 0.08101033 -0.8531399 2.281123 0.2117576 -0.872443 2.553775 0.1212717 -0.9184551 2.345572 0.2731722 -0.9145501 2.508527
0.1034799 0.6416822 2.191049 0.1012881 0.4724803 2.184118 0.06359265 0.2917572 2.058821 0.3181543 0.3597814 2.364769 0.2436979 0.2477828 1.871791 0.4300106 0.514922 2.506389 0.4131928 0.4286841 1.846394 0.5170381 0.6681451 2.558409 0.4315354 0.4821369 1.842311 0.5460473 0.7192194 2.580131 0.1272986 0.05444383 2.200666 0.1348065 -0.02905571 2.205561 0.06191532 -0.08474167 2.193805 0.2152825 -0.09297697 2.221942 0.129587 -0.4972805 2.221745 0.154871 -0.4944804 2.411018 0.0799716 -0.8682346 2.289221 0.2080689 -0.8533738 2.55013 0.1064001 -0.9344681 2.359617 0.2693332 -0.8954915 2.504685
0.103968 0.6414231 2.191133 0.1011065 0.4722217 2.184162 0.06351013 0.2916125 2.058716 0.3179727 0.3595227 2.364813 0.2434001 0.247713 1.871951 0.4326436 0.5153232 2.503901 0.4132847 0.4299576 1.846499 0.5079706 0.6720285 2.561944 0.4312854 0.4823528 1.842351 0.5330796 0.7242637 2.585673 0.1269249 0.0542906 2.200881 0.1343781 -0.02918427 2.205795 0.06148487 -0.08460618 2.195824 0.2139577 -0.09329862 2.220422 0.1293363 -0.4972935 2.221932 0.1502335 -0.4976035 2.412003 0.07882307 -0.8641781 2.287212 0.2081253 -0.8550647 2.550269 0.1401082 -0.9063038 2.241801 0.2694104 -0.8971905 2.504858
0.103961 0.6413053 2.191232 0.1010403 0.4721048 2.18427 0.06358957 0.2917106 2.058506 0.3179066 0.3594059 2.364921 0.2445191 0.2482366 1.871856 0.433831 0.5154775 2.502877 0.414826 0.4189412 1.844317 0.5178351 0.663008 2.570214 0.4429415 0.4784616 1.838954 0.5458364 0.7121848 2.597041 0.1270865 0.0541473 2.20147 0.1346155 -0.02932306 2.206489 0.06166746 -0.08490443 2.196783 0.2144713 -0.09300441 2.220757 0.129408 -0.4976994 2.221935 0.1504487 -0.4974559 2.412222 0.07918186 -0.8652455 2.288078 0.2102341 -0.857712 2.549701 0.1219327 -0.9360829 2.34461 0.2715599 -0.8998373 2.504343
0.1038787 0.6415012 2.190976 0.1005822 0.4723523 2.184258 0.06372353 0.2915308 2.058559 0.3174484 0.3596534 2.364909 0.2499928 0.2514109 1.86988 0.4595455 0.4793164 2.512614 0.4306771 0.3970066 1.837789 0.5521364 0.6165366 2.588339 0.4833814 0.4559884 1.818602 0.583 0.6622767 2.617962 0.1269235 0.05408072 2.201603 0.134472 -0.02943902 2.206641 0.06172336 -0.08494825 2.196945 0.2141841 -0.09294964 2.220735 0.1293623 -0.4977621 2.222071 0.150366 -0.4976669 2.412306 0.07879791 -0.8666783 2.289244 0.2096974 -0.8584822 2.549459 0.1203967 -0.9372515 2.346956 0.2550948 -0.9215769 2.60961
0.1039191 0.6415275 2.191047 0.1002635 0.4723602 2.184204 0.06374042 0.2916186 2.058606 0.3171297 0.3596612 2.364855 0.2523836 0.2522426 1.869167 0.4594201 0.4791878 2.512501 0.433383 0.3875315 1.834955 0.5613315 0.6074653 2.591336 0.4875064 0.4544392 1.816724 0.595302 0.6502244 2.621995 0.1240551 0.05420081 2.201125 0.1307708 -0.02929933 2.205957 0.05720004 -0.08368456 2.19105 0.2081506 -0.09344519 2.22349 0.1298738 -0.4950383 2.222193 0.1471747 -0.4955236 2.411369 0.08081811 -0.8623117 2.286998 0.21029 -0.8559349 2.549348 0.1200962 -0.9280912 2.334976 0.2716766 -0.8981242 2.504129
0.102646 0.6416563 2.191038 0.09964073 0.4724261 2.183939 0.0637244 0.2916154 2.058564 0.316507 0.3597272 2.364591 0.2543194 0.2522591 1.869229 0.4590844 0.4790097 2.512174 0.4345945 0.3835054 1.834082 0.5678613 0.6011438 2.591513 0.4880195 0.4532373 1.816118 0.6041203 0.6418551 2.622341 0.1226207 0.05437047 2.200608 0.1292353 -0.02911606 2.205372 0.0553892 -0.08294359 2.188215 0.2069501 -0.09347053 2.224069 0.1296938 -0.4936747 2.22233 0.1455183 -0.4939543 2.410777 0.08014544 -0.8635786 2.287393 0.2095819 -0.8685684 2.547279 0.1228458 -0.922825 2.35601 0.2710051 -0.9107697 2.502121
0.1023008 0.6417308 2.191418 0.09963891 0.4724224 2.183942 0.06342804 0.2917234 2.058712 0.3165052 0.3597235 2.364593 0.2544778 0.2515248 1.870107 0.4592449 0.478848 2.512157 0.4342233 0.381659 1.834266 0.5686629 0.6009271 2.590815 0.4880958 0.4519512 1.816173 0.6051356 0.64162 2.621416 0.1225465 0.05439558 2.200664 0.1291526 -0.02908221 2.205434 0.05480266 -0.08320248 2.190185 0.2072458 -0.09318701 2.223182 0.1297489 -0.4940485 2.222242 0.1443688 -0.4936051 2.410348 0.07800314 -0.8632322 2.286652 0.2111519 -0.872433 2.548723 0.1195074 -0.9216833 2.356671 0.2222779 -0.944952 2.538568
0.101607 0.6416857 2.191073 0.09934551 0.4724607 2.184083 0.0634361 0.2917976 2.05878 0.3162118 0.3597618 2.364734 0.2547506 0.2511097 1.870603 0.4591413 0.4787894 2.512213 0.4337539 0.3812444 1.834654 0.5705045 0.6016946 2.587369 0.4865732 0.4516373 1.816893 0.6076255 0.6426631 2.616802 0.1218647 0.05415468 2.200372 0.1283824 -0.02941856 2.204986 0.05412782 -0.08392881 2.186902 0.2063439 -0.09358622 2.223851 0.129776 -0.4942533 2.222393 0.1439493 -0.4932111 2.41002 0.07801308 -0.8619759 2.285729 0.2108928 -0.8720968 2.548671 0.1184339 -0.921457 2.355513 0.2723106 -0.9143023 2.50351
0.1013402 0.6416491 2.191012 0.09921088 0.4724403 2.184126 0.06323031 0.2921601 2.058803 0.3160771 0.3597414 2.364777 0.2548161 0.2508306 1.871102 0.4591048 0.4786985 2.51223 0.4328488 0.380803 1.835212 0.5709335 0.6030248 2.584775 0.4829941 0.4501042 1.819454 0.6082098 0.6444669 2.613338 0.1203038 0.05373619 2.200435 0.1264468 -0.02996965 2.205029 0.05312613 -0.08423841 2.186223 0.2032531 -0.0947223 2.225371 0.1297389 -0.4942877 2.222514 0.143523 -0.4932181 2.409992 0.07753282 -0.8613342 2.285099 0.2113341 -0.8705524 2.550717 0.105229 -0.9258561 2.319357 0.2250362 -0.9431621 2.545611
0.1013839 0.641661 2.191012 0.09918433 0.4724511 2.184126 0.06329696 0.2922542 2.058804 0.3160506 0.3597522 2.364777 0.2549061 0.2503369 1.871277 0.4591356 0.4786609 2.512221 0.4317417 0.3804252 1.835672 0.5717267 0.6044003 2.581656 0.4799885 0.4497408 1.821078 0.609257 0.6463134 2.609182 0.1204575 0.05384157 2.200395 0.1267429 -0.02979952 2.204964 0.05507052 -0.0845222 2.188964 0.2043017 -0.09237171 2.221804 0.1297398 -0.4952559 2.222466 0.143169 -0.4932091 2.409844 0.07742992 -0.8672948 2.289018 0.211284 -0.8702111 2.551436 0.1054435 -0.9300832 2.327056 0.2727004 -0.9124576 2.506309
0.1019377 0.6415566 2.190532 0.09916902 0.4724485 2.184144 0.06338403 0.292505 2.058649 0.3160353 0.3597496 2.364796 0.2550327 0.2502555 1.871249 0.4591911 0.4785788 2.512241 0.4312991 0.3810436 1.835966 0.5717552 0.6047679 2.58103 0.4780733 0.4499878 1.822094 0.6092765 0.6468309 2.608341 0.1206116 0.05377739 2.200609 0.1270049 -0.02989012 2.205265 0.05577037 -0.08444768 2.191201 0.2046628 -0.09249992 2.221602 0.1291564 -0.4956248 2.22279 0.1434812 -0.4949564 2.410405 0.07726206 -0.8684224 2.289887 0.2138439 -0.8754444 2.553205 0.12088 -0.9200798 2.363854 0.2752856 -0.9176864 2.508107
0.1029604 0.6417195 2.191208 0.0993235 0.4725157 2.184242 0.06367613 0.2927539 2.058294 0.3161898 0.3598168 2.364894 0.2554688 0.2502162 1.871135 0.459539 0.4784931 2.51229 0.4310412 0.3813147 1.836196 0.5722389 0.6055355 2.579566 0.4758725 0.4499885 1.823444 0.6098055 0.6478829 2.606373 0.1225856 0.05416031 2.200609 0.129688 -0.02938411 2.205183 0.05828298 -0.08421148 2.192055 0.2091028 -0.09143367 2.219962 0.1290148 -0.4959463 2.22278 0.14964 -0.4943758 2.409689 0.07800318 -0.8658056 2.287449 0.2226164 -0.8757842 2.552753 0.1131168 -0.9391621 2.345997 0.2841237 -0.917942 2.507667
0.1024914 0.6417056 2.190909 0.09932847 0.4725443 2.184227 0.06380039 0.293027 2.05805 0.3161947 0.3598455 2.364878 0.2557474 0.2502011 1.871145 0.4596143 0.4784819 2.512249 0.4306678 0.3818578 1.836574 0.5712491 0.6061373 2.580044 0.4742472 0.4510848 1.824037 0.6084607 0.6486891 2.607024 0.1219239 0.05445772 2.200521 0.1286936 -0.02899078 2.205077 0.05631951 -0.08344613 2.192497 0.2080753 -0.091149 2.219432 0.1289005 -0.4949211 2.222634 0.1433823 -0.4888753 2.406914 0.07742888 -0.8665549 2.287302 0.2172416 -0.8642867 2.553587 0.1161245 -0.9392349 2.344419 0.2787752 -0.9064658 2.508555
0.1037016 0.641594 2.19013 0.09899022 0.4726076 2.184176 0.06379431 0.2930258 2.058022 0.3158565 0.3599087 2.364828 0.2557631 0.2501937 1.871139 0.4596323 0.4775684 2.512574 0.4409821 0.3992788 1.839046 0.5701543 0.6064815 2.579908 0.4731745 0.4523723 1.824442 0.606995 0.6494525 2.606734 0.1211126 0.05454621 2.20032 0.1277715 -0.02890936 2.204841 0.05508274 -0.08297145 2.187658 0.2049084 -0.09208438 2.223092 0.1286353 -0.493722 2.222749 0.1429848 -0.4895329 2.407445 0.07792681 -0.8668863 2.286872 0.2145033 -0.8714117 2.555037 0.1184065 -0.9324312 2.350964 0.2630976 -0.918575 2.628907
0.1036037 0.6416378 2.190073 0.0989719 0.4726656 2.184211 0.06385851 0.2931936 2.057836 0.3158382 0.3599668 2.364863 0.2558959 0.2500894 1.871101 0.4598844 0.4771758 2.512695 0.4433921 0.4085734 1.83909 0.5658528 0.6104633 2.579028 0.4736152 0.4576776 1.825571 0.6011755 0.6548924 2.60552 0.120904 0.05480542 2.20015 0.1275003 -0.02858982 2.204594 0.05445765 -0.08255555 2.185992 0.2048739 -0.09183053 2.223423 0.1283718 -0.4930509 2.222675 0.1427006 -0.4884453 2.407249 0.07804314 -0.8668756 2.28665 0.2140431 -0.8701084 2.553488 0.1168538 -0.9331252 2.35105 0.2512959 -0.9059161 2.607941
0.1032562 0.641727 2.190056 0.09892482 0.4727586 2.184264 0.06396497 0.2935317 2.057682 0.3157911 0.3600597 2.364916 0.255194 0.2501509 1.87167 0.4600136 0.4769621 2.512813 0.4414712 0.4163918 1.841017 0.5416072 0.6304634 2.571029 0.4674958 0.4632213 1.829578 0.5688051 0.6816305 2.594816 0.1205003 0.05519268 2.200073 0.1269946 -0.02812931 2.204474 0.05372661 -0.08203571 2.184938 0.204527 -0.09135355 2.224146 0.1280123 -0.4923499 2.222553 0.1425956 -0.4856198 2.407285 0.07752223 -0.8669642 2.287666 0.2138731 -0.8687541 2.554508 0.1030684 -0.930355 2.316223 0.2506262 -0.906168 2.607688
0.1032188 0.6416811 2.190041 0.09903567 0.472717 2.184299 0.06390112 0.2933711 2.057466 0.315902 0.3600181 2.36495 0.2520143 0.2496798 1.873367 0.4605729 0.4763311 2.512875 0.4348642 0.4256909 1.845213 0.5168184 0.6482103 2.550793 0.4551508 0.4758208 1.836668 0.5355669 0.7055033 2.567814 0.1205547 0.05526311 2.200226 0.1270467 -0.02802657 2.204686 0.0529699 -0.08221296 2.187814 0.2055783 -0.09100012 2.22358 0.1280712 -0.492742 2.222398 0.1425663 -0.4853626 2.407303 0.07755692 -0.8670056 2.28784 0.2140982 -0.8718367 2.555594 0.110051 -0.9315183 2.357304 0.2546719 -0.9105246 2.614241
0.1041047 0.6410619 2.18977 0.1007097 0.4721969 2.184626 0.06418201 0.2937013 2.05724 0.317576 0.359498 2.365277 0.2471913 0.2486508 1.876279 0.4117103 0.5080484 2.523083 0.4208496 0.4330235 1.85201 0.5429027 0.6425402 2.513726 0.4329232 0.4825999 1.84548 0.5866335 0.6873707 2.514989 0.1250302 0.05515365 2.200525 0.1323273 -0.02800531 2.204972 0.05839252 -0.08298953 2.190518 0.2147793 -0.09078465 2.22074 0.1277714 -0.4948348 2.222342 0.1511008 -0.490058 2.408431 0.07785732 -0.8664922 2.287406 0.2115284 -0.8718696 2.552461 0.1188613 -0.9372876 2.345282 0.2242453 -0.9443263 2.543807
0.1053789 0.6406298 2.18962 0.1023146 0.4717663 2.184524 0.06420608 0.2937304 2.057104 0.3191808 0.3590675 2.365176 0.2425091 0.2469698 1.878108 0.4141766 0.5263032 2.505655 0.4016818 0.4399434 1.861661 0.4948751 0.6952809 2.508278 0.4153142 0.4926656 1.857538 0.5217746 0.7516068 2.513534 0.1261536 0.05515532 2.200764 0.1333376 -0.02795856 2.205266 0.05930433 -0.08315144 2.191911 0.2160378 -0.09105036 2.220329 0.127558 -0.4953423 2.222263 0.1534118 -0.4944136 2.409478 0.07854383 -0.8656843 2.286589 0.2121603 -0.872142 2.553883 0.1178237 -0.9317067 2.350939 0.2251831 -0.9432784 2.537865
0.1072479 0.6404909 2.189972 0.1032919 0.4715413 2.184359 0.06366675 0.2956647 2.057639 0.3201581 0.3588424 2.365011 0.2364434 0.244321 1.88076 0.4130781 0.5272439 2.505489 0.389883 0.4428528 1.86854 0.4535919 0.710516 2.501549 0.4011811 0.5097589 1.867509 0.4670965 0.7716067 2.504616 0.130133 0.05722693 2.201251 0.1381713 -0.02508071 2.206007 0.06625307 -0.08057559 2.198997 0.2215513 -0.08788151 2.216368 0.1272426 -0.4946708 2.221308 0.1543156 -0.4948186 2.409657 0.08319737 -0.8611481 2.285402 0.2129924 -0.8791506 2.552895 0.1037211 -0.9279797 2.341875 0.2606161 -0.9043446 2.637394
0.109793 0.6403378 2.189915 0.1038978 0.471432 2.184247 0.0631821 0.2971047 2.058332 0.3207641 0.3587331 2.364898 0.2354009 0.2435835 1.881438 0.4136308 0.5283103 2.504209 0.3891112 0.4429237 1.869818 0.4516281 0.711764 2.505767 0.4005835 0.5097995 1.868804 0.4642939 0.7729152 2.510668 0.1314716 0.05825679 2.201271 0.1395745 -0.0238147 2.20605 0.06763106 -0.07964738 2.200438 0.2227244 -0.08675145 2.214802 0.128335 -0.493964 2.220585 0.1541312 -0.4953346 2.409827 0.08316207 -0.8611826 2.285421 0.2128797 -0.8805889 2.553976 0.11688 -0.9234544 2.356333 0.2695341 -0.9147269 2.629262
0.1101741 0.6399508 2.18864 0.1039151 0.4713203 2.184285 0.06341046 0.2962818 2.058259 0.3207813 0.3586214 2.364936 0.2365499 0.2433361 1.881843 0.4198112 0.5253107 2.503608 0.3950875 0.4415724 1.869454 0.499882 0.6912867 2.527292 0.4102087 0.5076358 1.866011 0.5265723 0.7466121 2.539568 0.1314217 0.05806966 2.201323 0.1394717 -0.02408635 2.206108 0.06755203 -0.08005707 2.200845 0.2220304 -0.08723547 2.214341 0.1287648 -0.4943328 2.220561 0.154345 -0.4956666 2.409947 0.08304158 -0.8617443 2.285141 0.2128592 -0.880456 2.55423 0.1152001 -0.9247644 2.356115 0.2739597 -0.9225494 2.508527
0.1085553 0.6398475 2.188241 0.1036456 0.4712652 2.184344 0.06355362 0.296326 2.058286 0.3205118 0.3585663 2.364996 0.2433416 0.2449088 1.880578 0.427516 0.4805965 2.534907 0.4182215 0.4291793 1.857138 0.5505995 0.6223089 2.530943 0.4495871 0.4793069 1.847596 0.5916272 0.6695464 2.534003 0.1305287 0.05749074 2.201669 0.1383028 -0.02493817 2.206552 0.06625272 -0.0804325 2.200542 0.2199838 -0.08828588 2.215832 0.1289018 -0.4944519 2.220775 0.1542113 -0.4954716 2.410159 0.08213057 -0.8595322 2.284672 0.2114771 -0.8785354 2.553937 0.1120652 -0.9287678 2.350655 0.2652856 -0.9071491 2.633493
0.1088799 0.6401026 2.188946 0.103641 0.4713953 2.184403 0.06498087 0.2931581 2.057515 0.3205072 0.3586964 2.365055 0.2504387 0.2476165 1.878364 0.4277255 0.4807905 2.534811 0.4324361 0.3875273 1.842883 0.570344 0.5976586 2.557979 0.4755611 0.4584643 1.831473 0.6178834 0.6366146 2.570083 0.1291755 0.05737446 2.201956 0.1363116 -0.02525941 2.206914 0.06306618 -0.08069687 2.200056 0.2173959 -0.0886274 2.216907 0.1290505 -0.4941521 2.220848 0.1497623 -0.4923967 2.409504 0.08223905 -0.8595638 2.284709 0.2112151 -0.8793774 2.553939 0.1142476 -0.9244192 2.35408 0.2725264 -0.9215336 2.508575
0.1083082 0.6402973 2.188674 0.1034878 0.471599 2.184243 0.06559254 0.2914628 2.057626 0.320354 0.3589 2.364895 0.2547704 0.2488201 1.876668 0.4277774 0.4810269 2.534521 0.4334027 0.3844839 1.841945 0.575071 0.5912184 2.559845 0.4805714 0.4557735 1.827523 0.6241688 0.6279488 2.572668 0.128937 0.05731694 2.202079 0.1360396 -0.02538984 2.207109 0.06284983 -0.08072948 2.200089 0.2169824 -0.08878441 2.217386 0.1296219 -0.4940681 2.220759 0.1492547 -0.4927902 2.410173 0.08426642 -0.8590236 2.283176 0.2110288 -0.8792923 2.553667 0.1075345 -0.9224616 2.313523 0.2636691 -0.9097962 2.633302
0.108028 0.6404111 2.188711 0.1037806 0.4716662 2.184136 0.06578656 0.2912135 2.057599 0.3206468 0.3589672 2.364788 0.2561566 0.2483895 1.876104 0.4285681 0.4811196 2.534126 0.4336003 0.3834754 1.841535 0.5754123 0.5916117 2.560304 0.4804268 0.4551589 1.827188 0.6243604 0.6284423 2.573411 0.1280955 0.05747933 2.202065 0.1346809 -0.02518719 2.207107 0.06076514 -0.08066656 2.200019 0.2153541 -0.08852874 2.217334 0.1294629 -0.4936906 2.220672 0.1466017 -0.487672 2.408994 0.08379375 -0.8586701 2.283077 0.2084986 -0.8762206 2.550564 0.1451185 -0.9008837 2.237784 0.2219764 -0.9485374 2.541879
0.108187 0.6404787 2.189037 0.1038072 0.4716687 2.184133 0.06586239 0.2911147 2.05765 0.3206734 0.3589698 2.364785 0.2562228 0.247321 1.876611 0.4030579 0.456275 2.544215 0.4327453 0.3842983 1.841834 0.5451489 0.5783355 2.546228 0.4795591 0.4565489 1.827829 0.5925125 0.6190223 2.55128 0.1289436 0.05725556 2.201999 0.1360046 -0.02553008 2.206987 0.06197785 -0.08144329 2.199042 0.2181678 -0.08846359 2.218022 0.129568 -0.494552 2.22087 0.1511404 -0.4891123 2.409302 0.08321309 -0.8531515 2.279887 0.2097702 -0.8759922 2.552747 0.1445452 -0.8953261 2.234568 0.2606832 -0.9258925 2.623182
0.1081514 0.6405243 2.189361 0.10489 0.4716054 2.184048 0.06582586 0.291156 2.058101 0.3217562 0.3589065 2.3647 0.2545212 0.2453558 1.87767 0.4034013 0.455972 2.544194 0.4261707 0.3895642 1.845203 0.5220692 0.6016739 2.528288 0.4618265 0.463974 1.837771 0.5616251 0.6502412 2.527367 0.1290682 0.05731856 2.202049 0.1360726 -0.02546515 2.207034 0.06191958 -0.08144614 2.199077 0.21834 -0.08846171 2.218068 0.129585 -0.4945472 2.220846 0.150965 -0.4891694 2.409861 0.08292573 -0.8532288 2.28044 0.2061048 -0.8738371 2.546328 0.1104728 -0.9160349 2.324146 0.2285757 -0.9442244 2.541081
0.108839 0.6406029 2.189733 0.10552 0.4715675 2.183833 0.0663767 0.2926725 2.059106 0.3223862 0.3588686 2.364484 0.2520305 0.2436704 1.878729 0.4035989 0.4557431 2.544067 0.4204711 0.4228341 1.856321 0.4939419 0.6194213 2.511773 0.4401672 0.4716656 1.849026 0.5240562 0.6739807 2.50539 0.1290172 0.05718345 2.202022 0.1359138 -0.02567958 2.207007 0.06164493 -0.08158088 2.199068 0.2179682 -0.08895495 2.217958 0.1301457 -0.4946046 2.220109 0.1493319 -0.4908687 2.410432 0.08166619 -0.8599448 2.283572 0.2082514 -0.8804452 2.546563 0.1075851 -0.9218127 2.358032 0.261249 -0.9042348 2.620396
0.1099965 0.6406988 2.190156 0.1070053 0.4715529 2.183727 0.06675051 0.2939987 2.060314 0.3238715 0.3588539 2.364378 0.2470493 0.2407873 1.88049 0.4339901 0.5166348 2.5048 0.4185187 0.4240952 1.8575 0.5250044 0.6699651 2.551035 0.4361836 0.4729788 1.851556 0.5553425 0.7210752 2.570828 0.1299599 0.05706358 2.201937 0.1367721 -0.02580739 2.206911 0.06228362 -0.08188842 2.199065 0.2189208 -0.08911411 2.217669 0.1299201 -0.495039 2.22029 0.1519095 -0.4919599 2.410922 0.08061191 -0.8637454 2.284045 0.2089478 -0.8831692 2.548233 0.1126419 -0.9226609 2.358521 0.2412637 -0.9477314 2.531667
0.112612 0.6402957 2.191191 0.1078204 0.4709854 2.183682 0.06673358 0.29479 2.060697 0.3246866 0.3582865 2.364334 0.2470816 0.2409558 1.880522 0.4340522 0.5164025 2.504937 0.4202783 0.4258858 1.857983 0.5308654 0.6643366 2.555536 0.4369175 0.4737345 1.852449 0.5631365 0.7136479 2.576784 0.1300061 0.05710586 2.201982 0.1367844 -0.02570191 2.206977 0.06227364 -0.08158147 2.199312 0.2188931 -0.0891289 2.217664 0.1298298 -0.494768 2.220256 0.1520226 -0.4923743 2.411469 0.07814421 -0.8492858 2.277159 0.2077545 -0.8807716 2.548823 0.1140038 -0.9232326 2.327899 0.2413432 -0.9465046 2.54265
0.1131395 0.6403537 2.191435 0.1079015 0.4710048 2.183656 0.06717142 0.2942415 2.060412 0.3247677 0.3583059 2.364307 0.2482485 0.2414393 1.880428 0.4338025 0.51653 2.505029 0.4285669 0.420233 1.854183 0.5652419 0.6135835 2.584758 0.463174 0.4728004 1.844894 0.609055 0.6459346 2.615715 0.1312472 0.05692331 2.201589 0.1383943 -0.0259359 2.206456 0.0646125 -0.08238231 2.198256 0.2203223 -0.08893687 2.217283 0.1297846 -0.4957789 2.221231 0.1546927 -0.4925348 2.411047 0.07897379 -0.8611078 2.281828 0.2082425 -0.8810936 2.54957 0.1148149 -0.9316463 2.331463 0.2401065 -0.9477925 2.544755
0.1130368 0.6402644 2.191531 0.1081147 0.4708969 2.183712 0.06730847 0.2937215 2.060238 0.324981 0.358198 2.364363 0.2530596 0.2438356 1.8789 0.4337174 0.5165039 2.505206 0.4384257 0.3986902 1.846687 0.5820459 0.5892849 2.581635 0.4778627 0.4584451 1.836873 0.6314887 0.6135452 2.611493 0.1320601 0.05691423 2.201474 0.139328 -0.02588093 2.206287 0.06526922 -0.08263693 2.198125 0.2217621 -0.08857301 2.216909 0.1299432 -0.4961024 2.221202 0.1570923 -0.4913951 2.410557 0.07850504 -0.8563452 2.282415 0.2089742 -0.8809102 2.553007 0.1140722 -0.9276738 2.342523 0.25559 -0.9210291 2.610507
0.1127639 0.6402705 2.191332 0.1081093 0.4709257 2.183686 0.06731123 0.2937211 2.060332 0.3249756 0.3582267 2.364337 0.2576902 0.2457452 1.877044 0.4332465 0.5167336 2.505296 0.4399428 0.3905009 1.843802 0.5836044 0.5820888 2.584042 0.4881804 0.4552949 1.829124 0.6337237 0.6038739 2.614672 0.1320044 0.05685095 2.201475 0.13923 -0.02598633 2.206299 0.06522909 -0.082648 2.198166 0.2213717 -0.08892851 2.216842 0.1299503 -0.4961051 2.22125 0.1565106 -0.4924369 2.410846 0.08021966 -0.8593708 2.284883 0.2086403 -0.8773618 2.551189 0.1226627 -0.9130566 2.3581 0.2337619 -0.9470417 2.5502
0.1122226 0.6404135 2.191759 0.108068 0.4709723 2.183668 0.06810553 0.2923545 2.059745 0.3249342 0.3582733 2.36432 0.2592466 0.245794 1.876683 0.4326932 0.5169806 2.505424 0.4402437 0.3896908 1.843572 0.5839853 0.5803496 2.584031 0.4976731 0.4602451 1.826012 0.634416 0.6014726 2.614615 0.131793 0.05654596 2.201455 0.138929 -0.02644829 2.206289 0.06500138 -0.08295051 2.198059 0.2208558 -0.08936727 2.21695 0.1299025 -0.4963426 2.221556 0.1556423 -0.4925621 2.410516 0.07935643 -0.8653834 2.287175 0.2101146 -0.8769255 2.552136 0.1232353 -0.9188483 2.359705 0.2332448 -0.9467037 2.543003
0.1117765 0.640437 2.191451 0.1080861 0.4710333 2.183634 0.0682316 0.2920563 2.05957 0.3249523 0.3583344 2.364285 0.2591565 0.2451706 1.877152 0.4324843 0.5171359 2.50545 0.4378597 0.3899597 1.844103 0.582705 0.5832351 2.583895 0.4887597 0.4605118 1.830181 0.6327785 0.6052682 2.614425 0.1307443 0.05627946 2.201087 0.1373468 -0.02686647 2.205787 0.06090924 -0.08342916 2.188536 0.2166321 -0.09200288 2.222802 0.1299962 -0.4951175 2.222158 0.154474 -0.4920718 2.410671 0.07946579 -0.8646886 2.286761 0.2115096 -0.8621542 2.56135 0.1021967 -0.9275128 2.318758 0.2565013 -0.9046202 2.635173
0.1116615 0.6406258 2.1918 0.10811 0.4711584 2.183661 0.06818579 0.2920225 2.059647 0.3249762 0.3584595 2.364312 0.2581456 0.2445965 1.877761 0.4494636 0.500513 2.508757 0.4273417 0.393404 1.848132 0.5472724 0.6421077 2.571171 0.4617866 0.4711433 1.843064 0.5798754 0.689306 2.596357 0.1307146 0.05616478 2.201183 0.1373081 -0.02705245 2.205928 0.06092928 -0.08403057 2.190856 0.2168861 -0.09210743 2.222445 0.1304939 -0.4959331 2.221805 0.1525983 -0.492975 2.411017 0.0804134 -0.8641484 2.287043 0.212668 -0.8733956 2.560454 0.1210806 -0.917966 2.361168 0.2604585 -0.9106898 2.632657
0.1118403 0.640542 2.191973 0.1083622 0.4710472 2.183702 0.06810801 0.2920426 2.059764 0.3252284 0.3583483 2.364353 0.2539409 0.2430814 1.879389 0.4426894 0.5028775 2.511686 0.4210737 0.4222219 1.858771 0.5259817 0.6615214 2.555287 0.4452614 0.4757796 1.852034 0.5537457 0.7144027 2.574202 0.130731 0.05614543 2.201201 0.1373125 -0.02705901 2.205941 0.0610892 -0.08388667 2.192651 0.2173162 -0.09219425 2.221358 0.1313209 -0.495945 2.221008 0.1524633 -0.4930618 2.411066 0.08238052 -0.8619556 2.285256 0.2110821 -0.8628209 2.554539 0.1138955 -0.9215505 2.315961 0.2577636 -0.9172813 2.624536
0.1128483 0.640713 2.19279 0.1083959 0.4710968 2.183721 0.06814474 0.2931131 2.06019 0.3252621 0.358398 2.364372 0.2503898 0.2421933 1.880803 0.4366027 0.509558 2.510083 0.4183538 0.4241695 1.860611 0.5266686 0.6634507 2.556364 0.4367932 0.4761769 1.855774 0.5566906 0.7147483 2.576172 0.1317774 0.05630892 2.200823 0.138805 -0.02680656 2.205386 0.06364165 -0.083487 2.193615 0.2207088 -0.09086078 2.217816 0.1313234 -0.4960878 2.2208 0.1533923 -0.4935089 2.41095 0.08203332 -0.8607702 2.284345 0.2109777 -0.8713746 2.549445 0.1127286 -0.9227599 2.32101 0.217453 -0.9324763 2.508065
0.1128003 0.6405727 2.192424 0.1082532 0.4710193 2.183706 0.06810345 0.2929284 2.060552 0.3251194 0.3583205 2.364357 0.2501789 0.2424925 1.88075 0.4430004 0.5062265 2.508531 0.4203772 0.426774 1.860738 0.5184607 0.6660615 2.559304 0.4369504 0.476305 1.855898 0.5436141 0.7193398 2.58061 0.1310325 0.05586878 2.200277 0.1378722 -0.02731075 2.204687 0.06215134 -0.08344504 2.188727 0.219002 -0.09229693 2.219441 0.1319899 -0.4951789 2.220795 0.1528844 -0.4933223 2.410787 0.08239044 -0.8598931 2.28426 0.210942 -0.8698882 2.549125 0.1104008 -0.9233171 2.321196 0.2640678 -0.9070279 2.625567
0.1136885 0.6405418 2.192261 0.108284 0.4710397 2.183698 0.06822882 0.2934046 2.060547 0.3251503 0.3583408 2.364349 0.2513531 0.2435714 1.880401 0.4442219 0.490814 2.520036 0.4213519 0.4130044 1.854453 0.52688 0.6536283 2.551464 0.4499648 0.4750031 1.850978 0.5544326 0.7078998 2.566322 0.1310388 0.0557662 2.199865 0.1378536 -0.02743834 2.204148 0.06255979 -0.08332509 2.185085 0.2189534 -0.09266362 2.220058 0.1319953 -0.49466 2.221219 0.1537256 -0.4937019 2.410532 0.08223353 -0.8599232 2.284369 0.2107829 -0.8698946 2.549445 0.1230353 -0.9226081 2.351082 0.2214149 -0.9417345 2.534828
0.113236 0.6409353 2.192053 0.1080946 0.4714533 2.183657 0.06886026 0.2935185 2.060249 0.3249608 0.3587544 2.364308 0.2535188 0.2449588 1.879707 0.4438216 0.4901856 2.520892 0.4303034 0.4006937 1.847545 0.5790638 0.6037982 2.572013 0.4782051 0.4609477 1.834423 0.6241446 0.641669 2.593435 0.1315576 0.05638379 2.19944 0.1386342 -0.02667133 2.203616 0.06516185 -0.08302573 2.187485 0.2200345 -0.08768158 2.215809 0.1322433 -0.495029 2.221238 0.1526754 -0.4898381 2.408952 0.08312079 -0.8613155 2.285046 0.2102924 -0.8747222 2.550566 0.1175513 -0.9131144 2.363637 0.2133505 -0.9452637 2.528154
0.1132598 0.640887 2.191475 0.1079879 0.4715177 2.183686 0.06906783 0.2936449 2.060523 0.3248541 0.3588188 2.364337 0.2568203 0.2462497 1.878301 0.4434182 0.489121 2.521925 0.4337661 0.3903356 1.844095 0.5810634 0.6005542 2.571753 0.4797726 0.4586088 1.833055 0.6269451 0.6376986 2.592743 0.1313407 0.05641799 2.199156 0.1383687 -0.02663383 2.203248 0.06481885 -0.08250441 2.185872 0.2193278 -0.08815473 2.216655 0.1328428 -0.494175 2.221161 0.1530444 -0.4890885 2.408624 0.08323146 -0.8615453 2.285145 0.2104713 -0.872981 2.551183 0.1078931 -0.9259225 2.357895 0.2543044 -0.9027252 2.604109
0.1132796 0.6412286 2.191397 0.1079165 0.4718431 2.183513 0.06918188 0.2937658 2.060529 0.3247828 0.3591441 2.364165 0.2589562 0.2462891 1.877617 0.44336 0.4889538 2.522096 0.4344205 0.3892587 1.843546 0.581742 0.5992053 2.572393 0.4825222 0.4577028 1.831121 0.6278694 0.6359558 2.59354 0.1312231 0.05697982 2.198823 0.1382276 -0.02599901 2.202913 0.06514777 -0.08211655 2.18717 0.2182001 -0.08618583 2.214692 0.1329636 -0.4939903 2.221 0.1507247 -0.4874888 2.40763 0.08326291 -0.8614608 2.284971 0.2105581 -0.8762878 2.551343 0.1133443 -0.9200397 2.360527 0.2715512 -0.9184898 2.505578
0.1132451 0.6412255 2.190503 0.1076762 0.4719149 2.183 0.06954284 0.29416 2.060436 0.3245425 0.359216 2.363651 0.2589545 0.2460924 1.87775 0.4664763 0.4821949 2.509319 0.4341897 0.3894631 1.84363 0.5678766 0.612501 2.586002 0.4819282 0.4583302 1.831337 0.6016768 0.6559364 2.615945 0.130832 0.05655436 2.198807 0.1377231 -0.02660518 2.203048 0.06438256 -0.08264548 2.188431 0.2176093 -0.08708112 2.214952 0.1332555 -0.4944788 2.221058 0.1501489 -0.4878222 2.407588 0.0820329 -0.8598672 2.284283 0.2106209 -0.8813728 2.550391 0.1145076 -0.9207751 2.356953 0.2475805 -0.9237341 2.598634
0.1131778 0.6409247 2.188866 0.1076896 0.4719197 2.182989 0.06995883 0.2943046 2.060466 0.3245559 0.3592207 2.36364 0.2580311 0.2448503 1.87829 0.4206069 0.4675018 2.544637 0.4278417 0.3926244 1.846423 0.538949 0.6135193 2.53378 0.4590061 0.4713876 1.840506 0.5783964 0.6621918 2.534543 0.1311208 0.05602274 2.198915 0.1381135 -0.02733608 2.203245 0.06502373 -0.08348788 2.190109 0.2181837 -0.08815029 2.214858 0.1333809 -0.4955872 2.221081 0.1516927 -0.4902785 2.407805 0.08158576 -0.8603687 2.284696 0.211911 -0.8732338 2.553872 0.1157119 -0.926479 2.351854 0.1899369 -0.9421617 2.537936
0.1133219 0.6406529 2.18779 0.1076774 0.4718566 2.182945 0.07045177 0.2943732 2.060452 0.3245437 0.3591577 2.363596 0.2563138 0.2438671 1.878652 0.4335399 0.5049306 2.515398 0.4182776 0.4281981 1.857741 0.5441063 0.6481699 2.553139 0.4422168 0.4774214 1.847788 0.5809618 0.6959163 2.570101 0.13135 0.0557202 2.198984 0.1384233 -0.0276807 2.203378 0.06631328 -0.08414856 2.191595 0.2182241 -0.08826196 2.214815 0.1330631 -0.4966557 2.22119 0.1522646 -0.4912478 2.408495 0.08185409 -0.8616808 2.285552 0.2089318 -0.8864664 2.553087 0.1153038 -0.9262845 2.354494 0.2095295 -0.9563856 2.528614
0.1140395 0.6406549 2.187595 0.1078185 0.4718965 2.182846 0.0708366 0.2952702 2.060295 0.3246847 0.3591976 2.363497 0.2525596 0.2429135 1.879926 0.4335041 0.5058017 2.514725 0.4150667 0.4301703 1.860272 0.5361305 0.6565551 2.547117 0.4299057 0.4810653 1.855323 0.5703393 0.7068062 2.562297 0.131126 0.05555253 2.199001 0.138018 -0.02793387 2.20345 0.06481282 -0.08394496 2.192265 0.2179532 -0.08909892 2.214868 0.1332754 -0.4963471 2.220125 0.1510198 -0.491776 2.408305 0.08346242 -0.8471178 2.274934 0.208937 -0.88647 2.553183 0.1124824 -0.9105331 2.346922 0.2660444 -0.9204643 2.627848
0.1151213 0.6405077 2.186773 0.1080043 0.4719158 2.182674 0.07126033 0.2960217 2.060002 0.3248706 0.3592168 2.363325 0.2520925 0.2429077 1.880012 0.4331402 0.5070935 2.513833 0.4149734 0.4309779 1.861104 0.5336282 0.6593832 2.545889 0.4297558 0.4815511 1.855704 0.5671241 0.7101465 2.560955 0.131267 0.05534455 2.198714 0.1381489 -0.0281658 2.203148 0.06543424 -0.08357172 2.188014 0.2181853 -0.09112045 2.217088 0.1332614 -0.4956175 2.220271 0.1557669 -0.4939325 2.408347 0.08345904 -0.8519803 2.278562 0.2170846 -0.8418152 2.564827 0.1039486 -0.9246738 2.344454 0.2119063 -0.9091788 2.534438
0.1180022 0.6410834 2.189066 0.1086692 0.4720714 2.182317 0.07156506 0.296023 2.059711 0.3255355 0.3593724 2.362969 0.2523155 0.2432384 1.879873 0.4333542 0.5080678 2.513067 0.4225217 0.4315054 1.859852 0.5464708 0.6482097 2.553761 0.4404089 0.4825749 1.853735 0.5841763 0.6949236 2.571707 0.1317246 0.05531252 2.198429 0.1385723 -0.028199 2.202882 0.06609225 -0.08381245 2.185359 0.219332 -0.09162576 2.219031 0.1327751 -0.4956915 2.220714 0.1597752 -0.492924 2.408202 0.07964368 -0.8641783 2.28595 0.2079779 -0.8540363 2.554062 0.1141687 -0.9290069 2.354153 0.2542109 -0.9097733 2.62336
0.1179848 0.6409804 2.188577 0.1087821 0.4720418 2.182256 0.07160781 0.2959765 2.059703 0.3256483 0.3593429 2.362908 0.2547691 0.2444575 1.878813 0.4609818 0.4762065 2.517952 0.4407074 0.4174402 1.852188 0.5434658 0.631991 2.570091 0.4808258 0.4754488 1.841737 0.5709605 0.6839192 2.591852 0.1314217 0.05563512 2.19797 0.1380644 -0.02766826 2.202245 0.06463571 -0.08258814 2.183198 0.2189973 -0.09148448 2.219233 0.1331249 -0.4939658 2.22026 0.1575445 -0.4896963 2.407294 0.08669089 -0.8550261 2.278654 0.2075489 -0.855788 2.55469 0.1117572 -0.9321223 2.337599 0.2554585 -0.9084354 2.625256
0.1177243 0.6410035 2.188311 0.1090286 0.4720346 2.181982 0.07217526 0.2957857 2.059514 0.3258948 0.3593357 2.362633 0.2660716 0.249432 1.875803 0.4610315 0.4762135 2.517819 0.4507524 0.3929014 1.844116 0.5852581 0.5924507 2.584624 0.4956944 0.4620519 1.835806 0.626667 0.6311965 2.611274 0.1309783 0.05570054 2.19786 0.1373412 -0.02755782 2.202178 0.06402893 -0.08218159 2.182893 0.216787 -0.09179357 2.220509 0.1331415 -0.4934199 2.220238 0.1566226 -0.489781 2.40754 0.08526526 -0.8643667 2.28345 0.2010744 -0.891059 2.544119 0.1173297 -0.9194997 2.360774 0.2475556 -0.943066 2.51915
0.117922 0.6412437 2.188332 0.1088927 0.4722282 2.181679 0.07232971 0.2957584 2.05954 0.3257589 0.3595293 2.36233 0.2671684 0.2498326 1.876863 0.4607318 0.4764954 2.517586 0.4607869 0.3968088 1.841847 0.587638 0.5845522 2.591359 0.500574 0.4541533 1.831469 0.6299401 0.6205711 2.620332 0.1309124 0.05575449 2.197853 0.1372911 -0.02751233 2.202202 0.06384836 -0.08168225 2.186678 0.216495 -0.0911147 2.218793 0.1332839 -0.4933253 2.220129 0.1554922 -0.4888601 2.407032 0.08509313 -0.8612345 2.282151 0.1990039 -0.8908629 2.542072 0.113446 -0.9170658 2.360417 0.2539305 -0.9256214 2.577619
0.1178948 0.6413187 2.188172 0.1088313 0.4723023 2.181514 0.07248218 0.2958222 2.059419 0.3256975 0.3596033 2.362165 0.2678836 0.2492214 1.877637 0.460569 0.4766175 2.51747 0.4636159 0.3948235 1.840946 0.5876314 0.5844148 2.591342 0.5022793 0.4516961 1.829655 0.6299856 0.6203473 2.620347 0.1308788 0.05576554 2.197839 0.1372711 -0.02750608 2.202205 0.06333586 -0.08177717 2.188316 0.2167572 -0.0906425 2.217631 0.1333568 -0.4935193 2.219979 0.1535924 -0.486595 2.405797 0.08478981 -0.8609827 2.282035 0.2025629 -0.8859026 2.545132 0.1168038 -0.9183587 2.357729 0.2512943 -0.9335269 2.574214
0.1180262 0.6412588 2.187596 0.1087844 0.4723492 2.181452 0.07253357 0.2958226 2.059487 0.3256507 0.3596502 2.362103 0.2671397 0.2459838 1.877707 0.4604329 0.4767148 2.517447 0.4676034 0.398925 1.8405 0.5882905 0.5826666 2.592418 0.5025052 0.451023 1.829628 0.6309097 0.6179839 2.621791 0.1308434 0.05576249 2.19783 0.1372471 -0.02751271 2.202207 0.06397553 -0.08210275 2.18964 0.2159295 -0.09024534 2.216438 0.1334816 -0.4940867 2.219852 0.1529908 -0.4876724 2.405956 0.08400996 -0.8618279 2.282934 0.2118971 -0.8756635 2.551975 0.1107449 -0.9193504 2.360542 0.2380946 -0.9449612 2.551661
0.1178941 0.6413188 2.187663 0.1087108 0.472383 2.18141 0.07280838 0.2959351 2.059413 0.3255771 0.359684 2.362062 0.2667017 0.2438973 1.877459 0.4602551 0.4767994 2.517454 0.4665018 0.3994622 1.840535 0.5878441 0.5833671 2.592077 0.5023165 0.4509298 1.829584 0.6303738 0.6188897 2.621333 0.1308196 0.05572679 2.197815 0.1372377 -0.02756076 2.202202 0.06473022 -0.08236325 2.19029 0.2153538 -0.09009313 2.215842 0.1331822 -0.4945711 2.220043 0.1523534 -0.4901255 2.406765 0.08406654 -0.8617369 2.282685 0.2118052 -0.8757402 2.551826 0.1103347 -0.9211829 2.358994 0.2572603 -0.9243553 2.613595
0.1181096 0.6416851 2.189225 0.1088243 0.4724433 2.181328 0.07331587 0.2962779 2.058917 0.3256905 0.3597443 2.361979 0.2666389 0.2428501 1.87672 0.4602988 0.4768547 2.517431 0.4655886 0.3996284 1.840619 0.5877212 0.5835871 2.592101 0.49782 0.4486662 1.830222 0.6301954 0.6191646 2.621372 0.1312474 0.05624718 2.197412 0.1378 -0.02687328 2.201728 0.06554668 -0.08222681 2.190452 0.2161925 -0.08744736 2.213631 0.1332285 -0.4945756 2.220069 0.1517879 -0.488337 2.406007 0.08397657 -0.8617961 2.282648 0.2120109 -0.8767232 2.551193 0.1108088 -0.9220423 2.35813 0.2202948 -0.9387112 2.511473
0.118324 0.6415913 2.188765 0.1092398 0.4724315 2.18138 0.0736889 0.2962112 2.058743 0.326106 0.3597325 2.362031 0.2667924 0.2424384 1.876388 0.4605861 0.4768869 2.517554 0.4648731 0.4004091 1.84092 0.5856659 0.5869278 2.59151 0.4957193 0.4477886 1.83104 0.6273592 0.6236082 2.620543 0.1313623 0.05618606 2.197429 0.1378991 -0.02694532 2.201754 0.06591108 -0.08254611 2.190919 0.2162362 -0.08751834 2.213534 0.1333324 -0.4949893 2.220028 0.1518979 -0.4888155 2.406084 0.08479948 -0.8581462 2.282042 0.2115212 -0.8755324 2.548873 0.1173446 -0.9189917 2.354744 0.2727939 -0.9177678 2.503499
0.118443 0.6415759 2.188818 0.1092582 0.4724105 2.181385 0.07391359 0.2960803 2.058736 0.3261245 0.3597115 2.362036 0.2668503 0.2423606 1.876152 0.4605844 0.4768736 2.517572 0.4642746 0.4012052 1.84104 0.5855001 0.5873163 2.591259 0.4952226 0.4477098 1.831167 0.6271387 0.6241305 2.620203 0.1320208 0.05584111 2.197441 0.1388377 -0.02740913 2.201794 0.06671602 -0.08308621 2.191496 0.2180554 -0.08802617 2.213031 0.1333615 -0.4957066 2.220101 0.1526098 -0.4891282 2.406139 0.0845193 -0.8583698 2.282084 0.2121569 -0.8743335 2.547218 0.1137295 -0.9299891 2.345838 0.2485564 -0.9208099 2.600646
0.1186079 0.6417218 2.18871 0.1093824 0.4725582 2.181283 0.07418325 0.296253 2.058566 0.3262486 0.3598592 2.361934 0.2668231 0.2419354 1.875818 0.4606466 0.4770187 2.517523 0.4635279 0.4017421 1.841199 0.5841919 0.5897133 2.590277 0.4948245 0.4486251 1.830852 0.6253736 0.6272781 2.618911 0.1334143 0.05635834 2.197011 0.1406548 -0.02677679 2.201304 0.06964454 -0.08278837 2.19163 0.2196622 -0.08692969 2.211995 0.132908 -0.4959558 2.220082 0.1546663 -0.4902519 2.406203 0.08429468 -0.8579591 2.282182 0.2145802 -0.8800586 2.550676 0.1178214 -0.9217626 2.351841 0.2598981 -0.9197112 2.609995
0.1183261 0.642296 2.18826 0.1107192 0.4731523 2.181378 0.07478817 0.296676 2.058103 0.3275855 0.3604533 2.362029 0.2666671 0.2418319 1.875812 0.4367183 0.4542907 2.545935 0.4617528 0.4037048 1.841884 0.569174 0.583944 2.564228 0.4938846 0.4506986 1.831208 0.6133259 0.6271617 2.574707 0.1337474 0.05636428 2.197129 0.1408689 -0.02682371 2.201426 0.06957587 -0.08280348 2.191672 0.2205541 -0.0873922 2.212485 0.1328229 -0.4959764 2.220091 0.155187 -0.4908757 2.406241 0.08437878 -0.8575405 2.281857 0.2118098 -0.8801824 2.550485 0.1177004 -0.921487 2.351483 0.2182897 -0.9499092 2.526295
0.1191661 0.6423802 2.188332 0.1109684 0.4732447 2.181356 0.07514818 0.2967165 2.057985 0.3278346 0.3605457 2.362007 0.265323 0.2417442 1.87641 0.4366494 0.4542937 2.546121 0.440294 0.3900391 1.845096 0.5659711 0.5887343 2.556322 0.4886208 0.4539741 1.832892 0.6090783 0.6335478 2.564104 0.1333193 0.05601195 2.196814 0.1400474 -0.02743674 2.200958 0.06651174 -0.08282116 2.184968 0.218442 -0.09103625 2.216115 0.1328161 -0.4947338 2.220515 0.1554253 -0.4925726 2.405934 0.08419751 -0.8576313 2.281798 0.2119433 -0.8802887 2.553154 0.1169744 -0.9118994 2.359438 0.221595 -0.9492799 2.527934
0.1191963 0.6422412 2.186918 0.1117142 0.4733095 2.181181 0.07528953 0.2968195 2.05786 0.3285804 0.3606104 2.361832 0.2640485 0.2417742 1.876796 0.4229782 0.458143 2.54648 0.4503006 0.4120455 1.848564 0.5519036 0.5945327 2.544287 0.4844955 0.4629298 1.836436 0.5948787 0.639996 2.547938 0.1329033 0.0558056 2.196706 0.1391826 -0.02779342 2.200848 0.06485338 -0.0827576 2.18321 0.2169064 -0.09297844 2.218437 0.1327326 -0.4941566 2.220881 0.1549307 -0.493623 2.406148 0.08361654 -0.8659828 2.285111 0.2113394 -0.8782668 2.554608 0.1178338 -0.9168376 2.364424 0.1938604 -0.9402841 2.518037
0.1191286 0.6427212 2.186735 0.1129211 0.4737229 2.180931 0.07550757 0.2970337 2.057856 0.3297873 0.3610239 2.361582 0.2618191 0.2417717 1.877089 0.4215673 0.4584317 2.545396 0.4415334 0.4214561 1.853348 0.5300915 0.611742 2.524327 0.4596439 0.4767241 1.846666 0.5662662 0.6628454 2.521685 0.1297474 0.06744754 2.191887 0.1338797 -0.01130854 2.194291 0.07071048 -0.06498981 2.136899 0.2004622 -0.08482637 2.23542 0.1288122 -0.4700255 2.218669 0.1558997 -0.4935095 2.406003 0.08324309 -0.8636842 2.284414 0.2135002 -0.8782499 2.554543 0.1068705 -0.9332219 2.327264 0.2559472 -0.9093031 2.624189
0.1214722 0.6427652 2.187012 0.1139874 0.4737493 2.180863 0.07582908 0.2976122 2.057879 0.3308536 0.3610503 2.361513 0.2555969 0.2407474 1.878886 0.4340092 0.5204687 2.504948 0.4242447 0.4311224 1.862253 0.5354903 0.6740047 2.530184 0.4375068 0.4838923 1.854866 0.5693174 0.7251833 2.542978 0.1290381 0.06862694 2.191211 0.1330868 -0.01038987 2.193723 0.07025438 -0.06504319 2.13742 0.1994136 -0.0849866 2.236063 0.1291556 -0.4701068 2.218574 0.1561846 -0.4935485 2.406028 0.08368297 -0.8578089 2.282012 0.2153768 -0.8712194 2.551382 0.1269581 -0.9174518 2.349965 0.2549422 -0.9183785 2.611257
0.1253413 0.6423079 2.187386 0.1148944 0.4733658 2.180813 0.07595125 0.2972637 2.057729 0.3317606 0.3606667 2.361464 0.2530386 0.2412352 1.879455 0.4298828 0.5198507 2.506562 0.4131953 0.4374796 1.868519 0.5017784 0.6934795 2.49883 0.427964 0.503413 1.862486 0.5257437 0.7513558 2.500634 0.1312566 0.0694318 2.191185 0.1361469 -0.00960578 2.193916 0.07517184 -0.0667619 2.139017 0.204102 -0.08602087 2.239883 0.1294071 -0.4727136 2.219144 0.1650035 -0.500687 2.408834 0.08362356 -0.8585595 2.281619 0.2141498 -0.8623185 2.548986 0.1155891 -0.9243206 2.350187 0.2550543 -0.9186918 2.611229
0.1261387 0.6425243 2.187411 0.1155361 0.4735973 2.180875 0.07625886 0.2974255 2.057628 0.3324022 0.3608982 2.361526 0.2495824 0.2406181 1.88088 0.4300185 0.5280246 2.500763 0.4074308 0.4389114 1.870972 0.4717171 0.7109844 2.499133 0.4203862 0.5054105 1.86756 0.4856167 0.771971 2.502972 0.134842 0.06761957 2.192228 0.1413627 -0.01304774 2.195673 0.07979341 -0.07175358 2.161744 0.2161303 -0.08673953 2.232896 0.1305809 -0.4825113 2.220268 0.1653718 -0.4980563 2.408473 0.08275981 -0.8594005 2.282621 0.2148675 -0.8632015 2.549055 0.1160645 -0.9179877 2.356826 0.2064397 -0.9367064 2.545138
0.1238296 0.6430534 2.188212 0.1166351 0.4738453 2.181151 0.07651877 0.2975388 2.057509 0.3335013 0.3611463 2.361802 0.2492492 0.2406143 1.881133 0.4311155 0.5283772 2.500937 0.4076957 0.439201 1.871051 0.4895354 0.7047594 2.516472 0.421079 0.5055974 1.867324 0.5090087 0.7635535 2.526032 0.1341931 0.07154907 2.191817 0.1398247 -0.007740136 2.195008 0.07798523 -0.06748313 2.151285 0.2097699 -0.08242968 2.239078 0.1297943 -0.4763147 2.219443 0.1620119 -0.4947645 2.408425 0.0814755 -0.8591839 2.283655 0.2153588 -0.8645432 2.550565 0.1195715 -0.9158733 2.357024 0.2072957 -0.9378776 2.543752
0.1222217 0.6432155 2.188378 0.1165993 0.4739108 2.181128 0.07725585 0.2973419 2.057153 0.3334655 0.3612118 2.361779 0.2516326 0.2415957 1.881293 0.4607542 0.5050183 2.502764 0.4218232 0.4305184 1.861491 0.5280434 0.6600023 2.572076 0.4453169 0.4898598 1.854266 0.5504731 0.7116636 2.599562 0.1358555 0.06729876 2.193319 0.1425349 -0.01489679 2.197485 0.07621717 -0.08233772 2.191747 0.2193815 -0.08352728 2.219279 0.1326628 -0.4964867 2.22022 0.1617756 -0.4947114 2.408321 0.08073257 -0.8624378 2.28548 0.216606 -0.863342 2.554499 0.1089396 -0.9270077 2.337289 0.2593061 -0.9221675 2.618124
0.1195255 0.6437345 2.190776 0.1165695 0.4739304 2.181135 0.07822056 0.2949941 2.056301 0.3334357 0.3612314 2.361786 0.2750688 0.2495284 1.875944 0.4607468 0.5050085 2.502784 0.4581434 0.4207616 1.844413 0.5776574 0.6054315 2.597321 0.5013419 0.4860511 1.825104 0.6166276 0.6389058 2.633214 0.1356877 0.06596924 2.193609 0.1422566 -0.01649748 2.197788 0.07412649 -0.08230048 2.188785 0.2193859 -0.083536 2.219268 0.1328815 -0.4957995 2.220405 0.1594046 -0.4902304 2.406872 0.07858098 -0.867485 2.288123 0.2153534 -0.8658328 2.554527 0.1397565 -0.9097208 2.242611 0.2581103 -0.9217767 2.615615
0.118964 0.6439746 2.19111 0.1152239 0.4740876 2.180907 0.07987303 0.2942301 2.0559 0.3320901 0.3613886 2.361558 0.277057 0.250642 1.875426 0.4505413 0.4555284 2.540234 0.4411445 0.3550123 1.834615 0.5736198 0.5891367 2.575559 0.5137018 0.4613424 1.816452 0.614646 0.6336728 2.591716 0.1358399 0.06424088 2.193933 0.1427179 -0.01867465 2.198221 0.07438688 -0.08225185 2.18917 0.2195279 -0.08349947 2.216907 0.1331066 -0.4958138 2.220249 0.159091 -0.4896993 2.406456 0.08056203 -0.8659976 2.287559 0.2156877 -0.865801 2.554466 0.1037274 -0.9283398 2.327637 0.2224107 -0.9388705 2.544213
0.1192326 0.6440247 2.19152 0.1146756 0.4740956 2.180959 0.08033004 0.2938896 2.056253 0.3315419 0.3613966 2.36161 0.2773867 0.2504301 1.875576 0.4504251 0.4554031 2.540099 0.4790263 0.3962665 1.827674 0.5752371 0.587378 2.575476 0.5204943 0.4575143 1.812239 0.6168411 0.6313697 2.59165 0.1348987 0.06204072 2.193948 0.1416207 -0.02131368 2.198133 0.07234226 -0.08229202 2.1842 0.218324 -0.08585845 2.218261 0.1331543 -0.4949546 2.220538 0.1595488 -0.4895166 2.406031 0.07925916 -0.8672497 2.288967 0.2145455 -0.8677031 2.55343 0.1145262 -0.9347838 2.35411 0.1918346 -0.9247171 2.49436
0.1188853 0.6443385 2.192715 0.114707 0.4742024 2.180958 0.08149214 0.2941279 2.055843 0.3315732 0.3615035 2.361609 0.2782634 0.2489529 1.875289 0.4490116 0.4544854 2.541403 0.4557969 0.3779281 1.832761 0.5741538 0.5872236 2.573761 0.5201941 0.4574687 1.812122 0.6158679 0.6314696 2.588929 0.135458 0.06122456 2.194426 0.1422698 -0.0222817 2.198721 0.07338304 -0.0824173 2.186437 0.2187566 -0.08584724 2.217137 0.1331661 -0.4955034 2.220437 0.1587246 -0.4906713 2.406577 0.07944441 -0.866746 2.288474 0.2133587 -0.8684352 2.552044 0.1150171 -0.9235948 2.362981 0.2750534 -0.9105796 2.507147
0.1184948 0.6442533 2.192613 0.1148673 0.4741197 2.180963 0.08158975 0.2942385 2.056 0.3317336 0.3614208 2.361614 0.2748504 0.243815 1.87589 0.4229875 0.4512109 2.547965 0.4606612 0.4146446 1.838444 0.5517376 0.5869262 2.553684 0.4836874 0.4597667 1.824821 0.5946543 0.6321647 2.559972 0.1365915 0.06060068 2.194645 0.1435091 -0.0228296 2.198941 0.07492489 -0.08240962 2.187727 0.2203773 -0.08571532 2.215225 0.1336648 -0.495812 2.220238 0.1594901 -0.4923921 2.407066 0.08330754 -0.8631032 2.284203 0.2177212 -0.8763279 2.560189 0.1179577 -0.9191748 2.359728 0.2275361 -0.9467449 2.539338
0.1189246 0.6441889 2.192881 0.1150072 0.4740309 2.181047 0.0815336 0.2946419 2.056805 0.3318735 0.3613319 2.361698 0.2695897 0.2398497 1.877273 0.4121521 0.4478414 2.542399 0.4539737 0.4136163 1.841396 0.5141109 0.6057542 2.533656 0.4754956 0.4665841 1.83021 0.5480972 0.6583918 2.535123 0.137576 0.05982924 2.194937 0.1445982 -0.02359339 2.199214 0.07569247 -0.08286473 2.188667 0.2219833 -0.08590952 2.213918 0.1336341 -0.4964963 2.220106 0.1595404 -0.4928379 2.407103 0.08332144 -0.8630672 2.284136 0.2169863 -0.8754882 2.558544 0.119358 -0.9177167 2.360055 0.2677884 -0.9182684 2.633631
0.1190566 0.6440372 2.193712 0.1156578 0.4737689 2.181258 0.08152016 0.2950172 2.057317 0.3325241 0.3610699 2.36191 0.2657837 0.2385063 1.87828 0.401894 0.4466627 2.540246 0.4214893 0.4013626 1.84953 0.5051434 0.6037804 2.529404 0.4567607 0.4724636 1.839878 0.5395598 0.656153 2.530171 0.1375828 0.05965271 2.194987 0.1445316 -0.02372372 2.199236 0.07328001 -0.081815 2.182674 0.2224337 -0.08856434 2.218546 0.1335963 -0.4944207 2.220068 0.1601933 -0.492775 2.407274 0.08350966 -0.862788 2.283441 0.21232 -0.8673496 2.549115 0.1133479 -0.9185488 2.335151 0.2606293 -0.917766 2.621042
0.1195476 0.644017 2.193898 0.1161412 0.4737425 2.181415 0.08181465 0.2956006 2.057646 0.3330075 0.3610435 2.362066 0.2646866 0.2383476 1.878505 0.4484569 0.5022206 2.513608 0.4213131 0.4010405 1.849633 0.5261663 0.6647387 2.554328 0.4557202 0.4730911 1.840872 0.5520694 0.7189114 2.572284 0.1376663 0.05901864 2.195004 0.1444865 -0.02445021 2.199197 0.07268063 -0.08209743 2.181066 0.222718 -0.09002678 2.219695 0.1337555 -0.4943561 2.220343 0.1606352 -0.4928921 2.407288 0.08362123 -0.8628352 2.283372 0.207633 -0.8800703 2.547958 0.1171312 -0.9267012 2.352995 0.2477936 -0.9259517 2.590053
0.1204821 0.6443559 2.193685 0.1169779 0.4741321 2.181524 0.08228288 0.2965231 2.057578 0.3338442 0.3614331 2.362175 0.2653179 0.2388091 1.878342 0.4188545 0.4545597 2.53494 0.4274128 0.3981287 1.847754 0.514848 0.6156642 2.535335 0.466898 0.4715366 1.836556 0.5468458 0.6693656 2.539848 0.1386883 0.05831766 2.195582 0.1455193 -0.02532513 2.19987 0.07356679 -0.08320908 2.185168 0.2247395 -0.09015247 2.218174 0.133975 -0.4960815 2.220212 0.1613308 -0.4937156 2.407436 0.08222892 -0.8630823 2.283938 0.2079153 -0.8797091 2.548678 0.1156467 -0.9279596 2.352664 0.2483927 -0.925751 2.590292
0.1195837 0.6447248 2.194562 0.1169201 0.4743691 2.18166 0.08276349 0.2968352 2.057767 0.3337864 0.3616701 2.362311 0.2741454 0.2427573 1.875828 0.4297661 0.4562394 2.549394 0.4536576 0.3895902 1.838707 0.5654709 0.5815001 2.571565 0.5091384 0.4516053 1.819227 0.6107058 0.6232537 2.583338 0.1388701 0.05862939 2.195471 0.1457814 -0.02486796 2.199652 0.07415441 -0.0825582 2.186111 0.2252108 -0.08545755 2.213295 0.1337101 -0.4956673 2.220178 0.1606595 -0.486332 2.404501 0.08227186 -0.8631363 2.283962 0.2084943 -0.8781772 2.548326 0.1146971 -0.9266911 2.354379 0.2453013 -0.9307705 2.585327
0.11997 0.6449767 2.194515 0.1170157 0.4746361 2.181691 0.08407936 0.2968056 2.057495 0.333882 0.3619371 2.362342 0.2778774 0.2457554 1.875006 0.4507741 0.449326 2.544897 0.4436108 0.3397921 1.831338 0.5774311 0.5789593 2.581825 0.5357651 0.4467285 1.809875 0.6196501 0.6221704 2.598516 0.1392044 0.05884141 2.195394 0.1461737 -0.02461282 2.199541 0.07581225 -0.08128332 2.188008 0.2252997 -0.08461542 2.211292 0.1334548 -0.4949057 2.219904 0.1611754 -0.4861435 2.404333 0.08128557 -0.8630316 2.284339 0.2092808 -0.8593815 2.548949 0.1160169 -0.9269583 2.353306 0.2709499 -0.9014938 2.50398
0.1204458 0.6453009 2.194853 0.1170365 0.4749223 2.181736 0.0844868 0.2969257 2.057399 0.3339028 0.3622233 2.362387 0.2787477 0.2464003 1.875309 0.4509545 0.4493633 2.544961 0.4697554 0.3635783 1.831841 0.5821416 0.5737092 2.583613 0.5333294 0.4419082 1.809305 0.6258706 0.6151578 2.600879 0.1392426 0.05881309 2.195409 0.1462177 -0.02466491 2.199557 0.07565998 -0.08135718 2.188134 0.2254552 -0.08458684 2.211275 0.1334155 -0.4949839 2.219843 0.1613916 -0.4855789 2.403674 0.08133684 -0.8643855 2.285753 0.2032205 -0.8722184 2.548413 0.1132872 -0.9263115 2.357822 0.2542553 -0.9191006 2.605716
0.1201805 0.6458337 2.195719 0.1176683 0.4752914 2.181617 0.08481711 0.2971364 2.057373 0.3345346 0.3625924 2.362269 0.2795559 0.2462857 1.87598 0.4473661 0.4484376 2.547692 0.4734727 0.373603 1.83313 0.5810591 0.5720426 2.581491 0.531197 0.4427329 1.81059 0.6256234 0.6132442 2.59714 0.1393288 0.05920228 2.195301 0.1462011 -0.0241698 2.199421 0.07559252 -0.08119594 2.188183 0.2250906 -0.08347016 2.210837 0.1332604 -0.4948544 2.21971 0.1600853 -0.4841624 2.403232 0.08135761 -0.8643785 2.285715 0.2067995 -0.8733367 2.551267 0.1150871 -0.9246429 2.358383 0.2611611 -0.9177163 2.622858
0.1220677 0.6461641 2.196131 0.1182694 0.4755731 2.18154 0.08512321 0.2973068 2.057301 0.3351357 0.3628741 2.362191 0.279702 0.2457215 1.875945 0.4400344 0.4500951 2.551114 0.4725007 0.4104 1.84211 0.5744831 0.5790089 2.563684 0.4976128 0.4532673 1.829876 0.6192993 0.6219802 2.572256 0.139768 0.05874697 2.195695 0.1466123 -0.02481589 2.19996 0.07564761 -0.08168207 2.189258 0.2256432 -0.08454449 2.211295 0.1326979 -0.495563 2.219496 0.1615995 -0.4885489 2.40477 0.08140174 -0.8643914 2.285782 0.2065418 -0.8727053 2.550526 0.1127749 -0.9277002 2.356899 0.1936039 -0.9422987 2.528621
0.122699 0.6466139 2.19655 0.1209652 0.4759542 2.181722 0.08517069 0.297998 2.057729 0.3378314 0.3632552 2.362374 0.2763808 0.2421513 1.875696 0.438425 0.452312 2.552601 0.4402179 0.3928961 1.849795 0.5396132 0.6106557 2.532725 0.4841039 0.4608573 1.837229 0.5827514 0.6587533 2.553382 0.1357011 0.0683577 2.192494 0.1390113 -0.01046575 2.194999 0.07168442 -0.0627518 2.139709 0.2010188 -0.08188389 2.237293 0.1297805 -0.4688615 2.21675 0.161857 -0.4886528 2.404991 0.08261748 -0.8610787 2.284343 0.2082321 -0.8757375 2.553206 0.1190342 -0.9256638 2.351817 0.252036 -0.9283868 2.598732
0.1245946 0.6469319 2.196559 0.1238825 0.476271 2.181788 0.08524691 0.2986667 2.058451 0.3407487 0.3635721 2.36244 0.2717151 0.2413845 1.877353 0.4675512 0.5037115 2.506939 0.4402036 0.4087365 1.85647 0.5350535 0.6600988 2.573446 0.462014 0.4686149 1.848167 0.5554104 0.7247205 2.576709 0.1350778 0.06954163 2.191943 0.1382226 -0.009608766 2.194514 0.07142352 -0.06282948 2.140254 0.200823 -0.08234055 2.237396 0.1301964 -0.4689999 2.216578 0.1624248 -0.4889817 2.405213 0.08225645 -0.8615767 2.283797 0.2093853 -0.8376403 2.556634 0.1432435 -0.9040715 2.238254 0.2703723 -0.8801351 2.511091
0.1225969 0.6471485 2.19813 0.1238891 0.4762756 2.1818 0.08535309 0.298558 2.058443 0.3407554 0.3635767 2.362452 0.2693853 0.2408362 1.878368 0.4400246 0.4880633 2.535069 0.4397069 0.4170545 1.85929 0.5448279 0.6440108 2.52935 0.4598051 0.4702609 1.849859 0.5602794 0.7100288 2.531331 0.1362116 0.06601461 2.193008 0.1405949 -0.01630003 2.19652 0.06963644 -0.07775443 2.166186 0.2141664 -0.08841743 2.231382 0.1332029 -0.4876479 2.21922 0.1626307 -0.4887943 2.405406 0.08119409 -0.8621141 2.284597 0.2057215 -0.8616074 2.548953 0.09798433 -0.9277131 2.328833 0.2540948 -0.9233042 2.608476
0.1262679 0.6471071 2.198172 0.1240759 0.4762316 2.181764 0.08546288 0.298716 2.058438 0.3409421 0.3635327 2.362416 0.2694812 0.2408266 1.878375 0.4229236 0.4575123 2.531947 0.437525 0.405599 1.85701 0.52931 0.611892 2.533211 0.4652683 0.4715809 1.849154 0.5513451 0.6757452 2.539401 0.1368248 0.06465972 2.1935 0.1413868 -0.0180707 2.197227 0.06997585 -0.07790581 2.168802 0.2160331 -0.08937119 2.229601 0.1334639 -0.4882453 2.219086 0.1643575 -0.4905227 2.406157 0.08182254 -0.8614267 2.283851 0.2061393 -0.8624559 2.549842 0.1000871 -0.9275409 2.327952 0.2565218 -0.908051 2.623552
