0.06740131 0.6119801 2.272021 0.06295806 0.4438532 2.302184 0.02482637 0.3018257 2.209785 0.1538014 0.4710782 2.405841 0.2089833 0.1652877 2.080912 0.2840193 0.3328516 2.569175 0.4005123 0.2720085 2.076077 0.4648237 0.4128329 2.569413 0.4430649 0.3232 2.075974 0.4974343 0.4630139 2.540263 0.123125 0.06250083 2.346551 0.1504165 -0.0115875 2.347136 0.1183183 -0.07067693 2.338958 0.2013207 -0.04523114 2.361651 0.04755995 -0.5174849 2.364734 0.171527 -0.5405936 2.614602 -0.03403449 -0.890474 2.409952 0.129675 -0.8518273 2.647972 0.02499639 -0.9520277 2.392904 0.1492873 -0.9216144 2.633623
0.06743019 0.6120476 2.272119 0.06280535 0.4438675 2.302504 0.0249327 0.3022116 2.209591 0.1536487 0.4710925 2.40616 0.2088969 0.1654218 2.081149 0.2818762 0.3304903 2.569102 0.4090777 0.2600033 2.07466 0.4677913 0.4148724 2.567006 0.4630765 0.298851 2.072176 0.5004015 0.4650528 2.537857 0.1210237 0.06164881 2.345749 0.1473004 -0.01296698 2.345833 0.1147891 -0.07137983 2.337672 0.1967878 -0.04761069 2.359409 0.04755982 -0.5175312 2.364639 0.1719966 -0.5392576 2.614648 -0.03403692 -0.8905292 2.409979 0.1302213 -0.8512233 2.647616 0.0250069 -0.9520628 2.392922 0.1772785 -0.9008645 2.666451
0.06746295 0.6120169 2.272202 0.06273235 0.4436356 2.302061 0.02480871 0.3027837 2.209549 0.1535757 0.4708607 2.405717 0.2098827 0.1630741 2.081502 0.2809127 0.3289875 2.568311 0.416542 0.2252535 2.06999 0.4810627 0.4122939 2.564028 0.4695343 0.2655129 2.068551 0.5136726 0.4624737 2.534879 0.1190818 0.06087425 2.344369 0.1448184 -0.01389618 2.344343 0.1117049 -0.07178004 2.336354 0.1941201 -0.04880279 2.357651 0.04761731 -0.5176827 2.364758 0.1726588 -0.5443525 2.616187 -0.03413195 -0.8904524 2.40989 0.1307287 -0.8508172 2.646843 0.02514099 -0.9521894 2.393139 0.139521 -0.9174809 2.608528
0.06647849 0.6119143 2.272904 0.06244638 0.443732 2.301985 0.02481741 0.3028394 2.209545 0.1532897 0.470957 2.405641 0.2109923 0.1600602 2.081918 0.2811265 0.3272322 2.566483 0.4225443 0.2055295 2.070131 0.4749663 0.3273795 2.594432 0.4790698 0.2405554 2.067126 0.5075758 0.3775587 2.565284 0.1179038 0.06049339 2.343829 0.1435105 -0.01442076 2.34377 0.11036 -0.07206532 2.336014 0.1926665 -0.04960307 2.35678 0.0476702 -0.5178169 2.3646 0.1696313 -0.5503568 2.612091 -0.03385715 -0.8906766 2.410331 0.1305575 -0.8540332 2.645939 0.02522657 -0.9522671 2.393294 0.142559 -0.9199328 2.613535
0.06592983 0.6119326 2.273791 0.06210057 0.4438014 2.302034 0.02476327 0.3030997 2.209492 0.1529439 0.4710264 2.40569 0.212133 0.1574162 2.081724 0.2813833 0.3260581 2.565151 0.429625 0.1900971 2.069347 0.4737118 0.317463 2.598883 0.5040405 0.2203544 2.06741 0.5063211 0.3676418 2.569735 0.1167146 0.06007725 2.343274 0.1421945 -0.01496744 2.343119 0.1090802 -0.07227081 2.335578 0.1911207 -0.05041287 2.355745 0.04773117 -0.5178257 2.364582 0.1714193 -0.5481923 2.612954 -0.03387671 -0.8906939 2.410364 0.1314287 -0.8521005 2.644985 0.02343073 -0.9516149 2.393236 0.1441308 -0.920468 2.613862
0.06522462 0.6118864 2.274081 0.06173473 0.443872 2.302047 0.02452383 0.3032335 2.209226 0.152578 0.471097 2.405703 0.2103371 0.1555034 2.081268 0.2962849 0.3317645 2.558145 0.4339605 0.1737151 2.067955 0.4834248 0.3100008 2.606357 0.5093542 0.2063364 2.066566 0.5160339 0.3601794 2.577208 0.1160863 0.05985448 2.343038 0.1415751 -0.01523465 2.342883 0.1083154 -0.07246034 2.335523 0.1906021 -0.05080125 2.355319 0.04775823 -0.5178458 2.364487 0.1714837 -0.5480407 2.612904 -0.03388703 -0.8907296 2.410452 0.1324984 -0.8522789 2.643874 0.02426462 -0.9520751 2.393573 0.1469846 -0.9201006 2.615331
0.06486804 0.6118814 2.27429 0.06141123 0.4440079 2.302187 0.02435505 0.3032675 2.209219 0.1522545 0.4712329 2.405842 0.20935 0.1548385 2.081234 0.2960211 0.3313797 2.557827 0.4352953 0.1688446 2.067647 0.4821374 0.3074587 2.608305 0.5103354 0.1996658 2.065123 0.5624017 0.347193 2.59884 0.1079371 0.05899182 2.341213 0.1308865 -0.01677971 2.340502 0.09431741 -0.07362214 2.333087 0.1796191 -0.0536295 2.352226 0.04849996 -0.5180305 2.365584 0.170804 -0.5491821 2.612805 -0.03377925 -0.890827 2.410664 0.1325151 -0.8535891 2.643339 0.02436461 -0.9520862 2.393631 0.1581793 -0.9195886 2.637166
0.06475883 0.6118606 2.274393 0.06125987 0.4440219 2.302139 0.02400911 0.3035406 2.209073 0.1521032 0.4712468 2.405794 0.2084858 0.1540688 2.081017 0.296451 0.3317483 2.557586 0.4354886 0.1672969 2.067225 0.4823063 0.3072651 2.60861 0.5104778 0.2004791 2.064901 0.5613288 0.3492486 2.598419 0.1080518 0.05894993 2.34115 0.1312709 -0.0168069 2.340418 0.09523347 -0.07348532 2.333055 0.1801694 -0.05372081 2.352128 0.04897036 -0.5180609 2.366119 0.1704862 -0.5490034 2.611985 -0.03375628 -0.8909389 2.410727 0.1326863 -0.8533236 2.643305 0.02506796 -0.9524311 2.393921 0.1562356 -0.9194163 2.629816
0.06454727 0.6117862 2.274394 0.06098314 0.4441302 2.302054 0.02395406 0.3036623 2.208746 0.1518265 0.4713551 2.40571 0.2104869 0.1524528 2.080401 0.2981856 0.3327722 2.55657 0.4364431 0.171296 2.067412 0.4840433 0.311169 2.608612 0.5006494 0.2093603 2.065875 0.5500667 0.3704646 2.593247 0.1034995 0.05661486 2.340689 0.1260176 -0.01999608 2.340209 0.08838734 -0.07700741 2.332916 0.1756417 -0.05665407 2.352087 0.04907302 -0.517824 2.365619 0.170838 -0.5476474 2.610877 -0.03435392 -0.8898815 2.410727 0.1331394 -0.8518833 2.642704 0.02535817 -0.9520001 2.394036 0.1381342 -0.9221355 2.61113
0.06459635 0.611892 2.274524 0.0612907 0.4439799 2.302041 0.0241827 0.3040519 2.208392 0.152134 0.4712048 2.405697 0.2107342 0.1523193 2.080199 0.3019658 0.3371633 2.557148 0.4335619 0.1793155 2.067401 0.4909358 0.3345702 2.603526 0.4887262 0.2237549 2.065097 0.5168468 0.3918913 2.581752 0.1053215 0.05681583 2.34032 0.1287573 -0.01935427 2.339713 0.09315049 -0.07555909 2.331882 0.1779453 -0.05616023 2.351899 0.04924694 -0.5176137 2.365596 0.2195383 -0.5546826 2.608927 -0.03424009 -0.8889207 2.410165 0.1334231 -0.8486193 2.642171 0.02579691 -0.9517255 2.394668 0.1381605 -0.9214411 2.610762
0.06488369 0.6119918 2.274485 0.06168067 0.4440143 2.302293 0.02445194 0.3021181 2.209101 0.152524 0.4712393 2.405949 0.2100197 0.1536844 2.08022 0.3054866 0.3402916 2.557036 0.428201 0.2056042 2.067646 0.4887743 0.4068887 2.578995 0.4802665 0.2469411 2.064241 0.5105252 0.4662166 2.55806 0.1070286 0.05769933 2.34047 0.131006 -0.01797916 2.339819 0.09567743 -0.07497536 2.331375 0.1805325 -0.0550592 2.35276 0.04903718 -0.5173986 2.364997 0.1698496 -0.5393394 2.610239 -0.03423635 -0.8889062 2.410166 0.1332948 -0.8472732 2.641915 0.02573644 -0.9518468 2.394405 0.1501133 -0.9195487 2.620861
0.06502677 0.6120183 2.274475 0.06181778 0.4440505 2.302277 0.02447362 0.3022099 2.209024 0.1526611 0.4712754 2.405933 0.2109354 0.1555309 2.079524 0.3110813 0.3483788 2.557988 0.4243991 0.2375835 2.070135 0.4934642 0.4177358 2.579305 0.4675648 0.2881774 2.067287 0.5111687 0.4789149 2.559945 0.1080801 0.05785321 2.340297 0.1323294 -0.0177372 2.339626 0.09708682 -0.07495604 2.331355 0.1821662 -0.05457351 2.352401 0.048792 -0.5173765 2.364602 0.1699544 -0.5394765 2.610303 -0.03423836 -0.8889152 2.410199 0.1333017 -0.8471915 2.641905 0.02570924 -0.9518701 2.39448 0.1484528 -0.9182516 2.617651
0.06687071 0.6127164 2.274573 0.06207597 0.4443334 2.301926 0.02482584 0.3029385 2.208693 0.1529193 0.4715584 2.405582 0.2050078 0.1631716 2.079137 0.318083 0.3587769 2.558202 0.4143605 0.2484268 2.070522 0.4989334 0.4338296 2.57542 0.4602942 0.2965565 2.068348 0.5170978 0.4951519 2.556961 0.1189205 0.06008073 2.342471 0.1471713 -0.01444977 2.343063 0.1147207 -0.07246129 2.34065 0.2008428 -0.04893231 2.352386 0.04881715 -0.5173138 2.364385 0.1705227 -0.5389975 2.610152 -0.03384647 -0.8889973 2.409758 0.1333589 -0.8468902 2.641673 0.02579926 -0.9519628 2.394526 0.1748998 -0.8985616 2.666925
0.06741031 0.6128099 2.274385 0.06244242 0.4447047 2.301668 0.02485225 0.3029536 2.208655 0.1532857 0.4719296 2.405324 0.2058018 0.1650385 2.07851 0.3234705 0.3655695 2.557166 0.4018075 0.2627763 2.071812 0.5016127 0.4475555 2.572397 0.4459886 0.3138052 2.070449 0.5200236 0.5089087 2.554293 0.1218151 0.0620684 2.342343 0.1498177 -0.01227612 2.342814 0.1171378 -0.07140516 2.339164 0.2030709 -0.04632218 2.353286 0.04942362 -0.5172325 2.365255 0.1699512 -0.5436499 2.609867 -0.03379952 -0.8890908 2.409817 0.1332365 -0.847965 2.641889 0.02581148 -0.9519669 2.394513 0.1685716 -0.9087193 2.651561
0.06782048 0.6130133 2.274397 0.06289701 0.445172 2.301389 0.02559686 0.3036253 2.208152 0.1537403 0.4723969 2.405045 0.2056987 0.1680349 2.077905 0.3261012 0.368739 2.556384 0.3960478 0.2695211 2.073358 0.4997718 0.4611884 2.566764 0.4399145 0.3213631 2.073468 0.4824085 0.5250127 2.574233 0.1201202 0.060961 2.342041 0.1464043 -0.01457734 2.342398 0.1087808 -0.07867424 2.310016 0.1880755 -0.063771 2.382345 0.0493725 -0.5172377 2.364909 0.169849 -0.5439444 2.609719 -0.03387994 -0.8892013 2.40985 0.1330685 -0.8482639 2.641671 0.0258193 -0.9518546 2.394198 0.1407914 -0.9188487 2.613344
0.06818776 0.6131883 2.274488 0.06335222 0.44531 2.301201 0.02613353 0.3029563 2.208088 0.1541955 0.472535 2.404857 0.2049477 0.1707951 2.077664 0.3254308 0.3676322 2.556553 0.3903174 0.2725489 2.073764 0.4958984 0.4668517 2.562335 0.43481 0.3281613 2.075708 0.552721 0.4999249 2.568662 0.1184693 0.05956502 2.342062 0.1437564 -0.01667939 2.342498 0.1079008 -0.07978216 2.308672 0.1872834 -0.06479248 2.383681 0.04930717 -0.5174125 2.364834 0.170874 -0.5440364 2.611141 -0.03384127 -0.8891852 2.40984 0.1295857 -0.8567282 2.647387 0.02635464 -0.952021 2.393916 0.1431808 -0.9208856 2.619728
0.06833532 0.6132575 2.274438 0.06388513 0.4456073 2.300883 0.02638024 0.303991 2.207313 0.1547284 0.4728323 2.404539 0.2042212 0.1719993 2.077782 0.3257118 0.3673432 2.556128 0.3902493 0.2734938 2.073878 0.4981809 0.4356793 2.612557 0.4342789 0.3288009 2.075746 0.5556706 0.4584581 2.635767 0.1172223 0.0582933 2.342312 0.1419601 -0.01849413 2.342969 0.1068646 -0.08042924 2.30809 0.1868838 -0.0657059 2.385084 0.04918433 -0.5175815 2.364815 0.1707079 -0.5464716 2.610055 -0.03394988 -0.8891144 2.409674 0.1308464 -0.8527895 2.64626 0.0263656 -0.9520106 2.393883 0.1411753 -0.9194871 2.615728
0.0686819 0.6132905 2.274241 0.06414016 0.4456527 2.300604 0.02655482 0.3044935 2.206795 0.1549834 0.4728777 2.40426 0.2045369 0.1723689 2.07797 0.3245878 0.3657469 2.556187 0.3913793 0.2736287 2.074155 0.4992641 0.428614 2.612264 0.4353133 0.3277721 2.076019 0.5574895 0.4495697 2.635356 0.1202098 0.06017599 2.341742 0.1464493 -0.01512887 2.342113 0.1175593 -0.07201057 2.324031 0.2026244 -0.04562225 2.358559 0.0492787 -0.5175092 2.364712 0.1711336 -0.546864 2.611428 -0.0342263 -0.8882093 2.409468 0.1309919 -0.8524157 2.646227 0.02658578 -0.9515406 2.394101 0.1403794 -0.9201015 2.615076
0.06872724 0.6131712 2.274157 0.06436621 0.4456204 2.300324 0.02679773 0.3050679 2.206027 0.1552095 0.4728453 2.40398 0.205796 0.1714481 2.07826 0.3246891 0.3634099 2.554617 0.4084547 0.2649233 2.073357 0.5060858 0.430118 2.585101 0.455381 0.3120524 2.070676 0.5665513 0.4523541 2.599663 0.1192686 0.06041083 2.340904 0.1449402 -0.01476426 2.340995 0.1139668 -0.07116383 2.325634 0.196692 -0.04737269 2.354653 0.04925986 -0.5175887 2.364702 0.1711298 -0.5468382 2.611435 -0.0340875 -0.8884743 2.409678 0.1312891 -0.8515087 2.645469 0.02677189 -0.9517983 2.393786 0.1420079 -0.9204618 2.615531
0.06870461 0.6129841 2.274021 0.06428766 0.4456722 2.300344 0.02674394 0.3051812 2.205856 0.1551309 0.4728972 2.404 0.2078996 0.168377 2.078704 0.3185239 0.3499277 2.551436 0.4191415 0.2440344 2.071137 0.5034411 0.3781693 2.603586 0.4682974 0.2888405 2.068598 0.5650802 0.3875831 2.62537 0.1177397 0.0608705 2.340039 0.142957 -0.01419452 2.339798 0.111265 -0.07036146 2.326221 0.1928786 -0.04810703 2.352466 0.04931169 -0.5176264 2.364753 0.1710981 -0.5468137 2.611453 -0.03402388 -0.8887342 2.409979 0.1314188 -0.8512894 2.645024 0.02688609 -0.9518853 2.393908 0.1709478 -0.9226266 2.663011
0.06860562 0.6129198 2.274077 0.06408444 0.4450982 2.300075 0.02647513 0.3053102 2.205513 0.1549277 0.4723231 2.403732 0.2130539 0.1607357 2.07834 0.319068 0.3469054 2.548689 0.4198398 0.1967895 2.069186 0.5039509 0.3490465 2.606735 0.4758564 0.2456178 2.06766 0.5655785 0.3497601 2.630485 0.1103693 0.05921932 2.338073 0.1332612 -0.01628996 2.337519 0.09666068 -0.07353156 2.325775 0.1821566 -0.05084728 2.350741 0.04938784 -0.5178708 2.364498 0.1711896 -0.5467003 2.611622 -0.03396858 -0.8888917 2.409731 0.1308227 -0.8504781 2.644003 0.02701264 -0.9520867 2.394053 0.1600119 -0.9217356 2.641535
0.06749746 0.6126577 2.274417 0.06353427 0.4448505 2.299694 0.02672854 0.3053013 2.20518 0.1543775 0.4720755 2.403351 0.2147944 0.1576637 2.078282 0.31775 0.3428786 2.546213 0.4277444 0.1912759 2.069674 0.4961221 0.3123319 2.613712 0.4856103 0.2298221 2.070193 0.5555795 0.3021497 2.640612 0.1040403 0.05686342 2.337519 0.1261366 -0.01938241 2.337318 0.09050311 -0.07524309 2.327029 0.1727206 -0.05567189 2.350415 0.0494947 -0.518427 2.364696 0.1713443 -0.5498893 2.615796 -0.03332381 -0.8898551 2.410712 0.1314134 -0.8546836 2.64293 0.02714223 -0.9521883 2.394024 0.155647 -0.9240556 2.629293
0.06674863 0.6126074 2.274493 0.06300177 0.4448838 2.299754 0.02564387 0.3012292 2.206541 0.1538451 0.4721087 2.40341 0.2157859 0.1542391 2.07812 0.312412 0.3386948 2.547569 0.4330488 0.1850748 2.070477 0.4932096 0.3103821 2.610346 0.5036643 0.2169492 2.071489 0.5534755 0.3009445 2.635672 0.1021816 0.05659853 2.337823 0.1243155 -0.019743 2.337593 0.08723161 -0.07678724 2.328322 0.1719142 -0.05628417 2.350512 0.04949397 -0.5186818 2.364528 0.1714921 -0.5499203 2.61573 -0.03309006 -0.890205 2.411139 0.1311173 -0.8547086 2.642557 0.02712913 -0.9521574 2.393912 0.1555165 -0.9231136 2.627409
0.066641 0.6125342 2.274563 0.06275141 0.4446541 2.299404 0.02581393 0.3015513 2.206249 0.1535947 0.4718791 2.40306 0.2174781 0.1518544 2.078337 0.3066481 0.3353648 2.549789 0.4345091 0.1839585 2.071074 0.4905847 0.3115386 2.606312 0.5054203 0.2157473 2.071845 0.5518969 0.3035966 2.629554 0.1034248 0.05635463 2.337595 0.1265579 -0.01991711 2.33736 0.09152815 -0.07616357 2.328558 0.1742619 -0.05667714 2.350233 0.05088501 -0.519138 2.366673 0.171656 -0.5495192 2.615825 -0.03292279 -0.8904515 2.411031 0.1315715 -0.8543343 2.642713 0.02726781 -0.9522163 2.393872 0.1765938 -0.8967707 2.677429
0.06640834 0.6121367 2.274183 0.06279251 0.4443159 2.299183 0.02620207 0.302188 2.205467 0.1536358 0.4715409 2.40284 0.2185361 0.1508056 2.078819 0.3085943 0.3363613 2.548917 0.434215 0.1846027 2.071762 0.4903138 0.3095298 2.61001 0.5007851 0.2173587 2.073517 0.550887 0.300586 2.634774 0.1045226 0.05637334 2.337746 0.1281724 -0.01968458 2.337704 0.09398817 -0.07528983 2.329501 0.175863 -0.05653128 2.350497 0.05103723 -0.5189545 2.365925 0.171387 -0.546024 2.613733 -0.03296667 -0.8894199 2.409572 0.1326841 -0.8509279 2.642376 0.02765602 -0.9521332 2.39462 0.1604558 -0.9160084 2.630487
0.06656645 0.6122375 2.274266 0.06275997 0.4443404 2.299303 0.02664756 0.3026954 2.205065 0.1536032 0.4715654 2.402959 0.2185711 0.1506933 2.078983 0.3107936 0.3384718 2.548636 0.4214835 0.1856965 2.071797 0.4922299 0.314563 2.611399 0.48942 0.2271977 2.073934 0.5527086 0.3065934 2.636721 0.1057687 0.05659116 2.338216 0.1299051 -0.01934254 2.338283 0.0963939 -0.07464847 2.330055 0.1775504 -0.05624926 2.351295 0.05149215 -0.5175894 2.364702 0.1714333 -0.5443069 2.612553 -0.03315975 -0.8887923 2.409291 0.1325486 -0.8501645 2.641205 0.02782593 -0.9518707 2.395042 0.1606826 -0.9162518 2.631243
0.06657411 0.6122717 2.274284 0.06285141 0.4445404 2.299502 0.02644171 0.3007154 2.205899 0.1536947 0.4717654 2.403158 0.2186609 0.1508178 2.079036 0.3122211 0.3415429 2.549807 0.4195009 0.2031378 2.073448 0.4966337 0.3434506 2.60906 0.4768465 0.2413802 2.074474 0.5371042 0.4205791 2.586197 0.1073827 0.05712279 2.338875 0.131822 -0.01871916 2.338949 0.09780777 -0.07499465 2.330703 0.1808688 -0.05583277 2.352265 0.05144231 -0.5176799 2.364397 0.1713231 -0.5449251 2.612759 -0.03321739 -0.8888533 2.409157 0.128597 -0.8582678 2.648863 0.02801036 -0.9519303 2.394732 0.1769112 -0.9021109 2.677769
0.06666664 0.6123481 2.274448 0.06294442 0.4446469 2.299407 0.02654935 0.3021648 2.205075 0.1537877 0.4718718 2.403063 0.2181899 0.1525433 2.079186 0.3167452 0.3489763 2.550952 0.4189841 0.2277317 2.076064 0.4970653 0.4240533 2.571057 0.4684958 0.2722083 2.075231 0.5424874 0.4982028 2.547646 0.1038982 0.05708036 2.338641 0.1263933 -0.01911576 2.338836 0.08978872 -0.07511786 2.330884 0.1745405 -0.05655799 2.352015 0.05140747 -0.5177015 2.364308 0.1708921 -0.5456063 2.612604 -0.03317032 -0.88857 2.409108 0.1300996 -0.8567691 2.648222 0.0283537 -0.9517215 2.395262 0.1441848 -0.9247499 2.633621
0.06664278 0.612472 2.274528 0.06296562 0.444797 2.299418 0.0264366 0.303049 2.204845 0.1538089 0.4720219 2.403074 0.2156607 0.157386 2.079109 0.3201765 0.3543207 2.551325 0.419376 0.2519929 2.078013 0.4982664 0.4165669 2.598706 0.4705199 0.2944018 2.074013 0.5436884 0.490716 2.575296 0.1169941 0.06250661 2.343354 0.1457388 -0.01091445 2.345351 0.116308 -0.0680282 2.338804 0.1967117 -0.04457564 2.360189 0.05107985 -0.5178208 2.363762 0.1717323 -0.5399097 2.611565 -0.03284099 -0.889327 2.409643 0.1312233 -0.8528994 2.645396 0.02827821 -0.9518245 2.395128 0.139496 -0.9199612 2.618178
0.06675644 0.6125533 2.274556 0.0631026 0.444952 2.299326 0.0265299 0.3033055 2.204915 0.1539459 0.4721769 2.402982 0.2104287 0.164086 2.07889 0.3204116 0.3564845 2.55248 0.4086219 0.2624736 2.078213 0.4985554 0.4153802 2.602971 0.4452982 0.317989 2.079972 0.5439773 0.4895291 2.57956 0.1201741 0.06345458 2.34463 0.1483597 -0.01022199 2.346499 0.1180533 -0.068002 2.339584 0.198989 -0.04378517 2.361373 0.05091014 -0.5177974 2.363511 0.1717159 -0.5397822 2.611525 -0.032758 -0.8894656 2.409539 0.1312951 -0.8522905 2.645036 0.02825697 -0.9518997 2.395064 0.1562119 -0.9188671 2.631995
0.06688033 0.6126381 2.274601 0.06314704 0.4451177 2.29932 0.02644464 0.3019809 2.206018 0.1539903 0.4723426 2.402976 0.2105782 0.1651058 2.078635 0.32349 0.3601787 2.551858 0.4017703 0.2719386 2.080134 0.4994069 0.4216239 2.606023 0.4381319 0.3276826 2.080944 0.5448288 0.4957728 2.582613 0.1218573 0.06415559 2.345543 0.1498451 -0.009643618 2.34733 0.1190555 -0.06819789 2.340218 0.2007004 -0.04341727 2.362356 0.0506 -0.5177156 2.363102 0.1707029 -0.5399404 2.609648 -0.03267289 -0.8896837 2.409599 0.1322799 -0.8509021 2.644093 0.02826938 -0.9519727 2.395022 0.1867425 -0.8973158 2.671992
0.06709258 0.612739 2.274622 0.06353279 0.4455214 2.299182 0.02709621 0.3029903 2.205838 0.1543761 0.4727463 2.402838 0.2101825 0.1668447 2.078683 0.380831 0.4130576 2.507384 0.3938118 0.2779828 2.079981 0.3977383 0.3452803 2.679603 0.4302761 0.3351087 2.081691 0.403374 0.3226879 2.74141 0.1231192 0.06492463 2.346111 0.1509101 -0.008972459 2.34792 0.119924 -0.06773432 2.34064 0.2015093 -0.04267896 2.36306 0.0505641 -0.5176765 2.362981 0.1707022 -0.5400412 2.609584 -0.03268227 -0.8898282 2.409627 0.1325952 -0.8505755 2.644053 0.02818481 -0.9519944 2.394985 0.1558666 -0.9253075 2.639123
0.06719953 0.6127802 2.274626 0.06373928 0.4457959 2.299326 0.02731718 0.3032021 2.205864 0.1545826 0.4730207 2.402982 0.2090891 0.168834 2.078511 0.3809358 0.413095 2.507595 0.3903973 0.2828762 2.079971 0.392199 0.3439505 2.679738 0.4232101 0.3417116 2.080852 0.3959533 0.3209023 2.74152 0.1239256 0.06505997 2.346383 0.1516195 -0.008917738 2.348123 0.1204491 -0.06787765 2.340913 0.2022105 -0.04253309 2.36309 0.050504 -0.5178578 2.362912 0.1712626 -0.5410375 2.611858 -0.03242605 -0.8899288 2.408745 0.1326992 -0.8504075 2.643994 0.0282281 -0.9521018 2.394991 0.1929149 -0.897022 2.702423
0.06738397 0.6128958 2.274714 0.06376945 0.446447 2.299361 0.02736983 0.3018306 2.207264 0.1546127 0.4736719 2.403017 0.2086695 0.1699231 2.07884 0.3798396 0.4109383 2.508257 0.3889844 0.2844229 2.079946 0.391663 0.3478772 2.682523 0.4220238 0.3430939 2.081076 0.3956041 0.3268569 2.745012 0.1217859 0.06415407 2.345722 0.1479488 -0.01088957 2.34692 0.1145439 -0.07074586 2.339397 0.1978047 -0.04666809 2.361238 0.05042609 -0.5180639 2.36289 0.1714837 -0.5458176 2.614102 -0.03244206 -0.8899326 2.408683 0.1325808 -0.8503359 2.643972 0.02822984 -0.9521613 2.394998 0.1434004 -0.9169074 2.621483
0.06750262 0.6130408 2.27479 0.06373198 0.4465401 2.29949 0.02695897 0.3006002 2.207695 0.1545753 0.473765 2.403147 0.2083974 0.170095 2.079167 0.3356466 0.3702387 2.545641 0.3888583 0.2847636 2.080089 0.4926981 0.4302652 2.637286 0.4215639 0.3427227 2.081239 0.5450486 0.450274 2.672235 0.1226589 0.06454924 2.345881 0.1492741 -0.01022654 2.347011 0.1161937 -0.07059871 2.339476 0.199925 -0.04564877 2.36142 0.05046093 -0.5180721 2.362879 0.1717474 -0.5466608 2.614711 -0.03219314 -0.889666 2.40884 0.1324791 -0.8511379 2.644058 0.02836938 -0.9518021 2.395329 0.1666534 -0.9132839 2.642322
0.06758645 0.6134177 2.275033 0.06346104 0.4470707 2.300426 0.02674597 0.2994563 2.207954 0.1543043 0.4742956 2.404083 0.2090034 0.1698284 2.079601 0.329078 0.363801 2.548794 0.3899209 0.2839375 2.080901 0.498099 0.4269922 2.617452 0.4259969 0.3398547 2.082324 0.5544394 0.4480559 2.644739 0.1233934 0.06486729 2.346114 0.1503431 -0.009770205 2.347136 0.1173483 -0.07066412 2.33966 0.2017444 -0.0449072 2.361376 0.05046313 -0.5182859 2.362917 0.1718163 -0.5466006 2.614078 -0.03234477 -0.8899261 2.408862 0.1325241 -0.850968 2.644005 0.02828551 -0.9518521 2.394929 0.1726646 -0.9150169 2.646348
0.06734703 0.6136082 2.275088 0.06257942 0.4478137 2.301439 0.02656043 0.299274 2.208108 0.1534227 0.4750386 2.405096 0.2110084 0.1677653 2.080567 0.3204849 0.3546848 2.550865 0.4008613 0.2813461 2.083396 0.5020874 0.4063442 2.597791 0.4417311 0.3337921 2.080344 0.5712482 0.4629952 2.586984 0.123753 0.06514419 2.346294 0.1509604 -0.009376229 2.347274 0.1183639 -0.07038991 2.33982 0.2024264 -0.0444152 2.361441 0.05045593 -0.5183109 2.362905 0.1717936 -0.5457982 2.613165 -0.03243867 -0.8902616 2.409076 0.1328111 -0.850107 2.643621 0.02825524 -0.9518991 2.394928 0.1668114 -0.9155332 2.636065
0.066756 0.6141114 2.276186 0.06147898 0.4491788 2.302657 0.02663729 0.3004351 2.207721 0.1523223 0.4764037 2.406314 0.2142402 0.1644709 2.08172 0.3192981 0.3495098 2.547392 0.4202868 0.2627565 2.082579 0.5018842 0.4231074 2.556749 0.4751948 0.2999703 2.077058 0.5583161 0.4583202 2.554357 0.1239371 0.06548067 2.346633 0.15132 -0.009040639 2.347609 0.1191578 -0.06971675 2.340895 0.2027428 -0.04388483 2.361359 0.05050325 -0.5181608 2.362807 0.1716455 -0.5474125 2.614436 -0.03279016 -0.8894408 2.408475 0.1327865 -0.8517717 2.6447 0.02838529 -0.9516894 2.39514 0.1595094 -0.9194937 2.630775
0.06542734 0.6150617 2.277807 0.0598648 0.4511138 2.304736 0.02515876 0.3025934 2.206996 0.1507081 0.4783387 2.408392 0.215808 0.1614485 2.082805 0.3166537 0.3450556 2.545472 0.4288926 0.2088146 2.078535 0.5020121 0.3325941 2.601192 0.4779747 0.2536861 2.075743 0.5691051 0.390225 2.584261 0.1237359 0.06611432 2.347221 0.1512865 -0.008512706 2.348037 0.1190939 -0.06915192 2.34148 0.2027789 -0.04323489 2.361511 0.05024063 -0.5184004 2.362755 0.172118 -0.5493348 2.616423 -0.03288729 -0.8896645 2.40845 0.132635 -0.854016 2.644456 0.02828961 -0.9517965 2.395089 0.1589198 -0.9196776 2.630704
0.06501566 0.6152362 2.278406 0.05775625 0.4530134 2.308696 0.02381862 0.3043174 2.206122 0.1485995 0.4802383 2.412352 0.2199652 0.1550853 2.0829 0.3121703 0.3414615 2.547232 0.4326218 0.1968932 2.077664 0.4961807 0.3162363 2.603073 0.5070447 0.2273449 2.077567 0.5755635 0.3560553 2.58816 0.1232468 0.06654872 2.347895 0.1510626 -0.008156116 2.348426 0.1188614 -0.06847388 2.342089 0.202623 -0.04303648 2.361526 0.05011941 -0.5185054 2.362883 0.1719117 -0.5508319 2.616354 -0.03278177 -0.8902963 2.408721 0.1325257 -0.8554637 2.64473 0.02841732 -0.9521608 2.395236 0.1830363 -0.8931664 2.677289
0.0625729 0.6156771 2.280153 0.05689225 0.4535433 2.309411 0.02363668 0.3045726 2.206064 0.1477356 0.4807682 2.413067 0.2194027 0.1523901 2.08276 0.3023722 0.3352224 2.550777 0.438131 0.177962 2.075594 0.4882555 0.3077581 2.600473 0.5110388 0.2215796 2.075568 0.5652843 0.3518588 2.585258 0.1231131 0.06667135 2.348568 0.1510843 -0.008084695 2.349052 0.1189876 -0.06825387 2.343355 0.2026384 -0.0429919 2.361624 0.05021468 -0.5182549 2.362634 0.1721627 -0.5470462 2.616604 -0.03274667 -0.8900783 2.408962 0.1335809 -0.851948 2.644028 0.0285014 -0.9520232 2.395309 0.1585864 -0.9184126 2.634301
0.06101311 0.6160626 2.281287 0.05549832 0.454609 2.310749 0.02362847 0.3047683 2.206104 0.1463416 0.481834 2.414406 0.2192957 0.1504553 2.082711 0.2953643 0.3321607 2.553595 0.4370995 0.1697986 2.074115 0.4829099 0.30474 2.598166 0.5163628 0.2125355 2.073134 0.5599573 0.348891 2.583184 0.1230511 0.06692502 2.350002 0.1513301 -0.007933742 2.350545 0.119621 -0.06789218 2.345961 0.2027681 -0.04285872 2.36212 0.0501611 -0.5183024 2.362655 0.1722786 -0.5473164 2.616982 -0.03275283 -0.8903679 2.408893 0.132555 -0.8523381 2.642854 0.02835635 -0.9521412 2.395088 0.1910344 -0.8971236 2.671283
0.06038136 0.6161794 2.281951 0.05503336 0.4554555 2.311911 0.02367094 0.304946 2.206078 0.1458766 0.4826805 2.415567 0.2182382 0.1488048 2.082377 0.2944763 0.3323367 2.554528 0.4380631 0.1669466 2.072428 0.4824148 0.3047594 2.597732 0.5168144 0.2106217 2.071396 0.5593364 0.3491807 2.582894 0.1229807 0.06716984 2.351198 0.151399 -0.007808447 2.351705 0.1198328 -0.06758937 2.34814 0.2027905 -0.04285707 2.362356 0.05002224 -0.5185019 2.362704 0.1721542 -0.5447018 2.614321 -0.03229645 -0.8912908 2.409309 0.1329147 -0.8494049 2.642387 0.02821786 -0.9521188 2.39481 0.1795153 -0.9053625 2.65483
0.06002034 0.6166399 2.282568 0.05568294 0.4563089 2.314301 0.02374322 0.3052802 2.206185 0.1465262 0.4835339 2.417958 0.2174231 0.147955 2.082263 0.2949375 0.3319051 2.555908 0.4371694 0.1665203 2.071786 0.4851793 0.3145894 2.595348 0.5158251 0.2103652 2.070575 0.5543414 0.3708394 2.582577 0.1232315 0.06746744 2.352854 0.1516428 -0.00762447 2.35317 0.1199182 -0.06751613 2.349457 0.2030682 -0.04272778 2.363325 0.04984698 -0.5186045 2.362771 0.1731994 -0.5419542 2.614985 -0.03252948 -0.8915624 2.409722 0.1331491 -0.8476496 2.642082 0.02810797 -0.9521879 2.394815 0.1527685 -0.9218499 2.624711
0.06060642 0.6172332 2.283091 0.05501369 0.4575122 2.313869 0.02287961 0.3043157 2.207176 0.145857 0.4847372 2.417526 0.2164725 0.1475086 2.082257 0.2702325 0.3294863 2.571324 0.4355485 0.1716883 2.071364 0.5015349 0.3979516 2.559458 0.5127814 0.2179448 2.068964 0.5655888 0.4053797 2.575973 0.1231169 0.06931931 2.354104 0.1516677 -0.005596298 2.354802 0.1199461 -0.06679855 2.350524 0.2035489 -0.04060077 2.365526 0.04969832 -0.5185667 2.362792 0.1724917 -0.5422307 2.613592 -0.03260527 -0.8916096 2.409926 0.1330328 -0.8477171 2.642186 0.0278086 -0.9522371 2.394647 0.1779768 -0.8952635 2.677342
0.06048197 0.6174904 2.283332 0.05573931 0.4585448 2.314576 0.02262215 0.3054669 2.206867 0.1465826 0.4857697 2.418233 0.2145319 0.1477759 2.081812 0.270916 0.3298835 2.571508 0.4094993 0.1830854 2.066719 0.4746796 0.4032654 2.562569 0.4671994 0.2361692 2.064832 0.511198 0.4585293 2.556011 0.1235108 0.07042145 2.355449 0.1520033 -0.004580085 2.356192 0.1196761 -0.06577247 2.354184 0.2041484 -0.03991748 2.36576 0.0492166 -0.5182215 2.362559 0.1725598 -0.5433677 2.61479 -0.03254723 -0.8917403 2.409899 0.133106 -0.8481014 2.642511 0.02782455 -0.9522678 2.394619 0.1592822 -0.9146003 2.632712
0.05999494 0.6182376 2.283721 0.05682582 0.4594451 2.315755 0.0226037 0.3064328 2.20664 0.1476691 0.48667 2.419411 0.2113928 0.1488992 2.081729 0.2743399 0.3329499 2.57292 0.4025675 0.200909 2.065414 0.4672975 0.4077178 2.562001 0.4582697 0.2588814 2.0673 0.509174 0.458986 2.555035 0.1238829 0.07105388 2.355801 0.1522858 -0.004029884 2.3564 0.1197867 -0.06554207 2.354194 0.204559 -0.03917752 2.365893 0.04897235 -0.5181099 2.362556 0.1716019 -0.5404342 2.612747 -0.03259047 -0.8916569 2.409924 0.1328099 -0.8477113 2.642641 0.027671 -0.9523174 2.394534 0.1942311 -0.9017646 2.69053
0.06013698 0.6183494 2.284048 0.05746903 0.4598541 2.315694 0.02296518 0.3069614 2.206407 0.1483123 0.487079 2.41935 0.2097216 0.1514706 2.08132 0.2365515 0.3267025 2.589295 0.4118421 0.2464419 2.07128 0.4247818 0.3883815 2.570865 0.4640137 0.2876712 2.068302 0.4315997 0.447495 2.541037 0.123933 0.07126912 2.355816 0.1522888 -0.003863709 2.356411 0.1197401 -0.06536303 2.354147 0.204558 -0.03905677 2.365879 0.04854351 -0.5179191 2.362154 0.1716942 -0.5407376 2.613178 -0.03258968 -0.8916673 2.409937 0.1327401 -0.8476897 2.642201 0.02762224 -0.9523426 2.394455 0.1600078 -0.9249044 2.648926
0.05989272 0.6191386 2.284971 0.05812122 0.4603452 2.315545 0.02311554 0.307481 2.206347 0.1489645 0.4875701 2.419202 0.2085347 0.1542711 2.081313 0.2360059 0.3254517 2.588245 0.4078532 0.2520639 2.071581 0.4226946 0.3915898 2.569114 0.4459463 0.3066404 2.072475 0.4295124 0.4507024 2.539286 0.1240069 0.07149992 2.355709 0.1522972 -0.003687559 2.356274 0.1196714 -0.06523024 2.354094 0.2046259 -0.03887578 2.365395 0.04859899 -0.5176663 2.36219 0.1716464 -0.5404831 2.613362 -0.03286531 -0.8909618 2.410147 0.1335099 -0.8472222 2.642532 0.02805271 -0.9518478 2.394725 0.1618922 -0.9208475 2.645246
0.05990796 0.6193636 2.285078 0.05884843 0.4606614 2.315415 0.02313851 0.3070152 2.206976 0.1496917 0.4878863 2.419071 0.2076651 0.1572714 2.081625 0.2306133 0.3226984 2.588179 0.4016408 0.2583177 2.072707 0.4138632 0.3975424 2.56598 0.4402405 0.3125399 2.073317 0.420681 0.4566541 2.536153 0.1241632 0.07198557 2.355792 0.1523351 -0.003196755 2.356323 0.1195967 -0.06502537 2.354099 0.2047253 -0.03871026 2.365414 0.04843907 -0.5176371 2.362113 0.1715558 -0.5407348 2.613624 -0.03277809 -0.8910112 2.409878 0.133453 -0.8472379 2.642543 0.02803695 -0.9519626 2.394641 0.158858 -0.919965 2.636435
0.05997454 0.62019 2.285646 0.05958025 0.4610627 2.315007 0.02271691 0.3060929 2.207806 0.1504235 0.4882876 2.418663 0.2075972 0.1590611 2.081748 0.2730315 0.3318379 2.572636 0.3975233 0.2639439 2.073291 0.4506546 0.4186723 2.572577 0.4329436 0.3202966 2.073239 0.4574722 0.4777833 2.54275 0.1244156 0.07209538 2.355905 0.1524785 -0.003169671 2.356388 0.1195501 -0.06524795 2.354302 0.2054868 -0.03893695 2.365392 0.04857313 -0.517476 2.36325 0.1718492 -0.5398932 2.614412 -0.03304121 -0.890157 2.409822 0.1332411 -0.8472093 2.642418 0.02798445 -0.9516085 2.394602 0.1598904 -0.9185138 2.633099
0.06002719 0.620478 2.285513 0.06018573 0.461318 2.314794 0.02283933 0.3068207 2.207683 0.151029 0.4885429 2.418451 0.2080027 0.1597434 2.08175 0.2729322 0.3317947 2.572642 0.3936282 0.2623636 2.072943 0.4509915 0.4172488 2.575416 0.4314846 0.318711 2.07333 0.4578091 0.4763591 2.545589 0.1244956 0.07216851 2.355881 0.1525032 -0.003149316 2.356371 0.1195488 -0.06518776 2.354311 0.2055118 -0.03897169 2.365285 0.04828466 -0.5175639 2.363025 0.1714239 -0.5402496 2.614327 -0.03310867 -0.8902906 2.40977 0.1334169 -0.8471758 2.642509 0.02797952 -0.9517259 2.394536 0.1592272 -0.9184377 2.631418
0.05969837 0.6207461 2.285822 0.06031446 0.4614069 2.314679 0.02290341 0.3059583 2.208052 0.1511577 0.4886318 2.418335 0.2083405 0.1597796 2.081827 0.2357448 0.3213319 2.584061 0.3954714 0.2619713 2.072658 0.4179875 0.3990957 2.568799 0.4347252 0.3157226 2.072962 0.4293946 0.4846328 2.543061 0.1246928 0.07231939 2.356031 0.15269 -0.003006632 2.356556 0.1195989 -0.06522387 2.354644 0.2059249 -0.03894814 2.365381 0.04803869 -0.517441 2.362643 0.1714447 -0.5396035 2.614671 -0.03319404 -0.8899995 2.40985 0.1334606 -0.8470941 2.64207 0.02801603 -0.9516017 2.394539 0.1929889 -0.8996525 2.674281
0.05308366 0.6225369 2.290424 0.06031471 0.461472 2.31467 0.02356999 0.3071209 2.207441 0.151158 0.4886969 2.418326 0.208587 0.1593862 2.082019 0.2364748 0.3223134 2.584531 0.4071725 0.2513303 2.070526 0.420615 0.3954841 2.569494 0.4581222 0.2941452 2.069504 0.4495884 0.4483719 2.541326 0.1247267 0.07234509 2.356038 0.1527651 -0.002987625 2.356621 0.119721 -0.0650979 2.354789 0.205946 -0.03891999 2.365383 0.04787378 -0.5172995 2.362403 0.1709943 -0.5405756 2.615083 -0.03323071 -0.8901963 2.409705 0.1335267 -0.8471246 2.642058 0.02798662 -0.9517062 2.394443 0.1518925 -0.9229743 2.625231
