0.1825172 0.6492446 2.41674 0.1918938 0.4570552 2.461068 0.02169569 0.3511368 2.463336 0.3521432 0.3493499 2.441369 -0.110083 0.2012531 2.363346 0.4577361 0.1963789 2.329286 -0.1374826 0.318752 2.193549 0.4466829 0.3040855 2.150689 -0.1277141 0.386046 2.193613 0.4330715 0.3608071 2.154864 0.1874141 0.1123761 2.47448 0.1841939 0.04633146 2.442729 0.1099841 -0.02788417 2.440194 0.2557945 -0.02829868 2.43397 0.07229595 -0.4846098 2.559247 0.3000256 -0.4960603 2.541611 0.04820581 -0.8559256 2.664236 0.3036707 -0.8526648 2.62208 0.01330664 -0.9098825 2.633712 0.3342825 -0.9119701 2.597446
0.1817119 0.6487995 2.414622 0.1919571 0.4571032 2.460613 0.0212631 0.350765 2.463154 0.3525224 0.3491449 2.440405 -0.1103941 0.2018425 2.362291 0.4587188 0.1961872 2.326066 -0.1321937 0.3280677 2.198523 0.440189 0.3203452 2.160157 -0.1226856 0.3898586 2.200359 0.4292052 0.3657978 2.166589 0.1875261 0.112404 2.474211 0.184223 0.04633642 2.442527 0.1099488 -0.0279712 2.439973 0.2558672 -0.02836931 2.433784 0.07243139 -0.4843137 2.559187 0.2998904 -0.4953571 2.541542 0.04820512 -0.8563197 2.664823 0.3036858 -0.8525777 2.621938 0.0133905 -0.9098831 2.633522 0.3342677 -0.9119172 2.597352
0.1806745 0.6488559 2.413672 0.1922783 0.4567297 2.459895 0.02043388 0.3503129 2.462823 0.3525753 0.349384 2.439911 -0.1103311 0.2021839 2.36175 0.4592408 0.1958212 2.324621 -0.1275069 0.3358267 2.203903 0.4395191 0.3226578 2.161083 -0.1179832 0.3914883 2.207604 0.4257541 0.3697086 2.173424 0.1876318 0.1125006 2.473923 0.1842879 0.04643232 2.442364 0.1099394 -0.02798143 2.439928 0.2559764 -0.02832445 2.433579 0.07252692 -0.4841599 2.559147 0.299915 -0.4928339 2.54074 0.04855258 -0.8558333 2.66501 0.3041754 -0.851445 2.620968 0.01363802 -0.9093274 2.633703 0.3353193 -0.9108948 2.597376
0.1806579 0.6487995 2.412926 0.1925715 0.4566713 2.459661 0.0201903 0.3501588 2.462581 0.3525913 0.3500663 2.43887 -0.1106219 0.2029232 2.360516 0.4601239 0.1955325 2.323913 -0.1269144 0.3384451 2.204327 0.438991 0.3233154 2.161374 -0.1174608 0.3927259 2.209031 0.4252093 0.3702704 2.174118 0.1878324 0.1125574 2.473642 0.1843773 0.04650482 2.442174 0.1099738 -0.02798728 2.439754 0.256047 -0.02825956 2.433387 0.07274317 -0.4837988 2.559054 0.2985413 -0.5045209 2.544793 0.04865888 -0.8557299 2.665076 0.3045594 -0.854724 2.625833 0.01377217 -0.9089894 2.633343 0.3425023 -0.9155332 2.600165
0.1806935 0.6486711 2.41265 0.1925695 0.4566343 2.459597 0.02006642 0.3501243 2.462466 0.3526126 0.3501658 2.438729 -0.1131602 0.2068529 2.3549 0.4604505 0.194559 2.322326 -0.1265179 0.3434882 2.199471 0.4389083 0.3224604 2.159949 -0.1183781 0.3938872 2.206458 0.4277534 0.3762739 2.165548 0.1878601 0.1125404 2.473505 0.184406 0.04649005 2.44211 0.1100045 -0.02804945 2.439631 0.2560783 -0.02828232 2.433349 0.07282604 -0.4836622 2.558921 0.2987814 -0.5051486 2.544796 0.04864564 -0.8561792 2.663743 0.3044912 -0.8540455 2.625349 0.01422728 -0.9095392 2.631671 0.3427117 -0.915881 2.599556
0.1807096 0.6485791 2.412548 0.1926729 0.4566357 2.459499 0.02029662 0.3504301 2.46242 0.3526442 0.3501969 2.438686 -0.1139045 0.2081852 2.352057 0.4632595 0.1920758 2.316045 -0.12994 0.3379039 2.190559 0.4466231 0.310519 2.145458 -0.1265577 0.3903101 2.190664 0.4379005 0.3583241 2.13139 0.1878384 0.1125539 2.473299 0.1843507 0.04651574 2.441936 0.1099318 -0.02799173 2.439492 0.2559296 -0.02823358 2.433056 0.0723592 -0.4832054 2.558564 0.3004453 -0.4956481 2.540987 0.04787029 -0.8558879 2.663175 0.3043537 -0.8540394 2.624431 0.01406863 -0.9096857 2.63118 0.3429872 -0.9155684 2.599289
0.1807035 0.6485727 2.412638 0.1927577 0.4566138 2.459417 0.02044915 0.350634 2.462544 0.3526231 0.3502044 2.438657 -0.113934 0.2084349 2.350755 0.4585042 0.1994554 2.323277 -0.1446327 0.3094508 2.170436 0.457449 0.2832825 2.131059 -0.1462267 0.3640379 2.15941 0.4528913 0.3367811 2.090907 0.1878548 0.1125682 2.473137 0.1843327 0.04654364 2.441807 0.1098966 -0.02793727 2.439392 0.2558683 -0.02814953 2.43285 0.07217252 -0.4829088 2.558127 0.3001687 -0.5039462 2.542917 0.04773771 -0.855916 2.663876 0.3040943 -0.8533621 2.622407 0.01420156 -0.9096258 2.631458 0.3382678 -0.9136447 2.596157
0.1806112 0.6485044 2.413485 0.1925823 0.4567493 2.459464 0.02062496 0.3506239 2.462712 0.3525442 0.3501543 2.438612 -0.1139147 0.2082435 2.350689 0.4567902 0.2006417 2.329172 -0.1537312 0.2878148 2.160974 0.4626559 0.2689006 2.112533 -0.1589268 0.3405008 2.140745 0.4591884 0.3178388 2.07678 0.1878288 0.1125148 2.473048 0.1842858 0.04645769 2.441713 0.1098963 -0.0279544 2.439378 0.2557737 -0.02819981 2.432595 0.07207467 -0.4821797 2.557216 0.3001315 -0.4985026 2.540211 0.04769993 -0.8558319 2.664146 0.3038447 -0.8529553 2.62217 0.01426521 -0.9094461 2.631469 0.3347315 -0.9115483 2.59167
0.1800494 0.6486638 2.414381 0.1926208 0.4567533 2.459504 0.02070154 0.3506433 2.46282 0.3522781 0.3501829 2.438591 -0.1135375 0.2075377 2.351616 0.4564203 0.2031608 2.329185 -0.1591217 0.2747804 2.158209 0.4661197 0.2584071 2.108715 -0.1670601 0.3269005 2.129299 0.4664755 0.2999704 2.063178 0.1878428 0.1124645 2.473017 0.1842744 0.04639172 2.441685 0.1098992 -0.02796251 2.439378 0.2557093 -0.02822652 2.432516 0.07179878 -0.4817569 2.556462 0.299895 -0.5066114 2.542125 0.04764618 -0.8559268 2.663859 0.3035527 -0.8546631 2.623044 0.01079904 -0.9103633 2.636674 0.3347839 -0.9117131 2.591869
0.1795532 0.6490748 2.416078 0.1925198 0.4568075 2.459655 0.02077608 0.3507452 2.46301 0.3522882 0.3502678 2.438583 -0.1117596 0.2060879 2.355808 0.4566156 0.204278 2.32975 -0.1591848 0.2712415 2.162112 0.4673758 0.2542211 2.108484 -0.167602 0.3262329 2.128504 0.4671661 0.2972146 2.061384 0.1878501 0.1124659 2.473003 0.1842623 0.04641426 2.441644 0.1098879 -0.02793909 2.439343 0.2557078 -0.02816341 2.432375 0.07170917 -0.4814574 2.555951 0.2998759 -0.4974624 2.539427 0.04752933 -0.8559617 2.664338 0.3035235 -0.8547173 2.623178 0.01097229 -0.9104967 2.636961 0.3344199 -0.9113705 2.592899
0.1794952 0.6494051 2.416702 0.1925133 0.4568297 2.459662 0.02077282 0.35078 2.463083 0.352233 0.3503284 2.438567 -0.1096869 0.2033933 2.362955 0.4571771 0.2030125 2.332922 -0.1590749 0.2704812 2.162548 0.4678782 0.2534768 2.111727 -0.1659279 0.3268071 2.129586 0.4672085 0.2974494 2.063521 0.1878608 0.1124658 2.473007 0.1842639 0.04641445 2.441643 0.1098975 -0.02794307 2.439357 0.2557116 -0.02814274 2.43235 0.07180172 -0.4815382 2.556012 0.2992778 -0.5016702 2.541949 0.04771382 -0.8562403 2.665254 0.3030142 -0.8548676 2.621052 0.0111513 -0.9102958 2.636951 0.3348951 -0.9120778 2.593295
0.1791804 0.6494844 2.416775 0.1925127 0.4568298 2.459662 0.02077907 0.3510903 2.462953 0.3520528 0.3502277 2.438346 -0.1067425 0.201694 2.370727 0.4567885 0.2025018 2.332625 -0.1566521 0.2736843 2.165844 0.4664304 0.2601845 2.115576 -0.159111 0.3347032 2.135998 0.4623203 0.3106838 2.081499 0.1878358 0.1124393 2.472963 0.1842165 0.04638941 2.441568 0.1098559 -0.0279357 2.439282 0.2556318 -0.02815251 2.432253 0.07161675 -0.4810095 2.555719 0.2996465 -0.4978758 2.541201 0.04750059 -0.8556975 2.664657 0.303138 -0.8546975 2.621005 0.01129443 -0.9102235 2.636805 0.3347917 -0.9121852 2.593565
0.1789144 0.64922 2.416188 0.1926402 0.4568094 2.459344 0.02084651 0.3511791 2.462721 0.352053 0.3502036 2.438198 -0.1084374 0.2022696 2.36621 0.4569568 0.2007324 2.331581 -0.1484389 0.2832101 2.177171 0.4627803 0.2762889 2.132965 -0.1414416 0.358719 2.155618 0.4537705 0.3337022 2.103771 0.1878304 0.1124383 2.472817 0.1842024 0.04637676 2.441462 0.109837 -0.02792607 2.439212 0.2555971 -0.02816596 2.432175 0.07169162 -0.4809507 2.556083 0.3000442 -0.4939157 2.540606 0.04763536 -0.8555594 2.66468 0.3029609 -0.8514545 2.61962 0.01161784 -0.9100272 2.636474 0.3401097 -0.9149742 2.597089
0.1787878 0.6489065 2.414985 0.1923075 0.4568188 2.45881 0.02051558 0.3509544 2.462276 0.3520614 0.349902 2.437469 -0.1087845 0.2027703 2.361603 0.4601687 0.1999094 2.325025 -0.1423181 0.3001273 2.17968 0.4581568 0.2913558 2.1366 -0.1340048 0.3676022 2.166224 0.446437 0.3428091 2.127974 0.1877273 0.112426 2.472566 0.1841045 0.04633117 2.441312 0.1097156 -0.02801234 2.439092 0.2555516 -0.02824285 2.432071 0.07153112 -0.4816589 2.557365 0.2999104 -0.4938692 2.540847 0.04744135 -0.8553928 2.664231 0.3026491 -0.8523937 2.620596 0.01176251 -0.910049 2.635961 0.3380721 -0.9137703 2.59636
0.1795156 0.6490058 2.413024 0.1921826 0.4568998 2.457978 0.02006037 0.3507878 2.462028 0.3521178 0.3494824 2.436394 -0.10874 0.2009549 2.363571 0.4627519 0.20416 2.300669 -0.1361788 0.3118326 2.189054 0.4546008 0.3143999 2.123608 -0.1249947 0.3778745 2.181992 0.4426146 0.3421562 2.143145 0.1876984 0.1124853 2.472094 0.1840155 0.0463377 2.441022 0.1095431 -0.02809753 2.438873 0.2555397 -0.02830908 2.43183 0.07157964 -0.4818871 2.557816 0.3000885 -0.501944 2.543506 0.04746591 -0.8552146 2.663976 0.3027759 -0.851956 2.62033 0.01197287 -0.9097106 2.635169 0.3393841 -0.9145467 2.597356
0.1794094 0.6489166 2.412412 0.1921464 0.4568493 2.457281 0.01896637 0.35019 2.461395 0.3523158 0.3492894 2.435911 -0.1086948 0.1997934 2.364052 0.4589329 0.193606 2.323381 -0.1295819 0.3196068 2.195039 0.4492859 0.311651 2.151935 -0.119763 0.3841491 2.188492 0.4375939 0.3776549 2.162109 0.187683 0.1125764 2.471667 0.184031 0.04639512 2.440796 0.1094777 -0.02817039 2.438709 0.2556522 -0.02838519 2.431625 0.07181291 -0.4822085 2.557994 0.2997342 -0.5064716 2.54625 0.04742932 -0.8553404 2.664392 0.3034951 -0.8532078 2.622789 0.01323102 -0.9090707 2.632724 0.3433393 -0.9162238 2.597416
0.1792756 0.6489184 2.411938 0.1917021 0.4568112 2.456383 0.01869347 0.3499139 2.461242 0.3525577 0.3489965 2.435562 -0.108247 0.2000658 2.362349 0.4602409 0.1891808 2.333722 -0.1257565 0.3252233 2.197169 0.4498997 0.3080871 2.162969 -0.1153801 0.3895535 2.19194 0.4374544 0.3783071 2.162073 0.1876083 0.1126624 2.470985 0.1840008 0.04644695 2.440354 0.1094052 -0.02826287 2.438318 0.2557513 -0.02845098 2.431257 0.07210129 -0.4824998 2.558532 0.3004152 -0.5080841 2.54706 0.04770803 -0.8565983 2.664115 0.3034731 -0.8531401 2.622935 0.01287669 -0.9106032 2.633628 0.3433448 -0.9162225 2.597342
0.179189 0.6487897 2.411146 0.1918343 0.456771 2.456301 0.01845462 0.3497598 2.461099 0.3525847 0.3489791 2.435431 -0.1077002 0.2005107 2.360563 0.4638537 0.1930071 2.324603 -0.1248748 0.3275591 2.196924 0.4488296 0.3150591 2.156659 -0.1153023 0.3896454 2.19207 0.437317 0.376242 2.163831 0.1876061 0.1126203 2.470611 0.1839764 0.04641533 2.440069 0.1092796 -0.02838334 2.437954 0.2557324 -0.02856674 2.430922 0.07203061 -0.4823995 2.558362 0.2998647 -0.5054801 2.546691 0.0472406 -0.856343 2.663132 0.3029184 -0.8527597 2.622339 0.01267098 -0.9110798 2.633672 0.3437726 -0.9166676 2.598868
0.1790424 0.6488039 2.411058 0.1918544 0.4567844 2.456311 0.01822121 0.3495523 2.460974 0.352626 0.3490963 2.435484 -0.1106094 0.2045812 2.348565 0.4642139 0.196212 2.319004 -0.125231 0.3349457 2.187517 0.4496865 0.317873 2.150706 -0.1150561 0.3879461 2.19085 0.4423823 0.3736814 2.150716 0.1875658 0.1126372 2.470405 0.1839419 0.04644189 2.439919 0.1091788 -0.02847108 2.437775 0.2557154 -0.02854174 2.430682 0.07214646 -0.4823668 2.558244 0.2997838 -0.5022546 2.545872 0.0466926 -0.8561251 2.663167 0.3028362 -0.8528824 2.622842 0.01257331 -0.9109768 2.633399 0.3414423 -0.9159731 2.59815
0.1791124 0.6487455 2.41156 0.1919294 0.4567478 2.45636 0.01809217 0.349459 2.461042 0.3526804 0.3489112 2.435676 -0.1132644 0.2045398 2.341206 0.4637106 0.1963705 2.31898 -0.1271579 0.328381 2.174587 0.4568665 0.3051586 2.140901 -0.1216302 0.3725008 2.177426 0.4529142 0.3464177 2.127698 0.1875794 0.1125696 2.470239 0.1839671 0.04637134 2.439783 0.1091498 -0.02860948 2.43757 0.2557828 -0.02869545 2.430479 0.07212356 -0.4822265 2.557926 0.3004869 -0.5049928 2.547275 0.04664484 -0.8557364 2.66352 0.3035683 -0.8537443 2.623926 0.01272354 -0.9103357 2.633071 0.3390419 -0.9155526 2.594009
0.1795571 0.648591 2.413101 0.1921214 0.4570928 2.457024 0.01865441 0.3495814 2.461111 0.3526805 0.3486618 2.436401 -0.12245 0.208737 2.309338 0.4623898 0.1952505 2.322395 -0.1399546 0.3149363 2.130361 0.4654481 0.2782606 2.129845 -0.138288 0.344839 2.147604 0.4643666 0.328492 2.099539 0.1875359 0.1124779 2.470226 0.1839797 0.04626485 2.439679 0.1091985 -0.02865034 2.437415 0.2557412 -0.02875072 2.430308 0.07221847 -0.4822664 2.557611 0.3001815 -0.5000308 2.54442 0.04762217 -0.8561352 2.665445 0.3035429 -0.8536997 2.624033 0.01136529 -0.9094113 2.635348 0.3370153 -0.914338 2.592873
0.1804455 0.6483636 2.414711 0.1918867 0.4573827 2.457751 0.01949897 0.3498335 2.461384 0.3526374 0.3481947 2.437713 -0.123951 0.207079 2.306451 0.4619645 0.1958247 2.3244 -0.1516398 0.293361 2.117595 0.4692693 0.265713 2.121843 -0.1474037 0.3298325 2.129968 0.4702813 0.3157923 2.075397 0.1874597 0.1123542 2.470307 0.1840203 0.0461168 2.43959 0.1093462 -0.02868519 2.437297 0.255742 -0.02884598 2.43013 0.07230665 -0.4825435 2.557506 0.3001505 -0.5031793 2.544749 0.04705524 -0.8566164 2.665004 0.3035198 -0.8538864 2.624128 0.01264365 -0.910163 2.633267 0.3431296 -0.9179026 2.594382
0.1810407 0.6481574 2.415722 0.1922877 0.4572452 2.458669 0.01998108 0.3498786 2.461749 0.3525477 0.3481581 2.438879 -0.1043746 0.2061497 2.363383 0.4604562 0.2009296 2.327567 -0.1522573 0.2601143 2.154069 0.4721179 0.2542817 2.108929 -0.1579836 0.3118938 2.116653 0.4752634 0.2993204 2.058427 0.1874922 0.1121987 2.470521 0.1840925 0.04605017 2.439576 0.1095181 -0.02866454 2.43716 0.2557484 -0.02885742 2.430124 0.07235506 -0.4825165 2.5572 0.3001834 -0.5011493 2.543421 0.04710902 -0.8572917 2.663542 0.3034815 -0.8538699 2.624118 0.01254192 -0.9118316 2.633724 0.343707 -0.9180447 2.595114
0.1813201 0.6486454 2.417948 0.1923403 0.4571194 2.460455 0.02028528 0.3499852 2.461988 0.3526802 0.3480018 2.440029 -0.104437 0.205703 2.362854 0.4598122 0.203318 2.329588 -0.1536546 0.2581078 2.152975 0.4720699 0.2520071 2.107013 -0.1584992 0.3118384 2.115438 0.4749058 0.2958642 2.05587 0.1875135 0.1119623 2.470979 0.1841648 0.04598617 2.439606 0.1096735 -0.02868596 2.437021 0.2557885 -0.02888063 2.430142 0.07222077 -0.4820665 2.556479 0.3003743 -0.4999941 2.542314 0.04725472 -0.85717 2.66373 0.3040316 -0.8526026 2.622472 0.01300468 -0.9115 2.633174 0.3391136 -0.9159365 2.594318
0.1815827 0.6491454 2.419168 0.1922963 0.4573565 2.460665 0.02075358 0.3501395 2.46224 0.3526449 0.3478858 2.440795 -0.1046294 0.2043227 2.363305 0.4605823 0.203998 2.332971 -0.1556895 0.2530881 2.155766 0.4720567 0.2511464 2.107337 -0.1588049 0.3053746 2.118924 0.4740196 0.2950045 2.056281 0.1875339 0.1119028 2.47131 0.184248 0.04593168 2.439578 0.1098543 -0.02867374 2.436891 0.2558531 -0.02888049 2.430127 0.07245298 -0.4817858 2.556005 0.3003632 -0.4993823 2.542165 0.04777825 -0.8567829 2.664997 0.3037317 -0.8520241 2.621603 0.01353159 -0.9108071 2.633902 0.3355583 -0.9133527 2.594241
0.1815134 0.6491439 2.419117 0.1924089 0.4571485 2.460882 0.02113877 0.350114 2.462471 0.3525383 0.3479873 2.441268 -0.1138337 0.1878697 2.355389 0.4606121 0.2036602 2.334405 -0.1556648 0.2556725 2.156039 0.4713772 0.2515446 2.108958 -0.1548409 0.3206749 2.118414 0.4718961 0.2968239 2.059305 0.1875927 0.1117533 2.471653 0.1842949 0.0458432 2.439572 0.1099424 -0.02870445 2.436859 0.2558516 -0.02888683 2.430117 0.07252414 -0.4819359 2.555845 0.3008295 -0.5032328 2.543622 0.04784947 -0.8567514 2.664578 0.3039743 -0.8522648 2.621214 0.01281966 -0.9111617 2.63507 0.3346937 -0.9125139 2.593195
0.1816 0.648925 2.418909 0.1924729 0.4571406 2.460944 0.0214745 0.3500568 2.462519 0.3525798 0.3478411 2.441508 -0.11174 0.1901476 2.356728 0.4609969 0.2035797 2.334992 -0.1481568 0.2706177 2.16672 0.4682258 0.2626201 2.117964 -0.1447065 0.3437203 2.135763 0.461218 0.3167728 2.081128 0.1876825 0.111615 2.471933 0.1843946 0.04570397 2.439515 0.1100632 -0.02875371 2.43676 0.2559047 -0.02895869 2.430064 0.07276929 -0.4821913 2.555831 0.3009822 -0.5009146 2.543538 0.04788462 -0.8567085 2.664645 0.3036528 -0.8519051 2.62074 0.01156266 -0.9103644 2.635321 0.3353064 -0.9119233 2.59665
0.1815478 0.6485901 2.418283 0.1924645 0.4569689 2.46098 0.02154983 0.35 2.462665 0.3528489 0.3476362 2.441911 -0.1104933 0.1942296 2.354795 0.4608498 0.2054332 2.331171 -0.1421974 0.2880551 2.170557 0.463187 0.2774933 2.133668 -0.136967 0.3539153 2.15244 0.4531838 0.3427393 2.098867 0.1877109 0.1115751 2.472189 0.1844526 0.04571236 2.439474 0.110128 -0.02870952 2.43659 0.2560316 -0.02897037 2.430042 0.07282835 -0.4822553 2.555863 0.3013575 -0.5049062 2.545167 0.04803221 -0.8564722 2.664618 0.3039492 -0.8516149 2.619785 0.01235431 -0.9102626 2.634756 0.3375708 -0.9129177 2.597297
0.1805475 0.648272 2.417194 0.192418 0.4569437 2.460966 0.02146397 0.3498702 2.462711 0.3528529 0.3476373 2.441915 -0.1051657 0.195619 2.362166 0.4635591 0.2069625 2.326164 -0.1341297 0.3054538 2.187228 0.4588931 0.3000512 2.138683 -0.1247986 0.3789991 2.170702 0.4449583 0.3578388 2.128042 0.1877729 0.1115583 2.472416 0.1845322 0.04573311 2.43943 0.1102073 -0.02869817 2.436506 0.2562258 -0.02894795 2.42999 0.07297675 -0.4821114 2.555869 0.301582 -0.5089986 2.547578 0.04817982 -0.856454 2.664738 0.3046181 -0.8522877 2.621602 0.01252869 -0.9099261 2.634281 0.3370523 -0.9127232 2.597391
0.1807801 0.6478683 2.41613 0.1924604 0.4568223 2.460856 0.02143905 0.3498173 2.462715 0.3529151 0.3476204 2.442033 -0.1052333 0.1959443 2.362045 0.4651081 0.2053666 2.326782 -0.1267946 0.3172378 2.1943 0.4547528 0.3091026 2.145676 -0.1160458 0.3861715 2.183775 0.4388787 0.3769366 2.1415 0.1878266 0.1115203 2.472639 0.1845847 0.04571509 2.439447 0.1102514 -0.02872014 2.436475 0.2563425 -0.0290014 2.430143 0.07316425 -0.4821333 2.555846 0.3022183 -0.5054688 2.546986 0.04912072 -0.8558155 2.665414 0.3046145 -0.8522203 2.621501 0.01154895 -0.9076269 2.634402 0.3384979 -0.9137064 2.597771
0.180485 0.6473305 2.414531 0.1925801 0.4567003 2.460865 0.02124189 0.3496769 2.462751 0.3529724 0.3475906 2.442099 -0.105249 0.1962657 2.361845 0.4679337 0.2039212 2.327634 -0.1220443 0.327691 2.201996 0.4512079 0.3183106 2.154135 -0.1064776 0.4018946 2.203293 0.4376417 0.3848257 2.154338 0.1880021 0.111482 2.472869 0.1847557 0.04571545 2.439482 0.1103618 -0.02875714 2.436417 0.2566462 -0.02905461 2.430316 0.07322412 -0.4818673 2.555902 0.3020064 -0.5027182 2.546831 0.04928862 -0.8562295 2.665632 0.3040956 -0.8521715 2.622313 0.01143798 -0.9081389 2.635129 0.3428859 -0.9163594 2.602274
0.1801897 0.6473405 2.414231 0.1925998 0.4566223 2.460922 0.0210076 0.3495333 2.462844 0.3532259 0.3481056 2.442425 -0.1046806 0.2015669 2.359356 0.4691408 0.2038746 2.328856 -0.1171238 0.3403867 2.206033 0.4489074 0.322564 2.15893 -0.1027632 0.3867098 2.212654 0.4356718 0.3895133 2.161885 0.1880557 0.1115534 2.473124 0.1848344 0.04585863 2.439578 0.1103873 -0.02871378 2.43644 0.2567451 -0.02897343 2.430427 0.07322757 -0.4815919 2.555815 0.3030896 -0.509688 2.54903 0.04931823 -0.8563743 2.665729 0.3042849 -0.8522545 2.623598 0.01151711 -0.9087919 2.636046 0.3392664 -0.914068 2.601042
0.1800786 0.6473139 2.414187 0.1926073 0.4566183 2.460926 0.02081891 0.349503 2.462966 0.3536299 0.3481312 2.442577 -0.104679 0.203752 2.358451 0.4703079 0.2046118 2.325541 -0.1155626 0.3439868 2.206415 0.4480703 0.3264951 2.158363 -0.09866826 0.3957407 2.217859 0.4354496 0.3919817 2.164174 0.1881333 0.1116806 2.473354 0.184924 0.04604714 2.439684 0.1103992 -0.02866176 2.436462 0.2568929 -0.02889691 2.430584 0.07324544 -0.481578 2.555872 0.3030392 -0.5099004 2.549067 0.04962814 -0.8558794 2.665888 0.3042146 -0.8521858 2.6237 0.01092217 -0.9078455 2.636582 0.3362019 -0.9130162 2.597919
0.1801953 0.6473364 2.41406 0.1927605 0.4565539 2.46105 0.02082585 0.3495246 2.463001 0.3538643 0.3482684 2.44304 -0.1049039 0.20459 2.357379 0.4704968 0.2051993 2.324189 -0.1150546 0.3457337 2.206215 0.4476903 0.3279243 2.157767 -0.09914061 0.4098347 2.215805 0.4354745 0.3920749 2.164358 0.1882728 0.1117046 2.473631 0.1850899 0.04610048 2.43982 0.1105314 -0.02861694 2.436483 0.2570804 -0.02887514 2.430865 0.07330803 -0.4817715 2.556063 0.3029494 -0.5008181 2.547515 0.04992267 -0.8558145 2.666063 0.3042569 -0.8523258 2.621884 0.01086244 -0.9073777 2.636518 0.3427344 -0.9166566 2.601642
0.1799806 0.6472657 2.414014 0.1929719 0.4565657 2.461672 0.02066179 0.349521 2.463365 0.3539639 0.3483247 2.443396 -0.1054329 0.2072762 2.353454 0.4714284 0.2039723 2.311424 -0.1153208 0.3478211 2.201663 0.4464629 0.3335723 2.151124 -0.1023555 0.4069872 2.209385 0.4375494 0.3919973 2.158748 0.1884426 0.1117596 2.474082 0.1852293 0.04620799 2.44005 0.1106439 -0.02856748 2.436629 0.2571771 -0.02881175 2.431013 0.07329708 -0.4818186 2.556677 0.3029058 -0.4980577 2.546256 0.05021056 -0.8549781 2.665962 0.3038217 -0.8522613 2.621662 0.01162719 -0.9065656 2.635839 0.3414192 -0.9156694 2.601531
0.179736 0.6474521 2.41439 0.1930452 0.4564532 2.461933 0.02061957 0.3495168 2.463619 0.3541206 0.347961 2.44372 -0.1073615 0.208665 2.347037 0.4697324 0.2034258 2.314218 -0.1196778 0.3426877 2.189117 0.4540291 0.318329 2.140992 -0.1148442 0.3944221 2.188275 0.4464766 0.3747309 2.12867 0.1884859 0.111718 2.474382 0.185264 0.04620659 2.440165 0.110655 -0.02857836 2.436732 0.2572116 -0.02883165 2.431078 0.07339056 -0.4818148 2.556728 0.3020611 -0.4962244 2.54556 0.05053464 -0.8549762 2.666113 0.3039137 -0.8522375 2.621646 0.01082775 -0.9065082 2.637389 0.3420767 -0.9157884 2.602058
0.179763 0.647643 2.415557 0.1933313 0.4563508 2.463087 0.02106643 0.3495055 2.464236 0.3544351 0.3477133 2.444658 -0.1073458 0.2087305 2.346895 0.4696359 0.203347 2.314341 -0.1296348 0.3205484 2.172274 0.4600997 0.2924443 2.124995 -0.1246906 0.382144 2.170674 0.4541707 0.3339555 2.105726 0.1885535 0.1115137 2.474968 0.1853193 0.04611088 2.440402 0.1106952 -0.02862157 2.436813 0.2572167 -0.02887296 2.431272 0.07338504 -0.481819 2.556724 0.3011067 -0.5041311 2.547766 0.05071886 -0.8544947 2.666168 0.3039353 -0.8526281 2.621494 0.01134367 -0.9059698 2.636893 0.3418657 -0.9161754 2.601635
0.1807894 0.648041 2.418735 0.1934577 0.4567646 2.465722 0.02225672 0.3494789 2.465078 0.3546772 0.3474568 2.445889 -0.1060303 0.2069523 2.351106 0.4679334 0.2034166 2.316875 -0.1416569 0.2875209 2.161001 0.4652795 0.2761675 2.119946 -0.1432064 0.3505975 2.130985 0.4616922 0.3259825 2.082422 0.1887524 0.1110299 2.476189 0.1855243 0.0457659 2.440984 0.1109404 -0.0287031 2.437153 0.2573159 -0.02906101 2.431617 0.07354457 -0.481856 2.556837 0.3011367 -0.5008053 2.546079 0.05118969 -0.8539023 2.665418 0.3036573 -0.8516342 2.620958 0.01186744 -0.906 2.637193 0.334721 -0.9118854 2.596692
0.1812142 0.6482858 2.420983 0.1941 0.456901 2.467186 0.02275609 0.3493882 2.465693 0.3548882 0.3474177 2.447074 -0.1106346 0.1937918 2.35006 0.4654163 0.204089 2.32086 -0.1466927 0.2741841 2.152501 0.4685895 0.2629225 2.103117 -0.1497191 0.3339075 2.120137 0.4665539 0.313815 2.060852 0.1888992 0.1107773 2.477282 0.1856316 0.04561486 2.441439 0.1109833 -0.02874701 2.437378 0.2573683 -0.02913169 2.431988 0.07357856 -0.4818928 2.556859 0.3009181 -0.5023358 2.546677 0.05076365 -0.8542307 2.666323 0.3038454 -0.8518778 2.621294 0.0125292 -0.9066939 2.637294 0.3421964 -0.9174435 2.601043
0.1824249 0.6490045 2.424364 0.1941137 0.457182 2.468339 0.02357591 0.3494047 2.466389 0.3551571 0.3477191 2.447955 -0.1080534 0.1964585 2.354163 0.4629054 0.2067795 2.327113 -0.1510964 0.2639327 2.151343 0.4678429 0.2572942 2.10337 -0.1567563 0.3118548 2.107463 0.4665431 0.305923 2.057096 0.1890727 0.1106658 2.478398 0.1857953 0.04555301 2.441937 0.1111896 -0.02871997 2.437671 0.25749 -0.02908197 2.432498 0.07359436 -0.4820487 2.556995 0.3008965 -0.5015404 2.546555 0.05071138 -0.8539942 2.666151 0.3037223 -0.8515879 2.620807 0.01136731 -0.9069764 2.63966 0.3413751 -0.9169565 2.600356
0.1827524 0.6492611 2.425375 0.1941907 0.4575742 2.469194 0.02395568 0.3493961 2.46689 0.3552461 0.3479505 2.448579 -0.1072025 0.1979623 2.355881 0.4619471 0.2071533 2.329691 -0.1528083 0.2587617 2.15242 0.4676307 0.2551366 2.104001 -0.157335 0.3029324 2.110847 0.4658477 0.3021814 2.055353 0.1892286 0.1106426 2.479485 0.1859339 0.04553371 2.442466 0.1114089 -0.02866482 2.438103 0.2575563 -0.02902021 2.432998 0.07361642 -0.4820208 2.557009 0.3006757 -0.4991715 2.544995 0.05071779 -0.8539238 2.66531 0.3036735 -0.8518273 2.620784 0.01074587 -0.9066969 2.639348 0.342138 -0.917162 2.600195
0.1830404 0.6492285 2.42566 0.1944163 0.4575129 2.469394 0.02440409 0.3495259 2.467249 0.3555998 0.3477837 2.449191 -0.1045661 0.2013099 2.362083 0.4616558 0.2065776 2.331107 -0.1527644 0.2591855 2.152537 0.4669632 0.2566405 2.107102 -0.1544969 0.3126134 2.112716 0.4641281 0.3050275 2.060397 0.1893737 0.1105864 2.480242 0.1860625 0.04550392 2.442813 0.1115169 -0.02861826 2.438363 0.2576508 -0.02906578 2.433438 0.07353356 -0.4822554 2.557337 0.3014759 -0.4964584 2.543876 0.05086172 -0.8538247 2.665508 0.3041599 -0.8539411 2.622774 0.01104136 -0.9066325 2.639385 0.34195 -0.9169592 2.599737
0.183254 0.6493218 2.425883 0.1945725 0.4575382 2.469406 0.0248953 0.3496638 2.467434 0.3556366 0.3477294 2.449216 -0.1044821 0.2014047 2.362197 0.4610564 0.2077235 2.331959 -0.1476256 0.2665048 2.160515 0.4624935 0.2681379 2.123709 -0.1421132 0.3365964 2.12639 0.4547175 0.3224158 2.088348 0.1894742 0.1105027 2.480765 0.1861065 0.04540049 2.443029 0.1115953 -0.02865225 2.438609 0.257608 -0.02911065 2.433692 0.07330145 -0.4829497 2.558444 0.3016984 -0.5039195 2.54733 0.05007201 -0.8558313 2.666703 0.3037415 -0.8536071 2.622434 0.01073431 -0.9078636 2.638387 0.3435729 -0.9173487 2.598536
0.1834045 0.6492934 2.425827 0.194818 0.4576352 2.469405 0.02490859 0.3496259 2.467528 0.3556404 0.347719 2.449221 -0.1042943 0.2012342 2.362546 0.4612178 0.20689 2.331941 -0.1381 0.2799924 2.171282 0.4574055 0.2840421 2.136847 -0.1344953 0.3490325 2.139046 0.4457531 0.3406442 2.109562 0.1895978 0.1105238 2.48123 0.1861815 0.04541742 2.443228 0.1116564 -0.02861179 2.438809 0.2576478 -0.02909473 2.433968 0.07299206 -0.4829794 2.558807 0.3016513 -0.5068153 2.548985 0.04976034 -0.8558838 2.668279 0.3032725 -0.8540755 2.623375 0.01182706 -0.9077767 2.63787 0.3421001 -0.9167795 2.596763
0.1835939 0.6490704 2.424968 0.1950215 0.4574186 2.469196 0.02476934 0.3497164 2.467717 0.3556302 0.3479784 2.449169 -0.1042341 0.2012117 2.362816 0.4619473 0.2057721 2.332606 -0.126936 0.3005017 2.18027 0.4521554 0.3001937 2.146085 -0.1140359 0.3742989 2.172344 0.4360508 0.3564651 2.136611 0.1896937 0.1105767 2.481562 0.1862349 0.04551305 2.443411 0.1116891 -0.02846272 2.439152 0.2576824 -0.02906313 2.434137 0.07258137 -0.4839045 2.561032 0.3015219 -0.5085476 2.550011 0.04900045 -0.8581656 2.669315 0.3027154 -0.8530551 2.621913 0.01204433 -0.9091536 2.636286 0.3415648 -0.9165229 2.596624
0.1837459 0.6491193 2.424005 0.1950813 0.4573591 2.469064 0.02474935 0.3497229 2.467752 0.3556353 0.3479738 2.448978 -0.1034744 0.2029495 2.362009 0.4663017 0.2040384 2.332344 -0.1180992 0.3218031 2.191611 0.4472243 0.3104068 2.153696 -0.1076673 0.386056 2.180446 0.4351003 0.3778842 2.15084 0.1897753 0.1106162 2.481842 0.1862898 0.04556589 2.443592 0.1117885 -0.02835899 2.439409 0.2577046 -0.0290557 2.434415 0.07244207 -0.4839978 2.561707 0.3023129 -0.5004772 2.54801 0.04937338 -0.8583561 2.669931 0.3030443 -0.8527017 2.621271 0.01308792 -0.9088301 2.635404 0.341991 -0.9169396 2.596615
0.1843807 0.6489919 2.422187 0.195394 0.4573235 2.468522 0.02465024 0.349701 2.467802 0.3558221 0.3483946 2.448805 -0.1030736 0.2039047 2.361778 0.4671822 0.204499 2.330855 -0.1099518 0.3378562 2.203456 0.4452311 0.3202435 2.158999 -0.09518974 0.4108698 2.202888 0.4298777 0.3951516 2.168296 0.1898426 0.1107719 2.482012 0.1863013 0.04572905 2.443782 0.1117409 -0.02827743 2.439618 0.2576973 -0.0289008 2.4348 0.07229672 -0.4839987 2.562221 0.3024424 -0.506637 2.551611 0.0508 -0.8522154 2.663123 0.3033562 -0.8532454 2.622028 0.01234388 -0.906895 2.638883 0.3426986 -0.9172888 2.597025
0.1845322 0.6489972 2.421819 0.1956025 0.4575047 2.468207 0.02457222 0.3498136 2.467802 0.3563618 0.3494095 2.448793 -0.103018 0.2058395 2.361424 0.4675856 0.2048988 2.328166 -0.1067015 0.3457989 2.208768 0.4414107 0.3306835 2.164822 -0.09519095 0.4108215 2.203757 0.4283152 0.4011069 2.175896 0.1899536 0.1111937 2.482229 0.1863837 0.04617688 2.444109 0.1117499 -0.02795022 2.439961 0.2577718 -0.02860617 2.435234 0.0724818 -0.4836203 2.562418 0.3026027 -0.5066358 2.55172 0.05082564 -0.8521343 2.662941 0.3034317 -0.8528493 2.621665 0.01241465 -0.9056906 2.636247 0.3437257 -0.9178299 2.598244
0.1849476 0.6490211 2.420812 0.1956265 0.4574856 2.467835 0.02449909 0.3497363 2.467753 0.3560596 0.3495227 2.448471 -0.1031411 0.2071992 2.360815 0.467481 0.2051878 2.327799 -0.1055335 0.3491917 2.210203 0.4403167 0.3406345 2.173299 -0.0940223 0.4121453 2.207667 0.4287158 0.4029862 2.177552 0.1899853 0.1112344 2.482215 0.1863773 0.04617023 2.444177 0.1117615 -0.02793116 2.440183 0.2577373 -0.02860441 2.435332 0.0724074 -0.4841114 2.562868 0.3022123 -0.5099705 2.552768 0.05110292 -0.852473 2.663162 0.3035637 -0.8529539 2.622428 0.01419273 -0.9062235 2.634796 0.3449649 -0.9179642 2.598109
0.1848832 0.6489843 2.420297 0.1955234 0.4574491 2.467397 0.02425776 0.3496731 2.467865 0.3562953 0.3498778 2.448388 -0.1032123 0.2079503 2.360007 0.4689944 0.2039259 2.328263 -0.104059 0.3526436 2.212226 0.440386 0.3393116 2.173992 -0.100678 0.3809907 2.209906 0.4293237 0.4042388 2.177253 0.1900228 0.1114361 2.482211 0.1864186 0.04638567 2.444371 0.1117758 -0.02781994 2.440472 0.2578386 -0.02848222 2.435579 0.07253768 -0.4841945 2.562989 0.3015965 -0.5063733 2.552372 0.05035554 -0.8541121 2.664194 0.3044124 -0.8526239 2.62246 0.01403831 -0.9073162 2.634086 0.3450403 -0.9181003 2.59801
0.1848597 0.6489918 2.420277 0.1955618 0.4576204 2.467523 0.02411363 0.3496136 2.468053 0.3562803 0.3498131 2.448315 -0.1031536 0.2092768 2.357959 0.4682169 0.2053011 2.322448 -0.1048373 0.353686 2.209883 0.4446395 0.335803 2.162751 -0.1008819 0.3963869 2.20943 0.4358034 0.3972741 2.164179 0.1900819 0.1115089 2.48231 0.1864479 0.04640933 2.444555 0.1117871 -0.0278186 2.44065 0.2578786 -0.02847468 2.435761 0.07255716 -0.4842072 2.563014 0.301597 -0.5000892 2.550452 0.05021994 -0.8541678 2.664531 0.3043121 -0.8530384 2.622472 0.01400797 -0.9072337 2.634056 0.3470225 -0.9192418 2.598129
0.1848945 0.6489602 2.4206 0.1955303 0.4576863 2.467591 0.02403456 0.3493649 2.468231 0.3562417 0.3497668 2.448332 -0.1049982 0.2102706 2.352811 0.46593 0.2040571 2.324314 -0.1126627 0.348093 2.198212 0.4545596 0.3182548 2.150251 -0.1058794 0.3961228 2.200814 0.4463606 0.3756136 2.132747 0.1900883 0.1115067 2.482363 0.1864411 0.04635845 2.444709 0.1117818 -0.02790242 2.440805 0.2578792 -0.02848623 2.43593 0.07264096 -0.48356 2.562495 0.3007536 -0.5058694 2.551509 0.05052676 -0.8540422 2.664815 0.3042754 -0.8529797 2.62239 0.01464842 -0.9065056 2.632937 0.338939 -0.9153816 2.59522
0.1846346 0.6489518 2.421315 0.1948374 0.4581535 2.46834 0.02412243 0.3493137 2.468345 0.3560137 0.3494186 2.448597 -0.1059796 0.2105004 2.350093 0.4644089 0.2034466 2.324613 -0.1278689 0.3253983 2.177626 0.4634234 0.2866581 2.132189 -0.1250312 0.3818994 2.171005 0.4640518 0.3413036 2.098382 0.1899288 0.1114124 2.482673 0.1863524 0.04621855 2.445006 0.1117875 -0.02795616 2.441172 0.2578271 -0.02853846 2.436058 0.07272445 -0.4834122 2.562162 0.3007321 -0.5081064 2.551718 0.05010096 -0.8539537 2.665182 0.3040916 -0.8531708 2.622262 0.01450481 -0.9063812 2.632932 0.3384773 -0.915251 2.5952
0.1849337 0.6492084 2.422629 0.1951001 0.4583431 2.469138 0.0243822 0.3493288 2.46857 0.3558768 0.3494462 2.448937 -0.1024833 0.2043817 2.365608 0.4628962 0.2037579 2.326528 -0.1380229 0.2886077 2.176999 0.466646 0.2749308 2.121348 -0.1412014 0.3567764 2.143469 0.4679045 0.3266119 2.082211 0.1899866 0.1113526 2.483041 0.1863904 0.04617124 2.445264 0.1118409 -0.02791028 2.441336 0.257808 -0.02852116 2.436277 0.07227146 -0.4827735 2.561227 0.3004513 -0.5041798 2.550667 0.05009186 -0.8539496 2.66523 0.3040395 -0.8539011 2.623229 0.01465954 -0.9063719 2.632793 0.343021 -0.9171888 2.59571
0.1849099 0.6494493 2.424012 0.1952033 0.4586846 2.469633 0.02502302 0.3494837 2.469047 0.3556782 0.34935 2.449446 -0.1024717 0.2043814 2.365432 0.4607806 0.2058895 2.330058 -0.1466347 0.2746253 2.162168 0.4694726 0.2509772 2.105092 -0.1507006 0.3367534 2.128929 0.4712815 0.291109 2.064673 0.1899787 0.1112375 2.483379 0.1863603 0.04598327 2.445546 0.1118676 -0.02793063 2.441488 0.2576778 -0.02859537 2.436589 0.07244611 -0.4823974 2.560426 0.300888 -0.5072727 2.551474 0.05054504 -0.8542027 2.666849 0.3045624 -0.8541542 2.624449 0.01484854 -0.9058511 2.633476 0.3423468 -0.9167833 2.595373
0.1849545 0.6495559 2.425485 0.1952326 0.4588179 2.470287 0.02532853 0.3495358 2.469252 0.3555707 0.3491518 2.449853 -0.102563 0.2043998 2.365375 0.4600388 0.2072927 2.33169 -0.1533808 0.2651584 2.1536 0.4694127 0.2483534 2.104929 -0.1584511 0.3191528 2.120648 0.4713258 0.2867295 2.061583 0.189954 0.1111314 2.48381 0.1863463 0.04587233 2.445837 0.111886 -0.02791495 2.441644 0.2576176 -0.02864776 2.436887 0.07246434 -0.4823475 2.5604 0.3005444 -0.5038306 2.549716 0.05059613 -0.8543809 2.667038 0.3044533 -0.8541175 2.624375 0.01481335 -0.9057605 2.633345 0.3425738 -0.9167802 2.595849
0.185003 0.6497197 2.427152 0.195402 0.4586258 2.471139 0.02553445 0.3496028 2.469505 0.3555071 0.3491988 2.450237 -0.102667 0.2041956 2.365112 0.458456 0.205626 2.335827 -0.1543855 0.2644037 2.152312 0.4693372 0.2455896 2.103931 -0.1606308 0.3121868 2.119704 0.4711767 0.2837315 2.061343 0.1899659 0.1110055 2.484267 0.1863443 0.04582056 2.44607 0.1118944 -0.02791205 2.441782 0.2575798 -0.02863071 2.437052 0.07253793 -0.482311 2.560283 0.3004109 -0.5088992 2.551055 0.05052545 -0.8544141 2.667136 0.30489 -0.8542191 2.624514 0.01480829 -0.9057192 2.633261 0.3422872 -0.9168453 2.596005
0.1849978 0.6498269 2.427858 0.1953644 0.4587811 2.471355 0.02570812 0.3497201 2.469628 0.3554299 0.3492209 2.45036 -0.1028855 0.2042133 2.365276 0.4582193 0.2046006 2.337489 -0.1549391 0.2640219 2.151984 0.468979 0.2454733 2.104202 -0.1607201 0.3122907 2.119715 0.4704851 0.2839167 2.062299 0.1899453 0.1110214 2.484621 0.1863161 0.04580849 2.446293 0.1119173 -0.02787661 2.442041 0.2575046 -0.0285515 2.437259 0.07254845 -0.4823417 2.56041 0.300108 -0.5093485 2.551133 0.05062002 -0.8547108 2.667353 0.3047543 -0.8536833 2.624069 0.01386074 -0.9064249 2.635263 0.3377685 -0.9141444 2.594533
0.184929 0.6497403 2.427848 0.1952186 0.4587113 2.471284 0.02603308 0.3498086 2.46967 0.3553451 0.3492244 2.450423 -0.1029154 0.2042555 2.365761 0.4581369 0.204657 2.337472 -0.1546941 0.2643875 2.153454 0.4667826 0.2515332 2.109205 -0.1598236 0.3154224 2.121774 0.4644301 0.2943231 2.074508 0.189938 0.1109726 2.48477 0.186321 0.04573251 2.446382 0.1120364 -0.02789816 2.442315 0.2574952 -0.0285566 2.437283 0.07271086 -0.4824209 2.56093 0.3000807 -0.5095795 2.551273 0.05000838 -0.8549508 2.666548 0.3048252 -0.8536571 2.623906 0.01349969 -0.9070802 2.634848 0.3376643 -0.9138376 2.595024
0.1849694 0.6496603 2.427658 0.1949951 0.4587089 2.471257 0.02610748 0.349883 2.469693 0.3553357 0.3492033 2.450409 -0.1033935 0.2041106 2.365515 0.457883 0.2022076 2.341327 -0.1456351 0.2788263 2.170202 0.4612093 0.2716343 2.130184 -0.1449933 0.3543905 2.148038 0.4548341 0.3283705 2.099402 0.1899075 0.1109637 2.484884 0.1862977 0.04571636 2.446429 0.1120162 -0.02787804 2.442427 0.2574933 -0.02856231 2.437296 0.07238273 -0.484579 2.562574 0.2999181 -0.5046172 2.550129 0.05054434 -0.8548521 2.666646 0.3048916 -0.8534602 2.623269 0.01222409 -0.9071326 2.637432 0.3373942 -0.9137841 2.594286
0.184614 0.6496146 2.426519 0.1948924 0.4588057 2.470973 0.0261046 0.3499135 2.469716 0.3549613 0.3492647 2.450003 -0.1035725 0.2046291 2.366103 0.4576757 0.2025456 2.340643 -0.1412832 0.2890476 2.178284 0.458382 0.2834431 2.143908 -0.1414046 0.3580647 2.153872 0.4511965 0.3362752 2.110905 0.1899533 0.1109838 2.484919 0.1862881 0.04569796 2.446447 0.1120403 -0.0278696 2.442555 0.2574735 -0.02856551 2.437302 0.07254972 -0.4842792 2.563105 0.2997751 -0.5073473 2.551091 0.05018435 -0.8539823 2.665679 0.3048104 -0.8537203 2.622968 0.01173599 -0.9066474 2.637339 0.3372181 -0.9139839 2.593549
0.1845746 0.6494445 2.425289 0.195162 0.458724 2.47037 0.02605674 0.3499289 2.469639 0.3547933 0.3495109 2.449607 -0.1069902 0.2075347 2.35947 0.4604193 0.2027412 2.338104 -0.1340497 0.3139374 2.181996 0.4534583 0.2995695 2.152813 -0.125935 0.3866107 2.17293 0.4353417 0.3638003 2.150547 0.1900082 0.1110413 2.484888 0.1863017 0.04570049 2.446463 0.1120815 -0.0278281 2.442667 0.2574708 -0.02856882 2.437325 0.07271667 -0.4840549 2.563154 0.2986506 -0.5008621 2.54823 0.05027267 -0.8545413 2.666257 0.3046763 -0.8535213 2.621911 0.01214128 -0.9070076 2.637132 0.3402785 -0.9150037 2.595802
0.184136 0.6490909 2.423136 0.1946254 0.4587296 2.469114 0.02571187 0.3498975 2.469546 0.354859 0.3496476 2.449344 -0.1089271 0.2088984 2.355205 0.4644997 0.2046055 2.331 -0.1286026 0.3285673 2.18602 0.4471246 0.3159013 2.155472 -0.1161265 0.3948317 2.186527 0.4359115 0.3830317 2.158064 0.1899756 0.1112168 2.484699 0.1862821 0.04573864 2.446466 0.1120587 -0.02782424 2.442698 0.257478 -0.0285567 2.437364 0.07275832 -0.484154 2.563427 0.2986803 -0.4992805 2.548315 0.05001274 -0.8548663 2.666411 0.3044105 -0.853368 2.621897 0.01278073 -0.9069453 2.635485 0.3416725 -0.9154881 2.596234
0.1837299 0.6490413 2.421991 0.1940828 0.4587443 2.468742 0.02540539 0.3499838 2.469511 0.3549045 0.3499168 2.448967 -0.1087213 0.2102808 2.354567 0.4657397 0.2056217 2.330326 -0.1205814 0.3438635 2.196267 0.443667 0.3250868 2.161307 -0.1090238 0.4025707 2.199721 0.431894 0.3994474 2.16862 0.1899042 0.1113587 2.484505 0.1862211 0.0458308 2.446485 0.1120287 -0.02778992 2.442731 0.2574651 -0.02852587 2.437392 0.07272262 -0.484062 2.563423 0.2992551 -0.4945793 2.546773 0.04996139 -0.8549008 2.666502 0.3043142 -0.8533188 2.621845 0.01340207 -0.9068844 2.634629 0.3394546 -0.9143246 2.595223
