0.07481106 0.6124773 2.269423 0.06756271 0.4456634 2.301564 0.02578478 0.2945078 2.20973 0.1584059 0.4728883 2.40522 0.2201929 0.1733107 2.071354 0.3258463 0.356127 2.553049 0.4306714 0.2719109 2.069877 0.5142441 0.3939391 2.588137 0.4833016 0.3125779 2.066946 0.5478315 0.4478914 2.568303 0.1143147 0.05836824 2.347954 0.1367665 -0.01836256 2.348835 0.1052174 -0.08326016 2.314168 0.1886977 -0.06555399 2.392091 0.04953798 -0.5171531 2.367568 0.1696465 -0.5471971 2.612621 -0.03367287 -0.8902819 2.410429 0.1328551 -0.8518826 2.64592 0.02614534 -0.951961 2.394952 0.1544555 -0.9217129 2.62365
0.07316553 0.6124556 2.270066 0.06709343 0.4448611 2.300941 0.0253921 0.2946005 2.209629 0.1579366 0.472086 2.404597 0.2209958 0.1717755 2.071979 0.321412 0.3495663 2.552236 0.442653 0.2194863 2.06567 0.5090582 0.3423263 2.602213 0.5065355 0.2637544 2.063204 0.5426455 0.3962783 2.58238 0.1145826 0.05836642 2.347096 0.1375193 -0.01801823 2.347707 0.1053126 -0.08021797 2.323116 0.1922671 -0.05578875 2.364404 0.04995732 -0.5170854 2.367885 0.1695133 -0.5465643 2.611872 -0.03368525 -0.8902965 2.41041 0.1331661 -0.8514752 2.645526 0.02614764 -0.9519392 2.394897 0.1460462 -0.9217058 2.617509
0.07233378 0.6123855 2.269993 0.06685445 0.4445952 2.300843 0.0246692 0.2965929 2.20831 0.1576977 0.4718202 2.404499 0.2221997 0.1680683 2.072947 0.3204028 0.3464208 2.550797 0.4446 0.2047604 2.064578 0.5002816 0.308109 2.61129 0.5123585 0.2464045 2.064277 0.5338686 0.3620608 2.591456 0.1145974 0.05829323 2.34662 0.137766 -0.01795833 2.347147 0.1049224 -0.07816065 2.328224 0.1919293 -0.05562565 2.361732 0.0506186 -0.5172631 2.368868 0.1702968 -0.5458349 2.610598 -0.03371625 -0.8902704 2.410603 0.1334193 -0.8509035 2.645238 0.02607394 -0.9519538 2.394928 0.1525494 -0.9204213 2.622818
0.07096986 0.6122083 2.269704 0.06498664 0.4446201 2.300255 0.02446591 0.2977843 2.207805 0.1558298 0.4718451 2.403912 0.2226859 0.163193 2.073034 0.3155483 0.3414289 2.549276 0.4425875 0.1875353 2.062977 0.4923488 0.2993867 2.614996 0.5200828 0.2253595 2.063456 0.5259358 0.3533383 2.595163 0.1048247 0.0574117 2.343896 0.1270568 -0.01908007 2.344424 0.09029335 -0.07690642 2.331719 0.174983 -0.05707842 2.357285 0.0499785 -0.5173939 2.36745 0.1715686 -0.5484297 2.61469 -0.03369428 -0.8904824 2.410947 0.1334966 -0.8529595 2.645128 0.02623106 -0.9521384 2.395043 0.1527119 -0.9205476 2.622869
0.06898947 0.6115137 2.269308 0.06251721 0.4450059 2.299306 0.02436808 0.2983447 2.207332 0.1533604 0.4722308 2.402962 0.2224329 0.1617996 2.073335 0.3125244 0.3399124 2.547379 0.4448328 0.1785542 2.062311 0.4866264 0.2934962 2.61657 0.5236672 0.2220988 2.063699 0.5202132 0.3474477 2.596737 0.1054457 0.05728002 2.343317 0.1287291 -0.01912255 2.343647 0.09356074 -0.07639609 2.332756 0.1773545 -0.05694653 2.355875 0.04971953 -0.5175005 2.367119 0.1715352 -0.5484499 2.61452 -0.03349116 -0.8906223 2.410706 0.1338648 -0.8531117 2.644506 0.02652194 -0.9523389 2.394793 0.1548083 -0.9199972 2.624614
0.0686284 0.6112311 2.269043 0.06211959 0.4450072 2.299043 0.02457364 0.2990939 2.206643 0.1529628 0.4722321 2.402699 0.2219733 0.1588158 2.073414 0.3106534 0.3383439 2.54726 0.4450131 0.1740039 2.061825 0.4863886 0.293587 2.61386 0.5230424 0.2189787 2.063102 0.5641668 0.3363886 2.598644 0.1061632 0.05711141 2.342664 0.1299888 -0.01924708 2.342888 0.09539331 -0.07614372 2.332525 0.1784803 -0.05699383 2.355387 0.04954584 -0.5175217 2.366634 0.1718602 -0.5482174 2.614684 -0.03339345 -0.8909551 2.410736 0.1346452 -0.8530594 2.643984 0.02672163 -0.9526704 2.395267 0.1547749 -0.9199964 2.624662
0.06852447 0.6112665 2.269172 0.06213748 0.4448666 2.2988 0.02519821 0.2997255 2.205326 0.1529807 0.4720916 2.402456 0.2212911 0.1585943 2.073729 0.3110597 0.3388414 2.547157 0.4446184 0.1748215 2.061806 0.4876061 0.2948852 2.6124 0.522807 0.2195269 2.062862 0.5567025 0.3486517 2.591233 0.1068886 0.05689467 2.341936 0.1309487 -0.01937871 2.342197 0.09657022 -0.07613287 2.332108 0.1792418 -0.05699712 2.355057 0.04924114 -0.5173735 2.36632 0.1717242 -0.5481626 2.614669 -0.03352964 -0.8903596 2.410636 0.1346456 -0.853014 2.644004 0.02705393 -0.9524431 2.395254 0.1575478 -0.918952 2.63129
0.06832526 0.6112221 2.269366 0.06240726 0.4448156 2.298821 0.02550872 0.3007962 2.204613 0.1532505 0.4720406 2.402477 0.2209383 0.15759 2.073817 0.3127423 0.3398612 2.546695 0.4410884 0.1843248 2.06243 0.496881 0.3165547 2.602803 0.5135972 0.2295095 2.06148 0.5648624 0.3725364 2.583886 0.1065445 0.05702225 2.341153 0.1303599 -0.01914033 2.341182 0.09574334 -0.07582945 2.33147 0.1786892 -0.05669972 2.353979 0.04995305 -0.5174193 2.367501 0.1716487 -0.5483189 2.614975 -0.0338091 -0.8901538 2.410624 0.1346971 -0.8532369 2.644021 0.02739741 -0.9522941 2.39575 0.1860407 -0.8999364 2.675106
0.06837115 0.6112466 2.26935 0.06262872 0.4448479 2.298971 0.02561183 0.3012177 2.204018 0.1534719 0.4720728 2.402627 0.22082 0.1574528 2.073942 0.3141887 0.3415017 2.546932 0.428275 0.2075662 2.063878 0.5002798 0.3339549 2.60131 0.4852876 0.2499855 2.061099 0.5184901 0.3935699 2.577927 0.10744 0.05722286 2.341151 0.131492 -0.01882651 2.341219 0.09694848 -0.07554711 2.331818 0.1801217 -0.05631673 2.354119 0.04943354 -0.5178717 2.366817 0.1716218 -0.5489714 2.614938 -0.03386771 -0.8905188 2.410774 0.1320615 -0.8552488 2.647879 0.02775049 -0.9525215 2.395603 0.1853187 -0.9057287 2.689718
0.07005363 0.6115245 2.268478 0.06292187 0.445275 2.298469 0.0266323 0.3018362 2.203314 0.1537651 0.4724999 2.402125 0.21854 0.1592312 2.074401 0.3173581 0.3460335 2.546787 0.4225721 0.2375688 2.06741 0.5045202 0.3891677 2.5822 0.4671409 0.2870055 2.06601 0.5381687 0.4437885 2.564404 0.1034984 0.05652421 2.339901 0.1256807 -0.02027375 2.340043 0.08968481 -0.08008777 2.309042 0.1587396 -0.0695234 2.378651 0.04954465 -0.5177972 2.366862 0.1715008 -0.5495741 2.615339 -0.03394265 -0.8903849 2.410746 0.132027 -0.8569917 2.650212 0.02655905 -0.9516849 2.396957 0.1858523 -0.9054914 2.6889
0.07244658 0.6119188 2.267374 0.06325796 0.4454826 2.29836 0.02692205 0.3001547 2.204157 0.1541011 0.4727075 2.402016 0.2177393 0.1603789 2.073962 0.3196291 0.3515935 2.548683 0.420921 0.2593477 2.069742 0.5061923 0.3935284 2.587335 0.4647834 0.3093646 2.067174 0.5419971 0.4488564 2.5779 0.1196676 0.06069244 2.344292 0.1491938 -0.01353961 2.34655 0.1252874 -0.07492684 2.342876 0.2116469 -0.04475303 2.363572 0.04942242 -0.5176447 2.366194 0.1719425 -0.5492966 2.615196 -0.03362932 -0.8907029 2.41087 0.1321262 -0.8555982 2.64788 0.02665314 -0.9518084 2.396823 0.1844803 -0.9036852 2.687466
0.07408391 0.6122382 2.266914 0.06351666 0.445909 2.298255 0.02727023 0.2995274 2.204416 0.1543598 0.4731339 2.401911 0.2137587 0.1651163 2.074358 0.3219393 0.3570052 2.550017 0.4041574 0.2712838 2.073404 0.5023466 0.4121221 2.597382 0.4421751 0.3259234 2.074542 0.5624824 0.4304944 2.61757 0.1178927 0.06048662 2.344342 0.1446114 -0.01469225 2.346483 0.1071241 -0.08163098 2.308641 0.1802976 -0.06431435 2.396926 0.04919567 -0.5172931 2.365204 0.1719542 -0.5486928 2.614953 -0.03356905 -0.8907171 2.410843 0.1322169 -0.8536572 2.64624 0.02686498 -0.9520572 2.39675 0.1564571 -0.917486 2.622693
0.07569145 0.6126552 2.266576 0.06439684 0.4461699 2.298324 0.02749467 0.2988611 2.20478 0.15524 0.4733948 2.401979 0.2092823 0.1690792 2.074666 0.323526 0.3607989 2.551716 0.3954722 0.2758805 2.073732 0.4989761 0.439112 2.586856 0.4304386 0.3324764 2.076253 0.5574595 0.4652163 2.60297 0.117091 0.06016073 2.344293 0.1426815 -0.01553355 2.346185 0.1066454 -0.08184041 2.308012 0.180531 -0.0645539 2.396693 0.04901564 -0.5174376 2.365063 0.1718473 -0.5483044 2.614821 -0.03296555 -0.8917054 2.410348 0.1321483 -0.8545151 2.645024 0.02708712 -0.9528735 2.396495 0.1544929 -0.9179554 2.621227
0.07632191 0.6129199 2.266421 0.06510946 0.4462935 2.298612 0.02761528 0.2983095 2.205303 0.1559527 0.4735184 2.402268 0.2064121 0.1721053 2.074286 0.3260691 0.3636737 2.551982 0.3913133 0.2795583 2.07321 0.4986779 0.4416604 2.59689 0.4236388 0.3376991 2.07581 0.5562142 0.467656 2.616259 0.1165276 0.05995801 2.344203 0.1414914 -0.01595983 2.345825 0.1063706 -0.08190729 2.307509 0.1807484 -0.06482312 2.396151 0.04891236 -0.517382 2.36475 0.1723523 -0.5463949 2.614278 -0.03305164 -0.8918106 2.41056 0.1324662 -0.852483 2.642675 0.02701864 -0.9528463 2.396451 0.1538168 -0.9192215 2.620319
0.0770124 0.6129626 2.266438 0.06526233 0.4464807 2.298628 0.02766026 0.2979241 2.205598 0.1561055 0.4737056 2.402284 0.2050771 0.173169 2.07409 0.3261634 0.3645281 2.552468 0.3893523 0.2816126 2.072883 0.4980837 0.4430159 2.598724 0.4230577 0.3389718 2.07531 0.5553905 0.4691785 2.618542 0.1161929 0.05979819 2.344321 0.140975 -0.01625526 2.345936 0.1063407 -0.08196244 2.307474 0.1810782 -0.06492922 2.396091 0.04887622 -0.5172614 2.364463 0.1723591 -0.5466383 2.61438 -0.03315016 -0.8917376 2.410566 0.1324185 -0.8524799 2.642767 0.02700876 -0.9528821 2.396499 0.1789098 -0.89904 2.669312
0.07715584 0.6130437 2.266467 0.06526366 0.4467514 2.298384 0.02777031 0.2970627 2.205995 0.1561069 0.4739764 2.40204 0.2059685 0.1731519 2.074036 0.3264395 0.3653032 2.55227 0.3901783 0.2828836 2.072708 0.4995494 0.4380721 2.602231 0.4241899 0.3400717 2.074878 0.5572527 0.4623284 2.623284 0.1150867 0.06040204 2.343807 0.1395177 -0.01552191 2.345247 0.1062877 -0.08157096 2.306005 0.1807517 -0.06467646 2.395886 0.04921811 -0.515774 2.363633 0.1723405 -0.5460408 2.614473 -0.03339171 -0.8893039 2.409956 0.132358 -0.8518327 2.643022 0.02711542 -0.9526889 2.396646 0.180324 -0.8971294 2.669123
0.07593063 0.6132293 2.2671 0.06514604 0.446983 2.298076 0.02780661 0.2988149 2.205322 0.1559893 0.474208 2.401732 0.2096056 0.1729469 2.073719 0.3249664 0.3647497 2.552777 0.4008226 0.2859647 2.073215 0.5038732 0.4254292 2.599257 0.4331072 0.3441848 2.073434 0.5635089 0.4456557 2.61915 0.1141704 0.05998194 2.343595 0.1384425 -0.01616267 2.345068 0.1059822 -0.08147167 2.305808 0.1805673 -0.06484586 2.395621 0.04975985 -0.5158538 2.364476 0.1723633 -0.5451715 2.615256 -0.03328902 -0.8895551 2.409956 0.1323501 -0.8516489 2.642991 0.02486987 -0.9523162 2.395994 0.1702113 -0.9137233 2.661922
0.07466626 0.6134788 2.268164 0.06512514 0.4470006 2.29809 0.02803151 0.3001266 2.204934 0.1559684 0.4742256 2.401746 0.2129383 0.1712709 2.072975 0.3207411 0.3585284 2.552785 0.4151562 0.2784373 2.069977 0.5019563 0.4167898 2.594518 0.4589506 0.3284328 2.066196 0.5454268 0.4671072 2.591312 0.1134491 0.05976634 2.34353 0.1376241 -0.01644132 2.344975 0.1057162 -0.08129365 2.305494 0.1802958 -0.06489743 2.395479 0.04959049 -0.5158717 2.364368 0.1723761 -0.5451934 2.615267 -0.03317358 -0.8896407 2.410103 0.1327154 -0.8507771 2.643287 0.02487505 -0.9523702 2.396033 0.1438323 -0.9163013 2.608848
0.07292566 0.6136868 2.269926 0.06466899 0.447125 2.29873 0.02695643 0.2986491 2.20634 0.1555122 0.47435 2.402386 0.2132694 0.1710356 2.073086 0.3195476 0.355065 2.551718 0.4297381 0.2627908 2.065624 0.5038226 0.3870396 2.603872 0.4745336 0.3120143 2.064184 0.5512903 0.4337115 2.604327 0.1135148 0.05978759 2.343523 0.1377491 -0.0163373 2.3447 0.1047894 -0.0778887 2.322308 0.189565 -0.05508055 2.359206 0.0496249 -0.5157912 2.364287 0.1723462 -0.5441593 2.615408 -0.03341113 -0.8891788 2.409778 0.1331014 -0.8491743 2.642231 0.02557778 -0.9522632 2.396637 0.1426893 -0.9169337 2.609269
0.07090255 0.6130382 2.270893 0.06368509 0.4473875 2.298818 0.02652369 0.2999651 2.206215 0.1545283 0.4746124 2.402474 0.217406 0.1678324 2.072877 0.3171504 0.35282 2.551397 0.4399683 0.2274457 2.062524 0.5029036 0.366735 2.60567 0.5047934 0.2690233 2.060552 0.547637 0.4160298 2.604937 0.1134456 0.05973135 2.343345 0.1377939 -0.01637821 2.344431 0.1048472 -0.07700515 2.324848 0.1893701 -0.05483403 2.358706 0.04942667 -0.5159927 2.364066 0.172113 -0.544306 2.615337 -0.03334078 -0.8895594 2.409696 0.1331607 -0.849364 2.642123 0.02572319 -0.9524009 2.396629 0.1428648 -0.919965 2.618416
0.06879409 0.6127355 2.27179 0.06112611 0.4485623 2.298088 0.02620988 0.3011654 2.206007 0.1519693 0.4757872 2.401744 0.2205778 0.1647529 2.072286 0.3149179 0.3522029 2.549098 0.441234 0.2086702 2.058686 0.4986331 0.3309016 2.606929 0.5104322 0.2565387 2.059216 0.5221643 0.389678 2.581187 0.1131186 0.05969672 2.34286 0.1377164 -0.01642006 2.343991 0.1048352 -0.07598638 2.326826 0.1887709 -0.05469877 2.357511 0.04911263 -0.5163159 2.363713 0.1721224 -0.5442712 2.615401 -0.03304506 -0.8902232 2.40939 0.1330673 -0.8493239 2.642137 0.02588523 -0.9524778 2.396224 0.1784788 -0.8923936 2.675551
0.06776445 0.6125492 2.272417 0.05864134 0.450174 2.297575 0.02593984 0.3015552 2.206079 0.1494845 0.477399 2.401232 0.2208489 0.1639758 2.072399 0.3115388 0.3495886 2.546344 0.4433244 0.1986335 2.057583 0.487291 0.3101451 2.615641 0.5197825 0.236798 2.05724 0.558322 0.3643978 2.604537 0.1027785 0.05897476 2.341235 0.1258646 -0.01825298 2.342288 0.08975786 -0.07583927 2.331304 0.1737849 -0.05735487 2.354728 0.04898394 -0.5162443 2.363485 0.1721645 -0.5437909 2.615316 -0.03316629 -0.8886821 2.408683 0.1335276 -0.8489568 2.641699 0.02612643 -0.9522907 2.396267 0.1586983 -0.917091 2.626587
0.06616285 0.6124527 2.27295 0.05855213 0.4501857 2.297629 0.02566346 0.3017995 2.206023 0.1493953 0.4774106 2.401285 0.2202838 0.1632239 2.072673 0.3106562 0.3485803 2.546382 0.434534 0.1857254 2.053851 0.4854458 0.3066844 2.616511 0.5144287 0.2272843 2.05518 0.5595313 0.3569952 2.606907 0.1020079 0.05883367 2.341019 0.1251025 -0.01838863 2.342 0.08888468 -0.0758294 2.331669 0.1732958 -0.05741631 2.354415 0.04892347 -0.51622 2.363445 0.1723357 -0.5428687 2.616215 -0.03320377 -0.8883989 2.408555 0.1335831 -0.8482029 2.641513 0.02635337 -0.952224 2.396366 0.1519379 -0.9158123 2.620253
0.0636982 0.6125896 2.274306 0.05760062 0.4504623 2.297808 0.02560781 0.301847 2.205993 0.1484438 0.4776873 2.401464 0.2209428 0.162374 2.072891 0.3097654 0.3484314 2.546182 0.4382061 0.1843101 2.054037 0.484917 0.3070115 2.615787 0.5170741 0.2278015 2.054833 0.556834 0.3595768 2.602479 0.09970562 0.05828608 2.340864 0.1228189 -0.01908247 2.341832 0.08692306 -0.07608328 2.3325 0.1708107 -0.05817131 2.353998 0.04847222 -0.5166457 2.363261 0.1722503 -0.5423857 2.615996 -0.03308599 -0.8887537 2.408526 0.1321351 -0.8500866 2.643041 0.02652145 -0.9522996 2.396151 0.1599662 -0.925209 2.651996
0.06358959 0.6127563 2.275167 0.05756301 0.4505307 2.297872 0.02590431 0.3025238 2.20573 0.1484062 0.4777557 2.401528 0.2214839 0.1608435 2.07313 0.3099825 0.3487281 2.546178 0.4384767 0.1860876 2.054618 0.4868333 0.3111309 2.613975 0.5174132 0.2294648 2.054644 0.5572075 0.3654365 2.599452 0.1021265 0.05873731 2.341076 0.1266339 -0.01824344 2.342041 0.09327567 -0.07443988 2.333329 0.1747372 -0.05677357 2.354683 0.04839299 -0.5166426 2.363263 0.1710446 -0.5444571 2.615841 -0.03318338 -0.8890662 2.408742 0.1310497 -0.8501017 2.641287 0.02655945 -0.9522571 2.395914 0.1940157 -0.8902584 2.604007
0.06360956 0.6132336 2.275783 0.05787487 0.4504325 2.298578 0.02625975 0.3032584 2.205516 0.1487181 0.4776575 2.402234 0.2210617 0.1608291 2.073354 0.3105205 0.3488555 2.546839 0.4363487 0.2034082 2.057073 0.4941065 0.3375954 2.607258 0.507816 0.252366 2.055815 0.5666104 0.3897808 2.595743 0.1038357 0.05881804 2.34128 0.1286949 -0.01799666 2.342088 0.09566566 -0.07390253 2.333777 0.1767748 -0.0562974 2.354598 0.04826608 -0.516614 2.363045 0.1708637 -0.5435883 2.616224 -0.03322037 -0.8888098 2.40878 0.1315301 -0.8498083 2.642101 0.02690892 -0.9520879 2.396118 0.1945279 -0.8899186 2.604825
0.06444888 0.613734 2.276295 0.0581311 0.4510083 2.298982 0.02611071 0.3029642 2.205625 0.1489743 0.4782332 2.402638 0.2182618 0.1616843 2.073727 0.3115721 0.3508534 2.547555 0.430814 0.2330016 2.057508 0.4959314 0.354078 2.606822 0.472782 0.2799565 2.056527 0.5665664 0.4088248 2.595585 0.1055236 0.0595805 2.341737 0.1306363 -0.01714596 2.342511 0.09706865 -0.07386857 2.334314 0.1798284 -0.05532411 2.355332 0.04806815 -0.5166211 2.363009 0.1705909 -0.5430911 2.615628 -0.03320342 -0.8889479 2.408885 0.1311141 -0.849063 2.641454 0.02731083 -0.952285 2.396376 0.1920577 -0.898262 2.674984
0.06574376 0.6140429 2.276511 0.05934459 0.4513648 2.299575 0.02613324 0.303634 2.205333 0.1501878 0.4785898 2.403232 0.217246 0.1620484 2.073548 0.3134025 0.3543851 2.549887 0.4213995 0.2501587 2.061497 0.4990078 0.3787104 2.601563 0.4663081 0.2992831 2.060055 0.5608763 0.3868188 2.623189 0.1153146 0.06507151 2.344497 0.1425699 -0.009645931 2.34569 0.1098718 -0.06849019 2.33739 0.1936789 -0.04471348 2.360301 0.04786635 -0.5167326 2.363024 0.1705818 -0.5431516 2.615056 -0.03349667 -0.8890014 2.40887 0.1309359 -0.8488996 2.641136 0.02731413 -0.9524006 2.396203 0.1468032 -0.9227863 2.622064
0.06746138 0.6152256 2.277115 0.06094592 0.4522015 2.301077 0.02670825 0.304988 2.204721 0.1517891 0.4794264 2.404734 0.2087811 0.1684001 2.07454 0.318165 0.360487 2.552077 0.4011514 0.2655675 2.064978 0.5022825 0.4015076 2.599438 0.4393981 0.3200423 2.066279 0.563655 0.4151811 2.619626 0.1186218 0.06702621 2.345659 0.145722 -0.007681462 2.346642 0.1133474 -0.06679069 2.338548 0.1963025 -0.04271319 2.360965 0.04774988 -0.5167165 2.363097 0.1705771 -0.5432434 2.615086 -0.03356181 -0.8894492 2.409226 0.1307687 -0.8486837 2.640996 0.02521249 -0.9521852 2.396461 0.1474992 -0.9227691 2.622426
0.06908515 0.616193 2.277586 0.06324118 0.4527205 2.303129 0.02744277 0.3054712 2.204499 0.1540844 0.4799455 2.406785 0.2053843 0.1705266 2.074345 0.318778 0.3612397 2.555886 0.3903396 0.2718872 2.066764 0.493801 0.4269117 2.608287 0.4267006 0.3299114 2.069115 0.552142 0.4488024 2.630154 0.1208639 0.06777136 2.346463 0.1477354 -0.006976568 2.347213 0.1153165 -0.06660012 2.339151 0.1981422 -0.04176415 2.361338 0.04772945 -0.5167295 2.363094 0.1707594 -0.5444559 2.61639 -0.03356783 -0.8896216 2.409289 0.1306738 -0.8496847 2.641253 0.02523109 -0.9522356 2.396436 0.1431649 -0.920314 2.614232
0.07022291 0.6167668 2.278616 0.06496664 0.4526775 2.304278 0.02845558 0.3050213 2.205016 0.1558098 0.4799025 2.407935 0.2043429 0.1713041 2.07397 0.3219282 0.3656313 2.558632 0.3852525 0.2772373 2.067746 0.4957762 0.4331722 2.612247 0.4192293 0.3356514 2.070383 0.5537256 0.4556858 2.634519 0.12267 0.06827074 2.347325 0.1494195 -0.006426156 2.347987 0.1169513 -0.06650633 2.339881 0.1997912 -0.0412212 2.362147 0.04830079 -0.5173772 2.365615 0.1709361 -0.5476558 2.617055 -0.03373709 -0.8898333 2.409612 0.1301936 -0.852823 2.64176 0.02531721 -0.9522953 2.396328 0.1479976 -0.9186962 2.618891
0.07108046 0.6170398 2.279181 0.06594418 0.452741 2.304334 0.02831129 0.3030944 2.206146 0.1567874 0.479966 2.40799 0.2013364 0.1727545 2.074018 0.3223121 0.365678 2.559238 0.3816083 0.2797982 2.068552 0.4938122 0.4404445 2.611213 0.4165554 0.3389438 2.071432 0.5509789 0.4653667 2.632938 0.1241474 0.06860175 2.347525 0.150839 -0.006079976 2.348118 0.1178911 -0.06714491 2.339991 0.2024499 -0.04071034 2.362511 0.04848858 -0.5174308 2.366119 0.1705323 -0.5464872 2.616515 -0.03385996 -0.889825 2.409637 0.1308137 -0.8517215 2.641621 0.02532762 -0.9523348 2.396272 0.1496982 -0.9183638 2.619195
0.07177571 0.6175866 2.280002 0.06688602 0.4530319 2.305309 0.0287121 0.3043267 2.205338 0.1577292 0.4802569 2.408965 0.2007469 0.1728755 2.073991 0.3241102 0.366023 2.559449 0.3814787 0.2814247 2.069078 0.4936329 0.4439089 2.612934 0.4158258 0.3400158 2.071799 0.531576 0.525299 2.605972 0.1250415 0.06894301 2.347859 0.1517165 -0.005731057 2.348382 0.1187154 -0.06698172 2.340288 0.2032036 -0.04018528 2.362625 0.04814887 -0.5176249 2.365724 0.1700267 -0.5469128 2.617222 -0.03385873 -0.8899409 2.409687 0.1305766 -0.8523076 2.641565 0.02530028 -0.9522614 2.395979 0.1499961 -0.9167356 2.619081
0.07236397 0.6178836 2.280646 0.06751132 0.4532046 2.305684 0.02968056 0.3050914 2.205104 0.1583546 0.4804296 2.40934 0.200945 0.1726793 2.074257 0.324095 0.364875 2.559572 0.3817068 0.2807158 2.069831 0.4962899 0.4350244 2.614782 0.4164152 0.3396698 2.072423 0.533135 0.5169067 2.607694 0.1254602 0.06888267 2.347836 0.1521258 -0.005829155 2.34834 0.1192458 -0.06698 2.340272 0.2033759 -0.04027985 2.362527 0.04951813 -0.5175739 2.36769 0.1704415 -0.5462931 2.617934 -0.03389717 -0.889648 2.409769 0.1309776 -0.8517925 2.641621 0.02550071 -0.9520615 2.395858 0.1831853 -0.8954884 2.677698
0.07280747 0.618106 2.281291 0.06764469 0.4533601 2.305926 0.03020155 0.3056891 2.204944 0.1584879 0.4805851 2.409583 0.2053035 0.1710135 2.075004 0.3245404 0.3633286 2.558388 0.3989284 0.2817404 2.073541 0.5070843 0.4022054 2.611657 0.4305992 0.3402879 2.074596 0.5425152 0.484723 2.604731 0.1258285 0.06876015 2.347818 0.152599 -0.006023816 2.348284 0.1197916 -0.06702057 2.340365 0.2037507 -0.04051207 2.362235 0.05008178 -0.5174962 2.369219 0.1707253 -0.5459125 2.618535 -0.0339597 -0.8896213 2.40995 0.1310139 -0.8515379 2.641232 0.02550666 -0.9519443 2.395499 0.130707 -0.9141675 2.595051
0.07269228 0.6182512 2.281466 0.06740668 0.4538901 2.306106 0.02998654 0.3049308 2.205517 0.1582499 0.481115 2.409762 0.2117031 0.1674859 2.075919 0.3187624 0.3537555 2.556661 0.4092838 0.2624351 2.07097 0.5055146 0.3985786 2.592103 0.4634307 0.3011091 2.068904 0.5436994 0.4529749 2.595948 0.1262079 0.06895172 2.347941 0.1531138 -0.005850325 2.348382 0.1202358 -0.0672119 2.340562 0.2047044 -0.04029037 2.362237 0.05002243 -0.5172319 2.36875 0.1703304 -0.546558 2.616293 -0.03403027 -0.8889903 2.409741 0.1317957 -0.8520231 2.6409 0.02608319 -0.9515731 2.395851 0.1403961 -0.9195178 2.609036
0.07217597 0.6182848 2.28167 0.06587948 0.4552258 2.305497 0.02897316 0.3038669 2.206136 0.1567227 0.4824507 2.409153 0.2165298 0.1642994 2.075969 0.3167869 0.3504127 2.552928 0.4297751 0.233734 2.06946 0.5029058 0.3730597 2.603747 0.474425 0.2830867 2.067866 0.5736532 0.428534 2.598299 0.1263854 0.06922948 2.347952 0.1534132 -0.005580015 2.348393 0.1205046 -0.06733508 2.340555 0.2053832 -0.03983292 2.362395 0.04981536 -0.5170637 2.368024 0.1710806 -0.5455955 2.614908 -0.03400281 -0.888749 2.409721 0.1321669 -0.8507179 2.641261 0.02696203 -0.9517765 2.396361 0.1469467 -0.9198136 2.619111
0.07017613 0.6184925 2.282513 0.06471194 0.456027 2.304974 0.02899029 0.304525 2.205686 0.1555552 0.4832519 2.408629 0.2198789 0.1614706 2.075858 0.3149639 0.3505157 2.552477 0.4367331 0.2121247 2.066342 0.5017195 0.3450398 2.605184 0.5052049 0.251509 2.064631 0.5646407 0.4086388 2.594771 0.120986 0.06804592 2.345579 0.1466707 -0.007793382 2.345551 0.1145017 -0.06756877 2.337721 0.1946534 -0.04488883 2.358514 0.04944441 -0.5170835 2.367588 0.1710041 -0.5452733 2.615166 -0.03384337 -0.8892804 2.410054 0.1327083 -0.8504832 2.641458 0.02697251 -0.9519651 2.396473 0.1474722 -0.91988 2.619278
0.06904779 0.6187316 2.282631 0.06363702 0.4566439 2.304775 0.02922935 0.3047164 2.205274 0.1544802 0.4838688 2.408432 0.2221918 0.1587001 2.075971 0.3148026 0.3495653 2.550172 0.4411896 0.2010869 2.065521 0.4934795 0.3151068 2.615322 0.5113261 0.2416301 2.064274 0.5660285 0.3670564 2.60306 0.1190926 0.06723008 2.345011 0.1447524 -0.008952064 2.345033 0.1129266 -0.06809498 2.33726 0.1925655 -0.04640123 2.358011 0.04915908 -0.5172437 2.366992 0.1709175 -0.5454305 2.615252 -0.03384064 -0.8893695 2.410052 0.131285 -0.8509573 2.643978 0.02705317 -0.9520395 2.396186 0.146311 -0.9196803 2.619511
0.06820336 0.6190736 2.282907 0.06305993 0.4567687 2.304493 0.02939846 0.3050307 2.204904 0.1539032 0.4839935 2.408149 0.2249877 0.1561129 2.07597 0.3149141 0.3494261 2.549015 0.4430318 0.1970681 2.065259 0.4772562 0.2805256 2.626088 0.5157213 0.2357833 2.064164 0.5489396 0.3339353 2.615071 0.1179102 0.06657504 2.344617 0.1435823 -0.00976438 2.344722 0.1118369 -0.0684222 2.33707 0.1914152 -0.04730238 2.357656 0.04898555 -0.5175298 2.366793 0.172075 -0.5446904 2.615925 -0.03347551 -0.890475 2.410961 0.1308825 -0.8496029 2.641737 0.02706299 -0.9521888 2.396348 0.1463081 -0.9188822 2.619687
0.0677096 0.6195425 2.283239 0.06246214 0.4570725 2.304367 0.02952289 0.3051013 2.204805 0.1533054 0.4842974 2.408023 0.2249831 0.1559851 2.076036 0.3141613 0.3492357 2.54864 0.443416 0.1945866 2.064815 0.4809099 0.288671 2.623634 0.5178259 0.2333636 2.063606 0.5534625 0.3409202 2.612741 0.1192821 0.06728585 2.345219 0.1460916 -0.00859368 2.345771 0.1149305 -0.06773117 2.338085 0.1952794 -0.04458366 2.359577 0.04849486 -0.5177328 2.366272 0.1717594 -0.5446124 2.615674 -0.03318166 -0.8906213 2.410873 0.1310836 -0.8495356 2.641827 0.02497599 -0.9516888 2.395964 0.1933151 -0.8992308 2.695413
0.06773725 0.6195478 2.283277 0.06246349 0.4570729 2.304385 0.0298406 0.3052563 2.204633 0.1533067 0.4842977 2.408041 0.2253014 0.1553163 2.076163 0.3141621 0.349247 2.548666 0.4412829 0.1933856 2.064949 0.4893444 0.3058959 2.617217 0.5163644 0.2335266 2.063425 0.5617923 0.3586236 2.608059 0.1215166 0.06799693 2.346044 0.1490669 -0.007533603 2.34682 0.1180438 -0.06725068 2.338651 0.1990235 -0.04242983 2.361475 0.04848135 -0.5175521 2.366084 0.171859 -0.5448828 2.615829 -0.03342272 -0.8900982 2.410764 0.1313228 -0.8498608 2.641764 0.02430452 -0.95081 2.396121 0.1508177 -0.9205487 2.620469
0.06778484 0.6193803 2.283148 0.06253843 0.4569348 2.304333 0.02996126 0.3054458 2.204587 0.1533817 0.4841596 2.407989 0.2249214 0.1550661 2.076294 0.3143615 0.349315 2.548659 0.4393328 0.1970533 2.06482 0.4933007 0.3186164 2.614765 0.507974 0.2466167 2.063099 0.5213897 0.3726366 2.587841 0.1191568 0.06623214 2.345099 0.1453057 -0.01019117 2.345469 0.113546 -0.06870362 2.337321 0.1934307 -0.04735693 2.359193 0.04819815 -0.5175437 2.365622 0.1714933 -0.5443015 2.614547 -0.03336362 -0.8897731 2.41064 0.1298688 -0.8544098 2.645613 0.02660766 -0.9508591 2.395823 0.1503035 -0.9208747 2.630657
0.06779399 0.6189702 2.283109 0.06286342 0.4567038 2.304796 0.02992183 0.3042158 2.205305 0.1537066 0.4839287 2.408452 0.2242729 0.1552725 2.076478 0.3151905 0.3505517 2.549814 0.4324788 0.2164226 2.066689 0.4966187 0.3406625 2.615587 0.47837 0.2645551 2.063647 0.5336141 0.3903923 2.591291 0.1219824 0.06689119 2.346589 0.1490902 -0.008973255 2.347244 0.1169057 -0.06906511 2.339336 0.200004 -0.04469538 2.361356 0.04818851 -0.5175461 2.365619 0.1712324 -0.5422819 2.612105 -0.03351028 -0.8900334 2.411067 0.1300856 -0.8527828 2.644749 0.0265675 -0.9511535 2.39577 0.1765302 -0.898734 2.672406
0.06797021 0.6187825 2.282995 0.06312145 0.4565683 2.304822 0.03050999 0.3049457 2.204995 0.1539647 0.4837931 2.408478 0.2204303 0.1584474 2.076975 0.3165866 0.3545485 2.551967 0.4286304 0.2437021 2.06993 0.502098 0.3740122 2.605529 0.4724854 0.2936822 2.066674 0.5401978 0.4274936 2.594574 0.1201901 0.0653071 2.346135 0.1462426 -0.01133961 2.346625 0.113874 -0.07020342 2.33901 0.1953155 -0.04866533 2.359886 0.04805198 -0.5176214 2.365568 0.1708093 -0.5410256 2.611904 -0.03339589 -0.8902183 2.411351 0.1301392 -0.8502986 2.643595 0.02658051 -0.951206 2.395674 0.141427 -0.9158629 2.610039
0.0691731 0.6183426 2.282754 0.06493419 0.4555818 2.305864 0.03102206 0.3055274 2.204719 0.1557774 0.4828066 2.40952 0.2188542 0.1591894 2.077005 0.3193939 0.3565155 2.554272 0.4250972 0.2553997 2.070964 0.5026727 0.3915049 2.607668 0.4670441 0.3070443 2.068704 0.5637656 0.403168 2.629866 0.1188031 0.06364934 2.346884 0.1440682 -0.0134481 2.347507 0.1091617 -0.07660425 2.320848 0.185619 -0.06369226 2.390598 0.04801624 -0.5177006 2.365606 0.1708166 -0.5410757 2.611932 -0.03338344 -0.8902678 2.411012 0.131281 -0.8495531 2.642787 0.0266309 -0.9512709 2.39575 0.1951756 -0.8990664 2.678513
0.07579416 0.6183375 2.27949 0.06570488 0.4551663 2.305714 0.03193609 0.3067449 2.204454 0.1565481 0.4823911 2.40937 0.2162488 0.1615822 2.076651 0.3232611 0.3600595 2.554008 0.4078012 0.2633287 2.072389 0.5021012 0.4010653 2.615539 0.4467432 0.3172856 2.074381 0.5617146 0.4147339 2.64045 0.1220042 0.0643269 2.34766 0.1484572 -0.01199399 2.348637 0.1194465 -0.07112419 2.33515 0.2037727 -0.04614925 2.369497 0.04819892 -0.5173042 2.365095 0.1715174 -0.5401886 2.613315 -0.03374552 -0.8896496 2.410758 0.1318235 -0.849148 2.642477 0.02680473 -0.9509641 2.395965 0.194942 -0.8988667 2.677778
0.07799866 0.6183918 2.278399 0.06651048 0.4546667 2.30487 0.03248441 0.3069755 2.20432 0.1573537 0.4818917 2.408527 0.2138011 0.1634465 2.076548 0.323553 0.3625179 2.555741 0.4038844 0.2664337 2.07315 0.4987992 0.4004184 2.626815 0.443203 0.3201039 2.075455 0.5572146 0.4130519 2.654906 0.1239117 0.06490804 2.347753 0.150759 -0.01101238 2.348892 0.1210207 -0.07049312 2.336741 0.204646 -0.04504195 2.368548 0.04902663 -0.5175334 2.367417 0.1714693 -0.5401968 2.613383 -0.03375119 -0.8896497 2.410751 0.131868 -0.8488566 2.642571 0.0265105 -0.9510093 2.395432 0.1489502 -0.91634 2.62887
0.07918811 0.6181622 2.277578 0.06718026 0.4541888 2.304669 0.03259048 0.3070875 2.204354 0.1580234 0.4814138 2.408325 0.2122082 0.1643379 2.076826 0.3238136 0.3632326 2.556744 0.395484 0.2668535 2.074519 0.4975958 0.3997335 2.631391 0.4366357 0.3191038 2.077381 0.5555232 0.4119004 2.660673 0.1253786 0.06549636 2.348051 0.1524089 -0.01007603 2.349248 0.1219576 -0.06991676 2.338081 0.2056806 -0.04385261 2.367783 0.04893659 -0.5174978 2.367308 0.1707253 -0.5427771 2.613022 -0.03369975 -0.8898599 2.41107 0.1324374 -0.8486654 2.643168 0.0264247 -0.9510431 2.395272 0.1924626 -0.8993067 2.677597
0.0794227 0.6181256 2.277001 0.06741615 0.4536647 2.303556 0.03266355 0.3071444 2.204426 0.1582593 0.4808897 2.407213 0.2119726 0.1645419 2.076983 0.3250211 0.3648351 2.556132 0.3953871 0.2669556 2.074579 0.4974931 0.3983237 2.634482 0.4366118 0.3191506 2.077399 0.5549837 0.4094865 2.664998 0.1260701 0.06566265 2.347773 0.1531743 -0.009805566 2.348994 0.1223636 -0.06978409 2.338462 0.2062617 -0.04322086 2.366463 0.04878959 -0.517517 2.367005 0.1710673 -0.5423245 2.613331 -0.03369079 -0.8898541 2.411067 0.1325646 -0.8484889 2.642961 0.02631923 -0.9513196 2.39553 0.1592561 -0.9159193 2.632024
0.07911608 0.6178941 2.277065 0.06802018 0.4528332 2.303714 0.03288411 0.3072231 2.204425 0.1588634 0.4800583 2.407371 0.2119867 0.164083 2.077041 0.2845736 0.3384784 2.571185 0.3974526 0.2638939 2.07432 0.468013 0.4030159 2.595853 0.4446611 0.3108193 2.075353 0.5291594 0.4245284 2.608476 0.126627 0.06577091 2.347749 0.1537362 -0.009546 2.348909 0.1228115 -0.06943075 2.338712 0.2064044 -0.04295996 2.365979 0.04868851 -0.5175089 2.366542 0.1715153 -0.5443018 2.613699 -0.0335153 -0.8899382 2.410446 0.1326097 -0.848874 2.643111 0.02712437 -0.9516527 2.395445 0.1605638 -0.9152203 2.633096
0.07973915 0.6172853 2.276181 0.06803923 0.4522516 2.302986 0.03289704 0.3071983 2.204424 0.1588825 0.4794766 2.406643 0.2122311 0.1610492 2.077888 0.2812486 0.3376764 2.572466 0.4059005 0.2368345 2.070409 0.462152 0.4162066 2.578131 0.4506159 0.2876602 2.070825 0.4857552 0.4726916 2.569063 0.1235303 0.08266553 2.34409 0.1488529 0.01583704 2.344143 0.1208021 -0.03811148 2.324047 0.1975116 -0.02633306 2.368932 0.04878241 -0.5172996 2.366084 0.172213 -0.543368 2.613769 -0.03364271 -0.8897845 2.410279 0.1330124 -0.8480566 2.642321 0.02707744 -0.9516994 2.395395 0.1601042 -0.9154685 2.632613
0.07871506 0.6166288 2.275459 0.06794158 0.4513279 2.302755 0.03287776 0.3068638 2.20433 0.1587848 0.4785529 2.406411 0.2119544 0.1573884 2.078389 0.2833349 0.3377631 2.571579 0.4088515 0.1792419 2.063122 0.4675331 0.4067943 2.581959 0.4801261 0.2342967 2.064121 0.4984711 0.4634199 2.580862 0.1168789 0.08511633 2.341745 0.1405533 0.01731455 2.34143 0.1122753 -0.03598288 2.321793 0.183594 -0.02592143 2.365175 0.04872502 -0.5173501 2.365884 0.1701186 -0.5432699 2.610273 -0.03369551 -0.8898522 2.410255 0.1326061 -0.8478475 2.6406 0.02701592 -0.9517562 2.395426 0.1573559 -0.9181781 2.631695
0.07643848 0.6157496 2.274598 0.06757588 0.4507181 2.302226 0.03254648 0.3066477 2.204259 0.1584191 0.477943 2.405883 0.212062 0.1539633 2.078698 0.281304 0.3360425 2.571313 0.4326997 0.1683052 2.065262 0.4952694 0.4147786 2.575819 0.5005079 0.2196012 2.063495 0.5421353 0.4606031 2.587454 0.1145796 0.08657668 2.340517 0.1383367 0.01833189 2.340301 0.1098501 -0.03582343 2.319018 0.1818049 -0.02541013 2.365618 0.04872437 -0.5172873 2.365614 0.1703115 -0.5429995 2.610331 -0.03373336 -0.8897756 2.410055 0.1329249 -0.8476511 2.640334 0.02700161 -0.9518358 2.395171 0.1572495 -0.9184188 2.630328
0.0748778 0.6152546 2.274366 0.06741565 0.4499319 2.302352 0.03173802 0.306412 2.204257 0.1582589 0.4771568 2.406008 0.2117796 0.1507714 2.079066 0.2771609 0.3315778 2.571191 0.4333956 0.1511118 2.064836 0.5037108 0.4045618 2.575351 0.5143647 0.1834516 2.063527 0.5439892 0.4574973 2.578012 0.1138391 0.07184736 2.340576 0.137923 -0.004988685 2.340371 0.1043771 -0.06452808 2.329405 0.1851536 -0.04297005 2.358078 0.04866326 -0.5171872 2.365315 0.170137 -0.5497726 2.614211 -0.03362408 -0.8900055 2.410037 0.1326334 -0.8543841 2.644349 0.02698099 -0.9519271 2.395171 0.1459374 -0.9194234 2.617868
0.07287152 0.6140577 2.274098 0.06665465 0.4491808 2.302399 0.03152961 0.3059376 2.204215 0.1574979 0.4764057 2.406055 0.213365 0.1442012 2.079075 0.2766989 0.3306304 2.570901 0.4093946 0.1159722 2.060671 0.4715305 0.3410042 2.592119 0.492162 0.1514441 2.062486 0.5185447 0.3727315 2.574975 0.1136672 0.06770106 2.340642 0.1381024 -0.008501584 2.340482 0.1046567 -0.06646598 2.330148 0.1856121 -0.04643813 2.356846 0.04895907 -0.5165504 2.364381 0.1709135 -0.5495639 2.614695 -0.03336095 -0.8895597 2.409959 0.1326841 -0.8541861 2.644276 0.02739291 -0.9518759 2.395656 0.1436597 -0.9186924 2.61541
