0.06898091 0.6987322 2.392617 0.02879523 0.5190824 2.41755 -0.04079903 0.4022742 2.279971 0.2097887 0.4405493 2.634185 0.03050476 0.2760374 2.111249 0.3538072 0.3529217 2.715541 0.2136582 0.4207296 2.032212 0.449232 0.5151008 2.633586 0.2477414 0.4886879 2.033433 0.4952797 0.5914582 2.612755 0.08496833 0.1575898 2.427391 0.09914325 0.08523321 2.430601 0.04814523 0.01680887 2.386647 0.1736766 0.02494295 2.471423 0.0142548 -0.4935342 2.447623 0.1614402 -0.4844881 2.687951 -0.03020331 -0.8673328 2.492724 0.09189662 -0.8256339 2.697744 0.02906037 -0.931492 2.455419 0.1412519 -0.8910037 2.763811
0.06776525 0.6988245 2.390686 0.02921265 0.5193796 2.417406 -0.04180296 0.4029933 2.27941 0.2102061 0.4408465 2.634041 -0.0104494 0.2504306 2.126973 0.3478687 0.3471951 2.718575 0.1934696 0.413901 2.042247 0.4516435 0.5635679 2.620694 0.2408095 0.4995127 2.041069 0.5018597 0.6148192 2.608903 0.0853782 0.1583978 2.426966 0.09950142 0.08628982 2.430107 0.04821213 0.01699151 2.387042 0.1739697 0.02747944 2.469344 0.01428817 -0.4935527 2.44761 0.1616829 -0.4846129 2.688343 -0.03022882 -0.867653 2.493677 0.09210165 -0.8253756 2.69776 0.02890579 -0.9314309 2.455471 0.1382519 -0.889741 2.762294
0.06780542 0.6988115 2.390488 0.02958743 0.519193 2.417156 -0.04223674 0.4031975 2.278855 0.2105809 0.4406599 2.633791 -0.01032396 0.250304 2.12697 0.3474637 0.3464085 2.718771 0.1928927 0.4150923 2.043307 0.4323013 0.5138475 2.63276 0.2404509 0.5005262 2.041959 0.4800969 0.5930116 2.612618 0.08552608 0.1578166 2.426612 0.09955291 0.08566774 2.429759 0.04683953 0.01506872 2.385796 0.1749791 0.02523817 2.470024 0.01442528 -0.4936318 2.44766 0.1617621 -0.4937996 2.693119 -0.03011678 -0.8678185 2.493488 0.09127475 -0.8320946 2.696784 0.0292203 -0.9314507 2.454933 0.137138 -0.8898529 2.776828
0.06771918 0.6988357 2.390114 0.02969941 0.5188714 2.416779 -0.04236177 0.4027551 2.27801 0.2106928 0.4403384 2.633414 0.02593695 0.27463 2.113534 0.352344 0.3507957 2.716294 0.2084784 0.4271755 2.038032 0.4729175 0.5609426 2.614267 0.2427487 0.5001068 2.041451 0.5068395 0.6247386 2.606119 0.08521958 0.1572553 2.42645 0.09909878 0.0850521 2.429664 0.04587097 0.01518399 2.3863 0.1741131 0.02297462 2.469885 0.01475336 -0.4928938 2.447372 0.1617841 -0.4935544 2.69327 -0.02982345 -0.8677675 2.493026 0.09175269 -0.8369036 2.699982 0.02910946 -0.9316137 2.455013 0.1415292 -0.8938845 2.778227
0.06804422 0.6986434 2.390251 0.02986137 0.5186856 2.416988 -0.04287259 0.4027442 2.278012 0.2108548 0.4401526 2.633624 0.0288986 0.2764852 2.113585 0.3578125 0.3563809 2.714042 0.2190161 0.423879 2.0321 0.4834991 0.5385177 2.624066 0.2666785 0.4923169 2.029733 0.5172686 0.6013776 2.610101 0.08526459 0.1573208 2.426522 0.09913105 0.0851962 2.429749 0.04585557 0.01526469 2.386245 0.1743805 0.022345 2.470958 0.01482941 -0.4930189 2.447455 0.1619342 -0.4938186 2.69355 -0.02978851 -0.8677904 2.493017 0.09196641 -0.83682 2.700027 0.02752547 -0.9307213 2.455705 0.140067 -0.8871921 2.783671
0.06812103 0.6985196 2.39028 0.02923716 0.5184987 2.417458 -0.04296762 0.4022851 2.279289 0.2102306 0.4399656 2.634093 0.03035918 0.277604 2.114249 0.4183231 0.4003072 2.694037 0.2424184 0.4026865 2.009846 0.5307925 0.5515966 2.6131 0.293027 0.4742346 2.00634 0.5785254 0.6061879 2.607814 0.08554991 0.1570272 2.426902 0.09962206 0.08486442 2.430199 0.04696789 0.0152373 2.386783 0.1748423 0.02155136 2.471942 0.01496306 -0.4932154 2.447408 0.1617772 -0.4956631 2.695506 -0.02973618 -0.8682113 2.492726 0.09244844 -0.8366612 2.700254 0.02849085 -0.9313125 2.454933 0.1403343 -0.8879984 2.783436
0.06784584 0.6986371 2.390423 0.02857176 0.5181233 2.417631 -0.04270341 0.4035311 2.280636 0.2095652 0.4395902 2.634267 0.02593409 0.2758023 2.115764 0.4109644 0.3828206 2.704715 0.2506984 0.3864285 1.999244 0.5553042 0.5125926 2.642149 0.3141701 0.4495057 1.982881 0.5949677 0.572939 2.633695 0.08369195 0.1654796 2.428183 0.09731112 0.09781473 2.431961 0.04877223 0.02222844 2.38097 0.1703914 0.02755366 2.483864 0.01493707 -0.4933508 2.447392 0.1614842 -0.4972321 2.695858 -0.02964395 -0.8682572 2.492796 0.09216025 -0.8387352 2.700752 0.02858377 -0.9314365 2.454449 0.1403132 -0.889586 2.784081
0.06748526 0.6986487 2.390663 0.02737643 0.517616 2.417627 -0.0422987 0.4016865 2.283855 0.2083699 0.439083 2.634263 0.08965725 0.2599483 2.067858 0.4104781 0.3789942 2.706555 0.2796849 0.377679 1.97968 0.5701533 0.4920297 2.650522 0.3285531 0.4328163 1.968569 0.6138517 0.5498677 2.64493 0.08340321 0.1673321 2.428324 0.09724717 0.0996896 2.43208 0.05062282 0.0236837 2.378489 0.1697857 0.02782374 2.486097 0.01501437 -0.4936326 2.447449 0.1614687 -0.4972743 2.695851 -0.02966326 -0.8686894 2.493573 0.09472001 -0.833182 2.70419 0.02870257 -0.9314699 2.454301 0.1411659 -0.8888915 2.785357
0.06747483 0.6988587 2.391865 0.02682692 0.517213 2.41773 -0.04176158 0.4017404 2.283959 0.2078204 0.43868 2.634366 0.0888043 0.2590725 2.067691 0.4092792 0.3727782 2.709849 0.3016683 0.3668607 1.968953 0.5849121 0.4628394 2.662822 0.338225 0.4033922 1.957414 0.627029 0.5217786 2.656665 0.08359706 0.1694826 2.42878 0.09770373 0.1021991 2.432595 0.05245619 0.02562641 2.376705 0.1699704 0.02907636 2.489211 0.01504423 -0.4937963 2.447544 0.1626832 -0.490492 2.692968 -0.02954377 -0.8687795 2.493397 0.09423892 -0.8302339 2.702828 0.02895689 -0.9316621 2.454131 0.1436419 -0.8865371 2.781812
0.06642275 0.6989911 2.391527 0.02627953 0.5170459 2.417612 -0.04012997 0.4022459 2.284953 0.207273 0.4385129 2.634247 0.02388071 0.2688217 2.111278 0.3975406 0.3597518 2.716963 0.258946 0.3477168 1.988719 0.5705436 0.4533449 2.666151 0.3392706 0.3969763 1.957654 0.6127908 0.512199 2.660113 0.08352087 0.1702354 2.428939 0.09772188 0.1028888 2.43279 0.05319047 0.02614515 2.375796 0.1695566 0.02932667 2.491174 0.0148261 -0.4942069 2.447727 0.1625348 -0.4920641 2.693836 -0.02952058 -0.8688735 2.493314 0.09223519 -0.8350173 2.699555 0.02909003 -0.9317455 2.454074 0.1431584 -0.8888367 2.779304
0.0663655 0.6990277 2.391699 0.02680044 0.5165517 2.418288 -0.0392723 0.4022977 2.284942 0.2077939 0.4380187 2.634924 0.02550661 0.2687832 2.110057 0.3978305 0.3584222 2.717129 0.2613462 0.346307 1.988194 0.5705115 0.4530208 2.667387 0.3398896 0.3952175 1.958987 0.6127859 0.5118605 2.661399 0.08380709 0.1705499 2.429218 0.09794483 0.1031428 2.432988 0.05342858 0.02651077 2.375831 0.169629 0.02935006 2.491302 0.01484843 -0.4943073 2.447749 0.1641449 -0.4852449 2.692055 -0.02970022 -0.8688454 2.493476 0.09187026 -0.8295473 2.698077 0.02888469 -0.9315585 2.454304 0.1430777 -0.8841897 2.763539
0.06631476 0.6990074 2.391706 0.02749295 0.5163003 2.418923 -0.03701474 0.402058 2.28536 0.2084864 0.4377673 2.635558 0.02613536 0.2685844 2.109582 0.3625413 0.3330464 2.724513 0.262435 0.3452619 1.988127 0.5409096 0.4378398 2.672101 0.3390604 0.3920062 1.960001 0.6345812 0.4670128 2.665152 0.08398717 0.1711287 2.4297 0.09802086 0.1036793 2.433417 0.05360885 0.02683033 2.375382 0.1693488 0.02858033 2.493598 0.01472611 -0.4947829 2.447783 0.1623776 -0.4900196 2.692992 -0.02944481 -0.8711985 2.49301 0.0910655 -0.8325683 2.698829 0.02881928 -0.9315704 2.454281 0.1449715 -0.8914339 2.772848
0.06622685 0.6990252 2.391626 0.02761634 0.5162648 2.418918 -0.03553946 0.4012326 2.284817 0.2086098 0.4377318 2.635554 0.02732433 0.267702 2.10851 0.4131055 0.3646048 2.712537 0.2639155 0.3451348 1.988245 0.5818432 0.4637322 2.656821 0.3363905 0.3920144 1.963502 0.6276596 0.4705529 2.66067 0.08416118 0.171926 2.430021 0.09815852 0.104537 2.433813 0.05383811 0.02710074 2.375157 0.1692894 0.02898591 2.494804 0.01469484 -0.4947547 2.447751 0.1610724 -0.492021 2.694307 -0.0291278 -0.8709812 2.492755 0.09140614 -0.8349147 2.699882 0.03016014 -0.9322104 2.454171 0.1450752 -0.8937999 2.77406
0.06627458 0.6991233 2.391436 0.02831654 0.516184 2.419185 -0.03452731 0.4010316 2.284328 0.20931 0.437651 2.635821 0.0288192 0.2679328 2.107774 0.353795 0.3309875 2.726298 0.2653824 0.3487622 1.990002 0.5391412 0.4412389 2.666294 0.3313845 0.3960599 1.969666 0.6143972 0.4728401 2.658174 0.08434688 0.1720517 2.430184 0.09826579 0.1046012 2.433939 0.05385993 0.0271433 2.375212 0.1693292 0.02903686 2.494839 0.01469147 -0.4947541 2.447744 0.1618848 -0.4895951 2.695121 -0.02908164 -0.8709096 2.492669 0.0915376 -0.8349053 2.700353 0.02865104 -0.9312441 2.453883 0.1455658 -0.8936596 2.774375
0.06786798 0.700832 2.391794 0.02892139 0.5163654 2.419235 -0.03417103 0.4009031 2.283924 0.2099149 0.4378324 2.635871 0.02983977 0.2680414 2.106984 0.4097917 0.3684035 2.711746 0.2644332 0.3576531 1.991983 0.5681118 0.4797603 2.647108 0.326738 0.4166879 1.979709 0.5876397 0.4753547 2.654435 0.08520883 0.1690757 2.430364 0.09921187 0.09964043 2.434156 0.05347317 0.02546819 2.377317 0.1702436 0.02565769 2.492032 0.01471868 -0.4947766 2.447732 0.1617202 -0.4895763 2.695066 -0.02897885 -0.8710608 2.49297 0.0907814 -0.8366275 2.698919 0.02862267 -0.9311805 2.453835 0.1443296 -0.8939936 2.774366
0.06899928 0.7010819 2.391536 0.03158949 0.5155889 2.418707 -0.03435869 0.4008908 2.283002 0.212583 0.4370559 2.635342 0.03268553 0.2686287 2.105343 0.3853812 0.3605231 2.708596 0.2607634 0.3801348 1.997445 0.5263966 0.4919562 2.641057 0.3165713 0.433071 1.988707 0.5814052 0.5489772 2.637969 0.08612153 0.1664706 2.429958 0.09976918 0.09657915 2.433712 0.05222002 0.02365471 2.379239 0.1716309 0.02295762 2.488345 0.01455706 -0.4947744 2.447764 0.1602523 -0.4921683 2.696047 -0.02885133 -0.8710864 2.493602 0.08973961 -0.8395422 2.699905 0.02855168 -0.9312543 2.453896 0.140053 -0.8939926 2.766744
0.07078301 0.7004809 2.390654 0.03338826 0.5151193 2.417685 -0.03571157 0.4019829 2.280815 0.2143817 0.4365863 2.63432 0.03489694 0.2701428 2.104605 0.37631 0.3591833 2.707821 0.2533406 0.3965697 2.006342 0.51292 0.5058619 2.633936 0.3038251 0.4598606 2.004752 0.5623587 0.5589188 2.628963 0.08703028 0.1627346 2.429039 0.1003785 0.09193569 2.432781 0.05040095 0.02084295 2.382762 0.173394 0.01953914 2.482023 0.01489074 -0.4941494 2.447374 0.1600243 -0.4926679 2.696308 -0.02887825 -0.8705109 2.493356 0.08977969 -0.8364623 2.699624 0.02817629 -0.9309395 2.454082 0.139979 -0.8922703 2.763062
0.07236678 0.6995978 2.389265 0.03541293 0.5148643 2.416173 -0.03784275 0.4029133 2.281264 0.2164064 0.4363313 2.632808 0.03502059 0.2713444 2.104861 0.3704209 0.3589824 2.707983 0.2353943 0.4151101 2.02196 0.4969217 0.5172691 2.632626 0.2836041 0.4785463 2.021525 0.5392876 0.5808951 2.621267 0.08712073 0.1601581 2.427707 0.100001 0.08880121 2.431358 0.04798266 0.01903354 2.384969 0.1735848 0.01630001 2.475407 0.01511707 -0.492308 2.446648 0.1603983 -0.4885015 2.693913 -0.02930202 -0.8696303 2.492282 0.09002161 -0.8357345 2.699763 0.02817436 -0.9309329 2.454072 0.1400582 -0.892183 2.763024
0.07373992 0.7001318 2.388513 0.03775851 0.5159386 2.416821 -0.03926202 0.4028984 2.277719 0.218752 0.4374056 2.633456 0.03422632 0.2731714 2.105678 0.3688073 0.3565952 2.711799 0.2258496 0.4236587 2.029911 0.4616848 0.5204323 2.630404 0.2745264 0.4869068 2.028154 0.5062572 0.5859596 2.615586 0.08778054 0.1592698 2.427622 0.1005378 0.08760928 2.431162 0.04588974 0.01640242 2.386038 0.1761708 0.01671845 2.47425 0.01500161 -0.4922923 2.446554 0.1598719 -0.489725 2.693352 -0.0294024 -0.8695235 2.492097 0.09030798 -0.8367186 2.700181 0.02819994 -0.9308728 2.453658 0.1389023 -0.8885896 2.782638
0.07429707 0.7002254 2.387955 0.04018603 0.5158581 2.415886 -0.03975169 0.4028608 2.276685 0.2211795 0.4373251 2.632522 0.04970742 0.2914602 2.100713 0.3866204 0.3796353 2.702672 0.2159079 0.4298061 2.036992 0.4501312 0.5620432 2.616775 0.2452838 0.4968701 2.043087 0.509093 0.6041579 2.611009 0.08762881 0.1606315 2.427002 0.09977517 0.08988231 2.430368 0.04088883 0.02390977 2.393512 0.174812 0.02689075 2.463254 0.0148943 -0.4923358 2.446522 0.1619928 -0.4802402 2.689683 -0.02920206 -0.8697072 2.492341 0.09132852 -0.8324227 2.700983 0.02818666 -0.9309181 2.453627 0.1413926 -0.8893535 2.779111
0.07439333 0.7003142 2.387474 0.04415122 0.5175632 2.414296 -0.0400027 0.4029304 2.275641 0.2251447 0.4390301 2.630931 -0.01156143 0.2520117 2.120623 0.3891422 0.3805075 2.70301 0.1800025 0.4379126 2.061416 0.4418278 0.5620567 2.614182 0.2321223 0.5072126 2.053708 0.4809826 0.6185401 2.590519 0.0887983 0.1597265 2.42568 0.1006568 0.08851115 2.42897 0.04040867 0.01449963 2.382635 0.1788074 0.02180368 2.467388 0.01488633 -0.4923438 2.446521 0.162592 -0.4784302 2.688864 -0.02930685 -0.869645 2.492323 0.09134052 -0.8309781 2.701192 0.02818743 -0.9309239 2.453627 0.1419621 -0.8876572 2.779145
0.07464574 0.6999342 2.386996 0.04635625 0.5170697 2.413462 -0.04057578 0.403929 2.275625 0.2273497 0.4385366 2.630098 -0.005536813 0.253754 2.121374 0.3719387 0.3523955 2.711799 0.1821595 0.4437535 2.063012 0.4335398 0.5615925 2.611248 0.2233528 0.5068297 2.059173 0.4721895 0.6190833 2.589239 0.08903248 0.1599057 2.424692 0.1005833 0.08878401 2.427896 0.04038943 0.01538992 2.382208 0.1783432 0.02120247 2.466801 0.01488087 -0.4924054 2.446406 0.1637658 -0.4763293 2.687088 -0.02967385 -0.8690214 2.491923 0.09141835 -0.8309201 2.70121 0.0291527 -0.9312626 2.454076 0.1382417 -0.8882871 2.764067
0.07476209 0.6998644 2.386823 0.04699497 0.5173401 2.413331 -0.04105643 0.4038166 2.275019 0.2279884 0.4388071 2.629966 -0.006219313 0.2532673 2.121161 0.3836783 0.3647069 2.704975 0.181452 0.4433954 2.063275 0.4320623 0.5609509 2.610087 0.2221773 0.5066583 2.059932 0.470572 0.6189036 2.589065 0.08960253 0.1602803 2.424395 0.1010437 0.08915152 2.427631 0.04270864 0.01834059 2.389262 0.17866 0.02484102 2.461023 0.01490572 -0.4926391 2.446505 0.1644595 -0.4731099 2.685447 -0.02982459 -0.8689731 2.491889 0.09118389 -0.8291226 2.700419 0.02886585 -0.9310622 2.454608 0.138045 -0.8875077 2.760066
0.07599646 0.6997958 2.386484 0.04700956 0.5174053 2.413199 -0.04138595 0.4038622 2.274839 0.228003 0.4388723 2.629834 -0.006865039 0.2529649 2.121315 0.3879139 0.3699212 2.701861 0.1816511 0.4420667 2.062666 0.4341084 0.5608367 2.608749 0.2229633 0.5064201 2.05932 0.4735921 0.6178473 2.586972 0.09127339 0.1591922 2.424083 0.10328 0.08759475 2.427383 0.0444252 0.01519488 2.388763 0.182406 0.02432373 2.462554 0.01543635 -0.4922185 2.446285 0.1638771 -0.4840905 2.689664 -0.02982393 -0.8691587 2.492088 0.09105084 -0.8344694 2.701634 0.0289698 -0.931106 2.454933 0.1427389 -0.8947577 2.776103
0.07608262 0.6997877 2.386363 0.04700013 0.5171188 2.413352 -0.04194609 0.4035194 2.274549 0.2279936 0.4385858 2.629987 0.02710492 0.27656 2.109443 0.399783 0.387079 2.6922 0.2106273 0.4361632 2.041399 0.4545332 0.5617442 2.597672 0.2368828 0.5030597 2.050664 0.4998025 0.6455494 2.573207 0.09039974 0.1599702 2.423804 0.1017501 0.08904958 2.426901 0.04202024 0.02016995 2.389501 0.179338 0.02423756 2.461387 0.01557032 -0.4920225 2.446227 0.1668972 -0.4787966 2.688421 -0.0297934 -0.8690381 2.492075 0.09170906 -0.8294988 2.701383 0.02886049 -0.931147 2.455186 0.1422404 -0.8875713 2.778367
0.07825826 0.6989598 2.386365 0.0467601 0.5167583 2.413644 -0.0420351 0.4034494 2.274282 0.2277536 0.4382253 2.63028 0.02844103 0.2771968 2.109253 0.376191 0.3524602 2.706927 0.2167981 0.4309698 2.035836 0.4794434 0.5207591 2.615818 0.2692434 0.490714 2.030272 0.5066992 0.5876693 2.599325 0.09040681 0.1600105 2.423843 0.1017812 0.08914699 2.426959 0.04271977 0.01995539 2.387593 0.1792675 0.02230683 2.46579 0.01603387 -0.4916529 2.446276 0.167472 -0.4882919 2.692795 -0.02989698 -0.8690116 2.491987 0.09037903 -0.8346333 2.698836 0.02880201 -0.9310921 2.455185 0.1425905 -0.8895996 2.776972
0.07837559 0.6987453 2.386388 0.04627161 0.5162665 2.413726 -0.04247911 0.403144 2.27473 0.2272651 0.4377335 2.630362 0.03380227 0.2779059 2.107872 0.3760868 0.352503 2.706891 0.239693 0.4080061 2.01089 0.5003668 0.5172868 2.619794 0.2867988 0.473262 2.00865 0.5492719 0.570942 2.616257 0.09042921 0.1599892 2.423887 0.1018525 0.08914693 2.427042 0.04312617 0.01974091 2.387255 0.1794541 0.02170003 2.467061 0.01613887 -0.491646 2.446258 0.1689561 -0.4859222 2.691708 -0.02992475 -0.8680442 2.490912 0.09091929 -0.8316473 2.69913 0.02877294 -0.9310653 2.455132 0.1444466 -0.8879016 2.77544
0.07872457 0.6987634 2.386678 0.04450451 0.5162762 2.413472 -0.04044845 0.4017916 2.278297 0.225498 0.4377432 2.630108 0.03805743 0.275927 2.104286 0.4002175 0.3668447 2.701395 0.2573538 0.3995638 1.994677 0.5412809 0.5008047 2.636586 0.3055181 0.4553811 1.98699 0.5932809 0.5539101 2.63208 0.09074004 0.1598879 2.424034 0.1027163 0.08895631 2.427404 0.04752519 0.01894153 2.385366 0.1802232 0.0205908 2.470325 0.01616913 -0.4917096 2.446351 0.1689388 -0.4847516 2.690387 -0.0300021 -0.8679908 2.491009 0.0916555 -0.8314652 2.700232 0.02748147 -0.9302459 2.455472 0.1460043 -0.8900189 2.773916
0.07874791 0.6988101 2.387313 0.04355758 0.5156075 2.414198 -0.03914231 0.401009 2.28006 0.2245511 0.4370745 2.630834 0.03970996 0.2749595 2.102482 0.4093027 0.3661183 2.703937 0.2648309 0.3819172 1.98309 0.5550126 0.4941069 2.64095 0.3191381 0.4323191 1.966626 0.6327372 0.5458175 2.635637 0.09190015 0.1641405 2.426033 0.104823 0.09563069 2.430091 0.05306338 0.02302082 2.38139 0.1808108 0.0244209 2.482499 0.01622601 -0.4917654 2.446381 0.1697494 -0.4812242 2.688785 -0.03004441 -0.8679533 2.491057 0.09171715 -0.830431 2.699914 0.0272126 -0.9302868 2.456073 0.1455941 -0.8898957 2.773498
0.07886895 0.6990421 2.388184 0.04337293 0.5153289 2.414748 -0.03728934 0.3997518 2.282555 0.2243664 0.4367959 2.631384 0.04000195 0.2741903 2.10174 0.4104699 0.3659237 2.704649 0.2678207 0.3708595 1.978306 0.5655239 0.4839469 2.645444 0.327045 0.4212102 1.958456 0.6366282 0.4909776 2.65876 0.09231719 0.1637459 2.426219 0.105386 0.09493318 2.430193 0.05405476 0.02186275 2.38081 0.181052 0.02360656 2.482553 0.01620695 -0.491924 2.446482 0.1701406 -0.4797615 2.689114 -0.0300136 -0.8679494 2.491059 0.09175976 -0.8282212 2.699552 0.02721966 -0.930196 2.456003 0.1461397 -0.8882248 2.771131
0.07881448 0.698975 2.388363 0.04341379 0.5142999 2.415276 -0.03602964 0.3991956 2.282962 0.2244073 0.4357669 2.631912 0.04050164 0.2727541 2.100558 0.4118242 0.3656207 2.705453 0.269893 0.365261 1.976818 0.5689719 0.4816304 2.648299 0.3279136 0.4194273 1.958153 0.6398694 0.4957472 2.655819 0.09265801 0.1634154 2.426449 0.1057178 0.09456457 2.430371 0.05451278 0.02163306 2.380418 0.1812419 0.02212742 2.483282 0.01615502 -0.4920931 2.446639 0.1709959 -0.4759004 2.688463 -0.03001838 -0.8679156 2.491163 0.09285283 -0.8266339 2.701456 0.02632489 -0.9295586 2.456388 0.1468137 -0.888218 2.773215
0.08073409 0.6998822 2.391194 0.04309238 0.5143579 2.414975 -0.03477373 0.3987368 2.282784 0.2240858 0.4358249 2.631611 0.04051296 0.2712481 2.10081 0.4129985 0.3653666 2.706041 0.2698281 0.3648784 1.977868 0.5719316 0.4773954 2.645117 0.3279753 0.4201377 1.961332 0.6404282 0.5016122 2.647083 0.09270966 0.1632442 2.426348 0.1058177 0.09416711 2.430234 0.05475374 0.02143753 2.380093 0.1810042 0.02150666 2.48312 0.01616563 -0.4923317 2.446839 0.170885 -0.4761672 2.688342 -0.03006717 -0.8678873 2.491161 0.09320801 -0.8266423 2.702088 0.02646318 -0.9296715 2.456228 0.1465362 -0.8889753 2.773674
0.08075273 0.6998152 2.391116 0.04306836 0.5142545 2.414768 -0.03441896 0.398722 2.282398 0.2240618 0.4357215 2.631403 0.04131274 0.2695494 2.100035 0.413384 0.3651381 2.706002 0.2699398 0.3682389 1.980148 0.5690749 0.4814915 2.644743 0.3239106 0.4225375 1.969053 0.6381333 0.5503911 2.632389 0.09278476 0.1625232 2.426226 0.1058491 0.09300274 2.43011 0.05466389 0.0208697 2.380127 0.18073 0.02040721 2.482586 0.01640195 -0.4921622 2.446818 0.1668613 -0.4905708 2.691724 -0.03002812 -0.8676958 2.490781 0.09029087 -0.8362683 2.700888 0.02670573 -0.9300735 2.455408 0.1436554 -0.8920747 2.768635
0.08221358 0.7001175 2.390934 0.04450306 0.513735 2.414656 -0.03364295 0.3986069 2.28076 0.2254965 0.435202 2.631292 0.04202703 0.2680006 2.099719 0.3953068 0.3583109 2.707659 0.2655932 0.3760641 1.986206 0.5453274 0.4810542 2.644298 0.3178477 0.4286043 1.977571 0.6221052 0.5420342 2.636846 0.09311451 0.1620647 2.426047 0.1060096 0.09245358 2.429885 0.05460224 0.02059439 2.380234 0.1805434 0.01938574 2.481104 0.01631098 -0.4923918 2.446884 0.1678473 -0.4867144 2.691656 -0.03010394 -0.8676604 2.490652 0.09101373 -0.8330361 2.698902 0.02680052 -0.9300963 2.45541 0.1435214 -0.8921341 2.768618
0.08331051 0.700932 2.391158 0.04516853 0.5140646 2.414437 -0.03366521 0.3995325 2.280045 0.226162 0.4355316 2.631073 0.0423647 0.2679756 2.099814 0.3791199 0.3523818 2.708059 0.2560603 0.3880083 1.995734 0.5352402 0.4887386 2.638199 0.3075269 0.4464735 1.990797 0.5868087 0.5473682 2.624454 0.0932098 0.1616066 2.426001 0.1059429 0.09158124 2.429833 0.05382764 0.02040956 2.380879 0.1804274 0.0181475 2.480041 0.01664971 -0.4921941 2.446944 0.1682795 -0.4857096 2.691466 -0.0300251 -0.8678012 2.490666 0.09150983 -0.8319884 2.700119 0.02690728 -0.9302222 2.455388 0.1416235 -0.8908821 2.765604
0.08419567 0.6997819 2.38931 0.04655169 0.5135639 2.414254 -0.03417859 0.4005429 2.278471 0.2275452 0.4350309 2.630889 0.04297433 0.2687814 2.099931 0.3778487 0.3526538 2.707554 0.2461245 0.3982054 2.004201 0.5223035 0.5124616 2.625869 0.2972307 0.4618518 2.001595 0.5783601 0.5583599 2.620129 0.0936751 0.1604505 2.425794 0.1061696 0.09017055 2.429576 0.05265779 0.01931999 2.383486 0.1810768 0.01716103 2.475761 0.01665255 -0.4921847 2.446928 0.1705433 -0.4766579 2.689409 -0.03012197 -0.8674369 2.490506 0.0912907 -0.8295684 2.699103 0.02599347 -0.9294633 2.455681 0.1419801 -0.8893092 2.765937
0.08559197 0.6998648 2.388259 0.04718317 0.5139058 2.413833 -0.03500103 0.4010268 2.277477 0.2281767 0.4353728 2.630469 0.0437289 0.271496 2.100416 0.3776428 0.3525731 2.708002 0.240606 0.4177264 2.015163 0.4972827 0.5150403 2.625066 0.289191 0.4733133 2.009637 0.5499452 0.5745513 2.611089 0.09424815 0.158135 2.425212 0.1065998 0.08666289 2.428875 0.05157544 0.01783124 2.384916 0.182362 0.01399206 2.472253 0.01661632 -0.4922764 2.446882 0.1709922 -0.4756554 2.688948 -0.03021701 -0.8672007 2.490648 0.09110405 -0.8284465 2.698634 0.024074 -0.9289134 2.457461 0.1421622 -0.8885587 2.765888
0.08607657 0.6996526 2.386294 0.0487168 0.5137303 2.413182 -0.03658997 0.4021562 2.27596 0.2297103 0.4351974 2.629818 0.04322328 0.2731818 2.101105 0.3751941 0.3491677 2.710322 0.2327984 0.4254618 2.023669 0.4779616 0.5204234 2.621299 0.2789363 0.4848623 2.021227 0.521612 0.5922137 2.602321 0.09420186 0.1578115 2.424648 0.106267 0.0863274 2.428198 0.04902447 0.01808691 2.386766 0.1821575 0.01426777 2.466201 0.01672887 -0.4923162 2.446843 0.1738262 -0.4684891 2.686434 -0.03016421 -0.8670367 2.490668 0.09135909 -0.8264557 2.697616 0.02617052 -0.9295846 2.45701 0.1439064 -0.8875551 2.768234
0.08647962 0.6994455 2.384086 0.04983106 0.5146189 2.412766 -0.03702781 0.4025777 2.274022 0.2308245 0.4360859 2.629402 -0.003102083 0.2517554 2.120316 0.3644518 0.3364217 2.713466 0.2003613 0.4175372 2.040275 0.4485125 0.519228 2.621136 0.2556293 0.4979963 2.036207 0.5001103 0.5887138 2.602295 0.09201669 0.1651529 2.422518 0.1023007 0.09670462 2.425408 0.04399692 0.03302665 2.388157 0.1756272 0.02567597 2.460087 0.0167924 -0.4923282 2.446865 0.1738809 -0.4683689 2.686402 -0.02999604 -0.8670848 2.490858 0.09185528 -0.8252837 2.697944 0.02626137 -0.9295709 2.456997 0.1440919 -0.8876692 2.768343
0.08629664 0.6996672 2.382462 0.05183952 0.5146959 2.41101 -0.03679467 0.4030365 2.273371 0.232833 0.4361629 2.627646 -0.003221966 0.2515739 2.120342 0.4009533 0.3839865 2.696169 0.188623 0.4358085 2.056283 0.427033 0.5636802 2.5985 0.2410489 0.5042132 2.047705 0.4718847 0.6461828 2.569354 0.09092183 0.1670095 2.420731 0.1006195 0.09877466 2.423584 0.04086945 0.03648984 2.384553 0.1748037 0.0256014 2.459896 0.01679179 -0.4923451 2.446841 0.1701312 -0.4927502 2.693876 -0.02997226 -0.8671228 2.490856 0.09182239 -0.8311451 2.699217 0.02634017 -0.9297161 2.45706 0.1451476 -0.890665 2.773167
0.08588681 0.6997536 2.381219 0.05920044 0.5195698 2.409087 -0.03602422 0.4030021 2.270288 0.2401939 0.4410367 2.625722 -0.001251794 0.2499385 2.119539 0.3472903 0.3153298 2.712084 0.183441 0.443114 2.062789 0.4070182 0.5020918 2.621809 0.2290212 0.5118661 2.05924 0.4642138 0.6061804 2.581411 0.09162177 0.1845083 2.417753 0.09970579 0.119369 2.420549 0.04056405 0.05052353 2.373973 0.1731837 0.03065781 2.463769 0.01744968 -0.4911883 2.446107 0.1698747 -0.4942808 2.694405 -0.02997516 -0.8671237 2.490882 0.09198081 -0.8338634 2.699879 0.02642359 -0.9295524 2.456746 0.146201 -0.8918473 2.774397
0.08592285 0.6997242 2.38073 0.06277014 0.5191565 2.407279 -0.035565 0.4025834 2.268446 0.2437636 0.4406235 2.623914 -0.0002264045 0.2487801 2.118784 0.3638118 0.3282186 2.711261 0.1748006 0.4523603 2.070427 0.4210708 0.5464796 2.59794 0.2062571 0.5145748 2.071305 0.4487802 0.6114565 2.572709 0.09306303 0.1869168 2.417193 0.101076 0.1219777 2.420223 0.04200983 0.05236372 2.372357 0.1744704 0.03283555 2.46603 0.01751183 -0.4913599 2.446057 0.1727732 -0.4801885 2.686827 -0.03012111 -0.8672451 2.491206 0.09186261 -0.8346726 2.698876 0.02660242 -0.9295958 2.456677 0.1297214 -0.8940913 2.737766
0.08609521 0.6991768 2.37975 0.06347241 0.5187401 2.406986 -0.03474533 0.4023287 2.267888 0.2444659 0.4402071 2.623622 0.0008282885 0.2484035 2.118454 0.3175086 0.3028869 2.722863 0.1753396 0.4525598 2.070933 0.4028656 0.4594674 2.61855 0.2040939 0.514591 2.0726 0.4339991 0.6004602 2.570272 0.09246578 0.1902604 2.416349 0.1001023 0.1263945 2.419276 0.04062546 0.05800445 2.368386 0.1733135 0.03578357 2.467559 0.01809567 -0.4905538 2.445336 0.1730227 -0.4762903 2.683525 -0.03020979 -0.8671361 2.490988 0.09285015 -0.834339 2.701071 0.02721226 -0.9303211 2.456718 0.1381796 -0.8933786 2.760052
0.08595151 0.699174 2.37942 0.06393922 0.5187635 2.406638 -0.03438029 0.4020727 2.267171 0.2449327 0.4402305 2.623273 0.001477301 0.2477111 2.118374 0.3164501 0.3014522 2.721783 0.1744995 0.4533734 2.072396 0.4005719 0.4589293 2.617877 0.20271 0.5145255 2.073235 0.4311819 0.5910931 2.571135 0.09309291 0.1905389 2.416197 0.1008818 0.1265452 2.419196 0.04265699 0.05711693 2.367759 0.1740942 0.03622499 2.468291 0.01860593 -0.4900976 2.444548 0.1733143 -0.4756636 2.683134 -0.03060399 -0.8672801 2.492446 0.09320228 -0.8341911 2.700786 0.02891066 -0.930969 2.457075 0.1411206 -0.8941422 2.766232
0.08598667 0.6992185 2.379356 0.06432208 0.5195525 2.406252 -0.03425099 0.4028088 2.267543 0.2453156 0.4410195 2.622888 0.00190689 0.2484189 2.118878 0.3149045 0.2968355 2.716262 0.1799752 0.4484807 2.065966 0.4157984 0.5080073 2.603567 0.2139619 0.5135361 2.067369 0.4596055 0.6103835 2.555811 0.0928978 0.1895311 2.415936 0.1005258 0.1241326 2.418888 0.04137241 0.05581193 2.369952 0.1738534 0.03582496 2.466442 0.01933324 -0.4887717 2.444045 0.1733429 -0.4756446 2.683185 -0.03056533 -0.8672894 2.492422 0.09228596 -0.8367441 2.699993 0.02896451 -0.930903 2.45673 0.1366174 -0.8956646 2.757468
0.08628792 0.6990623 2.379428 0.06244404 0.5179422 2.407967 -0.03411535 0.4030466 2.267572 0.2434375 0.4394092 2.624603 0.002543356 0.2485553 2.119193 0.3376391 0.3093352 2.717294 0.1987996 0.4242829 2.043327 0.4360237 0.5102255 2.607471 0.2491969 0.5101317 2.044967 0.4848512 0.5982697 2.574719 0.09287452 0.1850472 2.416586 0.1012369 0.1183583 2.419415 0.04311895 0.05076428 2.375984 0.1740822 0.035978 2.463213 0.02008863 -0.4881628 2.443654 0.173592 -0.4751356 2.683077 -0.03048654 -0.8672438 2.492536 0.09229778 -0.8351852 2.699602 0.02883611 -0.9305807 2.456391 0.1457853 -0.8920849 2.771377
0.08793724 0.6980351 2.380323 0.06030597 0.5173742 2.408343 -0.03388281 0.4039612 2.268871 0.2412995 0.4388412 2.624979 0.05204493 0.2826008 2.102203 0.3664171 0.3312362 2.739007 0.2321936 0.4331856 2.022923 0.4756403 0.5078105 2.618082 0.2822496 0.4946785 2.022011 0.5322511 0.5866024 2.602116 0.0978379 0.164667 2.418826 0.1100954 0.0899584 2.42252 0.05323054 0.02284363 2.383889 0.1814073 0.02438983 2.461961 0.02023039 -0.4882269 2.443624 0.1741855 -0.4742111 2.682987 -0.03054639 -0.8675008 2.492633 0.09248644 -0.832989 2.698015 0.03109276 -0.93194 2.456117 0.1312835 -0.8809168 2.749725
0.08962613 0.6971951 2.382704 0.05782032 0.5154743 2.408916 -0.03272748 0.40536 2.271149 0.2388138 0.4369413 2.625552 0.0526319 0.2822026 2.101295 0.4025078 0.3609802 2.69636 0.2622019 0.4091384 1.991471 0.528706 0.5165159 2.626294 0.3081378 0.4659308 1.987503 0.5712554 0.5762045 2.620433 0.09854544 0.160885 2.419319 0.1107054 0.08774397 2.422832 0.05449266 0.02081477 2.383595 0.1829688 0.02013327 2.462987 0.02037888 -0.4887068 2.44353 0.1715112 -0.4833566 2.68451 -0.03047551 -0.8675606 2.492532 0.09125394 -0.8357375 2.696404 0.03102748 -0.9320575 2.45587 0.1313017 -0.8869738 2.743807
0.09027265 0.6974391 2.38521 0.05508858 0.515042 2.410985 -0.03071967 0.4056109 2.274012 0.236082 0.436509 2.62762 0.05312877 0.2808682 2.099655 0.4111891 0.3649721 2.69782 0.2735031 0.3972977 1.980485 0.5417399 0.5068942 2.63092 0.3273151 0.448256 1.967583 0.5857841 0.5632667 2.627056 0.09909952 0.1672374 2.421427 0.1118986 0.09931415 2.425407 0.0607756 0.02637158 2.37727 0.183358 0.02690004 2.474733 0.02069602 -0.4887854 2.443473 0.1719267 -0.4822864 2.684378 -0.03038814 -0.8676907 2.492835 0.0913571 -0.8353565 2.69667 0.03149676 -0.9323004 2.455869 0.1407561 -0.8831259 2.781123
0.08986195 0.6978934 2.387589 0.05366832 0.5147571 2.411224 -0.02827257 0.4055396 2.275491 0.2346618 0.4362241 2.627859 0.05234497 0.2792585 2.098217 0.4160726 0.3665422 2.700214 0.2776101 0.3757634 1.9697 0.5665087 0.4919175 2.645672 0.3390614 0.4245262 1.951465 0.5977518 0.5393248 2.644679 0.09933461 0.1686988 2.421803 0.1122525 0.1010385 2.425755 0.06328309 0.02743176 2.374886 0.1833572 0.0276065 2.477624 0.02059207 -0.4894187 2.443529 0.171873 -0.4827119 2.684448 -0.03029062 -0.8677025 2.492777 0.09190867 -0.8363833 2.697831 0.03313613 -0.9328648 2.455927 0.1404333 -0.8844699 2.782613
0.0888775 0.697796 2.387736 0.05358173 0.5143035 2.411474 -0.02603249 0.405043 2.276425 0.2345752 0.4357705 2.62811 0.05051369 0.2768763 2.097081 0.4170732 0.3668325 2.701547 0.2776901 0.3688444 1.968612 0.5678031 0.4915363 2.646055 0.3399417 0.419429 1.950857 0.5979518 0.5379888 2.645544 0.1003109 0.1662127 2.42195 0.1133658 0.09740225 2.425713 0.06448263 0.02413606 2.374169 0.1844352 0.02327967 2.477864 0.0206429 -0.4900484 2.443625 0.1711838 -0.4873628 2.685889 -0.02974003 -0.8679719 2.493616 0.09219434 -0.8367371 2.697702 0.03447255 -0.9337162 2.455278 0.1417954 -0.8896925 2.778886
0.08940832 0.6985625 2.388773 0.05352131 0.5142348 2.411545 -0.02439008 0.4046143 2.27633 0.2345148 0.4357018 2.62818 0.04895953 0.2734559 2.095909 0.4175524 0.3663593 2.702368 0.2777089 0.3641168 1.969546 0.5678713 0.4917695 2.647521 0.3393639 0.4144044 1.953096 0.6208262 0.5456116 2.641104 0.1021573 0.1652493 2.422516 0.1156454 0.09608353 2.42635 0.06796033 0.02258504 2.375179 0.1863471 0.02258876 2.478258 0.0206545 -0.4904391 2.443592 0.1743738 -0.4757248 2.683735 -0.02984147 -0.8679027 2.493707 0.09194901 -0.8293115 2.695462 0.03335249 -0.9329277 2.455749 0.1418753 -0.8858076 2.774021
0.08945787 0.6985543 2.388844 0.05353691 0.514069 2.411559 -0.02310158 0.4030935 2.275991 0.2345304 0.435536 2.628194 0.04916633 0.2705107 2.094788 0.4180945 0.3665761 2.702266 0.2786041 0.3625155 1.970945 0.5660219 0.4937228 2.644223 0.33921 0.4142267 1.955724 0.6380615 0.5600736 2.635607 0.1040896 0.1630912 2.423234 0.1178875 0.09330213 2.427233 0.06982192 0.02057901 2.376546 0.1887243 0.02058026 2.478676 0.02037297 -0.4913546 2.443561 0.170295 -0.4910752 2.688642 -0.03004935 -0.8695629 2.49411 0.09068868 -0.835615 2.697515 0.03243164 -0.9327909 2.455932 0.1392719 -0.8892943 2.778846
0.08929043 0.6985786 2.388491 0.05352343 0.5140554 2.411564 -0.02175026 0.4016675 2.276348 0.2345169 0.4355224 2.628199 0.04876962 0.2690077 2.094635 0.4185808 0.3668442 2.702669 0.2782786 0.3627459 1.972418 0.5638397 0.4963624 2.642724 0.3362288 0.4137211 1.960424 0.6056193 0.5445302 2.635201 0.1050372 0.1614336 2.423595 0.1189659 0.09106651 2.427661 0.07062658 0.01916938 2.377869 0.1896302 0.01956263 2.478306 0.02047286 -0.4910516 2.443139 0.1713563 -0.4865948 2.687394 -0.03031195 -0.8691435 2.494009 0.09088078 -0.8353571 2.697262 0.03193792 -0.9324859 2.456128 0.1273671 -0.8944429 2.737941
0.08975314 0.698303 2.388283 0.05371658 0.5139099 2.411742 -0.02118218 0.4013894 2.276138 0.2347101 0.4353768 2.628377 0.04843862 0.2676805 2.09422 0.4183843 0.3671557 2.702775 0.2778376 0.3639449 1.974004 0.5566468 0.5021454 2.637375 0.3322872 0.4166239 1.965849 0.5954219 0.5470433 2.631233 0.1049653 0.1613286 2.42354 0.1187072 0.09091713 2.427504 0.06990866 0.0188261 2.377177 0.1892927 0.01895374 2.478248 0.02043821 -0.4910821 2.443158 0.1713704 -0.4865716 2.687387 -0.03054123 -0.8693693 2.494571 0.09126582 -0.8347011 2.697886 0.03185095 -0.9324384 2.455666 0.1325593 -0.8922437 2.770044
0.09187235 0.6971611 2.387612 0.05418672 0.5138086 2.411842 -0.02110398 0.4013999 2.27595 0.2351802 0.4352754 2.628477 0.04809416 0.2674287 2.0942 0.4184125 0.36768 2.702802 0.2767769 0.3679542 1.976411 0.552627 0.5060145 2.635618 0.3283337 0.4194854 1.969809 0.5927811 0.5513068 2.629379 0.1049099 0.1610922 2.423405 0.1184302 0.09058024 2.427245 0.06911521 0.01861558 2.377102 0.1890443 0.01820364 2.477427 0.02038675 -0.4911454 2.443105 0.1716168 -0.4842335 2.686492 -0.0305597 -0.8693374 2.494427 0.08787781 -0.8316504 2.690703 0.03163184 -0.9324289 2.455284 0.1271985 -0.8779373 2.748784
0.09398339 0.6977839 2.387658 0.05393948 0.5143085 2.411282 -0.02075043 0.4015709 2.275612 0.234933 0.4357753 2.627917 0.04816351 0.267267 2.09405 0.4172836 0.3690328 2.702506 0.2744016 0.3763274 1.980502 0.550463 0.5080753 2.634584 0.3220525 0.4270438 1.975952 0.5905079 0.5570372 2.628437 0.1046665 0.160706 2.423108 0.1180217 0.08995043 2.426908 0.06874333 0.01847735 2.376944 0.1886245 0.01730973 2.477082 0.02029605 -0.4911847 2.443081 0.1716102 -0.4839289 2.686279 -0.03033959 -0.8693398 2.494012 0.08834761 -0.8338084 2.69372 0.03221327 -0.93248 2.45507 0.1371018 -0.8887959 2.774069
0.09439767 0.6980686 2.38732 0.05409394 0.5146754 2.409873 -0.02079925 0.4017007 2.275352 0.2350875 0.4361422 2.626508 0.04830444 0.267294 2.093964 0.4144362 0.3696757 2.702046 0.2642834 0.390732 1.988968 0.5383616 0.5163392 2.632304 0.3101746 0.4473876 1.988843 0.5822338 0.5628508 2.627245 0.1041436 0.1584297 2.422291 0.1170666 0.08671016 2.42617 0.06681496 0.01752261 2.378132 0.1881702 0.01413017 2.474542 0.0205157 -0.4903133 2.442956 0.1723473 -0.4823239 2.6858 -0.03036237 -0.8693124 2.493978 0.08886912 -0.8316617 2.693204 0.03064877 -0.9317406 2.455317 0.1371201 -0.8862814 2.774108
0.09692946 0.6974985 2.384324 0.05442706 0.5152689 2.408684 -0.02120421 0.4021331 2.274622 0.2354206 0.4367357 2.625319 0.04852894 0.2681794 2.094186 0.4114636 0.3725416 2.701717 0.2521436 0.4025341 1.998359 0.5141776 0.5519591 2.617247 0.3005546 0.4656693 2.000383 0.5797043 0.5832154 2.620334 0.1028452 0.1642296 2.421103 0.1148807 0.09512236 2.425054 0.06450368 0.02324535 2.377086 0.1862907 0.0214077 2.474493 0.0210279 -0.4892926 2.442699 0.1726278 -0.4811834 2.685251 -0.03028587 -0.8693046 2.493948 0.08907431 -0.8313314 2.693093 0.0310864 -0.9317991 2.455252 0.1330055 -0.8902037 2.758006
0.09700314 0.6974927 2.383762 0.05520487 0.5154895 2.408096 -0.02279792 0.4027392 2.272727 0.2361984 0.4369563 2.624731 0.04824387 0.2706628 2.095358 0.4082599 0.376057 2.700615 0.2415573 0.4179222 2.012637 0.500348 0.5536689 2.614342 0.2890232 0.4789926 2.014147 0.5545238 0.6017817 2.608849 0.1027955 0.1641954 2.420916 0.1147362 0.094981 2.424832 0.06011747 0.02680445 2.388296 0.1861466 0.02677841 2.457628 0.021121 -0.4891198 2.442502 0.1747458 -0.475789 2.683791 -0.03028045 -0.8692478 2.494086 0.09000055 -0.8281595 2.695065 0.0315178 -0.9318973 2.455306 0.1431309 -0.8852983 2.771024
0.09647708 0.6984929 2.382601 0.05644006 0.5159917 2.407374 -0.02465871 0.4029455 2.271029 0.2374335 0.4374586 2.62401 0.0418989 0.2749278 2.100879 0.3807139 0.3571432 2.711566 0.231877 0.4292185 2.022624 0.4743574 0.560563 2.608123 0.275977 0.4860063 2.023323 0.5044695 0.6249288 2.592957 0.103087 0.1595679 2.419857 0.1146745 0.08742766 2.423546 0.05295565 0.01796664 2.39048 0.1913538 0.02136581 2.455167 0.02111026 -0.4891143 2.442513 0.1750658 -0.4747258 2.683028 -0.03004595 -0.86917 2.493938 0.09057613 -0.8288531 2.696865 0.02995959 -0.9312776 2.456991 0.1433977 -0.8827868 2.775345
0.09611291 0.6990903 2.382267 0.05718324 0.5164015 2.406102 -0.02644587 0.4035954 2.269796 0.2381767 0.4378684 2.622738 0.01258338 0.2565095 2.113313 0.3887435 0.3672528 2.707283 0.2032402 0.4402821 2.043813 0.4596028 0.6036697 2.582642 0.2501279 0.5028957 2.040258 0.4832226 0.6824753 2.545619 0.1034627 0.1565804 2.418438 0.1150059 0.08370025 2.422133 0.05234299 0.01277715 2.387242 0.1929068 0.01838251 2.455736 0.02106753 -0.4893176 2.442548 0.1750555 -0.474546 2.682853 -0.03004498 -0.8689895 2.49359 0.09174418 -0.8308733 2.698963 0.03235796 -0.9325845 2.455936 0.1440694 -0.8867885 2.776384
0.09512698 0.6996707 2.381867 0.05850016 0.5170592 2.405065 -0.02690717 0.4037858 2.269292 0.2394937 0.4385261 2.621701 0.01132779 0.255597 2.113838 0.3545933 0.3258171 2.713661 0.1989863 0.4434468 2.047882 0.4362122 0.5621629 2.596523 0.2435155 0.5067495 2.043965 0.4634185 0.6409448 2.561999 0.1033447 0.1569129 2.417644 0.1146778 0.08421157 2.421245 0.05224027 0.01416781 2.386906 0.1921194 0.0187693 2.454171 0.02147993 -0.4887098 2.442289 0.1759473 -0.4657574 2.677712 -0.03030078 -0.8691295 2.494463 0.09269159 -0.8290484 2.700348 0.03169052 -0.9319764 2.455756 0.1460905 -0.8876222 2.775024
0.09370939 0.7003296 2.381299 0.06199953 0.5196875 2.404287 -0.02760193 0.4036192 2.268123 0.242993 0.4411544 2.620922 0.01111406 0.2548485 2.113492 0.3526584 0.3233596 2.713083 0.1944051 0.4482554 2.052566 0.4152798 0.5604761 2.585063 0.2378899 0.5118095 2.047955 0.4574689 0.6068698 2.574715 0.1034524 0.1563468 2.417431 0.1145147 0.0831863 2.421006 0.04786908 0.01150479 2.383783 0.1953732 0.01414084 2.457138 0.02243382 -0.4873786 2.441742 0.1759735 -0.4662255 2.677547 -0.03032239 -0.8690044 2.49445 0.09247241 -0.8291751 2.700245 0.03140962 -0.9316753 2.455946 0.1458325 -0.8872514 2.775339
0.09341121 0.7000732 2.380872 0.06205771 0.5196918 2.404063 -0.02805685 0.4035397 2.267379 0.2430512 0.4411587 2.620699 0.01102162 0.2541535 2.113584 0.3432309 0.3155765 2.713253 0.1941397 0.4477262 2.052699 0.4047515 0.4892957 2.621904 0.2352305 0.5124586 2.05029 0.4471937 0.5445681 2.601327 0.1010061 0.1554858 2.415944 0.1109642 0.08218071 2.419217 0.04656184 0.01218812 2.383901 0.1863087 0.01269412 2.451562 0.02278721 -0.4872487 2.441656 0.1761562 -0.466691 2.677727 -0.03032321 -0.8690125 2.494736 0.09242613 -0.8317584 2.699365 0.03196779 -0.9319006 2.456404 0.1294986 -0.8948019 2.732977
0.09384458 0.700393 2.381156 0.0619841 0.5196384 2.404164 -0.02846337 0.4037945 2.267437 0.2429776 0.4411054 2.620799 0.01035396 0.2535709 2.114561 0.3581614 0.3266152 2.710936 0.2015663 0.4370087 2.045982 0.4100646 0.5014096 2.615125 0.2388734 0.5113203 2.049309 0.4525055 0.5566803 2.594549 0.1010606 0.1573424 2.41608 0.1112123 0.08532221 2.419441 0.04780222 0.01667142 2.382718 0.1874211 0.01569345 2.454055 0.02377087 -0.4865664 2.441352 0.1762491 -0.4675165 2.677947 -0.03042276 -0.8691573 2.495198 0.09249199 -0.8329629 2.699591 0.03157083 -0.9317821 2.456125 0.1429001 -0.8919272 2.776022
0.0943208 0.7001049 2.381332 0.0618231 0.5180728 2.40478 -0.02848875 0.4038157 2.267438 0.2428166 0.4395398 2.621415 0.03080238 0.2667479 2.10774 0.4103644 0.3843538 2.689074 0.2282656 0.4411426 2.032292 0.4892853 0.5496162 2.595077 0.2760235 0.500376 2.030857 0.531725 0.6048855 2.574501 0.1011581 0.1576276 2.416256 0.1114402 0.08604319 2.419726 0.05068511 0.02118433 2.389676 0.1872587 0.01975439 2.450902 0.02382389 -0.4873494 2.441078 0.1760021 -0.4697463 2.678743 -0.03022087 -0.8691125 2.494987 0.09240606 -0.8331317 2.699536 0.03143391 -0.9317822 2.456002 0.1428678 -0.891809 2.776155
0.09588317 0.6991189 2.381405 0.06121645 0.5176619 2.404976 -0.02802658 0.4040895 2.268834 0.2422099 0.4391288 2.621612 0.05817251 0.2803949 2.098241 0.4078622 0.3806491 2.690617 0.2506602 0.4189186 2.005735 0.4918077 0.5491819 2.60954 0.2938317 0.4802597 2.008571 0.5384272 0.6033391 2.596404 0.1012448 0.1575766 2.41635 0.1116734 0.08599683 2.419878 0.05332837 0.01968541 2.386001 0.1877136 0.01802803 2.45594 0.0241875 -0.4875849 2.440924 0.1756656 -0.4715974 2.678961 -0.0301826 -0.8692932 2.494971 0.09246483 -0.8330123 2.699477 0.03272239 -0.9326304 2.455445 0.1305982 -0.8914602 2.739587
0.09687162 0.6984483 2.382663 0.06008632 0.516259 2.408166 -0.02800355 0.4044999 2.272233 0.2410798 0.4377259 2.624802 0.05820719 0.2796821 2.097358 0.4088851 0.3782887 2.689353 0.2678238 0.4048762 1.990252 0.5524639 0.556632 2.617897 0.318057 0.4575691 1.981277 0.5994396 0.6120601 2.617853 0.1023257 0.1641654 2.419173 0.1136868 0.09601977 2.42294 0.05881491 0.02374939 2.380218 0.1880583 0.02497346 2.468358 0.02492797 -0.4873463 2.440625 0.1760547 -0.4713393 2.678664 -0.03017052 -0.8693426 2.494972 0.0942674 -0.8293058 2.701432 0.03451348 -0.9335399 2.454736 0.1459041 -0.8857239 2.778962
0.09767679 0.6970565 2.383507 0.05901279 0.5153695 2.408898 -0.02642861 0.4050834 2.275328 0.2400063 0.4368364 2.625533 0.1007085 0.2645817 2.055496 0.4115168 0.3756028 2.693884 0.2902248 0.3874541 1.971145 0.5632361 0.4936033 2.624965 0.3370377 0.4363075 1.958954 0.6125046 0.5469853 2.626369 0.1025593 0.1686202 2.42048 0.1142936 0.1017277 2.424352 0.06323298 0.02680386 2.37471 0.1871933 0.02723409 2.476724 0.02494041 -0.4875886 2.440687 0.1745766 -0.4782665 2.681283 -0.03007535 -0.8693532 2.494874 0.09363146 -0.831751 2.701076 0.03361215 -0.9330651 2.454566 0.1451451 -0.8878729 2.778905
0.0962611 0.6971599 2.384353 0.05821744 0.5147572 2.409286 -0.02423692 0.4045227 2.277069 0.2392109 0.4362241 2.625922 0.1003654 0.2636843 2.055834 0.4165518 0.3737065 2.698292 0.2947946 0.3798795 1.965907 0.5754815 0.4896545 2.648606 0.3427325 0.4273043 1.951887 0.6525562 0.5496857 2.637704 0.1028171 0.1707018 2.421061 0.1147673 0.1041293 2.424945 0.06587303 0.02787363 2.371383 0.1870359 0.02785625 2.481022 0.02499861 -0.4876134 2.440648 0.1735559 -0.4887626 2.68524 -0.02978081 -0.8691456 2.494155 0.09349342 -0.8322334 2.701159 0.03326453 -0.9328924 2.454212 0.1445106 -0.8881759 2.779446
0.0954641 0.6972499 2.384776 0.05813076 0.5139245 2.410028 -0.02206071 0.4029719 2.278367 0.2391242 0.4353915 2.626663 0.09949705 0.2607602 2.056204 0.4175384 0.3701863 2.702639 0.2955702 0.3751678 1.964769 0.5743505 0.4877036 2.648981 0.3457612 0.4252447 1.950143 0.651426 0.5477353 2.638078 0.1030533 0.1712611 2.421436 0.1150075 0.1047005 2.425257 0.06655543 0.02795554 2.370708 0.1869974 0.02779382 2.48217 0.02495148 -0.4884205 2.440794 0.1740059 -0.4861223 2.684189 -0.02978459 -0.8692895 2.494576 0.09362608 -0.8323094 2.700629 0.03276173 -0.9325726 2.454489 0.1402348 -0.8901488 2.758152
0.0943782 0.6977475 2.384414 0.05797284 0.5138142 2.410265 -0.02097884 0.4021392 2.279055 0.2389663 0.4352812 2.6269 0.08986159 0.2472507 2.060179 0.4198777 0.3684247 2.703792 0.2930468 0.3713792 1.967037 0.5745678 0.4882414 2.648711 0.3442182 0.422957 1.952683 0.6247776 0.5134349 2.643691 0.1032911 0.1721958 2.421741 0.1152924 0.1056299 2.425514 0.06726093 0.02828592 2.370066 0.1870084 0.02812451 2.482941 0.0248055 -0.4890091 2.440736 0.174623 -0.4846407 2.685618 -0.02983753 -0.8692567 2.494404 0.09321463 -0.8324896 2.699468 0.03242799 -0.932326 2.454479 0.1379782 -0.8885044 2.753435
0.09431893 0.697694 2.384441 0.05765935 0.5138206 2.410541 -0.02010689 0.4022524 2.279024 0.2386528 0.4352875 2.627177 0.08958207 0.2453174 2.061146 0.422897 0.3683347 2.704406 0.293235 0.3713764 1.967604 0.5759685 0.4894038 2.647014 0.3435134 0.4226488 1.9546 0.6208357 0.5094553 2.643752 0.1034039 0.1689351 2.421765 0.1155793 0.100019 2.425322 0.06714712 0.02625103 2.370853 0.1868325 0.02443104 2.480727 0.02481462 -0.4889914 2.440736 0.1752315 -0.4810136 2.684317 -0.0299006 -0.8691673 2.494353 0.09372625 -0.8310952 2.699819 0.03296484 -0.932497 2.454768 0.1438157 -0.8888457 2.777391
0.0945929 0.6972597 2.384054 0.05736997 0.5137605 2.410309 -0.02023384 0.4013151 2.27908 0.2383634 0.4352275 2.626944 0.08689475 0.2423544 2.06142 0.4229595 0.3683655 2.704412 0.28642 0.3712357 1.972576 0.5756766 0.4891944 2.645152 0.3360538 0.4245261 1.963662 0.6517577 0.5494475 2.629528 0.1035817 0.1667807 2.421504 0.1158743 0.09713733 2.425105 0.06681777 0.02420615 2.371668 0.1874125 0.02214555 2.479433 0.02477745 -0.4889751 2.44094 0.1751672 -0.4809765 2.684204 -0.02989649 -0.869148 2.494355 0.09370557 -0.8313698 2.700144 0.0324682 -0.9320281 2.454899 0.1444439 -0.8891995 2.777237
0.09480304 0.6969498 2.383425 0.05737747 0.513589 2.41034 -0.02083417 0.4009945 2.279959 0.2383709 0.435056 2.626976 0.08562875 0.2419951 2.061955 0.423282 0.3678983 2.704469 0.2828488 0.3746151 1.975962 0.5730337 0.491848 2.643767 0.3332082 0.4268927 1.966838 0.6500922 0.5511589 2.629373 0.1051793 0.1645214 2.422137 0.1178346 0.09448197 2.425906 0.068197 0.02159824 2.374082 0.1899592 0.02024462 2.478874 0.02473856 -0.4890012 2.440932 0.1749558 -0.4822841 2.685608 -0.03005628 -0.8690298 2.49359 0.09306029 -0.8327488 2.698388 0.03223165 -0.9319613 2.454862 0.1286226 -0.8942949 2.736171
