0.1292154 0.6371194 2.200718 0.06569159 0.4758185 2.204651 -0.04549531 0.3634423 2.072309 0.2776446 0.3765029 2.367918 0.0001674646 0.2378306 1.857349 0.4596784 0.342938 2.373693 0.1202471 0.4418148 1.751948 0.5365796 0.54829 2.272355 0.131777 0.4860426 1.738816 0.5460894 0.5986058 2.259094 0.1150606 0.1276324 2.210453 0.1308368 0.05963096 2.208058 0.06953578 -0.03012369 2.149932 0.2182336 -0.0257641 2.261564 0.04247501 -0.4709191 2.244417 0.1979502 -0.4894704 2.427129 0.01726578 -0.8494643 2.308215 0.1748234 -0.8595724 2.505929 0.07191897 -0.8913 2.255198 0.224136 -0.9311956 2.539808
0.1297462 0.6366221 2.200577 0.06798331 0.4743172 2.205988 -0.04553182 0.3634912 2.072312 0.2784961 0.3761579 2.367775 -0.0008503617 0.2385329 1.856913 0.4617156 0.3457387 2.369628 0.1197002 0.4408999 1.752614 0.5268173 0.5519554 2.274045 0.1319464 0.4865582 1.739386 0.5319554 0.6032606 2.261857 0.1147544 0.1275349 2.210732 0.1305388 0.05954933 2.208006 0.06828092 -0.02987917 2.150723 0.2174204 -0.02654783 2.259987 0.04187837 -0.4717987 2.244006 0.1980751 -0.48943 2.427195 0.0179251 -0.8552992 2.310372 0.175505 -0.8595356 2.50666 0.07248192 -0.8971538 2.257271 0.2300618 -0.9013902 2.45356
0.1297803 0.6366013 2.200572 0.06793459 0.4743894 2.206052 -0.04532987 0.3643615 2.073043 0.2792388 0.3751146 2.3675 -0.0008253151 0.2384029 1.857304 0.4632924 0.349857 2.368999 0.1210607 0.4376457 1.747904 0.5260361 0.5528895 2.274113 0.1347649 0.4838182 1.734537 0.5316197 0.603411 2.261952 0.1145287 0.1275176 2.210966 0.1305127 0.0595629 2.207973 0.06821374 -0.02978148 2.150866 0.2175453 -0.02660743 2.25946 0.04160402 -0.4692352 2.242305 0.1979242 -0.4877133 2.426465 0.02127166 -0.8416064 2.302022 0.1752363 -0.8592476 2.50686 0.07571027 -0.8834746 2.248812 0.2296749 -0.9011158 2.45365
0.1300155 0.6370245 2.200174 0.06491411 0.4775592 2.203225 -0.04594722 0.3645809 2.074267 0.280603 0.3742955 2.367981 0.002280581 0.2378322 1.852201 0.4648477 0.3502957 2.369318 0.1307041 0.4238744 1.723155 0.5343755 0.5500512 2.272338 0.1477944 0.4679585 1.701961 0.5463442 0.5979149 2.261276 0.1137492 0.1312718 2.210144 0.1301182 0.06349714 2.207335 0.06833723 -0.02821833 2.149424 0.2183942 -0.02551643 2.260577 0.04176681 -0.4692563 2.242478 0.1987103 -0.4771713 2.418092 0.02023614 -0.8439212 2.303517 0.174311 -0.8593968 2.506326 0.07443953 -0.8858163 2.250089 0.2285144 -0.9012919 2.452899
0.1299949 0.6369336 2.200164 0.06389796 0.4777657 2.202142 -0.04635135 0.3639089 2.07516 0.2832245 0.3742357 2.369602 0.003765451 0.2375209 1.848369 0.4674427 0.3492039 2.370168 0.1349903 0.4154551 1.7101 0.5730574 0.5305663 2.264276 0.1520833 0.4542183 1.685417 0.5892076 0.5648894 2.252995 0.1137578 0.1316208 2.210074 0.130171 0.06388491 2.207373 0.06835414 -0.02822035 2.149435 0.2194287 -0.0251424 2.261197 0.04181566 -0.4689351 2.242091 0.1983243 -0.4922762 2.425986 0.01838579 -0.8441935 2.303784 0.174901 -0.862916 2.505707 0.07237736 -0.8861163 2.250165 0.2288926 -0.9048389 2.452088
0.08107378 0.6554172 2.211129 0.06454556 0.4773341 2.19986 -0.01755798 0.3484496 2.099641 0.2826946 0.3761581 2.369371 0.00433374 0.2370255 1.848316 0.46669 0.349015 2.369395 0.1369694 0.4111093 1.70618 0.5868212 0.5187948 2.262942 0.1530798 0.4487051 1.681584 0.6238903 0.5575794 2.24393 0.1154813 0.1319059 2.209682 0.1321765 0.06422487 2.207541 0.07517308 -0.02762931 2.14744 0.2212606 -0.02392977 2.264847 0.0418641 -0.4688012 2.241646 0.1984007 -0.4933183 2.426393 0.01782087 -0.8424639 2.303955 0.1747187 -0.8617163 2.505451 0.07164294 -0.8844188 2.250193 0.2285407 -0.9036712 2.451688
0.08093419 0.6554307 2.21109 0.0646447 0.4773403 2.198531 -0.04177833 0.357015 2.081854 0.282844 0.3759619 2.36938 0.004773282 0.2362006 1.847876 0.4670609 0.3494284 2.368433 0.1370034 0.4108346 1.70607 0.5947378 0.5185338 2.258882 0.1528318 0.4479893 1.681882 0.6275716 0.5571777 2.242125 0.1185043 0.1354662 2.207935 0.1359722 0.06905045 2.205987 0.07718015 -0.02615254 2.14535 0.2292126 -0.01863097 2.265485 0.04171707 -0.4684045 2.24072 0.1984023 -0.4930688 2.426194 0.02389295 -0.8413081 2.306012 0.17433 -0.8604214 2.505601 0.07750547 -0.8832509 2.252029 0.2279425 -0.9023641 2.451618
0.07967304 0.6548046 2.210509 0.06347565 0.4769317 2.197864 -0.04278423 0.3567703 2.080671 0.2830113 0.3757767 2.369367 0.005065173 0.2358233 1.847683 0.4673531 0.3501561 2.368444 0.1369452 0.4138601 1.710259 0.5932502 0.5183608 2.258947 0.1511866 0.452831 1.690044 0.6191823 0.5554116 2.243749 0.1182638 0.1347128 2.207555 0.1355206 0.06789594 2.205868 0.07632433 -0.02698777 2.146051 0.2288223 -0.02003502 2.264406 0.04166352 -0.4684295 2.240539 0.198381 -0.5023941 2.428886 0.0226257 -0.8418874 2.307353 0.174011 -0.8610416 2.506153 0.07625185 -0.883829 2.253383 0.2247181 -0.9311751 2.53655
0.0784706 0.6549497 2.209896 0.06333252 0.4769408 2.197772 -0.04318035 0.3571146 2.07966 0.2825308 0.3760981 2.36902 0.0043354 0.2356421 1.849545 0.4662881 0.3486637 2.370375 0.1338953 0.4239452 1.725538 0.5798562 0.5236861 2.259972 0.1460416 0.465244 1.711316 0.593833 0.5612824 2.247143 0.1179234 0.1336428 2.207222 0.1348127 0.06612869 2.205717 0.07555673 -0.02764661 2.147011 0.227067 -0.02170978 2.262451 0.04160558 -0.4686476 2.240535 0.1984364 -0.4985848 2.426673 0.02860599 -0.8437698 2.306621 0.1749493 -0.8602695 2.506537 0.08230414 -0.885709 2.252719 0.1190113 -0.9298938 2.461755
0.0772316 0.65404 2.209791 0.06377608 0.4756382 2.198454 -0.04344982 0.3580609 2.079598 0.2825325 0.375997 2.36908 0.004003229 0.2357545 1.849967 0.4664004 0.3494312 2.370543 0.1278268 0.4304245 1.740641 0.552314 0.5307889 2.263907 0.1395029 0.4781713 1.729065 0.5670556 0.5700496 2.251373 0.1170457 0.1320145 2.207184 0.1333554 0.06421239 2.205645 0.07288422 -0.02820395 2.148548 0.2242925 -0.02404263 2.259817 0.04145996 -0.4700421 2.240544 0.1984498 -0.495985 2.426362 0.02760794 -0.8451411 2.307081 0.1747141 -0.8599907 2.506374 0.0813031 -0.8870893 2.253183 0.2284093 -0.901939 2.452476
0.07649808 0.6540623 2.210047 0.06457474 0.474825 2.200286 -0.04423492 0.3583114 2.07854 0.2827898 0.3755508 2.368842 0.002890518 0.2363928 1.851769 0.4668509 0.3499702 2.369934 0.125174 0.4400907 1.748697 0.5372711 0.5438235 2.265161 0.1368712 0.4826643 1.736035 0.5457281 0.5915887 2.254827 0.1158682 0.1298023 2.207194 0.1315949 0.06133996 2.205097 0.06916934 -0.02963551 2.150524 0.2216136 -0.02680377 2.254435 0.04144984 -0.4700726 2.240288 0.1983416 -0.4917374 2.424724 0.02812073 -0.8494086 2.309279 0.1742472 -0.8577803 2.505481 0.0818163 -0.8913589 2.255383 0.2233957 -0.9232323 2.53737
0.07626628 0.6537791 2.210042 0.06647694 0.4737011 2.201588 -0.0440518 0.3582322 2.077636 0.2830029 0.3752484 2.368517 0.001901171 0.2369056 1.854206 0.467137 0.3467049 2.365857 0.1244815 0.439907 1.749975 0.531104 0.5517769 2.269211 0.1359368 0.484253 1.737966 0.5366896 0.6087567 2.260505 0.1157033 0.1293376 2.207369 0.1314693 0.06097444 2.205009 0.06882886 -0.02973746 2.150595 0.2213879 -0.0269501 2.254057 0.04144159 -0.4711026 2.240738 0.1988001 -0.4901002 2.424916 0.02661831 -0.8495873 2.309522 0.1740091 -0.8618274 2.504613 0.08037169 -0.8915323 2.255681 0.2022958 -0.930023 2.503062
0.07614943 0.6535135 2.209651 0.06669631 0.473574 2.201738 -0.04479457 0.3589256 2.077445 0.2828612 0.3749309 2.367994 0.001688543 0.2374835 1.854006 0.466931 0.3447396 2.363685 0.1247235 0.4394065 1.748013 0.5317299 0.5526078 2.269717 0.136901 0.4842957 1.736019 0.5395456 0.6091588 2.26092 0.1154533 0.1289994 2.207481 0.1312975 0.06065279 2.204872 0.06827607 -0.0299337 2.150642 0.2213276 -0.02706277 2.253755 0.04136746 -0.4708509 2.240475 0.1971643 -0.4956969 2.425975 0.02229335 -0.8445052 2.308815 0.1739614 -0.8619468 2.504749 0.0759744 -0.8864604 2.254909 0.2271307 -0.9392972 2.538981
0.07637085 0.651457 2.209177 0.06779319 0.4721875 2.201435 -0.05394025 0.3139047 2.087947 0.2829937 0.3748288 2.367871 0.002203543 0.2382722 1.853431 0.4673167 0.3470066 2.364555 0.1330792 0.4247028 1.727834 0.5549077 0.5480177 2.269943 0.1486774 0.4710493 1.706127 0.5680957 0.5959713 2.262493 0.1185804 0.1289515 2.2079 0.1349788 0.06115717 2.205044 0.0713336 -0.03197467 2.149714 0.231564 -0.02469364 2.25676 0.04447835 -0.4687592 2.241855 0.1989601 -0.4903828 2.424248 0.02132155 -0.84736 2.309406 0.1762063 -0.8653797 2.507562 0.07228221 -0.8896238 2.253153 0.227167 -0.9076434 2.451309
0.07617652 0.651517 2.20895 0.0660304 0.4741501 2.198613 -0.008168506 0.2800432 2.097749 0.2830114 0.3747454 2.367801 0.009270899 0.2416646 1.84013 0.4672545 0.3453185 2.363042 0.1386615 0.4188735 1.711817 0.5891426 0.5341141 2.26204 0.1535713 0.463589 1.686643 0.6124374 0.57028 2.250031 0.1216206 0.1258999 2.207484 0.1402941 0.05599469 2.205722 0.08201163 -0.04031794 2.14771 0.2343281 -0.02583012 2.260421 0.04456615 -0.4661808 2.24008 0.2037034 -0.4746718 2.417232 0.02111262 -0.8479499 2.309625 0.1745658 -0.8598633 2.503446 0.07461689 -0.889897 2.255537 0.2280701 -0.9018104 2.449358
0.0784469 0.6512183 2.207658 0.06789997 0.4742827 2.196082 -0.05399947 0.3155848 2.09002 0.2839223 0.3743188 2.368074 0.009404674 0.2415663 1.840073 0.4686382 0.3463612 2.361041 0.1476557 0.4070134 1.695405 0.6022586 0.5204015 2.258464 0.1618581 0.4425248 1.671957 0.6335379 0.5611467 2.245674 0.1226056 0.1300168 2.206752 0.1399584 0.06256257 2.205375 0.08021509 -0.03767351 2.145689 0.2346969 -0.02414629 2.262971 0.04497683 -0.4639989 2.238371 0.2051139 -0.4712887 2.415709 0.02121755 -0.8479579 2.309761 0.1740225 -0.8601909 2.503133 0.07192586 -0.8902686 2.253315 0.2247308 -0.9025015 2.446687
0.07947312 0.650025 2.206551 0.0681933 0.4737568 2.195065 -0.05146701 0.3195164 2.090368 0.2843401 0.3742671 2.368277 0.01280895 0.2512637 1.842628 0.469192 0.3462332 2.359722 0.1483033 0.4041036 1.693496 0.6075061 0.5162957 2.255096 0.16189 0.4370485 1.670328 0.6414866 0.5538679 2.242101 0.1232167 0.1296554 2.2063 0.1402391 0.06208768 2.205402 0.08017229 -0.03764658 2.145931 0.235094 -0.02480074 2.263034 0.04553574 -0.4607191 2.236207 0.2055341 -0.4693498 2.414915 0.02121245 -0.8478091 2.309762 0.1735382 -0.8633144 2.504094 0.07216046 -0.8901027 2.253519 0.2244862 -0.9056081 2.447851
0.0806547 0.6485343 2.205477 0.06887393 0.4729061 2.193581 -0.03993785 0.3503227 2.0795 0.2868013 0.3724509 2.369695 0.01416877 0.2526762 1.84295 0.4720367 0.3464343 2.360147 0.1486802 0.4029613 1.692819 0.6085076 0.5115862 2.252859 0.1602561 0.431359 1.671703 0.6412176 0.5476653 2.241063 0.1229882 0.1305355 2.205517 0.1393519 0.0635403 2.205391 0.07892174 -0.03523948 2.145262 0.233218 -0.02469549 2.264546 0.0456586 -0.4601552 2.235681 0.2034012 -0.4894682 2.423806 0.02123632 -0.85244 2.309773 0.1743951 -0.8670946 2.505498 0.07483935 -0.894435 2.255819 0.2279981 -0.9090897 2.451544
0.08127355 0.6476294 2.204544 0.0690605 0.4725623 2.192847 -0.04109862 0.3493728 2.077805 0.2876686 0.3718515 2.369608 0.01479281 0.2533896 1.843236 0.4718786 0.3381695 2.357404 0.149025 0.402404 1.692363 0.6083148 0.5101214 2.252115 0.1596362 0.4285446 1.672884 0.6402572 0.5462974 2.241185 0.1225337 0.1311384 2.20406 0.1381571 0.06428298 2.204061 0.07422955 -0.03334352 2.142784 0.2328631 -0.02433942 2.263645 0.04700081 -0.460419 2.236759 0.2038505 -0.4882805 2.42478 0.0206094 -0.854525 2.310048 0.1739319 -0.8651972 2.506395 0.07418554 -0.8965284 2.256074 0.2278623 -0.9292468 2.551036
0.08227062 0.6471756 2.203311 0.06940924 0.4723661 2.192 -0.04104513 0.352125 2.078227 0.2877719 0.3718505 2.369311 0.01494886 0.2542374 1.844149 0.4718646 0.3372965 2.35648 0.1496488 0.4017586 1.692034 0.608219 0.5095 2.25127 0.1602051 0.428122 1.673134 0.6399285 0.5459023 2.240825 0.1221382 0.1327202 2.203012 0.1370617 0.06631866 2.203339 0.07337961 -0.03133028 2.140986 0.2315495 -0.02364461 2.26421 0.04713485 -0.4590767 2.235878 0.2048755 -0.4763976 2.418729 0.02013199 -0.8538007 2.309952 0.1731435 -0.8611869 2.504334 0.07366367 -0.8958217 2.255947 0.228115 -0.9286963 2.54834
0.07888226 0.6448125 2.2012 0.0694672 0.4722703 2.191896 -0.04107907 0.353281 2.077123 0.2894442 0.3700762 2.369554 0.01504278 0.2544729 1.844248 0.4739968 0.3372914 2.354586 0.1497462 0.4015064 1.692047 0.6079814 0.5095328 2.250854 0.1603931 0.428055 1.673218 0.6387222 0.5464075 2.239166 0.122079 0.1329939 2.202639 0.1366115 0.06659404 2.203263 0.07290444 -0.03072187 2.141223 0.2306468 -0.0237291 2.26391 0.04668887 -0.4594526 2.235589 0.2036927 -0.4780172 2.419409 0.01849784 -0.8590202 2.313469 0.173495 -0.863885 2.508005 0.07205549 -0.9010428 2.259492 0.2275878 -0.9290204 2.547592
0.07777921 0.6443408 2.200379 0.06954513 0.472189 2.191818 -0.04118242 0.354192 2.076744 0.2901748 0.3707612 2.369957 0.01011583 0.2430606 1.84509 0.4750559 0.3404604 2.356498 0.1501223 0.4010875 1.692327 0.6067669 0.5084212 2.249348 0.1609048 0.4279038 1.673481 0.6353197 0.5446567 2.236883 0.1224363 0.1333682 2.202169 0.1367728 0.06698117 2.203014 0.07283552 -0.03025831 2.141068 0.2314113 -0.022892 2.263372 0.04707026 -0.4600962 2.236254 0.2035595 -0.4777893 2.419282 0.01777003 -0.8573871 2.310683 0.1733218 -0.8635378 2.506541 0.07134002 -0.8994048 2.256713 0.1795607 -0.9356768 2.492032
0.07698454 0.6437027 2.199976 0.06962001 0.4720818 2.191638 -0.04121215 0.3549044 2.076737 0.2883872 0.3715822 2.368058 0.008931751 0.2370914 1.846332 0.4731506 0.3408807 2.355335 0.1482 0.398561 1.695145 0.6067383 0.5084171 2.249354 0.1605261 0.4277835 1.674671 0.6346166 0.547343 2.235388 0.1224828 0.1341822 2.201834 0.1365386 0.06798135 2.202954 0.07312067 -0.0295816 2.140347 0.2305195 -0.02196747 2.264462 0.04681595 -0.4600437 2.236052 0.2037794 -0.4721894 2.417199 0.01820138 -0.8576672 2.311246 0.1722022 -0.8625463 2.504404 0.07173188 -0.8996931 2.257242 0.1741486 -0.9338241 2.485189
0.07618792 0.6431417 2.19913 0.06991032 0.4719971 2.191108 -0.04124336 0.3550424 2.076592 0.2892787 0.3715977 2.368987 0.007898901 0.2357999 1.846754 0.4744517 0.3425598 2.354073 0.1475967 0.3979144 1.696764 0.606632 0.5085174 2.249068 0.1604252 0.4282704 1.676282 0.634895 0.5501435 2.2329 0.1227448 0.1341565 2.201617 0.1365926 0.06780536 2.203092 0.07325788 -0.02954144 2.141532 0.2305116 -0.02220375 2.264447 0.04653607 -0.4603938 2.236026 0.1948083 -0.5046759 2.426382 0.01839684 -0.8579528 2.311414 0.1724753 -0.8643496 2.504042 0.07194812 -0.8999872 2.257436 0.2260266 -0.906384 2.450064
0.0752746 0.6425265 2.198736 0.06987682 0.4716452 2.190899 -0.04236366 0.3535798 2.07505 0.2895134 0.3713735 2.369138 0.008393449 0.2335417 1.847863 0.4748814 0.3431893 2.353069 0.1471856 0.3976076 1.699287 0.6066045 0.5094063 2.248326 0.1603787 0.4293936 1.678708 0.6347318 0.5513564 2.232124 0.1245134 0.1366928 2.201149 0.1388899 0.07149466 2.202911 0.07621465 -0.0278341 2.139662 0.2346583 -0.01886216 2.266457 0.04618101 -0.4588826 2.235149 0.1959134 -0.503774 2.426672 0.01780307 -0.848354 2.308619 0.1730039 -0.8655998 2.504337 0.04542883 -0.9236776 2.350784 0.2213057 -0.9360322 2.556193
0.07349849 0.6418314 2.198203 0.06951336 0.4713488 2.190749 -0.04235877 0.3537501 2.074544 0.2896233 0.3712933 2.369337 0.008756954 0.2331084 1.847558 0.475026 0.3432392 2.352959 0.1468374 0.399802 1.701489 0.605673 0.5106328 2.247352 0.1596403 0.4329183 1.681186 0.6337098 0.5522508 2.231498 0.12439 0.1363871 2.20058 0.1385319 0.07092976 2.202391 0.07578211 -0.02774297 2.139691 0.2341818 -0.01939206 2.26425 0.04611808 -0.4602217 2.235892 0.2009891 -0.4828612 2.422035 0.01507659 -0.8525006 2.31127 0.1729656 -0.8654661 2.504434 0.04256537 -0.9247169 2.349264 0.2266454 -0.9074507 2.450542
0.07179262 0.6419485 2.198174 0.06885403 0.4713521 2.190834 -0.04319474 0.3534418 2.073959 0.2894937 0.3709202 2.369248 0.007936798 0.2304311 1.851417 0.4750508 0.345872 2.357257 0.1431883 0.4019581 1.708632 0.6027396 0.511548 2.247648 0.1567356 0.4368995 1.688137 0.6294034 0.5519336 2.232413 0.1237747 0.1356177 2.20024 0.1376013 0.0695654 2.20207 0.07489236 -0.02806691 2.140178 0.2328424 -0.02103934 2.262403 0.04474793 -0.4685265 2.237412 0.2007645 -0.4832869 2.421417 0.01579306 -0.8588833 2.316464 0.1726075 -0.864154 2.504245 0.04221774 -0.9250498 2.348855 0.1873232 -0.9361106 2.496522
0.06959223 0.6426326 2.197826 0.06711867 0.4718799 2.190875 -0.04327339 0.3534376 2.073854 0.2890861 0.3708557 2.368866 0.00834389 0.2316555 1.849866 0.4746762 0.3478518 2.359689 0.1414527 0.4101712 1.714514 0.5919379 0.5213497 2.247696 0.1545617 0.4502779 1.694478 0.6093677 0.5611637 2.234338 0.1236173 0.1356212 2.200112 0.1374514 0.06949226 2.202063 0.0749452 -0.02807239 2.140222 0.2324148 -0.02109738 2.262319 0.04400726 -0.4696252 2.237319 0.1990178 -0.491936 2.42329 0.02646979 -0.8587857 2.317149 0.1739141 -0.8661658 2.504014 0.04366466 -0.9330292 2.381766 0.2275969 -0.9081367 2.450113
0.06460503 0.6448855 2.196996 0.0640105 0.4746055 2.191184 -0.04848587 0.3204779 2.08395 0.2887516 0.3712905 2.368596 0.008254888 0.2333502 1.849199 0.4742551 0.3487618 2.360951 0.136259 0.4239891 1.727466 0.5754633 0.5298172 2.252056 0.1462278 0.4751034 1.713396 0.5883987 0.5685212 2.238679 0.122841 0.1335813 2.200413 0.1365379 0.06538245 2.202614 0.07420272 -0.03197595 2.142769 0.2317834 -0.02346412 2.261545 0.04573121 -0.4702041 2.238362 0.2019044 -0.4862332 2.422531 0.02293113 -0.8568056 2.31366 0.1733811 -0.8636579 2.503389 0.07455654 -0.8990259 2.257972 0.2250066 -0.9058781 2.447701
0.06085978 0.6439284 2.199188 0.06372255 0.4742651 2.193515 -0.0077209 0.3358416 2.106718 0.2856656 0.3717928 2.366298 0.007521429 0.2383674 1.84914 0.4702433 0.3450989 2.362108 0.1280809 0.4425888 1.74501 0.5428907 0.5452918 2.255942 0.1388625 0.4923605 1.728704 0.5538685 0.59314 2.245298 0.1224763 0.1259996 2.201472 0.1364743 0.05527139 2.203126 0.07603194 -0.03410363 2.143581 0.2269655 -0.02835839 2.259875 0.04580236 -0.4705713 2.238578 0.1981882 -0.5028237 2.424076 0.02002546 -0.8565261 2.311894 0.1745026 -0.8663265 2.504588 0.07324022 -0.8985469 2.257566 0.2277174 -0.9083473 2.450261
0.05982102 0.6443296 2.200173 0.0668681 0.473824 2.198858 0.001923723 0.2684738 2.09117 0.2849339 0.3719156 2.365326 0.006735689 0.239708 1.8507 0.4693772 0.3445078 2.361374 0.1201941 0.4536188 1.760825 0.5232245 0.5526115 2.26139 0.1305924 0.5007477 1.746405 0.5341002 0.6095698 2.250236 0.1238963 0.1181305 2.205117 0.1378758 0.0460826 2.206385 0.07917322 -0.04341687 2.148036 0.2254273 -0.03199871 2.260915 0.04604771 -0.4706467 2.239288 0.1988236 -0.4938689 2.422531 0.02000069 -0.8565207 2.312003 0.1740894 -0.8658494 2.504286 0.07467063 -0.8983642 2.258998 0.2287593 -0.9076928 2.451282
0.05919663 0.6431834 2.200173 0.07291722 0.469284 2.202471 -0.006311627 0.33955 2.108025 0.2847413 0.3713832 2.364323 0.005830444 0.2408425 1.85266 0.4691349 0.3439055 2.360695 0.112914 0.4523455 1.774464 0.5054554 0.5641874 2.266131 0.1217538 0.5088015 1.762516 0.5063615 0.6252561 2.260878 0.1231065 0.1149092 2.205506 0.1366512 0.04320779 2.205806 0.07771718 -0.04369282 2.149087 0.2205492 -0.03597488 2.255952 0.04511131 -0.4711146 2.239488 0.1979407 -0.5012942 2.427392 0.0202849 -0.8542587 2.309863 0.1747431 -0.8675249 2.505884 0.07341806 -0.8963166 2.255482 0.2278762 -0.9095828 2.451503
0.05787979 0.6422676 2.201016 0.07304646 0.4683567 2.204966 -0.04197361 0.3309776 2.096838 0.2829461 0.3707851 2.361694 0.005568524 0.2412289 1.853616 0.4681514 0.3515403 2.359891 0.1111584 0.4569216 1.779005 0.4953013 0.5683949 2.270184 0.1202918 0.5101573 1.76681 0.4979069 0.6274558 2.264883 0.1220173 0.1157733 2.206661 0.1353578 0.04528219 2.20601 0.07520554 -0.04255802 2.149689 0.2203374 -0.03535946 2.255658 0.04546331 -0.471484 2.239857 0.1997232 -0.4923328 2.423548 0.02027266 -0.854232 2.309992 0.1753074 -0.871016 2.510056 0.0709822 -0.8965603 2.253545 0.2304775 -0.9399062 2.556901
0.05759078 0.6423142 2.200705 0.07325241 0.4685742 2.205181 0.02242224 0.2759811 2.0909 0.2829725 0.3707345 2.361189 0.005721143 0.2411332 1.855133 0.4688088 0.3522858 2.354652 0.1118098 0.4573524 1.778455 0.4951173 0.5685145 2.270447 0.1207686 0.5096258 1.766341 0.4973313 0.6269977 2.265447 0.1218374 0.1141765 2.207565 0.1361375 0.04329407 2.206867 0.07841492 -0.04521628 2.148792 0.2189467 -0.03707061 2.259899 0.04499633 -0.4751282 2.240442 0.2003479 -0.4892938 2.421869 0.01978707 -0.8520003 2.310783 0.1753955 -0.8711198 2.509889 0.07649518 -0.8935859 2.25975 0.1625657 -0.9384792 2.482455
0.05455098 0.6466973 2.201041 0.06259083 0.4796114 2.199948 -0.01173646 0.3404725 2.102347 0.2826404 0.3708741 2.360433 0.00636589 0.2565811 1.856364 0.4684874 0.3529983 2.35432 0.1254368 0.4586683 1.752929 0.5071753 0.5655355 2.271202 0.132279 0.5060378 1.741471 0.5135196 0.6212391 2.266234 0.1219723 0.1154772 2.207428 0.1366328 0.0442391 2.206621 0.08028921 -0.04350353 2.148087 0.220022 -0.03623681 2.260461 0.04687025 -0.4733584 2.242039 0.199275 -0.4956775 2.424177 0.01981608 -0.8519921 2.31073 0.1758553 -0.8685097 2.508013 0.07286746 -0.8940226 2.256245 0.1664222 -0.9382828 2.485712
0.0546568 0.6480974 2.201728 0.06249447 0.4807246 2.199398 -0.01187269 0.3403515 2.102225 0.2828776 0.3711295 2.360454 0.007599094 0.2535819 1.851539 0.4684429 0.3461965 2.348429 0.1349152 0.4445246 1.729555 0.5612133 0.549857 2.259474 0.1460994 0.4865263 1.709576 0.5727985 0.6010745 2.252909 0.1224197 0.1168066 2.20713 0.1375339 0.04552574 2.2064 0.08114992 -0.04231108 2.14806 0.2220415 -0.03478786 2.260623 0.04686511 -0.4733079 2.241504 0.1997247 -0.5000393 2.426279 0.01900027 -0.8525005 2.311069 0.1751232 -0.8688704 2.509127 0.07202639 -0.89453 2.256557 0.2281493 -0.9108999 2.454614
0.05477118 0.6487888 2.201831 0.06240308 0.4812358 2.198722 -0.003818848 0.2701572 2.105403 0.2829672 0.3715687 2.360564 0.01171393 0.248281 1.848829 0.4690328 0.3511317 2.349164 0.1380839 0.4270369 1.714051 0.5815592 0.5418945 2.251514 0.148613 0.4749148 1.693119 0.6094883 0.5801017 2.239143 0.1236636 0.1162685 2.20722 0.1398572 0.04422005 2.20688 0.08511996 -0.04626432 2.148628 0.2259319 -0.03552023 2.26271 0.04853709 -0.4731545 2.241349 0.2049344 -0.4800034 2.420229 0.02025976 -0.8572714 2.312518 0.1751227 -0.8672051 2.509556 0.07237042 -0.8994082 2.257211 0.2355339 -0.9286107 2.547759
0.05537552 0.6491243 2.202284 0.0624379 0.4813906 2.198447 -0.01339297 0.3358622 2.10115 0.2828824 0.3723341 2.3606 0.01213536 0.2574189 1.847316 0.4688699 0.3510044 2.348902 0.1377744 0.4242471 1.712438 0.5920386 0.5375724 2.246389 0.1482927 0.4703428 1.689965 0.6151217 0.5764624 2.235923 0.1230416 0.1172672 2.206315 0.1391667 0.04544629 2.205902 0.08352251 -0.04323797 2.147328 0.2251869 -0.03481991 2.261691 0.04742817 -0.4773719 2.240967 0.2048604 -0.4801382 2.420292 0.02084369 -0.8610037 2.314808 0.1744573 -0.8608789 2.505595 0.07375365 -0.9030406 2.260189 0.235893 -0.9280872 2.546745
0.05500755 0.6499725 2.202515 0.0621646 0.4820421 2.197714 -0.01343519 0.3359771 2.101104 0.2824539 0.3730898 2.359234 0.01187112 0.259525 1.84714 0.4682069 0.3512406 2.349663 0.1367604 0.4242752 1.713145 0.5891774 0.536211 2.248004 0.1465998 0.4711669 1.691223 0.6095325 0.5745647 2.237768 0.122502 0.1173978 2.205728 0.1386054 0.04545449 2.205356 0.08232272 -0.04237134 2.147128 0.2244183 -0.03487636 2.260616 0.04674524 -0.4782991 2.241067 0.2016762 -0.5000002 2.427268 0.023053 -0.8606172 2.320062 0.1734257 -0.8610085 2.505722 0.07583389 -0.9026748 2.265332 0.2262066 -0.9030662 2.450992
0.05349128 0.6501346 2.203224 0.06041281 0.4820964 2.197947 -0.01331665 0.3360558 2.101169 0.2824727 0.3731584 2.359158 0.01562814 0.2678128 1.845142 0.4678645 0.3500312 2.351789 0.1301745 0.4364875 1.723583 0.560183 0.5324233 2.261216 0.1384045 0.4766812 1.706819 0.574431 0.5765767 2.251842 0.1212763 0.1173468 2.205353 0.1375686 0.04538564 2.204849 0.08095966 -0.0416883 2.146959 0.2233865 -0.03489204 2.259473 0.04724102 -0.4775 2.24155 0.2015999 -0.500082 2.427284 0.02259249 -0.8612922 2.320002 0.1733584 -0.8620234 2.507973 0.07537033 -0.9033403 2.265261 0.2261362 -0.9040715 2.453232
0.05341259 0.648677 2.204075 0.06397408 0.4759395 2.201593 -0.04625911 0.3077404 2.086986 0.2827833 0.3728966 2.359329 0.01613911 0.2707554 1.845719 0.4683396 0.3513111 2.352159 0.1206653 0.4461153 1.74088 0.5367978 0.5454592 2.262271 0.1253956 0.4852289 1.731279 0.5479335 0.5980716 2.255052 0.1207356 0.1176881 2.205933 0.136397 0.04674938 2.204787 0.07591673 -0.04169632 2.14817 0.2235203 -0.03421135 2.258084 0.04709239 -0.4772866 2.241465 0.2011801 -0.4987451 2.426876 0.01932135 -0.8571742 2.315641 0.1718178 -0.8627719 2.508105 0.07006636 -0.8994558 2.259186 0.209194 -0.9231173 2.540208
0.05332896 0.6485348 2.204119 0.06442036 0.4751613 2.201713 -0.04422804 0.3639315 2.06971 0.2827157 0.372535 2.358844 0.01554408 0.2722558 1.847745 0.4684287 0.3527779 2.352121 0.1143539 0.4433678 1.753031 0.5221677 0.5554665 2.268337 0.1212849 0.4870863 1.740444 0.5273457 0.6189911 2.262923 0.1181242 0.117996 2.205508 0.1331081 0.04770559 2.203673 0.06906236 -0.03897086 2.150268 0.2192176 -0.03355468 2.251645 0.04622085 -0.4765805 2.241359 0.2001822 -0.5020576 2.42789 0.0187135 -0.8550574 2.314434 0.172006 -0.8638354 2.50846 0.07246949 -0.8969899 2.260565 0.2135845 -0.9267447 2.540687
0.05391905 0.6477653 2.204225 0.06670436 0.473375 2.202286 -0.001899181 0.3364524 2.106138 0.2827808 0.3723379 2.358464 0.01097738 0.2694223 1.852273 0.4697801 0.3693987 2.348971 0.1137868 0.4460993 1.755257 0.5173752 0.562225 2.270096 0.1205535 0.4881417 1.743486 0.5222382 0.6227591 2.264805 0.1176067 0.1141585 2.205638 0.1325825 0.04303498 2.203044 0.06914917 -0.03946903 2.150455 0.2176076 -0.03613211 2.250103 0.04557751 -0.4763389 2.241251 0.1984571 -0.4963282 2.424375 0.01986056 -0.8555577 2.313868 0.1716977 -0.8622538 2.506906 0.07311583 -0.8975664 2.259563 0.2139731 -0.9261066 2.540291
0.05405821 0.6475744 2.204595 0.06717087 0.4730536 2.20239 -0.001955826 0.3364525 2.106187 0.2828311 0.3722077 2.357824 0.003876294 0.2493293 1.853804 0.4721125 0.41661 2.333678 0.1145266 0.4430617 1.754142 0.5264195 0.5868438 2.262967 0.1228015 0.4885404 1.741383 0.5244647 0.6237117 2.266068 0.1175349 0.1118103 2.206322 0.1328905 0.04018508 2.203408 0.0699644 -0.04058028 2.151416 0.2173164 -0.03770463 2.24996 0.04484373 -0.4759384 2.241046 0.2007294 -0.4855883 2.420889 0.01986063 -0.8556122 2.313828 0.1704157 -0.8614793 2.505614 0.0730233 -0.8976399 2.259446 0.1959458 -0.9307703 2.506976
0.05256157 0.6486261 2.205396 0.06292038 0.4777833 2.200667 -0.003301593 0.3365617 2.10542 0.2827731 0.3723082 2.357311 0.005872176 0.2465628 1.849817 0.4738562 0.4165218 2.333379 0.1261433 0.4362882 1.735734 0.5517197 0.5771197 2.262026 0.1364403 0.4846783 1.718157 0.5613068 0.6079229 2.261853 0.1173434 0.1121504 2.206552 0.1331091 0.04045207 2.203518 0.07188814 -0.04025807 2.151414 0.2177328 -0.03742149 2.250759 0.04484618 -0.4757116 2.241029 0.1966814 -0.5024508 2.423429 0.02025421 -0.8571719 2.314876 0.1707663 -0.8621488 2.505454 0.07331777 -0.8992009 2.260397 0.2238299 -0.9041778 2.450974
0.05361287 0.6494105 2.204989 0.06279706 0.4799755 2.198568 -0.05457552 0.3045095 2.098845 0.2826855 0.3727469 2.357221 0.007300586 0.2457491 1.847308 0.4678053 0.3549846 2.357076 0.1337481 0.4225956 1.715435 0.5786813 0.5392649 2.262116 0.1475158 0.46931 1.689364 0.6012885 0.579856 2.250752 0.1194394 0.1172851 2.206499 0.1358012 0.04646781 2.203647 0.07263818 -0.04036819 2.151003 0.2263565 -0.03335609 2.254417 0.04486077 -0.4757792 2.240896 0.1974595 -0.5022205 2.424244 0.01854411 -0.8570073 2.314466 0.1718989 -0.8660148 2.507499 0.06686772 -0.8995764 2.25613 0.2202225 -0.9085839 2.449164
0.05373638 0.6494046 2.204971 0.06192163 0.4799036 2.198025 -0.01580496 0.3399016 2.09941 0.2843338 0.3734079 2.359042 0.005774947 0.2385165 1.854117 0.5032858 0.40934 2.330467 0.1332472 0.4161003 1.71165 0.6043047 0.5531237 2.251264 0.1476829 0.4559142 1.685958 0.6188084 0.5768967 2.248832 0.1193973 0.1188586 2.205545 0.1367554 0.04871043 2.202919 0.07531785 -0.03766792 2.147879 0.2275655 -0.03189576 2.25488 0.04642589 -0.4724209 2.239556 0.1984166 -0.4998115 2.424116 0.02525962 -0.8385182 2.305562 0.1717406 -0.8657858 2.507129 0.07786877 -0.8805801 2.250669 0.2243497 -0.9078478 2.452236
0.05412014 0.6495042 2.205178 0.06177612 0.4802912 2.197455 -0.05324608 0.3065285 2.094543 0.2842689 0.3736413 2.359 0.005786244 0.23856 1.853856 0.5036685 0.4093999 2.330377 0.1333974 0.415976 1.711296 0.605681 0.5524822 2.251177 0.1476026 0.4561393 1.685871 0.6192554 0.5766092 2.249091 0.1198138 0.1205976 2.205217 0.1369605 0.05048845 2.202347 0.07486892 -0.03787423 2.147281 0.2295512 -0.03085461 2.254719 0.04629072 -0.4725254 2.239459 0.2042618 -0.4748894 2.41483 0.02483553 -0.8582582 2.31311 0.1733944 -0.8685587 2.508081 0.07386899 -0.9007301 2.255299 0.2224279 -0.9110306 2.450269
0.05422713 0.6494995 2.205208 0.06197174 0.4801819 2.19752 0.00436805 0.2899064 2.088558 0.2837501 0.3738554 2.358579 0.005538067 0.2386343 1.853077 0.4975891 0.403096 2.333672 0.1329342 0.4185651 1.713819 0.5980549 0.5474416 2.254851 0.1447457 0.4620038 1.692654 0.6103662 0.576654 2.251392 0.1197653 0.1203011 2.204787 0.1376606 0.0501699 2.202374 0.07907244 -0.03957784 2.144167 0.2292905 -0.0306072 2.256378 0.04723521 -0.4726471 2.24134 0.1997834 -0.5019784 2.427441 0.02484486 -0.8582914 2.313126 0.1733038 -0.8714758 2.510227 0.0797177 -0.9000617 2.260261 0.1860002 -0.9438668 2.50291
0.05323907 0.6498216 2.205489 0.06031105 0.4803195 2.197412 -0.04933579 0.3572887 2.073634 0.283626 0.3737555 2.358448 0.004668559 0.2374849 1.853482 0.4669367 0.3444869 2.360635 0.1278997 0.4281682 1.730263 0.5567865 0.5409343 2.268858 0.1369298 0.4723158 1.717145 0.5612646 0.5856546 2.26323 0.1182467 0.123143 2.204704 0.1359885 0.05362567 2.201999 0.07694817 -0.03639271 2.144667 0.2286089 -0.02953058 2.255673 0.04671116 -0.4729669 2.240328 0.2033047 -0.4830863 2.419035 0.02262632 -0.8577313 2.311424 0.1739782 -0.8679242 2.508501 0.07527493 -0.8997777 2.256553 0.2266268 -0.9099705 2.453629
0.05388897 0.6482055 2.206956 0.06739236 0.4725541 2.204701 -0.04897472 0.3577229 2.073131 0.2834061 0.3731214 2.35812 0.002870046 0.2367903 1.855011 0.473387 0.4108979 2.334971 0.1214568 0.4404517 1.747168 0.5529283 0.5703599 2.262777 0.1322195 0.480137 1.73343 0.5525467 0.5951835 2.264572 0.1175626 0.1226615 2.20549 0.1354437 0.05340706 2.201979 0.07329485 -0.03560549 2.146144 0.2265037 -0.0306238 2.252421 0.04653475 -0.4729608 2.240303 0.2031067 -0.4828771 2.419218 0.02042266 -0.8572327 2.311872 0.1740181 -0.8674893 2.507725 0.07317927 -0.8992534 2.257084 0.2305248 -0.934683 2.547218
0.05410036 0.6481193 2.206952 0.06760664 0.472282 2.205039 -0.04842037 0.3585135 2.072593 0.2839201 0.371971 2.358126 0.00163298 0.2358981 1.856762 0.4734916 0.4120282 2.334782 0.1174417 0.4442299 1.755899 0.5382485 0.579195 2.265928 0.1271491 0.4855196 1.744836 0.5336696 0.6034818 2.267402 0.1159979 0.1220407 2.206265 0.1334742 0.05280831 2.201957 0.06832962 -0.03501986 2.148658 0.2231866 -0.03192975 2.249281 0.04649678 -0.4730079 2.240428 0.2024876 -0.4832926 2.419413 0.02015515 -0.8569634 2.312848 0.1740042 -0.8660606 2.508661 0.07299685 -0.8989833 2.258141 0.2268459 -0.9080805 2.453954
0.05384682 0.6479701 2.207528 0.0676017 0.4720658 2.205258 -0.04829266 0.3589884 2.072215 0.283606 0.3712751 2.357328 0.001564182 0.2359271 1.856773 0.4688537 0.3529376 2.355796 0.1171827 0.4446645 1.756632 0.5250127 0.5520914 2.276718 0.1274533 0.4862455 1.745173 0.5314492 0.6080985 2.269814 0.1155118 0.1212842 2.207115 0.1333664 0.05220022 2.202179 0.06830349 -0.03533669 2.14958 0.2231558 -0.03246844 2.248861 0.04761211 -0.4758762 2.24464 0.1932792 -0.5107878 2.427603 0.01939672 -0.8562535 2.312916 0.1739314 -0.8660318 2.508449 0.07225343 -0.8982721 2.258224 0.2267881 -0.9080504 2.453756
0.05295461 0.6493579 2.207164 0.06202307 0.4774473 2.202143 -0.04834266 0.3589975 2.071697 0.2836716 0.3712767 2.357345 0.001448254 0.2359627 1.856748 0.4803859 0.413096 2.332649 0.1186064 0.4428797 1.754348 0.5389857 0.5836617 2.267403 0.1303496 0.4851958 1.741492 0.5377226 0.6094229 2.271123 0.1141526 0.1254064 2.207197 0.132637 0.05669743 2.202259 0.06904522 -0.03328192 2.14847 0.2233642 -0.0301771 2.25077 0.04764966 -0.4758796 2.244715 0.1943464 -0.5100141 2.427842 0.01879168 -0.8542953 2.311433 0.1742725 -0.8651211 2.509699 0.0717023 -0.8963031 2.256783 0.2271832 -0.9071288 2.455049
0.05312476 0.6493959 2.207085 0.06168551 0.4776046 2.201471 -0.04850679 0.3590477 2.071663 0.2837009 0.3712727 2.357669 0.003120614 0.2366116 1.853186 0.4647902 0.3280372 2.355925 0.130891 0.4278919 1.732371 0.5627419 0.5442337 2.272494 0.1429184 0.4742073 1.713182 0.5837241 0.5839059 2.263972 0.1138009 0.1258876 2.20727 0.1324053 0.05731556 2.202259 0.06904676 -0.03311303 2.148332 0.223355 -0.02982444 2.251198 0.04681649 -0.476152 2.24338 0.1952763 -0.4992981 2.420428 0.01818866 -0.8559639 2.311853 0.1742619 -0.8651049 2.50978 0.07111677 -0.8979731 2.25722 0.22719 -0.907114 2.455147
0.05418063 0.6499194 2.207065 0.0616515 0.4783763 2.199958 -0.04855255 0.3594801 2.071217 0.2833242 0.3735776 2.358399 0.004358982 0.2357558 1.85308 0.4641148 0.3288605 2.356181 0.1339603 0.4193586 1.721618 0.5860277 0.5339841 2.268265 0.1476205 0.4623663 1.698743 0.6053345 0.5739518 2.260042 0.113566 0.1285036 2.20692 0.1321748 0.06053711 2.202121 0.06957574 -0.03156186 2.146828 0.2233103 -0.02759867 2.253437 0.04629651 -0.4764896 2.242665 0.1971515 -0.5053798 2.425633 0.01809925 -0.8579732 2.312373 0.1746249 -0.8671694 2.508416 0.07113827 -0.8999764 2.257841 0.227664 -0.9091727 2.453884
0.05504706 0.6493737 2.206846 0.06146233 0.4778438 2.198602 -0.04870605 0.3591211 2.070662 0.2832848 0.3742363 2.358644 0.003930075 0.2322927 1.856804 0.4663205 0.3421332 2.359452 0.132988 0.4129356 1.720302 0.5912923 0.5282379 2.268354 0.1486212 0.4515914 1.695672 0.6168391 0.566645 2.260241 0.1135958 0.1300015 2.206688 0.132186 0.06275733 2.202191 0.07016023 -0.03055752 2.145797 0.2237124 -0.02602243 2.25557 0.04897355 -0.4722338 2.243253 0.1980048 -0.5038065 2.42539 0.01740102 -0.8510903 2.308591 0.1763485 -0.8693526 2.510795 0.05181139 -0.929037 2.356088 0.2047088 -0.9350162 2.529224
0.05513975 0.6493264 2.206615 0.0599593 0.4775195 2.197658 -0.0476783 0.3530748 2.070412 0.2840213 0.3740023 2.359917 0.00428229 0.2313879 1.856393 0.4672927 0.3427166 2.360059 0.1329302 0.4127986 1.720595 0.5908903 0.5283387 2.268408 0.1481541 0.4521674 1.696559 0.6131915 0.5663479 2.260731 0.1135998 0.1298371 2.206107 0.132255 0.06250524 2.201674 0.07006857 -0.03076541 2.145042 0.2248171 -0.02609523 2.254812 0.04789754 -0.4741738 2.241098 0.2042798 -0.4788906 2.416304 0.01667146 -0.8691719 2.323069 0.1719747 -0.8610233 2.500693 0.04882049 -0.9295384 2.35676 0.2124655 -0.9285372 2.533537
0.0550534 0.6494642 2.206402 0.05983371 0.4778887 2.197367 -0.04659722 0.353509 2.069627 0.2837881 0.3738862 2.359949 0.004468219 0.2310542 1.856831 0.4666945 0.3417618 2.361591 0.1319252 0.4171405 1.72694 0.5790288 0.5303155 2.271316 0.1436663 0.4612553 1.709035 0.592943 0.5691576 2.264053 0.1131993 0.1299608 2.205781 0.1317131 0.06248905 2.201479 0.06976464 -0.03061519 2.144427 0.223432 -0.02632434 2.25508 0.04678813 -0.4731284 2.240136 0.2029975 -0.4943982 2.422913 0.01757373 -0.8662162 2.319073 0.175854 -0.8667186 2.506469 0.0438017 -0.9304392 2.355223 0.2118413 -0.9285302 2.534014
0.05422885 0.649531 2.205893 0.05937978 0.4782119 2.197289 -0.04460177 0.3550352 2.07051 0.2832534 0.3731948 2.359343 0.004259694 0.2311901 1.85673 0.4651987 0.3347379 2.35916 0.1296717 0.4269619 1.741372 0.5528036 0.539343 2.277363 0.1399917 0.4737226 1.729341 0.5630302 0.5907407 2.270585 0.1127036 0.1300764 2.205582 0.1311606 0.06248676 2.201379 0.06959842 -0.03030341 2.14398 0.2220698 -0.02649993 2.255378 0.04646617 -0.473252 2.239763 0.2041658 -0.4917251 2.423259 0.01620753 -0.8541819 2.310679 0.1746444 -0.8644758 2.505488 0.06970704 -0.8961311 2.256558 0.2281439 -0.906425 2.451366
0.05413521 0.6484789 2.20577 0.06013935 0.4747167 2.198551 -0.04416856 0.3553657 2.069712 0.2835905 0.3723183 2.359271 0.001466586 0.2276927 1.863477 0.4650857 0.3315786 2.35874 0.1220896 0.4309466 1.757383 0.5366758 0.5474965 2.280122 0.1319566 0.4764459 1.74524 0.5486425 0.5973786 2.272501 0.1119195 0.1259038 2.206047 0.1300504 0.05779963 2.201695 0.06786683 -0.03210741 2.146548 0.2210297 -0.02959708 2.252683 0.04743168 -0.4736836 2.241879 0.203929 -0.4898131 2.423697 0.0167528 -0.8533361 2.311088 0.1725137 -0.8649845 2.505109 0.07035178 -0.8952796 2.257059 0.2261126 -0.9069281 2.45108
0.05393148 0.6477432 2.205604 0.06031755 0.4729527 2.199253 -0.04359189 0.3549692 2.069604 0.28371 0.3706224 2.359001 0.002452753 0.2263493 1.865521 0.4666083 0.3374273 2.359365 0.1203871 0.4318341 1.760898 0.5321327 0.5481369 2.28132 0.1305694 0.4786403 1.748938 0.5405998 0.5982257 2.274315 0.1109775 0.122676 2.205765 0.1289434 0.05410351 2.200999 0.06636856 -0.03367825 2.147329 0.2198916 -0.03204738 2.249583 0.046245 -0.4743198 2.2413 0.2024472 -0.4925112 2.423986 0.01739031 -0.8484939 2.311393 0.1730547 -0.8652474 2.505836 0.07103717 -0.8904324 2.257407 0.2267015 -0.9071858 2.45185
0.05354393 0.6477569 2.205413 0.05976269 0.4736876 2.199042 -0.04370237 0.3571014 2.068454 0.2836055 0.3704382 2.358714 0.002994393 0.227636 1.863136 0.4665644 0.3381565 2.359778 0.122025 0.4328903 1.759426 0.5331003 0.5480456 2.281475 0.131993 0.4796789 1.747634 0.5422408 0.5989566 2.274909 0.110488 0.1237569 2.205696 0.1286034 0.05530972 2.2009 0.06634355 -0.0331189 2.146693 0.2196109 -0.03134822 2.25016 0.04586596 -0.4739639 2.240469 0.202169 -0.4918645 2.423862 0.0175562 -0.8487236 2.311311 0.1725751 -0.8633035 2.505753 0.07133497 -0.8906449 2.257442 0.2263539 -0.9052248 2.451883
0.0534347 0.6476738 2.205032 0.05863915 0.4739933 2.19695 -0.044144 0.3568096 2.06894 0.2836202 0.3703901 2.358747 0.004729634 0.2283789 1.859319 0.4665895 0.3383408 2.360008 0.1306665 0.4236704 1.743705 0.5599424 0.5375488 2.27721 0.1430459 0.4712194 1.725349 0.578627 0.5737458 2.269716 0.1106308 0.1240058 2.205481 0.1287755 0.05557688 2.200872 0.0666033 -0.03306689 2.146669 0.220209 -0.03104327 2.250633 0.04514348 -0.4711206 2.238479 0.2043703 -0.4754338 2.416761 0.01655415 -0.8498466 2.311388 0.1723889 -0.8626829 2.506013 0.0702313 -0.8917871 2.257434 0.2055634 -0.9265627 2.522586
0.05500892 0.6473227 2.204549 0.05948725 0.4737957 2.196095 -0.05043049 0.3253675 2.083614 0.2840979 0.3715285 2.360788 0.005995549 0.2265731 1.86331 0.4671666 0.3386555 2.360325 0.1339026 0.4064458 1.724534 0.5820662 0.5085458 2.279372 0.153378 0.4778029 1.699056 0.6108823 0.5604964 2.268054 0.114639 0.1286032 2.205865 0.1334749 0.06219398 2.201935 0.07103997 -0.03271552 2.144157 0.2295036 -0.0242316 2.259878 0.04484945 -0.4710352 2.237975 0.1980715 -0.5038835 2.425299 0.01923222 -0.8507425 2.310548 0.1723391 -0.8582922 2.506283 0.07036892 -0.8929721 2.254397 0.2046593 -0.9227424 2.522325
0.05760667 0.6462593 2.203986 0.06072074 0.4733673 2.195212 -0.04875948 0.3270219 2.085994 0.286612 0.3728585 2.36378 0.005564981 0.2261685 1.862288 0.469663 0.3385443 2.361456 0.1361821 0.3976842 1.714911 0.5932614 0.5004196 2.277606 0.155132 0.4287106 1.683446 0.6293747 0.551078 2.2667 0.1171582 0.1301577 2.205701 0.1359211 0.06393977 2.202319 0.07408218 -0.03239849 2.14298 0.2324986 -0.02356655 2.261814 0.05075973 -0.4656194 2.237494 0.20974 -0.4532082 2.406649 0.02118167 -0.8526317 2.312961 0.1729062 -0.8589847 2.506013 0.07231621 -0.8948606 2.256809 0.2240407 -0.9012136 2.449861
0.0603831 0.6452526 2.203713 0.06321348 0.4728009 2.194246 -0.04750997 0.3244892 2.085221 0.2866755 0.3728529 2.36374 0.006000135 0.2253952 1.85759 0.4693988 0.3352866 2.358841 0.1380618 0.3959891 1.710455 0.6040215 0.5058909 2.270625 0.1552044 0.4286723 1.68328 0.6346107 0.5498438 2.264586 0.1177568 0.1308021 2.205184 0.1360467 0.0645038 2.202201 0.07435802 -0.03248554 2.141993 0.2322726 -0.02347689 2.262079 0.05147607 -0.4658491 2.237568 0.2099552 -0.4549977 2.4076 0.0215416 -0.8537064 2.312266 0.1723057 -0.8567002 2.505616 0.07281903 -0.8959389 2.256247 0.2365627 -0.9210995 2.54697
0.06296439 0.6444039 2.203467 0.06570469 0.4730175 2.19335 -0.04188005 0.3312554 2.076652 0.2864356 0.3725246 2.363405 0.006101822 0.2234968 1.855806 0.4691199 0.3353509 2.359514 0.138994 0.3938112 1.70914 0.6042325 0.5028268 2.270797 0.1552307 0.4274008 1.683421 0.6354871 0.5487993 2.26367 0.1177202 0.1313476 2.204485 0.1354569 0.06508859 2.201983 0.07371157 -0.03206553 2.140166 0.2287202 -0.02375903 2.26339 0.05076565 -0.4650728 2.236227 0.2099973 -0.4565241 2.408487 0.02108476 -0.853551 2.312664 0.1723029 -0.8570025 2.505747 0.073899 -0.8956275 2.257969 0.2354853 -0.9219449 2.547901
0.06510845 0.6428058 2.203132 0.06748036 0.4717457 2.192564 -0.04089824 0.3326665 2.074486 0.2887766 0.3689367 2.364357 0.006083278 0.2209353 1.857287 0.4718802 0.3340761 2.360756 0.1393539 0.3903286 1.709832 0.6035849 0.5001655 2.271317 0.1550023 0.4259899 1.684111 0.6356414 0.5487375 2.263341 0.1177916 0.1314746 2.203775 0.1348676 0.0652096 2.2015 0.07242806 -0.03173179 2.13922 0.2274461 -0.0244191 2.262599 0.05114168 -0.4617071 2.236195 0.2098152 -0.4567002 2.408443 0.02272356 -0.8445731 2.306945 0.1722488 -0.8570768 2.505319 0.07581747 -0.8866369 2.252511 0.232768 -0.9262027 2.544634
0.06498166 0.6412037 2.203433 0.06826743 0.4708993 2.192356 -0.03973222 0.3412054 2.073859 0.2891001 0.3683643 2.364462 0.005980119 0.2201107 1.858289 0.4721709 0.3310749 2.356804 0.1386198 0.3893936 1.710075 0.603509 0.4995701 2.27127 0.1546467 0.4256812 1.68431 0.6355751 0.5486847 2.262771 0.1179932 0.1315768 2.203421 0.1346358 0.06535283 2.201519 0.07213778 -0.0315905 2.139168 0.2269744 -0.02448294 2.262709 0.04981136 -0.4628629 2.23648 0.1981599 -0.4994955 2.42172 0.02156421 -0.8491645 2.306676 0.173638 -0.8661667 2.506958 0.07494917 -0.891202 2.252508 0.227023 -0.9082042 2.45279
0.06839928 0.6405656 2.20397 0.06848296 0.470749 2.192323 -0.03927457 0.3406857 2.072684 0.2892953 0.3679824 2.364565 0.005862609 0.2196792 1.858505 0.4723679 0.3312795 2.358036 0.138302 0.3889776 1.710117 0.6035327 0.4994219 2.27118 0.1544223 0.4254507 1.684505 0.6353149 0.5482721 2.261947 0.118138 0.1316738 2.2031 0.1343681 0.06543745 2.20151 0.07194031 -0.03160338 2.139089 0.2263164 -0.02457388 2.262757 0.05080798 -0.4696676 2.241112 0.2032814 -0.4702921 2.409104 0.02146668 -0.8520717 2.307714 0.1735779 -0.8667756 2.50588 0.0750019 -0.8940945 2.253684 0.2271131 -0.9087983 2.451851
0.06993309 0.6406564 2.202986 0.06858984 0.4713851 2.192006 -0.0391262 0.3417523 2.070552 0.2888173 0.3680571 2.364116 0.0058295 0.2193605 1.857621 0.4718826 0.3318782 2.35861 0.1381937 0.3890744 1.709684 0.603461 0.499021 2.271264 0.1543927 0.4254823 1.684504 0.635424 0.5482256 2.261828 0.1184015 0.1319368 2.202713 0.1343699 0.06553555 2.201479 0.07213543 -0.03142397 2.138946 0.2262225 -0.02452923 2.26279 0.04897748 -0.4662958 2.237088 0.2046214 -0.4670833 2.40818 0.02236745 -0.851046 2.308568 0.1738303 -0.868911 2.506548 0.07614447 -0.8930439 2.254758 0.2276074 -0.9109089 2.452739
0.07167059 0.6404897 2.202103 0.06862257 0.4713839 2.191988 -0.03902909 0.3414351 2.069554 0.2882598 0.3681497 2.363257 0.005804177 0.2193436 1.857522 0.4713937 0.3332743 2.359341 0.1378645 0.3891938 1.709462 0.6029657 0.4987238 2.271561 0.1543336 0.4255625 1.684529 0.6351293 0.5480763 2.261836 0.1185445 0.1321079 2.202386 0.1342294 0.06568304 2.201405 0.07216481 -0.03137701 2.138718 0.2257375 -0.02446124 2.262826 0.04766961 -0.4674294 2.236084 0.2068537 -0.4641793 2.40937 0.02220026 -0.8508263 2.308534 0.17321 -0.867061 2.506428 0.07604406 -0.892817 2.254784 0.2270538 -0.9090517 2.452678
0.07363427 0.640318 2.201566 0.06877379 0.4713218 2.191852 -0.03876473 0.3408464 2.068688 0.289576 0.3668635 2.364293 0.005855813 0.2190169 1.856856 0.4727673 0.3304561 2.357154 0.1378615 0.3893091 1.709303 0.6028806 0.4986596 2.271587 0.1542549 0.4255919 1.684623 0.6346965 0.5489403 2.261811 0.1188683 0.1321172 2.202169 0.1343368 0.06563 2.201478 0.07243443 -0.03144885 2.138975 0.2258848 -0.02469267 2.262898 0.04710427 -0.4699873 2.236178 0.2057915 -0.4751161 2.416683 0.02131254 -0.8515279 2.309096 0.1728984 -0.866353 2.507212 0.07526438 -0.8935081 2.255446 0.2262207 -0.9331699 2.558973
0.07388236 0.6402903 2.201359 0.06860929 0.4713282 2.191781 -0.03838133 0.3404799 2.067409 0.2892669 0.3669964 2.363912 0.005880883 0.2187194 1.857255 0.472491 0.3313199 2.35782 0.1375422 0.3891595 1.709555 0.6027635 0.4987439 2.271413 0.1540261 0.4257804 1.684895 0.6336623 0.5488697 2.26122 0.1188316 0.1320075 2.201844 0.1340437 0.06538074 2.201373 0.07239246 -0.03151175 2.138885 0.225099 -0.02533322 2.262753 0.04664374 -0.4697237 2.235743 0.2001438 -0.4949007 2.423551 0.02065756 -0.8511357 2.309108 0.1722251 -0.863572 2.502231 0.07475419 -0.8930992 2.255589 0.2263217 -0.9055355 2.448711
0.07402497 0.6400203 2.201389 0.06816092 0.4710425 2.191619 -0.03759224 0.3399156 2.065507 0.2881719 0.3674321 2.362787 0.005162747 0.2179602 1.858535 0.4712307 0.3318594 2.358339 0.136714 0.3884215 1.710758 0.6013799 0.5011879 2.269416 0.1536633 0.4256493 1.686164 0.6295871 0.5461184 2.259784 0.1188486 0.1319944 2.201559 0.1339098 0.06534419 2.201322 0.07245032 -0.03153398 2.138705 0.2247452 -0.02535415 2.26282 0.04657474 -0.4696168 2.235671 0.1990531 -0.5018113 2.426106 0.02065941 -0.851101 2.309252 0.1724185 -0.8636723 2.502498 0.07499029 -0.8930324 2.255944 0.2267494 -0.9056036 2.44919
