0.08404376 0.6433041 2.215935 0.0746279 0.4710426 2.207823 -0.04025402 0.3230661 2.099439 0.2965658 0.3556216 2.371792 0.03848596 0.2547132 1.870734 0.4826102 0.3320414 2.334857 0.1665046 0.4178624 1.742572 0.5618118 0.4918092 2.262608 0.1755117 0.4536606 1.726219 0.6053796 0.5453607 2.237666 0.1194164 0.1352899 2.216607 0.1295764 0.06888093 2.221009 0.06393944 -0.03508605 2.150271 0.2237757 -0.03052096 2.291637 0.04758019 -0.4624856 2.252731 0.1969673 -0.4953258 2.442097 0.01749908 -0.8477854 2.309618 0.1735279 -0.8679429 2.508836 0.06798978 -0.8903363 2.253209 0.2258655 -0.9309469 2.548072
0.08080889 0.6457065 2.214611 0.0697645 0.4723233 2.207417 -0.04002779 0.3230202 2.098888 0.2922372 0.3579092 2.369968 0.03077728 0.2388692 1.864365 0.478003 0.3300339 2.341671 0.1524052 0.4279344 1.750745 0.550806 0.4923639 2.268192 0.1589184 0.4694762 1.737304 0.5752854 0.5539467 2.25157 0.1194179 0.1345309 2.216399 0.1299472 0.06727845 2.220765 0.06556816 -0.03594968 2.151171 0.2238031 -0.03019407 2.290603 0.04456405 -0.4662482 2.251439 0.1963743 -0.4939148 2.441233 0.01576743 -0.8592911 2.313598 0.1734687 -0.8665113 2.509269 0.06652047 -0.9017466 2.257353 0.2027297 -0.934175 2.505466
0.0760589 0.6476387 2.212747 0.06352312 0.4731477 2.206831 -0.03912908 0.3346129 2.082281 0.2885605 0.3595842 2.368946 0.02527893 0.233576 1.86515 0.4737269 0.3278925 2.342322 0.1359922 0.436824 1.767596 0.5334278 0.526967 2.273312 0.1435322 0.4795873 1.75642 0.5508296 0.5703565 2.262745 0.1177307 0.131433 2.215631 0.1286882 0.06282196 2.219869 0.06574857 -0.03621592 2.153997 0.2206217 -0.03101745 2.283219 0.04279431 -0.4691118 2.252045 0.1962555 -0.4924812 2.440693 0.01723523 -0.8517532 2.311487 0.1734492 -0.865924 2.510136 0.07027125 -0.8938749 2.257127 0.2021915 -0.9337111 2.504852
0.07162301 0.6500176 2.212039 0.05912994 0.475177 2.208247 -0.03955298 0.3264267 2.08997 0.2857309 0.3593795 2.366932 0.01899486 0.2280727 1.870215 0.4708603 0.3277116 2.345063 0.125948 0.4415789 1.777835 0.5266837 0.5307008 2.275548 0.1330417 0.4839762 1.769557 0.5316744 0.5834599 2.268631 0.1160727 0.1283154 2.215523 0.1274606 0.05813984 2.219291 0.06543899 -0.03772936 2.155598 0.2192995 -0.03238227 2.280171 0.04185149 -0.4706065 2.251756 0.1964546 -0.4915145 2.440442 0.01677223 -0.8519751 2.311835 0.1716058 -0.8656793 2.509623 0.06889005 -0.8941621 2.256643 0.1980944 -0.9345352 2.507082
0.07109317 0.6500874 2.21279 0.06186018 0.472757 2.214044 -0.04172165 0.3205065 2.094327 0.2845333 0.3588778 2.365668 0.01546247 0.2257708 1.872031 0.4681843 0.3207138 2.350194 0.1203243 0.4434212 1.780924 0.5184814 0.5387614 2.280678 0.1272338 0.4854956 1.77245 0.5257419 0.590645 2.273495 0.1156467 0.1268748 2.21672 0.1273345 0.05708912 2.219518 0.06502947 -0.03879622 2.15733 0.2184862 -0.03245932 2.278213 0.04518949 -0.4713665 2.257725 0.1965993 -0.490864 2.440539 0.01771831 -0.8556794 2.312801 0.1725814 -0.8666421 2.510069 0.06904683 -0.8979222 2.256915 0.2239099 -0.9088848 2.454183
0.07026958 0.6501502 2.21244 0.06158248 0.4729424 2.214489 -0.04311429 0.3173934 2.096572 0.2839712 0.3589873 2.365329 0.01335133 0.2259728 1.87225 0.4687133 0.3281437 2.353999 0.1182425 0.443281 1.779288 0.5177414 0.5416263 2.283619 0.1259735 0.4861898 1.770622 0.5256014 0.5929208 2.276758 0.1149798 0.1255844 2.217447 0.1271126 0.05555601 2.219568 0.06474163 -0.03996212 2.158618 0.21815 -0.03307571 2.276892 0.04354496 -0.4725117 2.255624 0.1970185 -0.4897977 2.439717 0.01760141 -0.8545922 2.312146 0.1716357 -0.8648392 2.509935 0.06850681 -0.8968827 2.255909 0.2225412 -0.9071297 2.453698
0.06839775 0.6516237 2.211855 0.05707663 0.4760031 2.213048 -0.04666352 0.3130831 2.101588 0.2838964 0.3591683 2.365274 0.01146077 0.2283087 1.868578 0.4682556 0.3259557 2.353565 0.1182881 0.4385898 1.760752 0.5267453 0.5433244 2.29004 0.1284842 0.4860583 1.74766 0.5381454 0.5958482 2.283443 0.1143519 0.1241132 2.217518 0.1271938 0.0532023 2.219176 0.06451073 -0.04184963 2.160326 0.2194556 -0.03457502 2.274435 0.04280791 -0.4734048 2.254444 0.197273 -0.4895296 2.439827 0.01672754 -0.8536107 2.312231 0.1713988 -0.8651005 2.509937 0.06665173 -0.895995 2.25519 0.2261873 -0.9324872 2.554497
0.06796945 0.652357 2.211799 0.05604937 0.4778771 2.212294 -0.03106444 0.2992081 2.10924 0.283113 0.3616455 2.365865 0.01012013 0.2291414 1.866684 0.4665464 0.3238288 2.354611 0.1219248 0.4247508 1.735936 0.5641542 0.5365739 2.300054 0.1363827 0.4723247 1.717367 0.5850802 0.57937 2.293757 0.1146476 0.1240264 2.217816 0.1283902 0.05298801 2.219355 0.06894899 -0.04251492 2.159536 0.2204547 -0.03402939 2.27588 0.04227919 -0.4725777 2.253073 0.1973576 -0.4892424 2.439461 0.0167017 -0.8536 2.312242 0.1716298 -0.8659482 2.51059 0.0670248 -0.8959346 2.255514 0.2219529 -0.9082828 2.453862
0.06792933 0.6524237 2.211826 0.05508283 0.4782407 2.212437 -0.02619663 0.2939418 2.11159 0.2829657 0.364022 2.367252 0.007462061 0.2284118 1.867693 0.4679093 0.3366908 2.35984 0.1210084 0.416775 1.727193 0.5800346 0.5360035 2.298083 0.1360837 0.4596412 1.705133 0.5958959 0.5771534 2.291456 0.1149617 0.1237022 2.218283 0.1294645 0.05254076 2.219744 0.07218183 -0.04376032 2.159118 0.2213601 -0.03378352 2.277364 0.04322338 -0.4727111 2.253739 0.1974898 -0.4920709 2.43886 0.01525539 -0.8559542 2.31253 0.1730232 -0.8683081 2.512255 0.04066364 -0.9302061 2.357982 0.2032308 -0.9324203 2.532911
0.06804467 0.6526574 2.211752 0.05460062 0.4784724 2.211937 -0.04931995 0.3501851 2.083794 0.2826183 0.3648854 2.367953 0.005494624 0.2260274 1.868387 0.4676228 0.3389009 2.361827 0.119668 0.4136635 1.727377 0.5792757 0.5198554 2.301938 0.1359033 0.456686 1.704383 0.5983762 0.571287 2.291024 0.1146278 0.1242643 2.217986 0.1294444 0.05345812 2.219248 0.07159884 -0.04185379 2.159274 0.2216234 -0.03273312 2.276122 0.04264057 -0.4735235 2.252236 0.1945527 -0.5104265 2.442533 0.01565911 -0.8566126 2.312914 0.1729464 -0.8680823 2.511485 0.06830794 -0.8986555 2.258115 0.2033471 -0.9317481 2.533209
0.06763056 0.6529626 2.211803 0.05338671 0.4785891 2.211626 -0.0495083 0.3495756 2.081301 0.2825609 0.364839 2.367973 0.003735012 0.2240018 1.868327 0.4668425 0.3370774 2.365798 0.1178271 0.413255 1.729652 0.5588956 0.5009038 2.308399 0.1341453 0.4557005 1.707932 0.5916366 0.5687572 2.290098 0.1136296 0.1244972 2.217471 0.1286575 0.05386027 2.218393 0.06999587 -0.0401874 2.158952 0.2207103 -0.03281622 2.27385 0.04425612 -0.4744439 2.253797 0.1946977 -0.5106394 2.442412 0.01901392 -0.8563828 2.316354 0.1721363 -0.8672581 2.509744 0.07191622 -0.8983872 2.261769 0.2202103 -0.9333876 2.545926
0.06737877 0.6528025 2.211905 0.05375317 0.4771025 2.212273 -0.04935668 0.3493219 2.080447 0.2824622 0.3648002 2.368103 0.003628738 0.2233717 1.86775 0.4664721 0.3344416 2.364817 0.1126844 0.4221713 1.739816 0.5502514 0.5063139 2.307632 0.1264739 0.4654256 1.725077 0.5669532 0.5745693 2.292146 0.1125508 0.123119 2.217251 0.1275174 0.0525331 2.217577 0.06764004 -0.04039134 2.159976 0.2183194 -0.03435697 2.268946 0.0439424 -0.4744194 2.253228 0.2011933 -0.4916337 2.437088 0.01920012 -0.8572823 2.316416 0.1727978 -0.8657655 2.511638 0.07222646 -0.8992697 2.26194 0.2214523 -0.9296321 2.54103
0.06716572 0.6527477 2.21192 0.05402521 0.4757622 2.212067 -0.0491464 0.3489684 2.078802 0.2814048 0.3632263 2.367244 0.002183719 0.2223358 1.86886 0.465383 0.3359659 2.367839 0.1074549 0.429083 1.751966 0.5281118 0.536395 2.305521 0.1208881 0.4705313 1.738826 0.5406334 0.5872498 2.296342 0.11159 0.1229763 2.216861 0.1265137 0.05275218 2.216606 0.06600146 -0.03924496 2.159799 0.2165948 -0.0336029 2.266582 0.04292203 -0.4758801 2.252892 0.1959733 -0.5059336 2.440012 0.02134215 -0.8603448 2.320508 0.1737404 -0.8672127 2.509206 0.07458717 -0.9023061 2.266224 0.2269854 -0.909174 2.454921
0.0670357 0.6521659 2.211876 0.05683339 0.4718531 2.213981 -0.04863225 0.3492263 2.078216 0.281105 0.363011 2.367133 -0.006422625 0.2095739 1.888776 0.4651277 0.3368027 2.368463 0.09549829 0.4155077 1.767037 0.5220841 0.5456166 2.306112 0.1104728 0.4677846 1.750069 0.53104 0.5973698 2.297993 0.1098191 0.1202009 2.21664 0.1243878 0.0499679 2.215357 0.06255658 -0.03969555 2.160823 0.2128195 -0.03623286 2.261507 0.04497547 -0.4755876 2.254834 0.1954545 -0.4978839 2.435086 0.02076537 -0.8609883 2.319531 0.1759655 -0.8643386 2.507266 0.0741334 -0.902941 2.265362 0.148756 -0.9308611 2.482408
0.06701354 0.651941 2.21185 0.0574524 0.4708671 2.214807 -0.04982607 0.3261276 2.098145 0.2790054 0.3617245 2.36499 -0.006739999 0.2094536 1.888539 0.4629505 0.3388821 2.369673 0.09484138 0.4157854 1.767243 0.5211444 0.5481236 2.30762 0.1101666 0.4675751 1.750072 0.5304043 0.5988306 2.299936 0.1083315 0.1153785 2.216841 0.1226911 0.04433413 2.214294 0.05917937 -0.04255896 2.162311 0.2118931 -0.03973958 2.258377 0.04336635 -0.4758069 2.252419 0.1960767 -0.4975491 2.43557 0.02024766 -0.8593364 2.317258 0.1757273 -0.8648984 2.507515 0.07088483 -0.9016188 2.260774 0.2263644 -0.9071808 2.451031
0.06662099 0.6514158 2.211785 0.0571086 0.4702407 2.214568 -0.0435306 0.3527636 2.083504 0.2790291 0.3617129 2.365044 -0.004887686 0.2147101 1.878328 0.4622316 0.3320421 2.368274 0.09879173 0.4203064 1.757628 0.5266368 0.5486744 2.3115 0.1129469 0.4687024 1.740862 0.5402336 0.6003575 2.306568 0.1072403 0.1164528 2.217226 0.1221836 0.04673148 2.214522 0.05949147 -0.04109433 2.16218 0.2109322 -0.03755245 2.259836 0.04294255 -0.4760278 2.251716 0.1953201 -0.4960781 2.433954 0.02077331 -0.8594865 2.317564 0.1753531 -0.8650291 2.507385 0.07409488 -0.9014521 2.263361 0.2286746 -0.9069947 2.453183
0.06604781 0.6506535 2.211852 0.05676761 0.4694831 2.214588 -0.04533026 0.3518712 2.07994 0.2788265 0.3629449 2.365744 -0.004295385 0.2145051 1.8777 0.4613639 0.3287214 2.368134 0.1002214 0.4082543 1.737574 0.5538709 0.5083593 2.325729 0.1175524 0.4571166 1.713383 0.5834839 0.586329 2.313175 0.1069335 0.1170789 2.217541 0.1225965 0.04816568 2.214302 0.06012071 -0.0400525 2.161573 0.2117814 -0.03638794 2.260164 0.04550607 -0.4748348 2.252855 0.1970257 -0.4919593 2.433304 0.01975351 -0.8587646 2.316381 0.1740231 -0.8622239 2.505275 0.07335473 -0.9006861 2.262419 0.2276243 -0.9041454 2.451313
0.0660921 0.6507894 2.211623 0.05437096 0.4714349 2.213654 -0.04532948 0.3520592 2.079664 0.2787525 0.3629564 2.365826 -0.004851975 0.2173844 1.869588 0.4625046 0.3384989 2.370399 0.105057 0.4026999 1.72167 0.5990432 0.5365539 2.316629 0.1267879 0.443381 1.691713 0.6084996 0.5777493 2.309752 0.1062096 0.1185288 2.217702 0.1225194 0.04955319 2.214237 0.06065238 -0.03879301 2.16065 0.2119542 -0.03555326 2.261341 0.04657029 -0.4733748 2.252253 0.197473 -0.4912057 2.433515 0.01986202 -0.8526286 2.313657 0.1742822 -0.8623309 2.506046 0.07352138 -0.8945354 2.259741 0.2279416 -0.9042377 2.452129
0.07419616 0.6511635 2.213786 0.0524765 0.4727202 2.212651 -0.04479089 0.3520742 2.078895 0.2789127 0.3642858 2.367309 -0.004745941 0.2165533 1.867886 0.4628817 0.3413645 2.371762 0.1064159 0.3976286 1.715314 0.581544 0.4944133 2.325478 0.1279075 0.4368491 1.686752 0.6151926 0.5719172 2.310047 0.1058719 0.1195679 2.217724 0.122735 0.05064025 2.214148 0.06165621 -0.03770754 2.159383 0.2126083 -0.0348563 2.26286 0.04725909 -0.4732522 2.252844 0.1973726 -0.4910716 2.433104 0.01931722 -0.8538799 2.314739 0.1740883 -0.8648921 2.506579 0.07323037 -0.8957482 2.261048 0.2280014 -0.9067605 2.452888
0.07712744 0.6511128 2.214859 0.0517883 0.4728309 2.212147 -0.04318736 0.3523978 2.078869 0.2786748 0.3636786 2.367012 -0.004440318 0.214375 1.868362 0.4625962 0.3415059 2.372297 0.1064811 0.3943179 1.714144 0.5871097 0.5000063 2.323537 0.1278635 0.4331974 1.685814 0.6207981 0.5686358 2.308409 0.1056187 0.1199999 2.217705 0.1228345 0.05117548 2.213993 0.06287671 -0.03682971 2.157896 0.2125683 -0.03463659 2.263712 0.04593325 -0.4736814 2.251294 0.1973698 -0.4910853 2.433102 0.01919639 -0.8512292 2.313102 0.1732424 -0.8684564 2.509439 0.07327218 -0.8930746 2.259555 0.2273182 -0.9103018 2.455892
0.07816537 0.6509616 2.215252 0.05102896 0.4733607 2.211554 -0.04077981 0.3526997 2.078848 0.2777432 0.3637994 2.366638 -0.004549667 0.2119639 1.869785 0.4608287 0.3360158 2.372342 0.1054668 0.3921647 1.715189 0.588383 0.5025135 2.321192 0.1267394 0.4317299 1.686783 0.6204682 0.5675344 2.305869 0.1054666 0.1199119 2.217806 0.1229535 0.05095742 2.214028 0.06357578 -0.03682406 2.157712 0.2124102 -0.03518979 2.264616 0.04642426 -0.4741518 2.252301 0.1967866 -0.4916048 2.432305 0.01877973 -0.8561742 2.313737 0.173343 -0.8696973 2.509127 0.07313205 -0.8979848 2.260441 0.2276953 -0.9115078 2.455832
0.07943918 0.6512027 2.215011 0.05052713 0.4737127 2.211064 -0.04007085 0.3525538 2.078808 0.2775426 0.363637 2.366619 -0.004480546 0.2110542 1.869325 0.4608488 0.3372346 2.372223 0.105343 0.3918313 1.715318 0.5888288 0.5060056 2.317856 0.1263413 0.4313546 1.687598 0.6201124 0.5680755 2.303241 0.1053573 0.1199705 2.217795 0.1229891 0.0509921 2.213983 0.06380945 -0.03672383 2.157651 0.2123932 -0.03500917 2.264671 0.04442583 -0.4730335 2.249667 0.1977598 -0.4876257 2.430819 0.01729293 -0.854433 2.313736 0.1728063 -0.8669418 2.509089 0.07173209 -0.8962325 2.260521 0.2208501 -0.9297026 2.557086
0.07977087 0.6509731 2.21509 0.04982184 0.4735074 2.210769 -0.03994136 0.3524407 2.078709 0.2775894 0.3640241 2.36751 -0.004371986 0.2110096 1.869343 0.461067 0.3377662 2.372217 0.1054907 0.3918669 1.715471 0.58519 0.5045865 2.315774 0.1261742 0.4319454 1.688284 0.6192206 0.5680183 2.300303 0.1051394 0.1199866 2.217811 0.1229373 0.0510166 2.213984 0.06377546 -0.03658745 2.157788 0.2123316 -0.03495261 2.264683 0.04589121 -0.4721666 2.251516 0.1937843 -0.504916 2.437504 0.01930822 -0.8539217 2.31341 0.1721995 -0.868498 2.50933 0.07385153 -0.8957062 2.260288 0.2267428 -0.9102824 2.456208
0.0799781 0.651205 2.215121 0.04922464 0.4740508 2.210238 -0.04000762 0.3522168 2.078098 0.2771191 0.3639998 2.367239 -0.004393484 0.2110152 1.868468 0.460656 0.3385392 2.37226 0.1058725 0.3925478 1.715788 0.5848794 0.5078198 2.313215 0.1258474 0.432759 1.689462 0.6154769 0.5680768 2.296363 0.1048258 0.1214683 2.217536 0.1228463 0.05268874 2.213822 0.06414947 -0.03587813 2.157096 0.2121631 -0.03332724 2.265771 0.04464745 -0.4724205 2.25043 0.1941073 -0.4976079 2.435273 0.01817653 -0.8529606 2.311931 0.1721053 -0.8684018 2.509142 0.07279184 -0.8947345 2.258873 0.2267206 -0.9101757 2.456085
0.07987471 0.6512145 2.215113 0.04882345 0.4745086 2.210104 -0.04060625 0.3513531 2.075686 0.2771037 0.365218 2.367933 -0.004498934 0.2111295 1.86852 0.4603841 0.3380175 2.372989 0.1057189 0.3937808 1.71727 0.5768444 0.503211 2.312043 0.1252564 0.4342569 1.691661 0.6081685 0.5658011 2.294459 0.1046902 0.1216152 2.217548 0.1228101 0.05278017 2.213866 0.06412385 -0.03579605 2.157169 0.2121664 -0.03327705 2.265867 0.04402813 -0.4723702 2.249664 0.1975873 -0.4906394 2.434343 0.01904323 -0.8588066 2.314597 0.171047 -0.8601942 2.506785 0.07388417 -0.9005511 2.261748 0.225888 -0.9019388 2.453936
0.07984862 0.6512237 2.215103 0.04856365 0.4746613 2.210023 -0.04207285 0.3511421 2.074532 0.2765273 0.3665437 2.368298 -0.004962905 0.2118836 1.869541 0.4596702 0.3383662 2.373287 0.1052326 0.3971992 1.721871 0.5779651 0.5266443 2.30014 0.1235643 0.4407791 1.698477 0.6016972 0.5689194 2.291203 0.1046951 0.1216832 2.217564 0.122881 0.05285531 2.213914 0.06429303 -0.03564684 2.157354 0.2123391 -0.03323852 2.265944 0.04325461 -0.4723928 2.248861 0.1975441 -0.4902416 2.434337 0.01885123 -0.8587848 2.314424 0.1713186 -0.8600426 2.506893 0.07373714 -0.9005231 2.261615 0.2262045 -0.9017808 2.454085
0.07975464 0.6510245 2.215316 0.0496351 0.4738857 2.210553 -0.04233518 0.3515079 2.074522 0.2771086 0.367781 2.369843 -0.004871809 0.2122329 1.872053 0.4603846 0.3380074 2.372439 0.1036273 0.4021196 1.729478 0.5639507 0.515011 2.305079 0.121474 0.4467377 1.70675 0.5913351 0.5694852 2.287965 0.1047204 0.1219367 2.217636 0.1229086 0.05332652 2.213942 0.06410927 -0.0351682 2.157589 0.2123835 -0.0327812 2.265714 0.04269361 -0.4728819 2.248894 0.1948852 -0.4973669 2.435792 0.01848897 -0.8591238 2.314492 0.1713517 -0.8595728 2.507687 0.07343645 -0.9008558 2.261741 0.2262992 -0.9013049 2.454936
0.07966542 0.6506066 2.215748 0.05188235 0.4731954 2.212318 -0.0448524 0.350927 2.073389 0.2772116 0.367868 2.370141 -0.003839043 0.2204993 1.864984 0.4606528 0.3424004 2.375698 0.1062397 0.4164738 1.733276 0.5582149 0.5299745 2.300322 0.1206726 0.4686422 1.719515 0.5804667 0.5768614 2.288214 0.1049247 0.1225038 2.218004 0.1231427 0.05414733 2.21404 0.0640477 -0.03505724 2.157615 0.2127342 -0.03212934 2.265524 0.04415389 -0.4725972 2.251183 0.1949245 -0.4970283 2.4357 0.01769108 -0.8582351 2.31263 0.1742524 -0.8657198 2.510296 0.03518534 -0.9353715 2.373586 0.2259468 -0.9409393 2.550869
0.07978879 0.650434 2.216882 0.05471363 0.4717948 2.214749 -0.04651519 0.3530197 2.075352 0.2768909 0.3679798 2.370084 -0.004545419 0.2242691 1.865414 0.4602822 0.3457962 2.378309 0.1011855 0.4324487 1.751958 0.5427957 0.5456065 2.29734 0.1180943 0.4798972 1.731274 0.558374 0.5960158 2.287377 0.1046541 0.1216074 2.218431 0.1228397 0.05309766 2.213864 0.06261062 -0.03550638 2.15886 0.2117376 -0.03319411 2.26228 0.04275738 -0.4729519 2.250279 0.1950362 -0.4954097 2.433925 0.01783306 -0.8583106 2.312464 0.1746425 -0.8668947 2.511052 0.07238407 -0.9000955 2.259342 0.1686786 -0.9375709 2.490566
0.08011077 0.6496574 2.218072 0.05900697 0.4684197 2.217097 -0.04827027 0.3528838 2.075374 0.2765362 0.3682429 2.370211 -0.004103145 0.2297791 1.86272 0.4598348 0.3478549 2.380015 0.09905151 0.4456892 1.764011 0.5279999 0.5526296 2.298243 0.1107596 0.5002903 1.753422 0.5378833 0.605248 2.289364 0.1039217 0.1203929 2.218948 0.1219461 0.05187377 2.21359 0.05910947 -0.03617743 2.160962 0.2098502 -0.03420569 2.258506 0.04187732 -0.4733083 2.249635 0.1933296 -0.5068645 2.436702 0.01841017 -0.8580213 2.311679 0.1747116 -0.8669178 2.510883 0.07282306 -0.8998343 2.258438 0.168265 -0.9362509 2.486354
0.08234468 0.6473123 2.218856 0.07736845 0.4609722 2.2207 -0.05794569 0.3193895 2.094428 0.2764516 0.3683151 2.370271 -0.004773305 0.23388 1.862585 0.4597261 0.3492919 2.380937 0.0948142 0.4564148 1.777751 0.509801 0.5642236 2.300033 0.1082096 0.5064576 1.762851 0.5150192 0.6145434 2.294409 0.1057497 0.1185954 2.220566 0.122527 0.05079247 2.213728 0.05812728 -0.0379397 2.161352 0.2102854 -0.03500174 2.258292 0.04109997 -0.473238 2.2489 0.1948565 -0.4969952 2.433686 0.01866702 -0.8580326 2.312404 0.1735804 -0.8654002 2.510493 0.06959028 -0.9003628 2.256203 0.1765767 -0.9363412 2.490279
0.126083 0.6381109 2.219335 0.08235749 0.4587467 2.222021 0.001888579 0.28908 2.092124 0.2777695 0.3669494 2.371495 -0.003871994 0.2372947 1.861561 0.4613464 0.3496016 2.381461 0.09227874 0.4643985 1.787126 0.4967959 0.5699999 2.30266 0.1026822 0.5172074 1.778238 0.4989161 0.6191865 2.297251 0.1120437 0.1057886 2.222749 0.1289078 0.03626275 2.215764 0.0640033 -0.04623636 2.162766 0.2106941 -0.03944501 2.259653 0.04088281 -0.4733949 2.248873 0.1946912 -0.5022823 2.436394 0.0201402 -0.862859 2.314399 0.1753561 -0.8662509 2.510072 0.07656255 -0.904546 2.263193 0.1765375 -0.937013 2.489062
0.1262251 0.6377958 2.219186 0.0832584 0.458165 2.222713 -0.05645972 0.3055839 2.096644 0.2783198 0.3667183 2.371501 -0.00391343 0.2381923 1.861449 0.4619093 0.3496009 2.381505 0.09149033 0.4662858 1.789584 0.4901499 0.5679107 2.305288 0.1017574 0.5179502 1.780569 0.4907033 0.6175879 2.299414 0.1127415 0.106535 2.224393 0.129024 0.03766309 2.215993 0.06309024 -0.04646628 2.163231 0.2122101 -0.03945773 2.259478 0.04064001 -0.4735273 2.248994 0.1944326 -0.5045856 2.437053 0.01950493 -0.8622236 2.313938 0.1709069 -0.8600373 2.508504 0.07009899 -0.9046047 2.25748 0.221501 -0.9024184 2.452046
0.1254658 0.6342606 2.219485 0.0833511 0.4581188 2.222966 -0.004681192 0.2680069 2.102475 0.2783047 0.3666716 2.371397 -0.004133341 0.2392697 1.861173 0.4608348 0.3359176 2.377478 0.09202041 0.4669621 1.788984 0.4904328 0.5685115 2.306813 0.1022711 0.5176238 1.779653 0.4915586 0.6177491 2.301294 0.1118967 0.1046324 2.224901 0.1290755 0.0352593 2.216516 0.06433776 -0.05042295 2.16296 0.2111637 -0.0417554 2.26122 0.04044081 -0.4737566 2.248802 0.1947588 -0.4963877 2.432718 0.02061262 -0.8613034 2.314493 0.1712192 -0.8594955 2.508693 0.07487503 -0.9032711 2.261221 0.2358859 -0.9205272 2.554188
0.1235271 0.6344104 2.219062 0.07335655 0.4661976 2.221482 -0.05758103 0.304243 2.094113 0.2783433 0.3666222 2.371372 -0.003962062 0.2394145 1.861387 0.4619181 0.3420292 2.376786 0.09995265 0.4574337 1.769224 0.50771 0.5675192 2.314031 0.1112607 0.5054756 1.753143 0.5142598 0.6201928 2.312466 0.1112124 0.106423 2.225946 0.1286206 0.03670158 2.216797 0.06363171 -0.0501919 2.163757 0.2124371 -0.04142231 2.261303 0.04030732 -0.4739546 2.248605 0.1932788 -0.5045552 2.435356 0.02055475 -0.8599363 2.314322 0.1699706 -0.8605201 2.50984 0.07128459 -0.9022524 2.257936 0.21031 -0.9240279 2.530802
0.1225238 0.6361964 2.216689 0.0652682 0.4731875 2.21619 -0.01443719 0.3399955 2.113855 0.2783474 0.3666202 2.371377 -0.001263386 0.2531001 1.857935 0.4622194 0.3384002 2.371524 0.1155975 0.4465674 1.728655 0.5494105 0.52606 2.324534 0.1240516 0.4868248 1.715865 0.5735317 0.6054443 2.315492 0.1104886 0.1065978 2.225107 0.1286019 0.03666821 2.216724 0.06485178 -0.04896204 2.163762 0.2123915 -0.04154566 2.261405 0.0400053 -0.4739707 2.248645 0.1949927 -0.497834 2.433882 0.02025218 -0.8539118 2.311116 0.1702991 -0.8616821 2.509433 0.07343056 -0.8959366 2.256807 0.1957722 -0.9309327 2.511801
0.1215721 0.6375099 2.215543 0.05895092 0.4777845 2.212511 -0.01449412 0.3401025 2.113723 0.2777815 0.3667782 2.370799 -0.001080748 0.2496949 1.856649 0.4615272 0.3389563 2.372236 0.1188124 0.4252515 1.710037 0.5927384 0.5362121 2.316472 0.1299201 0.4713843 1.693344 0.6058283 0.579196 2.309379 0.1101343 0.1074153 2.224016 0.1285875 0.03684059 2.216505 0.06645925 -0.04728249 2.162656 0.2124728 -0.04154216 2.261888 0.03981006 -0.4742198 2.248531 0.1951317 -0.4960691 2.433413 0.0187106 -0.8594356 2.311844 0.1708541 -0.8614168 2.508307 0.07189493 -0.9014478 2.25753 0.2240384 -0.903429 2.453993
0.1217017 0.6379653 2.214952 0.05744306 0.4784603 2.211783 -0.0120075 0.2798765 2.10446 0.2756999 0.3673547 2.369038 -0.0002735025 0.2559263 1.851274 0.4590668 0.3396248 2.372999 0.1187237 0.4216207 1.707206 0.5945365 0.5226836 2.318356 0.1338074 0.4734314 1.686279 0.625205 0.5721019 2.304928 0.1104778 0.1076362 2.223615 0.129047 0.03696718 2.216726 0.06999041 -0.04838344 2.161591 0.2142822 -0.04109976 2.266951 0.03969615 -0.47381 2.248279 0.1952751 -0.4949399 2.433223 0.02102341 -0.8607634 2.311415 0.1712638 -0.8593312 2.506364 0.07441796 -0.9027441 2.257282 0.2321196 -0.923713 2.552496
0.1215168 0.6384396 2.214648 0.05524254 0.478961 2.211256 -0.04850173 0.3578196 2.080654 0.2753683 0.3675896 2.368901 0.0002124764 0.2566848 1.850327 0.4581786 0.342524 2.378171 0.1182414 0.4211273 1.707168 0.5869716 0.5087267 2.320944 0.1292118 0.4563898 1.689071 0.6237927 0.5693526 2.305464 0.1060462 0.1175174 2.222507 0.1252261 0.04828413 2.216535 0.06769288 -0.04198151 2.160175 0.2131935 -0.03770989 2.26842 0.03964606 -0.4738913 2.248164 0.1952694 -0.4948158 2.433173 0.02081397 -0.8630973 2.312519 0.1714753 -0.8620867 2.506729 0.07469029 -0.9050179 2.258817 0.2330632 -0.9254382 2.553315
0.1221231 0.6372156 2.214228 0.05905605 0.4746046 2.21333 -0.04796162 0.3588147 2.08099 0.2736016 0.3684249 2.368101 0.002412938 0.2603365 1.847847 0.454295 0.3404074 2.385227 0.1149329 0.422855 1.713228 0.581567 0.5104336 2.321167 0.1247518 0.4607593 1.698238 0.6054304 0.5672347 2.306553 0.1060953 0.1179937 2.222308 0.1248579 0.04927289 2.216391 0.06631832 -0.03959648 2.160141 0.2118748 -0.03589924 2.267659 0.03942261 -0.4740621 2.248353 0.1953738 -0.4940743 2.433141 0.0175852 -0.8556354 2.310414 0.1714619 -0.8615835 2.507232 0.07155237 -0.8975503 2.256799 0.2287413 -0.9291698 2.544585
0.1225797 0.6352938 2.214368 0.06648922 0.4675305 2.21784 -0.04472969 0.3584262 2.083087 0.273555 0.3684541 2.368227 9.052432E-05 0.2586349 1.850595 0.4535156 0.3404839 2.388354 0.1035517 0.4318242 1.734257 0.5570375 0.5149807 2.323766 0.1124869 0.4751 1.724094 0.5798064 0.5763037 2.310069 0.1054552 0.118953 2.222584 0.1232914 0.05167866 2.216119 0.06308373 -0.03584736 2.159082 0.2079574 -0.03307831 2.266741 0.03892136 -0.4751453 2.248742 0.1950853 -0.4930087 2.433227 0.01785562 -0.8573986 2.310504 0.1730306 -0.8726741 2.510584 0.07189675 -0.8993216 2.256968 0.2270717 -0.914597 2.457049
0.1245589 0.6321158 2.213186 0.07583817 0.4613556 2.222688 -0.04873967 0.3579498 2.080942 0.2739521 0.3684371 2.368688 -0.01133567 0.2377531 1.860393 0.4538884 0.3421245 2.389876 0.09548174 0.4413947 1.7457 0.537641 0.5381507 2.320818 0.108121 0.4795309 1.731281 0.5528808 0.5894074 2.312014 0.1047697 0.1201106 2.2235 0.1219205 0.05425218 2.216192 0.05806998 -0.03325445 2.159295 0.2067924 -0.03202005 2.265824 0.03837652 -0.4751842 2.24917 0.1947649 -0.4922089 2.432803 0.01761002 -0.8563138 2.310919 0.1730487 -0.8722628 2.510489 0.07146984 -0.8982975 2.257249 0.2236956 -0.9334099 2.535923
0.1248889 0.6310804 2.21436 0.08135935 0.4578727 2.225267 -0.04927204 0.357419 2.080548 0.2746779 0.368485 2.369102 -0.01089479 0.2366953 1.861024 0.4548803 0.3440016 2.390255 0.09258397 0.4458344 1.749659 0.5334112 0.5448474 2.322058 0.1042695 0.4861543 1.736371 0.544118 0.598004 2.315902 0.1043269 0.1198108 2.224437 0.1218027 0.05411553 2.216258 0.05566647 -0.03354398 2.161186 0.20632 -0.03230318 2.264065 0.0376766 -0.4759263 2.24991 0.194584 -0.4920621 2.43295 0.01720529 -0.8567529 2.310301 0.1718086 -0.8637602 2.514203 0.07100227 -0.8987703 2.256593 0.2256056 -0.9057776 2.460495
0.1254628 0.6311882 2.214981 0.08243998 0.4580622 2.22555 -0.05020242 0.3580064 2.079706 0.2758214 0.3682962 2.369727 -0.01012456 0.2360337 1.862429 0.4574532 0.346128 2.386295 0.09195676 0.4462978 1.749595 0.5338513 0.5492251 2.323722 0.1038937 0.4880293 1.736184 0.544641 0.6018137 2.317769 0.1040141 0.1214826 2.225493 0.1214177 0.0564004 2.216493 0.05478135 -0.03213826 2.1612 0.2059476 -0.03139411 2.2639 0.03759485 -0.4758726 2.249999 0.1945725 -0.4916108 2.433215 0.01738453 -0.8574424 2.310294 0.1715209 -0.8631775 2.514153 0.07114413 -0.8994776 2.256561 0.2252805 -0.9052127 2.460421
0.1259163 0.6313592 2.215263 0.08260632 0.4585726 2.225676 -0.05348095 0.358943 2.080334 0.2760293 0.3688127 2.37011 -0.01021021 0.236033 1.862166 0.4576009 0.3464905 2.386852 0.09313241 0.4361213 1.740179 0.5476384 0.5502978 2.324689 0.107454 0.485351 1.724726 0.5652516 0.6015381 2.319389 0.1044382 0.1235789 2.226658 0.1220586 0.05876346 2.216905 0.05492023 -0.03154027 2.161179 0.2070142 -0.02970721 2.264257 0.03718764 -0.4763944 2.251153 0.1919964 -0.4907745 2.429949 0.01847285 -0.8732052 2.314427 0.1717173 -0.8631491 2.513934 0.07190408 -0.9152739 2.260393 0.2251485 -0.9052178 2.4599
0.1254579 0.632548 2.215425 0.07648838 0.4654892 2.224656 -0.06769101 0.3671516 2.079371 0.2769353 0.3716514 2.372704 -0.0104436 0.2364465 1.861923 0.4583939 0.3441053 2.38678 0.09748018 0.4279027 1.725775 0.5714656 0.5307987 2.326066 0.1158738 0.4751511 1.70328 0.601554 0.5879545 2.31111 0.1037233 0.1283752 2.227948 0.1219185 0.06346742 2.217734 0.05487427 -0.02932815 2.161672 0.2085599 -0.0277358 2.265039 0.04019267 -0.4759356 2.253654 0.1928616 -0.4900475 2.430128 0.0183243 -0.8725002 2.31455 0.1720985 -0.8702264 2.511161 0.07089999 -0.9146303 2.259729 0.2246742 -0.9123565 2.45634
0.1245147 0.635115 2.214883 0.06824189 0.4715884 2.219455 -0.007179829 0.3326572 2.112988 0.2757624 0.3720907 2.371639 -0.01052774 0.2366435 1.860249 0.4569348 0.3437613 2.38646 0.1006794 0.4249315 1.71893 0.5913874 0.5388594 2.318962 0.11894 0.4709415 1.697182 0.6080459 0.5866103 2.310024 0.1043375 0.1250464 2.227551 0.1245134 0.05646941 2.218381 0.06416545 -0.03365575 2.161414 0.2084383 -0.02913293 2.267307 0.03968971 -0.4756029 2.252887 0.193488 -0.4893255 2.430932 0.01748525 -0.8652792 2.313247 0.1717246 -0.8670781 2.510883 0.07156897 -0.9072096 2.259754 0.2258083 -0.9090085 2.45739
0.1243979 0.6354023 2.214814 0.06759381 0.4720165 2.219308 0.002158372 0.2574206 2.110486 0.2758601 0.3730312 2.371993 -0.01045861 0.23659 1.859139 0.4578079 0.3507079 2.387089 0.1018781 0.4249789 1.718861 0.5918015 0.5391318 2.317694 0.1193963 0.4706646 1.697621 0.6086273 0.5852035 2.307303 0.1080278 0.1194992 2.228843 0.1296315 0.04889629 2.220679 0.07415275 -0.04495018 2.163124 0.2119419 -0.03143059 2.271667 0.03930726 -0.4749708 2.25182 0.1939211 -0.4888203 2.430733 0.01748962 -0.865115 2.314404 0.1708127 -0.8653549 2.510591 0.07146297 -0.9070438 2.2608 0.2060962 -0.9274021 2.529462
0.1242114 0.6356382 2.215246 0.06773256 0.4717911 2.219642 -0.006041945 0.3329493 2.114251 0.275061 0.3744741 2.371727 -0.01065478 0.2366234 1.859352 0.4555224 0.3417229 2.386384 0.1020118 0.4284199 1.725539 0.5824248 0.5399501 2.31587 0.1179034 0.475709 1.709994 0.600795 0.5857397 2.305467 0.1084469 0.1185195 2.228471 0.1296794 0.04822411 2.220412 0.07423421 -0.04413787 2.163131 0.2114363 -0.03161834 2.271112 0.03921653 -0.4750438 2.251722 0.1939533 -0.4886476 2.430773 0.01789444 -0.863086 2.314869 0.171293 -0.8652128 2.509494 0.07199766 -0.9049944 2.261379 0.1960018 -0.9347861 2.509706
0.1242301 0.6353983 2.215411 0.06888745 0.4701609 2.220558 -0.00546025 0.3321688 2.114403 0.2746572 0.3742469 2.370931 -0.01050776 0.2365829 1.859464 0.4562766 0.3335737 2.415421 0.100016 0.4430177 1.747641 0.5493084 0.5499285 2.312284 0.1146006 0.4871526 1.731706 0.5668585 0.6027262 2.304036 0.1080097 0.1162842 2.228086 0.1285777 0.04621613 2.219765 0.07351029 -0.04371498 2.162864 0.2079471 -0.03379728 2.269741 0.03898253 -0.4748377 2.251321 0.1939535 -0.4886411 2.430778 0.01782448 -0.8631846 2.314594 0.1710954 -0.8658732 2.508745 0.0719092 -0.9051009 2.26109 0.2251801 -0.9077895 2.455241
0.1241613 0.6353056 2.215453 0.06938405 0.4691117 2.221287 -0.05403681 0.3085134 2.093177 0.27495 0.3737037 2.370922 -0.01171832 0.2356574 1.864301 0.4574876 0.3461199 2.379683 0.0951573 0.4482357 1.761961 0.5339462 0.5540724 2.311749 0.1081546 0.4920027 1.74935 0.5433505 0.607599 2.304645 0.1077118 0.1172544 2.228429 0.1267074 0.04862854 2.219267 0.06658056 -0.04144344 2.162505 0.2080056 -0.03334812 2.269102 0.03825207 -0.4739838 2.250695 0.1936502 -0.48798 2.430695 0.01911803 -0.8565102 2.312263 0.1707691 -0.8643464 2.507708 0.07048202 -0.8987556 2.256387 0.2221331 -0.9065918 2.451833
0.1249453 0.6347501 2.216179 0.07774989 0.4636557 2.223945 -0.05473146 0.3071691 2.097877 0.2764086 0.3723121 2.37083 -0.01018629 0.2361293 1.864292 0.4610885 0.4191202 2.361136 0.09374783 0.452498 1.767783 0.533225 0.5874904 2.306496 0.1062031 0.4989797 1.755847 0.5310596 0.6095345 2.305949 0.1077393 0.1174392 2.228716 0.1265112 0.04925609 2.218959 0.06328563 -0.04118386 2.161958 0.2088649 -0.0333872 2.267976 0.03801081 -0.4738663 2.250416 0.1934618 -0.4877485 2.430727 0.01951554 -0.8568217 2.31276 0.1707763 -0.8643858 2.507843 0.07016113 -0.8991832 2.256319 0.2321406 -0.9269909 2.554419
0.1252344 0.634571 2.216434 0.07843031 0.4635579 2.224221 -0.05480981 0.3065616 2.100109 0.2769902 0.3696317 2.369016 -0.00737269 0.2386162 1.862258 0.4638361 0.4189694 2.361104 0.09506349 0.4552673 1.766828 0.531133 0.5897905 2.308397 0.1070101 0.5021884 1.755263 0.5296464 0.6109366 2.307609 0.1079526 0.1176514 2.22903 0.126678 0.04966346 2.21887 0.06307474 -0.04129261 2.161884 0.2100128 -0.03309904 2.267614 0.03800848 -0.4744856 2.250377 0.1935045 -0.4877039 2.430686 0.01899275 -0.8573342 2.313381 0.1708656 -0.8640144 2.508022 0.06914902 -0.899749 2.256545 0.2311716 -0.9278763 2.552551
0.1247243 0.6353076 2.216789 0.07480654 0.4676121 2.224303 -0.05356014 0.3645847 2.083249 0.2758008 0.3708963 2.367747 -0.006946347 0.2384645 1.862377 0.4687965 0.417926 2.361661 0.09850013 0.4512205 1.758774 0.5372552 0.588762 2.311069 0.111507 0.4982311 1.746093 0.538507 0.6116295 2.311971 0.1058179 0.1180085 2.228215 0.1250993 0.05000441 2.21795 0.06054109 -0.03928251 2.162295 0.2084383 -0.03315057 2.264269 0.03813659 -0.4748659 2.250379 0.1935913 -0.4877658 2.430708 0.01830741 -0.8579437 2.313962 0.1711515 -0.8690914 2.507686 0.07131121 -0.9000098 2.259501 0.1618703 -0.9385657 2.484484
0.124224 0.6372192 2.216293 0.0694426 0.4740905 2.220938 -0.0548054 0.3662445 2.08133 0.2768844 0.3709309 2.368984 -0.006692278 0.239215 1.860118 0.4588839 0.3498985 2.384517 0.1074827 0.4369906 1.735551 0.566845 0.5483636 2.318215 0.1238161 0.4824454 1.714962 0.5877303 0.5948001 2.31021 0.104658 0.1236264 2.227108 0.1244696 0.05593419 2.217013 0.06034698 -0.03506891 2.161047 0.2094544 -0.03175563 2.264606 0.03792365 -0.475177 2.250194 0.1902002 -0.5060449 2.435498 0.017665 -0.8484094 2.313057 0.1717299 -0.8688294 2.507481 0.07083437 -0.8904394 2.258729 0.171989 -0.9409089 2.491489
0.1236538 0.6391949 2.214993 0.06112256 0.4810218 2.215717 -0.06064941 0.3708078 2.076109 0.276803 0.3726932 2.370005 -0.00643855 0.2386972 1.859529 0.4997548 0.3986107 2.370554 0.111798 0.426635 1.72283 0.5893241 0.5569939 2.310872 0.1275013 0.4689529 1.702103 0.6008661 0.5888066 2.305947 0.1029608 0.1285382 2.225124 0.1233682 0.06059575 2.215725 0.05977669 -0.0317356 2.160009 0.2105168 -0.0294907 2.264477 0.04073283 -0.4740662 2.25246 0.193636 -0.4983258 2.433055 0.01901313 -0.8515353 2.312633 0.1719884 -0.8694187 2.507538 0.03447403 -0.9301409 2.372302 0.2253556 -0.9114053 2.453371
0.1229445 0.6398799 2.214293 0.05799556 0.4824602 2.213254 -0.06358428 0.3719524 2.073145 0.2762277 0.3742775 2.370424 -0.006191442 0.2379015 1.860494 0.4612838 0.3604025 2.385922 0.1124167 0.4237098 1.720964 0.58973 0.5433087 2.312478 0.1281025 0.4662849 1.699922 0.6129645 0.5849359 2.30178 0.1028534 0.1305341 2.224085 0.1234059 0.06271657 2.21533 0.06043293 -0.03020339 2.159449 0.2117934 -0.02808958 2.265113 0.04009846 -0.4734635 2.250668 0.1951915 -0.4944135 2.431609 0.01927568 -0.8523645 2.312428 0.1700279 -0.8649886 2.504097 0.07278058 -0.8943273 2.258377 0.2235328 -0.9069514 2.450046
0.123012 0.6390699 2.213938 0.05892226 0.4796931 2.213292 -0.0588652 0.3645714 2.076185 0.2759911 0.3745047 2.370534 -0.006070458 0.2368663 1.860716 0.4976233 0.399238 2.371334 0.1123701 0.4231649 1.72175 0.5954827 0.551869 2.30919 0.1281475 0.4657544 1.701045 0.611836 0.5834165 2.301242 0.1032939 0.1303656 2.223577 0.1235693 0.06263069 2.215144 0.06071859 -0.03011198 2.159124 0.2121615 -0.02781966 2.264959 0.03982481 -0.4733157 2.24979 0.1955908 -0.4925803 2.431388 0.01793325 -0.8505167 2.311282 0.1707438 -0.8609692 2.504002 0.07145424 -0.8924771 2.257247 0.2242648 -0.9029295 2.449967
0.1228229 0.6391302 2.213919 0.05935848 0.4789957 2.213349 -0.05747763 0.3632302 2.07708 0.276057 0.3744927 2.370734 -0.006070633 0.2367723 1.860801 0.4538195 0.3304377 2.386577 0.1118329 0.4285167 1.729764 0.5784031 0.5427204 2.311764 0.1245311 0.4744676 1.715842 0.5921668 0.5871613 2.300233 0.1037179 0.1283742 2.222891 0.1237873 0.0602482 2.214598 0.06066859 -0.03048834 2.159376 0.2125837 -0.02912834 2.263538 0.03959093 -0.473223 2.248997 0.1948347 -0.5028214 2.434668 0.01802512 -0.8501641 2.311285 0.1710164 -0.860868 2.504617 0.07157291 -0.8921204 2.257271 0.2245642 -0.9028243 2.450603
0.1225955 0.6386757 2.213735 0.0609276 0.4771115 2.214477 -0.05708101 0.3616803 2.076673 0.2759798 0.3744537 2.370883 -0.006114842 0.2367772 1.86086 0.4571813 0.3418339 2.38218 0.1058475 0.4421212 1.748398 0.5450704 0.5532523 2.311962 0.1178607 0.4857144 1.733386 0.5636819 0.6035014 2.30437 0.1038454 0.1283882 2.222749 0.1238106 0.06032536 2.214547 0.06067543 -0.03039669 2.159245 0.2126369 -0.02885288 2.263415 0.04158369 -0.4726604 2.250833 0.1946087 -0.5004234 2.434222 0.01778173 -0.8527639 2.311888 0.1711855 -0.8608748 2.504529 0.0714049 -0.8947096 2.257941 0.2237822 -0.9235274 2.549628
0.1221277 0.634823 2.213139 0.06715348 0.4685863 2.216731 -0.05780174 0.3587161 2.07654 0.2757249 0.3741804 2.370506 -0.005311486 0.2371894 1.860907 0.4578786 0.3499232 2.383509 0.1035104 0.4472916 1.755134 0.5353273 0.5561886 2.314065 0.1137926 0.4966278 1.74375 0.5451046 0.608757 2.307771 0.1031095 0.1259547 2.222345 0.1224388 0.05830157 2.213687 0.05757965 -0.03189826 2.159925 0.2102407 -0.03015129 2.25942 0.04134721 -0.4728936 2.250511 0.1939226 -0.4976882 2.432797 0.01621384 -0.8551438 2.312979 0.1704118 -0.8605998 2.503395 0.06970331 -0.8971301 2.25893 0.1685582 -0.9323731 2.486171
0.1222541 0.6345468 2.213836 0.07009067 0.4672276 2.218543 -0.05763932 0.3582344 2.076958 0.2762241 0.373955 2.370704 -0.00698908 0.2359691 1.864741 0.4588055 0.352138 2.383136 0.1000743 0.4477103 1.76067 0.5204546 0.5664208 2.314901 0.1116317 0.4961194 1.74809 0.5272793 0.6233512 2.308287 0.1028652 0.1250976 2.222564 0.1220479 0.05756696 2.213414 0.05603708 -0.03238 2.160973 0.2093134 -0.03027981 2.256504 0.04067264 -0.4725807 2.24979 0.1933021 -0.4942738 2.429999 0.01636542 -0.855495 2.312733 0.171771 -0.8633025 2.503729 0.06979196 -0.8974968 2.258632 0.1710029 -0.9352295 2.487071
0.122502 0.6342007 2.213145 0.07090647 0.4672766 2.218858 -0.05758139 0.3585075 2.077515 0.2765156 0.3737259 2.370778 -0.006474798 0.2369345 1.863357 0.4592423 0.3532534 2.383255 0.1005599 0.4490905 1.760228 0.5203007 0.5674817 2.315476 0.1118493 0.4969348 1.747653 0.5273739 0.6235002 2.30879 0.102621 0.1253997 2.222835 0.1217499 0.058351 2.213279 0.05546448 -0.03161129 2.160196 0.2090341 -0.02988841 2.256765 0.04015971 -0.4729173 2.249121 0.1931803 -0.4930966 2.429507 0.01699262 -0.8566632 2.312903 0.1724962 -0.8623021 2.503809 0.07035308 -0.8986773 2.258747 0.1416314 -0.9282974 2.476218
0.1228656 0.6346343 2.212663 0.07040346 0.4691238 2.21882 -0.05757288 0.358556 2.077525 0.276932 0.3734389 2.371259 -0.005732797 0.236961 1.862811 0.4592544 0.3482921 2.382863 0.1039173 0.4438041 1.750894 0.5295144 0.5658589 2.315576 0.1175839 0.4921424 1.735224 0.5461629 0.6172428 2.309148 0.1025902 0.1255899 2.223078 0.1219483 0.05854382 2.213259 0.05588145 -0.0314614 2.160011 0.2095143 -0.02969081 2.257078 0.04002222 -0.4729971 2.249015 0.1937331 -0.4928527 2.430106 0.01691542 -0.856664 2.312826 0.1732489 -0.8658067 2.504295 0.07029602 -0.8986719 2.258685 0.2266295 -0.9078146 2.450155
0.1227471 0.6350605 2.211684 0.06570485 0.471857 2.21526 -0.06064276 0.3589779 2.074824 0.2772397 0.3735819 2.371561 -0.003525391 0.2375512 1.856225 0.459529 0.3481428 2.383124 0.1158398 0.4248988 1.71973 0.5737578 0.5454935 2.314543 0.1306782 0.4743615 1.700458 0.5890251 0.5853752 2.304123 0.1027709 0.1277444 2.222838 0.1225991 0.06126147 2.213423 0.05685665 -0.03044343 2.159641 0.212347 -0.0275016 2.259854 0.04063256 -0.4725874 2.249557 0.1940387 -0.4947598 2.431337 0.01824278 -0.8546456 2.312124 0.1732883 -0.8665969 2.503579 0.0415209 -0.9339355 2.365449 0.2266882 -0.9085926 2.449448
0.1229217 0.636559 2.210719 0.06052396 0.4760404 2.211362 -0.0650377 0.3613885 2.07119 0.277711 0.3739292 2.372502 -0.00129929 0.2365751 1.854336 0.4602945 0.3495187 2.383303 0.1177958 0.4192919 1.710835 0.5875072 0.5377631 2.307755 0.1332054 0.4654997 1.687941 0.6049711 0.5748523 2.295729 0.1024466 0.1330882 2.221816 0.1226914 0.06716627 2.213284 0.05804097 -0.02824612 2.157663 0.2143181 -0.02464467 2.263596 0.04019457 -0.4728943 2.248605 0.19324 -0.5025797 2.433542 0.01904842 -0.8551362 2.312617 0.172903 -0.8658333 2.506238 0.072526 -0.897112 2.258546 0.2263806 -0.907809 2.452168
0.1236595 0.6372687 2.209669 0.05955166 0.4772073 2.209574 -0.05054673 0.3219088 2.09549 0.2770368 0.3729618 2.371756 -0.001378984 0.2346665 1.855493 0.4595965 0.3496336 2.383369 0.1172385 0.413358 1.706112 0.595155 0.5173322 2.306778 0.1322565 0.4525694 1.680802 0.6255313 0.5651141 2.292239 0.1037641 0.1310133 2.221353 0.123943 0.06313033 2.213287 0.06019215 -0.03211129 2.156985 0.2152941 -0.02646296 2.265018 0.04022862 -0.4730285 2.247902 0.195081 -0.4934043 2.429222 0.01896871 -0.8557168 2.3131 0.1728342 -0.8645231 2.505265 0.07052926 -0.8979312 2.257377 0.2243948 -0.9067375 2.449541
0.1240239 0.637141 2.209386 0.05852249 0.477363 2.208837 -0.04933036 0.3443366 2.082346 0.276625 0.371636 2.371327 -0.001272782 0.2304846 1.856996 0.4586626 0.3426814 2.381521 0.1160112 0.4074516 1.704253 0.5985914 0.5153854 2.30348 0.1323258 0.4427619 1.677865 0.6295337 0.5581836 2.291599 0.1036467 0.1303753 2.220285 0.1238905 0.06238089 2.212988 0.06053438 -0.03231404 2.156377 0.2151627 -0.02710503 2.265235 0.0397856 -0.4724839 2.247218 0.195127 -0.4929954 2.429441 0.01943149 -0.8549227 2.312904 0.1728515 -0.8647382 2.50545 0.07290437 -0.8969039 2.25883 0.2263244 -0.9067194 2.451376
0.1243905 0.637247 2.208771 0.05749175 0.4776309 2.2078 -0.0480333 0.3461732 2.079972 0.2760817 0.3697459 2.370248 -0.003064633 0.2245722 1.859705 0.4584121 0.3431252 2.380756 0.1132284 0.4012384 1.70576 0.597514 0.5106906 2.304379 0.1310731 0.435954 1.678056 0.6287017 0.5565385 2.291864 0.1040581 0.1298207 2.219641 0.1241216 0.06155742 2.212984 0.06159198 -0.03272173 2.156518 0.2151081 -0.02724234 2.265368 0.03968161 -0.4724085 2.246614 0.193253 -0.5013779 2.430881 0.01949068 -0.8555233 2.313761 0.1727841 -0.864103 2.505699 0.07332711 -0.8974605 2.260013 0.2266205 -0.9060401 2.451951
0.1247927 0.6374148 2.208001 0.05684635 0.4778637 2.206875 -0.04777877 0.3471663 2.079049 0.2763058 0.3683251 2.370164 -0.003442947 0.2220596 1.861656 0.4589341 0.3379488 2.37591 0.1119081 0.3982576 1.706357 0.5990521 0.5128248 2.301797 0.1309237 0.4341877 1.67803 0.6286147 0.5564779 2.291572 0.1042702 0.1295315 2.21896 0.1239727 0.06114551 2.212892 0.06166206 -0.03280905 2.156444 0.214709 -0.02778145 2.265655 0.039559 -0.4730471 2.246348 0.1921627 -0.4953126 2.4268 0.01813731 -0.8601656 2.315838 0.1740374 -0.8685941 2.505137 0.07209959 -0.9020921 2.262207 0.1640612 -0.9390593 2.485459
