0.2212055 0.616102 2.214363 0.1814203 0.4375556 2.242208 0.1145181 0.3023399 2.122759 0.3131834 0.3326229 2.37259 0.06337227 0.1313299 2.020105 0.4321231 0.1115975 2.268614 0.3083441 0.1052789 2.098506 0.4561243 -0.004031152 2.101129 0.3936954 0.08628193 2.12133 0.4458523 0.02667592 2.043134 0.1970875 0.08689851 2.243834 0.2107572 0.01775477 2.238718 0.171788 -0.04905995 2.181333 0.2594506 -0.05680338 2.290122 0.09121724 -0.52829 2.272426 0.2475144 -0.5357798 2.463205 0.02566132 -0.880428 2.329056 0.1945689 -0.8636621 2.511306 0.0335719 -0.9481865 2.307709 0.2593876 -0.9233181 2.528107
0.2209395 0.6148951 2.213717 0.1811147 0.4374778 2.242202 0.1140865 0.3018931 2.123505 0.3130489 0.3326716 2.372486 0.05646389 0.1328284 2.02113 0.4319707 0.1116293 2.268528 0.2992021 0.1034891 2.104357 0.4561402 -0.004213534 2.10123 0.3630899 0.09042521 2.116988 0.445868 0.02653017 2.043254 0.1966323 0.08611722 2.24374 0.2102873 0.01677342 2.238563 0.1712175 -0.04992753 2.181078 0.2591273 -0.05782199 2.290089 0.09303166 -0.528248 2.274722 0.2474781 -0.5369461 2.463874 0.02593715 -0.8806262 2.329715 0.1945978 -0.8675859 2.50984 0.03310562 -0.9483201 2.307905 0.2582653 -0.9265654 2.524433
0.2202398 0.6149516 2.213579 0.1808556 0.4373107 2.242264 0.1137654 0.3015275 2.12424 0.3103113 0.3304258 2.365722 0.05339607 0.1334324 2.021845 0.425117 0.11221 2.248725 0.2959965 0.1040519 2.105407 0.4485012 -0.002143651 2.080197 0.3590153 0.09118144 2.121986 0.4381869 0.02869675 2.02228 0.196473 0.08497465 2.243463 0.2101355 0.01535134 2.238058 0.1710682 -0.05099294 2.180516 0.2590802 -0.05869719 2.289689 0.09300402 -0.5282968 2.274656 0.2478573 -0.5357517 2.463389 0.02593167 -0.8809093 2.329758 0.1949344 -0.866411 2.509881 0.03273922 -0.9486948 2.308117 0.2580844 -0.9255033 2.524512
0.2201928 0.6146635 2.213453 0.1805769 0.4370344 2.242141 0.1133997 0.3012351 2.124951 0.3111151 0.3308167 2.368233 0.05129251 0.1339353 2.022202 0.4281714 0.1110208 2.258165 0.2934176 0.1036568 2.106677 0.4526094 -0.004933402 2.090991 0.3566809 0.09113687 2.122579 0.4423111 0.02599165 2.033116 0.1964156 0.08449031 2.2435 0.2101462 0.01484555 2.238143 0.1709986 -0.05117664 2.180501 0.2595012 -0.06024375 2.29019 0.09296953 -0.5283789 2.274693 0.2478697 -0.5355288 2.463251 0.02579074 -0.8811101 2.329664 0.1955392 -0.8655109 2.509335 0.02902725 -0.9504058 2.312425 0.2579513 -0.9243053 2.526751
0.2200207 0.6147762 2.213817 0.1802962 0.4368641 2.242006 0.1130831 0.300882 2.125463 0.3112643 0.3306155 2.368712 0.0509134 0.1337409 2.022418 0.4285097 0.1099543 2.261209 0.2929435 0.1035136 2.107146 0.4538527 -0.007461645 2.095294 0.3564154 0.09231871 2.123204 0.4435549 0.02348385 2.03743 0.1962748 0.08434784 2.243402 0.2100335 0.01473591 2.238048 0.1707984 -0.05149106 2.180333 0.2594384 -0.0603327 2.290114 0.09189405 -0.5284646 2.273127 0.2473788 -0.5354895 2.462754 0.02585141 -0.8814679 2.329848 0.1962381 -0.8649832 2.509994 0.03240628 -0.947237 2.302626 0.2577428 -0.9228281 2.525938
0.2194294 0.6145921 2.213737 0.1802599 0.4368374 2.242021 0.1129925 0.3006767 2.125812 0.3114524 0.3305094 2.369286 0.05005698 0.1339882 2.022408 0.4313196 0.1112362 2.261849 0.2922244 0.1036153 2.106753 0.4525984 -0.0005912483 2.09119 0.3557047 0.0928946 2.123099 0.442302 0.03039384 2.033348 0.1962491 0.0838149 2.243689 0.21004 0.01405232 2.238427 0.1708386 -0.05237673 2.181204 0.2594229 -0.06055982 2.290214 0.09295451 -0.5290319 2.274581 0.2473187 -0.5350741 2.462428 0.0259272 -0.8816199 2.329955 0.1961161 -0.8650271 2.510173 0.03473489 -0.9459609 2.300085 0.2588717 -0.92348 2.524391
0.2188572 0.6149333 2.213626 0.1802356 0.4367574 2.241962 0.1128698 0.3005356 2.126018 0.3115454 0.3302479 2.369409 0.05028007 0.1337546 2.022531 0.431881 0.1113606 2.261623 0.2932556 0.1036161 2.104922 0.4521588 0.0008885413 2.089879 0.3564667 0.09203984 2.121721 0.4418629 0.03187631 2.032037 0.1959039 0.08357345 2.243414 0.2096022 0.01379823 2.238087 0.170204 -0.05264526 2.180654 0.2588302 -0.06109336 2.289839 0.09289968 -0.529147 2.274779 0.247343 -0.5346596 2.462342 0.0255206 -0.8815219 2.329888 0.1961448 -0.8647623 2.510256 0.03560882 -0.9447601 2.298126 0.2599422 -0.9243255 2.525306
0.2186762 0.6153706 2.213597 0.1802213 0.4367067 2.241884 0.1129292 0.3005194 2.126176 0.3127831 0.3309676 2.372438 0.05341658 0.1327234 2.022456 0.4336248 0.1142237 2.259832 0.2983739 0.1011425 2.099157 0.4507567 0.008324474 2.084633 0.3923778 0.0855186 2.12596 0.4404618 0.03931533 2.026793 0.1957862 0.08388148 2.243426 0.2094663 0.01432716 2.238183 0.1701525 -0.05234154 2.180275 0.2586104 -0.06147581 2.290684 0.09288321 -0.5291793 2.274793 0.2471603 -0.5345226 2.462226 0.02542524 -0.8815335 2.329937 0.196645 -0.86599 2.510694 0.03569197 -0.9441792 2.297076 0.2618439 -0.9249603 2.524842
0.2186264 0.6154302 2.213675 0.1801352 0.4366547 2.241811 0.113009 0.3004985 2.126247 0.3125788 0.3311351 2.372162 0.05984757 0.1310731 2.021465 0.4331044 0.1130846 2.26244 0.306651 0.0993386 2.092911 0.45327 0.003247358 2.09024 0.3934008 0.0860131 2.122155 0.4429756 0.03423878 2.0324 0.1965378 0.08335552 2.243758 0.2106669 0.01361345 2.238726 0.1722052 -0.05288007 2.181932 0.2596816 -0.06133697 2.290774 0.09174963 -0.529484 2.273604 0.2471748 -0.5344557 2.4622 0.02532894 -0.8815231 2.329947 0.1966328 -0.8655979 2.510585 0.03587316 -0.9439745 2.296806 0.2620565 -0.9244831 2.526251
0.219676 0.6146759 2.214783 0.1801106 0.4366113 2.241787 0.1131049 0.300573 2.126345 0.3126051 0.3311535 2.372216 0.06704365 0.1298563 2.019896 0.4331661 0.1092852 2.27326 0.3174458 0.09269752 2.07743 0.4478641 0.004577935 2.097048 0.3755683 0.09706124 2.045577 0.4375699 0.03557002 2.039208 0.1970999 0.08327504 2.243825 0.211466 0.01357792 2.23882 0.1733263 -0.05259825 2.182845 0.261152 -0.06028675 2.29002 0.09158549 -0.5294736 2.273485 0.2471913 -0.5343339 2.462162 0.02515385 -0.8811823 2.330216 0.1963149 -0.8654605 2.510859 0.0370217 -0.9422441 2.294998 0.2609192 -0.9226908 2.526078
0.2191707 0.6152057 2.215473 0.1800589 0.436811 2.241952 0.113273 0.3007071 2.126335 0.3132014 0.3306351 2.372974 0.07538423 0.130836 2.014045 0.4331475 0.1088109 2.272876 0.3206632 0.08867361 2.055108 0.4786995 -0.008754246 2.11184 0.383218 0.09844217 2.035024 0.468406 0.02223799 2.054001 0.1975696 0.08383367 2.244264 0.2120714 0.01427223 2.239318 0.1740801 -0.05205575 2.18351 0.2617045 -0.05954369 2.290334 0.0912208 -0.5276192 2.272099 0.2473704 -0.5345448 2.462431 0.02518949 -0.8808792 2.330408 0.1965698 -0.8643575 2.509689 0.03669597 -0.9421841 2.295493 0.2635922 -0.9234871 2.522623
0.2190151 0.6160429 2.216377 0.180041 0.4369987 2.242064 0.113404 0.3009242 2.126267 0.3136522 0.330695 2.374347 0.07821177 0.1347229 2.005165 0.4329211 0.1085671 2.274062 0.3205714 0.08555441 2.0266 0.4963934 -0.01355145 2.123713 0.3783237 0.09152828 1.994337 0.5605577 -0.03053231 2.121162 0.197861 0.08516805 2.244839 0.2124352 0.01598432 2.240023 0.1745386 -0.05088557 2.184188 0.2618987 -0.05801425 2.29093 0.09096462 -0.528015 2.271723 0.2473874 -0.5349109 2.46265 0.02528203 -0.8810461 2.330377 0.1965902 -0.8643107 2.510088 0.03614016 -0.9435844 2.297501 0.2631683 -0.9227798 2.524
0.2190507 0.6171802 2.217806 0.1798604 0.4373306 2.242303 0.1144116 0.3017047 2.126425 0.3141023 0.3319873 2.37632 0.09049784 0.1328073 1.989869 0.4322855 0.1095486 2.27523 0.3243584 0.08275314 1.998533 0.5340447 -0.006154463 2.14367 0.391954 0.09040892 1.962184 0.5236455 0.03134372 2.183337 0.1968201 0.08608779 2.244815 0.2110814 0.01707752 2.239922 0.1731397 -0.04870813 2.184107 0.2594389 -0.05741658 2.290487 0.0919886 -0.5277187 2.273231 0.2477297 -0.5407863 2.465991 0.025361 -0.8793741 2.328467 0.1965221 -0.8642395 2.510012 0.03293876 -0.9464873 2.305054 0.2592962 -0.9219412 2.523998
0.2184053 0.617421 2.218098 0.179375 0.4377898 2.242316 0.1154014 0.3029271 2.126709 0.3141551 0.3346749 2.378455 0.0958524 0.1421588 1.979717 0.4320996 0.1121572 2.27722 0.3325503 0.08937883 1.961821 0.5490462 -0.002869815 2.15989 0.4001895 0.100663 1.930129 0.5456856 0.03095936 2.191066 0.1953828 0.08887733 2.24485 0.209425 0.02051287 2.240001 0.1720246 -0.04292031 2.185249 0.2567537 -0.05436984 2.289731 0.09202429 -0.5277188 2.273238 0.2477292 -0.5407774 2.465975 0.02534657 -0.8793019 2.328521 0.1965346 -0.8642612 2.509893 0.03295971 -0.9463513 2.304936 0.2592165 -0.921885 2.525199
0.2184371 0.617703 2.218202 0.1789842 0.4386647 2.243102 0.1161843 0.3049206 2.127799 0.3144695 0.3348748 2.37951 0.1415256 0.1465412 1.958265 0.4419279 0.1172887 2.279369 0.3372882 0.09597912 1.920951 0.5766896 0.004397936 2.183434 0.4058404 0.1080335 1.887833 0.5893875 0.02275633 2.19977 0.1949503 0.08900651 2.245023 0.2089671 0.02053752 2.240118 0.1714129 -0.04284147 2.185244 0.2562901 -0.05451817 2.289839 0.09201568 -0.5274578 2.272906 0.2479479 -0.5391881 2.465661 0.02500627 -0.8792005 2.328484 0.1970246 -0.8639289 2.510204 0.03414699 -0.9453673 2.303023 0.2588613 -0.9209754 2.524511
0.2208768 0.6158639 2.221988 0.1785163 0.4396234 2.244027 0.1150721 0.3072392 2.128879 0.3163882 0.3338713 2.382907 0.1233887 0.1703253 1.954946 0.4525997 0.1183025 2.293156 0.3388053 0.1047767 1.887281 0.5973417 0.02021171 2.19523 0.4102048 0.117386 1.851306 0.6059152 0.02265153 2.205992 0.1945661 0.09024336 2.245425 0.2085858 0.02176357 2.24037 0.170619 -0.04262543 2.184775 0.2565499 -0.05409115 2.290384 0.09093811 -0.5274121 2.271819 0.2478503 -0.5391774 2.465705 0.02486829 -0.87933 2.328553 0.1954944 -0.8653964 2.514455 0.03448369 -0.9453307 2.302837 0.2590799 -0.9209578 2.525095
0.2214329 0.6162484 2.223307 0.1780841 0.4409558 2.245215 0.112676 0.3105257 2.131948 0.3163832 0.3338957 2.382958 0.1708744 0.1641051 1.927139 0.4635272 0.1214046 2.309145 0.345139 0.1168918 1.842153 0.6071083 0.02911399 2.20311 0.4147721 0.1325785 1.803282 0.655836 0.01717508 2.217183 0.1945223 0.09098158 2.245874 0.2085042 0.02237462 2.240587 0.1701164 -0.0424802 2.184296 0.2571273 -0.05386038 2.291249 0.0907934 -0.5274347 2.271766 0.2475313 -0.5388013 2.465638 0.02458775 -0.8800772 2.328917 0.1952837 -0.8652087 2.515212 0.03480585 -0.9457409 2.302577 0.2582339 -0.9208409 2.525339
0.2216305 0.6167734 2.223865 0.1776069 0.4420076 2.245958 0.1096719 0.3124103 2.134288 0.3177098 0.3328438 2.384552 0.1722516 0.1689492 1.922217 0.4623951 0.1142542 2.339118 0.348123 0.1312569 1.819276 0.6132439 0.04642687 2.223954 0.4135733 0.1428454 1.781818 0.6951459 0.0289317 2.241589 0.1958247 0.09357752 2.248222 0.2102723 0.02535099 2.24323 0.1703084 -0.04277362 2.184125 0.2646476 -0.05195862 2.301553 0.09135941 -0.5268618 2.272976 0.2464402 -0.5445508 2.467593 0.02446379 -0.8800046 2.328615 0.1951341 -0.8646283 2.513669 0.03357679 -0.947033 2.305504 0.2580863 -0.9208273 2.522261
0.2227675 0.6184255 2.226244 0.1777036 0.442407 2.24632 0.1062806 0.3128639 2.135359 0.3189061 0.3323927 2.385641 0.1821897 0.1821902 1.906748 0.4648397 0.1141246 2.347124 0.3501128 0.1491216 1.790758 0.622846 0.05542033 2.237278 0.4151861 0.1627496 1.735929 0.7007629 0.03434508 2.246805 0.1964046 0.09932545 2.248757 0.2108008 0.03279997 2.243477 0.1680858 -0.04123197 2.178825 0.267639 -0.0479238 2.304875 0.09065767 -0.5266824 2.273038 0.2505715 -0.505789 2.45889 0.02455272 -0.8797994 2.328552 0.1951905 -0.8645696 2.51382 0.03342943 -0.9471369 2.306261 0.2580611 -0.9205229 2.522572
0.2235258 0.6192274 2.227654 0.1775008 0.4432994 2.246648 0.09831744 0.3137452 2.136631 0.3194437 0.3345689 2.386373 0.1882997 0.1945001 1.897774 0.4659467 0.1163806 2.355246 0.3454753 0.1619877 1.775064 0.6284727 0.06203572 2.250478 0.4125876 0.173106 1.71908 0.7037725 0.04132844 2.251985 0.2013951 0.1063556 2.252713 0.217353 0.04129216 2.24832 0.1710959 -0.04011279 2.180095 0.281514 -0.03582815 2.314441 0.09192391 -0.5267884 2.275017 0.2506858 -0.5042468 2.457911 0.02403444 -0.8820193 2.330986 0.1949617 -0.8647379 2.514414 0.03543742 -0.9465811 2.302495 0.2587521 -0.9204251 2.525066
0.2249077 0.6204834 2.229681 0.1772324 0.4452657 2.247139 0.09688061 0.31304 2.137328 0.3168516 0.3435287 2.385447 0.1803051 0.1942391 1.89636 0.4659487 0.1270424 2.360063 0.3387286 0.1814489 1.76162 0.6305859 0.06914663 2.261449 0.40971 0.1897667 1.696726 0.7181266 0.04896556 2.263728 0.2005396 0.1094018 2.252488 0.2161382 0.04420241 2.247792 0.1696161 -0.0382571 2.177503 0.2803158 -0.03472489 2.314612 0.09163721 -0.5265182 2.274747 0.2427899 -0.5571047 2.472413 0.0241737 -0.8822417 2.33113 0.1954297 -0.8675682 2.516965 0.035676 -0.9466617 2.302358 0.2589071 -0.9200001 2.524445
0.2261901 0.6224447 2.232096 0.1774075 0.4466817 2.247745 0.09386452 0.3114982 2.136374 0.3165271 0.3464358 2.385518 0.1711141 0.2066636 1.88615 0.4662709 0.1304252 2.363226 0.3345554 0.1886595 1.754532 0.6329259 0.07275943 2.26734 0.4043367 0.1947509 1.690477 0.7208856 0.05435736 2.267973 0.1998528 0.1161846 2.253093 0.2148533 0.05206332 2.248137 0.1687952 -0.0359592 2.175196 0.2789324 -0.03146474 2.316633 0.09134405 -0.5259442 2.274527 0.2503181 -0.4985297 2.457438 0.02423959 -0.8825458 2.331536 0.1951339 -0.8660722 2.51505 0.03599028 -0.9466444 2.302152 0.2580707 -0.9190268 2.523861
0.225883 0.6230406 2.232744 0.1771254 0.4480032 2.248049 0.09343837 0.3114831 2.136232 0.3157478 0.3487367 2.385344 0.1677237 0.2115591 1.887065 0.4657334 0.1330068 2.367304 0.3291108 0.1961131 1.750073 0.6371804 0.07424639 2.270113 0.3972511 0.2010069 1.685046 0.721323 0.05461424 2.268931 0.1974928 0.1317945 2.254561 0.2117293 0.0715101 2.249843 0.1684776 -0.02949638 2.165993 0.2746602 -0.02563668 2.328542 0.0907498 -0.5255592 2.273886 0.2438335 -0.5417469 2.465784 0.02387798 -0.8825706 2.330416 0.1958813 -0.865028 2.513464 0.03753656 -0.9466439 2.301812 0.2644721 -0.9215147 2.518986
0.2260895 0.6231 2.233004 0.1771735 0.4486942 2.2484 0.09182602 0.3100486 2.13585 0.3156117 0.3497443 2.385441 0.1655558 0.2165792 1.887649 0.4658114 0.1342578 2.369675 0.3247808 0.2016393 1.746647 0.6401099 0.07552686 2.272066 0.3927452 0.2052087 1.680519 0.7208987 0.05582838 2.270748 0.1979524 0.1302014 2.254512 0.212514 0.06787958 2.249536 0.1684427 -0.03063114 2.166074 0.2750743 -0.0259336 2.327957 0.0900066 -0.5251887 2.272559 0.2439545 -0.5414106 2.465739 0.0240401 -0.8829777 2.330896 0.1955943 -0.8644847 2.51277 0.03866933 -0.9462361 2.300988 0.2634976 -0.920777 2.521239
0.2265409 0.6231297 2.233851 0.1773115 0.4499244 2.248601 0.09158419 0.3097353 2.135818 0.3155608 0.3513535 2.38533 0.1645877 0.2194899 1.882461 0.4655743 0.1358901 2.372419 0.3212405 0.2051452 1.744008 0.6409988 0.07621554 2.273723 0.3894628 0.2090763 1.675177 0.7206093 0.05708283 2.275282 0.1986553 0.1327265 2.256737 0.2133249 0.07066615 2.252399 0.1699987 -0.03062357 2.166907 0.2749214 -0.02526615 2.335068 0.09035667 -0.5251579 2.272836 0.244283 -0.5439801 2.466613 0.02424706 -0.882762 2.330658 0.1959716 -0.8651469 2.51219 0.0392548 -0.9454345 2.299721 0.262196 -0.9209397 2.52193
0.2265466 0.6231614 2.233852 0.1773648 0.4505213 2.248545 0.09103908 0.3095816 2.135489 0.3154973 0.352179 2.385056 0.1630604 0.2202986 1.880965 0.464604 0.1363137 2.375489 0.3191792 0.206202 1.742714 0.6409918 0.0763884 2.274468 0.386956 0.2102404 1.67329 0.7203971 0.05766239 2.276423 0.198603 0.1354948 2.256213 0.2131627 0.07400184 2.251679 0.1700834 -0.02875408 2.163131 0.2749213 -0.02457809 2.335546 0.08995049 -0.5250359 2.272209 0.2530524 -0.4986356 2.455807 0.02372115 -0.8821645 2.329765 0.1959897 -0.8646867 2.51194 0.03997131 -0.9447277 2.299236 0.2617416 -0.9204785 2.522341
0.2274657 0.6247717 2.235139 0.1772476 0.4511163 2.24888 0.09093481 0.3096351 2.135553 0.3152717 0.3528683 2.385238 0.1613056 0.2198954 1.881424 0.4634585 0.1364829 2.377109 0.3173177 0.2060223 1.742117 0.6412569 0.07638921 2.274685 0.3852578 0.2095077 1.672788 0.7202709 0.05795711 2.277044 0.198289 0.1367631 2.255975 0.2127753 0.07541001 2.251267 0.1698804 -0.02742476 2.161015 0.2746947 -0.0243764 2.335613 0.09004723 -0.5249487 2.272152 0.2450953 -0.5508437 2.468194 0.02368187 -0.8822763 2.329762 0.1963511 -0.8649501 2.513321 0.04002668 -0.9448043 2.299211 0.2617346 -0.9202167 2.523117
0.2278211 0.6249001 2.23521 0.177107 0.4522211 2.24906 0.09104969 0.3099728 2.135493 0.3150028 0.3541261 2.385238 0.1594298 0.2186325 1.880618 0.4619483 0.1370505 2.378915 0.3163095 0.2050078 1.742355 0.6412177 0.07636062 2.274692 0.3839653 0.207938 1.673001 0.7188969 0.0582364 2.276931 0.1983373 0.1358863 2.255397 0.212881 0.07358823 2.250237 0.1698684 -0.02742101 2.161068 0.2746147 -0.0241254 2.331806 0.09018562 -0.5249183 2.272167 0.2451093 -0.5508645 2.468184 0.02432915 -0.8819648 2.329155 0.1962877 -0.8647476 2.512896 0.03852221 -0.9472566 2.303742 0.2617091 -0.9206023 2.522759
0.2285649 0.6246738 2.236382 0.1772088 0.4525337 2.249145 0.09070277 0.3099173 2.135142 0.3150548 0.3544706 2.385238 0.1421903 0.1977634 1.916281 0.4601601 0.136377 2.381197 0.315124 0.199524 1.744372 0.6402948 0.07576168 2.274507 0.3815067 0.2028691 1.678452 0.7155786 0.05823244 2.275572 0.2029025 0.1324157 2.255811 0.2192847 0.06856102 2.250862 0.1769665 -0.02974513 2.167089 0.2827087 -0.02244332 2.328349 0.09100865 -0.525337 2.27256 0.2451536 -0.5482696 2.466796 0.02444107 -0.8823182 2.329382 0.1965168 -0.8662055 2.512024 0.03643833 -0.9490166 2.306628 0.2604449 -0.9209778 2.523196
0.2288235 0.6247394 2.236741 0.1771683 0.4526905 2.249111 0.09110616 0.310765 2.135664 0.315312 0.3537773 2.385134 0.1243674 0.2395031 1.932035 0.4479671 0.1323348 2.395461 0.3150572 0.1894552 1.750118 0.6354905 0.07384193 2.272346 0.3829519 0.1967992 1.68465 0.7109588 0.05668604 2.272768 0.2020473 0.1279083 2.252977 0.2177162 0.06253971 2.246986 0.1754831 -0.03027255 2.166248 0.2805332 -0.02675573 2.3204 0.09086041 -0.5256819 2.272399 0.2520517 -0.4990863 2.451463 0.02408858 -0.8827468 2.329059 0.1962516 -0.8656043 2.511128 0.03648103 -0.9493134 2.306131 0.2595346 -0.9206579 2.52428
0.2307446 0.6250623 2.238721 0.1771017 0.4530177 2.249064 0.09241016 0.3117718 2.135962 0.3164868 0.3509076 2.386576 0.1237996 0.2390065 1.932602 0.444319 0.1281763 2.397528 0.3158737 0.1759928 1.761858 0.62978 0.07230727 2.269163 0.3813297 0.1813746 1.705615 0.7077849 0.05564205 2.270822 0.2046014 0.1246989 2.252754 0.2210733 0.05862025 2.246963 0.178039 -0.03156561 2.167748 0.2834532 -0.02756321 2.319177 0.09040581 -0.5264256 2.271807 0.2478133 -0.5277754 2.459524 0.02404091 -0.8828565 2.328802 0.1963822 -0.864735 2.510642 0.03740475 -0.9479958 2.302559 0.259126 -0.9205558 2.524337
0.2316029 0.6258311 2.239961 0.1769436 0.453295 2.24878 0.09663351 0.3139652 2.136442 0.316424 0.3469951 2.386107 0.1215571 0.2320922 1.934244 0.4458069 0.1202167 2.390681 0.3179123 0.1638095 1.776395 0.6141746 0.07245992 2.263776 0.3829255 0.172785 1.723795 0.7006541 0.05311173 2.267236 0.2027774 0.1192285 2.249382 0.2185381 0.05181051 2.242967 0.1764874 -0.03300411 2.166312 0.2792525 -0.03364366 2.312505 0.09013258 -0.5266547 2.271288 0.2473391 -0.5299143 2.46017 0.02339191 -0.8836008 2.328251 0.1964597 -0.8637536 2.510032 0.03974866 -0.9461186 2.297682 0.2640502 -0.9221368 2.539277
0.2327058 0.6252927 2.239766 0.1767299 0.4538217 2.248729 0.101405 0.3170765 2.134922 0.316424 0.344201 2.386349 0.1182889 0.2180852 1.932853 0.4449796 0.1159535 2.382239 0.3175153 0.1505135 1.798789 0.5896605 0.07445931 2.246146 0.3843108 0.162783 1.745822 0.6416294 0.04614185 2.241003 0.1996204 0.1124918 2.246837 0.2144316 0.04303341 2.239959 0.1745963 -0.03479597 2.166259 0.2702011 -0.0438984 2.303778 0.09003539 -0.5267268 2.271233 0.2460341 -0.540637 2.4636 0.02341642 -0.883536 2.328217 0.1964024 -0.8638309 2.509097 0.04019939 -0.9451636 2.29611 0.2613809 -0.9227163 2.53566
0.2343131 0.6252038 2.241246 0.1767238 0.453955 2.248741 0.105596 0.317361 2.132446 0.3178568 0.3426104 2.390704 0.1165128 0.2007731 1.930912 0.4428115 0.111653 2.376831 0.3168457 0.1386881 1.822538 0.5772185 0.07129473 2.22923 0.3790937 0.1482011 1.785516 0.6285539 0.04870648 2.236417 0.197653 0.106721 2.244819 0.2121683 0.03634959 2.237813 0.1728193 -0.03597505 2.167838 0.2661059 -0.04820662 2.296045 0.08953733 -0.5274014 2.270821 0.2459954 -0.5407044 2.463557 0.02335506 -0.8840706 2.328374 0.196523 -0.8641049 2.509884 0.04135154 -0.9442554 2.29425 0.2616264 -0.9226558 2.53543
0.2357359 0.6244004 2.240938 0.1767003 0.4541118 2.248417 0.1088517 0.3167571 2.1297 0.3178542 0.3416871 2.391634 0.1145005 0.1911336 1.933324 0.4556695 0.124492 2.311499 0.3187434 0.127956 1.847031 0.6074181 0.04677954 2.205085 0.3803594 0.1428025 1.802473 0.5944009 0.05001965 2.224874 0.1965382 0.1047043 2.24369 0.2110409 0.03435494 2.23692 0.1719661 -0.0366484 2.168167 0.2639806 -0.04983489 2.294269 0.09069724 -0.5281702 2.271876 0.2459557 -0.5408374 2.463681 0.02342658 -0.8843921 2.328962 0.1962309 -0.8641461 2.510096 0.04123433 -0.9430108 2.29212 0.2602661 -0.9247524 2.549857
0.236355 0.6240212 2.240903 0.1766092 0.45411 2.248002 0.1106157 0.3165528 2.127894 0.3177407 0.3407059 2.39221 0.1106273 0.1800964 1.941365 0.4530238 0.1361633 2.271576 0.3169606 0.1153558 1.884121 0.5970895 0.01861941 2.20196 0.3743828 0.1288643 1.851364 0.6586698 -0.005829992 2.197235 0.1994235 0.101456 2.244131 0.2152225 0.03059668 2.238063 0.175604 -0.03835889 2.172599 0.2688649 -0.04997838 2.294247 0.09196585 -0.5293523 2.274216 0.2459497 -0.5408416 2.46369 0.02319986 -0.8846583 2.328782 0.1961171 -0.864743 2.510104 0.04138557 -0.9430246 2.291726 0.268346 -0.9264919 2.528121
0.2367924 0.6238112 2.239783 0.1766425 0.4541473 2.247906 0.1125758 0.3152529 2.126658 0.3178792 0.34004 2.392956 0.1069381 0.1655623 1.953556 0.4523231 0.1357357 2.270623 0.3145701 0.1075147 1.916613 0.5856187 0.01213335 2.188794 0.3692353 0.1209326 1.881345 0.6464941 -0.01423789 2.185489 0.2006526 0.1008342 2.244687 0.2168083 0.03011074 2.238957 0.1791289 -0.03958835 2.174921 0.2699803 -0.05024923 2.295062 0.0924314 -0.5295663 2.275073 0.2459458 -0.5406569 2.46375 0.02249828 -0.8852965 2.329469 0.1961217 -0.8645343 2.511383 0.04197802 -0.9413533 2.289611 0.2680197 -0.9267408 2.528958
0.2376485 0.6232523 2.23913 0.1765204 0.4544373 2.247436 0.1136274 0.313935 2.125402 0.3177983 0.3402375 2.393629 0.1004105 0.1476786 1.969046 0.4481128 0.1353447 2.266967 0.3137938 0.1048082 1.945763 0.5720698 0.006250709 2.1781 0.3656822 0.1157149 1.905753 0.6298689 -0.02488035 2.167989 0.2013842 0.1002415 2.245708 0.2178741 0.02944081 2.240646 0.1824041 -0.04095333 2.180106 0.270204 -0.05033749 2.295933 0.09175435 -0.5294641 2.274161 0.2459932 -0.5401814 2.463714 0.02252801 -0.8851784 2.329474 0.1959923 -0.8644783 2.511623 0.03648146 -0.9485534 2.299482 0.267391 -0.9265352 2.527909
0.2378572 0.6233117 2.238923 0.1767642 0.4543909 2.246941 0.1139114 0.3130505 2.124658 0.318602 0.3411965 2.398369 0.09549993 0.1401487 1.980392 0.4470901 0.1366429 2.268712 0.3066674 0.1001984 1.977306 0.5463037 -0.005507812 2.167723 0.3648247 0.1145099 1.948584 0.6042404 -0.03640212 2.157676 0.2010841 0.1004749 2.245282 0.2173122 0.0300302 2.240103 0.1812431 -0.04013995 2.178805 0.2693819 -0.05038228 2.295536 0.09111144 -0.5301321 2.274101 0.2526584 -0.5059371 2.455082 0.02260351 -0.8850462 2.329664 0.1958082 -0.8644189 2.51176 0.03600822 -0.9483186 2.299209 0.260155 -0.9234651 2.529579
0.2379864 0.6233672 2.238618 0.1769324 0.4543327 2.246694 0.1141232 0.3117545 2.124283 0.3190992 0.3390839 2.398304 0.08947775 0.1285283 1.998064 0.4253889 0.1285628 2.256204 0.28228 0.09761317 2.0077 0.5244249 -0.0145337 2.156559 0.3603009 0.1137416 1.966124 0.5821962 -0.04566949 2.146308 0.202209 0.09977878 2.245346 0.2185817 0.02939172 2.240243 0.1827509 -0.04098925 2.178991 0.2706226 -0.05113427 2.295673 0.09139483 -0.5301636 2.274522 0.2434741 -0.5568929 2.470809 0.02266042 -0.8850253 2.329679 0.1966989 -0.8667753 2.511454 0.03634156 -0.9471693 2.297097 0.2584756 -0.9236866 2.528243
0.2395054 0.6227968 2.238429 0.177073 0.4541278 2.246281 0.114191 0.3107615 2.124125 0.3193563 0.3372657 2.398008 0.08666675 0.1219149 2.007293 0.4231574 0.1269455 2.253319 0.3045138 0.09744183 2.028916 0.5315404 -3.688037E-05 2.140685 0.3621647 0.1163975 2.001914 0.5676681 -0.04236433 2.107548 0.2035061 0.09821487 2.245356 0.2200941 0.02771321 2.240366 0.1842858 -0.04223423 2.180025 0.2717594 -0.05185806 2.295173 0.09113683 -0.5302883 2.274131 0.2457446 -0.5472693 2.468184 0.02279045 -0.8848305 2.329533 0.1965849 -0.8663671 2.51145 0.03663396 -0.9465839 2.296283 0.2583011 -0.9236716 2.528329
0.2407559 0.6225312 2.237442 0.1773459 0.4538582 2.245669 0.1139338 0.3098883 2.123958 0.3179082 0.3363344 2.392686 0.08560061 0.1187146 2.014354 0.4196815 0.1262189 2.245894 0.3114125 0.1022103 2.053016 0.5341274 0.002708338 2.13571 0.3663752 0.1198117 2.020132 0.5722761 -0.03846186 2.10339 0.2040719 0.09789792 2.245244 0.2206071 0.02748019 2.240242 0.18503 -0.04279589 2.17976 0.2721882 -0.05202332 2.295151 0.09061557 -0.5308869 2.273707 0.2458997 -0.5444246 2.467852 0.02218912 -0.884473 2.32888 0.1959846 -0.8695726 2.514812 0.03331234 -0.9491511 2.30053 0.2574878 -0.9237922 2.530603
0.2420247 0.6222933 2.237087 0.1775451 0.4535054 2.245234 0.1139441 0.3094671 2.124087 0.3178203 0.3360006 2.392144 0.08354276 0.1176816 2.019387 0.4191783 0.126362 2.244178 0.328332 0.1053895 2.084716 0.5355806 0.004975438 2.133638 0.3665479 0.1205315 2.03254 0.5743814 -0.03548674 2.1012 0.2043415 0.09795003 2.245136 0.2209096 0.02766502 2.240128 0.1851179 -0.04272193 2.179063 0.2731355 -0.05183327 2.295589 0.09038085 -0.5310107 2.27358 0.2459184 -0.5432408 2.467235 0.02230106 -0.8846822 2.328771 0.1956242 -0.8674493 2.513191 0.03614911 -0.9454696 2.293787 0.2580607 -0.9230334 2.530207
0.2433379 0.6223468 2.236686 0.1777083 0.4532407 2.244693 0.1139249 0.3091601 2.124249 0.3176187 0.3364322 2.391891 0.078815 0.1174036 2.022792 0.4183544 0.1266237 2.243699 0.3284268 0.1061624 2.091271 0.5352288 0.005573556 2.133304 0.3759874 0.1255689 2.049158 0.5741869 -0.03477649 2.100914 0.2048541 0.09809247 2.245354 0.2215894 0.02802019 2.24054 0.1853625 -0.04278528 2.178935 0.2751336 -0.05142658 2.298057 0.09124933 -0.5306877 2.275012 0.2458698 -0.5429547 2.467157 0.02294717 -0.8837014 2.327176 0.1954308 -0.8677946 2.513155 0.03187893 -0.9492155 2.299992 0.2577313 -0.9233243 2.528346
0.2457266 0.6218015 2.236018 0.1780944 0.4528772 2.243992 0.1138378 0.3088958 2.124488 0.3173237 0.3376028 2.391712 0.07436089 0.1183786 2.025158 0.3931837 0.1267676 2.228265 0.3224576 0.106982 2.098112 0.3615961 0.09668586 2.025692 0.3886319 0.1120005 2.100918 0.2963556 0.1068201 2.032978 0.2054048 0.09814318 2.245554 0.2222125 0.02820344 2.240897 0.1862427 -0.043268 2.179134 0.2756321 -0.05135476 2.298726 0.09059861 -0.5310677 2.27486 0.2457315 -0.5425817 2.467196 0.02314835 -0.8841584 2.327628 0.1954176 -0.8676708 2.513343 0.03310355 -0.9479437 2.296917 0.2582494 -0.9226226 2.524717
0.246788 0.6217811 2.235755 0.1784033 0.4524725 2.243729 0.1141692 0.3084445 2.125031 0.3172284 0.337139 2.391338 0.06599228 0.1236008 2.025596 0.3931817 0.1255083 2.229168 0.312158 0.1078655 2.103278 0.362021 0.09569463 2.026481 0.3783467 0.1085183 2.097733 0.2967804 0.1058288 2.033767 0.2060349 0.09758172 2.245832 0.2228257 0.02768877 2.241251 0.1869988 -0.0441823 2.179227 0.2761392 -0.051985 2.299397 0.09093235 -0.5306235 2.275322 0.2456295 -0.5415075 2.466938 0.02341908 -0.8850515 2.328749 0.1953283 -0.8677773 2.51355 0.03512567 -0.9458044 2.292931 0.25759 -0.9222518 2.524739
0.246945 0.6218025 2.23584 0.178902 0.4519342 2.243443 0.1142659 0.3083445 2.125432 0.3172243 0.3371231 2.391357 0.06403368 0.1243057 2.025755 0.3924217 0.1255022 2.228751 0.309021 0.1100608 2.106808 0.3618789 0.09566228 2.025967 0.3699273 0.1239792 2.084251 0.2966383 0.1057965 2.033252 0.2065429 0.09722775 2.246216 0.223295 0.02739667 2.241733 0.1873741 -0.04453329 2.179774 0.2764438 -0.0520887 2.299807 0.0930107 -0.5304509 2.279364 0.2456325 -0.5408869 2.467283 0.02341515 -0.8847228 2.329182 0.1951469 -0.8670225 2.513351 0.03613638 -0.9433434 2.290289 0.2576505 -0.921937 2.524771
0.2477905 0.6218387 2.235793 0.1789704 0.4518022 2.243332 0.1145348 0.3082275 2.126069 0.3185482 0.3367642 2.39474 0.0631064 0.1247972 2.025987 0.3922904 0.1260025 2.230026 0.3074428 0.1100368 2.10864 0.3621392 0.09564145 2.027261 0.3681418 0.1224484 2.084688 0.2968984 0.1057757 2.034547 0.2071747 0.09729721 2.246832 0.2241265 0.0276176 2.24266 0.1880323 -0.04464846 2.180321 0.2777701 -0.05229248 2.301663 0.09112159 -0.5300122 2.277541 0.2456878 -0.5401105 2.467127 0.02377348 -0.8845636 2.32969 0.1950906 -0.8670516 2.513816 0.03496039 -0.9449779 2.29314 0.2575407 -0.9217996 2.525398
0.2495109 0.6218007 2.236029 0.179153 0.4516584 2.243221 0.1148242 0.3081245 2.126573 0.3127095 0.3391523 2.381652 0.06204065 0.1255024 2.026037 0.3911413 0.124309 2.226068 0.3054412 0.1097864 2.110896 0.3678856 0.09809268 2.021719 0.3694144 0.1146581 2.093695 0.3601337 0.08935389 1.95801 0.2083677 0.09632898 2.249115 0.2254279 0.02639907 2.245648 0.1907868 -0.0469569 2.184158 0.2779927 -0.05293681 2.305527 0.09135481 -0.5303149 2.278053 0.2456945 -0.539458 2.467176 0.02393764 -0.884594 2.329782 0.1949432 -0.8672175 2.513763 0.08538979 -0.9252841 2.28926 0.2577671 -0.9222085 2.525902
0.250028 0.6218773 2.236001 0.179357 0.45164 2.24332 0.1150156 0.3080247 2.126905 0.3131057 0.3388325 2.382878 0.06173823 0.125634 2.02611 0.3907145 0.1244273 2.226076 0.3048736 0.1094542 2.111553 0.370675 0.09900215 2.021255 0.3695196 0.1137402 2.096901 0.3639952 0.09052711 1.95739 0.2087593 0.09639887 2.249536 0.2257853 0.02651147 2.246041 0.1911023 -0.04711104 2.18415 0.2783369 -0.05310201 2.306344 0.09127362 -0.5303094 2.278005 0.2457003 -0.5390803 2.46727 0.02390245 -0.8848881 2.329898 0.1948497 -0.8671529 2.514341 0.03415207 -0.9513698 2.305689 0.2655565 -0.9240338 2.547814
0.2507624 0.6215362 2.236263 0.1795499 0.4515305 2.243098 0.1151371 0.3078971 2.127181 0.3132331 0.3386188 2.383041 0.06173716 0.1255793 2.026255 0.3904364 0.1237176 2.226811 0.3047083 0.1091608 2.112066 0.3735742 0.0990544 2.021584 0.3693363 0.1117046 2.096936 0.3679535 0.09083334 1.957584 0.2088301 0.0963985 2.249524 0.2258297 0.0265207 2.246027 0.1909507 -0.04704395 2.183913 0.2785799 -0.05297469 2.306408 0.09215789 -0.5301832 2.27939 0.245695 -0.5389932 2.467267 0.02446354 -0.8848932 2.330387 0.1946742 -0.8685045 2.51704 0.03772552 -0.947978 2.299479 0.2676579 -0.9246456 2.54665
0.2525655 0.6212406 2.237404 0.1798969 0.4513674 2.242968 0.1152433 0.3077545 2.127356 0.3141546 0.3367952 2.385461 0.06178511 0.1256239 2.026382 0.3905026 0.1230178 2.226897 0.3046696 0.1090577 2.112385 0.3743317 0.1018006 2.021199 0.3691556 0.1116678 2.096671 0.3689413 0.09472822 1.957041 0.2095144 0.096837 2.249874 0.2266125 0.02720362 2.246491 0.1911634 -0.0468438 2.183776 0.2802826 -0.05230057 2.308059 0.09214164 -0.5301216 2.279311 0.2457189 -0.5388379 2.467238 0.02431592 -0.8853274 2.330041 0.1960352 -0.8655947 2.514117 0.03680452 -0.9491227 2.30029 0.2608983 -0.9202729 2.533853
0.2537644 0.6211195 2.237742 0.1802525 0.4514149 2.243077 0.1153285 0.3077022 2.127447 0.3113377 0.3415577 2.380179 0.06238001 0.125393 2.026591 0.3895228 0.1245448 2.228097 0.3052616 0.1089904 2.112631 0.3754171 0.1013379 2.022465 0.3693514 0.1116243 2.095376 0.3707153 0.09360228 1.958329 0.2099733 0.09691965 2.250065 0.2269886 0.02729498 2.246585 0.1920608 -0.04690999 2.183503 0.2803151 -0.05228537 2.30812 0.09112696 -0.5298002 2.277662 0.2457163 -0.5386297 2.46713 0.02403614 -0.8844599 2.329678 0.1958998 -0.8656561 2.514152 0.03570604 -0.9501016 2.303872 0.2629433 -0.9229824 2.528825
0.2542154 0.6211717 2.238255 0.1809379 0.4513257 2.243027 0.1153919 0.3075982 2.127503 0.3107915 0.3430105 2.377866 0.06319214 0.125066 2.026668 0.3891216 0.1250509 2.227516 0.3060924 0.1087363 2.112677 0.3751314 0.1031854 2.021717 0.3698838 0.1113804 2.094352 0.370468 0.09589687 1.957526 0.2106045 0.09666426 2.25035 0.2275271 0.02701925 2.246831 0.1928812 -0.04724257 2.18381 0.280376 -0.05234256 2.308166 0.09177418 -0.5297701 2.27845 0.2457128 -0.5386502 2.467118 0.02394264 -0.8844048 2.329413 0.1961031 -0.8652518 2.513839 0.03582661 -0.9499086 2.303355 0.2626385 -0.9230353 2.528591
0.254593 0.6210976 2.238489 0.1815819 0.4512847 2.242839 0.1154508 0.3075335 2.127539 0.3145524 0.3377218 2.383148 0.06511098 0.1243466 2.02611 0.3914632 0.1216352 2.228709 0.3082907 0.1073639 2.111326 0.3752067 0.1068322 2.022416 0.3725478 0.1111813 2.094937 0.3697879 0.1018979 1.95806 0.2107842 0.09674733 2.250355 0.2276619 0.02710159 2.246858 0.1926873 -0.04674691 2.183432 0.2809125 -0.05277002 2.308574 0.09226355 -0.5296631 2.278955 0.2457863 -0.5383042 2.467191 0.02388388 -0.8843557 2.329542 0.1958135 -0.8651056 2.513803 0.03604678 -0.9492856 2.302207 0.2613048 -0.9223981 2.529253
0.2552724 0.6214385 2.239613 0.1819118 0.4512636 2.242909 0.1156491 0.3075905 2.127645 0.3193434 0.332973 2.393575 0.07227103 0.1233457 2.024779 0.3911507 0.1208669 2.22988 0.317566 0.1041634 2.104173 0.3743654 0.1072401 2.023544 0.383013 0.1108194 2.094979 0.3687703 0.1026978 1.959174 0.2110705 0.09701544 2.250834 0.227988 0.0274593 2.247515 0.1931513 -0.04665442 2.184216 0.2809454 -0.05290021 2.30897 0.09201004 -0.5299006 2.278225 0.2458843 -0.5383312 2.467235 0.02366237 -0.884374 2.329124 0.1961763 -0.8647156 2.513111 0.035947 -0.9483039 2.299575 0.2610719 -0.9221107 2.529416
0.2553267 0.6215577 2.239634 0.1821145 0.4513131 2.242952 0.1157196 0.3076232 2.127611 0.3203478 0.3320765 2.396033 0.07539093 0.1233207 2.021206 0.3914033 0.1199879 2.231918 0.325241 0.09656533 2.058944 0.3765298 0.1032864 2.025666 0.3866892 0.1062629 2.035659 0.371572 0.09771927 1.961324 0.211232 0.09675479 2.251034 0.2281462 0.02710842 2.247759 0.1932267 -0.04652312 2.184683 0.2810037 -0.05399068 2.308948 0.09154864 -0.5300596 2.277622 0.2461569 -0.5384579 2.467454 0.02334569 -0.8846138 2.329545 0.1959444 -0.8648758 2.51383 0.03723148 -0.9468924 2.297301 0.2629165 -0.9228477 2.527277
0.2558054 0.621508 2.240329 0.1823135 0.4512916 2.243005 0.1160978 0.3079226 2.127597 0.321813 0.3307303 2.399899 0.07938482 0.128635 2.009444 0.3921339 0.1193851 2.234275 0.323878 0.09458786 2.044644 0.3777744 0.1018854 2.028054 0.3834452 0.1067138 2.017871 0.372988 0.09605216 1.963722 0.2112106 0.09675621 2.251017 0.2281438 0.02711169 2.247774 0.1931161 -0.04605202 2.185321 0.280801 -0.05397019 2.308511 0.09170955 -0.529775 2.277579 0.2459477 -0.5393974 2.467827 0.02377694 -0.8832942 2.32783 0.1957994 -0.8661928 2.513245 0.03708553 -0.9468514 2.297921 0.2628046 -0.9249846 2.521927
0.2559017 0.6215966 2.240889 0.1824754 0.4512025 2.243124 0.1167539 0.3081586 2.127617 0.3218675 0.3325443 2.401367 0.08894288 0.1350585 1.995916 0.4292105 0.1138245 2.276628 0.3189656 0.09705314 1.999344 0.4208743 0.1149316 2.069264 0.3896183 0.1115829 1.970532 0.4180956 0.1153007 2.004552 0.2111606 0.09660617 2.251817 0.2280187 0.02694169 2.248768 0.1931188 -0.04578109 2.188284 0.2803555 -0.05386688 2.308749 0.09137788 -0.5295382 2.277234 0.245985 -0.5395736 2.46786 0.02359603 -0.8843277 2.329161 0.196011 -0.8656245 2.512966 0.03762769 -0.9463124 2.296417 0.2614533 -0.9242292 2.521291
0.2556298 0.6217864 2.24114 0.182689 0.451197 2.243549 0.1174157 0.3088135 2.128184 0.3234113 0.3338521 2.405172 0.1333435 0.1405862 1.974722 0.4334333 0.1068151 2.305265 0.3310736 0.1033529 1.95696 0.4487233 0.1329448 2.100092 0.3985764 0.1152712 1.921759 0.4538199 0.1416547 2.036109 0.2110769 0.09711311 2.252317 0.2278696 0.02760641 2.249301 0.192815 -0.04512008 2.188562 0.280227 -0.05370155 2.309041 0.09298255 -0.5286795 2.2794 0.2461439 -0.539469 2.468087 0.02360162 -0.8843735 2.329259 0.1959495 -0.865442 2.513093 0.03583062 -0.9485108 2.300137 0.2618434 -0.9234181 2.524203
0.2563025 0.6216684 2.242406 0.182812 0.4513923 2.244041 0.1181581 0.3100114 2.129687 0.3236386 0.33358 2.405208 0.1141381 0.1624725 1.965262 0.4524794 0.1148139 2.310978 0.3357662 0.1065843 1.910879 0.4637102 0.1344127 2.104749 0.4000656 0.1192027 1.879231 0.4674539 0.1409457 2.040414 0.2110323 0.09709199 2.25264 0.2277902 0.0275547 2.249555 0.1924236 -0.0449172 2.189007 0.2802062 -0.05368922 2.309062 0.09166633 -0.5253413 2.277375 0.2501636 -0.5075227 2.460716 0.02377711 -0.8841477 2.329305 0.1955704 -0.8647725 2.512466 0.03515777 -0.9496612 2.303042 0.2604483 -0.9219775 2.52581
0.2566338 0.6223098 2.243406 0.1826675 0.4517021 2.244452 0.1175271 0.3115144 2.13055 0.324062 0.3335947 2.405587 0.1162587 0.1686768 1.957013 0.4726307 0.1226622 2.329084 0.3390293 0.1156648 1.867112 0.4991123 0.1424312 2.124367 0.4048539 0.1336726 1.827816 0.5079395 0.1490209 2.060537 0.2107832 0.09747298 2.253148 0.2274929 0.02793355 2.250002 0.1912827 -0.04428605 2.189532 0.2802422 -0.05338776 2.30932 0.09079047 -0.5256683 2.277001 0.2464311 -0.5286813 2.466075 0.02380033 -0.8844582 2.329818 0.1952997 -0.8644002 2.512462 0.03547116 -0.949513 2.30256 0.2594733 -0.9207613 2.52547
0.2566114 0.6227611 2.244502 0.1827922 0.4521327 2.244985 0.1167274 0.3140967 2.132818 0.3252652 0.3321846 2.406372 0.1639621 0.164917 1.917393 0.47486 0.1194442 2.341895 0.3421951 0.1208007 1.840541 0.635976 0.04033811 2.254202 0.4048309 0.1429321 1.79868 0.6896813 0.0139694 2.22938 0.2106366 0.09836587 2.254617 0.2272005 0.02889089 2.25157 0.1904118 -0.04415425 2.190248 0.2807402 -0.05245365 2.311984 0.09620682 -0.5176058 2.282686 0.2452732 -0.5388403 2.468923 0.02427557 -0.8844147 2.330564 0.1956473 -0.8638903 2.512139 0.03503957 -0.9491444 2.302182 0.261663 -0.9215161 2.524088
0.2562719 0.6232098 2.245309 0.1830422 0.4526361 2.245867 0.1150929 0.3168476 2.134116 0.3255009 0.3322953 2.406476 0.1643828 0.1704665 1.914046 0.472713 0.1144779 2.378179 0.3365254 0.1454296 1.799125 0.6258146 0.05203472 2.262862 0.4046128 0.1582274 1.754814 0.6768484 0.03122032 2.228832 0.2105117 0.1013051 2.257467 0.226871 0.03247952 2.254797 0.1896358 -0.04338064 2.191233 0.2814738 -0.04922836 2.317283 0.0950911 -0.5197347 2.282877 0.2438873 -0.5442396 2.469872 0.02466934 -0.8845782 2.330743 0.1950892 -0.8656549 2.513258 0.0348233 -0.9489831 2.301412 0.2609298 -0.9217296 2.52452
0.2567877 0.6236359 2.247083 0.1831588 0.4533746 2.246703 0.1107835 0.3192378 2.135551 0.32562 0.3324206 2.406164 0.1689534 0.1837836 1.905643 0.4731068 0.1147757 2.379678 0.3353739 0.151825 1.783365 0.6368997 0.05947929 2.277703 0.4025381 0.1703218 1.732012 0.6914973 0.04104715 2.24812 0.2083742 0.1087903 2.256942 0.2237465 0.04225777 2.253275 0.1825741 -0.03895836 2.181673 0.2811733 -0.04545331 2.319512 0.09495527 -0.5168681 2.282576 0.2438046 -0.5449364 2.470247 0.02436203 -0.884176 2.330188 0.1950636 -0.8651777 2.51316 0.03490216 -0.949052 2.302056 0.26098 -0.9219176 2.524467
0.255448 0.6210372 2.249372 0.189165 0.3991043 2.252493 0.1075369 0.3190053 2.135793 0.3244229 0.33684 2.40477 0.176122 0.1934564 1.893797 0.4746863 0.1213497 2.389173 0.3307591 0.1646889 1.765767 0.6402702 0.06553899 2.290919 0.4017086 0.1897329 1.703534 0.6954648 0.0469354 2.262576 0.2095707 0.1050347 2.267126 0.2248691 0.04211624 2.265965 0.1891536 -0.04615517 2.208677 0.2797943 -0.04323244 2.333462 0.09443035 -0.5176396 2.282732 0.2436117 -0.5462415 2.470265 0.02407083 -0.8834047 2.328867 0.1946308 -0.86552 2.513873 0.03532586 -0.9477566 2.299822 0.2609628 -0.9220459 2.523901
0.2561591 0.6208395 2.250512 0.1890687 0.3988886 2.252252 0.1044641 0.3193488 2.137801 0.3236362 0.3411046 2.401724 0.1611891 0.1871635 1.891765 0.4747715 0.1266206 2.392434 0.3279948 0.1777036 1.753286 0.6417841 0.06919773 2.298138 0.3968311 0.194621 1.697278 0.6974549 0.05005676 2.271115 0.2094051 0.1044719 2.268751 0.2244843 0.04241453 2.267668 0.1890075 -0.04625851 2.209051 0.2788641 -0.04291145 2.335618 0.09402193 -0.5191566 2.283028 0.2435163 -0.5475196 2.470642 0.02419254 -0.883249 2.328626 0.1950216 -0.8676668 2.515039 0.03479808 -0.9496169 2.304248 0.261527 -0.9225788 2.526394
0.256318 0.6208878 2.250898 0.1891489 0.3988753 2.25218 0.09935482 0.3195763 2.137538 0.3212463 0.3485105 2.39869 0.1583371 0.193233 1.888682 0.4702232 0.133038 2.39512 0.3256749 0.1847919 1.748027 0.6391778 0.07296655 2.304545 0.3941256 0.2037193 1.68842 0.695496 0.05294273 2.278762 0.2099869 0.1076548 2.271892 0.2250022 0.04925354 2.272274 0.1893346 -0.04585199 2.209083 0.2791391 -0.03913976 2.345675 0.09389627 -0.5201707 2.283244 0.2440116 -0.5495752 2.471582 0.02435962 -0.8843324 2.329679 0.1942304 -0.8695061 2.516622 0.0352563 -0.9488053 2.300766 0.2610619 -0.9226477 2.5264
0.2567336 0.6208785 2.251836 0.1892064 0.3987999 2.252157 0.09915754 0.3196486 2.137374 0.3204406 0.3504786 2.397959 0.1573434 0.1954141 1.887125 0.4689748 0.1350272 2.39735 0.3224913 0.1921314 1.745889 0.6411339 0.07397205 2.306327 0.3919363 0.2081302 1.685721 0.6985202 0.05362033 2.280395 0.2095173 0.1097175 2.272783 0.2241286 0.05273421 2.273057 0.1892956 -0.04481982 2.207591 0.277676 -0.03810266 2.347971 0.09251163 -0.5213162 2.282034 0.2440791 -0.549579 2.471572 0.02490905 -0.884584 2.330376 0.1952722 -0.867354 2.513937 0.03570152 -0.9476652 2.298504 0.2606168 -0.9226587 2.52502
0.2570084 0.620899 2.25248 0.1892377 0.3987806 2.252164 0.09919196 0.3195978 2.136971 0.3198828 0.3519637 2.397607 0.1565574 0.198383 1.884866 0.4669198 0.1357101 2.398842 0.3213387 0.1964307 1.744779 0.6415915 0.07473107 2.306905 0.3897592 0.2133208 1.682608 0.6998154 0.05440474 2.280667 0.2095937 0.1115109 2.273815 0.2241862 0.0551824 2.274009 0.1899064 -0.04420299 2.20684 0.2772481 -0.0369977 2.350526 0.09260304 -0.5213842 2.282083 0.2441847 -0.5498157 2.471724 0.02502336 -0.8845754 2.330364 0.1946058 -0.8666975 2.513546 0.03557935 -0.9476162 2.298333 0.260336 -0.9226016 2.524751
0.2571206 0.6209286 2.252498 0.1893173 0.39881 2.252132 0.0991096 0.3197049 2.136316 0.3195728 0.3533808 2.397153 0.1689798 0.2191875 1.88684 0.4648908 0.1361416 2.399749 0.32045 0.1986839 1.744615 0.6415209 0.07521169 2.306858 0.389088 0.2168272 1.681368 0.7132516 0.06439337 2.308279 0.2099024 0.1126054 2.274484 0.224523 0.05649804 2.274608 0.1904989 -0.04383349 2.206568 0.2774231 -0.03607718 2.351865 0.09213664 -0.5210043 2.280925 0.2442136 -0.5498965 2.471626 0.0249976 -0.8845692 2.330339 0.1944728 -0.8666694 2.514037 0.04263956 -0.9441844 2.295035 0.2602408 -0.9217433 2.52567
0.2577273 0.6213076 2.253445 0.1895908 0.3991205 2.252101 0.09924287 0.3199443 2.136298 0.3195236 0.355202 2.396812 0.1689645 0.2209707 1.887899 0.4630828 0.1368704 2.399976 0.3199387 0.1999095 1.745051 0.6415119 0.075592 2.30603 0.3891657 0.2191152 1.681666 0.7134228 0.06405056 2.307956 0.2103437 0.1134409 2.274886 0.2249617 0.05734771 2.274887 0.1913266 -0.04331625 2.206115 0.277711 -0.03553438 2.352459 0.09129837 -0.5201281 2.278825 0.2508701 -0.5004814 2.457648 0.02423298 -0.8822815 2.329506 0.1946323 -0.8664465 2.514019 0.03966931 -0.947277 2.304032 0.2606396 -0.9216134 2.526347
0.2580163 0.622105 2.254085 0.1900613 0.3997189 2.251898 0.09935165 0.3203068 2.135801 0.3196817 0.3570145 2.396277 0.132281 0.2372127 1.926404 0.4619254 0.1379162 2.400132 0.3196469 0.2001484 1.746308 0.6411188 0.07567927 2.303127 0.3903257 0.2200979 1.682645 0.7128785 0.06220742 2.305055 0.2106319 0.1138504 2.274939 0.2252169 0.05768503 2.274858 0.1917711 -0.04306525 2.205631 0.2778922 -0.03529624 2.352527 0.09066924 -0.5212688 2.277112 0.2468945 -0.5394893 2.468452 0.02439282 -0.8825316 2.329827 0.1947022 -0.8644994 2.511991 0.04041003 -0.9423181 2.294041 0.2601389 -0.921165 2.52652
0.259427 0.6222789 2.256026 0.1902623 0.3999342 2.2518 0.1013399 0.3221645 2.136054 0.3196725 0.3577889 2.396017 0.1649345 0.21545 1.892892 0.4593473 0.1372187 2.401146 0.3202569 0.199038 1.750461 0.6365291 0.07611483 2.299859 0.3941023 0.2213621 1.689089 0.7099574 0.06041306 2.301785 0.2108302 0.1139602 2.275054 0.2254385 0.05775586 2.274963 0.1924683 -0.04293979 2.205481 0.2779756 -0.03520788 2.352707 0.09205405 -0.5215269 2.278651 0.24642 -0.5446355 2.469419 0.02448574 -0.8824909 2.329772 0.1948397 -0.864271 2.511786 0.04538417 -0.9370003 2.288498 0.2631204 -0.9231378 2.546303
0.2599562 0.6223937 2.256171 0.1905057 0.4000897 2.251644 0.1036527 0.323272 2.135539 0.319736 0.358292 2.395744 0.1646182 0.2147335 1.892852 0.4543571 0.134875 2.402788 0.3230011 0.1938181 1.762015 0.6244994 0.07658733 2.291325 0.3992189 0.2181303 1.704801 0.6995033 0.05743894 2.28858 0.2109918 0.1137931 2.274929 0.2256957 0.05746132 2.27479 0.193074 -0.04304689 2.204997 0.2779938 -0.03532893 2.352534 0.09306377 -0.5212184 2.279839 0.2462914 -0.5445784 2.469356 0.02454879 -0.8824738 2.329669 0.1947293 -0.8648627 2.511271 0.04204644 -0.941951 2.294061 0.2646161 -0.9248953 2.534402
0.2633477 0.6249459 2.256466 0.1889568 0.4552898 2.251394 0.1093157 0.3243534 2.135569 0.3159538 0.4159113 2.394982 0.1233418 0.2167386 1.922209 0.4238135 0.1784903 2.402569 0.3273769 0.1863087 1.77571 0.6147022 0.0769095 2.283434 0.4056031 0.2088116 1.731846 0.6816742 0.05715684 2.274191 0.2129245 0.119307 2.271681 0.2277441 0.05958433 2.271434 0.1960285 -0.03808056 2.195859 0.2809945 -0.0313896 2.348515 0.09348253 -0.5213846 2.280298 0.2465584 -0.5480019 2.470263 0.0251805 -0.8814958 2.329071 0.1948224 -0.8648099 2.511202 0.04611478 -0.9354491 2.287089 0.2671666 -0.923851 2.536443
0.2637103 0.6255484 2.25703 0.1937493 0.4035259 2.24839 0.1126598 0.3249183 2.134893 0.3284732 0.333985 2.406795 0.1223016 0.2152455 1.922061 0.4428128 0.1287352 2.410921 0.333885 0.1774134 1.793643 0.5984479 0.07824644 2.274292 0.4117238 0.1995366 1.756219 0.6717378 0.05706768 2.2677 0.2127535 0.1098664 2.267742 0.2275489 0.04940537 2.266298 0.1957098 -0.03945085 2.195276 0.2783793 -0.04353279 2.336739 0.09289524 -0.5215769 2.279598 0.2466704 -0.5453837 2.469155 0.02475107 -0.8815653 2.328556 0.19491 -0.8647651 2.511416 0.0460145 -0.9360788 2.287474 0.26446 -0.9234728 2.54417
0.2652969 0.6245162 2.258008 0.1953727 0.4516872 2.253762 0.1150095 0.3250245 2.134102 0.3287626 0.3329639 2.40685 0.1392025 0.1919989 1.910137 0.4386853 0.1247552 2.410548 0.3384792 0.1677015 1.817766 0.5790188 0.07799252 2.257953 0.4158848 0.1897663 1.785949 0.6340083 0.0590384 2.250588 0.2135498 0.110532 2.264524 0.2286743 0.04819672 2.261053 0.1922244 -0.03713218 2.182689 0.281597 -0.04418264 2.332168 0.09266105 -0.5220377 2.279462 0.255034 -0.5019 2.45812 0.02494184 -0.8822061 2.329091 0.1948749 -0.8646714 2.511416 0.04478931 -0.9400263 2.292016 0.2629339 -0.9219521 2.538348
0.2654716 0.6247004 2.257899 0.1950544 0.4523666 2.252733 0.1179709 0.3246809 2.132291 0.3286242 0.3328963 2.406692 0.1210361 0.1939057 1.919578 0.4300446 0.1152793 2.406718 0.3427185 0.1589296 1.841441 0.5409679 0.08209989 2.237413 0.4200317 0.1833594 1.814795 0.5929768 0.06315367 2.237006 0.2137127 0.1093682 2.262132 0.228995 0.04453056 2.257709 0.1921071 -0.03769695 2.182186 0.2818521 -0.04614226 2.327919 0.09263782 -0.5222011 2.279345 0.2461291 -0.5539483 2.471437 0.02502783 -0.882247 2.329175 0.1945452 -0.8644832 2.511572 0.04121751 -0.9437932 2.296592 0.2531966 -0.9201248 2.523038
0.2658354 0.6247185 2.257647 0.1948855 0.4524233 2.251928 0.1191793 0.3233781 2.130239 0.3285556 0.3328824 2.406618 0.1171709 0.1910933 1.922576 0.4260934 0.1067931 2.393228 0.3433498 0.1481276 1.876319 0.5401962 0.07979044 2.225027 0.4141598 0.1614428 1.862051 0.5845252 0.06116188 2.230503 0.2139544 0.1068437 2.260619 0.2293451 0.03964305 2.256135 0.1928456 -0.04053993 2.183589 0.280987 -0.04954792 2.323736 0.09320668 -0.5226468 2.280035 0.246063 -0.5542786 2.471523 0.02502689 -0.8822618 2.329186 0.1946033 -0.8644198 2.51158 0.04671339 -0.9382116 2.290313 0.253425 -0.9207991 2.522418
0.2660431 0.6246518 2.256681 0.1950808 0.4522464 2.251562 0.1224536 0.3222316 2.127357 0.3286141 0.3326314 2.407029 0.1092703 0.1893687 1.931463 0.3903311 0.09800561 2.455804 0.3420467 0.1416361 1.903624 0.5097588 0.07966328 2.236905 0.4115605 0.155584 1.884259 0.5706663 0.05813912 2.219944 0.2140662 0.1052828 2.258911 0.2293846 0.03748678 2.25445 0.1926118 -0.04083144 2.183363 0.2809695 -0.05045829 2.320867 0.09380969 -0.5238555 2.281172 0.2457307 -0.5550351 2.471575 0.02526879 -0.8824111 2.329523 0.1945257 -0.8658077 2.511927 0.04494953 -0.9410403 2.293648 0.2528902 -0.9213436 2.522453
0.267078 0.6246678 2.256202 0.1949061 0.452207 2.250145 0.1230141 0.3220284 2.126649 0.3286001 0.3325606 2.407508 0.1056246 0.1854281 1.938282 0.3900079 0.0971897 2.455953 0.33468 0.1332373 1.935324 0.4985027 0.07671645 2.224757 0.4083035 0.1457326 1.919843 0.5431594 0.06183291 2.208639 0.2137414 0.1042656 2.25699 0.2289761 0.03615367 2.252694 0.1920758 -0.0408878 2.182902 0.2805552 -0.0513155 2.317904 0.09363828 -0.5241342 2.281221 0.2455935 -0.5546104 2.471468 0.02529853 -0.8825152 2.329541 0.1943638 -0.8656136 2.511934 0.04385929 -0.9416205 2.293849 0.253276 -0.9210223 2.523471
0.2676412 0.6238251 2.256049 0.1947225 0.4521441 2.249249 0.1239989 0.3198026 2.125153 0.3283467 0.3328554 2.407372 0.09723768 0.179043 1.950191 0.3900327 0.09528504 2.457955 0.3314413 0.1263132 1.964066 0.4886745 0.06622906 2.20275 0.4039708 0.1375699 1.946037 0.5135551 0.05792958 2.18937 0.2135058 0.1031076 2.255682 0.2287043 0.03461229 2.251465 0.1918238 -0.04128416 2.182635 0.2800784 -0.05222059 2.316062 0.09321496 -0.5236938 2.279866 0.2453001 -0.5516536 2.470228 0.02535695 -0.8825353 2.329536 0.1952364 -0.8640537 2.510381 0.04008337 -0.9466876 2.301619 0.2655078 -0.9214745 2.543872
0.268223 0.623802 2.255759 0.1944698 0.4522701 2.248377 0.1249064 0.318332 2.124566 0.3285745 0.3325986 2.408157 0.09251371 0.173482 1.961268 0.3892298 0.09640637 2.458658 0.3286418 0.1219818 1.991813 0.4793459 0.06325512 2.20067 0.400519 0.1292674 1.96971 0.5406473 0.04729948 2.18068 0.2133875 0.1020371 2.254782 0.2286017 0.03311554 2.250656 0.1916589 -0.04175365 2.182685 0.2798751 -0.05309782 2.314479 0.09342881 -0.5240983 2.28037 0.2452686 -0.551692 2.470207 0.02524075 -0.8831927 2.330804 0.1949919 -0.8640584 2.510271 0.03654332 -0.9487082 2.304504 0.2650596 -0.9208453 2.545236
0.2691763 0.624343 2.256115 0.1944553 0.4523383 2.247756 0.1254808 0.3165521 2.124225 0.3284901 0.3334072 2.408613 0.08324493 0.1625959 1.970608 0.3885714 0.09583987 2.458169 0.3280732 0.1154231 2.014677 0.4601215 0.06197372 2.19422 0.3935869 0.1247597 2.008948 0.5210962 0.04603562 2.173241 0.2134717 0.1019665 2.254565 0.2286901 0.03303339 2.250554 0.1917799 -0.04189276 2.182755 0.2799081 -0.05306185 2.314253 0.09365449 -0.5239051 2.28047 0.2455553 -0.5482354 2.469257 0.02516648 -0.8832418 2.330473 0.1951745 -0.8642427 2.510859 0.03510382 -0.9478321 2.301471 0.2676837 -0.9261733 2.527104
0.2694059 0.6244908 2.255894 0.1944587 0.4522316 2.247576 0.1255598 0.3154868 2.124243 0.3280628 0.3285837 2.407118 0.07603439 0.1552726 1.978894 0.3878444 0.09348997 2.458195 0.3195902 0.1139518 2.055679 0.4577036 0.05987813 2.193735 0.3859402 0.1155358 2.058368 0.5190017 0.04459023 2.173219 0.2137672 0.100927 2.254261 0.2290519 0.03169216 2.250319 0.1920219 -0.04276013 2.182931 0.2801435 -0.05391578 2.313778 0.095217 -0.5248577 2.282643 0.2451822 -0.5495309 2.469239 0.02514727 -0.8830635 2.330506 0.1947815 -0.8669498 2.513151 0.03888408 -0.9439074 2.295561 0.2631362 -0.9251963 2.523318
0.2696429 0.6248668 2.255207 0.1943546 0.4520921 2.246893 0.1254601 0.3147576 2.124233 0.3270695 0.3260205 2.405046 0.07726811 0.1492157 1.988303 0.3875761 0.0927693 2.458214 0.3217508 0.1130618 2.064798 0.4566503 0.05930545 2.193517 0.3881002 0.1141275 2.067747 0.5180596 0.04418867 2.173208 0.2139878 0.09924914 2.254421 0.2293571 0.02934459 2.250879 0.192661 -0.04491198 2.184758 0.2800463 -0.05524512 2.31388 0.0947541 -0.5253716 2.281761 0.2449695 -0.5459044 2.467003 0.02518328 -0.8828819 2.330791 0.1948119 -0.8667802 2.513401 0.03886141 -0.9433665 2.295205 0.2597364 -0.9242235 2.528197
0.2703229 0.6243089 2.254954 0.1941866 0.4520561 2.246514 0.1253072 0.3140482 2.124362 0.3266427 0.3257055 2.404392 0.07990485 0.1434003 1.998238 0.3873561 0.09219758 2.459601 0.3226042 0.1119289 2.081113 0.4557074 0.05903009 2.194668 0.3890026 0.1127581 2.079481 0.5172232 0.04398023 2.174633 0.2142909 0.09778605 2.254055 0.2297881 0.02748521 2.250574 0.1928565 -0.04533833 2.184807 0.2804866 -0.05702838 2.313323 0.09487582 -0.5258704 2.281759 0.2452346 -0.5447061 2.466938 0.02507533 -0.8833932 2.331089 0.1948523 -0.8658625 2.512543 0.03881488 -0.9426858 2.293571 0.2566187 -0.9230512 2.523873
0.2701821 0.6243911 2.254647 0.1940673 0.4520102 2.24597 0.1252307 0.3139734 2.124682 0.3257315 0.3268165 2.403248 0.07919053 0.1413905 2.002262 0.3872562 0.09161709 2.460042 0.3203286 0.1125951 2.089793 0.4552388 0.058647 2.194983 0.3865176 0.1094565 2.085182 0.5167968 0.04364734 2.17504 0.2144207 0.09782652 2.253949 0.229945 0.02757571 2.2505 0.1932803 -0.0454917 2.184309 0.2807316 -0.05719383 2.313582 0.09580389 -0.5261875 2.282683 0.2453003 -0.5439333 2.466381 0.02507976 -0.8834248 2.331048 0.1953495 -0.8657134 2.513182 0.03901936 -0.9437493 2.29529 0.2601131 -0.9237433 2.523772
0.2702774 0.6244468 2.254619 0.1941091 0.4519387 2.246026 0.1250687 0.313261 2.125019 0.3258063 0.3268653 2.403413 0.07774734 0.1402304 2.006523 0.3871188 0.09113602 2.460963 0.3170766 0.1132436 2.098758 0.3823707 0.06599625 2.186062 0.3828872 0.1076303 2.091717 0.3883481 0.1146065 2.085147 0.2142189 0.09891278 2.253308 0.2295271 0.02947296 2.24946 0.1918504 -0.04407882 2.180819 0.2807496 -0.05683848 2.313539 0.09608166 -0.5262333 2.282775 0.2453317 -0.544616 2.466572 0.02484087 -0.882758 2.330479 0.1954431 -0.8647717 2.511986 0.04318997 -0.9386626 2.289859 0.2600012 -0.9232806 2.524391
0.2703863 0.6245452 2.254601 0.1938585 0.4519612 2.245846 0.1248128 0.3127217 2.12543 0.3258541 0.3260262 2.403279 0.07418068 0.1395009 2.010135 0.3867905 0.08906724 2.461352 0.3135388 0.1130703 2.102445 0.3822448 0.06484993 2.18636 0.3798165 0.1104048 2.098942 0.3882226 0.1134504 2.084575 0.214208 0.09884858 2.253245 0.2295259 0.02939956 2.24941 0.1919596 -0.04453378 2.180868 0.280752 -0.05690895 2.313464 0.0948318 -0.526562 2.281203 0.2454031 -0.5441303 2.466316 0.02495246 -0.8831778 2.331122 0.1954168 -0.8647491 2.511962 0.0414419 -0.9400799 2.291094 0.2595328 -0.9231358 2.523124
0.2703985 0.6245881 2.254566 0.1929179 0.4520672 2.245582 0.1244752 0.3120956 2.125851 0.3257824 0.3260009 2.403214 0.0720735 0.1392032 2.012782 0.3866643 0.08799721 2.462075 0.3112879 0.1123924 2.105322 0.3822306 0.06441408 2.187023 0.3775039 0.1093615 2.101037 0.3882062 0.1130057 2.084575 0.2141572 0.09868523 2.25306 0.2295424 0.0292054 2.249218 0.1920551 -0.04466248 2.180927 0.2808479 -0.05689069 2.312843 0.09307788 -0.5279314 2.279107 0.2451333 -0.5431752 2.465851 0.02492211 -0.8831223 2.331019 0.1958086 -0.866431 2.511534 0.02918785 -0.9507519 2.308213 0.2595902 -0.9234901 2.523906
0.2705172 0.6240433 2.25463 0.1921074 0.4521967 2.245225 0.1240361 0.3111514 2.126467 0.3255664 0.3272301 2.403385 0.07065564 0.1381968 2.01386 0.3862677 0.08814807 2.462365 0.309424 0.1114338 2.107415 0.3819224 0.06468718 2.187301 0.375636 0.1090318 2.102693 0.3878992 0.1132568 2.084495 0.2141637 0.09869441 2.253077 0.2295693 0.02923522 2.249248 0.1923463 -0.04482344 2.181238 0.2809247 -0.05678969 2.312897 0.09208012 -0.5283252 2.278398 0.2450957 -0.5430413 2.465856 0.02470202 -0.8829006 2.330753 0.194021 -0.8676882 2.515698 0.03457763 -0.9482371 2.303445 0.2548949 -0.9243107 2.518006
0.2705357 0.6240306 2.254684 0.1917044 0.4522177 2.245001 0.1237003 0.3108782 2.126765 0.3254633 0.3281752 2.403493 0.06934977 0.1380326 2.015409 0.3860002 0.08829011 2.462576 0.3082121 0.1116833 2.108857 0.3875009 0.07308386 2.186871 0.3742504 0.1089354 2.102262 0.394029 0.1216827 2.072662 0.2141736 0.09869268 2.253093 0.2296128 0.0292429 2.249304 0.1926196 -0.04526737 2.181563 0.2810796 -0.05668946 2.31306 0.09366511 -0.5283415 2.280442 0.2449491 -0.542627 2.465747 0.02417317 -0.8830546 2.33045 0.1938482 -0.8672425 2.515289 0.03584736 -0.9462634 2.299137 0.2550824 -0.9236983 2.519063
0.2700274 0.6246523 2.255343 0.1911902 0.4523409 2.245058 0.1234333 0.3104564 2.127128 0.3275814 0.3446828 2.419991 0.06800828 0.1372015 2.016131 0.386175 0.1027338 2.478624 0.3067514 0.1110346 2.10989 0.3885655 0.07605983 2.203841 0.3728791 0.1080705 2.104375 0.3883363 0.1169507 2.09726 0.214506 0.1004631 2.25391 0.230567 0.03178633 2.250818 0.1931623 -0.0441403 2.182662 0.2839898 -0.05275939 2.316024 0.09226772 -0.5279701 2.277732 0.2448495 -0.5423179 2.465706 0.02403166 -0.883768 2.330334 0.1953598 -0.8649502 2.513227 0.03633645 -0.9465479 2.298405 0.2557855 -0.9232169 2.521991
0.2697848 0.624707 2.255237 0.1904287 0.4525136 2.245015 0.1231934 0.3101478 2.12747 0.3274476 0.3463339 2.421401 0.06722543 0.1366402 2.017044 0.3842756 0.1024028 2.475421 0.3058916 0.1105585 2.110996 0.3886325 0.0827942 2.200039 0.3720876 0.1072393 2.106622 0.3854463 0.1238439 2.097706 0.2143649 0.1008118 2.254038 0.2305042 0.03214991 2.250996 0.1932939 -0.04394729 2.183088 0.2839076 -0.0525537 2.31606 0.0936413 -0.528125 2.279533 0.2448575 -0.5420867 2.465755 0.02410719 -0.8838496 2.330388 0.1955412 -0.864399 2.5126 0.03624289 -0.9467055 2.298543 0.2570343 -0.9229312 2.523712
0.2695029 0.6248853 2.25527 0.1902136 0.452544 2.244898 0.1231111 0.3099156 2.127857 0.3244275 0.3380674 2.406642 0.06563643 0.1369224 2.017997 0.374693 0.08663663 2.438861 0.3042421 0.109859 2.11184 0.393977 0.0710643 2.163882 0.3705408 0.1073152 2.108674 0.387503 0.1171176 2.116456 0.2143177 0.1006796 2.253877 0.2303451 0.03191321 2.250611 0.1929456 -0.04395343 2.182727 0.2838407 -0.05254326 2.315572 0.09271969 -0.5284476 2.278025 0.2448839 -0.5418029 2.465903 0.02419931 -0.8838775 2.330447 0.1954718 -0.8638443 2.513144 0.03579042 -0.9472654 2.299465 0.2621413 -0.9221373 2.538124
0.2692111 0.6244481 2.25527 0.1900752 0.452516 2.244829 0.1229584 0.3096907 2.128175 0.3215689 0.3338845 2.396549 0.06442136 0.1370017 2.018429 0.3734626 0.08425915 2.4348 0.3031415 0.1097495 2.11197 0.3946439 0.06756271 2.160037 0.3691749 0.1026317 2.111009 0.3873603 0.1144338 2.113539 0.2141395 0.09918616 2.2535 0.230075 0.02966851 2.249994 0.1929525 -0.04492669 2.183014 0.2829842 -0.05375796 2.313868 0.09243757 -0.5286959 2.277468 0.2450467 -0.540976 2.465833 0.02408397 -0.8838373 2.330246 0.1948861 -0.8637358 2.513606 0.03668441 -0.9459696 2.297184 0.2648797 -0.9242114 2.541915
0.2691907 0.6244749 2.255316 0.1897488 0.4524879 2.244784 0.1229819 0.3095213 2.128415 0.3210407 0.3348075 2.39566 0.06419224 0.1371895 2.018544 0.3729619 0.08526725 2.43422 0.3027222 0.1091005 2.112294 0.3947498 0.06761673 2.159569 0.3686966 0.1014086 2.111874 0.387301 0.114648 2.11326 0.2141258 0.09761868 2.253811 0.2302072 0.02744269 2.250485 0.1933793 -0.04593025 2.184227 0.2827647 -0.05493895 2.313741 0.09182774 -0.5298092 2.277286 0.2452105 -0.5401492 2.465622 0.02405749 -0.8838501 2.330321 0.1949119 -0.8637509 2.513585 0.03757315 -0.9444199 2.294811 0.262977 -0.9223101 2.53699
0.2693061 0.6243638 2.255629 0.1892981 0.4526247 2.2447 0.1228876 0.3094576 2.128538 0.3201491 0.3312754 2.3915 0.06450272 0.1370645 2.018791 0.3753513 0.08877027 2.450823 0.3030419 0.1088164 2.112479 0.401326 0.06745794 2.176827 0.3687932 0.09940685 2.112081 0.3923708 0.1157274 2.132086 0.2132696 0.09682793 2.253429 0.2291569 0.02639329 2.249953 0.192475 -0.04661005 2.184266 0.2810887 -0.05559349 2.312319 0.09402448 -0.530434 2.280606 0.2455778 -0.5397029 2.46574 0.0240771 -0.8845085 2.330153 0.1946 -0.8639559 2.514341 0.04519302 -0.9381577 2.287865 0.2667372 -0.9234751 2.521997
0.268907 0.6247133 2.255758 0.189505 0.4522413 2.245153 0.122888 0.309438 2.128705 0.3212439 0.3282159 2.39058 0.06580712 0.1368543 2.019154 0.3772224 0.08788191 2.455368 0.3045331 0.1077446 2.112191 0.4023146 0.06935601 2.181073 0.3697664 0.09525872 2.11297 0.3931155 0.1174317 2.136173 0.2126939 0.09617058 2.253142 0.2282365 0.02563757 2.24938 0.1912564 -0.04683065 2.183966 0.2793486 -0.05685591 2.310583 0.09383936 -0.5298086 2.280137 0.2455367 -0.5395236 2.465729 0.02436328 -0.8841289 2.330229 0.1949104 -0.8643582 2.513809 0.03910773 -0.9463145 2.298168 0.2643299 -0.9217384 2.549113
0.2684644 0.6251701 2.256035 0.1891036 0.4524744 2.245292 0.1229971 0.3095984 2.129063 0.3211151 0.3301069 2.392438 0.07073638 0.1357293 2.019119 0.3774908 0.08981608 2.457094 0.3117695 0.1040093 2.106025 0.4034409 0.06830247 2.183113 0.3768449 0.09127042 2.109869 0.3940907 0.1163132 2.138175 0.212562 0.09705614 2.253741 0.2282359 0.02690412 2.250254 0.1916224 -0.04654784 2.18431 0.279173 -0.05628003 2.31225 0.09405968 -0.5299729 2.280616 0.245533 -0.5396504 2.46589 0.02414815 -0.8840396 2.330222 0.1953634 -0.8638797 2.513195 0.03639977 -0.9484159 2.301624 0.2680303 -0.9258326 2.52866
0.267942 0.625697 2.256034 0.189001 0.4525476 2.245241 0.1231247 0.3097809 2.129464 0.321293 0.3308833 2.392986 0.07507291 0.134841 2.017162 0.3773955 0.0904229 2.457362 0.3204705 0.09662087 2.090244 0.4398287 0.03911633 2.193938 0.400568 0.08724869 2.113637 0.4301077 0.08706 2.149007 0.2125434 0.09648251 2.254479 0.2282839 0.02602485 2.251381 0.1925728 -0.04684086 2.189958 0.2790468 -0.05627098 2.31227 0.09319056 -0.5298695 2.279515 0.2454809 -0.5396568 2.465876 0.02420922 -0.88406 2.330221 0.195277 -0.8639846 2.513317 0.03575799 -0.9495113 2.303857 0.2660752 -0.9266715 2.529907
0.2641732 0.613943 2.258583 0.1897567 0.3921725 2.24619 0.123184 0.3098605 2.129637 0.3219782 0.3302862 2.394627 0.07537466 0.1379087 2.011059 0.3785276 0.08963591 2.458216 0.3276236 0.09527764 2.05852 0.4535486 0.03853909 2.198229 0.3874296 0.09842336 2.029795 0.4438277 0.08648255 2.153299 0.2123023 0.09394114 2.256774 0.2280145 0.0262799 2.25353 0.1936969 -0.04763373 2.192958 0.2777476 -0.05657638 2.314745 0.09337996 -0.5297284 2.27967 0.2455531 -0.5395941 2.466014 0.02399846 -0.8830628 2.329628 0.1949037 -0.8644487 2.514097 0.03498922 -0.9495745 2.305801 0.2673106 -0.9270331 2.528176
0.2674801 0.6257836 2.256665 0.1853956 0.4555947 2.248087 0.1231878 0.3098999 2.129682 0.3226233 0.3292777 2.395629 0.07886066 0.1414336 1.998621 0.3791755 0.087037 2.454822 0.333203 0.08972658 2.027425 0.4714638 0.03783896 2.200365 0.3999594 0.09706692 2.009132 0.4617429 0.08578212 2.155434 0.2122539 0.09406573 2.257165 0.2280314 0.0260219 2.254105 0.1936207 -0.04754345 2.194206 0.2777556 -0.05653717 2.314769 0.0944723 -0.5292506 2.28107 0.2455059 -0.5396315 2.466151 0.02385327 -0.883571 2.329887 0.1948416 -0.8644146 2.51405 0.045814 -0.9419534 2.294936 0.2663426 -0.9253628 2.537088
0.266859 0.6259336 2.257149 0.1852574 0.4555412 2.248027 0.1228966 0.3100157 2.129656 0.3246232 0.3285581 2.399878 0.08912355 0.1502476 1.988999 0.3807695 0.08488399 2.455161 0.3278203 0.09367097 1.992861 0.4999458 0.04487301 2.215096 0.4084782 0.1033949 1.96928 0.5434932 0.03134682 2.202976 0.2119383 0.09504127 2.257087 0.2278762 0.02661859 2.254048 0.1930991 -0.04657671 2.194083 0.2779391 -0.05580829 2.31432 0.09277806 -0.5284156 2.279041 0.2452822 -0.5413372 2.466978 0.02393861 -0.8834824 2.33007 0.1948075 -0.8642877 2.513994 0.04511553 -0.9421686 2.295145 0.2632006 -0.9236163 2.536518
0.2664942 0.6259028 2.257332 0.1851393 0.4555745 2.248104 0.1225534 0.3103927 2.129759 0.3251636 0.3302976 2.402319 0.1404218 0.1429891 1.970756 0.3816704 0.08564113 2.454336 0.3482594 0.09678817 1.943426 0.5137197 0.04432515 2.221925 0.4134755 0.1075921 1.923129 0.5656824 0.02809411 2.212679 0.2112595 0.09676294 2.257249 0.2273007 0.02805086 2.254149 0.1909179 -0.04388192 2.193624 0.2782133 -0.05395288 2.314256 0.09258932 -0.5279186 2.278873 0.2442983 -0.5458966 2.468646 0.02390357 -0.8833414 2.329744 0.1951751 -0.8637739 2.513596 0.04518235 -0.9409136 2.293069 0.2633178 -0.9230356 2.536339
0.2629181 0.6183553 2.25896 0.1887033 0.3968999 2.249563 0.1217546 0.3114362 2.129994 0.3253665 0.3306307 2.402496 0.1162257 0.1669532 1.960512 0.3842406 0.08556253 2.451408 0.3467989 0.1022768 1.909078 0.5385934 0.04651697 2.230307 0.4150591 0.1131107 1.882152 0.5968637 0.02319371 2.221464 0.2106305 0.09249538 2.261063 0.226516 0.02657636 2.257852 0.1908498 -0.04630023 2.203482 0.2772711 -0.05395287 2.315306 0.09259217 -0.5278666 2.278952 0.2442853 -0.5453953 2.468551 0.02391063 -0.883338 2.329746 0.1954604 -0.8642942 2.513095 0.04397029 -0.9417568 2.293729 0.2658736 -0.9246314 2.54065
0.2646882 0.6264343 2.259041 0.1821392 0.4570182 2.250597 0.1200431 0.3131735 2.130613 0.3258369 0.329817 2.40292 0.116841 0.1717753 1.957205 0.3864136 0.08311446 2.444775 0.3527008 0.1141847 1.862074 0.5731621 0.04881343 2.249904 0.4255872 0.1264517 1.828227 0.6440277 0.01944039 2.249398 0.2102006 0.09387647 2.260695 0.2262734 0.02697282 2.257578 0.1890597 -0.04545879 2.200657 0.2774332 -0.05379444 2.315256 0.09073162 -0.5284683 2.277936 0.2438074 -0.5471352 2.4694 0.02393365 -0.8835469 2.329816 0.194236 -0.8657277 2.517889 0.03797204 -0.9483913 2.30316 0.2633924 -0.9236428 2.535592
0.2627982 0.6234376 2.259433 0.1870531 0.402702 2.251498 0.1178045 0.3150551 2.132144 0.3267058 0.3293479 2.40393 0.1724267 0.1695099 1.920736 0.4761589 0.1151423 2.347777 0.352723 0.125255 1.838221 0.6161302 0.02951871 2.230415 0.4241591 0.1390138 1.792604 0.7001658 -0.001775753 2.236255 0.2095643 0.09284624 2.263188 0.2252538 0.02720513 2.26073 0.188411 -0.04664068 2.203465 0.2761987 -0.054489 2.319755 0.09133418 -0.5284966 2.279147 0.2439613 -0.5445676 2.469364 0.02395509 -0.8840504 2.330676 0.1941936 -0.8653897 2.517273 0.0367362 -0.9487328 2.303013 0.2627074 -0.9218491 2.532676
0.2634037 0.6265596 2.259406 0.1844465 0.4584345 2.252686 0.1151756 0.3179905 2.13568 0.3266207 0.329714 2.403496 0.1734135 0.1749734 1.91742 0.4644396 0.1058099 2.379818 0.3517213 0.1428087 1.807672 0.6210829 0.05109395 2.265414 0.4195933 0.1532622 1.763315 0.69649 0.02274675 2.277439 0.2099806 0.09710995 2.263815 0.2256247 0.02969277 2.261052 0.1880884 -0.04591967 2.201675 0.278404 -0.05171602 2.322322 0.08984958 -0.5282619 2.278477 0.2439361 -0.5441887 2.469509 0.02399582 -0.884049 2.330715 0.1941929 -0.8652775 2.517271 0.03668063 -0.948079 2.301532 0.2644131 -0.9234928 2.544375
0.2631696 0.626411 2.259488 0.1844673 0.4584343 2.252693 0.1083625 0.320024 2.140436 0.3263675 0.330517 2.402775 0.1818512 0.1859848 1.904395 0.4213707 0.118666 2.406389 0.3491621 0.1544626 1.788651 0.6147636 0.05837502 2.284805 0.4143825 0.1704732 1.732461 0.6997082 0.02905544 2.285416 0.2097367 0.1001253 2.265197 0.225185 0.03211197 2.262225 0.1878695 -0.04606893 2.201436 0.2783298 -0.05087051 2.324841 0.09111048 -0.526824 2.281057 0.2438522 -0.5472403 2.470843 0.02418457 -0.8845414 2.331363 0.1938608 -0.8665386 2.518007 0.03448553 -0.9494338 2.303161 0.2627288 -0.9238476 2.538776
0.2624966 0.6266926 2.260003 0.1844746 0.4585307 2.252675 0.1055574 0.3182748 2.142861 0.3233784 0.3378182 2.395791 0.1833473 0.1960713 1.89916 0.4594977 0.1198193 2.396846 0.3418769 0.167403 1.774836 0.6225891 0.06163611 2.293645 0.4112511 0.1854086 1.714354 0.707625 0.03457606 2.294755 0.2098238 0.1021518 2.266805 0.2251616 0.03381261 2.263906 0.1878107 -0.04625836 2.201997 0.2785319 -0.04813733 2.327703 0.09018529 -0.5267714 2.28056 0.2482249 -0.5020268 2.461232 0.02467681 -0.8841315 2.33111 0.1933193 -0.8665363 2.51832 0.03745681 -0.9455405 2.296786 0.2620639 -0.9237458 2.538584
0.2616593 0.6243118 2.26062 0.1885453 0.4029568 2.254512 0.1005648 0.3159125 2.145151 0.3228961 0.3404455 2.394295 0.1847469 0.2046687 1.896316 0.4599224 0.1219873 2.397482 0.3368414 0.1804679 1.764556 0.6301758 0.06238582 2.299135 0.405273 0.1929338 1.70691 0.7104583 0.03664216 2.299388 0.2095918 0.1026682 2.26974 0.2242688 0.03795851 2.268738 0.1875004 -0.04656744 2.204706 0.2775291 -0.04541139 2.334952 0.08965186 -0.5262423 2.280377 0.2420304 -0.5528677 2.475178 0.02460993 -0.8841183 2.33106 0.1937433 -0.8663322 2.517798 0.04650411 -0.9395819 2.291601 0.2642476 -0.923332 2.531072
0.2614201 0.6245376 2.261218 0.1885513 0.403009 2.254491 0.09967804 0.3161682 2.145513 0.3226147 0.342531 2.393166 0.1672945 0.2062522 1.890463 0.4595146 0.1238264 2.39853 0.3302262 0.1883686 1.760261 0.6354688 0.06419832 2.302567 0.3979312 0.2006757 1.698396 0.713033 0.04042552 2.304452 0.2089717 0.1036632 2.270991 0.2230341 0.04110945 2.270414 0.1869458 -0.04627769 2.205387 0.2760365 -0.04324945 2.337328 0.08903078 -0.5258035 2.279483 0.2419971 -0.5521327 2.474809 0.02469654 -0.884118 2.331151 0.193775 -0.8657898 2.5178 0.04818494 -0.9372516 2.289465 0.2650574 -0.9231485 2.528535
0.2609595 0.6247721 2.261791 0.1886602 0.4029617 2.254416 0.09891133 0.3159802 2.145458 0.3227387 0.3432466 2.39248 0.1642697 0.2081398 1.888772 0.4580953 0.1276879 2.400157 0.3260798 0.1942024 1.756215 0.6375641 0.06575532 2.305242 0.3936478 0.2062292 1.692512 0.7148038 0.04234397 2.307744 0.2085272 0.108235 2.273201 0.2222078 0.050202 2.273174 0.1869029 -0.04598697 2.205055 0.2751757 -0.04027965 2.346238 0.08898142 -0.5257508 2.279397 0.242046 -0.5525251 2.474787 0.02475445 -0.8840626 2.331079 0.1933647 -0.8656814 2.517044 0.05119862 -0.9340791 2.287356 0.2643516 -0.923402 2.527536
0.2605778 0.6248745 2.262197 0.1887353 0.4028549 2.254406 0.09812547 0.3158169 2.145218 0.3227625 0.3435169 2.392216 0.1616634 0.2086321 1.887717 0.4578065 0.1286255 2.400541 0.3239945 0.1976097 1.753521 0.6394432 0.06654955 2.306798 0.3905404 0.2108101 1.690132 0.7165058 0.04373945 2.310239 0.2083213 0.1098869 2.274291 0.221966 0.05245778 2.274105 0.1868901 -0.04580618 2.204958 0.2748836 -0.03968826 2.348677 0.08903102 -0.5257075 2.279449 0.2431363 -0.5483614 2.473367 0.02482913 -0.8839884 2.331381 0.1935873 -0.8690364 2.517806 0.05024211 -0.9342256 2.287301 0.2647935 -0.9249586 2.529201
0.26051 0.6249961 2.262288 0.188865 0.4028835 2.254301 0.09736921 0.3155439 2.144541 0.3229137 0.3442569 2.391605 0.1590089 0.2088839 1.887049 0.4564012 0.1303578 2.401708 0.3216996 0.2007357 1.751885 0.6404852 0.06656726 2.307389 0.3873076 0.2138238 1.688646 0.7174417 0.0443304 2.311722 0.2081584 0.1110335 2.274612 0.2217383 0.05387934 2.274232 0.1867183 -0.04554465 2.204404 0.2746775 -0.03933338 2.349556 0.08926615 -0.5255379 2.279601 0.2497578 -0.5030318 2.459868 0.02495121 -0.884106 2.331668 0.1939707 -0.8662099 2.513858 0.0504956 -0.9315905 2.284706 0.2648555 -0.9251675 2.539898
0.2606523 0.6250361 2.262529 0.1889194 0.4029224 2.254341 0.09723625 0.3155701 2.14441 0.322936 0.3447873 2.391494 0.1546852 0.2097371 1.893561 0.4559966 0.1304722 2.402196 0.3204584 0.2018936 1.751224 0.6405715 0.06654362 2.307432 0.3853126 0.2150755 1.688348 0.7174512 0.04445497 2.312 0.2077468 0.1124666 2.274945 0.2212332 0.05562778 2.274298 0.186312 -0.04497789 2.203194 0.2741859 -0.03903618 2.35044 0.08989319 -0.5255206 2.280446 0.2441038 -0.5531452 2.471652 0.02516234 -0.8844824 2.332165 0.1940373 -0.8652844 2.512062 0.04495009 -0.9400813 2.291793 0.2648023 -0.9248152 2.540466
0.2617931 0.6247604 2.263169 0.1890148 0.4028866 2.254263 0.09733555 0.3158796 2.144652 0.323005 0.3450532 2.391178 0.1645012 0.2220533 1.895463 0.4555417 0.1301279 2.402606 0.3198186 0.2024394 1.751142 0.6399604 0.06640613 2.307547 0.3850089 0.2162115 1.687384 0.7171224 0.04458111 2.312131 0.2076963 0.1127738 2.275037 0.221167 0.05598477 2.274311 0.1863197 -0.04482229 2.202708 0.2739558 -0.03920349 2.351014 0.09012432 -0.5252643 2.28022 0.2505275 -0.5004662 2.457777 0.02515982 -0.8844742 2.332244 0.1938287 -0.8647478 2.51144 0.04388535 -0.9415115 2.293401 0.2633073 -0.9253864 2.537625
0.2618207 0.6252117 2.263931 0.1890555 0.4032342 2.254299 0.09731795 0.316499 2.145044 0.3229108 0.3461846 2.390987 0.1341743 0.2410898 1.933637 0.4549007 0.1292949 2.402976 0.318613 0.201643 1.752202 0.6397709 0.06564827 2.305732 0.3849638 0.2163017 1.687951 0.7157603 0.04366635 2.310863 0.2077063 0.1127762 2.275096 0.2211789 0.05594785 2.274326 0.1863262 -0.04481765 2.202714 0.2739555 -0.03919988 2.351004 0.09008975 -0.525241 2.280125 0.2505327 -0.5004032 2.457743 0.02522813 -0.8844247 2.332324 0.193945 -0.8645691 2.511326 0.04586645 -0.9364399 2.287813 0.2584934 -0.9232385 2.536179
0.2635885 0.6262531 2.265661 0.1854844 0.4600984 2.254958 0.09762008 0.3168756 2.145644 0.3183685 0.4055768 2.390189 0.1699443 0.2204319 1.895961 0.4327919 0.1711774 2.397422 0.3185883 0.2002781 1.754014 0.6326125 0.06598941 2.301743 0.3856917 0.2154642 1.689042 0.7098669 0.04274223 2.30476 0.2093549 0.1221737 2.275341 0.2228703 0.06017567 2.274088 0.188401 -0.04190855 2.201458 0.2761595 -0.03434778 2.351215 0.0911976 -0.5254065 2.28112 0.2507479 -0.5004266 2.457952 0.02536922 -0.884489 2.332264 0.1943316 -0.8644577 2.511508 0.04394627 -0.9390405 2.289935 0.2589042 -0.9226794 2.535313
0.2633015 0.6264102 2.265557 0.1854646 0.4600644 2.254768 0.09845601 0.3177813 2.146216 0.3183487 0.4055428 2.39 0.1694141 0.2189228 1.895723 0.4319891 0.1708298 2.397718 0.3213308 0.1948568 1.760321 0.6288947 0.06516729 2.297989 0.3904265 0.2109414 1.697649 0.7054132 0.04103863 2.299349 0.210019 0.1231356 2.27358 0.22411 0.06048586 2.271602 0.1889085 -0.03935188 2.198121 0.2799272 -0.03053464 2.345319 0.09099294 -0.5253917 2.280762 0.2443414 -0.5356835 2.467812 0.02545541 -0.8845145 2.332279 0.1935665 -0.8647783 2.514055 0.04695537 -0.9366149 2.288278 0.2576296 -0.9212387 2.53189
0.263636 0.6256483 2.265881 0.1923027 0.4035837 2.255198 0.09960694 0.3189439 2.146783 0.318854 0.3457929 2.399635 0.1270018 0.221332 1.926599 0.4527666 0.1263309 2.403813 0.3232778 0.1861038 1.771832 0.6145302 0.06574613 2.290521 0.3971857 0.2043931 1.713873 0.6828023 0.04196524 2.285734 0.2104756 0.1117271 2.274991 0.2246872 0.05144525 2.273153 0.1898676 -0.04265885 2.202218 0.2782372 -0.03615291 2.344543 0.09165202 -0.5251573 2.281581 0.2439571 -0.5453183 2.47056 0.02539225 -0.8848869 2.332677 0.1937345 -0.8653541 2.513905 0.03885277 -0.9473466 2.300577 0.2575069 -0.921603 2.530938
