0.1567038 0.686278 2.425396 0.07171968 0.5154796 2.462531 -0.03628342 0.3932397 2.367137 0.2128249 0.4219307 2.600682 -0.07448174 0.1866831 2.302912 0.2462649 0.1568776 2.496624 0.1421706 0.1514595 2.203743 0.4102989 0.04958005 2.421013 0.2368558 0.1550885 2.148857 0.4558765 -0.004370179 2.397938 0.1139249 0.171378 2.475329 0.1278487 0.1031278 2.475618 0.08367616 0.02523394 2.416991 0.194563 0.02108297 2.53434 -0.01698818 -0.4915449 2.519671 0.1581028 -0.4611201 2.686023 -0.04677519 -0.863336 2.582064 0.1195405 -0.814782 2.768322 -0.01237566 -0.9253484 2.522557 0.1830776 -0.8758887 2.832245
0.1563617 0.6861235 2.426605 0.07101541 0.5150675 2.463828 -0.03627073 0.3929806 2.367202 0.2127754 0.4219683 2.600672 -0.06356774 0.186265 2.291061 0.2458757 0.1569465 2.496361 0.1427975 0.1427177 2.182605 0.4108545 0.04209933 2.439615 0.2510016 0.1373935 2.107011 0.4576874 -0.01026258 2.41542 0.1145858 0.1702733 2.476486 0.1282407 0.1017933 2.477349 0.08449293 0.02409009 2.419366 0.1947389 0.02029663 2.535371 -0.01690101 -0.4919774 2.519621 0.157953 -0.4605474 2.686152 -0.04757167 -0.8607741 2.580234 0.1181359 -0.8128351 2.766285 -0.01165056 -0.925666 2.522382 0.1735441 -0.8861666 2.824677
0.155828 0.6852738 2.428614 0.06982905 0.5145655 2.464262 -0.03640959 0.3923665 2.367195 0.2126853 0.4212943 2.60114 -0.04055391 0.1843105 2.266957 0.2454329 0.1562881 2.496624 0.1400725 0.1351716 2.160443 0.4151434 0.0352269 2.450705 0.2686936 0.1234404 2.061168 0.4638165 -0.02040869 2.425558 0.1142306 0.1694924 2.47696 0.1275239 0.1008912 2.478358 0.08378924 0.02360256 2.420683 0.1940152 0.01929558 2.536294 -0.01691856 -0.4918897 2.51989 0.158002 -0.4605643 2.686297 -0.04813982 -0.8599314 2.578842 0.116515 -0.814082 2.768149 -0.009983165 -0.9263089 2.52529 0.1750526 -0.8856587 2.825659
0.1552514 0.6846714 2.430916 0.06848794 0.514275 2.46553 -0.03645115 0.3922481 2.367153 0.2120514 0.4199929 2.602427 -0.01685143 0.1912304 2.242857 0.2443827 0.1550244 2.497609 0.1498019 0.128711 2.125927 0.4325494 0.0178392 2.4517 0.2889705 0.1137694 2.023115 0.4846937 -0.04795462 2.440582 0.1134075 0.169221 2.478352 0.1263516 0.1005957 2.480247 0.08285856 0.02376938 2.422794 0.1924132 0.0186339 2.538361 -0.01669976 -0.4919488 2.520406 0.1576697 -0.4606437 2.686618 -0.04808685 -0.8601509 2.578885 0.1167159 -0.8141044 2.768791 -0.01033672 -0.9264989 2.525044 0.1727086 -0.8828627 2.822579
0.1525885 0.6853238 2.436655 0.06718601 0.5143431 2.468795 -0.03627172 0.3921248 2.367023 0.2113807 0.4187321 2.607239 -0.01160767 0.2069525 2.233471 0.2742926 0.2227793 2.649315 0.1492791 0.1259494 2.106725 0.425538 0.03680404 2.494658 0.2897539 0.1019044 1.992625 0.5133914 -0.07123883 2.458419 0.1107667 0.1682566 2.479057 0.1228812 0.09932773 2.480824 0.07876969 0.02403717 2.423495 0.1873726 0.01680235 2.537643 -0.01728714 -0.4926329 2.520593 0.1571567 -0.4610651 2.68736 -0.04807447 -0.8601651 2.578882 0.1168172 -0.813346 2.768647 -0.01072897 -0.9263147 2.525082 0.1843598 -0.8750321 2.827726
0.1517193 0.6858575 2.443041 0.06560829 0.5144414 2.471154 -0.03612747 0.3929593 2.36675 0.2116645 0.4170166 2.611152 -0.01785855 0.2303086 2.21581 0.2782833 0.2208481 2.646419 0.1814695 0.1206454 2.051492 0.4307052 0.03192535 2.497044 0.29052 0.09824834 1.980919 0.5214073 -0.07775538 2.47116 0.109477 0.1675302 2.480539 0.121563 0.0984985 2.482301 0.07735056 0.02382174 2.425064 0.1863815 0.01602205 2.538648 -0.01792919 -0.4939265 2.521493 0.1565906 -0.4612659 2.687774 -0.04802043 -0.8602989 2.57861 0.1165486 -0.8128366 2.768426 -0.01106058 -0.9264052 2.524846 0.1765538 -0.8789439 2.830771
0.1496689 0.686797 2.445765 0.06417823 0.514694 2.474056 -0.03588932 0.3946632 2.366775 0.2127459 0.4158452 2.617403 -0.0253237 0.2404791 2.204668 0.3211399 0.196164 2.646054 0.1780904 0.1259253 2.039888 0.4604168 0.0005912334 2.492059 0.2899777 0.09427987 1.963862 0.5317996 -0.08668394 2.488751 0.1078331 0.1670642 2.481146 0.1198461 0.09794388 2.482621 0.07471785 0.02362946 2.424758 0.1850214 0.01501749 2.538837 -0.01825243 -0.493708 2.521171 0.1562176 -0.4613563 2.68847 -0.04699405 -0.8624085 2.580633 0.1168087 -0.8132274 2.768335 -0.01137315 -0.9265882 2.524826 0.1678924 -0.885024 2.826448
0.1480498 0.6877335 2.448301 0.06362385 0.5149923 2.475061 -0.03490581 0.3998202 2.366957 0.2142384 0.4139691 2.622035 -0.03302841 0.2494903 2.200206 0.3098902 0.2086505 2.644422 0.1700871 0.1350819 2.034919 0.4588326 0.007960528 2.508755 0.2910396 0.09320009 1.957538 0.5040608 -0.05023476 2.51816 0.107337 0.1671379 2.481397 0.1194226 0.09800757 2.482778 0.07390361 0.02383192 2.424593 0.1848912 0.01494356 2.539003 -0.01830022 -0.4937159 2.521197 0.1563104 -0.4614212 2.689028 -0.04720866 -0.8622472 2.580096 0.1167668 -0.8120729 2.768782 -0.01163001 -0.9267037 2.524174 0.166841 -0.880734 2.818789
0.1473763 0.6893077 2.450216 0.06211687 0.5164468 2.476285 -0.03392358 0.4039198 2.368032 0.2148062 0.4127088 2.624093 -0.03736961 0.2580995 2.196629 0.3042772 0.2143323 2.641056 0.1640301 0.1421214 2.030254 0.4571385 0.01159172 2.513917 0.2819192 0.09156679 1.931715 0.5428298 -0.09604838 2.511988 0.1066699 0.167862 2.481692 0.118918 0.09863833 2.48293 0.07343198 0.02430162 2.424155 0.184742 0.01518735 2.539383 -0.01838572 -0.4935424 2.521269 0.1564965 -0.4610722 2.689327 -0.04747238 -0.8621394 2.580468 0.1166227 -0.8119137 2.768897 -0.01139971 -0.9261413 2.524433 0.1663645 -0.8794875 2.817366
0.1471131 0.6900929 2.452307 0.06208995 0.5175535 2.477341 -0.03359022 0.407935 2.367103 0.2126348 0.4182207 2.62713 -0.03746722 0.2607262 2.197123 0.2959868 0.2351049 2.64304 0.1615993 0.1471373 2.025977 0.4491044 0.02823085 2.523989 0.2819853 0.09567849 1.923472 0.5455568 -0.09574558 2.515726 0.1063077 0.1687341 2.482138 0.1185699 0.09948143 2.483276 0.07313761 0.02522125 2.423986 0.1843398 0.01601011 2.540074 -0.01831359 -0.4933743 2.521341 0.1562632 -0.4610152 2.689495 -0.04752465 -0.8613174 2.580213 0.1160874 -0.8115051 2.76668 -0.01139107 -0.9260451 2.524495 0.1644235 -0.8796176 2.814336
0.1468541 0.6902814 2.454535 0.0618023 0.517981 2.47774 -0.03265697 0.4095718 2.366948 0.2122634 0.4181966 2.627095 -0.03885583 0.262375 2.19704 0.2951434 0.235002 2.643579 0.1590993 0.1505919 2.023231 0.4497911 0.02845199 2.526141 0.278725 0.0988226 1.91701 0.5471474 -0.09136472 2.517777 0.1062293 0.1687642 2.482162 0.1185315 0.09948996 2.483277 0.07313687 0.02529239 2.423557 0.1842367 0.01601295 2.540276 -0.01836395 -0.4934568 2.52134 0.1556508 -0.4624031 2.690257 -0.04757597 -0.8619044 2.579932 0.1164444 -0.811709 2.76638 -0.01146835 -0.9264031 2.523923 0.1644395 -0.880453 2.811018
0.1468838 0.6908064 2.455828 0.06164708 0.518491 2.478471 -0.03244179 0.409703 2.366778 0.2095973 0.4211089 2.62654 -0.04021349 0.2630861 2.196353 0.2890345 0.2362811 2.64253 0.1579789 0.1529882 2.021673 0.4479799 0.03118619 2.528759 0.2784652 0.1026733 1.914914 0.5476162 -0.09026098 2.519356 0.1062 0.1687696 2.482293 0.1185312 0.09947035 2.483345 0.07328171 0.02538306 2.423455 0.1841234 0.01603724 2.540572 -0.01841665 -0.4934191 2.521356 0.1551774 -0.4623168 2.690471 -0.04766638 -0.8619215 2.580226 0.1170927 -0.8105861 2.766886 -0.01119536 -0.9258425 2.524488 0.164425 -0.8801532 2.811616
0.1472847 0.6905645 2.457399 0.06240478 0.5187907 2.479663 -0.03170231 0.4100445 2.366848 0.2096135 0.4211086 2.626925 -0.01759018 0.2671685 2.193182 0.2866419 0.2347532 2.640609 0.1697827 0.1479971 2.012143 0.4489094 0.03115086 2.529147 0.2780383 0.1047437 1.914755 0.545554 -0.08664393 2.519176 0.1067709 0.1688406 2.48311 0.1190839 0.09949403 2.484037 0.07419278 0.02557726 2.424024 0.1844504 0.0162335 2.541235 -0.01800457 -0.4893601 2.520382 0.1552636 -0.461957 2.690876 -0.04769383 -0.8616825 2.580354 0.1168754 -0.8110895 2.767225 -0.01096002 -0.9258363 2.525122 0.163547 -0.8802446 2.810278
0.1472267 0.6905198 2.457726 0.06209105 0.5192717 2.479957 -0.03093393 0.4096213 2.3664 0.2083453 0.4227952 2.627092 -0.01799462 0.2660411 2.193314 0.2839003 0.2356278 2.63978 0.1706879 0.1497545 2.011721 0.4479547 0.03288133 2.529533 0.2750711 0.1083666 1.917285 0.5434662 -0.08319077 2.518632 0.1067393 0.1688554 2.483118 0.1190832 0.09949388 2.484037 0.07437594 0.02565367 2.42386 0.1843514 0.01633901 2.541307 -0.01836035 -0.4903293 2.520356 0.1553119 -0.4626192 2.691802 -0.04724102 -0.8611391 2.579819 0.1172348 -0.8112743 2.766536 -0.01151503 -0.9258173 2.524449 0.164016 -0.8806872 2.809125
0.1476501 0.6910169 2.458486 0.06185489 0.5193343 2.479829 -0.02880222 0.4081833 2.365809 0.2079134 0.424042 2.628497 -0.02614235 0.2578797 2.199054 0.280321 0.2358414 2.64216 0.1682558 0.1521546 2.017003 0.4448204 0.0354639 2.527824 0.2781734 0.1126609 1.925448 0.4873938 -0.02540141 2.525773 0.1066372 0.1688248 2.48312 0.1190264 0.0994493 2.484069 0.07452882 0.02565536 2.423844 0.1838817 0.01630703 2.541537 -0.01872522 -0.4914622 2.520659 0.1551995 -0.4626278 2.69183 -0.047165 -0.8636748 2.5811 0.1171126 -0.8112413 2.76645 -0.0120901 -0.9261522 2.524252 0.1654694 -0.8832232 2.813392
0.1488559 0.6899934 2.458258 0.06188543 0.5194939 2.479667 -0.02787695 0.4058577 2.364678 0.2081503 0.4234862 2.628474 -0.0167009 0.222216 2.197552 0.2795758 0.2348586 2.641887 0.1849641 0.1432329 2.009495 0.4408392 0.04031062 2.512097 0.2749137 0.1185593 1.946604 0.4875012 -0.01528217 2.496181 0.1073773 0.1695379 2.483735 0.1201028 0.1003433 2.484981 0.07777581 0.02781749 2.426747 0.184571 0.01768478 2.54203 -0.01871865 -0.4914626 2.520663 0.1552304 -0.4628672 2.691807 -0.04731227 -0.8637551 2.581024 0.1174248 -0.8124202 2.766581 -0.01214647 -0.9260864 2.523847 0.1658287 -0.8839415 2.814161
0.1494661 0.6901687 2.458121 0.06233539 0.5197434 2.47949 -0.0274318 0.4044303 2.364052 0.2078194 0.423442 2.628083 -0.02303788 0.2138476 2.208584 0.2776138 0.2340565 2.64078 0.1922843 0.1431283 2.033802 0.4298027 0.04310393 2.502483 0.2603455 0.1352741 1.997017 0.4848311 0.003026087 2.472705 0.1084333 0.1700414 2.483879 0.1213161 0.1008751 2.485155 0.08059653 0.02849777 2.42706 0.185005 0.01825724 2.542033 -0.01723792 -0.4886622 2.521252 0.1552424 -0.4628593 2.691787 -0.04729557 -0.8638714 2.581047 0.1177134 -0.8114263 2.766695 -0.01239839 -0.9262952 2.523459 0.1685306 -0.8859789 2.826802
0.1512204 0.6900396 2.457876 0.06296127 0.5201201 2.478892 -0.02733842 0.4026924 2.363687 0.2054804 0.4240834 2.621058 -0.04365286 0.2047276 2.231093 0.2731421 0.2336897 2.632589 0.144729 0.1625118 2.110869 0.3898372 0.07600965 2.509544 0.2486636 0.1524698 2.043018 0.4483643 0.04400669 2.468014 0.1098792 0.1704584 2.483901 0.1229816 0.1012752 2.485238 0.08322312 0.02870415 2.426865 0.186143 0.01889708 2.542335 -0.01721146 -0.488764 2.521393 0.1553116 -0.4624455 2.691667 -0.04724369 -0.8625732 2.580743 0.1172229 -0.8112335 2.766769 -0.01214153 -0.926016 2.523676 0.1634279 -0.8757128 2.806186
0.1544109 0.6903191 2.457271 0.06467928 0.5203879 2.477759 -0.02751171 0.4017469 2.363669 0.2029806 0.4248936 2.615883 -0.05761984 0.2020971 2.24794 0.2697456 0.2341911 2.627445 0.1398659 0.1636821 2.129873 0.3675752 0.0897207 2.505186 0.2300418 0.1708964 2.093438 0.4182427 0.06657854 2.462961 0.1114903 0.1705919 2.483203 0.1245498 0.101346 2.484525 0.08579126 0.02864489 2.425787 0.1867294 0.01908949 2.541857 -0.01713202 -0.4904373 2.521804 0.1555537 -0.462552 2.691637 -0.04633141 -0.862515 2.579704 0.1175688 -0.8105975 2.766843 -0.01218758 -0.9264277 2.523456 0.1638419 -0.8762798 2.806065
0.1589505 0.6899225 2.455559 0.0663709 0.5204879 2.476251 -0.02757268 0.4014128 2.363888 0.2023798 0.4247616 2.612111 -0.07531415 0.1995201 2.26887 0.2687613 0.2339757 2.623918 0.1202765 0.1657725 2.18096 0.3622954 0.09774667 2.488094 0.2188584 0.1794244 2.132338 0.4081195 0.08069685 2.432142 0.1130719 0.170184 2.482602 0.1261195 0.1007977 2.483988 0.08716282 0.02790801 2.425133 0.1880014 0.0189787 2.541582 -0.01727717 -0.4910598 2.521438 0.1558154 -0.4626285 2.691446 -0.0464462 -0.8627636 2.5799 0.117607 -0.8105651 2.766839 -0.01232764 -0.9267881 2.522835 0.1695591 -0.885783 2.826008
0.1619091 0.6892716 2.453436 0.06817147 0.520349 2.474327 -0.02801425 0.4004277 2.36419 0.2026308 0.4251387 2.610855 -0.08226869 0.1920506 2.279767 0.268824 0.2343156 2.622797 0.1138438 0.1698917 2.208137 0.3520814 0.1174947 2.46202 0.2050973 0.1890711 2.170572 0.4000484 0.09458868 2.410101 0.1146122 0.1696813 2.482148 0.1276349 0.1001803 2.483698 0.08809612 0.02718788 2.425099 0.1898088 0.0188795 2.541329 -0.01799199 -0.4920065 2.520821 0.156102 -0.4630823 2.691532 -0.04646965 -0.8629438 2.579805 0.1186284 -0.8114154 2.766638 -0.01207551 -0.9272298 2.522245 0.1539898 -0.8821265 2.781721
0.1651592 0.6873558 2.451406 0.07042949 0.5195093 2.472702 -0.02877522 0.3995243 2.364365 0.2036103 0.4259228 2.609261 -0.0898542 0.1887525 2.294567 0.2695649 0.2350467 2.621344 0.1107016 0.1741192 2.224904 0.3455516 0.1294496 2.448646 0.2027934 0.1966548 2.191478 0.383275 0.1132752 2.386708 0.1160728 0.1693876 2.481625 0.1289034 0.09993327 2.483298 0.08863886 0.0266421 2.425054 0.1918327 0.01926131 2.540604 -0.01739771 -0.4920205 2.520726 0.1569586 -0.4621917 2.690777 -0.04639008 -0.8625835 2.579037 0.1183018 -0.8103158 2.766026 -0.01198198 -0.9272835 2.521987 0.1758041 -0.875 2.832111
0.1686962 0.6872713 2.449089 0.07162004 0.5198753 2.471068 -0.02931264 0.3988624 2.364714 0.2039013 0.4276052 2.606663 -0.09313917 0.1869672 2.303083 0.2696937 0.2366844 2.618796 0.115557 0.1823158 2.242931 0.3305461 0.1408513 2.433887 0.2020246 0.2034677 2.216569 0.3643046 0.1288865 2.368786 0.1170073 0.169444 2.480987 0.1297376 0.09992328 2.48278 0.08923224 0.02632223 2.424712 0.1926524 0.01943093 2.540174 -0.01738881 -0.4918127 2.520495 0.1573247 -0.4618306 2.690262 -0.04604206 -0.8613288 2.578936 0.1184174 -0.8101553 2.76542 -0.01132314 -0.9268048 2.523432 0.1651503 -0.8731363 2.806133
0.1714104 0.6863714 2.445854 0.07306364 0.519615 2.46793 -0.02951362 0.3980657 2.365252 0.2044259 0.429145 2.605783 -0.0970552 0.186889 2.312022 0.2701177 0.2381954 2.617939 0.1226681 0.1897523 2.255711 0.3265821 0.1509668 2.427041 0.1988026 0.2055154 2.229951 0.3640369 0.1285629 2.366907 0.1177679 0.1692286 2.480063 0.13035 0.09969184 2.48213 0.0897302 0.02508491 2.423398 0.193336 0.01917614 2.540165 -0.01734946 -0.4917426 2.520393 0.1576399 -0.4619686 2.690083 -0.0461737 -0.8611061 2.578826 0.1206374 -0.824458 2.76978 -0.0105999 -0.9267741 2.524285 0.1690989 -0.8888298 2.817385
0.1734491 0.6859978 2.444425 0.07495836 0.5194321 2.466662 -0.02980351 0.3977607 2.36561 0.2045955 0.430237 2.605227 -0.1001275 0.1867526 2.31812 0.2702293 0.2392706 2.617392 0.1470283 0.2023503 2.268162 0.3217663 0.1549143 2.423629 0.2142785 0.208228 2.237119 0.367686 0.1247554 2.373602 0.1185423 0.1696994 2.479262 0.1309363 0.1002228 2.481417 0.09002019 0.02512684 2.42276 0.1936925 0.01950747 2.539837 -0.01763234 -0.4943244 2.520751 0.1577631 -0.4617022 2.689489 -0.04598981 -0.8616747 2.579069 0.1206017 -0.8191025 2.769012 -0.01116399 -0.9269101 2.52379 0.1800587 -0.8895618 2.822558
0.1754267 0.6853009 2.442252 0.07594606 0.5194787 2.464076 -0.02997652 0.3974098 2.365878 0.2051393 0.4306053 2.604407 -0.102956 0.1880271 2.322458 0.2707137 0.2396247 2.616598 0.1536733 0.2038843 2.275759 0.3136026 0.1571549 2.419725 0.2217086 0.2162306 2.248564 0.3660166 0.1327046 2.37308 0.1192569 0.1701477 2.478355 0.1315591 0.1006855 2.480755 0.09029266 0.02528095 2.422226 0.1944409 0.0198209 2.539666 -0.01787552 -0.4956221 2.520661 0.1579916 -0.4614055 2.689213 -0.04602963 -0.8620733 2.579224 0.1206232 -0.8143375 2.765956 -0.0114465 -0.9268483 2.522919 0.1786236 -0.8882343 2.821029
0.1759241 0.6852708 2.441664 0.07664364 0.5195451 2.462842 -0.03025079 0.3969383 2.366096 0.2053812 0.4309459 2.603942 -0.1043264 0.187807 2.325587 0.2709233 0.239957 2.616141 0.15673 0.2048444 2.278894 0.3134841 0.1569619 2.419429 0.2256173 0.2184029 2.254572 0.3518449 0.1359885 2.359351 0.1199557 0.1703939 2.47746 0.1318815 0.1008964 2.480291 0.09034953 0.02531385 2.42183 0.194865 0.02001927 2.539459 -0.01784152 -0.4956276 2.52079 0.1585059 -0.4611439 2.688967 -0.04641517 -0.862187 2.579694 0.1198378 -0.8119392 2.765522 -0.01135952 -0.9266435 2.523206 0.1725918 -0.8770452 2.787453
0.175977 0.6852031 2.441501 0.07701937 0.5193198 2.462369 -0.03044683 0.3965344 2.366212 0.2056651 0.4311361 2.603589 -0.1046738 0.1881584 2.326239 0.2711782 0.2401402 2.615797 0.1707328 0.2078513 2.279075 0.3130355 0.1573792 2.414965 0.2355202 0.2237597 2.246359 0.3439535 0.1290979 2.353605 0.1204118 0.1705306 2.476771 0.1320278 0.1010591 2.479889 0.09021245 0.02537677 2.421203 0.1951194 0.02011312 2.539293 -0.01764842 -0.4954701 2.520844 0.1586125 -0.4610421 2.688946 -0.04694527 -0.8597383 2.578245 0.1194379 -0.8117889 2.765442 -0.01127685 -0.9265472 2.523311 0.1852558 -0.8762734 2.823474
0.1763727 0.682233 2.440796 0.07707649 0.5190211 2.462083 -0.03078634 0.3962187 2.366251 0.2059727 0.4313147 2.603984 -0.104538 0.1878192 2.326369 0.2714595 0.2403092 2.616183 0.1703324 0.2051535 2.273949 0.3131322 0.1564779 2.414194 0.2373968 0.2261103 2.249784 0.3389342 0.1285952 2.350338 0.1206679 0.1706114 2.476316 0.1320357 0.1011728 2.479675 0.09011298 0.02535138 2.420906 0.1951718 0.02012179 2.539231 -0.01769581 -0.495499 2.521078 0.1595089 -0.4596726 2.687985 -0.04698342 -0.8585475 2.578441 0.1190723 -0.8104876 2.764645 -0.01114199 -0.9258868 2.524199 0.153686 -0.8795708 2.787174
0.176991 0.6805617 2.440571 0.07708592 0.518914 2.462019 -0.0310565 0.3959441 2.366393 0.2061297 0.4317205 2.6041 -0.103706 0.1868368 2.325534 0.2715998 0.2407107 2.6163 0.1707879 0.2016251 2.269578 0.3187047 0.1511035 2.413029 0.2393921 0.216 2.244928 0.3551308 0.1411191 2.349043 0.1209773 0.1707032 2.47594 0.1321545 0.1012984 2.479488 0.09015337 0.0253421 2.420756 0.195427 0.02027386 2.539038 -0.01790468 -0.4956798 2.520837 0.1594036 -0.4598065 2.687948 -0.04703314 -0.8595627 2.579065 0.1199993 -0.8089186 2.766038 -0.01150381 -0.9259275 2.523771 0.16823 -0.8802292 2.832721
0.1769676 0.6807555 2.440722 0.07681916 0.5188112 2.462009 -0.03132634 0.3958386 2.366409 0.2057461 0.4316195 2.603919 -0.08126314 0.1842272 2.313646 0.2711908 0.2406013 2.616115 0.1282902 0.1735259 2.258398 0.322672 0.1366306 2.415992 0.2198425 0.1911111 2.23066 0.3761042 0.09819482 2.381519 0.1210882 0.1705115 2.475541 0.1321016 0.1010509 2.479243 0.09010591 0.02524474 2.420607 0.1953978 0.02008222 2.538711 -0.01806208 -0.4955699 2.520707 0.159049 -0.4600387 2.687943 -0.04655114 -0.8594652 2.579597 0.1200478 -0.8089531 2.76599 -0.01226496 -0.925723 2.523775 0.1744929 -0.8776859 2.830564
0.1755972 0.6819944 2.442286 0.07669042 0.5186889 2.462223 -0.03173855 0.395656 2.366433 0.2052972 0.4315089 2.603612 -0.07280327 0.1838205 2.306445 0.2707203 0.2404837 2.615804 0.1350646 0.1642157 2.242145 0.3306342 0.128961 2.419232 0.2261477 0.1660786 2.19965 0.3765885 0.07075685 2.414629 0.1212075 0.1702845 2.475353 0.1320509 0.1007562 2.479195 0.09004558 0.0250493 2.420852 0.1952429 0.02006976 2.538182 -0.01871818 -0.4975232 2.520969 0.1590453 -0.4600212 2.687955 -0.04655178 -0.8599697 2.57952 0.1190334 -0.8101243 2.768234 -0.01209672 -0.9263012 2.522787 0.1745875 -0.8809299 2.829542
0.1736937 0.6828208 2.444114 0.0758625 0.5186911 2.462544 -0.03194076 0.3953811 2.366609 0.2045119 0.430717 2.60339 -0.06875483 0.185412 2.29863 0.2699133 0.2396858 2.615582 0.1519686 0.1492118 2.206246 0.3782037 0.09752916 2.423085 0.2750994 0.1513543 2.149143 0.4168128 0.03717704 2.403395 0.1211261 0.1699925 2.475299 0.1318646 0.1003778 2.479299 0.08994657 0.02489175 2.421449 0.1949748 0.02002266 2.537924 -0.01900714 -0.4976466 2.520919 0.1581172 -0.4610887 2.688554 -0.0465292 -0.8607683 2.580213 0.1195609 -0.811296 2.766884 -0.01231351 -0.9265116 2.522455 0.1684461 -0.8874042 2.799417
0.1711279 0.6842608 2.446816 0.07506046 0.5188376 2.464094 -0.03229482 0.3946095 2.366575 0.2040296 0.4299362 2.606399 -0.04607774 0.1836377 2.277047 0.2694108 0.2389009 2.618599 0.1570805 0.1463466 2.182553 0.3935821 0.08914354 2.426957 0.3040001 0.1452293 2.102711 0.4377652 0.03270952 2.407366 0.1207949 0.1698834 2.47591 0.1315987 0.1002563 2.47982 0.08972458 0.02497943 2.422479 0.1947176 0.01999077 2.538044 -0.01900444 -0.497317 2.520667 0.1575385 -0.4611969 2.688453 -0.04668797 -0.8606858 2.580109 0.1195018 -0.8111986 2.766809 -0.01181691 -0.9267675 2.522595 0.1737141 -0.885946 2.824535
0.1668305 0.6842635 2.448786 0.07191733 0.518892 2.466286 -0.03253154 0.3943764 2.366557 0.2059393 0.4251043 2.611866 -0.01481647 0.1859661 2.246791 0.2712986 0.2340619 2.624063 0.1702388 0.1398054 2.142628 0.4133375 0.08250536 2.429486 0.302792 0.1358965 2.067457 0.4628849 0.02065249 2.411394 0.1188133 0.1701719 2.476994 0.1298167 0.1005988 2.480761 0.08795446 0.0256947 2.423714 0.1932523 0.01979797 2.538437 -0.01874776 -0.4970527 2.520874 0.1574815 -0.4612443 2.688463 -0.04705811 -0.8608364 2.579914 0.1177917 -0.8123018 2.768227 -0.01170267 -0.926917 2.522705 0.1596415 -0.8846378 2.812094
0.1631263 0.6866887 2.452537 0.06959723 0.5191498 2.468894 -0.03305897 0.394332 2.366538 0.2084327 0.4198476 2.617899 -0.004353049 0.1968154 2.234672 0.2747623 0.2339037 2.648775 0.1857206 0.1357642 2.105565 0.4208792 0.07885507 2.45647 0.3060685 0.1271267 2.029417 0.4961717 0.003308777 2.419979 0.1168032 0.1697647 2.478331 0.1278681 0.1001015 2.481914 0.08514684 0.02584327 2.42539 0.1918693 0.01883386 2.538853 -0.01910552 -0.4970057 2.520677 0.1567613 -0.4620171 2.688515 -0.04700614 -0.8607931 2.579679 0.1191298 -0.8097746 2.7669 -0.01178187 -0.9270235 2.522542 0.1588972 -0.8824877 2.811807
0.1611024 0.6871325 2.454864 0.06579913 0.5192403 2.471639 -0.03318775 0.394413 2.366379 0.2091952 0.4185379 2.620777 -0.02398558 0.2266677 2.221399 0.2746727 0.2312984 2.648315 0.2002122 0.1335333 2.072171 0.4435041 0.07388277 2.479649 0.3116414 0.1208695 1.993021 0.5261366 -0.01320792 2.437632 0.1119498 0.1686184 2.478235 0.1225877 0.09864882 2.481191 0.07896182 0.02544753 2.424574 0.1862134 0.01662241 2.536438 -0.0195173 -0.49508 2.519663 0.1561349 -0.4616073 2.688637 -0.04694581 -0.8600001 2.579733 0.1182876 -0.8088344 2.76626 -0.01130692 -0.9263213 2.523071 0.1626653 -0.881803 2.813966
0.1582332 0.689403 2.459367 0.06258874 0.5202578 2.473276 -0.03357362 0.3951524 2.366163 0.2094375 0.418108 2.622567 -0.01650406 0.2351925 2.211674 0.2747087 0.2258966 2.628614 0.2000784 0.1365084 2.054254 0.4520059 0.06557998 2.472903 0.3130558 0.116505 1.973074 0.5339507 -0.01600176 2.442788 0.1091515 0.1679036 2.478226 0.1198351 0.09763104 2.480901 0.07490909 0.02509425 2.423655 0.1845834 0.01550625 2.536072 -0.01991463 -0.4949647 2.519463 0.1556527 -0.4617966 2.688836 -0.04697701 -0.8609242 2.579705 0.1179581 -0.8090903 2.766298 -0.01166944 -0.9264824 2.522589 0.1625533 -0.8817239 2.813517
0.1547387 0.6911757 2.462998 0.06100783 0.52094 2.474443 -0.03365803 0.3982328 2.365668 0.209872 0.4175991 2.624488 -0.04644704 0.2537546 2.193491 0.2747088 0.2243847 2.62499 0.1791143 0.1517092 2.053228 0.4569736 0.0641477 2.47561 0.3130587 0.1158352 1.95456 0.5457747 -0.01958217 2.451711 0.1084191 0.1674046 2.481156 0.1193924 0.09680642 2.484433 0.07590015 0.02340227 2.427642 0.1836239 0.01391499 2.541114 -0.02015619 -0.4961931 2.519846 0.1548061 -0.4628583 2.689348 -0.04681695 -0.8622944 2.579968 0.1178922 -0.808843 2.76597 -0.01233925 -0.9273213 2.521397 0.1632163 -0.8819529 2.814419
0.1528229 0.6909629 2.463921 0.05979896 0.5213684 2.475325 -0.03479354 0.4026572 2.365465 0.2090453 0.4201898 2.62666 0.007029377 0.269253 2.188257 0.2716362 0.2244873 2.606981 0.1952017 0.1496426 2.033564 0.4620482 0.0615952 2.47278 0.3100472 0.1159285 1.935353 0.5125625 0.008044954 2.482874 0.1078668 0.168687 2.481333 0.1189676 0.09842859 2.484442 0.07527871 0.02491948 2.425764 0.1839016 0.0148041 2.541964 -0.02044015 -0.4956954 2.51995 0.1544559 -0.4628041 2.689558 -0.04681364 -0.86264 2.580262 0.1167747 -0.809508 2.767928 -0.01235528 -0.9273477 2.521281 0.1631324 -0.882749 2.815325
0.1510791 0.6922059 2.466153 0.05879185 0.5219437 2.476794 -0.03404828 0.4048251 2.365668 0.2080276 0.4220417 2.627615 0.006823219 0.2708205 2.18873 0.3506637 0.1916145 2.538517 0.2019762 0.1544907 2.014785 0.5139164 0.02326271 2.450428 0.3075905 0.1186931 1.928907 0.5639677 -0.03103543 2.458665 0.1068935 0.1696118 2.481317 0.1179567 0.09950722 2.484129 0.07396979 0.02612439 2.423476 0.183178 0.01544653 2.542219 -0.02040915 -0.4956151 2.520049 0.1540212 -0.4630635 2.690336 -0.0467525 -0.8626186 2.580308 0.1168429 -0.8214215 2.769182 -0.01260021 -0.9274959 2.521221 0.1589485 -0.8900331 2.81411
0.1499693 0.6939095 2.468051 0.058567 0.5222827 2.477291 -0.03355788 0.4064649 2.365593 0.2085849 0.4207322 2.62842 0.006458893 0.2716783 2.189122 0.3526951 0.1904476 2.542231 0.2007679 0.1569491 2.013012 0.5134952 0.02495517 2.454402 0.3047334 0.1234759 1.919693 0.5648326 -0.02832321 2.461275 0.1068153 0.1701216 2.481311 0.1179335 0.1000923 2.484007 0.07388593 0.02656166 2.422645 0.1834142 0.01589866 2.54242 -0.02069291 -0.4953755 2.519969 0.154089 -0.4623751 2.690432 -0.0465392 -0.8616851 2.579401 0.1161412 -0.8145345 2.766628 -0.0126531 -0.9275316 2.521224 0.1603112 -0.8838563 2.811352
0.1488648 0.6942555 2.469036 0.05848654 0.5225031 2.477602 -0.03321993 0.4071439 2.365191 0.2096884 0.4180041 2.629762 0.005988936 0.2717597 2.188653 0.3449889 0.179439 2.556967 0.1917614 0.1630666 2.012475 0.5157626 0.02439111 2.455548 0.3040858 0.1308278 1.915514 0.5741215 -0.03661532 2.46832 0.1067171 0.1704601 2.481327 0.117854 0.1004605 2.483952 0.07371441 0.02676789 2.421971 0.1834989 0.01602752 2.542647 -0.0205539 -0.4913723 2.519059 0.153779 -0.4627457 2.690856 -0.04650707 -0.8619162 2.579752 0.1170826 -0.8081683 2.76533 -0.01299828 -0.9275578 2.521436 0.1614955 -0.8861002 2.819464
0.148351 0.6946558 2.46995 0.05822154 0.5227977 2.477901 -0.03293053 0.4083227 2.365337 0.2098983 0.4173803 2.629764 -0.04824413 0.2666066 2.190706 0.3452264 0.1788717 2.556756 0.1678627 0.1743801 2.028363 0.5095749 0.02831176 2.463577 0.3025993 0.1342034 1.913106 0.5723811 -0.03162449 2.470135 0.1066202 0.1705991 2.481262 0.1177822 0.1005902 2.483824 0.07353081 0.02696465 2.421468 0.183527 0.01607533 2.542624 -0.02054655 -0.4914197 2.519157 0.1535442 -0.4636058 2.69145 -0.04677629 -0.8623877 2.579909 0.1170045 -0.8090379 2.765464 -0.01312436 -0.9276521 2.521133 0.1603693 -0.8879884 2.818191
0.1478924 0.6954979 2.470534 0.05796709 0.5232381 2.477932 -0.03156331 0.4099309 2.365255 0.2099269 0.4173183 2.629735 -0.04852766 0.2668949 2.192079 0.3447263 0.1786372 2.556078 0.1671201 0.1753208 2.02867 0.5127631 0.02683311 2.46282 0.3029271 0.1365724 1.913041 0.5710238 -0.02944213 2.469577 0.1067971 0.1708548 2.481392 0.1180963 0.1008416 2.483983 0.0741811 0.02726501 2.421685 0.1840957 0.01675304 2.54303 -0.02031039 -0.4904763 2.51882 0.1533371 -0.461813 2.690159 -0.04727796 -0.8607346 2.579572 0.1168374 -0.8091028 2.765579 -0.0123409 -0.9268979 2.52245 0.157174 -0.8790823 2.799354
0.1475511 0.6957506 2.470283 0.05773513 0.5239238 2.478048 -0.03075142 0.4102145 2.365048 0.209971 0.4171913 2.629747 -0.01400423 0.2625289 2.196527 0.3444264 0.1782575 2.556381 0.1810912 0.1684613 2.022423 0.5111163 0.02776271 2.463952 0.3020591 0.1385142 1.915523 0.5662762 -0.02727813 2.467866 0.1063575 0.1709525 2.481037 0.1175655 0.1008157 2.483451 0.07358502 0.02757129 2.42087 0.1832914 0.01654955 2.542382 -0.01964698 -0.4866631 2.517558 0.1532334 -0.4616699 2.690113 -0.04737823 -0.8603214 2.57999 0.117001 -0.8087873 2.765059 -0.01207924 -0.9264229 2.523042 0.1582927 -0.8792099 2.801389
0.1467357 0.6958053 2.470008 0.05821606 0.5237175 2.478348 -0.02997326 0.4097952 2.364319 0.2091707 0.4166282 2.626879 -0.01426294 0.2613462 2.196475 0.3440006 0.1773472 2.556442 0.1803669 0.1678849 2.025435 0.5108758 0.02775331 2.463395 0.3013864 0.1401048 1.920242 0.5617743 -0.02634611 2.465464 0.1064129 0.170653 2.480988 0.1175849 0.1004112 2.48332 0.0736502 0.02746188 2.420784 0.1830711 0.01621277 2.542184 -0.0190815 -0.4881103 2.518064 0.1531682 -0.4621568 2.690348 -0.04725174 -0.8607779 2.580443 0.116246 -0.8117391 2.767532 -0.01226129 -0.9264541 2.522316 0.174216 -0.8769752 2.832667
0.1448114 0.6966349 2.468693 0.05824301 0.5237128 2.478341 -0.02844274 0.4079186 2.36301 0.2083636 0.4176087 2.625371 -0.01699991 0.2556161 2.198904 0.3426422 0.1772966 2.559056 0.1787625 0.1672676 2.035419 0.4980974 0.03438523 2.459211 0.3002398 0.1418162 1.937975 0.5327146 -0.004481932 2.452353 0.1063988 0.1712354 2.480577 0.1175678 0.101242 2.482734 0.0746155 0.03012288 2.421044 0.1816375 0.01862754 2.539351 -0.01909516 -0.4880969 2.518064 0.1532219 -0.4619073 2.690213 -0.04747531 -0.8602933 2.580235 0.1167443 -0.8103757 2.765729 -0.01158446 -0.9261435 2.523073 0.1594185 -0.8755774 2.790506
0.1436329 0.6976864 2.468306 0.05831045 0.5239222 2.477943 -0.02750085 0.4051389 2.36137 0.2079873 0.4181537 2.624539 -0.01205517 0.2211686 2.206483 0.3364084 0.1741457 2.561501 0.1533915 0.1662811 2.083986 0.4677827 0.04079317 2.463007 0.2941251 0.1418738 1.962064 0.5191821 0.005679195 2.451375 0.1062115 0.1716437 2.48026 0.1173523 0.1016669 2.482444 0.07479577 0.03082457 2.421141 0.1806948 0.01904363 2.538725 -0.01911828 -0.490456 2.518607 0.1531711 -0.4628195 2.690392 -0.04736087 -0.860682 2.580673 0.1190071 -0.819304 2.766318 -0.01177798 -0.9263027 2.522706 0.1549867 -0.888381 2.801893
0.1415123 0.6986218 2.466079 0.05872008 0.52346 2.477718 -0.02768731 0.4018726 2.359335 0.2072229 0.4192379 2.620958 -0.0130001 0.2134447 2.208662 0.3341206 0.1741422 2.559916 0.1703039 0.1632974 2.080882 0.4616649 0.03566897 2.463808 0.2925521 0.1460318 1.99265 0.4858899 0.03755756 2.44381 0.1062815 0.1717228 2.480028 0.117399 0.1018226 2.482153 0.07501356 0.03098967 2.421171 0.1803846 0.01948393 2.537786 -0.01909741 -0.4904771 2.518477 0.1530796 -0.4633377 2.690474 -0.04751678 -0.8610201 2.580124 0.1185802 -0.8188245 2.765294 -0.01205881 -0.9264815 2.522534 0.1534785 -0.8882026 2.800588
0.139957 0.6993916 2.464256 0.06054452 0.5225464 2.476503 -0.02824042 0.400545 2.358436 0.2058111 0.4209654 2.614223 -0.02752556 0.2032813 2.227359 0.3313584 0.1748414 2.555629 0.1747266 0.1622949 2.089231 0.4439382 0.02244572 2.462326 0.2882208 0.1516038 2.027655 0.4683267 0.04569525 2.443768 0.1064414 0.1718272 2.479318 0.1173876 0.1020211 2.481418 0.07501308 0.03099235 2.42079 0.1801198 0.01969367 2.537066 -0.01929019 -0.4924481 2.518633 0.1531962 -0.4634077 2.690242 -0.0464054 -0.8640929 2.583631 0.1189422 -0.8128656 2.764837 -0.01228995 -0.9269242 2.522512 0.1549763 -0.8860497 2.80514
