0.07773431 0.6580375 2.339922 0.09969394 0.4868358 2.304678 0.03964105 0.3272122 2.150762 0.2081031 0.3422559 2.402688 0.2164224 0.2021699 1.988146 0.3425822 0.1485375 2.476355 0.3968643 0.1815094 1.921759 0.5825042 0.1026865 2.539801 0.4822517 0.1914327 1.889512 0.6624782 0.08740278 2.565367 0.09733865 0.02453551 2.290437 0.09671573 -0.0674362 2.290051 0.04973547 -0.1028582 2.257646 0.1462643 -0.1209827 2.314837 0.009645764 -0.5128605 2.313147 0.1604634 -0.4976498 2.505088 -0.02828771 -0.8706369 2.392341 0.2001512 -0.8462664 2.580297 0.01526348 -0.9521636 2.408051 0.1633445 -0.9198122 2.566513
0.1122003 0.6626077 2.351351 0.1000382 0.4904529 2.307232 0.04005928 0.3287093 2.15288 0.2084474 0.3458729 2.405242 0.2205427 0.2210873 1.980606 0.3456029 0.1606621 2.490736 0.396321 0.2200868 1.897274 0.5844213 0.1276868 2.563665 0.4748916 0.2400639 1.854182 0.5608597 0.1396579 2.635718 0.09762657 0.02568454 2.289953 0.09705252 -0.06655969 2.289337 0.04973558 -0.09952187 2.260684 0.1469345 -0.1155046 2.307323 0.009237111 -0.5099612 2.313277 0.1605309 -0.4969746 2.50499 -0.02867767 -0.8726485 2.392412 0.1996926 -0.8457342 2.580282 0.0156573 -0.9525651 2.408234 0.2601272 -0.9049722 2.629693
0.1131731 0.6653551 2.351478 0.1008042 0.493161 2.309925 0.03957312 0.3314253 2.155307 0.2092133 0.348581 2.407935 0.2217775 0.2391478 1.974903 0.3488978 0.1731291 2.505431 0.396291 0.2357845 1.888545 0.5319037 0.1553064 2.554682 0.4848075 0.2774435 1.826433 0.5958203 0.152694 2.577331 0.09747876 0.02805726 2.289396 0.09679311 -0.06424645 2.288291 0.04870328 -0.09618941 2.26243 0.1462322 -0.1116473 2.303621 0.00907065 -0.5070547 2.312858 0.160466 -0.4968059 2.505255 -0.0276833 -0.872844 2.391821 0.1992542 -0.8453375 2.579963 0.01837226 -0.9531738 2.407108 0.1705293 -0.9086038 2.559508
0.1163522 0.6685416 2.352072 0.1028511 0.4964173 2.312246 0.03919696 0.3345535 2.157301 0.2112602 0.3518374 2.410255 0.2080278 0.2435025 1.96171 0.3477231 0.1807936 2.517181 0.3862458 0.2521017 1.885404 0.5225568 0.1505553 2.569733 0.4624621 0.2745495 1.839396 0.6105142 0.1545776 2.595749 0.09808419 0.03274416 2.288186 0.09714933 -0.05931198 2.286322 0.04814613 -0.09132397 2.263937 0.1466825 -0.1061727 2.298452 0.009760328 -0.5025315 2.312902 0.1608933 -0.4976852 2.505557 -0.0275966 -0.8724172 2.391168 0.19912 -0.8458919 2.580138 0.01530666 -0.9506148 2.405742 0.265466 -0.903702 2.623256
0.1171621 0.6705753 2.353155 0.1037559 0.4984423 2.313491 0.04038138 0.3338553 2.158099 0.2121651 0.3538624 2.4115 0.2247315 0.278098 1.963389 0.3479472 0.1898042 2.527614 0.3930808 0.2861886 1.864084 0.5221969 0.1486782 2.575662 0.4740404 0.2957678 1.821855 0.6041903 0.1643798 2.613873 0.09793113 0.03549555 2.286399 0.0967501 -0.0563954 2.283729 0.04757572 -0.08906357 2.263278 0.1458516 -0.1019117 2.293915 0.01040144 -0.5003482 2.312471 0.1611393 -0.4953825 2.505244 -0.02666938 -0.8691419 2.390193 0.1993385 -0.8459115 2.580204 0.009689711 -0.9455187 2.409227 0.2666501 -0.9030576 2.622707
0.1166336 0.6735224 2.353273 0.1061868 0.5011859 2.315006 0.04106833 0.3340606 2.158539 0.214596 0.3566061 2.413016 0.2240884 0.2810014 1.961524 0.3443465 0.1944528 2.536749 0.3921157 0.2898293 1.86166 0.5179148 0.1556673 2.588167 0.4659349 0.3516086 1.801238 0.5976307 0.1735602 2.630058 0.09833428 0.0376657 2.285701 0.09688668 -0.05440505 2.28277 0.04729633 -0.08743367 2.263009 0.1459934 -0.1003376 2.292952 0.0126523 -0.4980248 2.317956 0.1611566 -0.4951128 2.505595 -0.0273361 -0.871438 2.391964 0.1997108 -0.84592 2.580119 0.01033095 -0.9479017 2.409113 0.2668341 -0.9032166 2.622718
0.116627 0.6760272 2.354729 0.1089405 0.5035427 2.316038 0.04161374 0.3339509 2.158822 0.2173496 0.3589629 2.414048 0.2221643 0.2854806 1.957862 0.3429518 0.1988154 2.543375 0.3899437 0.2973036 1.857872 0.5180414 0.1766545 2.598429 0.4636174 0.3515421 1.802617 0.6012293 0.201128 2.628603 0.09773964 0.04117924 2.284513 0.09550311 -0.05050274 2.281057 0.04446654 -0.08424799 2.263353 0.145092 -0.09588249 2.289107 0.01363918 -0.4966657 2.318953 0.1614048 -0.4949754 2.50573 -0.02186269 -0.892854 2.401916 0.1996996 -0.8459125 2.580128 0.01447247 -0.955135 2.408786 0.266246 -0.8998538 2.627722
0.1164181 0.6772968 2.355285 0.1105122 0.5047407 2.316441 0.04169364 0.3335119 2.159348 0.2189213 0.3601609 2.414451 0.2203774 0.2892157 1.955388 0.342188 0.2019198 2.54756 0.3860306 0.3064489 1.852271 0.5173203 0.1898251 2.60499 0.460372 0.3830254 1.790824 0.5979347 0.2130258 2.642309 0.1004143 0.0430642 2.284164 0.0984012 -0.04870942 2.280606 0.04604129 -0.08351573 2.263289 0.1490412 -0.09438443 2.288727 0.01414046 -0.4945394 2.316963 0.1616981 -0.4951067 2.506065 -0.0225407 -0.8845474 2.398609 0.1996554 -0.8461246 2.580185 0.01187574 -0.948619 2.409331 0.2667127 -0.9010485 2.625901
0.1164844 0.6780387 2.354756 0.1110103 0.5054725 2.316875 0.04184244 0.3322591 2.159982 0.2194194 0.3608927 2.414885 0.2165346 0.2945766 1.950615 0.3412281 0.2048869 2.551292 0.3839094 0.3111017 1.850606 0.5166925 0.1941609 2.608121 0.4595776 0.3873236 1.791072 0.5977141 0.2169407 2.644812 0.09964582 0.04454965 2.283383 0.09723922 -0.04705898 2.279481 0.04490092 -0.08224696 2.262877 0.1475825 -0.09281564 2.28691 0.01515446 -0.4935715 2.316428 0.1700911 -0.4826168 2.507142 -0.02315304 -0.8844948 2.398735 0.1985904 -0.8450097 2.58016 0.01108945 -0.9492205 2.409894 0.2666605 -0.9000859 2.624164
0.1137534 0.6783788 2.355076 0.1114257 0.5057386 2.316926 0.04154228 0.3318129 2.160496 0.2198349 0.3611588 2.414935 0.2130632 0.2971288 1.947575 0.3419667 0.2073261 2.553165 0.3810996 0.3134709 1.848817 0.5171479 0.1975739 2.610842 0.4593314 0.3898643 1.791626 0.5984364 0.2200409 2.647135 0.09981446 0.04549707 2.282975 0.09736028 -0.04604698 2.279013 0.04477822 -0.08138833 2.262796 0.1478311 -0.0923039 2.286291 0.01704835 -0.4936342 2.310551 0.1703116 -0.4829834 2.507695 -0.01769708 -0.8709772 2.389023 0.1978673 -0.8435936 2.579092 0.04611946 -0.9117669 2.349969 0.2656 -0.898679 2.623603
0.1138034 0.6792253 2.354719 0.113427 0.5065751 2.317297 0.04146564 0.3313584 2.160697 0.2218362 0.3619952 2.415306 0.2103315 0.298476 1.94505 0.3406715 0.208062 2.555846 0.378179 0.3160127 1.846154 0.5169257 0.1992912 2.61095 0.4591799 0.3919098 1.79223 0.5987586 0.2224138 2.645569 0.1027502 0.04710938 2.282653 0.1005764 -0.04438331 2.278605 0.0465816 -0.08072583 2.262779 0.1525164 -0.0909512 2.285493 0.01804736 -0.4928884 2.310727 0.1708058 -0.4838495 2.507654 -0.01883714 -0.8726652 2.390045 0.1977011 -0.8421884 2.578231 0.0126142 -0.9496053 2.408913 0.2648292 -0.9009246 2.618819
0.1137503 0.6798462 2.354023 0.1137938 0.5072045 2.317369 0.0414109 0.3312024 2.160863 0.222203 0.3626247 2.415379 0.2072408 0.2993031 1.942388 0.3395532 0.2109666 2.559032 0.3761706 0.316349 1.845544 0.5170335 0.1982554 2.610237 0.4590813 0.3931653 1.793242 0.5989705 0.2215214 2.644512 0.1027658 0.04812449 2.282161 0.1005252 -0.04335918 2.278026 0.04642334 -0.0800201 2.262646 0.1525529 -0.08985627 2.284416 0.01881206 -0.4922426 2.310615 0.1710337 -0.4832644 2.506515 -0.02472187 -0.8735508 2.392362 0.2007036 -0.8455505 2.581682 0.0128708 -0.9484533 2.406681 0.1646611 -0.9111134 2.561963
0.1132259 0.6804778 2.353972 0.1141814 0.5078384 2.317356 0.04138983 0.3312279 2.160898 0.2225906 0.3632586 2.415366 0.2039642 0.2997308 1.939598 0.3383286 0.2117536 2.560262 0.3737001 0.3193063 1.844967 0.5164463 0.1991056 2.609699 0.4589742 0.393749 1.793749 0.5984184 0.2232555 2.643273 0.1026348 0.04885006 2.281595 0.1002926 -0.04264922 2.27736 0.04619142 -0.0792515 2.262068 0.1522466 -0.08940112 2.283752 0.01893791 -0.4914665 2.310248 0.1711088 -0.4835202 2.506554 -0.01729557 -0.8907046 2.396744 0.2004134 -0.8450553 2.581335 0.01624643 -0.9540286 2.407304 0.2668861 -0.9021809 2.62517
0.1130092 0.6810282 2.353949 0.1145935 0.5083916 2.317273 0.041265 0.3312468 2.160868 0.2230027 0.3638117 2.415283 0.2008331 0.2992277 1.937185 0.3394352 0.2125351 2.559911 0.3715727 0.3180691 1.844502 0.5170764 0.199392 2.61059 0.4586919 0.393758 1.794539 0.5992305 0.2236997 2.643601 0.1029004 0.04945885 2.281404 0.1005359 -0.04208639 2.277184 0.04629562 -0.07892976 2.261908 0.1525361 -0.08899556 2.283674 0.01924698 -0.4911723 2.309995 0.1712144 -0.4852145 2.506916 -0.01927612 -0.882697 2.394582 0.2003813 -0.8449993 2.581313 0.01404726 -0.9507552 2.408415 0.2667038 -0.9024659 2.62493
0.113149 0.681006 2.354087 0.1142199 0.5083601 2.317102 0.03918949 0.3318764 2.160684 0.2226291 0.3637803 2.415111 0.1972192 0.2977698 1.936114 0.3390139 0.2118526 2.559195 0.3687132 0.3173701 1.845257 0.5174492 0.2027975 2.608357 0.4514046 0.3832347 1.804302 0.5995829 0.2284303 2.640404 0.1026551 0.04963133 2.281211 0.1003319 -0.04190213 2.277009 0.04601702 -0.07876077 2.261631 0.1524565 -0.08894233 2.283632 0.02001094 -0.4908397 2.311251 0.1714182 -0.4848668 2.506682 -0.01857441 -0.8819579 2.395084 0.2006932 -0.8452163 2.580825 0.01379648 -0.9508733 2.407632 0.2669612 -0.9020139 2.625392
0.1134798 0.6809438 2.354012 0.1143689 0.5082971 2.317113 0.03860073 0.3314211 2.16031 0.2227781 0.3637173 2.415122 0.1932664 0.2945603 1.933593 0.3385498 0.2117841 2.559621 0.3661228 0.3167364 1.846543 0.5180506 0.2035761 2.605777 0.4495179 0.3774911 1.809727 0.6002297 0.2304377 2.63668 0.1027452 0.0496577 2.281163 0.1004235 -0.04186904 2.276957 0.04594832 -0.0788854 2.261352 0.152905 -0.0889762 2.283763 0.02101304 -0.4906069 2.31369 0.1715261 -0.4859271 2.506426 -0.025676 -0.8875296 2.400568 0.2004466 -0.8444623 2.580348 0.01267424 -0.9515185 2.408701 0.2663465 -0.9015826 2.625048
0.1144365 0.6807824 2.35336 0.1142759 0.5081385 2.316864 0.03363793 0.3322733 2.160218 0.2226851 0.3635587 2.414873 0.187159 0.2917586 1.933325 0.3348484 0.2107494 2.560996 0.3608117 0.3157984 1.848767 0.5162765 0.2033956 2.601104 0.4382481 0.3560906 1.820303 0.5993893 0.2311139 2.628563 0.1042786 0.0523655 2.279287 0.1027277 -0.03792477 2.274528 0.04660449 -0.07901521 2.26056 0.1581695 -0.07969865 2.278625 0.02270801 -0.4909028 2.312239 0.1714603 -0.4861769 2.505906 -0.0184217 -0.8920696 2.401807 0.1997541 -0.8438252 2.580135 0.01628781 -0.9553316 2.408115 0.2655512 -0.9009492 2.624982
0.1173264 0.6799235 2.352534 0.113847 0.507304 2.315341 0.03208775 0.3327087 2.159314 0.2222562 0.3627242 2.413351 0.1839967 0.2892006 1.93182 0.3338742 0.2116431 2.561346 0.3592276 0.3126758 1.851031 0.5168459 0.2024173 2.595573 0.4399846 0.3515577 1.831117 0.6010587 0.2292278 2.620463 0.1046206 0.05291275 2.278651 0.1031629 -0.03724954 2.274024 0.04676706 -0.07918961 2.260431 0.1588192 -0.07858219 2.277914 0.02440029 -0.4911032 2.312489 0.1735249 -0.4821787 2.506882 -0.01923433 -0.877305 2.394032 0.1987261 -0.8445306 2.582486 0.0166752 -0.9522249 2.407396 0.2612474 -0.8852928 2.54136
0.1180178 0.6791824 2.352837 0.1133012 0.5065792 2.313193 0.03041493 0.3327015 2.15858 0.2217104 0.3619994 2.411203 0.1786121 0.2860188 1.92904 0.3333897 0.2143182 2.562056 0.3565816 0.3094299 1.855809 0.5177045 0.1994922 2.589138 0.4420033 0.3406873 1.8433 0.6049188 0.2236676 2.604616 0.1050969 0.053337 2.277491 0.1037462 -0.03676688 2.273069 0.04722022 -0.079795 2.25996 0.1596137 -0.0776507 2.276471 0.02400976 -0.4914159 2.313552 0.1730708 -0.4848778 2.507244 -0.01900281 -0.8762025 2.394577 0.197251 -0.842014 2.580405 0.01569425 -0.9518185 2.408048 0.2569629 -0.9087756 2.62017
0.1213932 0.6776238 2.353343 0.1135922 0.5051584 2.311009 0.0271921 0.3316677 2.158164 0.2220014 0.3605787 2.409018 0.1594347 0.278201 1.919504 0.3310731 0.2178745 2.565497 0.3468981 0.304774 1.862123 0.5166289 0.1973151 2.583316 0.4365662 0.3245007 1.861081 0.6070026 0.2129842 2.579112 0.1054615 0.05361145 2.276775 0.1041005 -0.03637413 2.272551 0.04720251 -0.08064845 2.259156 0.160242 -0.07737315 2.276231 0.02368062 -0.4921521 2.313359 0.1729124 -0.4872869 2.507102 -0.02079705 -0.8704176 2.391614 0.1986322 -0.8427292 2.580352 0.01647374 -0.9517165 2.408059 0.2456743 -0.9191551 2.617217
0.1217626 0.6769686 2.352624 0.1133656 0.5045434 2.309621 0.02253804 0.3316503 2.157586 0.2217748 0.3599636 2.407631 0.1485493 0.2757874 1.918685 0.3301633 0.2231548 2.568969 0.3404461 0.2949537 1.871083 0.5152477 0.1913138 2.579156 0.4225627 0.3056871 1.883388 0.6030253 0.1936739 2.552319 0.1059949 0.05414119 2.276091 0.1047968 -0.03563794 2.271996 0.04730153 -0.08117487 2.258676 0.1618693 -0.0765729 2.275836 0.0225583 -0.4925682 2.313116 0.1715713 -0.4912194 2.506459 -0.02073826 -0.870461 2.391613 0.1985359 -0.8424639 2.580004 0.01752822 -0.9519306 2.404935 0.261043 -0.9068824 2.619337
0.1229879 0.6745936 2.346962 0.1144229 0.5021369 2.306952 0.02090927 0.3309963 2.157107 0.2228321 0.3575572 2.404962 0.1213676 0.2739194 1.917923 0.3305053 0.2259963 2.570427 0.3344764 0.2833657 1.881966 0.5154147 0.1879423 2.570601 0.4087353 0.2854964 1.899169 0.5988724 0.1762999 2.534131 0.1065516 0.05376355 2.275532 0.1052257 -0.03584354 2.271726 0.04754205 -0.08266187 2.258204 0.162793 -0.07745221 2.275687 0.02249114 -0.4940334 2.312661 0.171577 -0.49124 2.50666 -0.02306882 -0.8774019 2.398349 0.1984981 -0.8425905 2.580128 0.01339822 -0.9518975 2.404721 0.2622889 -0.9035051 2.622839
0.1226223 0.6743972 2.346537 0.1145497 0.5019197 2.305897 0.02092078 0.3311347 2.157063 0.2229589 0.3573399 2.403907 0.115264 0.2747732 1.915016 0.3303447 0.2291426 2.571801 0.315568 0.2674281 1.894255 0.5132723 0.1819581 2.54709 0.3887414 0.256746 1.918334 0.4970239 0.1696885 2.49439 0.1069977 0.0538355 2.274931 0.1056802 -0.03573832 2.271302 0.04772076 -0.08296722 2.258014 0.1634716 -0.0772324 2.275213 0.02228483 -0.4944465 2.31167 0.1718726 -0.4905596 2.506228 -0.02458631 -0.8718478 2.39609 0.1989708 -0.8427649 2.579983 0.01317945 -0.9483935 2.404319 0.2631221 -0.9026877 2.623549
0.1226639 0.673538 2.342845 0.1154621 0.50102 2.304795 0.01921981 0.331287 2.157056 0.2238713 0.3564402 2.402805 0.1093375 0.2746589 1.91375 0.3307825 0.2294777 2.571773 0.3109074 0.2482333 1.910486 0.5065162 0.1705268 2.52027 0.3715111 0.2307984 1.935567 0.4829904 0.1587193 2.483616 0.1079389 0.05369975 2.274579 0.1066318 -0.03576649 2.271137 0.04813642 -0.08382819 2.258103 0.1654408 -0.07793411 2.274894 0.02201649 -0.4952937 2.31158 0.172154 -0.4905947 2.506096 -0.0251424 -0.8684219 2.392915 0.1986549 -0.8423873 2.579456 0.01538243 -0.9492153 2.405816 0.2633812 -0.9016641 2.623057
0.1228823 0.6731142 2.341077 0.1175337 0.5005276 2.302972 0.01953838 0.3307109 2.155902 0.2259429 0.3559477 2.400982 0.1039627 0.275489 1.912817 0.3286542 0.2306821 2.573278 0.2976358 0.2288325 1.925381 0.4814129 0.1430934 2.490643 0.3531196 0.2051866 1.956497 0.4626372 0.149102 2.473869 0.1084303 0.05394735 2.274049 0.1069292 -0.03547921 2.270826 0.04893636 -0.08462794 2.252211 0.1655445 -0.07891361 2.277946 0.02166584 -0.4949157 2.312165 0.1719824 -0.4916861 2.506166 -0.02540054 -0.868177 2.393042 0.1972719 -0.8411651 2.579465 0.01604743 -0.9493638 2.406718 0.2570732 -0.8823841 2.534889
0.1225088 0.6717427 2.340808 0.1188502 0.4991074 2.301722 0.0216757 0.3288441 2.154055 0.2272594 0.3545275 2.399732 0.1013731 0.2742623 1.911838 0.332928 0.2137084 2.559654 0.2740141 0.2083286 1.939438 0.465369 0.1017536 2.470595 0.3508807 0.1762339 1.978066 0.4205112 0.139917 2.477862 0.108504 0.05270639 2.273617 0.1067873 -0.03670638 2.270598 0.04871723 -0.08770617 2.248664 0.1636854 -0.08371875 2.282632 0.02197519 -0.4972323 2.312948 0.1719424 -0.4921893 2.506232 -0.02806835 -0.8776559 2.396755 0.2000723 -0.8433011 2.580935 0.01267711 -0.9531779 2.417763 0.2651822 -0.9021701 2.624519
0.1233626 0.6651376 2.339903 0.1228057 0.4924679 2.299407 0.02921769 0.3262965 2.149507 0.2312149 0.3478881 2.397417 0.05091611 0.2813782 1.917628 0.3101594 0.1945645 2.560686 0.232495 0.2122685 1.939176 0.4448858 0.07889189 2.481936 0.3007112 0.1710678 1.98478 0.4853686 0.04486232 2.439405 0.1093653 0.04758885 2.273161 0.1070955 -0.04157317 2.270602 0.0496662 -0.09169728 2.246238 0.1620814 -0.09144281 2.28721 0.02158667 -0.5007443 2.31255 0.1721059 -0.4925945 2.506479 -0.0276258 -0.8774729 2.396251 0.1977407 -0.8463277 2.58322 0.01315548 -0.9532812 2.413382 0.246456 -0.9151186 2.617446
0.1241277 0.6632548 2.339189 0.1234071 0.4905887 2.29825 0.04075909 0.3278027 2.14702 0.2318163 0.3460088 2.39626 0.04976558 0.2811564 1.918664 0.3086011 0.1932139 2.560842 0.2241588 0.1988076 1.950561 0.4018883 0.06752604 2.441186 0.286032 0.1522785 1.99827 0.4427554 0.03292338 2.399493 0.1101429 0.04296011 2.271974 0.1077916 -0.04676702 2.269615 0.05166624 -0.09424599 2.244801 0.1612716 -0.09399833 2.287349 0.02064105 -0.5030677 2.311174 0.172225 -0.4922781 2.506274 -0.0209917 -0.8736584 2.395617 0.1977665 -0.8462763 2.583017 0.01513874 -0.9537486 2.412117 0.2641822 -0.9087994 2.618855
0.1246029 0.6633512 2.33874 0.1235921 0.4906835 2.298064 0.05726288 0.3298922 2.149543 0.2320013 0.3461036 2.396073 0.04250404 0.2806046 1.922078 0.307584 0.1936866 2.561437 0.2147106 0.1824838 1.965104 0.3939573 0.06629056 2.438041 0.2749116 0.1379754 2.008134 0.4348243 0.03168799 2.396348 0.1203812 0.08049386 2.270955 0.1210311 0.004237212 2.268995 0.08082443 -0.05933489 2.21347 0.160045 -0.05211689 2.314679 0.02134764 -0.4925281 2.30887 0.1719207 -0.4947885 2.50637 -0.02150206 -0.8739083 2.394938 0.1985065 -0.8446881 2.581201 0.01440521 -0.9536881 2.413269 0.245818 -0.9161633 2.607903
0.1250801 0.6632591 2.338264 0.1236749 0.490591 2.297959 0.1097196 0.3712551 2.141021 0.2320841 0.3460111 2.395968 0.03857766 0.2770595 1.926811 0.306792 0.1936918 2.561754 0.2375206 0.1460944 2.007577 0.3858879 0.06004246 2.440319 0.3005216 0.1243888 2.020441 0.426755 0.02543982 2.398626 0.1191209 0.07955564 2.271106 0.1179571 0.00058044 2.269367 0.08089211 -0.05926766 2.21366 0.1470474 -0.06173164 2.314944 0.02091016 -0.4952638 2.310327 0.171943 -0.4949778 2.506243 -0.02258791 -0.8739006 2.394081 0.1991007 -0.8440467 2.581037 0.01398093 -0.953504 2.406943 0.2655978 -0.9015052 2.624412
0.1255364 0.6632912 2.337498 0.1237695 0.4906228 2.297894 0.09194966 0.3479189 2.147542 0.2321787 0.3460429 2.395903 0.0357901 0.2716399 1.931358 0.3062544 0.1939334 2.5621 0.2353294 0.1422984 2.013104 0.3810719 0.05235102 2.436996 0.2698835 0.08733879 2.032883 0.4219391 0.01774825 2.395303 0.1260802 0.08371325 2.27051 0.1273341 0.004670074 2.268471 0.08987656 -0.05963507 2.212039 0.1733919 -0.03840875 2.314924 0.02036567 -0.494569 2.309753 0.1713644 -0.4957291 2.505838 -0.02334075 -0.8715774 2.39036 0.1992038 -0.8439422 2.581092 0.01492176 -0.9518294 2.405243 0.267252 -0.8837154 2.548687
0.1261909 0.6629485 2.337513 0.123356 0.4902931 2.298128 0.09029348 0.3451245 2.147976 0.2317652 0.3457133 2.396138 0.03423081 0.2666162 1.936011 0.3041421 0.1937199 2.563073 0.2325318 0.1373378 2.020401 0.3794155 0.06116817 2.436436 0.259261 0.07549892 2.028603 0.3658683 -0.005261566 2.439492 0.1284282 0.08423694 2.270781 0.1306805 0.004966174 2.268672 0.09490609 -0.06036709 2.212111 0.1741558 -0.03834615 2.315062 0.02012647 -0.4948844 2.30948 0.1712018 -0.4950314 2.505234 -0.02476042 -0.8726053 2.38995 0.1994399 -0.8438199 2.581015 0.01414951 -0.9508761 2.402689 0.2658072 -0.9019176 2.623734
0.1271205 0.6628169 2.337326 0.1234047 0.4901775 2.298129 0.08909575 0.342825 2.148286 0.2318138 0.3455976 2.396138 0.0321827 0.2615948 1.94199 0.3039125 0.1936644 2.563226 0.2312959 0.1346815 2.027821 0.3802319 0.05890869 2.434337 0.2562562 0.07443754 2.04662 0.3815459 -0.008517321 2.426735 0.1263891 0.08105204 2.270825 0.1269118 -0.0007059954 2.268673 0.0917593 -0.06195296 2.214148 0.1638448 -0.05085706 2.311621 0.01947013 -0.4963204 2.310647 0.1709785 -0.4955242 2.504932 -0.02972264 -0.8816999 2.395728 0.1994878 -0.8438061 2.58102 0.01398081 -0.9511811 2.402988 0.2659107 -0.9018545 2.623722
0.1271256 0.6627251 2.337252 0.1234157 0.4900849 2.298048 0.08785709 0.3410833 2.14792 0.2318248 0.345505 2.396058 0.03647036 0.2437227 1.954811 0.3036394 0.1936093 2.563281 0.2298523 0.1095627 2.02673 0.3826482 0.05628013 2.433686 0.2776735 0.07824469 2.06331 0.3989458 -0.009463754 2.429453 0.1263476 0.08113089 2.270907 0.1268553 -0.0005609349 2.268814 0.09164813 -0.06334652 2.213006 0.1632729 -0.05142148 2.314553 0.0200161 -0.4961766 2.311138 0.1711389 -0.4956643 2.505202 -0.03058492 -0.8744781 2.391711 0.2002878 -0.8441282 2.581103 0.01403128 -0.9510899 2.403228 0.2594765 -0.9017851 2.611422
0.1274937 0.662504 2.337318 0.1233556 0.4898728 2.297963 0.08679921 0.3398792 2.147405 0.2317648 0.3452929 2.395972 0.05494373 0.2112836 1.972486 0.3032308 0.1934339 2.563354 0.2217699 0.1083638 2.023392 0.393888 0.04356454 2.424886 0.2794636 0.06570527 2.06893 0.4090328 -0.02259003 2.424937 0.1260633 0.08046673 2.271011 0.1265292 -0.00136778 2.268961 0.09108818 -0.06541806 2.212386 0.1626423 -0.05316713 2.3157 0.01966256 -0.4963252 2.311119 0.1712305 -0.4955568 2.50516 -0.02580073 -0.8736985 2.391258 0.1993809 -0.8438678 2.580201 0.01456981 -0.9516178 2.400063 0.2647514 -0.9037954 2.621921
0.1275359 0.6620442 2.33734 0.1231409 0.4894187 2.297886 0.08487397 0.3363021 2.144867 0.2315501 0.3448387 2.395896 0.06184527 0.1969674 1.977881 0.3026017 0.1930385 2.563477 0.2389943 0.0845087 2.041665 0.4072158 0.0285778 2.421602 0.2924852 0.04625434 2.083333 0.4366815 -0.03122054 2.408884 0.1253733 0.07360828 2.27196 0.1258415 -0.01047505 2.270265 0.0896375 -0.07407914 2.21417 0.1627624 -0.05871845 2.316822 0.01842732 -0.4970195 2.310947 0.1713575 -0.4963325 2.505228 -0.02506363 -0.8676941 2.389763 0.198406 -0.8425684 2.578254 0.01791744 -0.9511256 2.404692 0.2575458 -0.9103863 2.617093
0.1285359 0.6615441 2.337711 0.1232004 0.4889448 2.298047 0.08371243 0.3348121 2.144185 0.2316096 0.3443649 2.396057 0.07450132 0.172836 1.993369 0.3024415 0.1926804 2.563809 0.2810177 0.05410869 2.074064 0.4296379 0.007381454 2.42785 0.3311649 0.02581397 2.109987 0.4558537 -0.05334532 2.412658 0.1254145 0.07415842 2.272731 0.1259018 -0.009271611 2.271362 0.08966512 -0.07411066 2.214108 0.1627275 -0.05882771 2.320685 0.01779952 -0.4972427 2.310958 0.1716952 -0.4958191 2.505295 -0.02516339 -0.870645 2.390732 0.1994203 -0.8457793 2.581612 0.01192626 -0.9510423 2.411927 0.264208 -0.9071711 2.622096
0.1289979 0.6612145 2.338544 0.1232797 0.4886276 2.29856 0.08183856 0.3331963 2.143956 0.2316889 0.3440477 2.39657 0.08289789 0.1562035 2.003588 0.3022417 0.1924762 2.564513 0.2966633 0.04456735 2.076436 0.4352189 0.006674379 2.435646 0.3541984 0.01789309 2.100602 0.4614346 -0.05405267 2.420455 0.1253335 0.07519986 2.273814 0.1257719 -0.007578732 2.2726 0.08977456 -0.07336615 2.214606 0.162413 -0.05890161 2.321543 0.01720485 -0.4959628 2.31004 0.1716248 -0.4958839 2.505409 -0.02507561 -0.8694707 2.390152 0.1993519 -0.8463604 2.581596 0.01537548 -0.951677 2.411107 0.2477152 -0.9208326 2.623074
0.1289869 0.6608531 2.338644 0.1232771 0.4882648 2.298786 0.07783686 0.3307032 2.143358 0.2316863 0.3436849 2.396796 0.09940317 0.1458919 2.011052 0.3020506 0.1921884 2.564867 0.3227457 0.03966456 2.064176 0.4494464 0.009150803 2.449909 0.3872828 0.02111164 2.074004 0.5111204 -0.003594502 2.475202 0.1249889 0.07621933 2.274436 0.125279 -0.005897092 2.273315 0.08953614 -0.07271149 2.214936 0.1620076 -0.05881371 2.321936 0.01800162 -0.4940925 2.309511 0.1702675 -0.4960366 2.505481 -0.02633727 -0.8681201 2.389798 0.1987885 -0.846506 2.581772 0.01374787 -0.9512285 2.414751 0.2576507 -0.9111078 2.62103
0.1289088 0.6607284 2.338814 0.1231153 0.4881417 2.299067 0.07469705 0.3295079 2.143886 0.2315244 0.3435618 2.397077 0.1589197 0.1224691 2.025511 0.3015967 0.1921576 2.565327 0.3427783 0.04291786 2.058475 0.4304085 -0.007921264 2.457476 0.4168321 0.03101289 2.056422 0.507726 -0.03027546 2.441195 0.1237008 0.08157347 2.27537 0.1236699 0.001706779 2.274143 0.08838314 -0.07049174 2.212715 0.1607348 -0.05688673 2.324775 0.0256826 -0.4956865 2.319681 0.169981 -0.4966907 2.505732 -0.02671883 -0.8684844 2.389101 0.1991077 -0.8467968 2.582676 0.01503099 -0.9515605 2.41192 0.2640037 -0.906351 2.625658
0.1290473 0.6606252 2.338996 0.1227708 0.4880549 2.299217 0.07039055 0.3282559 2.144724 0.2311799 0.343475 2.397227 0.1866543 0.1228884 2.021741 0.3245621 0.1208829 2.456691 0.3855748 0.06749056 2.023518 0.4483185 -0.02039179 2.466888 0.4529274 0.05947205 2.021254 0.5076959 -0.008582198 2.456597 0.1233187 0.08293223 2.275686 0.123384 0.003149205 2.274408 0.0879254 -0.06997862 2.212119 0.1606009 -0.05637966 2.325861 0.02477593 -0.4964341 2.31793 0.1698907 -0.4955643 2.505047 -0.02579583 -0.8741682 2.393574 0.1976301 -0.8457294 2.581801 0.01408374 -0.9524598 2.412759 0.2630602 -0.9047028 2.624776
0.1286808 0.6603425 2.339483 0.1220444 0.4877851 2.29961 0.06570236 0.3273667 2.144965 0.2304536 0.3432052 2.39762 0.2042375 0.1367457 2.018712 0.3260339 0.1232607 2.461408 0.3920379 0.08732549 2.006965 0.4727759 0.008813627 2.482704 0.4718364 0.1026595 1.991696 0.5633829 -0.002063081 2.492843 0.1214653 0.0871289 2.275914 0.1213267 0.008491452 2.274423 0.08480848 -0.06740046 2.208358 0.1594756 -0.05460901 2.32813 0.02412624 -0.496081 2.316882 0.1698787 -0.4955788 2.505227 -0.02525224 -0.8708508 2.391961 0.194446 -0.8406348 2.576024 0.01549123 -0.9504595 2.410196 0.2585498 -0.8994293 2.621189
0.1285186 0.6606137 2.339755 0.1212587 0.4880795 2.300393 0.06134133 0.3280702 2.146993 0.2296679 0.3434996 2.398403 0.2187716 0.1591802 2.01021 0.3292383 0.1262763 2.464458 0.4034224 0.1285462 1.968823 0.4762739 0.01630743 2.497175 0.4925813 0.1424812 1.951873 0.5208691 0.03254844 2.48577 0.1147495 0.03251051 2.289366 0.1144404 -0.05893106 2.289448 0.06486238 -0.1071065 2.246997 0.1635901 -0.1079576 2.326836 0.02110607 -0.5136237 2.318961 0.1699423 -0.4955947 2.505371 -0.02360811 -0.8747013 2.395007 0.1965682 -0.840187 2.57713 0.014585 -0.9514952 2.410964 0.2611626 -0.8985672 2.622134
0.1284543 0.6603772 2.339903 0.1211493 0.4878442 2.300736 0.0599578 0.3282466 2.147694 0.2295585 0.3432643 2.398746 0.232608 0.1837786 1.999613 0.3338992 0.1317093 2.472411 0.4383349 0.1654303 1.943386 0.4969555 0.0538827 2.515569 0.4910261 0.1988852 1.916734 0.5838641 0.04241398 2.542888 0.1076629 0.03259527 2.283619 0.1037246 -0.05837143 2.281102 0.05517397 -0.1044991 2.242924 0.146417 -0.106716 2.308714 0.02102847 -0.5112417 2.318141 0.1695474 -0.4956703 2.505559 -0.02430865 -0.8752866 2.395068 0.1975882 -0.841346 2.577161 0.01517298 -0.9514002 2.409701 0.2703226 -0.8871194 2.624289
0.1283896 0.6624073 2.340402 0.1195099 0.4899516 2.302346 0.05878623 0.3303488 2.149371 0.227919 0.3453716 2.400355 0.239827 0.2087457 1.989127 0.3447384 0.1458753 2.484496 0.4388163 0.2121063 1.917469 0.5040145 0.06239705 2.530318 0.5042353 0.2154318 1.899712 0.5916028 0.06133219 2.557853 0.1070136 0.03309433 2.282797 0.1034111 -0.05809424 2.280397 0.05452958 -0.1011086 2.248479 0.1468471 -0.1010818 2.297689 0.01879976 -0.5094874 2.315116 0.1690333 -0.4962845 2.505024 -0.02523737 -0.875227 2.393981 0.1958055 -0.840439 2.577455 0.01626746 -0.9509277 2.408239 0.2602381 -0.8815633 2.539756
0.1292573 0.6647502 2.339916 0.1191192 0.4923858 2.303703 0.05781989 0.3323862 2.15094 0.2275283 0.3478059 2.401712 0.2448412 0.2327264 1.981146 0.3335194 0.149461 2.498196 0.4348236 0.2599118 1.89144 0.493087 0.07764352 2.557111 0.4848936 0.2687172 1.87218 0.5815324 0.07576833 2.58171 0.1067284 0.03558885 2.28132 0.1034422 -0.05560219 2.278722 0.05449194 -0.09690671 2.25216 0.1485778 -0.09409098 2.289906 0.01910497 -0.5061651 2.314322 0.1691303 -0.4963875 2.505715 -0.02468046 -0.8761801 2.394232 0.1955301 -0.8437813 2.581011 0.01644201 -0.9515038 2.407786 0.1591891 -0.9274738 2.565849
0.1296084 0.6673599 2.340152 0.1203846 0.494956 2.304584 0.05745817 0.3327395 2.151479 0.2287938 0.350376 2.402594 0.2472163 0.2499692 1.974721 0.3348886 0.1543292 2.502639 0.4204048 0.2728379 1.88859 0.4967532 0.08661187 2.560397 0.4856078 0.297988 1.860188 0.5852937 0.09341856 2.583753 0.106778 0.0386602 2.279953 0.1034726 -0.05243266 2.277194 0.05386557 -0.09347579 2.255078 0.1496466 -0.09007925 2.285404 0.01953327 -0.5034324 2.313861 0.1698517 -0.4953409 2.505851 -0.02611358 -0.8709897 2.392013 0.1966968 -0.8443516 2.580157 0.01628185 -0.9517282 2.407877 0.2653874 -0.9004069 2.621944
0.1288358 0.669636 2.340524 0.1202064 0.4972132 2.305508 0.05712106 0.3328168 2.152106 0.2286156 0.3526333 2.403518 0.2439582 0.252104 1.970654 0.3345914 0.1586871 2.506873 0.4169915 0.283014 1.887165 0.4969342 0.1023041 2.572958 0.4837785 0.3348462 1.84396 0.5848429 0.1131501 2.59716 0.10525 0.04290318 2.277272 0.1018054 -0.04774226 2.273802 0.05219916 -0.08996059 2.255749 0.1482247 -0.08380765 2.278478 0.02036832 -0.5003807 2.313026 0.1701985 -0.4950203 2.50581 -0.02544357 -0.8698257 2.391552 0.198077 -0.8434826 2.579967 0.0168711 -0.951771 2.408514 0.2658322 -0.9003972 2.622121
0.1281346 0.6720495 2.339931 0.1226196 0.4995822 2.307526 0.05692998 0.3333664 2.153116 0.2310288 0.3550023 2.405536 0.238357 0.2598835 1.961968 0.3340532 0.1614829 2.511882 0.4106049 0.3022233 1.882628 0.4980676 0.1151615 2.580987 0.4833852 0.3583396 1.829895 0.5848349 0.1286411 2.60784 0.1071778 0.04649963 2.276032 0.1039115 -0.04373337 2.272074 0.05310846 -0.08737022 2.256068 0.1514531 -0.0802508 2.27588 0.01997833 -0.5006431 2.315474 0.1700679 -0.4927474 2.50469 -0.03426705 -0.8808256 2.403886 0.1983589 -0.8464099 2.583018 0.01673676 -0.9525933 2.40581 0.2676757 -0.9020598 2.624313
0.1269166 0.6741771 2.339741 0.1237315 0.501682 2.308098 0.05678861 0.3336904 2.153831 0.2321406 0.3571021 2.406108 0.2450078 0.303573 1.956784 0.3369434 0.1680716 2.517454 0.4208844 0.3055271 1.873578 0.4989723 0.1243817 2.591765 0.4826483 0.3805013 1.816304 0.5833369 0.1424512 2.623189 0.1070179 0.05037729 2.274305 0.1034893 -0.03953349 2.269985 0.05228235 -0.08414094 2.255703 0.1514163 -0.07609926 2.273087 0.02040714 -0.4948294 2.311383 0.1707263 -0.4924582 2.505264 -0.028041 -0.8673126 2.39273 0.197939 -0.8445032 2.583316 0.01612743 -0.9494222 2.40472 0.266826 -0.9010124 2.624163
0.1258137 0.6759842 2.342687 0.1244585 0.5033673 2.308393 0.05640438 0.3331499 2.154561 0.2328676 0.3587874 2.406403 0.2326064 0.2829358 1.959466 0.3375022 0.1722395 2.521229 0.4015183 0.3291489 1.874356 0.4990663 0.13155 2.597817 0.4795901 0.3850312 1.81739 0.5793192 0.1467468 2.639769 0.1079858 0.05273601 2.273204 0.1045666 -0.03714351 2.268734 0.05268257 -0.08246584 2.255576 0.153336 -0.07367526 2.271058 0.0204861 -0.4931628 2.311059 0.1705777 -0.4919277 2.50469 -0.0278044 -0.8695562 2.393084 0.1983382 -0.8450154 2.583245 0.01756085 -0.9509659 2.406951 0.2693191 -0.8887979 2.634747
0.1264121 0.6777027 2.342549 0.124895 0.5050994 2.308691 0.05624044 0.3330395 2.154692 0.2333041 0.3605195 2.406701 0.2278928 0.2838466 1.958845 0.3373272 0.174923 2.52323 0.3928495 0.3407109 1.872199 0.4983916 0.1357481 2.601378 0.4739837 0.3934532 1.818965 0.5801666 0.1598284 2.635505 0.1077687 0.05422284 2.272331 0.1042634 -0.03573908 2.267735 0.05221655 -0.08116171 2.255275 0.153144 -0.07243636 2.269667 0.0208014 -0.4918517 2.311161 0.1707524 -0.4919348 2.504977 -0.0300199 -0.8751099 2.397595 0.198603 -0.8451136 2.583325 0.01695729 -0.9516363 2.408345 0.2677858 -0.9035501 2.619797
0.1265125 0.6789701 2.342406 0.1254098 0.5063754 2.308942 0.05407181 0.3291666 2.156496 0.2338189 0.3617955 2.406951 0.2319945 0.2862825 1.954538 0.3375092 0.1774999 2.5254 0.3962659 0.3459445 1.868576 0.499118 0.1384753 2.602649 0.4702882 0.3992975 1.820338 0.5819972 0.1604336 2.635525 0.1085116 0.05554052 2.271993 0.1050843 -0.03445506 2.267359 0.05243899 -0.08069828 2.255481 0.1546738 -0.0712145 2.268637 0.02104574 -0.4913964 2.311331 0.1711953 -0.491899 2.505723 -0.02949316 -0.8753346 2.397495 0.198657 -0.8451095 2.583021 0.01704336 -0.9517272 2.405979 0.2672088 -0.9032539 2.622107
0.1241816 0.6798977 2.342355 0.1250337 0.5073017 2.308923 0.05342733 0.3279904 2.157119 0.2334428 0.3627218 2.406934 0.2209661 0.2873775 1.954732 0.3377847 0.1798142 2.526674 0.3862789 0.3469179 1.871065 0.4998083 0.1416286 2.603541 0.4669484 0.4024229 1.821337 0.5826279 0.1641939 2.636155 0.107897 0.0563629 2.271523 0.10446 -0.03370195 2.266867 0.05176059 -0.08007463 2.255496 0.1540634 -0.07038476 2.267809 0.02107562 -0.4907765 2.311643 0.1719655 -0.4906672 2.505648 -0.02565323 -0.862123 2.39143 0.1989308 -0.8448578 2.583097 0.0168318 -0.9492525 2.405966 0.2621327 -0.8858125 2.543182
0.1229324 0.6807953 2.341846 0.1248859 0.5082135 2.308595 0.05324104 0.3277095 2.157179 0.233295 0.3636337 2.406605 0.2171645 0.2883457 1.954072 0.3376175 0.1810455 2.526762 0.3893576 0.3547256 1.866117 0.4998318 0.1440478 2.603783 0.4652535 0.4039808 1.821542 0.5821047 0.1673264 2.637272 0.1082595 0.05689299 2.271352 0.1049424 -0.03322022 2.266752 0.05223091 -0.07962979 2.255973 0.1548575 -0.06974601 2.267264 0.02084908 -0.4905375 2.310576 0.1720616 -0.4905279 2.505813 -0.0259933 -0.8698251 2.395374 0.1973154 -0.8381929 2.581842 0.01598353 -0.9511573 2.407117 0.2666887 -0.8966281 2.618999
0.1240437 0.6815175 2.34219 0.124804 0.5089109 2.308507 0.05210513 0.3269922 2.157557 0.2332132 0.3643311 2.406517 0.2144186 0.2886785 1.953883 0.3364951 0.1820667 2.527815 0.3776214 0.3516941 1.868337 0.5002742 0.1453467 2.602085 0.4635835 0.4045097 1.821208 0.5824771 0.1646813 2.638155 0.1085719 0.0571913 2.271303 0.1053637 -0.03297058 2.266734 0.05235763 -0.07959998 2.25598 0.1557208 -0.06957235 2.267419 0.0299645 -0.488703 2.323769 0.1709424 -0.4912463 2.505566 -0.03783045 -0.8880373 2.413728 0.1982763 -0.8405076 2.582151 0.01594749 -0.9514785 2.407066 0.267581 -0.8986555 2.619883
0.1234343 0.6822178 2.341847 0.1245197 0.509612 2.308164 0.05182023 0.3268617 2.15755 0.2329288 0.3650322 2.406174 0.2208284 0.2897804 1.945704 0.3363729 0.1829721 2.527614 0.3848555 0.3546816 1.863779 0.5000696 0.1457084 2.60181 0.462007 0.4047418 1.82058 0.5822797 0.1634611 2.63867 0.1088223 0.05773332 2.271114 0.1057273 -0.03245341 2.266597 0.05255299 -0.0793094 2.255931 0.1563037 -0.06898846 2.267408 0.02689812 -0.4893137 2.317998 0.1710819 -0.4909169 2.505826 -0.02969347 -0.8825709 2.402717 0.1989324 -0.8418819 2.582962 0.01640295 -0.9515767 2.406462 0.2665328 -0.8992749 2.624727
