0.2070326 0.6180611 2.282421 0.1905395 0.4280057 2.355224 0.01483671 0.343942 2.3618 0.3589985 0.3230855 2.356463 -0.09235008 0.1627646 2.336468 0.4367719 0.1404244 2.309208 0.07224663 0.1079088 2.235804 0.2614535 0.09549665 2.22533 0.1271122 0.08962348 2.206656 0.1927853 0.1093878 2.1692 0.1720596 0.09537369 2.365276 0.1682558 0.02925081 2.353979 0.0903346 -0.04492033 2.350008 0.2378738 -0.05070766 2.35269 0.04197891 -0.5181625 2.487626 0.2785309 -0.5100949 2.457042 0.01633889 -0.8712876 2.589 0.2759207 -0.8825487 2.544312 -0.03249336 -0.9304165 2.558281 0.3161125 -0.9358233 2.493534
0.2081936 0.6178711 2.282527 0.1905012 0.4279658 2.355052 0.01519243 0.3440521 2.362153 0.3590367 0.3230684 2.356496 -0.09132035 0.1626593 2.337299 0.4348027 0.1403123 2.309041 0.09606621 0.144044 2.180128 0.2598739 0.093141 2.225663 0.1333607 0.1417527 2.122767 0.1908774 0.1050878 2.169487 0.1721528 0.09531694 2.365291 0.1683618 0.02918735 2.353976 0.090532 -0.04499485 2.350111 0.2379881 -0.05077305 2.352646 0.04203278 -0.5180531 2.487621 0.2786669 -0.5148112 2.458369 0.0165109 -0.8714115 2.58902 0.2763318 -0.8838966 2.544764 -0.03249503 -0.9303523 2.557979 0.3163489 -0.9372974 2.488534
0.2082251 0.6179417 2.282567 0.1904868 0.4279955 2.355027 0.01520789 0.3440245 2.362434 0.3590361 0.323073 2.356501 -0.09084947 0.1626495 2.337582 0.4343161 0.1402953 2.309146 0.09609633 0.1439232 2.180104 0.2609525 0.08910421 2.224711 0.1333908 0.1416318 2.122744 0.1919496 0.09958129 2.16825 0.1722087 0.09530674 2.365314 0.1684243 0.02917414 2.353972 0.09061875 -0.04506142 2.350165 0.2381078 -0.05076515 2.352572 0.04202962 -0.5180572 2.487609 0.2777886 -0.4994687 2.453015 0.01692548 -0.8714882 2.589962 0.2758777 -0.8835434 2.544482 -0.03062299 -0.9297713 2.55421 0.3117576 -0.9319108 2.498103
0.2083616 0.6179478 2.282595 0.1904462 0.4280067 2.354982 0.01529945 0.344089 2.362664 0.359089 0.323066 2.356486 -0.09069228 0.1625394 2.337818 0.4338092 0.1401814 2.308992 0.09604464 0.1443033 2.179697 0.2606036 0.08514285 2.227089 0.1333391 0.1420119 2.122337 0.1915619 0.09491342 2.170548 0.1722771 0.09528606 2.365333 0.1685148 0.02914903 2.353976 0.09076746 -0.04511001 2.35024 0.2382492 -0.05082711 2.352521 0.0420903 -0.5180423 2.487535 0.2780537 -0.5042587 2.454581 0.01708128 -0.8714767 2.590612 0.2760786 -0.8819768 2.541525 -0.03063631 -0.9297038 2.554239 0.3121512 -0.9330317 2.496784
0.2084995 0.6180784 2.282634 0.1904158 0.4280072 2.354925 0.01530711 0.3441248 2.362686 0.3590118 0.3230361 2.356263 -0.09085415 0.1626717 2.337777 0.4329522 0.1402072 2.308756 0.0723455 0.1245398 2.22628 0.260403 0.08575901 2.224764 0.06663951 0.1322956 2.194814 0.1919716 0.09362352 2.167193 0.1722933 0.09527663 2.365332 0.1685226 0.02914061 2.353964 0.09079058 -0.04513051 2.350237 0.2382487 -0.0508275 2.352498 0.04210432 -0.5178922 2.487299 0.2783315 -0.5057518 2.454974 0.01673283 -0.8712127 2.590213 0.2759933 -0.8822048 2.542317 -0.02924274 -0.9282314 2.54923 0.3113624 -0.9330301 2.495955
0.2090106 0.6183345 2.282655 0.1905367 0.4278244 2.354434 0.01537169 0.3441423 2.362734 0.359103 0.3230238 2.356086 -0.09144881 0.163188 2.336754 0.4313343 0.1401705 2.307716 0.05838759 0.1390474 2.185322 0.2613543 0.08239277 2.220235 0.0794624 0.1384742 2.132014 0.1965083 0.08437984 2.158184 0.1723628 0.0952831 2.365185 0.1685699 0.02915762 2.353873 0.0908611 -0.04512036 2.350152 0.2382488 -0.05082367 2.352456 0.04191156 -0.5173109 2.486848 0.2787449 -0.5069014 2.455161 0.01790567 -0.8717871 2.587554 0.2751972 -0.8832945 2.545031 -0.03151086 -0.928723 2.5551 0.3120599 -0.932802 2.497704
0.2097388 0.6186318 2.283322 0.19055 0.4278738 2.354197 0.01547737 0.3441467 2.362762 0.3592008 0.3228216 2.355676 -0.09236111 0.1642867 2.332405 0.4267349 0.1374009 2.303782 0.05408712 0.1211674 2.19902 0.2655938 0.07601722 2.201055 0.0735921 0.1378987 2.133949 0.2189012 0.1025577 2.13195 0.1724461 0.09527586 2.364975 0.1686404 0.02915077 2.353689 0.09098296 -0.04513288 2.349913 0.2382748 -0.05082425 2.352319 0.04199841 -0.5173048 2.486842 0.2778245 -0.4986979 2.452616 0.01626581 -0.8717152 2.588685 0.2732682 -0.8779014 2.541444 -0.03199487 -0.9291855 2.555565 0.3112091 -0.9301397 2.501027
0.2104818 0.6189217 2.284149 0.1907166 0.4278686 2.354222 0.01571862 0.3441811 2.362643 0.3589404 0.322836 2.354824 -0.09358095 0.1645983 2.319924 0.4260526 0.1372704 2.301383 0.06876615 0.1562771 2.110936 0.2718273 0.07425027 2.18822 0.1085375 0.1628066 2.02394 0.2265558 0.09065497 2.125866 0.1725689 0.09525153 2.364941 0.1687125 0.02913583 2.353672 0.09114914 -0.04512786 2.34994 0.2382796 -0.05077672 2.352242 0.04204959 -0.517652 2.486722 0.278023 -0.5006802 2.453405 0.01539665 -0.8717984 2.589252 0.2742528 -0.8776079 2.540524 -0.03178309 -0.9295793 2.556498 0.3113241 -0.9300609 2.501148
0.2108484 0.6194097 2.284837 0.1907369 0.4279754 2.354097 0.0158909 0.3441737 2.362563 0.358741 0.3228402 2.353958 -0.1081398 0.1742091 2.310775 0.4229213 0.1339441 2.294362 0.007057294 0.1388495 2.145158 0.2798711 0.07202511 2.165176 0.04285183 0.129897 2.090008 0.2401298 0.07210787 2.108429 0.1726201 0.09523053 2.364899 0.168735 0.02909388 2.353671 0.09124737 -0.04513995 2.349958 0.2382551 -0.05079837 2.352251 0.04198326 -0.5167063 2.48647 0.2782055 -0.5063685 2.455573 0.01368977 -0.8636721 2.583539 0.2748929 -0.8784145 2.5396 -0.03123341 -0.9281867 2.554217 0.3129055 -0.9407945 2.477011
0.211011 0.6201492 2.286436 0.1910013 0.4282375 2.353913 0.01595267 0.3440707 2.362371 0.3583561 0.3227654 2.353111 -0.1115546 0.1737557 2.284725 0.4403523 0.1271371 2.275386 0.000326179 0.1424787 2.109487 0.2905829 0.0677525 2.153594 0.02000982 0.136976 2.080982 0.2597533 0.04394585 2.065568 0.1726004 0.09516322 2.364793 0.168612 0.02894892 2.35358 0.09111622 -0.04519225 2.349954 0.237932 -0.05096766 2.352015 0.04226926 -0.5161742 2.486306 0.278295 -0.5068521 2.455369 0.01409656 -0.8628547 2.583688 0.2749519 -0.87933 2.540347 -0.03122072 -0.9280514 2.554134 0.31591 -0.9347453 2.499345
0.2113359 0.6206937 2.287561 0.1911215 0.4283432 2.353866 0.01611828 0.3440838 2.361929 0.3580495 0.3224503 2.351791 -0.1225764 0.1738804 2.25923 0.440126 0.126767 2.257506 -0.02603357 0.1098 2.090066 0.3136589 0.05242899 2.116907 -0.01915904 0.1490312 2.03937 0.2692024 0.03625146 2.050992 0.1725541 0.09498075 2.364714 0.1684403 0.02864743 2.35352 0.09083451 -0.04537939 2.349956 0.2377175 -0.05125334 2.351902 0.04275832 -0.5138103 2.486117 0.278397 -0.5068421 2.455349 0.01443419 -0.8623995 2.583628 0.2748486 -0.8796009 2.540351 -0.02845606 -0.925473 2.551936 0.3133444 -0.9311212 2.495763
0.21161 0.6212054 2.288578 0.1910437 0.4285126 2.354102 0.01638186 0.3441344 2.360754 0.3578115 0.3226694 2.350481 -0.1319469 0.175288 2.225865 0.4371665 0.1288813 2.243479 -0.03711408 0.1130994 2.054896 0.3210867 0.04390682 2.099682 -0.03958905 0.161137 2.011544 0.2874984 0.01947631 2.024536 0.1724899 0.09494244 2.364789 0.1683639 0.02859854 2.353598 0.09065162 -0.04539011 2.350124 0.2376958 -0.05125985 2.351908 0.04257203 -0.5143002 2.486316 0.2779103 -0.5109446 2.457711 0.01260192 -0.8665876 2.584989 0.274871 -0.8819381 2.543448 -0.02930503 -0.9257708 2.552676 0.3134509 -0.9319934 2.493736
0.2115239 0.6215376 2.289225 0.191189 0.4286817 2.35453 0.01655759 0.3443016 2.359904 0.3573196 0.3226795 2.349117 -0.1374063 0.1846025 2.223471 0.4307546 0.1344769 2.228358 -0.07444922 0.1491681 2.028501 0.3329561 0.039386 2.076795 -0.06911413 0.1724495 1.982081 0.3059332 0.01146802 2.004543 0.1724445 0.09483577 2.364993 0.1682578 0.02847087 2.353773 0.09032235 -0.0454163 2.350492 0.2376605 -0.05130276 2.35193 0.04261538 -0.5142776 2.486378 0.2778324 -0.5131282 2.458551 0.0144611 -0.8672211 2.586049 0.275588 -0.8830941 2.543105 -0.03056699 -0.9276887 2.555334 0.3154365 -0.9346641 2.4917
0.2117108 0.621815 2.289894 0.1909085 0.4288768 2.354501 0.01752332 0.3450266 2.358841 0.3565108 0.3221264 2.346709 -0.1436573 0.1947104 2.219607 0.425652 0.1377007 2.223035 -0.09773314 0.1626489 1.998437 0.3563933 0.04458686 2.053999 -0.1079309 0.188938 1.944517 0.3317428 0.003614213 1.979169 0.1723011 0.09472981 2.365196 0.1680449 0.02828854 2.354083 0.09006368 -0.04530321 2.350967 0.2375158 -0.05138534 2.352228 0.04266908 -0.5138713 2.486406 0.2778227 -0.512803 2.458274 0.01357448 -0.8643067 2.582857 0.2746791 -0.8834392 2.544518 -0.03400557 -0.9281369 2.551217 0.3152622 -0.9327127 2.499584
0.2119835 0.6224272 2.291552 0.1910033 0.429087 2.354598 0.01826091 0.3450948 2.35788 0.356432 0.3214195 2.344624 -0.1459834 0.1963703 2.216585 0.4145571 0.1359653 2.201768 -0.1203567 0.1816627 1.952016 0.3448973 0.01300808 1.979688 -0.1328125 0.2086893 1.918824 0.3523453 -0.008814192 1.95882 0.17231 0.09460395 2.365468 0.1679669 0.02806005 2.3545 0.08980466 -0.04531943 2.351613 0.2375032 -0.05152723 2.352575 0.0426903 -0.5139092 2.486457 0.278066 -0.5132542 2.458736 0.01417826 -0.8664231 2.583704 0.2750114 -0.8826777 2.543564 -0.03341968 -0.9278158 2.550954 0.3155959 -0.9328004 2.499643
0.2119861 0.6224928 2.291991 0.1911866 0.429343 2.354717 0.01871148 0.3453334 2.356687 0.3553918 0.3207351 2.342822 -0.1221081 0.2457543 2.241299 0.4108863 0.135857 2.192655 -0.1352308 0.1947048 1.970567 0.3584889 0.009374306 1.962766 -0.1473863 0.2199971 1.910894 0.3722259 -0.01623408 1.944436 0.1722001 0.09437635 2.365758 0.1677223 0.02766519 2.354989 0.08945649 -0.04530555 2.352146 0.2372041 -0.05186318 2.353133 0.04252903 -0.5147409 2.487065 0.2778652 -0.5134953 2.45872 0.01425577 -0.8662759 2.583189 0.2749765 -0.8828529 2.543403 -0.03382611 -0.9288803 2.552512 0.3129377 -0.9330531 2.490925
0.211842 0.6226183 2.292217 0.1913308 0.4294833 2.354692 0.01907093 0.3461605 2.354488 0.3550747 0.3203971 2.341691 -0.114924 0.2273858 2.21465 0.4079767 0.1362936 2.180707 -0.164193 0.2170944 1.943443 0.3765833 0.02322984 1.978453 -0.17986 0.2435185 1.893276 0.3799104 -0.01779556 1.939392 0.1720302 0.09432318 2.365867 0.1675035 0.02754666 2.355298 0.08900674 -0.04512203 2.352485 0.2369098 -0.05210023 2.353755 0.04240001 -0.5166787 2.488224 0.2779208 -0.5137532 2.458786 0.01370959 -0.8674313 2.583849 0.2748182 -0.8829661 2.543194 -0.03381089 -0.929034 2.552896 0.3132138 -0.9348395 2.485736
0.2120432 0.6228772 2.292611 0.1913882 0.4297156 2.354682 0.01941776 0.3468939 2.352248 0.3544159 0.3203942 2.340695 -0.1207153 0.2394976 2.195253 0.4068835 0.1366867 2.180851 -0.1776164 0.2297404 1.957635 0.3826943 0.02920856 1.985764 -0.1919086 0.2526297 1.887894 0.3902853 -0.01851735 1.93412 0.1719217 0.09431907 2.365949 0.1674207 0.02748925 2.355566 0.08891682 -0.04499736 2.352728 0.2367706 -0.0520688 2.354265 0.0423897 -0.5166272 2.488233 0.2779665 -0.513692 2.458846 0.01448883 -0.8672499 2.582455 0.2750396 -0.8814777 2.541089 -0.03201688 -0.9273342 2.549856 0.3132858 -0.9354453 2.483003
0.2123379 0.6232721 2.292975 0.1913292 0.4298581 2.354627 0.0194633 0.3476412 2.349566 0.354344 0.3204219 2.340122 -0.1216119 0.2439232 2.190262 0.4065723 0.1375878 2.179846 -0.1823284 0.2370151 1.96023 0.3879125 0.0304594 1.987687 -0.2081949 0.2665744 1.881384 0.3971311 -0.0167433 1.932886 0.1717953 0.0944121 2.36594 0.1673877 0.02757752 2.355723 0.08884892 -0.04487843 2.352788 0.2368271 -0.05185296 2.354798 0.0423392 -0.5168599 2.488327 0.277992 -0.5134948 2.458833 0.01383925 -0.8680914 2.582546 0.2751356 -0.8811699 2.540827 -0.03081264 -0.9275473 2.547704 0.3119682 -0.9341568 2.484487
0.2125762 0.623498 2.293469 0.191319 0.4300032 2.35457 0.01964691 0.3481252 2.347632 0.3540346 0.3201591 2.339241 -0.1227356 0.2502141 2.186534 0.4066458 0.1385556 2.179147 -0.1902517 0.2479236 1.955566 0.3906459 0.03066052 1.986588 -0.2180693 0.2763831 1.877275 0.4020233 -0.0145032 1.931551 0.1717006 0.09444444 2.365884 0.1673271 0.02759139 2.355828 0.08873356 -0.04474057 2.352854 0.2367706 -0.05181499 2.355083 0.04213286 -0.5171142 2.488486 0.2778218 -0.5131996 2.45845 0.01437154 -0.8666266 2.581684 0.2754362 -0.8806686 2.540355 -0.0301275 -0.9272403 2.547056 0.3121008 -0.9341164 2.485309
0.2127897 0.6236477 2.293828 0.1914033 0.4302567 2.354338 0.01982 0.3488117 2.34622 0.3539031 0.3198824 2.338606 -0.1253039 0.2556829 2.174762 0.4064265 0.1392693 2.178633 -0.1954075 0.2546386 1.953303 0.3974579 0.03446676 1.99011 -0.2272651 0.2866362 1.872029 0.4069431 -0.0109443 1.930732 0.1716113 0.09452512 2.365747 0.1672464 0.02766344 2.355857 0.08848578 -0.04433795 2.35279 0.2366727 -0.05177978 2.355226 0.04209586 -0.516929 2.488392 0.2778801 -0.5138867 2.458457 0.01493573 -0.8659734 2.582556 0.2756136 -0.8811928 2.539883 -0.0285219 -0.9266494 2.547765 0.3120623 -0.9341732 2.485534
0.2128694 0.6237273 2.293975 0.1913596 0.4304381 2.354187 0.01995195 0.3491941 2.344866 0.3539172 0.3197477 2.338366 -0.1265378 0.2588756 2.172131 0.407355 0.1413653 2.181286 -0.1999049 0.2628783 1.949898 0.3996853 0.03539769 1.990758 -0.233259 0.299569 1.866957 0.4100261 -0.005680632 1.932538 0.1715157 0.0946227 2.36559 0.1671954 0.02775287 2.355856 0.08835294 -0.04400316 2.352519 0.2366256 -0.05170669 2.355418 0.04210639 -0.5166006 2.488223 0.2773731 -0.5116006 2.457945 0.0154087 -0.8656319 2.581944 0.2755071 -0.8815653 2.540554 -0.02850967 -0.9267969 2.547531 0.311358 -0.9334233 2.487646
0.2127734 0.6237602 2.294043 0.1915828 0.4308427 2.354 0.01978394 0.3496769 2.343804 0.3538674 0.3195158 2.337996 -0.1273158 0.2593051 2.171589 0.4085011 0.144264 2.184016 -0.2016125 0.2672427 1.950629 0.4017723 0.03593037 1.989059 -0.2361551 0.3043477 1.865401 0.4124408 -0.001703514 1.933648 0.1714568 0.09470337 2.365436 0.1671451 0.02781082 2.355861 0.08814716 -0.04382177 2.352404 0.2365894 -0.0516757 2.355507 0.04195765 -0.5168678 2.488208 0.2772797 -0.5113567 2.457895 0.01564242 -0.8685848 2.586802 0.2754481 -0.8815123 2.541196 -0.02958874 -0.9282278 2.552809 0.3111464 -0.9311709 2.491858
0.2128094 0.6237094 2.29408 0.1916631 0.4312355 2.35378 0.01983083 0.3498825 2.343103 0.3538903 0.3192319 2.337629 -0.1380324 0.2618843 2.15424 0.4080883 0.1456415 2.187788 -0.2032298 0.2720394 1.951163 0.4070321 0.04107131 1.995626 -0.2389462 0.3078395 1.864971 0.41395 0.001299057 1.93447 0.1714388 0.09482969 2.365257 0.1671371 0.02790271 2.355852 0.08810779 -0.04362297 2.352285 0.2366015 -0.05160312 2.355583 0.04195876 -0.5168411 2.488204 0.2772397 -0.5113283 2.457808 0.01559867 -0.8662617 2.585165 0.2755163 -0.8812087 2.540712 -0.03094394 -0.9283641 2.555504 0.3108049 -0.9309214 2.491909
0.2127466 0.623766 2.294074 0.1919329 0.4316499 2.353772 0.01949043 0.3500522 2.342476 0.353672 0.3193229 2.337507 -0.1354719 0.261013 2.161875 0.4085292 0.1463398 2.191981 -0.2036767 0.2736551 1.951897 0.4071422 0.04098646 1.995056 -0.2403287 0.3097492 1.865173 0.4145122 0.002705034 1.935422 0.1714217 0.09493921 2.365098 0.1671205 0.02798502 2.355828 0.08804748 -0.04344833 2.352131 0.2365764 -0.05152845 2.355607 0.04189784 -0.5168855 2.488165 0.2772616 -0.51131 2.457827 0.01530053 -0.8662402 2.585461 0.2754383 -0.8812931 2.540802 -0.03082823 -0.9294311 2.559651 0.3107631 -0.9308868 2.491894
0.2128433 0.6238371 2.294193 0.1921069 0.4317465 2.353688 0.01938532 0.3502035 2.342279 0.3536237 0.3192573 2.337332 -0.1367741 0.2614233 2.158129 0.410308 0.1471969 2.193818 -0.203622 0.2745109 1.951905 0.4068876 0.03998535 1.993199 -0.2396094 0.3107613 1.866314 0.4146811 0.002920934 1.935944 0.1714219 0.09498414 2.364941 0.1671076 0.0280266 2.355802 0.08796097 -0.04329269 2.351973 0.2365715 -0.05152686 2.355614 0.04173297 -0.5171375 2.488181 0.2768311 -0.5135267 2.459194 0.01528226 -0.8671798 2.583489 0.2750488 -0.8852386 2.544849 -0.0309238 -0.9297495 2.555895 0.311224 -0.9323694 2.490766
0.2127387 0.6240474 2.294476 0.1921666 0.4317744 2.353714 0.01927324 0.3502242 2.342185 0.3536065 0.3192506 2.337284 -0.1363682 0.2606808 2.163651 0.4103639 0.1480592 2.198878 -0.2034925 0.2745623 1.951937 0.4046453 0.04225935 1.99673 -0.2338971 0.3118638 1.870168 0.4138436 0.003933659 1.937266 0.1714118 0.0950101 2.364816 0.1670871 0.0280608 2.355778 0.08786821 -0.04319589 2.351864 0.2365682 -0.05152647 2.35561 0.04173189 -0.5171352 2.488181 0.2769278 -0.5134263 2.459147 0.01574092 -0.8666429 2.582127 0.2749962 -0.8852211 2.544984 -0.03081149 -0.9292472 2.556277 0.312214 -0.9329775 2.490926
0.2126123 0.6241513 2.294725 0.192122 0.4318286 2.353642 0.0191732 0.3502764 2.342219 0.3535825 0.3193279 2.337247 -0.1366054 0.2555674 2.177533 0.4114569 0.1480833 2.203532 -0.2020927 0.2738891 1.952422 0.4035365 0.04092675 1.993749 -0.2245801 0.308977 1.876706 0.411468 0.005495405 1.940041 0.1713776 0.09507304 2.364673 0.1670514 0.02812398 2.355742 0.08780937 -0.04312497 2.35179 0.2365639 -0.0515046 2.355608 0.04175426 -0.5171075 2.48816 0.2771304 -0.5142096 2.459373 0.01641015 -0.8652837 2.580934 0.2747717 -0.8852927 2.544322 -0.03134462 -0.9286186 2.557471 0.313737 -0.936403 2.485021
0.2127462 0.6242608 2.294935 0.1922197 0.4319538 2.353434 0.01914318 0.3503008 2.342275 0.3536814 0.3193551 2.337321 -0.1414309 0.2440813 2.189498 0.4136952 0.1475027 2.202745 -0.1924442 0.2675265 1.960809 0.3946165 0.02702288 1.965563 -0.2105527 0.3011101 1.887281 0.4067461 0.008034208 1.944712 0.1713779 0.09524577 2.364431 0.1670355 0.02831005 2.355601 0.08770519 -0.04293479 2.351548 0.2365846 -0.05142745 2.355568 0.04170508 -0.5175202 2.488458 0.2766997 -0.5153051 2.460221 0.01671453 -0.8668156 2.581482 0.2750959 -0.8853897 2.543655 -0.02900826 -0.9282198 2.546977 0.3130417 -0.939096 2.477804
0.2127431 0.6242799 2.294959 0.1922098 0.4319445 2.3534 0.01892604 0.3504494 2.342601 0.3536942 0.3193827 2.337373 -0.1311446 0.2550572 2.226277 0.4160505 0.1482058 2.211481 -0.1762981 0.2519024 1.973529 0.391759 0.0517227 2.020925 -0.1889452 0.2888139 1.900648 0.3991435 0.01231836 1.953194 0.1713527 0.09528527 2.364267 0.1669929 0.0283682 2.3555 0.08759303 -0.04291188 2.351358 0.2365858 -0.05139975 2.355512 0.04159133 -0.5178151 2.488468 0.2767169 -0.5145704 2.459635 0.01700933 -0.8674016 2.583787 0.2754736 -0.884727 2.543162 -0.029091 -0.9283665 2.546713 0.3141978 -0.9387194 2.478393
0.212745 0.6242825 2.294985 0.1918047 0.4320461 2.352975 0.01866232 0.3504432 2.343164 0.3537231 0.3194711 2.337595 -0.1296154 0.2512551 2.240275 0.4235914 0.1489559 2.217374 -0.1681493 0.244738 1.975703 0.39094 0.05194326 2.02601 -0.1696672 0.2764172 1.914636 0.3891594 0.01666848 1.96398 0.1712331 0.09534267 2.363937 0.166897 0.02840984 2.355288 0.08745964 -0.04294935 2.351077 0.2365893 -0.0513794 2.355396 0.04161288 -0.5178449 2.48858 0.2764757 -0.5163069 2.460315 0.0171399 -0.8670739 2.583905 0.2753587 -0.8847877 2.543117 -0.03055137 -0.9295237 2.550018 0.3142306 -0.9387001 2.478376
0.2122849 0.6241411 2.2946 0.1915951 0.4322769 2.352595 0.01838117 0.350724 2.343819 0.3535273 0.3200251 2.337922 -0.1277105 0.2399998 2.253517 0.4273756 0.151601 2.221624 -0.1453045 0.2308563 1.984866 0.3746858 0.05285919 2.049603 -0.1473682 0.2610576 1.929993 0.3696791 0.02653011 1.986626 0.1710849 0.09550089 2.363524 0.1667479 0.02855111 2.354972 0.08729857 -0.04286794 2.350779 0.2365091 -0.05120018 2.355088 0.04172588 -0.517546 2.488397 0.2768405 -0.5150954 2.460039 0.01708389 -0.867102 2.583953 0.2749399 -0.8838688 2.543139 -0.03159529 -0.9298438 2.552137 0.3104684 -0.9294089 2.496068
0.2122828 0.62417 2.294589 0.1914868 0.4324441 2.352231 0.01823873 0.3512357 2.344775 0.3542046 0.3204653 2.338707 -0.1280894 0.2382047 2.259198 0.4407131 0.1504451 2.227312 -0.1323809 0.2368559 1.983173 0.3610907 0.05978093 2.061831 -0.136352 0.2695172 1.925543 0.3521501 0.03619539 2.005177 0.1709962 0.0958389 2.363031 0.1666606 0.02893181 2.354534 0.08706597 -0.04260732 2.350266 0.2365783 -0.05101651 2.354783 0.04175913 -0.5174797 2.488456 0.2760873 -0.5140899 2.459431 0.01675713 -0.863889 2.581207 0.2749708 -0.883722 2.543147 -0.03253623 -0.9299254 2.553515 0.3118418 -0.9307827 2.494215
0.2120972 0.6242014 2.294356 0.1914057 0.4324358 2.352074 0.01780156 0.3515468 2.345533 0.3543857 0.3207763 2.33907 -0.1583084 0.2146058 2.180587 0.4486189 0.1472902 2.23635 -0.1073378 0.218308 1.979175 0.3516861 0.06911082 2.074015 -0.1114918 0.2511775 1.921676 0.3378458 0.04341805 2.023368 0.1709055 0.09602972 2.362686 0.1665533 0.02918937 2.354194 0.08690996 -0.04250258 2.349927 0.236553 -0.0508353 2.354434 0.04172692 -0.5177264 2.488547 0.2761852 -0.5133466 2.458944 0.01629472 -0.8637953 2.582433 0.2748763 -0.8833069 2.543311 -0.03275649 -0.9299982 2.554094 0.3120404 -0.9302171 2.496374
0.2118859 0.6245005 2.294509 0.1908424 0.4324383 2.351585 0.0167995 0.3515762 2.345896 0.3544279 0.3217302 2.34027 -0.1620731 0.2096235 2.204767 0.4600904 0.1413934 2.249463 -0.07588416 0.2022244 2.017592 0.3544658 0.06857915 2.083631 -0.01162557 0.2057945 2.00141 0.3218777 0.04611392 2.036545 0.170551 0.09627043 2.362174 0.1662653 0.02947044 2.35372 0.08660875 -0.04250009 2.349562 0.236414 -0.05062197 2.353863 0.04169955 -0.5177552 2.488578 0.2760503 -0.512583 2.458177 0.01634513 -0.8606206 2.579554 0.2747116 -0.8831351 2.543247 -0.0335885 -0.9291117 2.555469 0.3119092 -0.930145 2.496317
0.2118686 0.6248068 2.294524 0.1903237 0.4326056 2.350813 0.01498246 0.351671 2.34678 0.3549364 0.3225474 2.341678 -0.1511872 0.2107756 2.230247 0.4645801 0.1413418 2.257567 -0.07251429 0.1898845 2.040103 0.3232479 0.08372123 2.124145 -0.0407985 0.1847939 2.036767 0.3057288 0.05619932 2.055553 0.1701756 0.09702914 2.361322 0.165943 0.03037956 2.352871 0.08619063 -0.04218516 2.349009 0.2363944 -0.05011967 2.352945 0.04203081 -0.5173748 2.48811 0.2757477 -0.5115675 2.457314 0.01653625 -0.8617311 2.577946 0.2740716 -0.8824855 2.54376 -0.03465368 -0.9299306 2.555741 0.3106783 -0.9287189 2.499096
0.2111378 0.6246783 2.293495 0.1898912 0.4326401 2.350428 0.01320745 0.3517531 2.347848 0.3549618 0.3226662 2.342032 -0.1451205 0.2043721 2.248117 0.4676899 0.1433445 2.272044 0.008204535 0.1346132 2.138106 0.3261296 0.08760536 2.138005 -0.0188167 0.1672817 2.066658 0.2928647 0.06199533 2.07219 0.1698472 0.09747294 2.360591 0.1656165 0.03094653 2.352026 0.0859127 -0.04205522 2.348433 0.236114 -0.04969808 2.351577 0.04203625 -0.5173418 2.488103 0.2761236 -0.499788 2.452865 0.01609613 -0.8656789 2.58247 0.2740863 -0.8817286 2.544143 -0.03452453 -0.9297313 2.55578 0.3096173 -0.928043 2.500142
0.2106498 0.6249225 2.292784 0.1894645 0.4327295 2.349943 0.01263217 0.3512375 2.348364 0.3549652 0.3227927 2.342576 -0.1431457 0.1942394 2.264612 0.4713244 0.1425699 2.284256 0.004516393 0.1368746 2.138926 0.3188636 0.09862582 2.158929 0.01347325 0.1466264 2.10085 0.2798527 0.06952692 2.091401 0.1695799 0.09761234 2.360061 0.1653838 0.03108781 2.351469 0.08580774 -0.04205364 2.348099 0.2357517 -0.04963955 2.350598 0.04202966 -0.5173635 2.488043 0.2760825 -0.5069275 2.454108 0.01650659 -0.8656145 2.582304 0.2748486 -0.8794847 2.542959 -0.03449331 -0.9297086 2.555745 0.3121264 -0.9318129 2.488851
0.2101278 0.6247026 2.292387 0.1890711 0.4329409 2.349833 0.0122233 0.3508908 2.34867 0.355202 0.3232223 2.343201 -0.1376338 0.1921556 2.278393 0.4715304 0.1416296 2.286125 0.01269177 0.1573553 2.147128 0.3156677 0.1019928 2.163914 0.02134666 0.1443284 2.109105 0.2651626 0.0791954 2.102551 0.169357 0.09791277 2.359664 0.16521 0.0314285 2.350913 0.08578753 -0.04197828 2.347637 0.2354673 -0.04928783 2.349648 0.04158947 -0.5177703 2.487618 0.2764353 -0.5075233 2.454425 0.01638035 -0.8660862 2.582107 0.2750286 -0.8799962 2.544037 -0.0345486 -0.9298038 2.556184 0.3161941 -0.9317305 2.499827
0.2096874 0.6246648 2.291705 0.1887915 0.4329028 2.349427 0.01166707 0.3505413 2.349061 0.355532 0.323212 2.343962 -0.120314 0.1842317 2.285207 0.4760387 0.1414118 2.293058 0.03767359 0.1203655 2.17869 0.3144164 0.1038486 2.178516 0.03979217 0.143422 2.120022 0.2561054 0.08821465 2.120467 0.1693074 0.09807774 2.35935 0.1652166 0.03162882 2.350546 0.08585808 -0.04196225 2.347173 0.2354881 -0.04924082 2.349402 0.04156118 -0.5177635 2.487533 0.2761057 -0.5110762 2.455706 0.01619093 -0.8670402 2.582063 0.2750322 -0.8800464 2.544022 -0.03277354 -0.9297876 2.548763 0.316587 -0.9369361 2.481647
0.2095222 0.6246971 2.29152 0.1884224 0.4330382 2.349148 0.01158429 0.3501427 2.349397 0.3559974 0.3232712 2.344652 -0.116117 0.1796337 2.293314 0.4393014 0.1444656 2.294685 0.04409915 0.1386012 2.175872 0.278739 0.09669635 2.183074 0.05206533 0.1383226 2.140146 0.2504147 0.09679875 2.130678 0.1692034 0.09816933 2.359029 0.1651741 0.03171334 2.350139 0.08593551 -0.04198251 2.346637 0.2354414 -0.04926869 2.348978 0.04140606 -0.5178542 2.487334 0.2758986 -0.513457 2.456318 0.01570221 -0.8674267 2.585076 0.2749556 -0.8808024 2.544236 -0.03228816 -0.9290781 2.548164 0.3163807 -0.9381254 2.480134
0.2090783 0.6245585 2.290991 0.1881345 0.4330812 2.348808 0.011516 0.3499809 2.349902 0.3560368 0.3233292 2.344824 -0.1119934 0.1767245 2.300229 0.458435 0.1317497 2.306139 0.04796366 0.1370762 2.184128 0.2916781 0.1046128 2.19701 0.06366576 0.1368213 2.139181 0.2332197 0.1035678 2.129861 0.1691643 0.09821103 2.358704 0.1651687 0.03175319 2.349746 0.0860624 -0.04203155 2.346298 0.2353884 -0.04921957 2.348415 0.04121388 -0.5186651 2.487769 0.2759548 -0.5140679 2.456444 0.01613786 -0.8689819 2.587044 0.2749362 -0.8809894 2.543888 -0.03425649 -0.9312606 2.554311 0.3159123 -0.9382236 2.479166
0.2087344 0.624439 2.290771 0.1880217 0.4330895 2.348647 0.01157526 0.3500659 2.350055 0.3561501 0.3235828 2.345143 -0.116916 0.1707861 2.304391 0.4590626 0.1318129 2.304917 0.05948754 0.1273029 2.22237 0.2882943 0.1051879 2.202972 0.06261915 0.1337104 2.162661 0.2281471 0.104466 2.130065 0.1691621 0.09829415 2.358474 0.1652047 0.03185884 2.349415 0.08627667 -0.04199594 2.345747 0.2353681 -0.04909748 2.348159 0.04110785 -0.5185133 2.487572 0.276138 -0.5139478 2.456245 0.01621054 -0.8691611 2.586523 0.274612 -0.8814866 2.544707 -0.03316686 -0.9307152 2.552207 0.3157328 -0.9383333 2.478174
0.2079012 0.6241265 2.289762 0.1878846 0.4330245 2.34865 0.01161663 0.3500602 2.350197 0.3562757 0.3236412 2.345253 -0.1124425 0.1717757 2.309869 0.4614651 0.1307697 2.303233 0.06110497 0.1254113 2.222661 0.2861896 0.1063066 2.209872 0.06027135 0.1321118 2.171659 0.2206655 0.1101187 2.137046 0.1692006 0.09831434 2.358422 0.1652948 0.03191315 2.349217 0.08652031 -0.04198035 2.345355 0.235469 -0.0490693 2.347962 0.04139305 -0.5178274 2.487167 0.2761821 -0.5142706 2.456252 0.01864174 -0.8615177 2.578734 0.2747714 -0.8815383 2.544596 -0.02870547 -0.924957 2.552476 0.3156131 -0.9383644 2.477873
0.2075315 0.623889 2.289219 0.1879116 0.4330087 2.348581 0.01159267 0.3498889 2.35057 0.3562095 0.323764 2.345336 -0.1107511 0.172195 2.313018 0.461761 0.1302001 2.302832 0.06098977 0.1216159 2.22437 0.2839385 0.1075749 2.214714 0.0597522 0.1286693 2.175663 0.2162389 0.113382 2.13999 0.1694684 0.09820338 2.358131 0.1656209 0.03178787 2.348727 0.08701811 -0.0421967 2.344809 0.2357941 -0.04911594 2.347324 0.04135942 -0.5177612 2.487133 0.2769413 -0.5159017 2.456352 0.0158423 -0.8658583 2.582551 0.274345 -0.8818846 2.544016 -0.02948924 -0.9259286 2.553527 0.3155053 -0.938515 2.477323
0.207541 0.6238384 2.289031 0.1879413 0.4329708 2.348477 0.01149218 0.3493777 2.35105 0.3562637 0.323933 2.345461 -0.1091369 0.1722126 2.315352 0.4391649 0.1430541 2.299248 0.09852707 0.1330236 2.172752 0.2668989 0.09846927 2.208061 0.1296172 0.1310855 2.112153 0.1982563 0.1009875 2.150239 0.1696005 0.0981741 2.35795 0.1657578 0.03177426 2.348382 0.08713362 -0.04230624 2.344626 0.2359962 -0.04906639 2.34661 0.04149987 -0.517684 2.487125 0.2764419 -0.5136949 2.455036 0.01583468 -0.8665355 2.583297 0.2748892 -0.8817406 2.544133 -0.02868889 -0.9258426 2.54836 0.3142095 -0.9321798 2.493113
0.2075774 0.6239634 2.289014 0.1880401 0.4328445 2.34833 0.01138908 0.3489554 2.35155 0.3562801 0.3240027 2.345525 -0.1081578 0.1720364 2.316974 0.4367882 0.1434886 2.298467 0.09843252 0.1328261 2.172824 0.2636507 0.09695621 2.210413 0.1295226 0.130888 2.112225 0.1946436 0.1004448 2.153077 0.1699338 0.09811585 2.35779 0.166128 0.03174488 2.348066 0.08754633 -0.04252391 2.344442 0.2364873 -0.04896696 2.346043 0.0416664 -0.5176374 2.487058 0.2765338 -0.5108604 2.453362 0.01585452 -0.8669659 2.582835 0.2749807 -0.881747 2.544224 -0.0298966 -0.9268516 2.549943 0.3136284 -0.9307485 2.495132
0.2074069 0.6238903 2.289055 0.188103 0.4327937 2.348144 0.01142113 0.3482964 2.351859 0.3564317 0.3243375 2.345554 -0.1068638 0.1719095 2.318143 0.4363163 0.1440848 2.298417 0.08387701 0.1278281 2.190589 0.2630682 0.09660604 2.21122 0.1149671 0.1258899 2.12999 0.1940338 0.1002401 2.153925 0.1702558 0.09796607 2.357627 0.1664998 0.03157348 2.34776 0.08802366 -0.04284645 2.344207 0.2369033 -0.0491059 2.345658 0.04201882 -0.5167257 2.486642 0.2775365 -0.5120882 2.453547 0.0147038 -0.8684855 2.583253 0.2753037 -0.880243 2.542936 -0.03136023 -0.9277601 2.553363 0.3146047 -0.933786 2.485329
0.2072365 0.6239542 2.289079 0.1881042 0.4327935 2.348146 0.01134531 0.3478435 2.35215 0.3564607 0.3244368 2.345563 -0.1062768 0.1718878 2.318914 0.4357181 0.1442722 2.298325 0.06248199 0.1069291 2.234685 0.2622917 0.09614506 2.211972 0.05486292 0.1198909 2.190373 0.1932131 0.09941275 2.154708 0.1703566 0.09791143 2.357652 0.1666192 0.03150707 2.347609 0.08816449 -0.04301265 2.344119 0.2370924 -0.04913433 2.345284 0.04222669 -0.5168802 2.486833 0.276922 -0.5142423 2.454326 0.01461714 -0.8677466 2.583993 0.2748623 -0.8822058 2.544651 -0.03542333 -0.9294676 2.556773 0.3142136 -0.9354805 2.480814
0.2071348 0.623955 2.289096 0.1880946 0.4328038 2.348017 0.01144831 0.3475912 2.352295 0.3565015 0.3245155 2.345564 -0.105234 0.1713508 2.319607 0.4355825 0.1441946 2.29838 0.06306848 0.1074555 2.233361 0.262032 0.09625979 2.212197 0.05517795 0.1203162 2.189675 0.2110077 0.1183906 2.144623 0.1705167 0.09784483 2.35753 0.1668122 0.03142701 2.347332 0.08846822 -0.04322816 2.343808 0.2372688 -0.04910862 2.345022 0.04220309 -0.5168213 2.486635 0.2772642 -0.5130304 2.453887 0.01359659 -0.8680041 2.583343 0.2751911 -0.8801013 2.543579 -0.03541271 -0.9294531 2.556262 0.311971 -0.932122 2.48554
0.2071486 0.6239554 2.289112 0.1881632 0.4328845 2.347891 0.01155435 0.3473496 2.352408 0.3565009 0.3245313 2.345544 -0.1047811 0.1710653 2.320213 0.4353047 0.1443212 2.298329 0.06286855 0.1089716 2.230974 0.2618604 0.09607586 2.212099 0.05611564 0.1210497 2.187534 0.2110675 0.1183859 2.144571 0.1708303 0.09774937 2.357407 0.1671822 0.03128384 2.347048 0.08903495 -0.04352142 2.343463 0.2375763 -0.04909963 2.344791 0.04217953 -0.5168063 2.486715 0.277992 -0.510254 2.453015 0.01463271 -0.867548 2.58266 0.2749215 -0.8800166 2.543211 -0.03527738 -0.9296535 2.55475 0.3105724 -0.9301348 2.492881
0.2070445 0.6242518 2.289352 0.1881635 0.4328822 2.347889 0.01178904 0.3472702 2.352468 0.3564208 0.324597 2.345395 -0.1045448 0.170973 2.320447 0.4517224 0.134035 2.29823 0.06581239 0.1335908 2.187523 0.2715816 0.1039977 2.21877 0.09305448 0.1213271 2.128263 0.2113335 0.1162845 2.142678 0.171014 0.09769051 2.357326 0.1674128 0.03122872 2.346738 0.08950209 -0.04360733 2.34311 0.237746 -0.04893644 2.344329 0.0421252 -0.5168046 2.486724 0.2785479 -0.5090384 2.452605 0.01460749 -0.8674898 2.582977 0.2776721 -0.8705518 2.532885 -0.03521987 -0.929464 2.554793 0.3133369 -0.9287961 2.500446
0.2068768 0.6242024 2.289297 0.1881907 0.4326543 2.347503 0.01205536 0.3471612 2.352515 0.3564021 0.3247738 2.345221 -0.1044189 0.1709107 2.320539 0.4544825 0.1314041 2.297882 0.05767678 0.1081689 2.220548 0.2737048 0.1035635 2.219202 0.08493678 0.1250586 2.145397 0.2137064 0.1131099 2.139565 0.1711781 0.0974529 2.357152 0.1675763 0.03099448 2.34647 0.08982585 -0.04386239 2.342851 0.2377832 -0.04899734 2.344191 0.04212842 -0.5166733 2.486712 0.2770996 -0.5126711 2.45446 0.01457646 -0.8660957 2.583413 0.2780678 -0.8761205 2.536493 -0.03502296 -0.9288034 2.555428 0.3151186 -0.9354306 2.48655
0.2068573 0.6242822 2.289453 0.188193 0.4326346 2.347507 0.01220911 0.34695 2.352575 0.3562616 0.3249502 2.344934 -0.1044181 0.1709122 2.320537 0.4558294 0.1298623 2.29706 0.0502528 0.1264336 2.191303 0.2752876 0.1028852 2.217377 0.07811019 0.1249179 2.147018 0.2155583 0.1058384 2.135338 0.1712921 0.09733813 2.357119 0.1677008 0.03086985 2.346245 0.09014747 -0.04403017 2.342476 0.2378087 -0.04899675 2.344008 0.04218236 -0.5166473 2.486757 0.2778259 -0.5123352 2.454075 0.01432618 -0.8670349 2.583408 0.2778599 -0.8769348 2.536983 -0.03281106 -0.9286572 2.552618 0.3133525 -0.9342067 2.489093
0.2068479 0.6243351 2.289587 0.1881916 0.4326552 2.347481 0.0122695 0.3469054 2.35262 0.3562334 0.3252087 2.344565 -0.1034353 0.171119 2.318482 0.4562123 0.1294775 2.296709 0.04778504 0.12673 2.189837 0.2813793 0.09178333 2.207641 0.07069793 0.1258379 2.144556 0.2175155 0.09389314 2.127794 0.1714054 0.09738321 2.357094 0.1678165 0.03093192 2.346056 0.09034388 -0.04401327 2.342234 0.2378998 -0.0488144 2.343801 0.04224446 -0.5166072 2.486724 0.2780715 -0.5124199 2.453876 0.01508074 -0.8670063 2.58518 0.2780338 -0.8778043 2.538334 -0.03305664 -0.9284765 2.559102 0.3141671 -0.933876 2.492863
0.2067131 0.6244085 2.28982 0.1882319 0.4327175 2.347376 0.01235654 0.3467804 2.352614 0.3558019 0.3254477 2.343661 -0.1037376 0.1714127 2.311806 0.4581095 0.1296092 2.294675 0.02858057 0.1034088 2.173656 0.2895007 0.08866656 2.194077 0.05812277 0.1233062 2.129635 0.2255419 0.08701928 2.122161 0.1715617 0.09730268 2.35702 0.1679459 0.03082474 2.345831 0.09061632 -0.04406123 2.341934 0.2379245 -0.04883005 2.343672 0.04222063 -0.5165824 2.486759 0.2784651 -0.5127926 2.454095 0.01598743 -0.8686169 2.587336 0.2778788 -0.8780417 2.538135 -0.03210182 -0.928903 2.556506 0.3135534 -0.9343684 2.490864
0.2067018 0.6243989 2.289818 0.1882369 0.4326954 2.347376 0.01254947 0.3465795 2.352575 0.3547973 0.3260675 2.342741 -0.1136454 0.1755118 2.306689 0.4600269 0.1285097 2.29243 0.02091399 0.1036663 2.173169 0.2956575 0.09094677 2.182712 0.04637393 0.121995 2.114377 0.2352213 0.07837471 2.112143 0.1716903 0.09712928 2.356975 0.1680523 0.0306301 2.345583 0.0908871 -0.04418721 2.341676 0.2379043 -0.04878733 2.343385 0.0423176 -0.5163764 2.486785 0.278533 -0.5127071 2.454036 0.01521408 -0.869173 2.586741 0.2779737 -0.877869 2.538157 -0.03132432 -0.9274566 2.54805 0.313513 -0.9343582 2.490902
0.2068421 0.6244355 2.28993 0.1883992 0.4326868 2.347265 0.01280256 0.3462535 2.352419 0.3540076 0.325517 2.341555 -0.1200195 0.1801469 2.298586 0.4616092 0.1278786 2.286897 0.004711896 0.1068692 2.155703 0.3043826 0.08530885 2.167812 0.0274842 0.1213508 2.09955 0.2523453 0.06575332 2.095409 0.1718064 0.09666289 2.356708 0.1680683 0.03003724 2.345052 0.090964 -0.04451958 2.341248 0.237729 -0.04908701 2.342859 0.04241883 -0.515882 2.486853 0.2784194 -0.5094331 2.453568 0.0158586 -0.8673598 2.585542 0.2771463 -0.8792431 2.541229 -0.03075678 -0.9263481 2.54853 0.3127911 -0.9334681 2.490857
0.2068897 0.6245167 2.290078 0.1885649 0.4328181 2.347174 0.01268808 0.3457626 2.352204 0.3537819 0.3256946 2.341213 -0.1264368 0.1777799 2.27158 0.4357534 0.1411815 2.273371 -0.03054254 0.1027596 2.106979 0.3081074 0.06087814 2.123221 0.002740568 0.1270409 2.074695 0.2728958 0.0424425 2.064503 0.1718728 0.09639782 2.356621 0.1680894 0.02965707 2.344721 0.09088652 -0.0449741 2.340786 0.2377372 -0.04930416 2.342611 0.04259285 -0.5160713 2.487123 0.2790127 -0.5112756 2.454161 0.01585247 -0.867415 2.58578 0.2770308 -0.8795681 2.541826 -0.03080829 -0.9268757 2.549845 0.3134306 -0.9357839 2.484364
0.2069837 0.6245825 2.290647 0.188555 0.4328194 2.347189 0.0122254 0.3452216 2.351789 0.3534418 0.3257385 2.340334 -0.1339555 0.1779096 2.247365 0.4465635 0.1361712 2.254837 -0.04522231 0.1078276 2.076174 0.3124207 0.05840763 2.116385 -0.0264205 0.1405205 2.032118 0.278971 0.03877448 2.051729 0.1718439 0.09634014 2.35672 0.1680174 0.02960069 2.344619 0.09056039 -0.04512549 2.340488 0.2377399 -0.0493371 2.342541 0.04257508 -0.5157087 2.487264 0.2792628 -0.5108798 2.45417 0.01566174 -0.8676667 2.585361 0.2766339 -0.8776532 2.54025 -0.03209776 -0.9259915 2.55321 0.3121079 -0.9299867 2.494229
0.2073998 0.6249094 2.291821 0.188716 0.4327781 2.347219 0.01196254 0.344853 2.351221 0.3532958 0.3258381 2.339377 -0.1438546 0.1895027 2.236182 0.4396608 0.1326753 2.219757 -0.06328082 0.1173541 2.061586 0.3192599 0.03492946 2.089536 -0.04394533 0.1501396 2.01109 0.2968656 0.0267222 2.014247 0.17193 0.09630408 2.356887 0.1680642 0.02958097 2.344629 0.09052297 -0.04516824 2.340481 0.2379809 -0.04935306 2.342611 0.04252863 -0.5156997 2.487381 0.2790049 -0.5084997 2.453554 0.01483798 -0.8682184 2.584725 0.2756303 -0.8782709 2.540893 -0.03187514 -0.9262804 2.550853 0.3117161 -0.9292806 2.496903
0.2076574 0.6249493 2.29247 0.1887746 0.4327721 2.347259 0.01220385 0.344792 2.350861 0.3529371 0.3256632 2.338623 -0.148862 0.228699 2.235671 0.4369839 0.1344798 2.215612 -0.0836767 0.1479659 2.016354 0.3491185 0.05141614 2.043882 -0.0785969 0.1684906 1.97424 0.3168484 0.02090953 1.985667 0.1719853 0.09614394 2.357128 0.1680844 0.02937625 2.344778 0.0904674 -0.04522299 2.340587 0.2380629 -0.04951398 2.342814 0.04270714 -0.5156525 2.487792 0.2790352 -0.5084804 2.453416 0.01406126 -0.8674083 2.583239 0.2752764 -0.8788368 2.541536 -0.03211376 -0.9266593 2.551082 0.3116547 -0.9293184 2.4969
0.2079127 0.6252367 2.293725 0.1888676 0.4328327 2.347311 0.0125466 0.344905 2.350484 0.3527725 0.325419 2.337862 -0.1504675 0.2308468 2.235183 0.4317025 0.1381098 2.211342 -0.1086134 0.1659066 1.975818 0.377408 0.03296757 2.044054 -0.1159966 0.1875542 1.940472 0.3376248 0.01151987 1.971335 0.1720418 0.09606764 2.357486 0.1680987 0.02924735 2.345163 0.09030509 -0.04521637 2.341151 0.2381738 -0.04958644 2.343301 0.0424467 -0.5146604 2.487659 0.2806612 -0.4986363 2.451634 0.01393262 -0.86696 2.583917 0.2751718 -0.8789941 2.541763 -0.03242626 -0.9269491 2.551399 0.3117028 -0.9294317 2.496359
0.2077073 0.6254906 2.29422 0.1889328 0.4328584 2.347399 0.01273516 0.3450151 2.349761 0.3525858 0.3252067 2.33742 -0.1519629 0.232741 2.232854 0.419048 0.1350513 2.184886 -0.1337945 0.1881413 1.961252 0.3815941 0.01521853 2.023419 -0.1438751 0.2113326 1.916888 0.3761053 0.001130469 1.93446 0.1720052 0.09594001 2.357991 0.1680266 0.0290504 2.345797 0.08997025 -0.04521571 2.34206 0.2382196 -0.04980395 2.344035 0.04291878 -0.5146105 2.488194 0.280149 -0.4996532 2.45211 0.01388314 -0.8670821 2.583837 0.2748028 -0.8796681 2.54251 -0.03226431 -0.9271644 2.550353 0.3117177 -0.9294676 2.496302
0.2076943 0.6255445 2.294387 0.1889168 0.4328371 2.347434 0.01312449 0.3454682 2.348839 0.3525072 0.3251505 2.337271 -0.1312987 0.2507723 2.233927 0.4191623 0.1352479 2.178056 -0.1550851 0.2069107 1.962655 0.3888466 0.03465395 1.982711 -0.1684935 0.2298768 1.903719 0.3891371 -0.004283587 1.92827 0.1719888 0.09593745 2.358487 0.1680627 0.02904619 2.346527 0.08991058 -0.04501837 2.342899 0.2384286 -0.04977315 2.345165 0.04240866 -0.5159119 2.489392 0.2803115 -0.504982 2.453708 0.01463049 -0.8663847 2.582942 0.2747777 -0.8802638 2.542861 -0.03272733 -0.92799 2.552532 0.312485 -0.9304612 2.496636
0.2077458 0.6256494 2.294855 0.1887787 0.4327796 2.347409 0.01362722 0.346 2.347438 0.3521343 0.3248453 2.33661 -0.1335788 0.2512504 2.208992 0.4192815 0.1355036 2.177975 -0.1901378 0.237511 1.954799 0.3984916 0.0366585 1.984901 -0.2069283 0.2582266 1.886779 0.4034694 -0.005915379 1.924237 0.1718251 0.09593262 2.358865 0.167936 0.02903724 2.347232 0.08975449 -0.04473887 2.343755 0.2383646 -0.04973769 2.346299 0.04240938 -0.5162591 2.489892 0.2805806 -0.4958167 2.451766 0.01524735 -0.865588 2.582167 0.2747176 -0.8801053 2.542706 -0.03340438 -0.9283707 2.558374 0.3106436 -0.9295018 2.498002
0.2079521 0.6260173 2.295312 0.1887584 0.4327853 2.347404 0.01391202 0.3470078 2.345757 0.35216 0.3246815 2.336367 -0.1415774 0.2601246 2.189462 0.4195174 0.1369559 2.177337 -0.2022099 0.2474381 1.958169 0.4232947 0.01313113 1.932312 -0.2281594 0.2744398 1.882979 0.4148643 -0.002583728 1.92546 0.1717406 0.09618104 2.359148 0.1679296 0.02935561 2.347856 0.08964347 -0.04424237 2.344304 0.238518 -0.04949136 2.347451 0.04231596 -0.5156955 2.48979 0.2806081 -0.4977621 2.452025 0.01617402 -0.8672227 2.584308 0.2757543 -0.8801136 2.542437 -0.03172407 -0.9279684 2.553372 0.3102308 -0.9292983 2.496694
0.208129 0.626073 2.295327 0.188657 0.4327828 2.3474 0.01408719 0.3479542 2.343575 0.3522115 0.3244168 2.335949 -0.1500346 0.273605 2.170676 0.4209334 0.1395117 2.180316 -0.2175027 0.264441 1.965 0.4256323 0.03700971 1.985057 -0.2601084 0.2958931 1.871868 0.4235418 0.0003234446 1.926346 0.1715797 0.0963923 2.359341 0.1678613 0.02961677 2.348375 0.0894904 -0.04380363 2.344748 0.2385813 -0.04938027 2.348339 0.04226612 -0.5155655 2.489907 0.2798602 -0.5054409 2.455369 0.01602266 -0.8698074 2.589091 0.2757146 -0.8797812 2.541937 -0.03230561 -0.9283275 2.554489 0.3131388 -0.9344069 2.482018
0.2082413 0.6261271 2.295369 0.1886738 0.4328042 2.347397 0.01445318 0.3486371 2.341197 0.3519925 0.324197 2.335454 -0.141443 0.2893767 2.181396 0.4222054 0.1417508 2.182874 -0.2466984 0.2932435 1.927373 0.4260722 0.03721859 1.985123 -0.269733 0.3069015 1.869719 0.4318933 0.00424095 1.928173 0.1715109 0.09658146 2.35943 0.1678605 0.02982505 2.348768 0.08942991 -0.04343063 2.345085 0.2385997 -0.0491159 2.349029 0.042219 -0.5157438 2.490006 0.2782363 -0.4975654 2.453239 0.01628472 -0.867324 2.586831 0.2757227 -0.8795021 2.542237 -0.03283458 -0.9287496 2.555246 0.308558 -0.9283743 2.492002
0.2082821 0.6263569 2.295471 0.188737 0.433 2.34729 0.01440754 0.3492866 2.339704 0.3519677 0.3241155 2.335152 -0.1413285 0.2913068 2.182029 0.4222529 0.1419259 2.182902 -0.2472504 0.2946425 1.92829 0.4299641 0.03801465 1.982425 -0.2794152 0.3206172 1.868106 0.4387622 0.008305306 1.92863 0.1714463 0.09683532 2.359434 0.1678231 0.03008056 2.349099 0.08929176 -0.04301568 2.345438 0.2385803 -0.04895725 2.349514 0.04234911 -0.5164441 2.490649 0.2781595 -0.4970495 2.452539 0.01572449 -0.8699465 2.588241 0.2756771 -0.879137 2.54228 -0.03329509 -0.92939 2.556856 0.3093366 -0.9289018 2.493566
0.2088572 0.626601 2.295676 0.1887217 0.4330544 2.347374 0.01440191 0.3499551 2.33847 0.3520134 0.3241306 2.335091 -0.1457812 0.2998382 2.174907 0.4220711 0.141959 2.184009 -0.2548055 0.3042303 1.922576 0.4305962 0.0387301 1.982962 -0.2876907 0.3332838 1.867972 0.4410982 0.009654721 1.92903 0.1713084 0.09712808 2.359475 0.1677154 0.03040741 2.349388 0.08904785 -0.04252546 2.345653 0.2385393 -0.04882646 2.349781 0.04226868 -0.5151653 2.490248 0.2784929 -0.4987831 2.452581 0.01655943 -0.8686178 2.585587 0.2754923 -0.8799378 2.543373 -0.03356145 -0.9296693 2.557307 0.3100401 -0.9290972 2.494232
0.2090167 0.6265417 2.295451 0.1886637 0.4331039 2.347353 0.01414904 0.3505004 2.337827 0.351961 0.3241152 2.335028 -0.144736 0.3017087 2.177048 0.4238813 0.1436203 2.193843 -0.2564004 0.3098541 1.926038 0.4333074 0.03872547 1.979368 -0.2907151 0.3390034 1.868683 0.442995 0.01053893 1.92986 0.1712005 0.09739445 2.35944 0.1676294 0.03071533 2.349648 0.08888412 -0.04218371 2.345844 0.2385308 -0.04858857 2.350162 0.0419437 -0.5159841 2.490716 0.2785391 -0.5008332 2.453127 0.01643965 -0.8688964 2.585586 0.2751141 -0.8802175 2.543175 -0.0332614 -0.9298187 2.553756 0.3098213 -0.9289029 2.494112
0.2092851 0.6265209 2.295462 0.1886643 0.4331234 2.347334 0.01404277 0.3508126 2.337469 0.3518718 0.3240277 2.33484 -0.1453434 0.3023832 2.176875 0.424743 0.1438545 2.192823 -0.2580637 0.313215 1.926471 0.4346146 0.04264276 1.987433 -0.2926955 0.3436788 1.869262 0.4440973 0.01168466 1.930854 0.1711756 0.09749367 2.359337 0.1676048 0.03081891 2.349822 0.08881213 -0.04205315 2.345997 0.2385336 -0.04851158 2.35043 0.04197646 -0.5159366 2.490758 0.2780979 -0.5035 2.454604 0.01642818 -0.8687214 2.585533 0.275474 -0.8790735 2.54242 -0.03243644 -0.9294328 2.551913 0.3108632 -0.9282009 2.497346
0.2093055 0.6265234 2.295446 0.1886631 0.433149 2.347466 0.01398395 0.3510329 2.337271 0.3519099 0.3240284 2.334817 -0.1458161 0.3026219 2.176997 0.4252719 0.1435404 2.192203 -0.258135 0.3144674 1.926451 0.4346327 0.04266848 1.987426 -0.2923525 0.3451508 1.86978 0.4443856 0.0117454 1.931054 0.1711216 0.09766331 2.359349 0.1675483 0.03100332 2.350045 0.08867956 -0.04189876 2.346146 0.2385282 -0.04841411 2.350626 0.04158385 -0.5164324 2.490884 0.2784112 -0.4958956 2.451375 0.01614477 -0.8692863 2.584477 0.2751634 -0.8799299 2.54386 -0.03144627 -0.9295775 2.548462 0.3118119 -0.9289197 2.497867
0.2097632 0.6265221 2.295632 0.1888615 0.4331306 2.347495 0.01401187 0.3510965 2.337309 0.3519077 0.3240317 2.334816 -0.1448249 0.3012155 2.186701 0.4264947 0.1430626 2.19242 -0.2532927 0.313765 1.934407 0.4343134 0.04245979 1.987047 -0.2865257 0.3435992 1.875388 0.4439903 0.01196519 1.931519 0.1711464 0.09770036 2.359213 0.1675518 0.03104046 2.350114 0.08864411 -0.04182921 2.346199 0.2385165 -0.04838719 2.350713 0.04150366 -0.5165356 2.491131 0.2790624 -0.508232 2.455874 0.01661213 -0.8694949 2.585067 0.2753577 -0.8806512 2.543229 -0.03165093 -0.9286088 2.552382 0.3144457 -0.934752 2.487385
0.2104513 0.6265159 2.295944 0.1889138 0.4332399 2.347408 0.01409267 0.3512095 2.337507 0.3520837 0.3238946 2.334892 -0.1562888 0.2860354 2.185236 0.4261661 0.1421814 2.196462 -0.2251329 0.2938544 1.975993 0.4345202 0.0415635 1.985311 -0.2759174 0.338504 1.879406 0.4400919 0.01316029 1.934465 0.1711453 0.09779679 2.359061 0.1675357 0.03113053 2.350178 0.08857455 -0.04173484 2.346234 0.2385194 -0.0483345 2.350839 0.04138812 -0.5166878 2.491241 0.2789201 -0.5078285 2.455737 0.01679502 -0.8699901 2.586069 0.2755908 -0.8813229 2.545261 -0.03121022 -0.928372 2.551498 0.3130065 -0.9333819 2.489046
0.2114787 0.6267098 2.297529 0.1889627 0.4332284 2.347423 0.01426309 0.3512586 2.337893 0.3526167 0.3235394 2.3351 -0.1594028 0.2740423 2.196225 0.4261653 0.1422432 2.19992 -0.2222304 0.2911222 1.975213 0.4119053 0.05167289 2.015432 -0.237579 0.3185732 1.898291 0.4316377 0.01536629 1.940098 0.1711324 0.09783299 2.358896 0.1674965 0.031181 2.350188 0.08838961 -0.04165121 2.346135 0.2385013 -0.04833302 2.350872 0.04132849 -0.516577 2.491283 0.2787546 -0.5041134 2.454587 0.01591782 -0.8677834 2.584629 0.2758189 -0.8806167 2.545631 -0.03082366 -0.9281049 2.55035 0.315404 -0.9306959 2.497813
0.2118195 0.6266827 2.297702 0.1890788 0.433256 2.34744 0.01472687 0.3513962 2.338679 0.3527697 0.3230563 2.335167 -0.1449768 0.2735685 2.23414 0.4273888 0.1414388 2.205413 -0.2014166 0.2769805 1.985013 0.4114639 0.05393863 2.019483 -0.217306 0.3077066 1.908863 0.4229 0.01949646 1.945245 0.1711608 0.09781191 2.358738 0.1674898 0.03113886 2.350182 0.08836316 -0.04167171 2.346108 0.2384824 -0.04839951 2.350864 0.04124284 -0.515933 2.491271 0.2786759 -0.5049135 2.454849 0.0152488 -0.8623726 2.582228 0.2759177 -0.8812239 2.547207 -0.03348292 -0.9279877 2.554631 0.3152999 -0.9305981 2.498403
0.212103 0.6267045 2.297937 0.1891042 0.4332142 2.347417 0.01493632 0.3514447 2.339393 0.3528124 0.3229562 2.335313 -0.1442594 0.2692762 2.238321 0.427502 0.141224 2.204888 -0.1875843 0.2619839 1.980183 0.4035883 0.05522785 2.019125 -0.1886605 0.2877705 1.925242 0.4094896 0.02284879 1.9514 0.1711844 0.09772811 2.358578 0.1674881 0.03103391 2.350155 0.08834057 -0.0417523 2.346052 0.2384881 -0.04852523 2.350841 0.04124765 -0.5158628 2.491384 0.2787876 -0.5084913 2.456185 0.01506449 -0.8623063 2.582525 0.2753536 -0.8800076 2.545188 -0.03373193 -0.9283217 2.554974 0.3144363 -0.9350002 2.483352
0.2123741 0.6266382 2.298177 0.1891866 0.4332171 2.347614 0.01529467 0.3516086 2.34066 0.3528801 0.3228439 2.335532 -0.145398 0.2460357 2.286962 0.4285696 0.1421323 2.209726 -0.1605368 0.2395565 2.011433 0.3968401 0.05274317 2.026975 -0.1620173 0.2648851 1.942429 0.3946876 0.02672556 1.960567 0.1711657 0.09763579 2.35846 0.1673828 0.03089005 2.350077 0.08814924 -0.04189784 2.34586 0.238338 -0.04869484 2.350679 0.04123909 -0.5155751 2.491242 0.2789918 -0.5075642 2.455848 0.01511374 -0.8619671 2.583513 0.2753202 -0.8801616 2.545143 -0.03366964 -0.927665 2.557236 0.3129166 -0.9333249 2.485499
0.2130133 0.6267541 2.298715 0.1895244 0.433261 2.34781 0.01583908 0.3515894 2.341971 0.3533733 0.3228467 2.336312 -0.1417212 0.2404088 2.292551 0.4289035 0.1420114 2.209985 -0.1342191 0.2095509 2.018434 0.3879274 0.0280375 2.044883 -0.1407214 0.2499501 1.950654 0.3714358 0.03190354 1.979167 0.1711972 0.09758851 2.358358 0.1673703 0.03081521 2.34997 0.0880284 -0.04199094 2.345572 0.2383084 -0.04880854 2.350506 0.04120451 -0.5161273 2.491652 0.2793889 -0.4998683 2.452339 0.01537854 -0.8616729 2.584149 0.2754836 -0.8807036 2.54555 -0.03366416 -0.9276575 2.557266 0.3127212 -0.9333601 2.488037
0.212925 0.6267906 2.298624 0.1895342 0.4332701 2.34791 0.01555122 0.3515162 2.343667 0.3534151 0.3231049 2.337474 -0.1412424 0.2385364 2.298018 0.4445957 0.1426903 2.234617 -0.1118559 0.2007409 2.026374 0.3695325 0.03722005 2.076559 -0.1016064 0.2209493 1.984599 0.3454573 0.04112918 2.005913 0.1711263 0.09748538 2.358261 0.1672221 0.03066029 2.349815 0.08774615 -0.04216158 2.345399 0.2381385 -0.04909027 2.350066 0.04113086 -0.516176 2.491765 0.2781879 -0.5097496 2.454845 0.01482549 -0.86059 2.584784 0.2755806 -0.8817122 2.545369 -0.02592592 -0.9226041 2.553751 0.313771 -0.9366726 2.482457
0.2128298 0.6268001 2.298661 0.1895023 0.4331982 2.347995 0.01532909 0.3510236 2.344525 0.353378 0.3232097 2.338279 -0.170085 0.2207021 2.218347 0.4497672 0.1397814 2.238807 -0.07804102 0.1780275 2.039466 0.3535703 0.04635493 2.085037 -0.07812908 0.2034421 2.005133 0.334846 0.04498846 2.014441 0.1710446 0.09724535 2.358104 0.1671147 0.03036458 2.349529 0.08761199 -0.04256603 2.34503 0.2380145 -0.04939148 2.349549 0.04110538 -0.5161005 2.491814 0.2785941 -0.5139735 2.456523 0.01492686 -0.8608236 2.584914 0.2754556 -0.8822758 2.545701 -0.02586326 -0.9226515 2.552929 0.3139711 -0.9369127 2.481356
0.2127668 0.6268848 2.298874 0.1893993 0.4330725 2.348206 0.0133087 0.3495496 2.345505 0.3535765 0.3232752 2.339314 -0.1656089 0.2160566 2.229792 0.4529645 0.1347538 2.248533 -0.05540186 0.1531081 2.069506 0.3475052 0.07009821 2.07895 -0.04856098 0.1798725 2.039278 0.3153152 0.05036297 2.031223 0.1709409 0.09717911 2.358079 0.1669844 0.03031318 2.349386 0.08713298 -0.04305435 2.344699 0.2379629 -0.04952714 2.349213 0.04108837 -0.5164486 2.491862 0.2785851 -0.5138049 2.456562 0.01541425 -0.8626475 2.586287 0.2754978 -0.882138 2.545288 -0.02522455 -0.9227537 2.552811 0.3150259 -0.9344922 2.49343
0.2116795 0.6268635 2.298601 0.1893066 0.4330055 2.348277 0.01238039 0.3490851 2.34673 0.3537245 0.3235608 2.340413 -0.1544572 0.2069167 2.244495 0.4604838 0.12986 2.268137 -0.04542761 0.1413557 2.084472 0.336089 0.07964699 2.114413 -0.0374357 0.1707453 2.05216 0.2989478 0.05743543 2.051763 0.170661 0.09708913 2.357934 0.1666261 0.03024613 2.349034 0.08664379 -0.04338934 2.344296 0.2375041 -0.04967669 2.348523 0.04108523 -0.5166252 2.492006 0.2786703 -0.5132782 2.45661 0.01382056 -0.8654851 2.5868 0.2762436 -0.8834382 2.54932 -0.02773262 -0.9246979 2.554037 0.3151111 -0.933282 2.497257
0.211256 0.6268361 2.298759 0.1893968 0.4329633 2.348332 0.01171773 0.3483153 2.347671 0.3539299 0.3238556 2.341936 -0.1476222 0.19863 2.256972 0.4606684 0.1303569 2.27049 -0.02204415 0.1690343 2.098525 0.3216432 0.08064626 2.131026 -0.01534629 0.1545435 2.089097 0.2884147 0.06233597 2.065409 0.1705934 0.09701169 2.357879 0.1665283 0.03016778 2.348772 0.08649636 -0.04361257 2.343873 0.2373093 -0.0498779 2.348133 0.04082067 -0.5159242 2.491677 0.2785057 -0.5146396 2.456735 0.01407203 -0.8655786 2.586917 0.2748957 -0.8828105 2.545898 -0.03024133 -0.9238303 2.557807 0.3129726 -0.9334248 2.491315
0.2103607 0.6271427 2.299168 0.1891406 0.433067 2.348716 0.01059039 0.3474824 2.34878 0.3534645 0.3246925 2.343408 -0.142293 0.1885476 2.270548 0.4648168 0.1287758 2.281696 -0.01125523 0.162278 2.116347 0.3138065 0.08710731 2.1536 -0.002588267 0.1463115 2.09419 0.2759924 0.07014823 2.084545 0.1704696 0.09701619 2.35794 0.1664021 0.03019873 2.348592 0.08646267 -0.04367565 2.343697 0.2370501 -0.04983262 2.347665 0.03946171 -0.5073059 2.489211 0.2783982 -0.514032 2.456856 0.01485097 -0.8661072 2.588462 0.2749263 -0.8826339 2.546074 -0.03022008 -0.9241353 2.558301 0.3141363 -0.9302877 2.506396
0.2103129 0.6271517 2.299203 0.1893951 0.4331695 2.348678 0.0107546 0.3471308 2.349789 0.3540614 0.324742 2.344858 -0.1364371 0.1859626 2.28159 0.4699751 0.1308089 2.300004 0.01700586 0.1262724 2.165272 0.31866 0.09579913 2.170102 0.0165779 0.1409064 2.111514 0.2671931 0.07601031 2.101872 0.1705277 0.0969993 2.35794 0.1664611 0.03017666 2.348404 0.08660087 -0.0437743 2.343403 0.2370397 -0.04988015 2.347519 0.03932583 -0.5084043 2.489339 0.2783701 -0.5141745 2.456982 0.0154505 -0.8668507 2.58864 0.2750961 -0.881561 2.545587 -0.03157392 -0.9252274 2.560251 0.3120116 -0.9311466 2.496745
0.20958 0.6270794 2.299361 0.1893853 0.4331199 2.348721 0.01057007 0.3460747 2.351147 0.3542708 0.3247913 2.346105 -0.124629 0.1803221 2.289127 0.4698194 0.131088 2.300709 0.02046666 0.1220179 2.160648 0.3142467 0.09941908 2.175548 0.02837548 0.1378109 2.12264 0.257762 0.08167987 2.110178 0.1705683 0.0969414 2.357943 0.1665241 0.03013865 2.348151 0.08689658 -0.04403191 2.34295 0.2370311 -0.04988716 2.347202 0.03978172 -0.5105395 2.490438 0.2754571 -0.5145878 2.45822 0.01557545 -0.8669649 2.588393 0.2751235 -0.8815297 2.545567 -0.02845383 -0.9254739 2.554057 0.3113784 -0.9306011 2.496435
0.2090231 0.6271201 2.299462 0.1891333 0.4331097 2.348892 0.01064882 0.345403 2.351803 0.3544564 0.3247994 2.347627 -0.1174465 0.1760405 2.295982 0.4754512 0.1314415 2.316813 0.02786867 0.1221943 2.165627 0.3134792 0.1021884 2.190484 0.03943251 0.1373213 2.12088 0.2537563 0.08853028 2.125167 0.1705405 0.09686846 2.358014 0.166576 0.03005561 2.347944 0.08726805 -0.04426939 2.342442 0.2370448 -0.04995319 2.347025 0.03988991 -0.5108579 2.490475 0.2759404 -0.5161697 2.45862 0.01552676 -0.8651005 2.587733 0.2754922 -0.8817757 2.544945 -0.03023226 -0.9261228 2.555882 0.3110802 -0.9336904 2.486865
0.2080718 0.6273533 2.299725 0.189126 0.4332468 2.348972 0.01025605 0.3449662 2.353185 0.3543366 0.324793 2.348405 -0.1113486 0.1730949 2.302985 0.4742915 0.1286214 2.31779 0.04207823 0.1357402 2.176622 0.3104229 0.1020756 2.203679 0.04764719 0.1332448 2.136634 0.251364 0.09982389 2.145983 0.1706142 0.09689763 2.358038 0.1666583 0.03009755 2.347671 0.08752626 -0.04435628 2.342102 0.2370505 -0.04984521 2.346612 0.03977327 -0.5121598 2.490463 0.2766111 -0.5153498 2.458455 0.01515077 -0.8667873 2.589024 0.2754119 -0.8821572 2.545707 -0.03081848 -0.9265343 2.556036 0.3109786 -0.9330896 2.488456
0.2072023 0.6275244 2.299821 0.1891052 0.433491 2.349134 0.01020592 0.3446844 2.353813 0.3541114 0.3250077 2.348906 -0.1082183 0.1717559 2.308438 0.4283285 0.1380634 2.303046 0.04610905 0.1346304 2.183232 0.2721235 0.08991688 2.184859 0.05457741 0.1346743 2.148708 0.2504289 0.1056408 2.152609 0.1706198 0.09682264 2.358102 0.1666654 0.02996973 2.347392 0.08768141 -0.04450037 2.341779 0.2369387 -0.0499524 2.346193 0.03986837 -0.5125905 2.49035 0.2765023 -0.5157019 2.458569 0.01507095 -0.8669707 2.588351 0.2756644 -0.8820712 2.542785 -0.02906298 -0.9262015 2.553075 0.3123634 -0.9359468 2.482441
0.2068942 0.627508 2.299815 0.1884629 0.4333878 2.348838 0.01019673 0.3446172 2.35456 0.3540159 0.3253245 2.349454 -0.1069211 0.1707319 2.312457 0.4281552 0.1380793 2.303097 0.0531913 0.1220941 2.200574 0.2682307 0.09065582 2.190323 0.06152131 0.1346476 2.144677 0.2139053 0.1135004 2.159797 0.170487 0.09682201 2.358086 0.1665872 0.02998973 2.347222 0.0877329 -0.04451729 2.341679 0.2368093 -0.04988579 2.346028 0.04017911 -0.5132137 2.490355 0.2763774 -0.5137337 2.457847 0.01431041 -0.8673335 2.587731 0.2753648 -0.8818479 2.542865 -0.02959142 -0.9265552 2.553577 0.3120452 -0.9320431 2.499531
0.2067536 0.6275159 2.299864 0.1885081 0.4334426 2.348892 0.01030361 0.3443986 2.35541 0.3540649 0.3253326 2.349635 -0.1060752 0.169589 2.316622 0.4280701 0.1386207 2.303332 0.05317405 0.1263981 2.200884 0.2656529 0.09202946 2.194271 0.06715237 0.133776 2.145905 0.2163188 0.1129109 2.143767 0.1705802 0.09680239 2.358229 0.1666734 0.02997188 2.347164 0.08799187 -0.04461307 2.341603 0.2368407 -0.04987811 2.345979 0.04023368 -0.5134169 2.49023 0.2763362 -0.5128695 2.457197 0.0151509 -0.8657888 2.588526 0.2762987 -0.8810291 2.543569 -0.0302231 -0.9259779 2.555299 0.3121978 -0.9318754 2.499677
0.2067248 0.6275079 2.299897 0.1883526 0.4334953 2.348739 0.01043884 0.3444139 2.356456 0.3540327 0.3253186 2.349694 -0.1059053 0.1695479 2.31999 0.428427 0.1390559 2.303934 0.05691076 0.1395575 2.194427 0.2633365 0.09416023 2.198709 0.07134531 0.1321415 2.146149 0.2165946 0.1128289 2.144782 0.1706082 0.09676211 2.358227 0.1666895 0.02993141 2.347008 0.0881419 -0.04465394 2.341498 0.2368002 -0.0498909 2.345807 0.04022623 -0.5135494 2.490252 0.2763309 -0.5125026 2.457119 0.01517907 -0.8657146 2.588536 0.2760212 -0.8804498 2.542489 -0.0303534 -0.9255205 2.553895 0.3111721 -0.9306919 2.498207
0.2049094 0.6279292 2.300565 0.188278 0.4335869 2.348843 0.01030228 0.3443525 2.35733 0.353949 0.3253294 2.349686 -0.105547 0.1696854 2.322596 0.4477539 0.1307389 2.307618 0.05792433 0.1400403 2.194402 0.2740926 0.1033272 2.211781 0.0735364 0.1290181 2.148554 0.2149272 0.1131153 2.145254 0.1706032 0.09672749 2.358357 0.1666436 0.02989187 2.346953 0.08815012 -0.04469116 2.341522 0.2366065 -0.04991845 2.345492 0.03985791 -0.5183235 2.492073 0.2738152 -0.5169584 2.459026 0.0159375 -0.8666035 2.587784 0.2756202 -0.881169 2.542836 -0.0303319 -0.9256666 2.553985 0.3131415 -0.9334918 2.488516
0.2040948 0.6277854 2.300888 0.1878342 0.4335175 2.348903 0.0102495 0.3443804 2.35818 0.353968 0.3253174 2.34976 -0.1244011 0.1654809 2.329227 0.4580301 0.1260259 2.315996 0.04746825 0.1215828 2.236829 0.2836683 0.1082029 2.219017 0.0682946 0.09230956 2.181022 0.2145014 0.1148785 2.148702 0.1704941 0.09664989 2.358522 0.1665479 0.02983356 2.346968 0.08810566 -0.04484219 2.341731 0.2364903 -0.04997106 2.345424 0.04023501 -0.5176235 2.491471 0.2738595 -0.5171561 2.459009 0.0163501 -0.8645079 2.587017 0.2750983 -0.8816654 2.54352 -0.02835733 -0.925311 2.563015 0.3144458 -0.9367974 2.482788
0.2041048 0.6277501 2.300905 0.1878725 0.433563 2.34903 0.01028035 0.3443955 2.358546 0.353903 0.3254378 2.349988 -0.1147556 0.1673599 2.330784 0.4605117 0.125277 2.317921 0.05331997 0.1186464 2.233227 0.2848689 0.1073734 2.223681 0.07414637 0.089373 2.177419 0.2160555 0.1098546 2.166045 0.1704956 0.09664864 2.35867 0.1665357 0.02984657 2.346958 0.08811554 -0.04479352 2.341777 0.2363983 -0.04994125 2.345285 0.04005127 -0.5187595 2.491685 0.2743897 -0.5149828 2.457903 0.01574527 -0.8648334 2.586401 0.2750887 -0.8816051 2.543732 -0.01433083 -0.9134374 2.543503 0.3129454 -0.9343481 2.486553
0.2039609 0.6277576 2.301063 0.1878839 0.4335783 2.349032 0.01028013 0.3444066 2.358892 0.3538784 0.3254536 2.350049 -0.1124105 0.1677322 2.331322 0.4348654 0.1332443 2.3148 0.05468682 0.1168569 2.233101 0.2653408 0.1010505 2.212362 0.07551327 0.08758343 2.177294 0.2116759 0.1112725 2.155681 0.1704953 0.0966147 2.358792 0.1665135 0.02980442 2.346939 0.08811713 -0.04483432 2.341819 0.2363247 -0.05000235 2.345203 0.0400596 -0.518922 2.491803 0.2748892 -0.5156388 2.457895 0.0156695 -0.8650567 2.586603 0.2748786 -0.8819832 2.544264 -0.02346004 -0.9182129 2.553258 0.3138633 -0.9373134 2.480099
0.203952 0.6278034 2.301366 0.1879262 0.4335873 2.349056 0.01021722 0.3443655 2.359147 0.353906 0.325399 2.350054 -0.110958 0.1679021 2.33153 0.4483108 0.1283743 2.316024 0.05561692 0.1164207 2.232652 0.2736041 0.1050024 2.221157 0.07644352 0.08714703 2.176845 0.2036641 0.1050371 2.164839 0.1704971 0.09656566 2.358904 0.1664909 0.02974434 2.346915 0.0880916 -0.04494947 2.341909 0.2362515 -0.05013077 2.345036 0.04006159 -0.518799 2.491784 0.2751667 -0.5158772 2.457636 0.01609926 -0.8650672 2.586909 0.2743976 -0.8825945 2.545356 -0.02517337 -0.9200509 2.555943 0.3137029 -0.9373169 2.480876
0.2039358 0.6278036 2.301342 0.1880399 0.4336278 2.349137 0.01021304 0.3443686 2.359256 0.3539641 0.3253874 2.350107 -0.1094748 0.1677003 2.331435 0.437339 0.1302192 2.314381 0.05682591 0.1159429 2.232192 0.26453 0.09982158 2.217808 0.07765248 0.08666929 2.176385 0.1949217 0.100294 2.161082 0.1704971 0.09657308 2.358992 0.1664705 0.02977021 2.346843 0.08808939 -0.04494677 2.341908 0.236141 -0.05009877 2.344732 0.04003234 -0.518724 2.491802 0.275608 -0.5140216 2.456653 0.01589741 -0.8637904 2.58639 0.2747625 -0.8817228 2.543099 -0.02831647 -0.920534 2.557846 0.3191559 -0.9334402 2.498253
0.2039295 0.6278366 2.301377 0.1880981 0.4336424 2.349185 0.01028279 0.3444059 2.359331 0.3540249 0.32536 2.349989 -0.1088991 0.167945 2.33133 0.4343886 0.1307371 2.31422 0.05815643 0.1303002 2.207775 0.2617541 0.09762534 2.218323 0.08394095 0.1183211 2.145617 0.1923608 0.09749369 2.161331 0.1704916 0.09651104 2.359093 0.166437 0.02968999 2.346801 0.0880789 -0.04499713 2.341931 0.2360353 -0.05023228 2.344576 0.04017067 -0.5186797 2.491811 0.2761876 -0.5120961 2.455011 0.0169065 -0.8659368 2.587206 0.2752781 -0.8810685 2.544955 -0.03055001 -0.9229286 2.559945 0.3190079 -0.9316974 2.501829
0.2039552 0.6277959 2.301306 0.188101 0.4336429 2.349178 0.01039463 0.3444836 2.359431 0.35412 0.3252153 2.349835 -0.1213965 0.1627152 2.328725 0.432936 0.1308223 2.314555 0.05669611 0.1291159 2.207545 0.2613034 0.09754112 2.216666 0.08314814 0.1180555 2.14455 0.2115508 0.1049646 2.151303 0.1705093 0.09649546 2.359141 0.1664449 0.02968377 2.34672 0.08813564 -0.04498831 2.341916 0.2359869 -0.05025537 2.344393 0.04025878 -0.5183583 2.491478 0.2763582 -0.5119858 2.454913 0.0171103 -0.8660789 2.586942 0.2752984 -0.8810909 2.544937 -0.03057975 -0.9233283 2.560735 0.3161142 -0.930499 2.50038
0.2041373 0.6277997 2.300973 0.1882509 0.4335701 2.349177 0.01042159 0.3444859 2.359432 0.3541959 0.3250233 2.349627 -0.1332093 0.1605986 2.329041 0.4447482 0.1246559 2.31384 0.05336265 0.1266977 2.201468 0.2687037 0.1009963 2.221989 0.07689016 0.1196809 2.146598 0.2140747 0.1046756 2.147028 0.1706071 0.09637507 2.359133 0.1665256 0.02956888 2.346565 0.08824246 -0.04507677 2.341856 0.2360291 -0.05040159 2.344118 0.04025874 -0.5179974 2.490954 0.2765507 -0.5114936 2.454684 0.01690279 -0.8660484 2.586475 0.2753831 -0.8811529 2.545173 -0.03064374 -0.92563 2.548703 0.3150396 -0.9301103 2.498965
0.2043353 0.6277843 2.301031 0.1880218 0.4335693 2.348905 0.0104525 0.3444996 2.359415 0.3542702 0.3248263 2.349279 -0.1380187 0.1629871 2.324132 0.4458333 0.1243388 2.313359 0.04722628 0.1278995 2.184314 0.2710478 0.09911275 2.219219 0.06604925 0.1216549 2.141126 0.2153371 0.09831108 2.139882 0.1706599 0.09634188 2.359047 0.1666095 0.0295353 2.346387 0.08845919 -0.04512166 2.341777 0.2361375 -0.05043153 2.343887 0.04043994 -0.5174594 2.49053 0.2769813 -0.5124395 2.454634 0.01644305 -0.8656213 2.587375 0.2763513 -0.8806522 2.539576 -0.03257443 -0.9277393 2.55396 0.3172924 -0.9386487 2.477555
0.2045886 0.6277322 2.300809 0.1880045 0.4335019 2.348777 0.01148726 0.3447299 2.358924 0.354303 0.3244332 2.348708 -0.1393572 0.1642226 2.307944 0.4460329 0.1233092 2.306223 0.01116253 0.1201631 2.180107 0.2712804 0.09406008 2.213377 0.04958945 0.1216729 2.117972 0.2179387 0.09037076 2.12928 0.1707624 0.09617358 2.358915 0.166743 0.02936172 2.346144 0.0887686 -0.045237 2.341649 0.2362071 -0.0504463 2.343631 0.04056739 -0.5174662 2.490474 0.27705 -0.5119221 2.453726 0.01587202 -0.8672967 2.586827 0.2763911 -0.8804477 2.539549 -0.03217727 -0.9280819 2.552258 0.3187851 -0.932618 2.500154
0.2048192 0.6276977 2.30068 0.1875557 0.4333902 2.34857 0.01210635 0.344654 2.35842 0.3537638 0.3245736 2.347667 -0.1293707 0.1709608 2.303852 0.4593442 0.1225852 2.30723 0.009756222 0.1100935 2.169499 0.2945129 0.09149628 2.196039 0.04081201 0.1203231 2.105248 0.2339394 0.08745064 2.129255 0.1708492 0.09597315 2.358821 0.1669056 0.02911958 2.345936 0.08925783 -0.04538276 2.341548 0.2363538 -0.05047453 2.343419 0.04057967 -0.5174663 2.490509 0.2773349 -0.5139142 2.454673 0.0156988 -0.8676053 2.586372 0.2760636 -0.8822908 2.542512 -0.02940899 -0.9266632 2.545865 0.3162337 -0.9358869 2.485932
0.2051079 0.6275484 2.300158 0.1878027 0.4333758 2.348372 0.01266596 0.3444532 2.357732 0.3536887 0.3247312 2.346584 -0.1284177 0.1748854 2.297821 0.4587942 0.121832 2.301991 -0.01668692 0.1185674 2.136011 0.3001505 0.08861871 2.181704 0.01923225 0.1203753 2.096192 0.249072 0.07312395 2.107312 0.1710365 0.09572323 2.35867 0.1670624 0.02882926 2.345702 0.0894528 -0.04556293 2.34151 0.236422 -0.05059006 2.343114 0.04080803 -0.5166028 2.490272 0.2773772 -0.5145009 2.454885 0.01602106 -0.8680393 2.586802 0.2758812 -0.8823254 2.54312 -0.02931007 -0.9267703 2.545985 0.3161234 -0.9368812 2.483454
0.2062491 0.6277371 2.300489 0.1879692 0.4333526 2.348396 0.01330203 0.3440755 2.356565 0.353692 0.3244773 2.345597 -0.1294628 0.1772817 2.271795 0.4589624 0.1212545 2.301225 -0.03323328 0.1403564 2.087926 0.3116663 0.07818448 2.168912 -0.01246152 0.1323858 2.05109 0.2631187 0.05436459 2.09078 0.1711422 0.09542122 2.358615 0.1671637 0.02845604 2.3455 0.08954801 -0.04579859 2.341332 0.2364836 -0.05079563 2.342957 0.04089727 -0.5167117 2.490529 0.2772954 -0.5152689 2.455121 0.01613464 -0.8680758 2.587369 0.276396 -0.8838792 2.545782 -0.02644317 -0.928404 2.559626 0.3160314 -0.9371961 2.482409
0.2063133 0.6277284 2.300396 0.1881416 0.4332952 2.348233 0.01304483 0.3435909 2.355514 0.3537427 0.3244794 2.344935 -0.1323418 0.1783983 2.245088 0.4499169 0.1256843 2.279191 -0.04307269 0.1135192 2.072005 0.3098367 0.06575497 2.145471 -0.02784748 0.1367315 2.036897 0.2762013 0.03420385 2.061579 0.1711156 0.09527396 2.358529 0.1671194 0.02830148 2.345325 0.08934058 -0.04600509 2.341162 0.2365164 -0.05096219 2.342784 0.0411696 -0.5168749 2.491054 0.2772945 -0.5153739 2.455221 0.01571057 -0.8685517 2.587196 0.2759268 -0.8838574 2.544499 -0.02761338 -0.9287962 2.555813 0.3163044 -0.9382254 2.479834
0.2063213 0.6277976 2.300436 0.1882034 0.4332373 2.348169 0.01308717 0.3436605 2.354226 0.353635 0.3245867 2.343489 -0.1414903 0.1904415 2.238951 0.4321765 0.1272034 2.234537 -0.07843667 0.1306763 2.051988 0.3126815 0.03663687 2.097814 -0.06062547 0.1520276 1.998925 0.2925639 0.02057531 2.034184 0.171151 0.09520275 2.358567 0.1671399 0.02824005 2.345295 0.08932369 -0.04602436 2.341166 0.236625 -0.05105289 2.342735 0.04117373 -0.5168424 2.491126 0.277518 -0.5156836 2.45552 0.01580926 -0.8683264 2.587223 0.275875 -0.8841952 2.543334 -0.02768411 -0.928741 2.555817 0.3159422 -0.9385408 2.478238
0.2064339 0.6278288 2.300531 0.1882911 0.433232 2.348077 0.01393573 0.3441315 2.353293 0.3535855 0.3248929 2.342211 -0.1359166 0.2455167 2.25282 0.4324178 0.1277421 2.233726 -0.08847192 0.147583 2.014184 0.3342934 0.03634366 2.079964 -0.0913768 0.1682911 1.965325 0.3145458 0.006246859 2.004939 0.1712579 0.09518608 2.358609 0.1672365 0.0282255 2.345294 0.08939813 -0.0459701 2.341186 0.2368589 -0.05099218 2.342795 0.0412333 -0.5167424 2.491096 0.2775047 -0.515319 2.455626 0.01589296 -0.8682788 2.585819 0.2757671 -0.8842031 2.543255 -0.03119196 -0.9307895 2.55898 0.3145004 -0.9372643 2.480606
0.2064249 0.6278349 2.300252 0.1882953 0.4332452 2.348071 0.01446216 0.3442635 2.352296 0.3530258 0.3251948 2.340747 -0.1357516 0.2461277 2.25192 0.4319751 0.1315952 2.232435 -0.1167416 0.1692738 1.988097 0.3566356 0.04164287 2.064404 -0.1194019 0.1791778 1.944564 0.3293755 0.005074911 1.992204 0.1713028 0.09515679 2.358699 0.1672686 0.02817726 2.345368 0.08942854 -0.04589956 2.341285 0.2369591 -0.05099577 2.342989 0.04147201 -0.5157394 2.491385 0.2778111 -0.5150182 2.455983 0.01593593 -0.8641717 2.577408 0.2755322 -0.8840221 2.542546 -0.03161971 -0.930065 2.560669 0.3135095 -0.936443 2.482337
0.2068132 0.6278893 2.300286 0.1885185 0.4333619 2.347967 0.01554993 0.3444418 2.350137 0.3528096 0.324738 2.339118 -0.1288097 0.2299488 2.262664 0.4221093 0.1333593 2.211936 -0.1370976 0.1840703 1.990801 0.3830177 0.02799351 2.040276 -0.1511445 0.2051884 1.9142 0.3618277 -0.009678213 1.953593 0.1713336 0.09508324 2.358816 0.1673127 0.02803027 2.345556 0.08941671 -0.04592857 2.341501 0.2370482 -0.05101443 2.343361 0.0415109 -0.5156202 2.491543 0.2775019 -0.5138469 2.456766 0.01597697 -0.8609208 2.578193 0.275771 -0.8835724 2.543642 -0.031457 -0.926597 2.554488 0.3147742 -0.9331938 2.493383
0.2068605 0.627875 2.30024 0.1884388 0.4334792 2.347899 0.01610986 0.3448127 2.348064 0.352149 0.3243713 2.337584 -0.1219354 0.2376125 2.23735 0.4157075 0.1344885 2.199209 -0.1500078 0.1987939 1.965723 0.3822488 0.03666826 2.021536 -0.1682574 0.2172842 1.904438 0.3718496 -0.009803939 1.945314 0.171303 0.09496237 2.359039 0.1673335 0.02777663 2.345997 0.08948238 -0.0459163 2.341989 0.2371522 -0.05118744 2.344208 0.04164406 -0.5159445 2.491965 0.2775794 -0.5146694 2.457378 0.01580723 -0.8613551 2.578648 0.2760256 -0.8832008 2.544016 -0.03131906 -0.9265447 2.551374 0.3143652 -0.9364474 2.48352
0.2069051 0.6279301 2.300104 0.1884773 0.433502 2.347828 0.01721627 0.3451375 2.345031 0.3520527 0.3238823 2.336295 -0.1238241 0.2346109 2.244083 0.4162235 0.1354715 2.195015 -0.1805035 0.2227928 1.974512 0.3900287 0.03609905 1.9846 -0.2001536 0.2427982 1.885228 0.3877584 -0.009978026 1.933475 0.1712067 0.09490906 2.359236 0.167292 0.02766133 2.346457 0.08939531 -0.0457749 2.342337 0.2371421 -0.05128834 2.345522 0.04157181 -0.5158034 2.492054 0.2774141 -0.5146386 2.457657 0.01483949 -0.8629196 2.578548 0.2758927 -0.8833138 2.543966 -0.03052262 -0.9264023 2.546774 0.3139912 -0.936379 2.483138
0.2069884 0.627934 2.300089 0.1886588 0.4336799 2.347663 0.01783772 0.3458484 2.341757 0.3520605 0.3236831 2.335456 -0.1295602 0.24801 2.174651 0.416394 0.1382369 2.186864 -0.1915272 0.2262116 1.978625 0.3914137 0.03775007 1.98867 -0.2137531 0.2512217 1.880318 0.393672 -0.007393467 1.9304 0.1711569 0.09502752 2.359408 0.1673414 0.02776 2.346951 0.08932346 -0.04539531 2.342843 0.2373262 -0.05112866 2.346702 0.04135861 -0.5159858 2.492246 0.2775562 -0.5152793 2.458704 0.01521294 -0.8631608 2.579375 0.2763588 -0.8826362 2.543689 -0.02782708 -0.92431 2.543638 0.3139731 -0.9364179 2.482946
0.2069985 0.6279644 2.300025 0.1886907 0.4338056 2.347585 0.01785868 0.3461511 2.339379 0.3518529 0.3238347 2.334675 -0.1299198 0.2513092 2.170525 0.4155928 0.141179 2.186119 -0.2068088 0.249513 1.952004 0.395534 0.04448435 1.99419 -0.2399075 0.2675415 1.867255 0.4010022 -0.0008273027 1.927416 0.1711577 0.09522263 2.359709 0.1674347 0.02794639 2.34769 0.0893832 -0.04506214 2.343556 0.2375462 -0.05069605 2.348122 0.04111568 -0.5165234 2.492836 0.2779586 -0.5133086 2.458426 0.01547262 -0.8636819 2.579154 0.276068 -0.8810912 2.544561 -0.02845458 -0.9251521 2.543488 0.3121714 -0.9321657 2.487514
0.2077226 0.6281592 2.299942 0.1887476 0.4339867 2.347476 0.01846277 0.3466062 2.337214 0.3519194 0.3236537 2.333596 -0.1321603 0.25776 2.158425 0.4144548 0.1437683 2.183204 -0.2091595 0.2524437 1.949582 0.3979839 0.04849156 1.996643 -0.25122 0.2745414 1.862423 0.4063504 0.004548435 1.924528 0.1711631 0.09541783 2.359907 0.1674925 0.02812065 2.348341 0.08943152 -0.04453574 2.344175 0.2376429 -0.05055737 2.349376 0.04058228 -0.5169215 2.492979 0.277951 -0.5149047 2.459452 0.01586767 -0.8646142 2.579811 0.275708 -0.8819271 2.544556 -0.02846333 -0.9253949 2.543507 0.3131785 -0.9352033 2.48317
0.2079794 0.628263 2.299841 0.1885581 0.4340943 2.347021 0.0187961 0.3473535 2.334913 0.3517873 0.3235544 2.333179 -0.1329198 0.2594081 2.155619 0.416696 0.1450893 2.179849 -0.2120321 0.2564565 1.94815 0.398298 0.04937572 1.99651 -0.2561467 0.2822534 1.860507 0.4084633 0.008463325 1.92332 0.1710002 0.09551255 2.359786 0.1674004 0.02819451 2.348691 0.08937717 -0.04423806 2.344495 0.2374886 -0.05048194 2.350232 0.04044285 -0.5173618 2.493187 0.278145 -0.515764 2.460643 0.01528853 -0.8691554 2.588776 0.2764988 -0.8825879 2.544274 -0.03015484 -0.9274956 2.551153 0.3129167 -0.935313 2.481404
0.2083527 0.6288366 2.299438 0.1888392 0.4343455 2.346868 0.0187153 0.3479155 2.333763 0.3516655 0.323646 2.332919 -0.1333327 0.2597755 2.155157 0.4170132 0.1461569 2.178546 -0.2142077 0.2599254 1.948112 0.3987926 0.0509714 1.996979 -0.2595422 0.2881866 1.859748 0.4096655 0.01133793 1.922395 0.1709839 0.0957699 2.359758 0.1673708 0.02845375 2.349109 0.08929104 -0.04373794 2.344885 0.2373722 -0.05022279 2.350903 0.04040825 -0.5174873 2.493211 0.2778239 -0.5162348 2.461025 0.01498737 -0.8694482 2.588392 0.2762442 -0.8825449 2.543878 -0.03056325 -0.9279472 2.551882 0.31336 -0.9356166 2.481294
0.2089827 0.6293988 2.299858 0.1889502 0.4345033 2.346691 0.01873989 0.3481233 2.332977 0.3516854 0.3235752 2.332843 -0.1336838 0.2598781 2.154754 0.41636 0.1467577 2.178863 -0.2156678 0.2618882 1.947406 0.3994926 0.05282057 1.996455 -0.2623125 0.2933197 1.859033 0.4103385 0.01333856 1.921568 0.1709202 0.09587181 2.359535 0.1673037 0.028541 2.349287 0.08916559 -0.04355351 2.345068 0.2372814 -0.05016477 2.351152 0.04045546 -0.5176588 2.493311 0.2778154 -0.5156505 2.460894 0.01489193 -0.8697441 2.588383 0.2764891 -0.8819063 2.542999 -0.02948043 -0.9272163 2.54653 0.3136574 -0.9357899 2.480755
