0.2259588 0.6178166 2.219285 0.1801202 0.437963 2.250133 0.1101637 0.3047415 2.138443 0.311135 0.3317222 2.372253 0.06081785 0.1330565 2.028399 0.4193022 0.1188164 2.236789 0.3153382 0.1033773 2.073135 0.32855 0.03746476 2.072393 0.375859 0.1134647 2.047704 0.2982993 0.01034755 2.022002 0.200448 0.08406563 2.2526 0.2150272 0.01453958 2.247347 0.1761853 -0.05108201 2.191392 0.2655912 -0.05796979 2.299093 0.09271977 -0.5298465 2.284937 0.244068 -0.5364688 2.468344 0.02279838 -0.8783086 2.330415 0.1948579 -0.8664856 2.512862 0.03691006 -0.9433312 2.304423 0.2655028 -0.9261215 2.532287
0.2264101 0.617136 2.219228 0.1801184 0.4379621 2.250129 0.1105361 0.3046578 2.137877 0.3119167 0.330134 2.37317 0.06927131 0.1315925 2.017132 0.4200251 0.1173266 2.237454 0.2766593 0.0976791 2.033007 0.3291122 0.03783437 2.072167 0.3652709 0.110291 2.025028 0.2988079 0.01133695 2.02148 0.2004547 0.08408399 2.252599 0.2150618 0.01456529 2.247375 0.1763027 -0.05066431 2.191895 0.2656578 -0.05786148 2.298873 0.09113884 -0.5297991 2.282174 0.244219 -0.5364377 2.468308 0.02315322 -0.8785802 2.330896 0.194571 -0.8651469 2.51187 0.03669183 -0.9433685 2.304029 0.2635843 -0.9244195 2.544489
0.2278119 0.617845 2.221452 0.1801246 0.4380901 2.250145 0.1112657 0.3047606 2.137472 0.3127106 0.3315437 2.375809 0.07587066 0.1348498 2.006836 0.4195689 0.1184158 2.239489 0.278607 0.09997424 2.020734 0.3330505 0.0360805 2.073153 0.3631484 0.1121326 1.992811 0.304211 0.008635387 2.022116 0.2005348 0.08453602 2.252882 0.215212 0.01509179 2.247792 0.1767966 -0.04941066 2.193267 0.2656359 -0.057348 2.298875 0.09159505 -0.530136 2.282616 0.2451883 -0.5348488 2.467432 0.02320243 -0.8786438 2.330866 0.1945468 -0.865023 2.512111 0.03725933 -0.9409797 2.298941 0.2622771 -0.9224415 2.537968
0.2271864 0.61747 2.22148 0.180141 0.4381851 2.250396 0.1122869 0.3051659 2.137267 0.3156192 0.3361073 2.388234 0.0892029 0.143841 1.991161 0.4171277 0.1130475 2.267604 0.320979 0.1113932 1.976334 0.3145488 0.04863204 2.102603 0.3863972 0.1239358 1.947157 0.526101 0.04176164 2.180356 0.1991196 0.08704282 2.252915 0.2133865 0.01851454 2.247857 0.1749299 -0.04606758 2.192456 0.2638142 -0.0560329 2.298934 0.09195854 -0.530449 2.282784 0.2454875 -0.5362834 2.467929 0.0233599 -0.880041 2.331508 0.1953236 -0.863975 2.510796 0.03470715 -0.9463016 2.307356 0.267736 -0.9250532 2.529922
0.2269939 0.6166884 2.223158 0.1798286 0.4388857 2.251343 0.1131494 0.3062975 2.13715 0.3238825 0.3312589 2.408208 0.1338806 0.140816 1.969138 0.4342613 0.1184915 2.274688 0.3263997 0.1173988 1.946093 0.3649806 0.04984947 2.093545 0.3908547 0.1294155 1.915336 0.5415193 0.04501485 2.183079 0.1989374 0.09230608 2.255328 0.2135877 0.02488982 2.250829 0.1754911 -0.03831063 2.197381 0.2638654 -0.05186868 2.300075 0.09092046 -0.529588 2.280192 0.2457047 -0.5363415 2.468173 0.02445417 -0.880556 2.332223 0.1962481 -0.8626695 2.509546 0.03310575 -0.9470978 2.30773 0.2629832 -0.9228119 2.526315
0.2262033 0.6158297 2.224514 0.1792068 0.4395898 2.25254 0.1138817 0.3083913 2.137872 0.3217954 0.3345655 2.405516 0.1144126 0.1639335 1.959623 0.4408509 0.1226668 2.279815 0.3344714 0.1317959 1.896915 0.3648109 0.05526954 2.10111 0.4035008 0.1472546 1.868733 0.5624477 0.04742495 2.18783 0.1989298 0.09248322 2.255714 0.2136345 0.02497309 2.251096 0.1754437 -0.03842225 2.197417 0.2642751 -0.05103907 2.300827 0.09062217 -0.5297264 2.279849 0.2457232 -0.5409333 2.469964 0.02443866 -0.8805693 2.332122 0.1959613 -0.8630367 2.510223 0.03316549 -0.9474842 2.308695 0.2618497 -0.920902 2.524546
0.2268335 0.6158457 2.228136 0.1785863 0.4399437 2.254439 0.1138843 0.3100131 2.139241 0.3212863 0.3346971 2.40549 0.1141451 0.1726993 1.954519 0.4486433 0.1221921 2.292089 0.3394711 0.1400702 1.874446 0.2828249 0.06077942 2.198605 0.4084688 0.158957 1.841335 0.5837447 0.04915219 2.192035 0.1985811 0.09322385 2.256251 0.2133344 0.02568632 2.251421 0.1738344 -0.03854974 2.195625 0.2648834 -0.04988626 2.302931 0.09033435 -0.5295478 2.279235 0.2522471 -0.5018394 2.462525 0.02451178 -0.8804239 2.331972 0.1959298 -0.8629335 2.510257 0.03365231 -0.9471364 2.308128 0.2614585 -0.9202975 2.524548
0.2262812 0.6159329 2.228894 0.1782134 0.4400645 2.255042 0.1120973 0.3113998 2.140521 0.3208081 0.3349314 2.404725 0.115301 0.1911875 1.949211 0.4343114 0.09865235 2.361052 0.3393301 0.1534457 1.843853 0.5662429 0.07371317 2.207539 0.4178316 0.1801599 1.797585 0.6066797 0.04997538 2.194144 0.1977288 0.09351014 2.256672 0.2123322 0.0259172 2.251699 0.1711737 -0.0402549 2.194443 0.2642688 -0.0499125 2.303734 0.0905316 -0.5291251 2.279518 0.2472467 -0.5277396 2.469661 0.02442661 -0.8806369 2.33204 0.1962574 -0.8634047 2.510126 0.03414271 -0.9465588 2.306299 0.2627286 -0.9212627 2.52373
0.217626 0.6202777 2.231938 0.1776845 0.4407528 2.256057 0.1054384 0.3133172 2.145119 0.3187703 0.335568 2.40121 0.1170693 0.2049398 1.947536 0.4085265 0.1128714 2.383229 0.3418206 0.168677 1.817349 0.5667596 0.07545837 2.218971 0.4181762 0.1881744 1.780559 0.6668176 0.05004669 2.20273 0.1992169 0.09336153 2.264989 0.214485 0.02493165 2.262183 0.1766413 -0.04888234 2.210413 0.2666272 -0.04964297 2.315917 0.09209153 -0.5301772 2.281999 0.24723 -0.5292442 2.47017 0.02417364 -0.8811636 2.332482 0.1950332 -0.8645798 2.510903 0.03643363 -0.9443169 2.301433 0.262929 -0.9217356 2.523098
0.2156972 0.6217701 2.232976 0.1771975 0.4409632 2.257224 0.09815624 0.3157984 2.148391 0.318335 0.3396865 2.401693 0.11922 0.2230622 1.94898 0.4108468 0.1171088 2.379545 0.3398456 0.1825608 1.798978 0.5853354 0.07748814 2.220855 0.4185827 0.2015137 1.751884 0.6692612 0.05099776 2.203936 0.2000677 0.09653116 2.269717 0.215465 0.02887815 2.267114 0.177198 -0.04814888 2.212775 0.2685668 -0.0459608 2.321469 0.09208881 -0.529827 2.282066 0.2470427 -0.5297433 2.470265 0.02430967 -0.8819779 2.333074 0.1950625 -0.8644516 2.511155 0.03671451 -0.9444396 2.300712 0.2645494 -0.9213129 2.546912
0.2157464 0.6216687 2.233294 0.1771234 0.4411287 2.25824 0.09387074 0.3138033 2.149473 0.3185371 0.3418185 2.402141 0.1235808 0.2304111 1.946337 0.4135104 0.1224078 2.376326 0.3372698 0.1981503 1.783714 0.5943272 0.07959244 2.225327 0.4196101 0.21331 1.732001 0.6727786 0.05297605 2.2066 0.1997264 0.09847646 2.271989 0.2148435 0.03117583 2.269281 0.1767427 -0.0478939 2.213481 0.2681996 -0.0450045 2.324059 0.09075814 -0.5293959 2.280324 0.2472129 -0.5300677 2.470352 0.02424071 -0.8820872 2.332999 0.1942049 -0.8641443 2.511559 0.03698177 -0.9438046 2.299364 0.2619325 -0.9211695 2.537063
0.2138413 0.6223744 2.234442 0.1770437 0.4409708 2.259613 0.09019381 0.3127501 2.149958 0.318643 0.3427114 2.402707 0.1275045 0.2393476 1.945851 0.4358903 0.1312611 2.373311 0.3353007 0.2074057 1.77507 0.6006262 0.0834759 2.229268 0.4197612 0.2252996 1.714038 0.6773406 0.06010058 2.210583 0.1994645 0.1011398 2.274248 0.2143568 0.03464507 2.271521 0.176315 -0.04742323 2.214058 0.2682149 -0.04280886 2.327071 0.09033731 -0.5294293 2.28002 0.2462205 -0.5341341 2.471319 0.02427077 -0.8822002 2.333113 0.1945639 -0.8625528 2.510087 0.03707286 -0.9445142 2.30062 0.2606432 -0.9205884 2.534941
0.2078334 0.6231552 2.23507 0.1764346 0.4412763 2.260041 0.08730337 0.3094336 2.148449 0.317944 0.3442701 2.402673 0.1305924 0.2458565 1.944186 0.4384592 0.1339944 2.372392 0.3335668 0.218917 1.766344 0.6075851 0.08764304 2.2316 0.4290375 0.2438635 1.689405 0.6812152 0.0652646 2.213872 0.1935658 0.1000083 2.269346 0.2060847 0.03250585 2.263779 0.1580579 -0.04260509 2.209981 0.2596658 -0.03859676 2.306383 0.09020153 -0.5295845 2.279981 0.2456832 -0.5379764 2.472318 0.02414974 -0.8826132 2.333289 0.1942447 -0.8642086 2.513793 0.03790341 -0.9439616 2.299377 0.2629279 -0.9243063 2.523977
0.2034992 0.6233774 2.235926 0.1758806 0.44179 2.261775 0.08631722 0.3075096 2.148507 0.3176109 0.3456902 2.403788 0.1318789 0.2495792 1.942892 0.4397291 0.1355806 2.372728 0.3329425 0.2242215 1.762474 0.6119841 0.09004733 2.234237 0.4248204 0.2444986 1.689384 0.6844182 0.07114507 2.218906 0.1873501 0.106615 2.268929 0.1984273 0.04125019 2.262969 0.1462575 -0.04387543 2.187178 0.2512063 -0.04302497 2.326221 0.08990988 -0.5292986 2.279671 0.2510029 -0.4953852 2.463565 0.02415776 -0.8825207 2.333064 0.1946767 -0.8632037 2.512703 0.03830696 -0.9437399 2.299081 0.2615129 -0.9220623 2.523473
0.2007753 0.6238505 2.23641 0.1750899 0.4423211 2.262559 0.08549944 0.3065353 2.148222 0.3168883 0.3469532 2.404226 0.1328235 0.2519262 1.942024 0.4405095 0.1376475 2.374072 0.3326654 0.2292418 1.759768 0.61498 0.09477751 2.236484 0.4262938 0.2503405 1.683085 0.6869195 0.07658425 2.221009 0.1691777 0.06044766 2.259543 0.1790966 -0.01592126 2.251974 0.1250398 -0.07195099 2.19969 0.2388449 -0.08735698 2.294281 0.09078949 -0.5297489 2.281426 0.2442008 -0.5581391 2.479281 0.02373244 -0.882751 2.333236 0.1941615 -0.8645359 2.512607 0.03860035 -0.9435557 2.298818 0.2609825 -0.9225691 2.523099
0.1998221 0.6240079 2.236637 0.1747351 0.4424709 2.26271 0.08478191 0.3045185 2.147066 0.3165368 0.3474986 2.404172 0.1329979 0.2520593 1.940466 0.4412337 0.1388095 2.375034 0.3329514 0.2312845 1.758097 0.6159841 0.09651825 2.237535 0.4246804 0.2531275 1.683091 0.6887184 0.07850336 2.222999 0.1766884 0.05662826 2.25965 0.1897889 -0.02099238 2.252371 0.134157 -0.07962543 2.212404 0.2595567 -0.08397343 2.283313 0.09059849 -0.5289323 2.280913 0.2531846 -0.4968704 2.463968 0.02381774 -0.8824084 2.332599 0.1941772 -0.8642587 2.512439 0.03930168 -0.9428565 2.297826 0.2646489 -0.9222655 2.544212
0.198149 0.6244679 2.237388 0.1744623 0.4423827 2.263093 0.0839162 0.3028409 2.147067 0.316405 0.3476213 2.404305 0.1330265 0.2530107 1.939965 0.4413654 0.1395832 2.376561 0.3330089 0.2321809 1.757637 0.6170843 0.0985733 2.239177 0.4251056 0.2557827 1.682327 0.6893811 0.08096115 2.224901 0.1777545 0.05673934 2.25952 0.1907704 -0.02060639 2.25216 0.1355616 -0.07980192 2.209469 0.2597215 -0.08491895 2.285255 0.09106363 -0.5288653 2.281528 0.2457222 -0.5390401 2.473154 0.02381305 -0.8823918 2.332531 0.1940234 -0.8643193 2.512571 0.03956833 -0.9419422 2.296359 0.2648468 -0.923577 2.541088
0.1973181 0.6249108 2.2378 0.173936 0.4427151 2.26349 0.08379718 0.302805 2.146908 0.3159226 0.3483156 2.404515 0.1326442 0.2526574 1.939823 0.4231123 0.1342276 2.393728 0.3330351 0.2320625 1.757951 0.6097013 0.1011539 2.244411 0.4243558 0.2568028 1.68463 0.688464 0.0813934 2.225753 0.1797948 0.05611571 2.25759 0.1931829 -0.02117082 2.249515 0.1351765 -0.07962918 2.209724 0.2678789 -0.08127964 2.273649 0.0907582 -0.5290629 2.281252 0.2503415 -0.4988318 2.46168 0.02333509 -0.8829947 2.333295 0.193558 -0.8642192 2.512843 0.038775 -0.9417942 2.295783 0.2645318 -0.9229493 2.537411
0.1972643 0.6249188 2.237746 0.1733054 0.4431876 2.264143 0.08392612 0.3032588 2.147381 0.3153701 0.3491158 2.404965 0.131019 0.2516344 1.940247 0.4143039 0.1330681 2.400434 0.3331988 0.2309321 1.760538 0.6080542 0.1008588 2.245687 0.4207393 0.25396 1.694987 0.6777761 0.08341654 2.227612 0.1868644 0.06440752 2.256958 0.2025332 -0.008941407 2.248534 0.1468248 -0.07059089 2.196668 0.2739431 -0.07393977 2.286518 0.09062894 -0.5290951 2.281067 0.2504747 -0.4985886 2.461577 0.02354331 -0.8827651 2.333079 0.1936091 -0.8641812 2.513562 0.03735906 -0.9442288 2.299399 0.2652968 -0.9229221 2.54097
0.1961954 0.62477 2.237416 0.1729671 0.4432417 2.264529 0.08395564 0.3038024 2.14801 0.3151243 0.3493256 2.405189 0.1286695 0.2499805 1.940913 0.4164895 0.1323697 2.400039 0.3345465 0.2266687 1.766154 0.6071606 0.1007127 2.245733 0.4152675 0.2476778 1.712608 0.6777055 0.08333319 2.227714 0.1927718 0.1178672 2.261539 0.2074747 0.05416638 2.254112 0.1590133 -0.03630707 2.179467 0.2708217 -0.02844398 2.318977 0.09107544 -0.5291147 2.281528 0.2442377 -0.5537598 2.474654 0.02353504 -0.8828409 2.333217 0.1937685 -0.8646619 2.512859 0.03740971 -0.9437192 2.298513 0.262212 -0.9218262 2.533476
0.1956752 0.6249639 2.237571 0.1722793 0.4434639 2.263937 0.08451188 0.3078149 2.148911 0.3144074 0.3498442 2.404333 0.1250211 0.2429927 1.937742 0.4170398 0.1324255 2.401119 0.3385105 0.2202775 1.773525 0.6017499 0.1005951 2.244857 0.4121117 0.2405846 1.728377 0.6627294 0.08455991 2.227832 0.1925835 0.1178612 2.261068 0.2073127 0.05414587 2.253752 0.1590052 -0.03520957 2.178776 0.2705915 -0.02845094 2.318611 0.09119742 -0.5290263 2.281625 0.2443234 -0.553453 2.474773 0.02316907 -0.88292 2.332747 0.1937685 -0.8645186 2.512753 0.03790835 -0.9444934 2.299665 0.2630922 -0.9226942 2.532293
0.1957456 0.6249101 2.23742 0.1721884 0.4433503 2.263532 0.08605142 0.3098973 2.148613 0.3143561 0.3498608 2.403785 0.1321896 0.1794438 1.899327 0.4170009 0.1322997 2.402546 0.3384458 0.2138329 1.78685 0.5958284 0.1007535 2.243826 0.4081759 0.2331663 1.750222 0.6628274 0.08298447 2.226784 0.1926175 0.1169103 2.260104 0.2073327 0.05301592 2.252828 0.1591137 -0.03513646 2.178457 0.2703939 -0.02922068 2.317451 0.09077103 -0.5293198 2.281387 0.2449381 -0.5469903 2.473292 0.02329695 -0.8828261 2.332699 0.1936215 -0.864533 2.512744 0.03910453 -0.9427893 2.297238 0.2655355 -0.9240789 2.53771
0.1953465 0.6249331 2.236945 0.172564 0.4428241 2.263411 0.08891898 0.3130584 2.148401 0.3147516 0.3495069 2.403596 0.1460725 0.1863737 1.899492 0.4171888 0.1316546 2.403442 0.336273 0.2062519 1.805562 0.5766951 0.09959819 2.243105 0.4078786 0.2277735 1.765742 0.6109226 0.08527079 2.226061 0.1941119 0.1127199 2.260656 0.2090393 0.04771056 2.253879 0.1622941 -0.03706703 2.182814 0.2704396 -0.03176448 2.316388 0.09045318 -0.5292808 2.281018 0.2450529 -0.5470875 2.473449 0.02344836 -0.882862 2.332745 0.193465 -0.8644175 2.512497 0.0387122 -0.9425915 2.296657 0.263247 -0.9236012 2.532147
0.1952962 0.6248804 2.236774 0.1726283 0.4424875 2.263355 0.09227417 0.3149415 2.146881 0.3148348 0.3493024 2.403505 0.1070144 0.208155 1.93937 0.4177881 0.1290012 2.403262 0.3350695 0.1981816 1.82228 0.5434057 0.0982558 2.245183 0.4067349 0.2218452 1.784173 0.604041 0.08660863 2.226653 0.19474 0.107908 2.260981 0.209807 0.04168828 2.254549 0.1641447 -0.03936297 2.185583 0.2696453 -0.03573108 2.314975 0.09074222 -0.5294743 2.281307 0.2449528 -0.5486925 2.473763 0.02350586 -0.8835161 2.3337 0.1933245 -0.8647199 2.511974 0.03828496 -0.9434475 2.297745 0.2603046 -0.9229727 2.528502
0.1959816 0.6248163 2.236046 0.1727695 0.4421614 2.263108 0.09662458 0.3160447 2.144721 0.3150106 0.3467744 2.405338 0.1113732 0.1889924 1.931441 0.417271 0.1270562 2.402865 0.3317736 0.1879089 1.842577 0.5412439 0.09780057 2.24307 0.4015754 0.2109308 1.810285 0.5698488 0.09839888 2.232869 0.1954657 0.1045602 2.260874 0.2107536 0.03776144 2.254773 0.1662462 -0.04096397 2.187768 0.2692781 -0.0384003 2.313781 0.08980262 -0.5305483 2.280234 0.2450327 -0.5489368 2.473791 0.0238403 -0.8840743 2.334057 0.1929003 -0.8650872 2.512558 0.03919148 -0.9409361 2.293633 0.2597278 -0.923459 2.527228
0.1974807 0.6241426 2.235096 0.1726701 0.4418492 2.262387 0.1010138 0.316972 2.140178 0.3145471 0.3427482 2.406335 0.1099386 0.1837776 1.932788 0.4204883 0.1184417 2.38717 0.329189 0.1787235 1.86732 0.5453069 0.09750485 2.22667 0.3948146 0.2019948 1.831501 0.5679199 0.09851424 2.23182 0.1946167 0.1020968 2.258799 0.2098514 0.03492352 2.252642 0.1662452 -0.04137573 2.186951 0.2664383 -0.04304048 2.310029 0.0895507 -0.5307803 2.279975 0.2449665 -0.5494265 2.473788 0.02374076 -0.8840274 2.334072 0.1929083 -0.8654203 2.512637 0.03815091 -0.9435644 2.297321 0.2595808 -0.923226 2.527337
0.1980063 0.6237873 2.234551 0.1724279 0.4415662 2.261483 0.1043724 0.3169501 2.136438 0.3141225 0.3432323 2.406951 0.1049376 0.1736357 1.938235 0.4258694 0.1102952 2.354183 0.3270731 0.1716872 1.885949 0.5592149 0.09372871 2.20077 0.3914334 0.1957047 1.85505 0.5616381 0.09435768 2.22646 0.1952235 0.0990154 2.256944 0.210854 0.03125987 2.250769 0.1698492 -0.05056088 2.177723 0.2672795 -0.04637193 2.311228 0.08949074 -0.5309468 2.279896 0.2449817 -0.5500098 2.473901 0.02388063 -0.8841693 2.333978 0.1929715 -0.8653128 2.512615 0.03728709 -0.9463379 2.301446 0.2586184 -0.9230725 2.525023
0.1993541 0.6236358 2.234005 0.1724944 0.4414938 2.261378 0.1061538 0.3157268 2.134815 0.3141179 0.3438246 2.408227 0.09769379 0.165843 1.951395 0.4273575 0.112448 2.330641 0.318785 0.1606701 1.920366 0.5676454 0.08508769 2.185966 0.3776509 0.1797229 1.893221 0.5500224 0.08898544 2.222543 0.1948693 0.09875737 2.256547 0.2104058 0.03102001 2.250376 0.1694931 -0.04719149 2.18021 0.2639814 -0.04747979 2.307348 0.08959198 -0.5309374 2.279889 0.245751 -0.5468719 2.473424 0.02387222 -0.8845693 2.334226 0.1937252 -0.8642175 2.511278 0.03718192 -0.9458765 2.300061 0.2640068 -0.9227646 2.542478
0.2029405 0.6233996 2.233414 0.172423 0.441536 2.260903 0.1068486 0.3145653 2.133478 0.3136992 0.3437531 2.407985 0.09489848 0.1589642 1.960363 0.4396575 0.1413709 2.271573 0.315522 0.1569073 1.937038 0.5724826 0.008490771 2.209264 0.3742541 0.1732866 1.910691 0.6279557 -0.005580811 2.17555 0.1950665 0.09935543 2.25648 0.2107599 0.03205222 2.250471 0.174081 -0.03484381 2.190678 0.2634127 -0.04376782 2.304236 0.09151289 -0.532088 2.282161 0.2457752 -0.5468504 2.473427 0.02408247 -0.8835398 2.332659 0.1940898 -0.863899 2.510756 0.03601594 -0.9470229 2.302157 0.2670617 -0.9240383 2.530731
0.2046683 0.6238122 2.233217 0.1724738 0.4415106 2.260622 0.1079533 0.3126962 2.132908 0.313215 0.3434138 2.407058 0.08954422 0.1528973 1.972933 0.4104356 0.111078 2.306316 0.2845365 0.1432729 1.973071 0.5493501 0.08044117 2.160906 0.3640606 0.1653398 1.940094 0.5161135 0.07800896 2.201323 0.1949097 0.1001529 2.25611 0.2104973 0.03330645 2.25007 0.1740286 -0.03374111 2.190507 0.2623094 -0.04280733 2.303115 0.09088315 -0.5323679 2.28108 0.2456303 -0.5443425 2.472104 0.02436058 -0.8834555 2.332943 0.1941975 -0.8637974 2.510773 0.03607544 -0.9462022 2.300873 0.2655222 -0.9222955 2.539606
0.2064685 0.6236043 2.23243 0.1724297 0.4415026 2.259807 0.1085215 0.3102106 2.132445 0.3059879 0.344873 2.393246 0.07805787 0.1502315 1.984965 0.4186291 0.1341748 2.258004 0.2816467 0.1393615 1.98445 0.5660101 0.02465751 2.181581 0.3558166 0.1551884 1.969174 0.6161329 -0.0003475435 2.145884 0.1948429 0.09975726 2.255887 0.2103441 0.0327919 2.249838 0.1740389 -0.03551001 2.189295 0.2614585 -0.04407462 2.30329 0.09228759 -0.532702 2.282091 0.2461409 -0.5411196 2.470682 0.02445343 -0.8836297 2.333041 0.1943984 -0.8646832 2.509631 0.03574893 -0.9465891 2.301239 0.2661386 -0.9275023 2.525365
0.2096994 0.621913 2.23009 0.1723337 0.4412845 2.258847 0.1080416 0.3082724 2.132125 0.3060605 0.3447484 2.393317 0.07446784 0.1464569 1.995736 0.417057 0.134034 2.256433 0.2715847 0.131146 2.010823 0.5393199 0.02471235 2.139238 0.3525507 0.1506145 1.985317 0.5888827 -0.002203831 2.104154 0.1943817 0.09939007 2.254901 0.2097731 0.03239276 2.24883 0.1736102 -0.03548088 2.189135 0.2599702 -0.04435723 2.300119 0.09263375 -0.533038 2.28216 0.2463138 -0.5373347 2.468866 0.02419504 -0.8835191 2.332523 0.1942676 -0.8645778 2.509766 0.03573206 -0.9469428 2.301748 0.2657788 -0.9273012 2.52457
0.2118244 0.6190542 2.228228 0.1724249 0.4405768 2.258144 0.1073261 0.3063801 2.131874 0.3052301 0.3429004 2.390864 0.07273407 0.1427339 2.00687 0.4106379 0.1305561 2.251659 0.2715154 0.1300704 2.023757 0.5319016 0.02042316 2.13415 0.3502964 0.1469599 2.00741 0.5815126 -0.006768499 2.099348 0.193585 0.09620013 2.253445 0.2086279 0.02847651 2.247167 0.1720267 -0.03812076 2.188338 0.2587458 -0.04720046 2.298043 0.09160402 -0.5341941 2.280855 0.2463822 -0.5369228 2.468723 0.02479284 -0.885133 2.334368 0.1943408 -0.8644066 2.510288 0.03619608 -0.9444344 2.296209 0.2637609 -0.924951 2.525637
0.2120401 0.6195294 2.228158 0.172253 0.4403209 2.256987 0.1065054 0.305164 2.131883 0.3056016 0.3415444 2.389641 0.06905735 0.1380906 2.014307 0.3858105 0.1165777 2.254219 0.2719147 0.1289234 2.046691 0.4884538 0.02150808 2.106325 0.3452146 0.1431751 2.027444 0.5381176 -0.005979307 2.071832 0.1934517 0.09551832 2.25308 0.208464 0.02772003 2.246871 0.1714153 -0.03926005 2.188025 0.2587668 -0.04807806 2.29787 0.09065013 -0.5342668 2.278792 0.2465025 -0.536566 2.468544 0.02482016 -0.8851556 2.334345 0.1943518 -0.8641988 2.5101 0.036576 -0.9431288 2.294299 0.2633868 -0.9242487 2.526662
0.2116391 0.6195435 2.227275 0.1724171 0.439943 2.256495 0.1058261 0.3041531 2.132162 0.3052248 0.3382454 2.385603 0.06555332 0.1338199 2.022093 0.3755912 0.1121419 2.245838 0.2693872 0.1290166 2.060067 0.5014489 0.0265376 2.112025 0.3415418 0.1380465 2.041926 0.5511032 -0.0009627137 2.07753 0.1952818 0.09256277 2.25321 0.2108008 0.02400847 2.247229 0.1733278 -0.04374744 2.188426 0.2619568 -0.05099792 2.298759 0.09149898 -0.5341164 2.279695 0.2465132 -0.5363427 2.468439 0.02451548 -0.8833748 2.333253 0.1949974 -0.8637677 2.509817 0.03662582 -0.9430447 2.295895 0.2606307 -0.9267559 2.535516
0.2120215 0.6192465 2.227058 0.1723846 0.4396358 2.255467 0.1052461 0.3031683 2.132584 0.3049821 0.3367628 2.383012 0.05906857 0.1320774 2.027218 0.3747644 0.1072665 2.249871 0.2718315 0.1275556 2.070577 0.5065948 0.0295195 2.117121 0.3376393 0.1370827 2.063986 0.5224463 0.01477156 2.054328 0.1962671 0.09115022 2.25333 0.2120329 0.02230473 2.247578 0.1748005 -0.04651672 2.188685 0.2637876 -0.05282164 2.299924 0.09205361 -0.5336009 2.280018 0.2466326 -0.5362383 2.468394 0.02401062 -0.8839431 2.332345 0.1948939 -0.8639691 2.509708 0.03387798 -0.9480715 2.302462 0.2594596 -0.9258891 2.528007
0.213381 0.618303 2.226066 0.1726406 0.4395866 2.25543 0.1051957 0.3025642 2.13311 0.3047432 0.3362918 2.38091 0.05007693 0.132677 2.030926 0.3735402 0.1059976 2.248847 0.299085 0.1216218 2.100765 0.5063771 0.0283877 2.117128 0.3289025 0.1425216 2.045214 0.5172507 0.01528112 2.052927 0.196709 0.0905552 2.253418 0.212405 0.02167343 2.247625 0.1751237 -0.04757927 2.188249 0.2642235 -0.05360334 2.300368 0.09326023 -0.5335065 2.281482 0.2469075 -0.5356236 2.468112 0.02360728 -0.8844373 2.332532 0.1952989 -0.866257 2.511474 0.0346614 -0.9474374 2.300726 0.2598803 -0.9263119 2.527488
0.2135199 0.6184744 2.22498 0.1727908 0.4394282 2.255227 0.1051132 0.3024305 2.133871 0.3050318 0.3364235 2.380964 0.04408618 0.1338988 2.033193 0.3731928 0.1063365 2.248044 0.2940265 0.1214383 2.099979 0.5069225 0.03011622 2.116426 0.3292804 0.1439124 2.048367 0.5159047 0.02084942 2.05127 0.1969239 0.09045194 2.253256 0.2125872 0.02162348 2.247441 0.1751808 -0.04798684 2.187451 0.2646396 -0.05377484 2.300376 0.09243206 -0.5333438 2.28021 0.2469355 -0.5354367 2.468134 0.02412945 -0.8830102 2.331481 0.1951836 -0.8656132 2.511368 0.03324996 -0.9477879 2.302783 0.2535825 -0.9231178 2.522703
0.2147525 0.6165228 2.223741 0.1730673 0.4391331 2.254928 0.1049338 0.302175 2.134493 0.304703 0.3381901 2.380236 0.03980946 0.1349148 2.034419 0.3711751 0.1087129 2.244968 0.2900507 0.1213548 2.100078 0.5069456 0.03639466 2.113225 0.3255008 0.1476283 2.050432 0.5140486 0.03012662 2.047482 0.197412 0.09015105 2.253167 0.2130502 0.02138534 2.247351 0.1756252 -0.04858974 2.187279 0.2651816 -0.05372538 2.30039 0.0931133 -0.5333612 2.281054 0.2469845 -0.5353526 2.468059 0.02419195 -0.8829454 2.331409 0.1941167 -0.8663977 2.510564 0.03329953 -0.948226 2.30387 0.2640271 -0.9262452 2.517424
0.2146907 0.6165601 2.223452 0.1732446 0.4389636 2.254901 0.1048459 0.3020134 2.134957 0.3056056 0.339549 2.382095 0.03772826 0.1352012 2.035654 0.370298 0.1095733 2.246806 0.2880309 0.1202461 2.100867 0.5027957 0.03058681 2.115616 0.318648 0.1482791 2.049016 0.5097733 0.02435404 2.049857 0.1978256 0.09154412 2.253504 0.2135376 0.02373256 2.247852 0.1758916 -0.0484589 2.186425 0.266023 -0.05275971 2.302942 0.09207734 -0.5335928 2.279749 0.2471568 -0.5347162 2.46784 0.02456976 -0.8831654 2.331737 0.1952818 -0.8665681 2.511016 0.03404738 -0.9468281 2.300751 0.2644185 -0.9227778 2.548448
0.2148445 0.6163805 2.2227 0.1734919 0.4387495 2.254774 0.1045624 0.3018591 2.135324 0.3060948 0.3381472 2.381389 0.03645106 0.135321 2.036314 0.3732488 0.1050778 2.254453 0.2869314 0.1199397 2.100876 0.5054224 0.02109817 2.12639 0.3704249 0.1148126 2.126804 0.5118912 0.01549822 2.060522 0.1982493 0.09039963 2.253268 0.2139397 0.02223159 2.247499 0.1757592 -0.04930455 2.186165 0.2667514 -0.053912 2.302463 0.09258043 -0.5333163 2.280165 0.2471529 -0.5346906 2.467818 0.02460691 -0.883302 2.331667 0.1960813 -0.8650417 2.509598 0.03435652 -0.9467017 2.300231 0.2677427 -0.9249212 2.534489
0.2158779 0.6157719 2.2226 0.1736446 0.4383999 2.25431 0.1043472 0.3016641 2.135757 0.3081184 0.3365955 2.383672 0.03568805 0.1353574 2.036732 0.3741573 0.1040517 2.254807 0.2862282 0.1194647 2.100999 0.5074582 0.02317671 2.125821 0.3522866 0.1199194 2.09408 0.5139006 0.01745692 2.05996 0.197563 0.0901405 2.252597 0.2129011 0.02194343 2.246658 0.1737634 -0.04947768 2.184739 0.2654852 -0.05512695 2.301426 0.09115574 -0.5332208 2.278771 0.2470058 -0.5344279 2.467586 0.02470593 -0.8831195 2.331587 0.1965602 -0.864966 2.50823 0.04450351 -0.9389021 2.291598 0.2673689 -0.9251493 2.534771
0.2162388 0.6150501 2.22216 0.1737176 0.4382865 2.254122 0.1042402 0.3015958 2.136046 0.3084816 0.3360565 2.382585 0.03565348 0.1353371 2.036843 0.3759994 0.1028337 2.256246 0.2863733 0.1189526 2.100425 0.5114214 0.02491738 2.127692 0.3523348 0.1184277 2.092641 0.5178397 0.01912537 2.061836 0.1975264 0.09006346 2.252573 0.2128092 0.02185223 2.246609 0.1735946 -0.04967437 2.184813 0.2653789 -0.05510242 2.301279 0.09131034 -0.5333786 2.279023 0.2470949 -0.5343702 2.467493 0.02507028 -0.8864939 2.33321 0.1962146 -0.8646239 2.50817 0.04211144 -0.9424241 2.292171 0.2640802 -0.9230531 2.544509
0.216722 0.6151153 2.222372 0.1738767 0.4383126 2.253788 0.1042824 0.301568 2.136191 0.3087069 0.3357549 2.382194 0.03575183 0.1353972 2.036736 0.3756027 0.1015315 2.257785 0.2868904 0.1177396 2.098651 0.507921 0.01665999 2.130545 0.3409271 0.1243962 2.060605 0.5144034 0.01072538 2.064707 0.1977844 0.08970851 2.252788 0.2131384 0.02129778 2.247003 0.1741509 -0.05002877 2.186191 0.2655279 -0.05520965 2.301342 0.09081404 -0.5333757 2.278359 0.2470728 -0.5343469 2.46747 0.02507045 -0.8839517 2.330632 0.1959694 -0.8642605 2.508183 0.04096826 -0.9438624 2.295125 0.2663271 -0.9244856 2.534723
0.2171524 0.6143846 2.22204 0.17401 0.4383155 2.253683 0.1042973 0.301532 2.136248 0.3089238 0.3356295 2.382216 0.04295611 0.1328896 2.036073 0.3794517 0.09953026 2.265092 0.2944213 0.1157856 2.09702 0.5153435 0.01844234 2.13931 0.3442357 0.1267175 2.054466 0.5218369 0.01248816 2.073475 0.1979301 0.08941036 2.253138 0.2132857 0.02086452 2.247526 0.1742679 -0.05034212 2.187329 0.2656481 -0.05537651 2.301605 0.08957121 -0.5335635 2.276951 0.2470108 -0.5342103 2.467482 0.02503299 -0.883936 2.330581 0.1959636 -0.865977 2.510456 0.03902677 -0.9456115 2.297368 0.2636881 -0.9248792 2.533873
0.2170777 0.6143859 2.222078 0.1741883 0.4381541 2.253495 0.1041691 0.3013191 2.136123 0.3089488 0.3356856 2.382075 0.05004542 0.1311157 2.033924 0.3788 0.09938459 2.26495 0.2690717 0.1106414 2.066311 0.5127031 0.01422566 2.139792 0.3494063 0.1190249 2.059565 0.5192167 0.008252593 2.073961 0.1975739 0.08957294 2.253239 0.2126413 0.02116466 2.247716 0.1735251 -0.04995686 2.187996 0.2643447 -0.05477063 2.301477 0.09035627 -0.5337839 2.27793 0.2472492 -0.5338068 2.467469 0.02477 -0.8847163 2.331018 0.1955838 -0.8648655 2.51002 0.03671616 -0.9476959 2.299496 0.2622901 -0.9212141 2.529632
0.2175651 0.6140539 2.22237 0.1745561 0.4377305 2.253526 0.1043374 0.3012091 2.136095 0.3091184 0.3358361 2.382437 0.05652083 0.1310511 2.029692 0.379544 0.0988905 2.26745 0.2703591 0.1104304 2.059417 0.5104461 0.006786764 2.144258 0.3511592 0.1215374 2.044854 0.5291478 0.006392372 2.080526 0.1970817 0.08975127 2.253744 0.2118251 0.02151472 2.248447 0.1725884 -0.04924956 2.189788 0.2627466 -0.05402144 2.301828 0.09135335 -0.5341374 2.27911 0.2470939 -0.5332155 2.467241 0.02459031 -0.8850418 2.331145 0.1955793 -0.8647964 2.510061 0.03647777 -0.9479718 2.299501 0.2623428 -0.9221526 2.527339
0.2174821 0.6141528 2.222498 0.1745767 0.4377345 2.253587 0.1049954 0.3012857 2.13606 0.3095203 0.3369994 2.383822 0.06212255 0.1331312 2.022936 0.4225828 0.1274993 2.246706 0.2693748 0.1077365 2.035155 0.5064251 -0.01535632 2.132118 0.3534981 0.1188047 2.005555 0.5567637 0.01624348 2.102468 0.19619 0.09129291 2.254965 0.2106804 0.02357021 2.25 0.1722354 -0.04766438 2.191074 0.2608258 -0.05255357 2.303557 0.09240642 -0.5343795 2.280507 0.2471919 -0.5327721 2.467433 0.02480142 -0.8857256 2.331661 0.1953427 -0.8644006 2.509945 0.03575525 -0.9497147 2.301857 0.2586783 -0.9213132 2.524622
0.2177082 0.6144764 2.223051 0.1745634 0.4377169 2.253754 0.106386 0.301907 2.1363 0.310567 0.339398 2.387599 0.06980743 0.1370147 2.009191 0.4189618 0.1254608 2.254349 0.2706309 0.1069971 2.014197 0.5249549 -0.0125895 2.154987 0.356705 0.119515 1.991616 0.5772726 -0.0306807 2.118282 0.195571 0.09231064 2.255793 0.2100304 0.02483122 2.25098 0.172039 -0.04651384 2.191997 0.2597997 -0.05159033 2.304538 0.09251764 -0.534225 2.280618 0.2472084 -0.5327031 2.467481 0.02488129 -0.8863109 2.332477 0.1953024 -0.8642629 2.510433 0.0356987 -0.949483 2.300931 0.2585773 -0.9209399 2.524514
0.2176302 0.614625 2.223262 0.1745824 0.4381024 2.254246 0.107409 0.3026615 2.136322 0.3131808 0.3385025 2.39174 0.08147433 0.1407642 1.995656 0.4193929 0.1163632 2.274109 0.3161174 0.1097549 1.973395 0.5404108 0.0134199 2.149217 0.3770226 0.1198802 1.948908 0.5300909 0.04342594 2.178533 0.194795 0.09206821 2.255719 0.2089871 0.02429524 2.250738 0.1699193 -0.04528948 2.193313 0.2580281 -0.05151234 2.301939 0.09180879 -0.5339816 2.27998 0.2472328 -0.5326009 2.467468 0.02398735 -0.8869724 2.332745 0.1947954 -0.8638136 2.510064 0.03907084 -0.9451809 2.294181 0.2566392 -0.9198623 2.524268
0.2167749 0.6155477 2.223934 0.1746371 0.4381363 2.254425 0.1082858 0.3035389 2.136273 0.315087 0.3395369 2.396385 0.09320034 0.1431458 1.980851 0.4354123 0.1267438 2.274133 0.3183333 0.1116834 1.949577 0.5560164 0.01781254 2.154601 0.3797184 0.1241474 1.921557 0.5499072 0.04385026 2.184397 0.1934489 0.09607996 2.256919 0.2073144 0.02970761 2.252195 0.1688799 -0.03847723 2.195697 0.2561758 -0.04797218 2.30275 0.09086734 -0.5339984 2.278927 0.2464677 -0.5373359 2.469723 0.0245642 -0.8879032 2.333574 0.1949055 -0.8641285 2.510144 0.03824151 -0.9449276 2.292781 0.2663155 -0.9255009 2.531933
0.2156706 0.6172338 2.225498 0.1740703 0.4391433 2.254618 0.1091165 0.3061983 2.136292 0.3162046 0.3395598 2.398995 0.1000984 0.1554301 1.969715 0.4399374 0.1241018 2.287596 0.3284388 0.1196167 1.912741 0.5663756 0.0283901 2.162275 0.3972218 0.1355397 1.876205 0.5714315 0.04360561 2.187767 0.1934044 0.09551854 2.257608 0.2075613 0.02836577 2.253314 0.1688785 -0.0391999 2.199208 0.256546 -0.04797788 2.302866 0.09223895 -0.5334897 2.281311 0.2460812 -0.5393822 2.470193 0.023928 -0.8871939 2.333074 0.1945711 -0.8658901 2.514545 0.03908395 -0.945111 2.294101 0.2658515 -0.9268248 2.528961
0.2142236 0.6185963 2.226825 0.1740043 0.4395669 2.25519 0.1088856 0.3082966 2.13664 0.3163825 0.3394875 2.399301 0.1059897 0.1672413 1.959297 0.4471259 0.1245659 2.29753 0.3359405 0.128734 1.881447 0.5783169 0.03491973 2.172655 0.4021935 0.1419303 1.853469 0.5879362 0.0422825 2.190599 0.1933995 0.09546763 2.257992 0.2076019 0.02822425 2.25362 0.1686684 -0.03927949 2.199514 0.2571011 -0.04780033 2.303246 0.09158743 -0.532118 2.280578 0.2459326 -0.5386328 2.470378 0.02408442 -0.8873584 2.333395 0.1942092 -0.8654894 2.514436 0.03728856 -0.948833 2.29949 0.2634176 -0.924748 2.52868
0.2123546 0.6196308 2.227036 0.173851 0.4397583 2.255653 0.1079762 0.3092811 2.137088 0.316918 0.3385568 2.400541 0.1510187 0.1702836 1.929148 0.4545118 0.1215821 2.319598 0.3397929 0.1384899 1.851832 0.5938158 0.0545976 2.18881 0.407953 0.1530977 1.817702 0.6169102 0.04741159 2.195981 0.1937683 0.09637432 2.259504 0.2082111 0.02922034 2.255241 0.1687796 -0.03963071 2.199561 0.2602909 -0.04663499 2.309108 0.09014811 -0.5307197 2.278913 0.2457423 -0.538643 2.470473 0.02414953 -0.886529 2.333012 0.1940835 -0.8652203 2.514316 0.03734307 -0.9487438 2.30048 0.2634915 -0.9256275 2.540521
0.211787 0.6199674 2.227218 0.1739699 0.439717 2.255951 0.1062156 0.3098799 2.13771 0.3186206 0.3372722 2.402371 0.1622223 0.1682994 1.912704 0.4575353 0.1181115 2.335117 0.3437987 0.1470886 1.82438 0.5924686 0.06244037 2.193799 0.4100905 0.1624252 1.790953 0.6313968 0.05045599 2.196591 0.1935585 0.09703188 2.259643 0.2078723 0.03009359 2.25521 0.1668698 -0.0401293 2.197335 0.2604796 -0.04652636 2.309423 0.09008221 -0.5305738 2.279114 0.2454703 -0.542877 2.472166 0.02435724 -0.886485 2.333225 0.1941532 -0.8650267 2.514094 0.03791357 -0.9469028 2.297602 0.2607735 -0.9212015 2.523384
0.2108774 0.6205694 2.228499 0.1740751 0.4396907 2.256277 0.1004987 0.3109215 2.141459 0.3189238 0.3371278 2.40232 0.1655872 0.1806279 1.910291 0.4587283 0.1166363 2.346815 0.3472077 0.1573336 1.800626 0.5974442 0.07164894 2.205339 0.417478 0.1783591 1.757255 0.6719828 0.05303278 2.203484 0.193782 0.100418 2.260087 0.2079986 0.03475599 2.255235 0.1645354 -0.03924534 2.193011 0.2641627 -0.04290928 2.312994 0.08786036 -0.52975 2.277005 0.2445488 -0.5441257 2.472337 0.02463251 -0.8862429 2.333054 0.1940619 -0.8646018 2.513725 0.03790819 -0.9466358 2.297283 0.260588 -0.9213992 2.523543
0.2106889 0.6208308 2.229254 0.1741118 0.4398078 2.256901 0.09519586 0.3128772 2.142939 0.3190626 0.3380294 2.402344 0.1722164 0.1949176 1.905152 0.4614082 0.1182812 2.354389 0.3477636 0.1662632 1.784274 0.6030077 0.07955086 2.214026 0.4185277 0.1863288 1.741072 0.6736475 0.05493537 2.204099 0.1970936 0.1019786 2.268871 0.2125145 0.03616099 2.266517 0.1739703 -0.04513412 2.211043 0.268441 -0.04195976 2.324875 0.08739211 -0.5297671 2.276631 0.2445129 -0.5423639 2.472297 0.02457994 -0.8862235 2.332824 0.1940601 -0.8648211 2.513937 0.03849656 -0.9450976 2.294833 0.2620389 -0.9217626 2.524377
0.2100664 0.6213513 2.229911 0.1741618 0.4398242 2.257173 0.09154023 0.3116509 2.144411 0.3183852 0.3416829 2.402223 0.1785111 0.2039387 1.897978 0.4631407 0.1238192 2.358325 0.3462652 0.1778776 1.772172 0.6061131 0.08459366 2.21966 0.4186253 0.193783 1.725938 0.6775484 0.06114557 2.206374 0.1984273 0.1031958 2.271766 0.2139426 0.03745665 2.269522 0.1752184 -0.04565848 2.212712 0.2700346 -0.04062739 2.328827 0.08775123 -0.5295634 2.277201 0.2441736 -0.5446584 2.473499 0.02455672 -0.8862709 2.332816 0.194233 -0.8646446 2.512758 0.03657465 -0.9471073 2.297352 0.2620612 -0.9217246 2.524245
0.207719 0.6217023 2.230248 0.1741364 0.4399508 2.257398 0.08830337 0.3094169 2.145358 0.3153794 0.3481436 2.39816 0.1833136 0.2125849 1.894382 0.4626611 0.1311639 2.359944 0.3503359 0.1904122 1.75794 0.6083786 0.08934242 2.225341 0.4179372 0.2017612 1.713203 0.680205 0.06589381 2.208174 0.1981382 0.1041748 2.272495 0.2134318 0.03849485 2.270062 0.1750456 -0.04573145 2.212549 0.2691014 -0.04009696 2.329936 0.0870653 -0.5291257 2.276317 0.2439384 -0.5431023 2.47322 0.02440604 -0.8861079 2.332484 0.1942149 -0.8645862 2.51366 0.03694363 -0.9464898 2.296428 0.2616697 -0.9213715 2.525757
0.2082318 0.621201 2.230812 0.173976 0.4401469 2.257664 0.08614721 0.3077397 2.144382 0.3140241 0.3562791 2.399209 0.1700754 0.2127798 1.888259 0.4606859 0.1386353 2.360655 0.3468037 0.1959214 1.754907 0.612582 0.09448808 2.228795 0.4167383 0.2064189 1.704992 0.6836188 0.07028209 2.20991 0.1990763 0.1080879 2.275106 0.2147225 0.04336892 2.2731 0.1761575 -0.04507609 2.213096 0.2705617 -0.03650872 2.335138 0.08773244 -0.5287364 2.276989 0.2439233 -0.5453664 2.474207 0.02426958 -0.8860807 2.332423 0.1934025 -0.8680795 2.517282 0.03700712 -0.9462972 2.296161 0.260936 -0.9215863 2.524889
0.2058974 0.6217518 2.230595 0.173982 0.4402305 2.257719 0.08487628 0.3068033 2.143421 0.3139953 0.3589672 2.399188 0.1683415 0.2125796 1.886826 0.4601357 0.1408913 2.362108 0.3456252 0.2000291 1.752277 0.61482 0.09816346 2.229958 0.4157779 0.2095062 1.701409 0.6859722 0.07590176 2.210569 0.1986093 0.1095272 2.275584 0.2140244 0.04500568 2.27354 0.1759682 -0.04489187 2.212954 0.2696849 -0.03590179 2.336151 0.08709986 -0.5282487 2.276204 0.2439906 -0.5455161 2.474232 0.02484254 -0.8848076 2.331146 0.1932721 -0.8672317 2.516645 0.03625344 -0.9470142 2.297929 0.2605284 -0.9240138 2.536227
0.2039225 0.6215833 2.230688 0.1739124 0.4404114 2.257725 0.08381215 0.306147 2.143187 0.3137227 0.3610074 2.398957 0.166496 0.2123805 1.886124 0.4596114 0.142668 2.363897 0.3442913 0.2021672 1.751579 0.6162305 0.1000473 2.230608 0.4153517 0.211382 1.700114 0.6878287 0.07914607 2.211679 0.1981568 0.1106084 2.275313 0.2134058 0.04620314 2.273074 0.1754691 -0.04445451 2.212012 0.2690951 -0.03535473 2.335964 0.08749463 -0.5281637 2.276555 0.2436173 -0.5474048 2.474714 0.02500185 -0.8844283 2.331174 0.192796 -0.8681996 2.517169 0.03773675 -0.9455984 2.296543 0.2594041 -0.9239392 2.533866
0.2040712 0.6217529 2.230807 0.173967 0.4404491 2.257711 0.08319782 0.3053935 2.142783 0.3139156 0.3618361 2.398773 0.1645502 0.2118427 1.88516 0.4392323 0.1490181 2.382472 0.3427066 0.2036594 1.752001 0.6162215 0.1009217 2.231054 0.4152421 0.2124876 1.699819 0.6878467 0.07964961 2.211662 0.1980311 0.1112734 2.275231 0.21316 0.04697655 2.272907 0.1752661 -0.04426185 2.211585 0.2688159 -0.03501883 2.335998 0.08717262 -0.5281582 2.275636 0.2437221 -0.5452772 2.473947 0.0249813 -0.8843778 2.331089 0.1923791 -0.8671731 2.516389 0.038798 -0.9435738 2.293563 0.2630779 -0.9239032 2.549924
0.2043171 0.6220114 2.230909 0.1739704 0.4406019 2.257632 0.08288587 0.3052512 2.142512 0.3139009 0.3628831 2.398451 0.1630184 0.2098876 1.885201 0.4386315 0.1490445 2.383337 0.341624 0.2040235 1.75315 0.6158071 0.1014271 2.231247 0.4155421 0.2130882 1.70033 0.6876371 0.07998873 2.211594 0.1979727 0.1122735 2.275049 0.213055 0.04808007 2.272656 0.1753208 -0.0439222 2.210769 0.2686794 -0.03471551 2.336154 0.08713532 -0.5279962 2.27536 0.2438489 -0.5433394 2.472777 0.02501316 -0.884195 2.331208 0.1922405 -0.8660878 2.514597 0.03937257 -0.9424062 2.292368 0.2646247 -0.9237522 2.541518
0.2051651 0.6209348 2.230426 0.1739929 0.4406511 2.257566 0.08237985 0.3056257 2.141992 0.3139436 0.3633844 2.398223 0.1592524 0.2054392 1.885614 0.4345829 0.1476173 2.385027 0.3416688 0.2033848 1.75551 0.6150702 0.101078 2.23144 0.416044 0.212635 1.704133 0.6865052 0.07915018 2.211593 0.19809 0.1125003 2.274755 0.2131799 0.04831646 2.272265 0.1754976 -0.04380037 2.210068 0.2687929 -0.03451395 2.335755 0.08695553 -0.5279145 2.274731 0.2438192 -0.5422723 2.472203 0.02504306 -0.884365 2.331416 0.1929782 -0.8649669 2.513139 0.03985215 -0.9420873 2.292018 0.2600153 -0.9213285 2.536159
0.2049216 0.6212227 2.230172 0.1741034 0.4406713 2.257467 0.08298676 0.3065054 2.141475 0.3147311 0.3591053 2.398243 0.156406 0.1997114 1.886945 0.4382767 0.1461615 2.384536 0.3452282 0.2003913 1.760065 0.6127553 0.09990194 2.231759 0.4196826 0.2124214 1.713555 0.685189 0.07828784 2.211692 0.1975342 0.1133278 2.269623 0.2121829 0.04946538 2.264981 0.1697572 -0.04002071 2.190966 0.2692468 -0.03440438 2.330573 0.08759303 -0.5276422 2.274495 0.2440224 -0.5426282 2.472141 0.02484601 -0.8842384 2.330759 0.1939141 -0.8636838 2.511721 0.04024593 -0.9421853 2.291922 0.2587618 -0.9206781 2.534144
0.2049521 0.6212661 2.230197 0.1741146 0.4407524 2.257276 0.08402652 0.3076466 2.141586 0.3145191 0.3580979 2.398902 0.1662455 0.2032931 1.888931 0.4451485 0.1404189 2.380394 0.3473285 0.1937523 1.769911 0.6104767 0.09811955 2.230745 0.4196339 0.2079399 1.728281 0.6823026 0.07727952 2.210873 0.1972505 0.1132037 2.266881 0.2118905 0.04919001 2.261862 0.1694045 -0.03963466 2.189426 0.269437 -0.0340769 2.326414 0.08752108 -0.5279257 2.273084 0.2443305 -0.5409838 2.470804 0.02482632 -0.8843898 2.330702 0.1940522 -0.8639345 2.512633 0.0405216 -0.9424114 2.292094 0.2593667 -0.920673 2.53408
0.20884 0.6202877 2.230604 0.1741139 0.440774 2.257241 0.08528305 0.3089361 2.141727 0.3143364 0.3568032 2.398423 0.1687972 0.1994645 1.891976 0.4474747 0.1378048 2.378856 0.3481419 0.1863125 1.784776 0.6027817 0.09568839 2.229429 0.4209678 0.2024532 1.746514 0.6659568 0.07325569 2.209198 0.1962448 0.1121787 2.263684 0.2105936 0.04772326 2.257851 0.1678772 -0.03972375 2.185874 0.2680866 -0.03579811 2.321489 0.08740593 -0.5277029 2.272303 0.2446248 -0.5401253 2.469925 0.0242907 -0.8837927 2.329398 0.1938993 -0.8638693 2.512606 0.03765765 -0.9467002 2.298295 0.2605879 -0.9218691 2.530758
0.2091144 0.6205086 2.230349 0.1740796 0.4408841 2.256959 0.08863801 0.3103929 2.14286 0.3160812 0.3475537 2.398904 0.1695075 0.1937938 1.895752 0.4491496 0.1333483 2.37799 0.3462775 0.1786864 1.802536 0.5787868 0.09531072 2.225246 0.4203073 0.1976918 1.765468 0.6494044 0.07260488 2.206757 0.1969837 0.1103312 2.262814 0.2117851 0.04506567 2.257099 0.1688042 -0.04054224 2.186205 0.2692838 -0.03727394 2.320525 0.08845252 -0.5275698 2.272994 0.2449119 -0.5396705 2.469525 0.02429667 -0.8838802 2.32916 0.1941539 -0.863611 2.512307 0.03874749 -0.9457664 2.29653 0.2620229 -0.9234476 2.539913
0.2088336 0.6206266 2.230198 0.1739994 0.4410891 2.256227 0.09533466 0.3135312 2.140735 0.315955 0.3466332 2.399078 0.1142278 0.2037322 1.932088 0.4481378 0.1270943 2.377815 0.34781 0.1718924 1.821001 0.5777484 0.095525 2.223442 0.4198594 0.1917965 1.790077 0.6418445 0.07179561 2.206045 0.1973594 0.1092704 2.261901 0.212506 0.0437257 2.256501 0.1700575 -0.04095418 2.185962 0.2696785 -0.03819023 2.32026 0.08827126 -0.5280067 2.272453 0.2451793 -0.539104 2.469165 0.02426234 -0.8838798 2.328786 0.194364 -0.8634385 2.512376 0.04563003 -0.9387996 2.288404 0.2573618 -0.9223241 2.538148
0.2085686 0.620681 2.22988 0.173839 0.44122 2.25586 0.1005497 0.3151696 2.138685 0.3157018 0.345046 2.398741 0.1136517 0.2028028 1.932564 0.4453998 0.1207363 2.378078 0.3460566 0.1652105 1.842924 0.5718354 0.09253819 2.220156 0.4194024 0.186465 1.809433 0.6176617 0.07152203 2.206953 0.1976841 0.1069987 2.260759 0.2131938 0.04070377 2.255513 0.1710908 -0.04176874 2.185938 0.2697932 -0.03970832 2.319158 0.08978275 -0.5273652 2.273653 0.2454004 -0.5392182 2.469079 0.02425548 -0.8842728 2.329239 0.1948717 -0.8633236 2.511355 0.04403115 -0.9419134 2.291956 0.2611525 -0.9230604 2.536299
0.2104414 0.6198064 2.228623 0.1738697 0.4414408 2.255209 0.1046432 0.316064 2.136232 0.3157957 0.3437039 2.398895 0.1121078 0.1987922 1.935041 0.4432935 0.11674 2.373156 0.3422152 0.1578095 1.870802 0.5666094 0.09049222 2.212206 0.407392 0.1742857 1.847397 0.6064649 0.07102153 2.204916 0.1966436 0.1046864 2.257621 0.2118987 0.03781377 2.252066 0.1706398 -0.04201198 2.184168 0.2669387 -0.04332846 2.313598 0.08957552 -0.5274716 2.272853 0.2453519 -0.5391507 2.468851 0.02409846 -0.8843218 2.32876 0.1936648 -0.869482 2.514733 0.04426439 -0.9413984 2.290824 0.2599092 -0.9238462 2.535541
0.2134402 0.619155 2.228965 0.1738549 0.4414971 2.254286 0.1086918 0.3167879 2.133073 0.3155096 0.3436913 2.398729 0.1075019 0.1924182 1.938728 0.4592427 0.1369552 2.297644 0.3350718 0.1501918 1.893927 0.6017418 0.0587038 2.178166 0.4005499 0.1672345 1.869661 0.5945705 0.06992754 2.202639 0.196431 0.1016573 2.254942 0.2117763 0.0341883 2.249367 0.1705353 -0.04190041 2.183981 0.2667751 -0.04433947 2.308943 0.08926716 -0.527877 2.272297 0.2453903 -0.539085 2.468798 0.0242797 -0.8852554 2.329789 0.1946625 -0.8690876 2.513145 0.04390588 -0.9410517 2.289724 0.25944 -0.9239408 2.534302
0.2149802 0.6178902 2.2276 0.1740465 0.4414825 2.253843 0.1126896 0.3173683 2.131425 0.3156673 0.3434912 2.399081 0.1033535 0.1861017 1.943949 0.4572628 0.1361435 2.295656 0.327513 0.1419148 1.924403 0.5885927 0.06094647 2.160706 0.3896875 0.1557996 1.905612 0.5675259 0.07366666 2.203247 0.1973565 0.09851944 2.254149 0.2130162 0.0303034 2.248831 0.1720043 -0.04237302 2.185531 0.2669975 -0.04590881 2.30641 0.08891538 -0.5280676 2.271305 0.2461144 -0.5368931 2.467596 0.02451976 -0.8858964 2.330308 0.1944585 -0.8670364 2.511258 0.04244197 -0.941205 2.288795 0.258113 -0.921031 2.532038
0.2167117 0.6164068 2.227473 0.1740905 0.4414598 2.253462 0.1139703 0.3162569 2.129959 0.3157904 0.3429126 2.399225 0.09929863 0.1726244 1.952475 0.4482181 0.1365938 2.278718 0.3156434 0.1345207 1.951516 0.5867233 0.05638971 2.155479 0.3788479 0.1462003 1.934772 0.5552951 0.07547458 2.198424 0.1975773 0.09835573 2.254034 0.2133203 0.03019157 2.248835 0.1732496 -0.04275854 2.185341 0.2672556 -0.04631515 2.306602 0.08893608 -0.5278902 2.270669 0.2464041 -0.5400579 2.468387 0.02444335 -0.8859626 2.330502 0.1930518 -0.8651664 2.509213 0.04591252 -0.9360179 2.284273 0.2554641 -0.9215586 2.525839
0.2130755 0.6174883 2.225023 0.1741826 0.4409731 2.252245 0.1148467 0.312862 2.127772 0.3167104 0.3403724 2.399122 0.09309864 0.1638431 1.961726 0.4459752 0.1346145 2.27317 0.3150063 0.1289954 1.976328 0.5721772 0.04454397 2.142983 0.3766283 0.1409087 1.954594 0.5415833 0.07475866 2.190505 0.1967316 0.09738786 2.252341 0.2122897 0.02931759 2.247162 0.1727176 -0.04271604 2.184496 0.2647685 -0.04881967 2.303117 0.08888961 -0.5280262 2.270271 0.2465714 -0.5420331 2.468628 0.0239222 -0.8857454 2.329026 0.1930648 -0.8651257 2.50974 0.04185783 -0.942749 2.289878 0.2553692 -0.9210144 2.525773
0.2136728 0.6170446 2.223907 0.1745527 0.4407669 2.251956 0.1153655 0.3108355 2.126915 0.3167382 0.3403406 2.399189 0.08569556 0.1579633 1.97126 0.437013 0.1369058 2.258368 0.2906847 0.1222287 2.003643 0.5690619 0.03381336 2.146883 0.3694632 0.1364094 1.984811 0.6059241 -0.00528409 2.107842 0.1971203 0.09823055 2.252228 0.212788 0.03085506 2.247135 0.1744465 -0.04040231 2.185637 0.2646495 -0.04670466 2.302279 0.08882215 -0.5277534 2.269681 0.2465683 -0.5417962 2.468498 0.02385491 -0.8857231 2.329024 0.1930899 -0.8651496 2.509785 0.04086553 -0.9429606 2.289804 0.2603851 -0.9247955 2.539194
0.2168651 0.6158843 2.223631 0.1746133 0.4406043 2.251009 0.1157878 0.30879 2.126008 0.3164838 0.3392472 2.398407 0.08199908 0.154722 1.982171 0.4362178 0.1360436 2.256614 0.3252262 0.1213807 2.042974 0.5564321 0.02857861 2.135129 0.3727579 0.1352529 1.998703 0.5965036 -0.007243067 2.099043 0.196149 0.09865303 2.25084 0.2114702 0.03149625 2.2456 0.1738473 -0.03921711 2.184724 0.2611127 -0.04676226 2.299103 0.08876149 -0.5289149 2.269913 0.2468023 -0.5411445 2.468297 0.02352066 -0.8857193 2.328789 0.1930942 -0.8650531 2.509929 0.03885883 -0.9455553 2.2929 0.2629333 -0.9235451 2.542227
0.216916 0.6160454 2.222669 0.1747926 0.4402281 2.249891 0.1155173 0.3074018 2.125642 0.3161706 0.3390672 2.396704 0.0809332 0.1494906 1.991201 0.4361497 0.1358175 2.255243 0.3205843 0.1201125 2.048496 0.5574981 0.02839657 2.134985 0.3775505 0.1334818 2.017069 0.5979476 -0.007410403 2.099308 0.196532 0.09804795 2.250545 0.2118952 0.03082025 2.245412 0.1746368 -0.04049398 2.184324 0.2618274 -0.0477411 2.299413 0.0887966 -0.5295401 2.269812 0.2466915 -0.5399909 2.467693 0.0236509 -0.8859175 2.328954 0.1931984 -0.8649637 2.510028 0.03869645 -0.9445658 2.291038 0.2638136 -0.9239095 2.539706
0.2177486 0.6161462 2.22211 0.1750642 0.4397947 2.248877 0.1156306 0.3062996 2.125612 0.3174097 0.3368661 2.397383 0.07807001 0.1437096 2.000282 0.4392763 0.1331588 2.258738 0.32133 0.1146776 2.082076 0.4390368 0.009138308 2.096048 0.3615846 0.1311431 2.031877 0.4389569 -0.03220186 2.046226 0.1963651 0.09751149 2.249762 0.2116462 0.03026905 2.244687 0.1741726 -0.04141508 2.182948 0.2616317 -0.04909884 2.299046 0.08878859 -0.5296229 2.269846 0.2472059 -0.5382677 2.467342 0.02375973 -0.8859578 2.328939 0.1936163 -0.8646391 2.510029 0.03858276 -0.9446614 2.291021 0.2634332 -0.9228369 2.534859
0.2178874 0.6162179 2.22157 0.175545 0.4395563 2.248252 0.1158314 0.3053749 2.12595 0.3164565 0.336428 2.395165 0.07523975 0.1404838 2.005734 0.4414963 0.1321954 2.261035 0.3184834 0.1155433 2.088726 0.4265591 0.02471183 2.086735 0.3621452 0.1329335 2.041793 0.42158 -0.01111602 2.033042 0.1986953 0.09595107 2.250223 0.2146245 0.02829253 2.245599 0.17929 -0.04523311 2.183665 0.2652459 -0.05125731 2.301802 0.08880614 -0.5298469 2.2698 0.2472142 -0.5382437 2.467303 0.02360364 -0.8857012 2.328436 0.1938313 -0.8646416 2.510222 0.03879799 -0.9448207 2.29132 0.2633637 -0.9231158 2.543205
0.2185931 0.615346 2.220233 0.1759992 0.4394261 2.247692 0.115614 0.3047613 2.12618 0.3164605 0.3365074 2.395188 0.06941329 0.1394292 2.009379 0.4414595 0.1322531 2.261049 0.3115884 0.1175707 2.095759 0.4188835 0.034903 2.081287 0.354985 0.1347849 2.048516 0.4113582 0.002452955 2.025774 0.1988144 0.09587753 2.250094 0.2146788 0.02823454 2.245511 0.1791584 -0.04572278 2.182874 0.2654503 -0.05168812 2.302104 0.08881011 -0.5298674 2.269822 0.247236 -0.5382688 2.467225 0.02352253 -0.8849782 2.327755 0.1945985 -0.8642873 2.510012 0.03547581 -0.9488128 2.297992 0.263254 -0.9217461 2.546436
0.2186492 0.6148699 2.219449 0.1765939 0.4389589 2.247131 0.1154867 0.3043295 2.126357 0.315772 0.3363143 2.393477 0.06590319 0.1385858 2.012124 0.4419109 0.1322948 2.26022 0.3085934 0.117794 2.097475 0.412826 0.04566276 2.075616 0.4094326 0.1146421 2.141311 0.4031311 0.01678542 2.01849 0.1993244 0.09485461 2.250006 0.2151055 0.02711547 2.245494 0.1792777 -0.04671175 2.182939 0.2657388 -0.05208746 2.302227 0.09132248 -0.5303501 2.273032 0.2473747 -0.5367872 2.46636 0.023235 -0.8848495 2.327497 0.1949223 -0.863741 2.50938 0.0348199 -0.9490687 2.298424 0.2653044 -0.9233063 2.538366
0.2208357 0.6138532 2.21884 0.1772028 0.438429 2.246397 0.1152337 0.3041444 2.126444 0.3140569 0.3360596 2.389331 0.0611356 0.1382175 2.015258 0.4418502 0.1321766 2.257784 0.3050026 0.1178272 2.09775 0.4073061 0.0533838 2.070432 0.4071456 0.1147745 2.139347 0.3957914 0.02711952 2.012389 0.1997797 0.09390135 2.249335 0.2154471 0.02611349 2.244787 0.179217 -0.04722952 2.182711 0.2661147 -0.05209355 2.301447 0.09244456 -0.532195 2.275985 0.247474 -0.5366295 2.466372 0.02346942 -0.8848633 2.327808 0.1947318 -0.8636764 2.509438 0.03464289 -0.9491442 2.298709 0.2647707 -0.9232627 2.530909
0.2223335 0.6130811 2.217816 0.1775029 0.4381311 2.245923 0.1149605 0.3036791 2.126626 0.3134464 0.3341424 2.386719 0.05764735 0.1381692 2.016739 0.4405663 0.1312113 2.252556 0.3022147 0.1182251 2.097524 0.4015227 0.05773234 2.063836 0.3657972 0.1189298 2.116714 0.3885081 0.03323935 2.005338 0.2001218 0.09265686 2.248898 0.2157217 0.02463777 2.244315 0.1790714 -0.04849894 2.182229 0.2664939 -0.05293479 2.301211 0.09193738 -0.5325497 2.275471 0.247689 -0.5360388 2.466148 0.02335194 -0.8850248 2.327985 0.1948386 -0.8631561 2.509148 0.03491592 -0.9482236 2.296747 0.2644307 -0.9224385 2.530422
0.2215824 0.613572 2.217541 0.1782971 0.4377047 2.24547 0.1148576 0.303283 2.126933 0.3147466 0.3347974 2.389258 0.05500341 0.1379913 2.018399 0.4365904 0.1321688 2.248648 0.300145 0.1180936 2.097689 0.3992796 0.05631018 2.060564 0.3641373 0.1187619 2.115465 0.3868427 0.03102398 2.002278 0.2006918 0.09242663 2.248747 0.2162246 0.02445798 2.244211 0.1791486 -0.04864574 2.182187 0.2677099 -0.05289209 2.301109 0.09164579 -0.5325079 2.275147 0.2477874 -0.5355049 2.46611 0.0230875 -0.8851004 2.328254 0.1948392 -0.8630869 2.509155 0.03590096 -0.9471145 2.295184 0.2630838 -0.9225308 2.543081
0.2216956 0.6136503 2.2173 0.1785222 0.4374807 2.245361 0.1147046 0.3030328 2.127265 0.3146424 0.3346786 2.388942 0.05354782 0.1377937 2.019583 0.4357498 0.1319711 2.247691 0.2987837 0.1178752 2.098621 0.3992071 0.0551619 2.05986 0.3633623 0.1189819 2.114105 0.3870262 0.02955884 2.001657 0.2014752 0.09114011 2.249195 0.2171142 0.02290597 2.244827 0.1797928 -0.04975343 2.183018 0.2685656 -0.05393789 2.301654 0.09147472 -0.5326048 2.275014 0.2478214 -0.5353857 2.466112 0.02323211 -0.8850909 2.328262 0.195214 -0.8639683 2.510221 0.03595655 -0.94587 2.292942 0.2682443 -0.9259416 2.523169
0.2223303 0.6138453 2.216829 0.1789057 0.4373842 2.245259 0.1143789 0.3028043 2.127442 0.3146499 0.3347175 2.388793 0.05152254 0.137776 2.020627 0.4355062 0.1320223 2.247255 0.297092 0.1178303 2.09877 0.3992579 0.05488186 2.059508 0.3616985 0.1180395 2.114176 0.3871752 0.02916837 2.001333 0.2018787 0.09119379 2.249336 0.2175072 0.02301158 2.244994 0.1800801 -0.04983876 2.183254 0.2691615 -0.05361218 2.301881 0.09269846 -0.5331044 2.277358 0.2478549 -0.5352723 2.466023 0.02314654 -0.8851368 2.328228 0.1956566 -0.8639303 2.510519 0.03729401 -0.9444764 2.291049 0.2683914 -0.9258169 2.524157
0.2232703 0.6135163 2.215744 0.1793623 0.4373533 2.245158 0.1143389 0.3027567 2.127604 0.3149711 0.3347276 2.389378 0.05012762 0.137867 2.021573 0.4352825 0.1321475 2.247071 0.2959428 0.1175788 2.098979 0.3983183 0.05565472 2.059188 0.3615697 0.1171382 2.109188 0.3859969 0.03015712 2.000968 0.2031289 0.09153741 2.249099 0.2189419 0.02354649 2.244699 0.180476 -0.04975786 2.182987 0.2731021 -0.05131026 2.30163 0.09243787 -0.5331443 2.276418 0.2481392 -0.5347853 2.466064 0.02296627 -0.8852519 2.328408 0.1955631 -0.8637356 2.510365 0.03587475 -0.9455748 2.292378 0.2676686 -0.925773 2.524135
0.2238454 0.6133517 2.214896 0.1799497 0.4368784 2.244684 0.1141762 0.3026583 2.127671 0.3150938 0.3345307 2.389196 0.04967405 0.1375955 2.022232 0.4403685 0.1335185 2.249434 0.2956835 0.1175191 2.099159 0.390626 0.07100699 2.059175 0.3614078 0.1178187 2.108727 0.3740452 0.05016983 2.000163 0.2035409 0.0910354 2.249005 0.2192944 0.02304878 2.244648 0.1806767 -0.05001407 2.183096 0.2733158 -0.05189433 2.301491 0.09198772 -0.5330479 2.275544 0.2480827 -0.5349942 2.466049 0.02288104 -0.8852111 2.328485 0.1957235 -0.8643216 2.510357 0.03537426 -0.9467392 2.294399 0.2666765 -0.9259102 2.525521
0.2235678 0.6139677 2.214391 0.1804402 0.4366567 2.244444 0.1141921 0.3024949 2.127794 0.3148885 0.3338514 2.38787 0.04935674 0.1374492 2.02259 0.4411042 0.1331031 2.248682 0.295579 0.1173365 2.098927 0.3880128 0.07419556 2.058159 0.377653 0.1106322 2.128782 0.3703157 0.0545597 1.999059 0.2053366 0.08999801 2.249246 0.2213883 0.02183763 2.245019 0.1829579 -0.05097301 2.183186 0.2755597 -0.0536973 2.302565 0.09177976 -0.5329581 2.275192 0.24814 -0.534915 2.465508 0.02278063 -0.8851582 2.328236 0.1961139 -0.8646188 2.509928 0.04200125 -0.9385071 2.284783 0.2583186 -0.9248886 2.525894
0.2239927 0.6146329 2.214079 0.1807147 0.4368522 2.244104 0.1141851 0.3024882 2.128032 0.3149857 0.3330956 2.387 0.0497096 0.1371625 2.023116 0.4306252 0.1324616 2.236844 0.2967069 0.116409 2.097147 0.3952581 0.05518723 2.048972 0.3790393 0.1094912 2.126232 0.3834691 0.02942912 1.990756 0.2054641 0.0889174 2.248818 0.2214107 0.02022962 2.244482 0.1828702 -0.05107208 2.183121 0.2753295 -0.05600392 2.30157 0.09142289 -0.5328613 2.274117 0.2482523 -0.5349088 2.465449 0.02270321 -0.8850546 2.328312 0.1962379 -0.8643076 2.509888 0.0417636 -0.9386193 2.285054 0.2586893 -0.9242547 2.526564
0.2256272 0.6154133 2.21409 0.1807582 0.4370254 2.244148 0.1141724 0.3024879 2.128124 0.3152628 0.3330339 2.387166 0.05773714 0.1330024 2.025916 0.4306932 0.1323992 2.236814 0.3052602 0.1145348 2.098967 0.3952714 0.05513681 2.048947 0.3374559 0.1365909 2.045224 0.3834642 0.02938267 1.990733 0.2054843 0.08890548 2.248836 0.2214246 0.02021049 2.244493 0.1828987 -0.05070407 2.183314 0.2752965 -0.05622947 2.301474 0.09129915 -0.5326964 2.273405 0.2488706 -0.5340692 2.464993 0.02315506 -0.8843397 2.326818 0.1964769 -0.8638115 2.509358 0.04157621 -0.9398875 2.285845 0.2607101 -0.9236689 2.524076
0.2262277 0.6158889 2.214154 0.1809473 0.437179 2.244076 0.1142894 0.302546 2.128268 0.3150659 0.3334693 2.386085 0.06603274 0.1306536 2.025832 0.4298315 0.1330461 2.234778 0.2997239 0.1101767 2.064035 0.3144802 0.1115535 2.066775 0.361016 0.1270098 2.044767 0.2563954 0.1349955 2.088865 0.2056372 0.08815464 2.249179 0.2215248 0.01910094 2.244987 0.1831296 -0.05071115 2.184615 0.2749106 -0.05706559 2.30143 0.09149603 -0.5314783 2.272324 0.2490632 -0.5339848 2.464624 0.02303842 -0.8830242 2.325929 0.1961598 -0.8635078 2.509635 0.03831685 -0.9447836 2.293431 0.260246 -0.9230875 2.524863
0.2276075 0.615768 2.214821 0.1810811 0.4375101 2.243977 0.1143426 0.302512 2.128302 0.3153239 0.3334158 2.386401 0.06855536 0.1310171 2.023491 0.4378465 0.1317597 2.244787 0.3047376 0.1088756 2.054785 0.3180582 0.1109907 2.08009 0.3625421 0.1261609 2.027016 0.2599738 0.1344326 2.10218 0.2062858 0.08780584 2.249964 0.222375 0.01855663 2.246117 0.1854956 -0.05071803 2.189688 0.2750135 -0.05697578 2.301442 0.09142508 -0.5315101 2.272102 0.2490879 -0.5338541 2.46444 0.02368914 -0.8845491 2.327216 0.1964954 -0.862918 2.50902 0.03770488 -0.9443694 2.290762 0.2601753 -0.9225972 2.525145
0.2282774 0.6161599 2.215174 0.1812742 0.4380374 2.244166 0.1147383 0.3026792 2.128567 0.3156501 0.3335796 2.386654 0.07307993 0.1332495 2.015438 0.4369164 0.1307086 2.245841 0.267578 0.1061548 2.017795 0.3186012 0.1068647 2.080439 0.3542239 0.1219237 1.99995 0.2605167 0.1303066 2.102529 0.2061304 0.08842836 2.250401 0.2220928 0.01932062 2.246613 0.185193 -0.04983621 2.190451 0.2740988 -0.0556541 2.301482 0.09104303 -0.5311905 2.271343 0.2489869 -0.5342177 2.464421 0.02312721 -0.8850841 2.327347 0.1965247 -0.862838 2.508954 0.0382351 -0.9443501 2.290426 0.2570354 -0.9204602 2.520397
0.2285163 0.6164638 2.21526 0.1814069 0.4381798 2.244255 0.1152607 0.3029049 2.128555 0.3174608 0.3351967 2.390064 0.08043569 0.1346728 2.001831 0.4363447 0.1319249 2.24748 0.2755192 0.1079398 2.000614 0.3191122 0.1063631 2.08152 0.3587168 0.1248069 1.971148 0.2610278 0.1298051 2.103609 0.2059 0.08860197 2.250937 0.2217385 0.0195365 2.247311 0.1843615 -0.04857017 2.192006 0.2736068 -0.0555562 2.301755 0.09097497 -0.5312947 2.271253 0.2488567 -0.5342064 2.46406 0.02326984 -0.8849664 2.327404 0.1960682 -0.8639352 2.509164 0.03633938 -0.9462906 2.293163 0.2579114 -0.9213173 2.522256
0.2287512 0.6168905 2.215671 0.1816101 0.4383343 2.244333 0.1159765 0.3035033 2.128729 0.3176402 0.3353516 2.390207 0.1304758 0.1293172 1.978258 0.4416884 0.1333007 2.250924 0.325429 0.1155509 1.956802 0.3247936 0.1076488 2.084718 0.3836077 0.130574 1.928504 0.2667094 0.1310906 2.106808 0.2057692 0.08976416 2.251712 0.2214503 0.02113328 2.248303 0.1843466 -0.04357152 2.195815 0.2722917 -0.05314416 2.301347 0.09070844 -0.5308554 2.270687 0.2488766 -0.5344018 2.464088 0.02334654 -0.8849066 2.327183 0.1961364 -0.8646321 2.509186 0.03486541 -0.9482827 2.296285 0.2580078 -0.9214352 2.522625
0.2288122 0.6167163 2.216231 0.1822859 0.4386221 2.245377 0.1161948 0.3046824 2.129669 0.3190115 0.3352668 2.39165 0.1358169 0.1346628 1.971618 0.4529083 0.1356446 2.259492 0.3293382 0.1227419 1.931751 0.3363178 0.1108098 2.092919 0.3997433 0.1424238 1.888168 0.2782338 0.1342516 2.115008 0.2054544 0.09032179 2.252299 0.2209186 0.02180265 2.248801 0.1834445 -0.04321942 2.195997 0.2718578 -0.05273458 2.30146 0.09052124 -0.5305354 2.270267 0.2487947 -0.5344912 2.463883 0.02324076 -0.8849858 2.327242 0.1961415 -0.8646362 2.509189 0.03446145 -0.9489609 2.297489 0.2588804 -0.9209942 2.524384
0.2294609 0.6174845 2.217954 0.1819229 0.4393556 2.245089 0.1158838 0.3075739 2.130805 0.3203977 0.3351134 2.393401 0.1171843 0.1623728 1.954282 0.4610891 0.1307963 2.280744 0.3424253 0.1311701 1.88409 0.3398175 0.1147288 2.116651 0.4061563 0.1491322 1.858078 0.2817336 0.1381705 2.13874 0.2049052 0.0912651 2.252524 0.2203085 0.02280092 2.249058 0.182475 -0.04265378 2.196077 0.2716205 -0.05207792 2.301565 0.09048209 -0.530498 2.270242 0.2485749 -0.5349921 2.464183 0.02321211 -0.8849711 2.327273 0.1960259 -0.8646592 2.509408 0.0344344 -0.948772 2.297149 0.2581179 -0.9210593 2.526586
0.2295888 0.6171882 2.220014 0.181812 0.4396623 2.245341 0.113594 0.3108217 2.133008 0.3230085 0.3342523 2.395431 0.1628829 0.1593069 1.929512 0.4670072 0.1238847 2.305701 0.3485866 0.1351657 1.86473 0.3492664 0.1189893 2.138075 0.408732 0.157607 1.826674 0.2911827 0.1424309 2.160164 0.2046532 0.09169508 2.252931 0.2199438 0.02323844 2.249327 0.1809221 -0.04280275 2.196166 0.2717397 -0.05182611 2.301673 0.09031972 -0.5304593 2.27018 0.2483661 -0.5352336 2.464191 0.02345267 -0.8853005 2.327481 0.1958865 -0.8639579 2.509428 0.03449899 -0.9493489 2.29782 0.2574512 -0.9208225 2.526205
0.2300776 0.6171871 2.221326 0.1816917 0.4397664 2.245292 0.1120413 0.3120666 2.133456 0.3232105 0.3341759 2.395097 0.1659658 0.164652 1.924739 0.4700293 0.1219683 2.31944 0.3447935 0.1482364 1.834835 0.6252646 0.08408219 2.19579 0.4199565 0.1814584 1.786394 0.6770098 0.07145347 2.158982 0.2035294 0.09354167 2.252708 0.2184507 0.02568986 2.248913 0.1752263 -0.0425893 2.190312 0.2721171 -0.05035334 2.303399 0.09072404 -0.5298724 2.271145 0.2478353 -0.5361606 2.464697 0.02345312 -0.8852826 2.327493 0.1953014 -0.8657419 2.510374 0.03436951 -0.9499645 2.299189 0.2579684 -0.9219297 2.525173
0.2300509 0.6173107 2.221498 0.1811234 0.4406106 2.245289 0.1095346 0.3128019 2.134045 0.3233422 0.3345942 2.39464 0.1731602 0.1777748 1.913421 0.4711323 0.1211873 2.327768 0.3465041 0.1574186 1.813071 0.6226968 0.08615191 2.198232 0.4185775 0.1851628 1.774675 0.6732183 0.07447345 2.159462 0.2037732 0.09394825 2.255086 0.2189646 0.02584754 2.252106 0.1782728 -0.04694927 2.196369 0.2727309 -0.05046793 2.308082 0.09077357 -0.5298359 2.271657 0.2475569 -0.5365062 2.465047 0.02515687 -0.8872242 2.328976 0.1954792 -0.8656185 2.51041 0.03211611 -0.9514631 2.298497 0.2575065 -0.9221197 2.526853
0.2299425 0.6174855 2.221726 0.1805215 0.4421053 2.244743 0.1035591 0.3137256 2.134561 0.3234293 0.340473 2.39422 0.1791096 0.1894412 1.906438 0.4719801 0.1263079 2.33472 0.346498 0.1672195 1.795511 0.62379 0.09152348 2.205428 0.4184041 0.1947482 1.746792 0.6743932 0.07992867 2.166739 0.2042825 0.09690013 2.258903 0.2197266 0.02915682 2.257076 0.1799649 -0.04764773 2.200701 0.2739158 -0.04784632 2.315498 0.09158204 -0.5300618 2.274497 0.2469677 -0.5433495 2.467997 0.02544221 -0.8871179 2.329315 0.1949852 -0.8675069 2.513973 0.04313938 -0.9425944 2.287924 0.2562032 -0.921999 2.526452
0.2299242 0.6176077 2.221936 0.1804321 0.4424847 2.245025 0.09965851 0.3141216 2.135326 0.3212355 0.3462697 2.389397 0.1682397 0.182055 1.8989 0.4726087 0.1329486 2.338139 0.3441588 0.1769158 1.785353 0.6284053 0.09852012 2.214143 0.4197288 0.1990327 1.73581 0.6803375 0.08704396 2.177219 0.2050529 0.09846165 2.261726 0.2205517 0.03079149 2.26 0.1812995 -0.0479538 2.203952 0.2749248 -0.04569626 2.318498 0.09107867 -0.5297324 2.274293 0.2471391 -0.5419735 2.468326 0.02566352 -0.8871341 2.329611 0.1950612 -0.8672398 2.514069 0.04274754 -0.9422342 2.287466 0.2558802 -0.9213904 2.527558
0.2299287 0.6177387 2.222154 0.1801087 0.4434213 2.245165 0.09601507 0.3129173 2.135056 0.3212602 0.3501375 2.387794 0.1635653 0.1847612 1.921722 0.4738972 0.137187 2.341481 0.3458558 0.1881266 1.773261 0.6291381 0.1005139 2.217424 0.4187571 0.2047424 1.723827 0.680885 0.08828952 2.18048 0.2055074 0.1012377 2.264328 0.2211025 0.03387136 2.262897 0.1819845 -0.04772945 2.205773 0.2759477 -0.04309718 2.322382 0.09026352 -0.5293739 2.274174 0.246934 -0.5414919 2.468292 0.02537743 -0.8869472 2.33041 0.1951116 -0.8669426 2.514148 0.04193151 -0.9417303 2.287644 0.2583928 -0.9219455 2.526932
0.2296223 0.6182333 2.222437 0.1798193 0.4440712 2.244962 0.0948081 0.3121174 2.134697 0.320313 0.3527869 2.386033 0.1659179 0.1930589 1.910557 0.474398 0.1402822 2.347414 0.3457788 0.1949116 1.767766 0.6298389 0.1046788 2.223288 0.4192884 0.2111909 1.714814 0.6816526 0.09281098 2.18632 0.2054516 0.1028918 2.265771 0.2210489 0.0357053 2.264622 0.1824479 -0.04752207 2.207138 0.2756453 -0.04143424 2.325089 0.08993048 -0.5294352 2.274021 0.2533773 -0.5038336 2.46159 0.02546537 -0.8868473 2.33051 0.1948749 -0.8665895 2.514364 0.04551556 -0.9371043 2.283858 0.2584046 -0.9212379 2.526746
0.2294265 0.6185743 2.222803 0.1795815 0.4449352 2.244896 0.0937357 0.3113447 2.134183 0.3198051 0.3547619 2.385171 0.176681 0.1974704 1.886382 0.4740966 0.1422546 2.349406 0.3471929 0.1997046 1.763302 0.6299908 0.1063414 2.226016 0.4270748 0.2204431 1.702062 0.6819556 0.09437034 2.189294 0.2053147 0.105596 2.267284 0.2208889 0.03875326 2.266356 0.1826494 -0.0472256 2.207585 0.275386 -0.03923393 2.328384 0.09033092 -0.5277432 2.274563 0.2452927 -0.5497872 2.472064 0.02558956 -0.8868471 2.330586 0.194328 -0.8657246 2.51298 0.04286766 -0.9398648 2.285923 0.259994 -0.923255 2.530815
0.2294765 0.6188726 2.222713 0.1793791 0.4458605 2.244672 0.09330142 0.3106173 2.133612 0.3194515 0.3564062 2.384312 0.1783372 0.2036049 1.883199 0.4736221 0.1437375 2.350266 0.3470833 0.2022271 1.761568 0.6303589 0.1082541 2.227936 0.4299399 0.2245587 1.697661 0.6826046 0.09642625 2.191567 0.2024909 0.1098202 2.264237 0.2170151 0.04399917 2.261978 0.1741511 -0.04186086 2.195718 0.2740005 -0.03751339 2.327373 0.08982397 -0.5276764 2.274041 0.2454286 -0.549326 2.472046 0.02560038 -0.8868089 2.330608 0.1938528 -0.8658806 2.51572 0.04309927 -0.9392238 2.285323 0.261561 -0.9234526 2.528758
0.2296295 0.619375 2.222836 0.1792293 0.446261 2.244724 0.0927275 0.3101766 2.132442 0.3192334 0.3570519 2.38412 0.1790953 0.2061051 1.881155 0.473198 0.1441496 2.352664 0.3478132 0.2039654 1.76047 0.6294066 0.1092541 2.229389 0.4317613 0.2266125 1.695766 0.6814762 0.09762231 2.192706 0.2037782 0.1148322 2.26745 0.2190485 0.05027766 2.266362 0.1790533 -0.04229431 2.198173 0.275568 -0.03417199 2.33824 0.08960589 -0.5275742 2.273934 0.2454445 -0.5493268 2.472064 0.02585207 -0.8866637 2.330497 0.1940473 -0.8659047 2.51624 0.03557826 -0.9501608 2.299227 0.2610766 -0.9224519 2.528598
0.2297548 0.6194462 2.222941 0.1791313 0.4466317 2.244728 0.09246659 0.3099705 2.13169 0.3190918 0.3576212 2.383909 0.1789346 0.2050658 1.880827 0.4721555 0.1440172 2.355085 0.3481793 0.2044044 1.760448 0.6275092 0.1101222 2.230296 0.4326288 0.2267669 1.695791 0.6792938 0.09882391 2.193107 0.2039598 0.1164149 2.268332 0.2192966 0.05186033 2.267349 0.1803136 -0.04251984 2.198637 0.2754075 -0.03391662 2.34039 0.08954602 -0.5275133 2.273764 0.2457249 -0.5448772 2.469747 0.02589566 -0.8865514 2.330526 0.1940954 -0.8652374 2.515438 0.03488952 -0.9504018 2.29976 0.2599387 -0.9218122 2.528683
0.2298034 0.6198566 2.223422 0.1792315 0.4467891 2.244829 0.09195117 0.3102014 2.131196 0.3189992 0.3580403 2.384891 0.1902028 0.2129042 1.881755 0.4709129 0.1437964 2.358932 0.3511265 0.2041431 1.760099 0.6242247 0.1109198 2.231055 0.4338736 0.2264035 1.697797 0.6753286 0.09996098 2.192838 0.2021115 0.1159681 2.265174 0.2163344 0.05083247 2.262291 0.174712 -0.0404442 2.193661 0.2716919 -0.03385797 2.328417 0.08948996 -0.5272443 2.273724 0.2457463 -0.5444026 2.4696 0.02549398 -0.8862686 2.329851 0.1953814 -0.8632683 2.512174 0.03909166 -0.9459822 2.293058 0.2638572 -0.922763 2.54556
0.2301713 0.6205578 2.224323 0.1792591 0.4469936 2.244877 0.09219795 0.3107108 2.13142 0.3189148 0.3582534 2.385186 0.1911255 0.2130863 1.88242 0.4693576 0.1427767 2.360409 0.3536265 0.2022554 1.763332 0.6208005 0.1103103 2.229958 0.4344693 0.2233449 1.711284 0.6712815 0.09948821 2.190883 0.202084 0.1170056 2.262297 0.2164373 0.05211446 2.258605 0.17311 -0.03686617 2.186125 0.2735701 -0.03191577 2.325723 0.08927917 -0.5273691 2.273252 0.2458133 -0.5445594 2.469801 0.02557884 -0.8861862 2.32977 0.1954501 -0.863237 2.5122 0.03843212 -0.9435455 2.289161 0.2610804 -0.922649 2.539234
