0.1031819 0.6223233 2.275951 0.09290849 0.451299 2.293976 0.06895509 0.2959561 2.186548 0.1896934 0.3606876 2.434863 0.05786985 0.03681929 2.102815 0.3858957 0.2831671 2.570042 0.1356215 -0.1751106 2.091525 0.5105495 0.4232869 2.494277 0.1514946 -0.2502237 2.098421 0.5059323 0.4161837 2.489011 0.1624653 0.03202568 2.317841 0.1837813 -0.05048152 2.321235 0.1535927 -0.07642888 2.290657 0.2261726 -0.09066303 2.353384 0.09477622 -0.5268236 2.341575 0.2282089 -0.5531763 2.595786 0.001096206 -0.8955942 2.403414 0.1783091 -0.8722259 2.633804 0.0673473 -0.9465203 2.377239 0.2604776 -0.9041979 2.664763
0.1032458 0.6218841 2.275446 0.0931617 0.4503562 2.293294 0.06905674 0.2957859 2.18645 0.1899466 0.3597448 2.434181 0.05851595 0.03606278 2.102921 0.3875577 0.2848864 2.569302 0.1350357 -0.1739469 2.091328 0.5071774 0.421086 2.477181 0.1500238 -0.2497883 2.097858 0.4981832 0.4146518 2.474468 0.1627068 0.03186174 2.317731 0.1840483 -0.05058696 2.321212 0.1540298 -0.07643623 2.291282 0.2265171 -0.09055208 2.352805 0.09474809 -0.527044 2.341599 0.2278423 -0.5503676 2.592579 0.001198817 -0.8961458 2.403357 0.1783976 -0.8730974 2.631325 0.0674041 -0.9467783 2.377212 0.2624928 -0.9051114 2.663955
0.1026933 0.6210762 2.273942 0.09346338 0.4493167 2.292799 0.06914548 0.2956187 2.186408 0.1902483 0.3587053 2.433686 0.05888696 0.03747966 2.102945 0.3871268 0.2853175 2.568562 0.1345377 -0.1731567 2.091131 0.5019523 0.4140198 2.45872 0.1488477 -0.2492917 2.097 0.4932551 0.4120741 2.459087 0.1627705 0.03188145 2.317653 0.184118 -0.05049984 2.321164 0.1541559 -0.07644229 2.291059 0.2265737 -0.09046544 2.352904 0.09481674 -0.5262138 2.341085 0.2273959 -0.5509838 2.592168 0.001002009 -0.8959783 2.403383 0.1782771 -0.8729708 2.632912 0.06732824 -0.9467065 2.377097 0.2084508 -0.9192586 2.58873
0.1024668 0.6204004 2.272887 0.09379852 0.4486329 2.292857 0.06929198 0.2954079 2.186365 0.1905834 0.3580215 2.433744 0.05903689 0.03698783 2.102845 0.3854738 0.2866007 2.566413 0.1337432 -0.1722427 2.090742 0.472228 0.4091513 2.424584 0.1481066 -0.2492979 2.096429 0.4850511 0.4057638 2.443707 0.1629484 0.0320396 2.31764 0.184377 -0.05010936 2.321191 0.1545215 -0.07592484 2.291012 0.2267133 -0.09026635 2.353003 0.09512575 -0.5252231 2.340588 0.2315098 -0.5511752 2.604577 0.001004179 -0.8959826 2.403378 0.1770552 -0.8679016 2.631825 0.06756611 -0.9469173 2.377414 0.2440616 -0.8938211 2.653957
0.1023391 0.6190752 2.270847 0.09444867 0.447561 2.292909 0.06961003 0.2950799 2.186244 0.1912336 0.3569496 2.433796 0.05912502 0.0378891 2.102748 0.3830002 0.2865262 2.565563 0.13315 -0.1715143 2.090189 0.468992 0.4079112 2.422126 0.1475873 -0.2493332 2.096018 0.4783082 0.4037101 2.433648 0.1632699 0.03195744 2.317711 0.1847012 -0.05009174 2.321318 0.1548298 -0.07597595 2.291094 0.2270464 -0.09022375 2.353238 0.09522806 -0.5251858 2.340772 0.2313835 -0.5494922 2.60227 0.0009417907 -0.8958296 2.403591 0.1748369 -0.8689802 2.630819 0.06786491 -0.9469696 2.377842 0.1959049 -0.9193786 2.585862
0.1020421 0.6186849 2.270311 0.09449709 0.4474116 2.292888 0.06978215 0.2950104 2.186167 0.191282 0.3568002 2.433775 0.05920389 0.03849723 2.10279 0.3806904 0.2863487 2.563753 0.1329556 -0.1714556 2.09 0.4677433 0.4015712 2.415509 0.1470841 -0.2493495 2.095765 0.469591 0.4057152 2.417229 0.1636005 0.03176896 2.317759 0.1851235 -0.05026836 2.321444 0.1554225 -0.07604659 2.291469 0.2272678 -0.09028776 2.353232 0.09523701 -0.5255703 2.340781 0.2288851 -0.5504912 2.593012 0.0007442693 -0.8970477 2.403721 0.1754742 -0.8679042 2.629042 0.06811723 -0.9472699 2.377816 0.2554427 -0.9040195 2.667282
0.1025043 0.6183813 2.270064 0.094787 0.4469793 2.292411 0.06992421 0.2949574 2.186097 0.1915719 0.3563679 2.433298 0.05957182 0.03784064 2.102759 0.376898 0.285158 2.561813 0.1329017 -0.1714275 2.089941 0.4668469 0.3988038 2.41413 0.1466465 -0.2488918 2.095487 0.4673153 0.4023205 2.412216 0.1638531 0.0316006 2.317615 0.1853456 -0.0503841 2.321378 0.1556253 -0.07612237 2.291645 0.2275119 -0.09026943 2.352901 0.09527917 -0.525593 2.34083 0.2284851 -0.5516228 2.593488 0.0007015999 -0.8968568 2.403857 0.1757449 -0.8695869 2.630529 0.06733646 -0.9467452 2.378041 0.1994995 -0.9216399 2.583397
0.1033502 0.6175002 2.268992 0.09563167 0.4459746 2.291872 0.06997822 0.2949592 2.186054 0.1924165 0.3553632 2.432759 0.05958403 0.03748707 2.102709 0.3765451 0.2852597 2.561296 0.1328496 -0.1715032 2.089861 0.4662333 0.3980057 2.412683 0.1465136 -0.2487998 2.095249 0.4654149 0.4022382 2.409986 0.1643393 0.02968035 2.317203 0.1857179 -0.05248827 2.321074 0.1553515 -0.0780229 2.292972 0.2282669 -0.09208119 2.350819 0.09525287 -0.525626 2.341032 0.2284282 -0.551581 2.593469 0.0007673517 -0.8961908 2.403484 0.176231 -0.8707697 2.631808 0.06751884 -0.946653 2.377705 0.2327007 -0.9092447 2.613482
0.1040199 0.6170506 2.268493 0.09649222 0.4451724 2.291679 0.07023536 0.294822 2.185865 0.1932771 0.354561 2.432566 0.05935317 0.03640639 2.102593 0.3754023 0.2852855 2.561377 0.132752 -0.1716609 2.0899 0.4659954 0.3962622 2.411906 0.146247 -0.2490816 2.095103 0.4654313 0.40214 2.409335 0.1648299 0.03391034 2.316335 0.1860256 -0.04559415 2.319958 0.1561778 -0.07314569 2.28958 0.2282905 -0.08701998 2.35223 0.09523871 -0.52541 2.340954 0.227636 -0.5519827 2.591554 0.0006499193 -0.8956484 2.403521 0.1761905 -0.8711511 2.631977 0.06749523 -0.9465505 2.377728 0.2332276 -0.9085974 2.613283
0.1047947 0.6165875 2.267636 0.09702811 0.4446124 2.291583 0.07035586 0.2946976 2.185725 0.193813 0.3540009 2.43247 0.05936053 0.03362858 2.102578 0.3753546 0.285284 2.561365 0.1326194 -0.1731362 2.090362 0.4667108 0.3964213 2.412535 0.1467438 -0.2504437 2.095878 0.4667158 0.4016922 2.410978 0.1655675 0.03544375 2.316147 0.1868346 -0.04367629 2.319821 0.1572937 -0.07176112 2.28827 0.2290885 -0.08549936 2.353304 0.0953295 -0.5257607 2.341382 0.2289406 -0.5427673 2.583834 0.0008686907 -0.895372 2.403268 0.1761975 -0.8712084 2.631981 0.06875404 -0.9471 2.378571 0.2114002 -0.9206905 2.595688
0.105004 0.6158392 2.266145 0.09747271 0.4437818 2.290773 0.07056335 0.2942133 2.185514 0.1942576 0.3531704 2.43166 0.058973 0.03304526 2.102932 0.3756642 0.2853555 2.561446 0.1319412 -0.1731044 2.090397 0.4700815 0.3971548 2.415282 0.14647 -0.2503898 2.095893 0.4701489 0.4011237 2.412481 0.1657521 0.03578712 2.315922 0.1869951 -0.04332389 2.319677 0.1575465 -0.0715279 2.287723 0.2292748 -0.08513609 2.353548 0.09533057 -0.5258476 2.341443 0.2292562 -0.5437823 2.585268 0.0009608535 -0.8953089 2.4033 0.1756885 -0.8722227 2.632992 0.06908068 -0.9473273 2.379153 0.2431462 -0.9187273 2.644934
0.1052307 0.6154152 2.265253 0.09783559 0.4431632 2.290403 0.07061637 0.293895 2.185262 0.1946205 0.3525518 2.43129 0.05866119 0.03260115 2.103332 0.378585 0.2868771 2.562458 0.1314545 -0.1734006 2.090562 0.4909779 0.4001485 2.432507 0.1460916 -0.250511 2.096169 0.4906296 0.3983179 2.439979 0.165869 0.03652158 2.315432 0.187061 -0.04240485 2.319171 0.1576502 -0.07089399 2.286718 0.2293582 -0.08439954 2.353538 0.09533039 -0.5256718 2.341183 0.229055 -0.5460845 2.588464 0.0009848012 -0.895265 2.403308 0.1770356 -0.8720976 2.631824 0.0690797 -0.9473306 2.379151 0.2553747 -0.9154568 2.653717
0.1054566 0.6151518 2.264765 0.09845196 0.4426578 2.290235 0.0706512 0.2935784 2.184777 0.1952368 0.3520464 2.431122 0.05842979 0.03210801 2.103728 0.38056 0.2860897 2.563057 0.1299866 -0.1738123 2.090728 0.5072658 0.4048826 2.455373 0.1455331 -0.250943 2.096277 0.5197926 0.4186955 2.461453 0.1663852 0.03562195 2.315136 0.1876125 -0.0437242 2.318856 0.1577785 -0.07206628 2.28703 0.2301733 -0.0851746 2.352588 0.09527201 -0.5257154 2.341245 0.2295287 -0.5434705 2.58579 0.000787658 -0.8951614 2.403845 0.1776135 -0.872297 2.632401 0.06887104 -0.9471684 2.379106 0.2373254 -0.9058493 2.614688
0.105865 0.6149493 2.264235 0.09923212 0.4418721 2.289977 0.07073878 0.2929352 2.18414 0.196017 0.3512607 2.430864 0.05821007 0.03136224 2.10364 0.387471 0.2857496 2.564664 0.1284968 -0.1734188 2.09096 0.5330743 0.4092799 2.500156 0.1447648 -0.2511408 2.0966 0.5202959 0.417934 2.479562 0.1672861 0.03408313 2.314701 0.1885745 -0.04572352 2.318413 0.1580992 -0.07292153 2.287898 0.2318231 -0.0874365 2.349933 0.09518334 -0.5257038 2.341086 0.2303275 -0.5413429 2.587167 0.0009053838 -0.8950408 2.404335 0.177099 -0.8723582 2.632987 0.06892131 -0.9470729 2.379221 0.1945953 -0.9215934 2.575248
0.1067155 0.614727 2.262452 0.09950621 0.4412769 2.289574 0.0708527 0.2926186 2.183559 0.1962911 0.3506655 2.430462 0.05810791 0.03091016 2.103753 0.3885054 0.2851841 2.565271 0.1277784 -0.1732166 2.091076 0.533363 0.4133296 2.510988 0.1438694 -0.2511915 2.096901 0.5703304 0.468679 2.502668 0.1684663 0.02913107 2.314245 0.1900167 -0.05244252 2.318135 0.1587081 -0.07689866 2.290674 0.2334755 -0.09375879 2.346386 0.09519775 -0.525378 2.340768 0.2303413 -0.5406308 2.586701 0.001070455 -0.8948128 2.404244 0.1778013 -0.8728244 2.635676 0.06891488 -0.947041 2.379204 0.2621267 -0.9078509 2.664381
0.1065533 0.6145738 2.261386 0.09993462 0.4408141 2.289708 0.0708743 0.292257 2.183193 0.1967195 0.3502027 2.430596 0.05800678 0.0303911 2.104178 0.3897074 0.2850434 2.565559 0.1268017 -0.1730053 2.091258 0.53519 0.4163428 2.526125 0.1433956 -0.2512952 2.097051 0.5752544 0.4680923 2.511424 0.1685279 0.03001738 2.31409 0.1899431 -0.0507469 2.317855 0.1587729 -0.07595037 2.288551 0.2334637 -0.09248424 2.348003 0.09484944 -0.5246755 2.340346 0.23126 -0.5368671 2.586596 0.001067182 -0.8947221 2.404341 0.1775446 -0.8719613 2.636355 0.06876454 -0.9469709 2.379403 0.1933814 -0.9196705 2.586574
0.1064788 0.6144751 2.261189 0.0998324 0.440544 2.288812 0.07093418 0.2918586 2.182789 0.1966173 0.3499326 2.429699 0.05785923 0.02993935 2.104079 0.3907195 0.2847697 2.566069 0.1257555 -0.1725843 2.091189 0.5380529 0.4155005 2.535675 0.1428664 -0.2514318 2.09737 0.578037 0.4681672 2.524419 0.1685503 0.03001575 2.314028 0.1899573 -0.05074562 2.317844 0.1589183 -0.07599881 2.28836 0.2334487 -0.09251064 2.348264 0.09471391 -0.5247483 2.340159 0.2309831 -0.5356671 2.586423 0.001231981 -0.8950781 2.403454 0.1776772 -0.8720068 2.636332 0.06937988 -0.947251 2.379335 0.2537146 -0.9129959 2.665784
0.1068392 0.6143557 2.260809 0.09984452 0.4404054 2.288229 0.07097386 0.291667 2.182562 0.1966294 0.349794 2.429116 0.05758736 0.02974474 2.103935 0.3908403 0.2845193 2.566082 0.1249834 -0.1722379 2.091114 0.5381123 0.4158427 2.540278 0.1422499 -0.2515087 2.097339 0.5783292 0.468942 2.532391 0.1685648 0.03081408 2.313702 0.1899584 -0.04960819 2.317593 0.1592445 -0.07471403 2.287845 0.2332271 -0.09168577 2.348475 0.09435946 -0.5250918 2.339938 0.2308838 -0.5352247 2.585736 0.001310943 -0.8952271 2.403596 0.1788352 -0.8719431 2.63623 0.07029086 -0.9478902 2.379345 0.2420604 -0.9027073 2.644052
0.1069908 0.614169 2.260645 0.1006217 0.4400594 2.288314 0.07102014 0.2915025 2.182363 0.1974066 0.349448 2.429201 0.05735815 0.02957019 2.103847 0.3916147 0.2843733 2.566699 0.1239536 -0.1718135 2.091192 0.5264931 0.4285788 2.543162 0.1418913 -0.2515285 2.097408 0.5916024 0.4911204 2.533943 0.1689199 0.03073341 2.313705 0.1902388 -0.0496797 2.317597 0.1594217 -0.07483776 2.288203 0.2337565 -0.09160791 2.348157 0.09431472 -0.5249288 2.339704 0.2300386 -0.5423064 2.588975 0.001221792 -0.8945346 2.403061 0.1788532 -0.8719519 2.636229 0.06961816 -0.9474335 2.378939 0.2560063 -0.9135413 2.670687
0.1073409 0.6140288 2.26035 0.1008091 0.4399994 2.28855 0.07115002 0.2913655 2.182079 0.197594 0.349388 2.429437 0.05725312 0.0294008 2.103776 0.3919699 0.2842865 2.566762 0.1235425 -0.1722121 2.091231 0.5296057 0.4245878 2.53195 0.1423199 -0.2534389 2.098687 0.5763109 0.4726773 2.53422 0.1692289 0.03001356 2.313731 0.1905933 -0.05069776 2.317587 0.1595823 -0.07639931 2.289632 0.2341705 -0.09195688 2.347169 0.0947189 -0.5246441 2.340259 0.2284973 -0.5329052 2.579669 0.001193648 -0.8944584 2.403126 0.1789301 -0.8719264 2.63625 0.06953762 -0.947318 2.378851 0.2583883 -0.9130591 2.670253
0.1077896 0.6138998 2.260409 0.1013529 0.4398305 2.288985 0.07118142 0.2913288 2.18195 0.1981378 0.3492191 2.429873 0.05722436 0.02934191 2.103764 0.3925624 0.2840396 2.566535 0.1232287 -0.1727734 2.091237 0.5255095 0.4263857 2.519294 0.1420785 -0.2533702 2.098749 0.5897389 0.4903848 2.515516 0.1695197 0.02975947 2.313783 0.1908473 -0.05097898 2.317604 0.1597478 -0.07674567 2.290213 0.2345614 -0.09206846 2.346645 0.09469302 -0.5246632 2.340191 0.2298336 -0.5322893 2.582662 0.001265998 -0.8942755 2.403086 0.1787454 -0.8705312 2.637254 0.06904066 -0.9471127 2.378703 0.2056985 -0.922992 2.598181
0.1079847 0.61379 2.260372 0.101678 0.4398996 2.289279 0.07125048 0.2913058 2.181868 0.1984628 0.3492882 2.430166 0.05724192 0.02931243 2.103717 0.3930404 0.2837566 2.566068 0.123064 -0.173069 2.091183 0.5328506 0.4125269 2.498383 0.1416067 -0.2531733 2.098137 0.5671431 0.4693897 2.488909 0.1697336 0.02970749 2.313766 0.1910495 -0.05105254 2.317553 0.1600702 -0.07735956 2.28967 0.2348677 -0.09205084 2.346864 0.09473038 -0.524918 2.34037 0.230822 -0.5309846 2.582911 0.001161944 -0.894148 2.403449 0.1782868 -0.8714436 2.636567 0.06901525 -0.9470763 2.379206 0.2004036 -0.9200094 2.590119
0.1084081 0.6138783 2.26082 0.1017179 0.4399111 2.289351 0.07136749 0.2913074 2.181816 0.1985027 0.3492997 2.430238 0.05725598 0.02931395 2.103683 0.3940696 0.2830266 2.563906 0.122709 -0.1729309 2.090974 0.5288594 0.408245 2.478245 0.1412016 -0.252702 2.097597 0.5187257 0.4136995 2.475776 0.1700317 0.02955644 2.31382 0.1914243 -0.05126006 2.317612 0.1605386 -0.07730356 2.290166 0.2351163 -0.0921154 2.346652 0.09481865 -0.5245386 2.340292 0.2310331 -0.5323602 2.581827 0.001423925 -0.8939812 2.403255 0.1782617 -0.8717294 2.636994 0.06899174 -0.9470683 2.379192 0.262938 -0.9071043 2.664205
0.1084697 0.6137427 2.261045 0.1020388 0.4400751 2.289774 0.0715249 0.2912506 2.181764 0.1988236 0.3494637 2.430662 0.05735531 0.02925935 2.103625 0.3936135 0.2813493 2.558747 0.1221427 -0.1712354 2.090124 0.5037277 0.3957335 2.427685 0.1409065 -0.2520944 2.096927 0.5120077 0.4111312 2.443275 0.1702391 0.02925195 2.314057 0.1916222 -0.05170073 2.317864 0.1606524 -0.07779557 2.29061 0.2352251 -0.09228855 2.34673 0.09489821 -0.5250603 2.340412 0.2313425 -0.5305458 2.581455 0.001543287 -0.8946797 2.403261 0.1794973 -0.8705145 2.635172 0.06892987 -0.9472307 2.379013 0.2636344 -0.906677 2.663016
0.1084897 0.6137164 2.26105 0.1024006 0.4402785 2.290175 0.07168675 0.2913243 2.181748 0.1991854 0.3496671 2.431062 0.05763578 0.02932414 2.103614 0.3931665 0.2804992 2.549471 0.1227013 -0.1714739 2.089813 0.5022501 0.3867057 2.410089 0.1409677 -0.2518776 2.096104 0.502849 0.4077048 2.415462 0.1703553 0.02933229 2.314196 0.191697 -0.05163785 2.317974 0.1606863 -0.07783251 2.290585 0.235361 -0.09207337 2.347279 0.09496286 -0.5249563 2.340439 0.2303974 -0.5353727 2.580799 0.00148444 -0.8947299 2.403482 0.1795222 -0.8709932 2.634978 0.06892359 -0.9472151 2.378978 0.2275616 -0.9216456 2.623497
0.1085427 0.6136841 2.261128 0.1023943 0.440287 2.290185 0.07178403 0.2913403 2.181731 0.1991792 0.3496756 2.431073 0.05801402 0.02934527 2.103488 0.3895009 0.279754 2.544968 0.1235073 -0.1721145 2.089292 0.4725085 0.3765315 2.380619 0.1414743 -0.2519503 2.095512 0.4858479 0.3844422 2.38695 0.1704025 0.02997761 2.314358 0.1917509 -0.05072632 2.318203 0.1610716 -0.07778633 2.288711 0.2354441 -0.091123 2.351016 0.09492638 -0.5250808 2.340583 0.2302756 -0.5352975 2.580759 0.001525164 -0.8945184 2.403311 0.179095 -0.8705626 2.635035 0.06889392 -0.9472137 2.378939 0.2090688 -0.9273494 2.605337
0.1084317 0.6137387 2.261477 0.1023911 0.440388 2.290239 0.07183502 0.2913631 2.181743 0.199176 0.3497766 2.431127 0.05826079 0.02937511 2.103405 0.3859462 0.2808939 2.542002 0.1245538 -0.1724737 2.088729 0.4735863 0.3751763 2.378694 0.1420895 -0.2519583 2.095063 0.4803546 0.388109 2.363728 0.1705533 0.02975827 2.314515 0.1919637 -0.05110925 2.318427 0.1612887 -0.07808085 2.289274 0.2355419 -0.09131923 2.350905 0.09494139 -0.5261852 2.341632 0.2275347 -0.5418273 2.578353 0.001492952 -0.8949624 2.402962 0.179214 -0.8706889 2.634646 0.06877121 -0.9473594 2.378433 0.2012189 -0.9245378 2.594382
0.1083603 0.6139088 2.262259 0.1023299 0.4405279 2.29021 0.07204571 0.2914646 2.181858 0.1991148 0.3499166 2.431098 0.0586735 0.02948985 2.103395 0.3937172 0.2830556 2.524515 0.1256125 -0.1727024 2.088264 0.4666733 0.3879711 2.360407 0.1435532 -0.2515058 2.094157 0.4688489 0.3644283 2.363914 0.1706043 0.02973369 2.314611 0.1920475 -0.05117865 2.31859 0.1613726 -0.07813735 2.289309 0.2355774 -0.09140564 2.351178 0.09503724 -0.5262802 2.341696 0.2291538 -0.5394267 2.580623 0.001667771 -0.8952773 2.402639 0.1794745 -0.8716329 2.634198 0.06863595 -0.9472638 2.378093 0.2491539 -0.9025367 2.640057
0.1084259 0.6139147 2.262285 0.1026968 0.4406323 2.290534 0.07216424 0.2914977 2.181862 0.1994816 0.3500209 2.431421 0.05925148 0.02951673 2.10331 0.392631 0.2839354 2.521447 0.1271205 -0.1733693 2.087799 0.4619529 0.3708985 2.344737 0.1450614 -0.2516238 2.093877 0.465575 0.3638321 2.360313 0.1706533 0.03372299 2.315259 0.1917975 -0.04559408 2.319279 0.1613796 -0.07527904 2.288018 0.2352931 -0.08698538 2.353797 0.0950432 -0.5267804 2.34203 0.2292368 -0.5456722 2.586261 0.001756396 -0.8962831 2.403164 0.1793635 -0.8716204 2.633853 0.07225109 -0.9491928 2.380108 0.2322171 -0.9180692 2.626502
0.1089185 0.6143725 2.263019 0.1027583 0.4407046 2.290642 0.07238073 0.2915436 2.181908 0.1995432 0.3500932 2.43153 0.0601333 0.02956641 2.103172 0.3926225 0.2841417 2.520529 0.1290952 -0.1744667 2.087648 0.445506 0.3878599 2.347486 0.1474213 -0.2517653 2.094215 0.4654534 0.3637902 2.360041 0.1707145 0.0335915 2.315276 0.1918961 -0.04592395 2.319283 0.1614001 -0.0753753 2.288061 0.2353636 -0.08712745 2.353652 0.09537387 -0.5262442 2.342088 0.2293872 -0.5449809 2.586001 0.001741194 -0.8960335 2.402976 0.1797492 -0.8714342 2.634236 0.07198745 -0.9490361 2.380346 0.2396746 -0.9062098 2.64854
0.1091904 0.6145623 2.263495 0.1026111 0.4408615 2.290602 0.07244477 0.2915517 2.181903 0.199396 0.3502501 2.431489 0.06060317 0.02959004 2.102993 0.3567338 0.2853735 2.559133 0.1307555 -0.1749499 2.087893 0.4517242 0.3489356 2.38456 0.1490708 -0.2513662 2.093905 0.4652614 0.3615741 2.365885 0.1709849 0.03320993 2.315454 0.1924226 -0.04673131 2.31961 0.1618626 -0.07587898 2.288916 0.2357053 -0.08730423 2.353472 0.09533422 -0.5264283 2.342164 0.2264838 -0.5545939 2.586227 0.001294829 -0.8968869 2.403839 0.1798779 -0.8718383 2.63033 0.07111032 -0.9488907 2.379596 0.2402008 -0.9082944 2.624243
0.1091211 0.6144606 2.263619 0.1026181 0.4409124 2.290467 0.07248768 0.2915543 2.181891 0.1994029 0.3503011 2.431355 0.06113478 0.02954885 2.103085 0.3656945 0.2861798 2.554282 0.1324921 -0.1754143 2.088282 0.46139 0.3595756 2.384365 0.1504758 -0.2513951 2.093756 0.4734385 0.3773207 2.381478 0.1709366 0.03306734 2.315403 0.1923281 -0.04700739 2.319557 0.1617744 -0.07598531 2.2889 0.2356015 -0.0875532 2.353328 0.09722909 -0.5266809 2.345162 0.2292433 -0.5443889 2.587008 0.001331858 -0.8973008 2.403672 0.179943 -0.8720986 2.630985 0.07107795 -0.9489837 2.379617 0.1980164 -0.9236274 2.575969
0.1095334 0.614363 2.263864 0.1026932 0.4409744 2.290437 0.07246456 0.2915671 2.18186 0.199478 0.3503631 2.431325 0.06135012 0.02954799 2.103064 0.3727128 0.2864926 2.552516 0.1336347 -0.1752887 2.088842 0.4768347 0.3789681 2.398919 0.1511865 -0.2509958 2.093626 0.4869012 0.3917619 2.407229 0.1708794 0.03292244 2.315389 0.1921901 -0.04730396 2.319534 0.1612025 -0.07572074 2.290012 0.2353676 -0.08833165 2.351712 0.09722473 -0.5266412 2.34516 0.2296372 -0.5446665 2.586737 0.001405383 -0.8965003 2.403859 0.1800335 -0.8722574 2.631073 0.06976806 -0.9480574 2.378644 0.1999857 -0.921966 2.584857
0.1094732 0.6143498 2.263891 0.1025234 0.441043 2.290288 0.07249372 0.291596 2.181825 0.1993082 0.3504317 2.431176 0.06145297 0.02955374 2.103121 0.3857752 0.2837477 2.553832 0.1344375 -0.1751074 2.089423 0.4946953 0.4022712 2.425772 0.1516996 -0.2508434 2.093819 0.4998005 0.40515 2.435677 0.1705491 0.03263801 2.315308 0.191771 -0.04774842 2.319463 0.1609438 -0.07561187 2.290152 0.2346332 -0.08892921 2.351209 0.09714537 -0.5262129 2.344911 0.2294243 -0.5457972 2.587229 0.001345669 -0.895744 2.40392 0.1795104 -0.8722295 2.630664 0.06972339 -0.9479561 2.378662 0.1985988 -0.9221965 2.584363
0.1092938 0.6142941 2.263769 0.1025796 0.441072 2.290226 0.07257526 0.291578 2.181793 0.1993644 0.3504607 2.431113 0.06182797 0.02948239 2.103284 0.3893529 0.283628 2.556288 0.1348802 -0.1752187 2.089801 0.5275047 0.4081528 2.475924 0.151958 -0.2508791 2.094081 0.5215018 0.4195949 2.464405 0.1704237 0.03439447 2.315355 0.1915256 -0.04529328 2.31958 0.1609361 -0.07342239 2.289678 0.2342839 -0.08642947 2.352011 0.0971554 -0.5260594 2.344816 0.2314221 -0.540887 2.584008 0.001435451 -0.895507 2.403834 0.1793153 -0.8722007 2.631296 0.07237514 -0.9482031 2.379329 0.2009313 -0.9246285 2.589
0.1092784 0.6142361 2.263718 0.1024282 0.4410751 2.289965 0.07254281 0.2915264 2.181723 0.199213 0.3504637 2.430852 0.06232572 0.02924898 2.104011 0.3904162 0.2837183 2.557349 0.1354382 -0.176165 2.090119 0.531267 0.4116264 2.490259 0.1542291 -0.2521257 2.096987 0.5676419 0.4634911 2.468198 0.1703675 0.03405016 2.31537 0.1914865 -0.04587672 2.319665 0.1608911 -0.07397836 2.289572 0.2343099 -0.08703853 2.352348 0.09711453 -0.5257847 2.344472 0.2307131 -0.5459298 2.586415 0.001416163 -0.8954521 2.403803 0.1792544 -0.8725907 2.631623 0.07208137 -0.9481467 2.379237 0.2600966 -0.9075791 2.669062
0.1090762 0.6140717 2.263536 0.1026575 0.4409057 2.289695 0.07249837 0.2915229 2.181614 0.1994423 0.3502944 2.430583 0.06248221 0.02915534 2.104311 0.3916887 0.2839069 2.558817 0.1355258 -0.1762174 2.090312 0.5307988 0.4214761 2.51687 0.1542763 -0.2519996 2.097229 0.5691927 0.4748164 2.503439 0.1704057 0.03404064 2.315399 0.1915201 -0.04589195 2.319713 0.161009 -0.07523366 2.288076 0.2351045 -0.08797427 2.355062 0.09708673 -0.5256925 2.344383 0.2295057 -0.5446559 2.583448 0.001773005 -0.8952287 2.403754 0.1791649 -0.8731039 2.632767 0.0719352 -0.9483503 2.379715 0.1932363 -0.92726 2.583879
0.1086624 0.6139954 2.263321 0.1026473 0.4409244 2.289718 0.07250272 0.2914935 2.181529 0.1994321 0.350313 2.430606 0.06239427 0.02907276 2.104506 0.3923858 0.2839401 2.559898 0.1349709 -0.1760003 2.090375 0.5312729 0.4226268 2.522611 0.1531491 -0.2518423 2.097334 0.5684421 0.4767404 2.508839 0.1698745 0.03411824 2.315232 0.1907742 -0.04583464 2.319441 0.1597057 -0.07575081 2.286257 0.2343442 -0.0880976 2.3554 0.09695425 -0.5259244 2.344311 0.2278295 -0.5467336 2.58121 0.001643629 -0.895057 2.403751 0.1797186 -0.8715208 2.631997 0.07138284 -0.9481253 2.379783 0.2504938 -0.9031205 2.660797
0.1086223 0.6139593 2.263287 0.102669 0.4408777 2.289592 0.0725239 0.2914953 2.181513 0.1994538 0.3502664 2.430479 0.06231777 0.02904353 2.104659 0.3939659 0.2841294 2.560948 0.1346407 -0.1759018 2.090504 0.532645 0.4236612 2.527667 0.1527495 -0.2517886 2.097413 0.5702302 0.4775075 2.513979 0.1701657 0.03368697 2.315205 0.1911981 -0.04645298 2.319455 0.1600912 -0.07610416 2.286631 0.2347136 -0.08832102 2.355062 0.09679915 -0.5258982 2.344112 0.2293895 -0.5454913 2.583965 0.001668632 -0.8949712 2.403785 0.1790249 -0.8717012 2.631729 0.07095154 -0.9479361 2.379444 0.2588434 -0.9077485 2.666871
0.1085126 0.6138139 2.263122 0.1025949 0.4408596 2.289557 0.07253589 0.2914687 2.181483 0.1993798 0.3502482 2.430445 0.06223477 0.02899617 2.104745 0.3943543 0.2841618 2.561408 0.1342475 -0.176141 2.090724 0.5321023 0.424349 2.526346 0.1513929 -0.2517214 2.097103 0.5698637 0.4782765 2.513493 0.1699944 0.03369834 2.315194 0.191007 -0.04643871 2.319451 0.1598078 -0.07674569 2.285448 0.2342529 -0.0885942 2.356149 0.09665032 -0.525825 2.343798 0.2300441 -0.5416443 2.581601 0.001599688 -0.8948683 2.404043 0.1791248 -0.8706209 2.631606 0.07079538 -0.9478284 2.379489 0.2425925 -0.9134624 2.642651
0.1085614 0.6137453 2.263086 0.102666 0.440839 2.289475 0.0725461 0.2914191 2.18145 0.1994509 0.3502276 2.430363 0.06199819 0.02893859 2.104793 0.3950154 0.283698 2.561738 0.1326894 -0.175485 2.090864 0.5239592 0.4280967 2.508182 0.1492665 -0.2518823 2.096961 0.5840774 0.4951708 2.497101 0.1704441 0.03312462 2.315304 0.1916049 -0.04724323 2.319645 0.1604548 -0.07732748 2.286437 0.2348981 -0.08899055 2.355706 0.09668642 -0.5259442 2.343962 0.2301674 -0.5438184 2.582721 0.001883994 -0.8956515 2.403381 0.1799292 -0.8683749 2.630898 0.07019348 -0.9476634 2.377584 0.2399285 -0.9032161 2.617067
0.1084791 0.6138004 2.263239 0.1027156 0.440812 2.289526 0.07256865 0.2914149 2.181425 0.1995005 0.3502007 2.430414 0.06196431 0.02892685 2.104808 0.3954121 0.2833291 2.561509 0.1314605 -0.1758079 2.091072 0.5272453 0.409987 2.472908 0.1485394 -0.251987 2.097142 0.5201735 0.4170315 2.475431 0.1706696 0.03249777 2.315499 0.1918754 -0.04807235 2.319863 0.1607301 -0.07784432 2.287287 0.2351278 -0.08940212 2.355362 0.09671778 -0.5258942 2.343857 0.2310886 -0.5421167 2.582774 0.0018525 -0.8955851 2.40338 0.1789711 -0.8694849 2.632075 0.07013716 -0.9475062 2.377529 0.2101973 -0.9270726 2.605361
0.1088648 0.6140976 2.264261 0.103004 0.4408469 2.289745 0.07266383 0.2914659 2.181387 0.1997888 0.3502355 2.430633 0.0618687 0.02896446 2.104869 0.3954861 0.2825842 2.560193 0.1298236 -0.1752311 2.091249 0.5126553 0.400807 2.440204 0.1467981 -0.2517609 2.09703 0.5140882 0.4116935 2.464115 0.1709461 0.03242487 2.315715 0.1921413 -0.04815364 2.320067 0.1612507 -0.07741313 2.287993 0.2353316 -0.0895328 2.355313 0.09687209 -0.5256965 2.343939 0.2305426 -0.5428724 2.58254 0.001823467 -0.8952496 2.403301 0.17874 -0.8704495 2.63202 0.07055093 -0.9476793 2.378172 0.2060269 -0.9257153 2.597291
0.1086722 0.6140416 2.264392 0.1029619 0.4409097 2.289764 0.07288651 0.2914371 2.181319 0.1997468 0.3502983 2.430652 0.06180529 0.02894092 2.104826 0.3945229 0.2817482 2.555546 0.1286702 -0.1747449 2.091138 0.5097022 0.3982248 2.431545 0.1456923 -0.2516488 2.096659 0.5013753 0.4025003 2.429485 0.1711497 0.03211416 2.315963 0.1924662 -0.04862941 2.320418 0.1618234 -0.07741202 2.288587 0.2354541 -0.08990952 2.355393 0.09682589 -0.5257002 2.343646 0.2296967 -0.5442727 2.582022 0.001703871 -0.8950896 2.403324 0.1786723 -0.8702699 2.632714 0.0703014 -0.9475983 2.378274 0.233041 -0.9129117 2.617523
0.108642 0.6142358 2.264649 0.102732 0.4411416 2.289508 0.07297029 0.2914541 2.181288 0.1995168 0.3505302 2.430396 0.06183995 0.02896973 2.104736 0.3917128 0.2786736 2.548052 0.1280665 -0.1744454 2.09101 0.499724 0.386354 2.408958 0.1449652 -0.2517951 2.096381 0.4956332 0.3912044 2.413476 0.1712598 0.03125095 2.316203 0.1927062 -0.04999349 2.320861 0.1621774 -0.07826108 2.289667 0.2355128 -0.09060028 2.355226 0.0968598 -0.5256992 2.343639 0.2319066 -0.5382989 2.584025 0.001840386 -0.8951746 2.403754 0.1789734 -0.8700595 2.632692 0.07029609 -0.9475791 2.378292 0.2537583 -0.9090436 2.655118
0.1087361 0.6142392 2.264605 0.1028013 0.441197 2.28945 0.07305408 0.2915084 2.181209 0.1995862 0.3505857 2.430337 0.06177419 0.02903122 2.104644 0.4040068 0.2781416 2.524057 0.1280005 -0.1745215 2.090818 0.4872877 0.4073656 2.386452 0.1447463 -0.2523618 2.096438 0.4832374 0.3897547 2.368078 0.1715601 0.03087362 2.316569 0.1930581 -0.05047563 2.321362 0.162554 -0.07867061 2.290412 0.2358302 -0.09095744 2.355497 0.09691194 -0.5255997 2.343553 0.2316158 -0.5426477 2.58436 0.00193853 -0.8946623 2.403648 0.1786825 -0.8714267 2.633037 0.07016681 -0.947313 2.378103 0.261319 -0.9100637 2.659841
0.1086784 0.6142896 2.264758 0.1029424 0.4414362 2.290167 0.07312137 0.2915684 2.181191 0.1997272 0.3508248 2.431055 0.06180236 0.02911466 2.104506 0.3912179 0.2766261 2.528436 0.1281558 -0.1748642 2.090506 0.4872989 0.3831888 2.379131 0.1446772 -0.2524151 2.09629 0.4828478 0.3892007 2.366142 0.1717079 0.03081816 2.316849 0.1931836 -0.05051905 2.321552 0.1626773 -0.07869276 2.290635 0.2359443 -0.0909649 2.355572 0.09687162 -0.5256398 2.343547 0.2304662 -0.549099 2.590406 0.002133667 -0.8946195 2.403536 0.1787407 -0.8720159 2.6336 0.07008876 -0.9475489 2.378541 0.2609119 -0.9076716 2.66734
0.1087839 0.614289 2.264805 0.1032479 0.4415386 2.290603 0.07320476 0.2916642 2.181145 0.2000327 0.3509273 2.43149 0.06183166 0.02920607 2.104488 0.392862 0.276201 2.523921 0.1282506 -0.1747456 2.090179 0.4832545 0.3832517 2.371144 0.1447292 -0.2523423 2.096051 0.4722494 0.3686419 2.365741 0.1718905 0.03052281 2.317069 0.1933337 -0.05084223 2.321713 0.1627714 -0.07883635 2.291487 0.2361651 -0.09125781 2.355168 0.09709424 -0.525897 2.343736 0.2310102 -0.5510722 2.593121 0.0021326 -0.894618 2.403534 0.1786037 -0.8727493 2.634054 0.07310531 -0.9485306 2.379226 0.224887 -0.9258718 2.627639
0.108898 0.6145368 2.264961 0.1033457 0.4416305 2.290763 0.07323953 0.2917058 2.181066 0.2001305 0.3510192 2.43165 0.06186394 0.02925223 2.104378 0.3934061 0.2760855 2.522586 0.1286727 -0.1747906 2.089736 0.4804043 0.3830971 2.367638 0.145167 -0.2522064 2.095474 0.4695788 0.364926 2.366275 0.1719428 0.03056183 2.317156 0.1933724 -0.05079578 2.321775 0.1628447 -0.07845382 2.291804 0.2361942 -0.09125621 2.355136 0.09701939 -0.5260769 2.343498 0.2327855 -0.5439638 2.589215 0.002253704 -0.8945744 2.403634 0.1785785 -0.8729905 2.633478 0.07261825 -0.9483699 2.379149 0.2331503 -0.917191 2.624899
0.1089838 0.6145354 2.264912 0.1034683 0.4416563 2.290861 0.07325839 0.2917065 2.181056 0.2002531 0.351045 2.431748 0.06200187 0.0292823 2.104183 0.3815516 0.2755444 2.534219 0.129605 -0.1754194 2.089279 0.4799626 0.3671982 2.376009 0.146159 -0.2524029 2.095357 0.4687928 0.3622055 2.369923 0.1714529 0.03283301 2.317332 0.1924996 -0.0473606 2.321877 0.1622593 -0.07592481 2.291074 0.2353402 -0.08868886 2.355843 0.09704834 -0.5264865 2.343643 0.232478 -0.5468702 2.589643 0.002219459 -0.8945632 2.403599 0.1773265 -0.8715141 2.631544 0.07479979 -0.9492012 2.38058 0.2251224 -0.9214128 2.616347
0.1089987 0.6145157 2.264897 0.1037412 0.4415401 2.291377 0.073267 0.2917533 2.181037 0.200526 0.3509288 2.432265 0.06209389 0.0293532 2.104016 0.3910886 0.2798077 2.527542 0.1307302 -0.1759593 2.089267 0.4790118 0.3766734 2.366017 0.147981 -0.2520635 2.094789 0.4690981 0.3603776 2.374109 0.1715019 0.03256507 2.317395 0.1925382 -0.04775345 2.321871 0.1621667 -0.07616529 2.291258 0.2354639 -0.08897005 2.355464 0.0968883 -0.5265442 2.343382 0.23129 -0.5491184 2.589309 0.002047082 -0.8957429 2.403657 0.1779579 -0.8725756 2.632201 0.07364734 -0.9494504 2.380445 0.2584904 -0.9101878 2.667726
0.108993 0.6145343 2.264868 0.103694 0.4415723 2.291412 0.0733285 0.2917982 2.181002 0.2004788 0.350961 2.432299 0.06227645 0.02943903 2.103737 0.3819727 0.2762595 2.544178 0.1317711 -0.1762821 2.089368 0.4929003 0.3747029 2.400143 0.1497639 -0.2520437 2.095214 0.4727573 0.3623751 2.392712 0.1716559 0.03220091 2.317545 0.1928203 -0.04836136 2.322062 0.1623462 -0.07658847 2.291558 0.2356837 -0.08917447 2.355447 0.09679125 -0.5264308 2.343123 0.2275637 -0.5578914 2.587718 0.002035218 -0.8957211 2.40368 0.1771104 -0.873481 2.633762 0.07323813 -0.9493443 2.380288 0.2525376 -0.9105606 2.659559
0.109159 0.6145281 2.264747 0.1035507 0.4416403 2.291388 0.07333142 0.2918135 2.18097 0.2003355 0.351029 2.432275 0.06253446 0.02948508 2.103487 0.3811399 0.2767056 2.546983 0.132515 -0.1766784 2.089464 0.4981796 0.3755595 2.408708 0.1504892 -0.2515138 2.094965 0.4873706 0.3711547 2.425508 0.1714006 0.03204795 2.317513 0.1925204 -0.04860123 2.322013 0.1619812 -0.07676985 2.291588 0.2354245 -0.08925156 2.355289 0.09672248 -0.5263176 2.343198 0.2284618 -0.5633203 2.594496 0.001974683 -0.8963591 2.403254 0.178425 -0.8745327 2.634075 0.07243873 -0.9492843 2.379949 0.2612265 -0.9100038 2.66645
0.109234 0.6146228 2.26478 0.103553 0.4416302 2.291429 0.0733116 0.2915291 2.180845 0.2003378 0.3510189 2.432316 0.06260038 0.02919468 2.103366 0.3803801 0.2741891 2.555061 0.1330379 -0.1768166 2.089596 0.5109279 0.3783344 2.435913 0.1506847 -0.2514603 2.094966 0.5051463 0.3764983 2.44943 0.1715051 0.031858 2.317589 0.1926679 -0.04886119 2.322083 0.1620655 -0.07698502 2.291924 0.2356487 -0.08940935 2.355081 0.09683597 -0.5262007 2.343024 0.2275162 -0.5551416 2.588922 0.001853596 -0.8960645 2.403157 0.1783565 -0.8739088 2.633874 0.07185839 -0.9487285 2.379589 0.2541065 -0.9065113 2.662117
