0.08045256 0.6285265 2.328657 0.06177046 0.467241 2.351537 0.04391852 0.3114558 2.257215 0.1807449 0.4094377 2.615949 0.2071088 0.1616058 2.179234 0.2786576 0.1693576 2.528938 0.3919481 0.1299331 2.225836 0.2876205 -0.08322512 2.431628 0.4616584 0.1158014 2.282417 0.3056687 -0.1219799 2.379808 0.1008304 0.05790365 2.402718 0.1102682 -0.02358064 2.416715 0.07424933 -0.06167722 2.404266 0.1563883 -0.05850988 2.437668 0.03663829 -0.4983405 2.421262 0.1186845 -0.5815139 2.651299 -0.04328893 -0.8819954 2.463167 0.1496946 -0.8500263 2.776541 0.02683332 -0.9407715 2.442725 0.2081916 -0.8825688 2.80514
0.08071677 0.6281173 2.327374 0.06187502 0.4669013 2.350387 0.04402937 0.3113081 2.256974 0.1808578 0.409099 2.614805 0.2074005 0.1604691 2.179553 0.2785259 0.1690075 2.527444 0.3924044 0.1289908 2.225749 0.2872861 -0.08354017 2.430006 0.4614453 0.1143701 2.283023 0.3053342 -0.1222948 2.378186 0.101114 0.05773488 2.402634 0.1104279 -0.0237427 2.416698 0.07430106 -0.06169102 2.40426 0.1564696 -0.05922908 2.437683 0.03610538 -0.4988612 2.421429 0.113159 -0.5827212 2.64918 -0.04318566 -0.8818428 2.463148 0.1561519 -0.8472403 2.778469 0.02816423 -0.9409588 2.444989 0.2089002 -0.8879325 2.807805
0.08112384 0.6279377 2.326695 0.06193961 0.4666005 2.34929 0.04437199 0.3111697 2.256507 0.1809294 0.4087988 2.613713 0.208189 0.1591666 2.179833 0.2784106 0.1686922 2.526111 0.3959705 0.1219993 2.212507 0.2870085 -0.08383147 2.428582 0.4628378 0.1067292 2.272142 0.3050566 -0.1225861 2.376763 0.09787728 0.05606873 2.403539 0.1047503 -0.02636173 2.41852 0.06705311 -0.06341172 2.405412 0.1484407 -0.06405946 2.441435 0.0360339 -0.4984938 2.421171 0.08254795 -0.5860336 2.650969 -0.04324611 -0.881233 2.462803 0.1809008 -0.8397803 2.772866 0.02808376 -0.9410974 2.445276 0.1573636 -0.8967046 2.734078
0.0815354 0.6275608 2.325737 0.06226937 0.4661713 2.348171 0.0446503 0.3110726 2.256033 0.1812655 0.4083697 2.612597 0.2081674 0.1586265 2.179994 0.2786105 0.168234 2.52489 0.3961121 0.115648 2.206525 0.2870679 -0.08427912 2.427313 0.4632374 0.1015818 2.266166 0.3051161 -0.1230337 2.375493 0.09816916 0.05588071 2.403256 0.1051069 -0.02651191 2.418217 0.06747352 -0.06339719 2.405089 0.1488974 -0.06438616 2.440989 0.03597367 -0.4985944 2.421204 0.08954296 -0.5878972 2.648751 -0.04327066 -0.8805269 2.462598 0.1782972 -0.8409393 2.777751 0.02986255 -0.9411784 2.442902 0.2510158 -0.8807147 2.75621
0.08112606 0.6269801 2.324597 0.06264152 0.4654865 2.346998 0.04467609 0.311065 2.256025 0.1816433 0.4076849 2.611426 0.2043612 0.1586699 2.180085 0.3012125 0.2737603 2.666116 0.3932923 0.1173987 2.20364 0.2281156 0.09428011 2.540814 0.4601836 0.1034067 2.263561 0.2461637 0.05552549 2.488994 0.1012905 0.05592646 2.404225 0.1095667 -0.02609047 2.419837 0.07317562 -0.06239796 2.407506 0.1535972 -0.06414259 2.442397 0.03577065 -0.4986186 2.421166 0.1139996 -0.5872456 2.655483 -0.04286477 -0.8821443 2.46341 0.1580501 -0.8545616 2.779599 0.02755959 -0.9409572 2.44378 0.2169929 -0.8758404 2.816637
0.08114999 0.6263033 2.324174 0.06279119 0.4652029 2.347631 0.041864 0.3110512 2.25762 0.1817967 0.4074008 2.612061 0.2048801 0.1562175 2.1821 0.3006771 0.2766178 2.672698 0.3939674 0.1213654 2.211085 0.228914 0.09483279 2.546103 0.461579 0.1071849 2.270147 0.2049929 0.03423777 2.508332 0.1040202 0.05692034 2.406739 0.1128692 -0.02462697 2.422504 0.07580435 -0.06129198 2.411135 0.1584174 -0.06342807 2.444282 0.03570553 -0.4982991 2.421274 0.1174234 -0.5865129 2.657164 -0.04294909 -0.8820475 2.463409 0.1557627 -0.8561482 2.778675 0.02741869 -0.940919 2.443911 0.2158016 -0.8757456 2.814872
0.08112092 0.6251972 2.324224 0.0629379 0.4648452 2.349618 0.04156448 0.3107443 2.25784 0.1819485 0.4070429 2.614051 0.2002714 0.1573453 2.182592 0.3002594 0.2785553 2.6788 0.3892998 0.1189243 2.208643 0.3639544 0.359801 2.497895 0.4448326 0.1153048 2.280503 0.3593109 0.350199 2.461101 0.1069069 0.05792276 2.410967 0.1162385 -0.02328591 2.426907 0.07938744 -0.06003789 2.415853 0.1619307 -0.06249649 2.448392 0.03516134 -0.4991502 2.421951 0.1224601 -0.5850218 2.662834 -0.04258726 -0.8830313 2.464213 0.1516435 -0.8606134 2.77515 0.02795356 -0.9414903 2.443311 0.2132207 -0.8700548 2.812807
0.08106308 0.6237048 2.324746 0.06320611 0.464222 2.35234 0.04050917 0.3101903 2.258424 0.1822214 0.4064197 2.616775 0.1963153 0.158452 2.183465 0.3003658 0.2791695 2.683461 0.3858214 0.1188461 2.205872 0.3734819 0.3692614 2.511142 0.4369429 0.07850847 2.222378 0.4046722 0.3681335 2.465652 0.1073775 0.05870179 2.411148 0.1167827 -0.02212531 2.426726 0.0792926 -0.06006514 2.415838 0.1648406 -0.05859883 2.447157 0.03488991 -0.499168 2.422115 0.1092495 -0.5788972 2.663325 -0.04267327 -0.8830597 2.463893 0.1514328 -0.8569863 2.767023 0.02711967 -0.9412948 2.441662 0.161521 -0.9164768 2.726304
0.08105505 0.6234776 2.324915 0.06311178 0.4640359 2.352585 0.04035551 0.3100704 2.258343 0.1821283 0.4062338 2.617019 0.1905502 0.1602056 2.184578 0.3002735 0.2791875 2.683982 0.3506067 0.1171843 2.27753 0.3987632 0.370323 2.526655 0.3561239 0.140516 2.305667 0.4484099 0.3663082 2.427917 0.1079677 0.05923562 2.411495 0.1175291 -0.02137768 2.427018 0.07997859 -0.05956631 2.415715 0.165414 -0.0579936 2.447895 0.03501317 -0.4972405 2.422989 0.1173707 -0.5787712 2.664682 -0.04241015 -0.8834113 2.463691 0.1516072 -0.8576739 2.76897 0.02843664 -0.9422311 2.441424 0.1615405 -0.9157059 2.726161
0.08074322 0.6228145 2.324937 0.06287295 0.4640648 2.354249 0.04000488 0.3099181 2.25847 0.181892 0.4062629 2.618683 0.1855581 0.1629108 2.185313 0.3545159 0.3363612 2.656402 0.3412521 0.1434382 2.297292 0.4329662 0.376109 2.466994 0.3933475 0.1369227 2.339205 0.4650849 0.3574163 2.45317 0.1084354 0.06001943 2.412014 0.1180492 -0.02048048 2.427311 0.08041929 -0.05899123 2.415934 0.1657298 -0.05743649 2.448052 0.03529921 -0.4953887 2.42331 0.1184684 -0.5782611 2.664896 -0.04207128 -0.884705 2.464709 0.1515384 -0.8578302 2.768052 0.03125472 -0.9440166 2.440543 0.2056131 -0.8768581 2.812917
0.08002128 0.6220831 2.324808 0.06216775 0.4637455 2.35507 0.03959008 0.3096879 2.258524 0.208461 0.3940103 2.633334 0.1819856 0.1658549 2.185645 0.3889373 0.3295139 2.65224 0.361312 0.1236455 2.241752 0.439703 0.3811409 2.455894 0.4218124 0.1205621 2.30951 0.4869961 0.3463812 2.461718 0.1093034 0.05960594 2.412923 0.119285 -0.02101053 2.428235 0.07835162 -0.06285513 2.419673 0.1756118 -0.06040122 2.448308 0.03540534 -0.494743 2.423684 0.1195499 -0.5801498 2.66561 -0.04249577 -0.883609 2.464885 0.1530781 -0.8594974 2.769125 0.03017983 -0.943078 2.440615 0.171122 -0.9140265 2.724404
0.07996354 0.6217357 2.324929 0.0615857 0.4636607 2.355651 0.03908843 0.3095042 2.258715 0.2107766 0.393555 2.63449 0.1793204 0.1678114 2.186412 0.3918031 0.328197 2.649795 0.3593561 0.1226588 2.238725 0.4818021 0.345701 2.462305 0.4200242 0.1212316 2.306388 0.5083094 0.3316112 2.476802 0.1103751 0.06004277 2.413902 0.1208097 -0.02043294 2.429289 0.07814172 -0.06357322 2.421942 0.1795119 -0.06016386 2.448338 0.03516875 -0.4948001 2.423811 0.1207036 -0.5794722 2.665951 -0.04268789 -0.882781 2.464567 0.1533362 -0.8593886 2.768461 0.03124155 -0.9435055 2.442569 0.2032215 -0.8807303 2.81699
0.079616 0.621528 2.325316 0.06109525 0.4636421 2.356426 0.0387967 0.309319 2.258788 0.2115877 0.39364 2.634319 0.1784117 0.1684318 2.187035 0.3911353 0.3233888 2.648016 0.3596798 0.1233386 2.235903 0.5029616 0.3289623 2.472814 0.420333 0.1215644 2.303571 0.521724 0.310361 2.489384 0.1113964 0.05961376 2.415202 0.1221453 -0.021034 2.43065 0.07780583 -0.06546941 2.424546 0.1824024 -0.06139731 2.449082 0.03538415 -0.4937273 2.424242 0.1218738 -0.5803439 2.667065 -0.04268395 -0.8828421 2.464585 0.15355 -0.8604504 2.769399 0.03166729 -0.943137 2.441432 0.2041557 -0.8806869 2.817655
0.06809637 0.6218801 2.326273 0.06102073 0.4634985 2.358343 0.03808064 0.3091237 2.259122 0.2125212 0.3924149 2.632032 0.1768484 0.1698054 2.187911 0.3877184 0.3114326 2.644713 0.3586322 0.1224357 2.233492 0.5221003 0.2959666 2.488405 0.4192268 0.1066458 2.253113 0.5303953 0.2855537 2.490598 0.1115409 0.06042549 2.415359 0.1222556 -0.01989283 2.430506 0.07761449 -0.06466951 2.423517 0.1821798 -0.06059963 2.449275 0.03548777 -0.4932835 2.424384 0.1218999 -0.5797439 2.666881 -0.0431482 -0.8819325 2.464299 0.1532482 -0.8599249 2.769131 0.02536901 -0.9400251 2.446665 0.2037908 -0.8805817 2.817275
0.0665504 0.6214088 2.325924 0.06065857 0.4633398 2.359078 0.03714746 0.3088473 2.259543 0.2125509 0.3930165 2.630696 0.1763844 0.1700245 2.188237 0.3775042 0.2920854 2.641464 0.3584161 0.1224863 2.232908 0.5329707 0.2911777 2.50742 0.418107 0.1261499 2.301352 0.5403281 0.2471015 2.493406 0.1117351 0.0610786 2.415488 0.1225214 -0.01898309 2.430462 0.07772569 -0.06439395 2.423072 0.1821688 -0.05971766 2.449523 0.03550841 -0.4931999 2.424417 0.1221131 -0.5790546 2.666756 -0.04314276 -0.8819658 2.464371 0.1535526 -0.8592977 2.768846 0.02555313 -0.9408944 2.445312 0.205492 -0.876638 2.816812
0.0651856 0.6209655 2.325732 0.06089359 0.4631011 2.36033 0.03611444 0.3085179 2.260181 0.2091962 0.3895268 2.62698 0.175535 0.1705319 2.188622 0.3728025 0.2883975 2.642856 0.3577665 0.1223134 2.23209 0.5282782 0.2497832 2.515162 0.4174486 0.1258178 2.30055 0.5352001 0.2340885 2.500933 0.111758 0.06094762 2.415483 0.1224963 -0.01922217 2.4303 0.07772695 -0.06462057 2.422358 0.1815741 -0.05997178 2.449321 0.03431837 -0.4970968 2.426017 0.1220363 -0.5793224 2.66666 -0.04285559 -0.8823324 2.464248 0.1534523 -0.8594081 2.769099 0.02890551 -0.9439779 2.436863 0.2048477 -0.8766861 2.817669
0.06451695 0.6208523 2.325666 0.06085853 0.4629967 2.361415 0.03560654 0.3084248 2.2605 0.2074233 0.3881555 2.625578 0.1780228 0.1679023 2.189235 0.3690488 0.284605 2.643188 0.361074 0.124082 2.233623 0.5132442 0.1973867 2.528149 0.4207036 0.1272545 2.302144 0.536087 0.1920449 2.493804 0.1117321 0.06077689 2.415543 0.1224191 -0.01948475 2.43024 0.07771463 -0.06465834 2.422171 0.1807989 -0.06037684 2.449134 0.0343005 -0.4970578 2.426044 0.121946 -0.5796891 2.666737 -0.04264819 -0.8826979 2.46434 0.1533608 -0.8594452 2.76989 0.02934693 -0.9440683 2.43695 0.2052511 -0.8773622 2.817697
0.06345358 0.6208175 2.325781 0.06079847 0.4628638 2.361447 0.0351034 0.308431 2.260661 0.2055118 0.3863592 2.622675 0.1767885 0.1687874 2.18915 0.3628575 0.2786307 2.645496 0.359662 0.1241328 2.23346 0.5086359 0.1866562 2.537119 0.4194364 0.1265423 2.301887 0.5339913 0.1800503 2.493823 0.1116483 0.06063567 2.415415 0.1222596 -0.01968478 2.42997 0.07768457 -0.06464212 2.421473 0.1798265 -0.06052338 2.448797 0.03379083 -0.4973249 2.426305 0.1217252 -0.5798208 2.666625 -0.04261563 -0.8827412 2.464253 0.153051 -0.8597211 2.769485 0.02678186 -0.9456738 2.435701 0.1555767 -0.9169925 2.724621
0.06544145 0.6207646 2.327113 0.06081203 0.4628795 2.361679 0.03471015 0.3084116 2.260869 0.2050496 0.3860964 2.622096 0.1789523 0.1662352 2.188176 0.350568 0.2651591 2.650356 0.3617105 0.1266101 2.236398 0.4921894 0.1620525 2.547263 0.422044 0.1293605 2.30432 0.5267805 0.1695708 2.499033 0.1114872 0.06043296 2.415434 0.1219539 -0.02002767 2.429884 0.07742702 -0.06473831 2.421359 0.1789683 -0.06097732 2.448527 0.03340268 -0.4977663 2.426733 0.1215313 -0.5802638 2.666548 -0.04291146 -0.8820442 2.464016 0.1526889 -0.8595911 2.770684 0.02535169 -0.9421964 2.440403 0.1581434 -0.9147546 2.723499
0.06634831 0.6209084 2.32794 0.06074842 0.4629633 2.361884 0.03453832 0.3085205 2.260973 0.2045203 0.3859973 2.621585 0.1775812 0.1676848 2.1875 0.3481973 0.263419 2.651055 0.3600402 0.126056 2.235284 0.4848211 0.1578021 2.543261 0.4271594 0.1309686 2.296374 0.5181154 0.1633659 2.503914 0.1112879 0.060074 2.415455 0.1216315 -0.0206103 2.429794 0.07726368 -0.06492714 2.421216 0.178106 -0.06155034 2.448351 0.03295948 -0.4984671 2.42674 0.1212532 -0.5808415 2.666508 -0.04281785 -0.8812855 2.463784 0.1528068 -0.8599207 2.771078 0.02864147 -0.9439923 2.438067 0.1558619 -0.9126658 2.721
0.0650228 0.6209684 2.328382 0.06071865 0.4629848 2.362049 0.03454655 0.308667 2.260901 0.2041576 0.3858404 2.621201 0.1776959 0.1680853 2.187215 0.3467798 0.2623751 2.651418 0.3601565 0.1272163 2.235505 0.4815893 0.1558399 2.542063 0.4267333 0.1322779 2.297173 0.5085629 0.1530551 2.505434 0.1112745 0.05973562 2.415598 0.1216005 -0.02106473 2.429896 0.07728807 -0.06505962 2.421165 0.1778334 -0.06177336 2.448512 0.03270983 -0.4987907 2.426852 0.1211788 -0.5810874 2.666669 -0.04244141 -0.8815972 2.463386 0.1528976 -0.8602065 2.771111 0.02891861 -0.9443454 2.437494 0.2049747 -0.8846204 2.815734
0.06227269 0.621612 2.32934 0.06029362 0.463161 2.361582 0.03454788 0.3086846 2.260955 0.2026592 0.3858054 2.618824 0.1766812 0.1695506 2.186729 0.3444054 0.2618504 2.650165 0.3589777 0.1268622 2.234266 0.4700509 0.1444119 2.541099 0.425461 0.1281578 2.296228 0.5031701 0.1461457 2.502863 0.1110514 0.05975405 2.415278 0.12137 -0.02105615 2.429539 0.07749764 -0.06462611 2.419581 0.176593 -0.06147019 2.448539 0.03256264 -0.4984755 2.42664 0.1208327 -0.5809417 2.666562 -0.04252003 -0.8813583 2.463289 0.1585207 -0.8586293 2.772461 0.0290063 -0.9440384 2.437692 0.1585991 -0.9091077 2.720009
0.06113509 0.6221175 2.330249 0.06016477 0.4632729 2.361639 0.03455419 0.3087658 2.260983 0.2023042 0.3858429 2.618526 0.1761186 0.1704332 2.185964 0.3436232 0.2615763 2.650245 0.3575811 0.1268819 2.235354 0.4692577 0.1448384 2.540312 0.422982 0.1272869 2.29847 0.4990162 0.1455937 2.503558 0.1109838 0.0597363 2.415297 0.1212936 -0.02108893 2.429544 0.07749169 -0.06451748 2.419635 0.1761108 -0.06147867 2.448439 0.03249682 -0.4984584 2.426555 0.1207362 -0.5809498 2.666557 -0.0425666 -0.8802446 2.462852 0.1567975 -0.8596679 2.770725 0.02702091 -0.9415102 2.440851 0.1605109 -0.9139544 2.722368
0.06674753 0.6233943 2.332965 0.06005022 0.4638507 2.36244 0.03428201 0.3090622 2.261283 0.2021357 0.3860571 2.618685 0.1756193 0.1719804 2.185028 0.3430912 0.2616418 2.650968 0.356008 0.1258671 2.235672 0.4703414 0.145277 2.542714 0.4168971 0.1415381 2.212006 0.497643 0.1482044 2.502286 0.1109339 0.05980049 2.415324 0.1212386 -0.02104427 2.429521 0.07747505 -0.06438196 2.419608 0.1758519 -0.06137779 2.448322 0.03240687 -0.4986833 2.426471 0.1205576 -0.5809026 2.666337 -0.04223946 -0.8802173 2.46301 0.1485995 -0.8596305 2.772442 0.02948293 -0.942034 2.435905 0.1964476 -0.890848 2.817557
0.06899553 0.6249239 2.333536 0.05967624 0.465003 2.361818 0.03434868 0.3092961 2.261327 0.2014525 0.3872107 2.617365 0.1752334 0.1727155 2.184852 0.3419571 0.2625481 2.650204 0.356757 0.1264343 2.232069 0.4715877 0.1491506 2.541581 0.3960899 0.1272621 2.177614 0.4954863 0.1528633 2.501767 0.1108923 0.05969983 2.41524 0.1211882 -0.02133919 2.429396 0.07747407 -0.06450898 2.419702 0.1756543 -0.06159905 2.447838 0.03233001 -0.4988992 2.426371 0.1202702 -0.580996 2.666117 -0.04233724 -0.8799055 2.463103 0.1495061 -0.8596551 2.772107 0.03004766 -0.9413037 2.436819 0.1981934 -0.8892983 2.817386
0.07031057 0.6265613 2.334088 0.05930014 0.4661376 2.360909 0.03429143 0.3100237 2.261743 0.2008366 0.3882992 2.615865 0.1757631 0.1725292 2.184767 0.3409553 0.2634301 2.649183 0.3653098 0.120414 2.181919 0.4736373 0.1551643 2.538809 0.429783 0.1043552 2.191839 0.4952298 0.1556945 2.499928 0.1106772 0.05937981 2.414894 0.1209114 -0.02199498 2.428978 0.07710446 -0.06485192 2.419778 0.175423 -0.06229113 2.446712 0.03236145 -0.4989333 2.426261 0.119561 -0.5814998 2.665298 -0.04229094 -0.8797492 2.463051 0.1511331 -0.8596809 2.771755 0.03026668 -0.941264 2.437526 0.2009325 -0.8873836 2.817053
0.07045298 0.627144 2.334473 0.05906814 0.4665274 2.36076 0.03431893 0.3103689 2.261854 0.2005036 0.3886231 2.615511 0.1792176 0.1719319 2.185105 0.3404682 0.2636564 2.648986 0.3676332 0.1255986 2.205072 0.4799165 0.1682593 2.534678 0.4287926 0.1034351 2.188298 0.4984228 0.1646634 2.506216 0.1104689 0.05920795 2.414459 0.1206781 -0.02233095 2.428393 0.07705524 -0.06485641 2.41965 0.1747892 -0.06275175 2.44539 0.03243309 -0.4991675 2.426057 0.1192839 -0.58179 2.66444 -0.04238842 -0.8797239 2.463073 0.1516268 -0.8593475 2.772012 0.02899692 -0.9403049 2.441032 0.2025814 -0.8864688 2.816368
0.07136026 0.6283473 2.335304 0.05815692 0.4673966 2.36042 0.03446937 0.3109291 2.262115 0.1994419 0.3893803 2.61489 0.18025 0.1713365 2.185231 0.3391808 0.2642661 2.648585 0.368135 0.128429 2.212083 0.4804035 0.1727542 2.533154 0.4254435 0.1039629 2.18698 0.498322 0.1683035 2.507853 0.1101746 0.05905173 2.413763 0.1204503 -0.02267904 2.427526 0.07712334 -0.06481864 2.419157 0.1740572 -0.06291205 2.443979 0.03255833 -0.4994492 2.425579 0.1189536 -0.5820757 2.662843 -0.04194558 -0.8802746 2.462962 0.1523165 -0.8586737 2.772141 0.02963626 -0.9415914 2.44107 0.2050418 -0.8840734 2.815434
0.07218146 0.6293104 2.336495 0.05765641 0.4679194 2.36021 0.03446748 0.3112259 2.26217 0.1988598 0.3898228 2.614508 0.1794733 0.1720664 2.185337 0.3384596 0.2646194 2.64834 0.3677875 0.1219213 2.199907 0.4810993 0.171868 2.536044 0.4312516 0.1008325 2.193534 0.4986378 0.1682747 2.508455 0.11004 0.05882215 2.413058 0.1203975 -0.02310921 2.42662 0.07728155 -0.06489698 2.418698 0.1736825 -0.06331038 2.442474 0.0326393 -0.4997264 2.425423 0.118907 -0.5827492 2.660798 -0.04194362 -0.8803717 2.462922 0.1505086 -0.8576151 2.773989 0.02862991 -0.9416478 2.440483 0.1568665 -0.903686 2.717985
0.07209295 0.6299275 2.336957 0.0572605 0.4683143 2.360028 0.03447432 0.3112578 2.262168 0.1984022 0.3901534 2.614193 0.1804693 0.1727073 2.185646 0.3378951 0.2648818 2.64813 0.3681381 0.1215122 2.202562 0.4832511 0.1579416 2.556185 0.4299254 0.09733019 2.192046 0.4995919 0.1649652 2.51353 0.1101011 0.05883105 2.41265 0.1205666 -0.0231601 2.42613 0.07794556 -0.06470732 2.41806 0.1736061 -0.06329612 2.441997 0.03324987 -0.5003296 2.424884 0.1197278 -0.5829785 2.659983 -0.04196246 -0.880358 2.462947 0.1506155 -0.8581528 2.772723 0.02874715 -0.9415596 2.440888 0.2120725 -0.8861262 2.817315
0.07224593 0.6301399 2.338056 0.05651983 0.4681627 2.359952 0.03446243 0.3113047 2.262129 0.1975446 0.3898956 2.613979 0.1805008 0.1727665 2.185649 0.3368562 0.264479 2.648034 0.3675825 0.1242686 2.209793 0.4742625 0.1389182 2.548838 0.4318981 0.1104841 2.196136 0.4949403 0.1431674 2.528459 0.1099518 0.05861947 2.412084 0.1205306 -0.02339238 2.425448 0.07840115 -0.06460371 2.417236 0.1731514 -0.06338009 2.441252 0.03328163 -0.5015298 2.424344 0.1200206 -0.5832187 2.659059 -0.04142475 -0.8813324 2.463547 0.1536999 -0.8573155 2.773271 0.03034911 -0.9432135 2.441866 0.2100242 -0.8820326 2.812209
0.07146575 0.6302612 2.338214 0.05574208 0.4680525 2.359494 0.03454426 0.3113221 2.261869 0.1966583 0.3896905 2.613353 0.1806657 0.1726511 2.185808 0.3358609 0.2641996 2.647504 0.3671485 0.1292171 2.218242 0.461642 0.1229708 2.554991 0.4307629 0.1221237 2.238635 0.4784882 0.09477344 2.523569 0.1099211 0.05832767 2.411634 0.120627 -0.02372366 2.424999 0.07896154 -0.06474751 2.416373 0.1730664 -0.06344404 2.44114 0.03390184 -0.5017667 2.423988 0.1203273 -0.5834358 2.65869 -0.04154601 -0.881144 2.463549 0.1542291 -0.8575135 2.772885 0.02850726 -0.9415579 2.442536 0.2098519 -0.8821808 2.81285
0.06951113 0.6301982 2.337658 0.05459015 0.4679878 2.359135 0.0345467 0.3112985 2.261747 0.1954425 0.389547 2.612871 0.1807107 0.1726801 2.185825 0.3345354 0.2639807 2.647118 0.3671544 0.1291974 2.21837 0.4333816 0.1046951 2.573755 0.4307691 0.1213712 2.238492 0.4684165 0.07499685 2.524729 0.1000853 0.05365799 2.407633 0.1081756 -0.02994839 2.419997 0.06993376 -0.06599313 2.412755 0.1531827 -0.07506338 2.43365 0.03442698 -0.5024093 2.423959 0.09081299 -0.5988631 2.639912 -0.04119246 -0.8820922 2.464194 0.1960083 -0.82836 2.793304 0.02811722 -0.9421257 2.441997 0.1722136 -0.9096431 2.746841
0.06847714 0.6302097 2.337347 0.05405557 0.4678541 2.358556 0.03388853 0.3113228 2.261556 0.1948642 0.3893501 2.612176 0.187122 0.171133 2.186753 0.3339028 0.2637607 2.646499 0.3720145 0.1795502 2.343046 0.4118383 0.09061866 2.581256 0.4354515 0.1658681 2.36041 0.4463665 0.05746986 2.534119 0.09336562 0.05271941 2.406743 0.1001594 -0.0307895 2.419438 0.05645019 -0.06740741 2.411236 0.148792 -0.07518899 2.434206 0.03483171 -0.5025501 2.4238 0.0744371 -0.5951464 2.645807 -0.0412343 -0.8820868 2.46424 0.1979641 -0.8323239 2.776035 0.02835107 -0.9422215 2.442461 0.1693353 -0.9076052 2.7457
0.06770787 0.6299816 2.336695 0.05349781 0.4676612 2.35805 0.03357874 0.3113053 2.261413 0.194278 0.3891035 2.611587 0.1866384 0.1714404 2.186688 0.3332676 0.263488 2.645968 0.3720527 0.1784228 2.339969 0.3797038 0.07853281 2.580709 0.4354897 0.1647407 2.357333 0.4129918 0.04587307 2.532354 0.09315346 0.05130683 2.406507 0.1002455 -0.03247798 2.419316 0.05682293 -0.06853965 2.410901 0.149103 -0.07696325 2.43463 0.0349107 -0.5026942 2.423735 0.08396238 -0.5989276 2.644434 -0.04140446 -0.8825123 2.464782 0.1963039 -0.8346016 2.785031 0.02716781 -0.9424134 2.441368 0.1655255 -0.907769 2.749877
0.06726825 0.6297421 2.335742 0.05305439 0.4675115 2.357335 0.03344835 0.3112148 2.261285 0.1938206 0.3889093 2.610793 0.1864113 0.1724261 2.185935 0.3327695 0.2632805 2.645239 0.3758514 0.2084135 2.356367 0.3659044 0.07517804 2.575114 0.4392884 0.1947314 2.373731 0.396589 0.04175443 2.525574 0.0940792 0.05078547 2.406189 0.1019895 -0.03314973 2.419057 0.05945294 -0.06962626 2.410203 0.151523 -0.07712997 2.434961 0.03519417 -0.5030795 2.423578 0.09282694 -0.5996252 2.645313 -0.04109143 -0.8833032 2.463987 0.1749328 -0.8459973 2.788061 0.02691501 -0.9427951 2.442836 0.2459439 -0.886148 2.761975
0.06658129 0.6295766 2.335336 0.05293029 0.4673346 2.357029 0.03342407 0.3112333 2.261286 0.1936939 0.3886992 2.610443 0.1913323 0.1719677 2.18472 0.3326182 0.26306 2.644923 0.3809936 0.2026892 2.355831 0.3541151 0.06627564 2.566328 0.4444308 0.1890071 2.373194 0.3788036 0.03115402 2.514657 0.08803156 0.0496126 2.406118 0.09382144 -0.03437375 2.419306 0.04822354 -0.07014059 2.408723 0.1440101 -0.07853271 2.437182 0.03539222 -0.5031185 2.42338 0.07082881 -0.5984859 2.649183 -0.04112832 -0.883408 2.46405 0.1872442 -0.8415424 2.775792 0.0243191 -0.9416862 2.442842 0.1546028 -0.9033329 2.731707
0.06678073 0.6294351 2.334553 0.05297592 0.4673494 2.356626 0.033557 0.3114791 2.261208 0.1937479 0.3886963 2.610001 0.1935942 0.1713089 2.183518 0.2987543 0.1461078 2.5514 0.384271 0.1986704 2.352078 0.3046779 -0.02769554 2.630363 0.4477081 0.1849883 2.369442 0.3066525 -0.08563 2.661112 0.09521119 0.05209243 2.406473 0.1052677 -0.03041087 2.420224 0.06403285 -0.0673499 2.409782 0.1572565 -0.07131681 2.439005 0.03598345 -0.502799 2.423092 0.117838 -0.5921979 2.657216 -0.04111986 -0.883328 2.463998 0.1488755 -0.8636518 2.777054 0.02779315 -0.9428359 2.444986 0.2107619 -0.8711206 2.814656
0.06656019 0.6292053 2.333695 0.053013 0.4672723 2.356228 0.03459606 0.3112635 2.260678 0.1937922 0.3885989 2.609568 0.1987991 0.1713856 2.182469 0.2954242 0.1477562 2.532509 0.3931771 0.1872043 2.349613 0.2492447 0.03948702 2.677016 0.456614 0.1735223 2.366977 0.2338515 0.003397301 2.729612 0.0953186 0.05198729 2.406153 0.1052532 -0.03058439 2.419835 0.06416263 -0.06738803 2.409018 0.1567911 -0.07160741 2.438684 0.03615951 -0.5029161 2.423063 0.1093226 -0.5943527 2.651113 -0.04078681 -0.8839548 2.46454 0.1561788 -0.8572689 2.781946 0.02773347 -0.9429059 2.44502 0.2095503 -0.887301 2.821306
0.06616274 0.6288917 2.333067 0.05299351 0.4668484 2.355393 0.03460058 0.3112203 2.260646 0.1937793 0.388141 2.608691 0.2008434 0.1715178 2.182083 0.2894291 0.1480143 2.518397 0.3960214 0.1841279 2.349579 0.2542779 0.05174089 2.673187 0.4594581 0.1704459 2.366943 0.2425608 0.01964976 2.72921 0.08887616 0.05191838 2.404765 0.09476786 -0.03062754 2.418075 0.0517227 -0.06659219 2.405851 0.1424757 -0.0731414 2.43813 0.03633123 -0.5028455 2.422803 0.06378956 -0.5931536 2.648137 -0.04025389 -0.8822899 2.46243 0.1846425 -0.8365789 2.770652 0.02951037 -0.9431818 2.444554 0.2556015 -0.8769725 2.744797
0.06694227 0.6288585 2.332309 0.0533603 0.4667736 2.354437 0.03520181 0.3111062 2.260228 0.1941583 0.3880472 2.607707 0.2052237 0.169032 2.181578 0.2893168 0.1481441 2.515863 0.4130731 0.1563087 2.334341 0.2537676 0.05555625 2.672628 0.4765099 0.1426266 2.351705 0.2419179 0.02469362 2.729311 0.08846756 0.0519997 2.404685 0.09434864 -0.03056085 2.418084 0.05135403 -0.066461 2.405787 0.1420944 -0.07312836 2.43831 0.03634618 -0.5029916 2.422546 0.06743734 -0.593473 2.648928 -0.0401975 -0.8823632 2.462461 0.1860317 -0.8386372 2.770398 0.03027822 -0.9436352 2.443739 0.2569712 -0.8790764 2.744561
0.0673196 0.6288716 2.33181 0.05367468 0.4666424 2.353543 0.035377 0.311067 2.260207 0.1944811 0.3878997 2.606792 0.2151532 0.1668597 2.183422 0.2893018 0.1480781 2.514166 0.4130798 0.1587264 2.33661 0.2534453 0.05786218 2.672138 0.4765165 0.1450443 2.353973 0.2414932 0.02779019 2.729223 0.08813906 0.05196281 2.404639 0.09399793 -0.03062408 2.418128 0.05090328 -0.06653522 2.40575 0.1418684 -0.07321204 2.438516 0.03638036 -0.5029624 2.422403 0.06869178 -0.5936298 2.649454 -0.04048483 -0.8827744 2.462456 0.1900306 -0.8388062 2.768654 0.0215084 -0.9411584 2.442858 0.1588897 -0.9037102 2.738074
0.06776053 0.6286906 2.330999 0.05370394 0.4666706 2.353194 0.03545137 0.3110704 2.260199 0.1945126 0.3879208 2.606436 0.2160355 0.1664393 2.183078 0.2890785 0.1481458 2.513279 0.4150498 0.1542992 2.335818 0.252811 0.05979481 2.672135 0.4784864 0.1406172 2.353182 0.2407218 0.03034449 2.729515 0.08765261 0.05224762 2.404538 0.09352308 -0.03033035 2.418093 0.05055624 -0.06610946 2.405936 0.1413256 -0.07300874 2.438331 0.03638132 -0.5031077 2.422197 0.07010999 -0.5934516 2.649844 -0.04053398 -0.883425 2.463225 0.1894693 -0.8396409 2.768969 0.02921252 -0.9439865 2.438147 0.2603343 -0.8801615 2.743055
0.0677606 0.6288395 2.330607 0.05404453 0.4667627 2.352729 0.03543218 0.3111431 2.260289 0.1948574 0.3880046 2.605964 0.2161919 0.1659924 2.182961 0.2892885 0.1482513 2.512539 0.399265 0.1187588 2.224507 0.2527512 0.06128131 2.67204 0.4602893 0.1030142 2.242784 0.2405721 0.0322913 2.729635 0.08680616 0.05227275 2.404286 0.09242042 -0.03036787 2.417876 0.04878797 -0.06637645 2.405809 0.1406944 -0.07311895 2.438155 0.03627884 -0.5034126 2.421971 0.06980912 -0.5935451 2.649813 -0.0405756 -0.883883 2.463324 0.1892111 -0.8397212 2.768924 0.03030603 -0.9446287 2.437224 0.1675863 -0.9056701 2.741342
0.06843214 0.6286883 2.329742 0.05449218 0.4665835 2.351741 0.0360974 0.3109431 2.260315 0.1953104 0.3878135 2.604965 0.2162192 0.1648627 2.182812 0.2895536 0.1480375 2.511356 0.4094294 0.1472397 2.345367 0.2527617 0.06238364 2.67146 0.4582096 0.1324286 2.391958 0.2404977 0.03383236 2.729255 0.08578872 0.05194325 2.404023 0.09109853 -0.03081679 2.417738 0.04711621 -0.0667631 2.404779 0.1392063 -0.07383532 2.439011 0.03627881 -0.5036288 2.421854 0.06947201 -0.5945585 2.650343 -0.04038469 -0.8839295 2.462982 0.1893395 -0.8407065 2.769117 0.03073554 -0.9450494 2.436891 0.1667636 -0.9052343 2.742326
0.06877957 0.6283306 2.328562 0.05442223 0.4665189 2.351236 0.03688931 0.3110477 2.260205 0.1952413 0.3877425 2.604456 0.2152192 0.1629644 2.182671 0.2893131 0.1479662 2.510606 0.4086209 0.1473988 2.3471 0.2524245 0.06322628 2.671139 0.4574011 0.1325877 2.39369 0.2401283 0.03497963 2.729077 0.09183222 0.05419268 2.404617 0.1007439 -0.02742906 2.419084 0.06262061 -0.06244456 2.408573 0.1486717 -0.06873588 2.43918 0.03636451 -0.5032595 2.421557 0.1131537 -0.5886412 2.660216 -0.0402836 -0.8837832 2.462976 0.1533983 -0.8644426 2.76924 0.02778029 -0.9428123 2.441028 0.2102225 -0.8792672 2.812263
0.0691257 0.6285266 2.328277 0.05510227 0.466417 2.350244 0.03687596 0.3110765 2.260572 0.1959252 0.3876317 2.603458 0.2130245 0.1611035 2.183092 0.3143176 0.2449565 2.643568 0.4060793 0.1481784 2.352835 0.195354 0.3360905 2.757939 0.4560899 0.1332849 2.400592 0.1556995 0.3664685 2.80049 0.09239084 0.05425594 2.40447 0.1010583 -0.0274297 2.419012 0.06262098 -0.06245134 2.408577 0.1493829 -0.06913999 2.438916 0.03636047 -0.5024164 2.421299 0.1090053 -0.5904906 2.655918 -0.04028594 -0.8837183 2.463032 0.1589807 -0.8590168 2.775903 0.02633019 -0.9418648 2.443995 0.2173738 -0.8810645 2.813372
0.06961859 0.6283547 2.327989 0.05509981 0.4663424 2.350098 0.03748688 0.3111897 2.260772 0.1959231 0.3875538 2.603311 0.2113898 0.1603973 2.183753 0.3138124 0.2448002 2.644145 0.385096 0.1277955 2.257167 0.1948479 0.3361861 2.758334 0.4526716 0.1034334 2.312851 0.155193 0.3666481 2.800824 0.09693819 0.05445616 2.407063 0.1068226 -0.02733538 2.422573 0.06766516 -0.06291543 2.412421 0.1559074 -0.0679735 2.442612 0.03635715 -0.5023973 2.421264 0.1133676 -0.5888249 2.660356 -0.04015054 -0.8839507 2.463052 0.1556018 -0.8628073 2.772435 0.02594639 -0.9422318 2.444917 0.2146233 -0.8781728 2.812187
0.07029696 0.6282395 2.328079 0.0553827 0.4661919 2.350001 0.03779843 0.3112082 2.260985 0.1962084 0.3873989 2.603212 0.1975338 0.1650412 2.186409 0.3020716 0.2933534 2.713892 0.3795331 0.1204177 2.233441 0.3274945 0.3520369 2.51443 0.4469209 0.09893114 2.290519 0.3640372 0.366584 2.432493 0.09755505 0.05478067 2.40748 0.107229 -0.02701504 2.422945 0.06776252 -0.06293484 2.412946 0.1565111 -0.06738272 2.442841 0.0365329 -0.502076 2.421272 0.1114204 -0.5872916 2.66222 -0.04004462 -0.883517 2.462928 0.1565011 -0.8632774 2.769321 0.02616763 -0.9422429 2.444815 0.157885 -0.9244881 2.729936
0.07119542 0.6283832 2.328669 0.05539895 0.4661947 2.349995 0.0380186 0.3111166 2.261022 0.1962247 0.387401 2.603206 0.1998825 0.1616881 2.187552 0.3019235 0.2934552 2.714081 0.3803033 0.1225365 2.242593 0.3350284 0.3560183 2.517107 0.4474152 0.1024181 2.300489 0.3888163 0.3498229 2.477545 0.09911636 0.05539623 2.40827 0.1088775 -0.02635702 2.423789 0.06938864 -0.06276997 2.413638 0.1580541 -0.0664295 2.44388 0.03647467 -0.5020471 2.421321 0.1125707 -0.5863861 2.663078 -0.04025885 -0.883598 2.462771 0.1564051 -0.863434 2.768376 0.02443735 -0.9437629 2.434682 0.2114509 -0.8730312 2.815042
0.07161891 0.6280633 2.328861 0.05657019 0.466466 2.35193 0.03820429 0.3109793 2.261093 0.197396 0.3876642 2.605139 0.1982104 0.1619832 2.18814 0.3023667 0.2940214 2.716778 0.3758909 0.1221593 2.249666 0.3973736 0.3494009 2.540219 0.4367959 0.1110534 2.316208 0.4033482 0.3394954 2.542676 0.1017321 0.05683009 2.409842 0.1113878 -0.02485547 2.425006 0.07115423 -0.06239207 2.41431 0.1610146 -0.0646295 2.445402 0.03647752 -0.5012882 2.421352 0.1143084 -0.5846579 2.664199 -0.04021007 -0.8839235 2.463061 0.1544812 -0.8622319 2.769555 0.02184897 -0.9424638 2.437274 0.21289 -0.866141 2.812834
0.07288511 0.6283227 2.329386 0.05707796 0.4666601 2.352099 0.03827 0.3109643 2.261124 0.1979036 0.387855 2.605306 0.1967534 0.161622 2.189282 0.3660096 0.3021778 2.635378 0.3768345 0.1193575 2.243356 0.4315313 0.4031705 2.466341 0.4383962 0.1079439 2.309239 0.4877022 0.4033701 2.394888 0.1050626 0.05500904 2.412053 0.115333 -0.02749851 2.427756 0.07358484 -0.06699166 2.41965 0.1680825 -0.0672811 2.44685 0.03630555 -0.5013219 2.421554 0.1157562 -0.5865288 2.666198 -0.04033849 -0.8835782 2.463223 0.1544237 -0.8648657 2.770385 0.02711401 -0.9437743 2.440667 0.2136559 -0.8651685 2.81271
0.07398622 0.6277315 2.329973 0.05866878 0.4669457 2.355042 0.03813841 0.3108692 2.261559 0.1994953 0.388134 2.608249 0.1995592 0.1558813 2.191829 0.3661954 0.2992661 2.637547 0.3826405 0.1253042 2.244111 0.4913821 0.3512664 2.481518 0.4430719 0.1175401 2.311553 0.4819865 0.3144256 2.484582 0.106379 0.05624599 2.412816 0.1165239 -0.02603799 2.428125 0.07446878 -0.06611227 2.419917 0.1690027 -0.06616751 2.446852 0.03626383 -0.5010679 2.421651 0.1165626 -0.585435 2.666132 -0.04026883 -0.8824911 2.462929 0.1531315 -0.8643579 2.769669 0.02269856 -0.9406422 2.444739 0.1744239 -0.9244097 2.73445
0.07496013 0.6274503 2.330354 0.05901848 0.4668662 2.355775 0.03847779 0.3106524 2.261576 0.1884097 0.4064271 2.632245 0.1963854 0.1567977 2.192414 0.3546066 0.3020724 2.638067 0.3803093 0.1248416 2.241606 0.5165541 0.2883739 2.51371 0.4405085 0.1174683 2.3093 0.5021462 0.274904 2.486791 0.1073768 0.05773365 2.413429 0.1176142 -0.02398032 2.428588 0.07710335 -0.06402636 2.418493 0.1689072 -0.06253506 2.449278 0.03604416 -0.5013393 2.422791 0.1169859 -0.5831305 2.66569 -0.04042589 -0.8830695 2.46335 0.1521552 -0.862282 2.769119 0.02119585 -0.9401249 2.443588 0.2124191 -0.8865294 2.818547
0.07608958 0.6262036 2.331589 0.06087323 0.4666625 2.359706 0.03851223 0.3106309 2.261654 0.1887562 0.4077355 2.636508 0.1955003 0.1558513 2.192804 0.3336608 0.2818404 2.654084 0.3803777 0.1267913 2.24058 0.5007346 0.2628738 2.538436 0.4408124 0.1192604 2.308046 0.5170543 0.2439048 2.493347 0.1094937 0.05900082 2.41488 0.1196652 -0.02249225 2.429575 0.07936652 -0.06298441 2.419249 0.1703128 -0.06124658 2.449864 0.0361155 -0.5013655 2.42316 0.1184071 -0.5822355 2.665387 -0.04035899 -0.8832431 2.463461 0.1515063 -0.8617548 2.768567 0.02142043 -0.9402384 2.443717 0.1696597 -0.9208927 2.730185
0.07615568 0.6259828 2.33176 0.06121426 0.4664918 2.360057 0.03864487 0.3104972 2.26173 0.2108199 0.3751338 2.646083 0.1987894 0.1528085 2.194081 0.3698509 0.2633468 2.651073 0.3838741 0.131167 2.244261 0.5164407 0.2000527 2.52265 0.4436341 0.1245371 2.312419 0.514431 0.2235399 2.505824 0.1099903 0.05876249 2.414966 0.1201297 -0.02273985 2.429562 0.079418 -0.06319781 2.419377 0.1718386 -0.0620542 2.449258 0.0361464 -0.5012203 2.423478 0.1189836 -0.5827019 2.665341 -0.04041421 -0.8830577 2.463497 0.1526422 -0.8617866 2.769312 0.02498423 -0.9415315 2.441621 0.1688143 -0.9208815 2.729989
0.07650012 0.6252498 2.332176 0.0618312 0.4662372 2.361649 0.03880241 0.3104557 2.261748 0.211256 0.3745837 2.647114 0.191784 0.1587371 2.194034 0.3705218 0.2630486 2.651804 0.3765206 0.1260531 2.240385 0.5019854 0.1742386 2.521979 0.4325697 0.1273862 2.311922 0.5195689 0.1978541 2.502352 0.1103551 0.05898456 2.414944 0.1205257 -0.02240556 2.429309 0.07966631 -0.0628863 2.419189 0.1722842 -0.06190168 2.448699 0.03596859 -0.5010507 2.423629 0.1195783 -0.5825292 2.664865 -0.04038986 -0.8827929 2.46366 0.1520672 -0.8613551 2.769683 0.02506596 -0.9416651 2.442096 0.2073279 -0.8841184 2.811254
0.07205738 0.6257283 2.332487 0.06311908 0.4662728 2.361919 0.03892431 0.3104317 2.261796 0.2124241 0.374337 2.647143 0.1909397 0.1604659 2.192966 0.3719732 0.263139 2.651583 0.376284 0.1269297 2.23691 0.5013731 0.1713012 2.521796 0.4370629 0.1238194 2.304416 0.5197052 0.1857868 2.500957 0.110734 0.05906707 2.414711 0.120783 -0.02231717 2.428956 0.07953675 -0.06297565 2.418901 0.1730605 -0.06205291 2.448009 0.03635625 -0.5005026 2.423849 0.1197758 -0.5826491 2.664114 -0.04065564 -0.8823137 2.463977 0.1520388 -0.8612831 2.769394 0.02409748 -0.9408379 2.443637 0.2081495 -0.8824285 2.81068
0.07033671 0.6258765 2.332634 0.0643267 0.4662528 2.361993 0.03912933 0.3103654 2.261976 0.213583 0.3740804 2.647026 0.190373 0.1612191 2.191664 0.373339 0.2631232 2.651258 0.3697991 0.123472 2.250028 0.4979462 0.1623083 2.52369 0.3942345 0.1330836 2.311863 0.5216601 0.1714691 2.494018 0.1113068 0.05945728 2.414111 0.1212277 -0.02180891 2.428087 0.0796057 -0.0628847 2.417485 0.1735073 -0.06181267 2.447534 0.03586567 -0.5011487 2.424255 0.1200943 -0.5824865 2.663431 -0.04099366 -0.8809351 2.463721 0.1554184 -0.8604562 2.769328 0.02201243 -0.9404276 2.442012 0.2092202 -0.8840404 2.812331
0.06997887 0.6261463 2.332653 0.06537846 0.4661943 2.361354 0.03935419 0.3104557 2.262086 0.2146772 0.3737988 2.646163 0.1879619 0.1662974 2.188956 0.3746092 0.2630276 2.650145 0.3535306 0.1100921 2.299077 0.4965824 0.1590725 2.522549 0.4087202 0.09135702 2.340211 0.5213122 0.1706588 2.492268 0.1121386 0.05908422 2.413533 0.1219347 -0.02224858 2.427483 0.07964968 -0.06347261 2.417376 0.1753824 -0.06256042 2.445862 0.03553226 -0.5016917 2.424292 0.1209918 -0.5826507 2.66285 -0.04116389 -0.8815104 2.463858 0.1545639 -0.8604527 2.769553 0.02615323 -0.9423102 2.439848 0.1670861 -0.9222765 2.733206
0.07685772 0.6270568 2.334298 0.06582812 0.4664838 2.360763 0.03956459 0.3103821 2.262236 0.2151097 0.3739581 2.645443 0.1894204 0.1653696 2.188171 0.3751634 0.2633174 2.649255 0.3680807 0.1591614 2.316425 0.4961952 0.1609699 2.519234 0.4276342 0.157092 2.363604 0.5209392 0.1707794 2.49194 0.1122417 0.05918706 2.413135 0.121952 -0.02217578 2.427068 0.07939118 -0.0634487 2.417083 0.1755055 -0.06262474 2.44535 0.03533558 -0.5020254 2.424569 0.1210347 -0.5826609 2.662443 -0.04096377 -0.8816359 2.463527 0.1545199 -0.8603258 2.769453 0.0258572 -0.9423851 2.440211 0.2090544 -0.8794286 2.813739
0.07530434 0.6271688 2.334493 0.06640458 0.46651 2.361069 0.04085125 0.3108491 2.262297 0.2156145 0.3738831 2.645652 0.1894947 0.1654024 2.187946 0.3757193 0.2633086 2.649433 0.3756222 0.1357952 2.23151 0.4971336 0.1638721 2.517312 0.4077178 0.09640211 2.187566 0.5186684 0.1726658 2.490202 0.1123698 0.0592359 2.413056 0.1220271 -0.02212369 2.426928 0.07941914 -0.06331516 2.416799 0.1755059 -0.0626163 2.445301 0.03539631 -0.5013168 2.424244 0.1211508 -0.5826973 2.662319 -0.04116475 -0.8822362 2.463997 0.1527517 -0.85909 2.772401 0.02847213 -0.9437568 2.438019 0.1647178 -0.9097818 2.721535
0.08339618 0.6276531 2.335812 0.0668088 0.4669444 2.36076 0.04185518 0.3109962 2.262178 0.2159808 0.3742035 2.645292 0.1909519 0.164614 2.187641 0.3761707 0.2637307 2.648992 0.3767136 0.1356988 2.232736 0.4990045 0.1677862 2.515468 0.4184677 0.1025476 2.191864 0.5132008 0.1846917 2.495282 0.1124766 0.05924391 2.412862 0.1220783 -0.02217079 2.426714 0.07939009 -0.06330188 2.416719 0.1755135 -0.06274514 2.444945 0.03522435 -0.5010566 2.423991 0.1213796 -0.5828463 2.661968 -0.04133716 -0.8819405 2.464428 0.150598 -0.8584451 2.774173 0.02774562 -0.9436556 2.440061 0.1651921 -0.9063727 2.721351
0.08004576 0.6286522 2.336142 0.06742094 0.4673046 2.360385 0.04256892 0.3113053 2.262021 0.2165672 0.374467 2.644856 0.1910917 0.1647578 2.187278 0.3768245 0.264075 2.648491 0.3773855 0.135591 2.230521 0.5077978 0.1798968 2.514745 0.4462889 0.1149106 2.286068 0.5125357 0.1938659 2.4996 0.1097945 0.06053607 2.409807 0.1175963 -0.02050983 2.422342 0.07118347 -0.06294964 2.411096 0.1715557 -0.05994528 2.440352 0.03515398 -0.5010833 2.423662 0.09080384 -0.5785174 2.652986 -0.04130865 -0.881912 2.464457 0.1574323 -0.8458955 2.768329 0.0279986 -0.9432107 2.440797 0.2050293 -0.8812743 2.810555
0.07672133 0.6296958 2.337242 0.06776999 0.4675828 2.360147 0.0430183 0.31136 2.262031 0.2168976 0.3746763 2.644577 0.1915015 0.1650984 2.186689 0.3771971 0.2643358 2.648173 0.3772336 0.1351448 2.231352 0.5116691 0.2007651 2.505944 0.4459937 0.114494 2.287086 0.5140064 0.1995309 2.504388 0.1103444 0.05996016 2.40966 0.1184379 -0.02153493 2.422291 0.07216702 -0.06371971 2.411856 0.1727482 -0.06172101 2.439618 0.03528496 -0.5012908 2.423389 0.1214308 -0.583001 2.65461 -0.04085038 -0.8825895 2.464215 0.1502137 -0.8529508 2.777625 0.02848652 -0.9439354 2.44028 0.2087398 -0.8811336 2.810498
0.08369775 0.6294467 2.337734 0.06779261 0.467661 2.360101 0.04319899 0.3114817 2.262008 0.2169153 0.3747263 2.644515 0.1907209 0.1668743 2.186152 0.3772291 0.2644031 2.648097 0.3757245 0.1331309 2.231061 0.526513 0.1928546 2.528296 0.4442368 0.1128153 2.287223 0.517274 0.2010734 2.506026 0.1089358 0.06000675 2.408053 0.116608 -0.02156277 2.42029 0.06927089 -0.06440217 2.410523 0.1712931 -0.06086238 2.436381 0.03537521 -0.5015632 2.423065 0.08924942 -0.5786371 2.650375 -0.04063619 -0.8836075 2.464421 0.1575941 -0.8445421 2.76766 0.03149239 -0.945309 2.43811 0.2038672 -0.8810362 2.810406
0.08384658 0.6297225 2.338096 0.06791051 0.467683 2.359786 0.04356355 0.3116296 2.261834 0.2170372 0.3747024 2.644134 0.1908216 0.166884 2.185927 0.3773695 0.2644007 2.647694 0.3756431 0.1330863 2.231379 0.5251291 0.1884874 2.528793 0.4440723 0.1130121 2.287729 0.5160788 0.2004671 2.512179 0.1090024 0.0595126 2.407706 0.1167273 -0.02220916 2.420001 0.0694725 -0.06459977 2.410515 0.1712748 -0.06195709 2.435895 0.03587778 -0.5014336 2.42274 0.1073873 -0.5822871 2.649884 -0.04067648 -0.8836501 2.464408 0.160731 -0.8470477 2.775415 0.03096115 -0.9457741 2.437752 0.1641469 -0.9140804 2.747216
0.08401303 0.6301202 2.338291 0.06820606 0.4677784 2.359205 0.04422561 0.3117401 2.26147 0.2173353 0.3747434 2.643486 0.1909933 0.1672048 2.185421 0.3776915 0.2644699 2.64702 0.3754875 0.1324943 2.231367 0.5172754 0.1695748 2.532435 0.4438256 0.1133915 2.288164 0.5249723 0.1880151 2.513474 0.108803 0.05861583 2.406699 0.1164659 -0.02338164 2.418976 0.06977125 -0.06468381 2.409621 0.1699234 -0.06502531 2.43486 0.03697791 -0.5011469 2.422648 0.1102805 -0.5879889 2.643903 -0.04070756 -0.8836668 2.464409 0.1657856 -0.8423203 2.785645 0.02560389 -0.9431826 2.439346 0.1599918 -0.9071214 2.741635
0.08384237 0.6305381 2.338156 0.06833693 0.4678656 2.35825 0.04457537 0.3118168 2.261261 0.217459 0.3747712 2.642454 0.1927101 0.1669292 2.184781 0.3778366 0.264524 2.645967 0.3778166 0.1324477 2.228922 0.5145711 0.1599874 2.537152 0.4459321 0.115022 2.28652 0.5224018 0.1715448 2.520531 0.09449489 0.05921056 2.404911 0.09631614 -0.02251186 2.417607 0.04363849 -0.06409756 2.407363 0.14996 -0.06266811 2.435338 0.03735157 -0.5015687 2.422322 0.04722666 -0.5737513 2.655971 -0.04065041 -0.8843857 2.464797 0.1685462 -0.8297156 2.755161 0.02680974 -0.9439546 2.439168 0.2394534 -0.8705329 2.729818
0.08377246 0.6308223 2.33802 0.06851135 0.4679704 2.357683 0.04461571 0.3119472 2.260968 0.217629 0.3748363 2.641849 0.1986353 0.1649391 2.183419 0.3780217 0.2646078 2.645349 0.3825972 0.1327989 2.232392 0.4877112 0.1291227 2.540619 0.4439178 0.1220855 2.253144 0.5139553 0.1158032 2.523184 0.09674263 0.05860003 2.403481 0.1010919 -0.02359987 2.415511 0.05585965 -0.0629689 2.404145 0.1534216 -0.06574139 2.43328 0.03754082 -0.5016574 2.422225 0.1060732 -0.5923197 2.636674 -0.04060854 -0.8845396 2.464751 0.1748901 -0.826246 2.801571 0.02648139 -0.943731 2.438486 0.1640235 -0.8875737 2.750309
0.08364817 0.6307714 2.337784 0.06854685 0.4677829 2.357109 0.04502814 0.3121421 2.260276 0.217658 0.3746007 2.641226 0.2012286 0.1641724 2.182728 0.3780618 0.2643889 2.644726 0.3864541 0.1334251 2.228579 0.4734495 0.107034 2.561507 0.4481959 0.123176 2.24829 0.5192291 0.08598864 2.517073 0.0928067 0.0569799 2.4026 0.0963378 -0.02550561 2.414814 0.05012938 -0.06382766 2.40316 0.1468606 -0.06906348 2.433238 0.03785087 -0.5016265 2.422015 0.06027939 -0.5878554 2.643191 -0.04031809 -0.8841574 2.46465 0.1973442 -0.8218738 2.766699 0.02966544 -0.9446077 2.440639 0.1956638 -0.8834209 2.805552
0.08369714 0.6310775 2.337522 0.06844124 0.4679509 2.35642 0.04650227 0.3121737 2.25899 0.2175431 0.3747359 2.640512 0.2015607 0.1652005 2.181593 0.3779582 0.2645387 2.644005 0.3871723 0.1287057 2.222781 0.4435683 0.0861503 2.579503 0.4490428 0.1165407 2.240938 0.4725901 0.05361907 2.528525 0.08912047 0.05932872 2.401397 0.09196364 -0.02238726 2.41365 0.0455871 -0.06142778 2.402663 0.1410648 -0.06313367 2.431314 0.03794159 -0.5022106 2.421785 0.0432426 -0.5745826 2.653246 -0.04042549 -0.884453 2.464393 0.165972 -0.8296255 2.752936 0.02763193 -0.9446308 2.440293 0.1639682 -0.901904 2.744439
0.0835055 0.6311885 2.337227 0.0679807 0.4680392 2.355991 0.04674761 0.3120125 2.25864 0.2170694 0.3747964 2.640065 0.2069834 0.1645566 2.181175 0.3774929 0.2646114 2.643556 0.3923916 0.1274414 2.222636 0.4217327 0.07580699 2.585128 0.4541943 0.1150697 2.240883 0.4594559 0.03335832 2.531642 0.08661959 0.05924885 2.401499 0.08938977 -0.02252242 2.413945 0.03982308 -0.06233714 2.402496 0.1401903 -0.06283978 2.431962 0.03834535 -0.5028711 2.42144 0.0428171 -0.5746173 2.653366 -0.04067369 -0.8845839 2.464413 0.1657908 -0.8287462 2.754657 0.02899733 -0.9451281 2.441247 0.1634381 -0.9005836 2.74307
0.08345594 0.6310955 2.337191 0.06775648 0.467703 2.355222 0.04662574 0.3120938 2.258486 0.2168333 0.3744206 2.639263 0.2081234 0.1652724 2.180555 0.3772664 0.2642507 2.642756 0.393299 0.1249837 2.220537 0.3786526 0.06573849 2.595955 0.4550242 0.1115542 2.238292 0.4222818 0.0105119 2.538445 0.08566359 0.05921321 2.401468 0.08840472 -0.02249228 2.414058 0.03735832 -0.06268537 2.402686 0.1400884 -0.06275336 2.432143 0.03920465 -0.5020548 2.420816 0.04287595 -0.574613 2.653436 -0.04063737 -0.8840114 2.464491 0.1639026 -0.8300791 2.753914 0.02970601 -0.9447739 2.444286 0.2348405 -0.8711447 2.72906
0.08320017 0.6310211 2.336377 0.06815729 0.4674109 2.353961 0.04665164 0.3120588 2.258279 0.217233 0.3740944 2.63798 0.2101076 0.165771 2.179356 0.3776754 0.2639374 2.64147 0.3928694 0.1406381 2.234752 0.3653139 0.0470676 2.583691 0.4236476 0.1626339 2.290267 0.4019029 -0.002551327 2.535521 0.08253127 0.05800851 2.400056 0.08426331 -0.02401603 2.412581 0.03402754 -0.06303553 2.401324 0.1347842 -0.0664442 2.430948 0.03944645 -0.50181 2.420669 0.03889313 -0.5822239 2.644054 -0.04008454 -0.8829148 2.463264 0.1808075 -0.8201526 2.756456 0.02961082 -0.9446995 2.444404 0.2515979 -0.861437 2.731544
0.08305159 0.6304408 2.335025 0.06855085 0.4669864 2.353194 0.0470065 0.3119408 2.257868 0.217627 0.3736435 2.6372 0.2167062 0.165149 2.178315 0.3780758 0.263496 2.64069 0.4093757 0.160988 2.324893 0.3521373 0.04095897 2.579 0.4065664 0.220185 2.374662 0.3695816 -0.006978021 2.531038 0.08228029 0.05809629 2.399921 0.08399203 -0.02384297 2.412495 0.03300542 -0.0629645 2.401135 0.1349538 -0.06603684 2.430982 0.04053452 -0.5013576 2.421041 0.03977645 -0.5797954 2.648936 -0.04039373 -0.8824377 2.462689 0.1686111 -0.8282778 2.755464 0.027528 -0.942111 2.444891 0.2393675 -0.8696114 2.730535
0.08303926 0.6304821 2.334516 0.06882326 0.4667633 2.351999 0.047243 0.3119375 2.25753 0.2178959 0.3733993 2.635997 0.2171605 0.1654797 2.17779 0.378351 0.2632606 2.639483 0.4072807 0.1446458 2.211095 0.3253069 0.0396668 2.578059 0.4649387 0.1425306 2.245505 0.35584 -0.01090761 2.522251 0.08282613 0.05889789 2.399071 0.08488338 -0.0226403 2.411595 0.03484817 -0.0618153 2.400237 0.1358007 -0.06436956 2.430072 0.04051447 -0.5014165 2.421031 0.0445958 -0.5785924 2.648592 -0.04013265 -0.8825958 2.46268 0.1681611 -0.829463 2.755636 0.02826941 -0.9427428 2.443718 0.161395 -0.904664 2.729074
