-0.2874252 0.6716591 2.375174 -0.3200409 0.4936304 2.393234 -0.3857926 0.3772024 2.282878 -0.1684264 0.3846899 2.503295 -0.3689578 0.2230383 2.113841 0.01870999 0.3032911 2.430732 -0.1708011 0.272174 2.139339 0.07010452 0.4631724 2.191769 -0.1033612 0.3191942 2.178998 0.07142001 0.4970389 2.139112 -0.2867227 0.1429613 2.396243 -0.26383 0.07586912 2.384362 -0.3012169 0.02003139 2.34488 -0.2102233 0.01270438 2.419111 -0.3780367 -0.4898938 2.433803 -0.2317036 -0.476166 2.596545 -0.4104071 -0.8592339 2.481215 -0.2805315 -0.8449393 2.696251 -0.3505344 -0.9032177 2.427658 -0.2396364 -0.9085467 2.714739
-0.2880006 0.6718474 2.375384 -0.3200757 0.4936625 2.393469 -0.3857448 0.3771626 2.283017 -0.1678558 0.3850476 2.503699 -0.3692371 0.2231905 2.113833 0.01969311 0.3028121 2.430752 -0.1700852 0.2749286 2.141473 0.0923861 0.4297045 2.177151 -0.1038419 0.3200305 2.179412 0.108125 0.4617078 2.119246 -0.2867495 0.1429233 2.396349 -0.263866 0.07583062 2.384422 -0.3016155 0.01975535 2.344895 -0.2100347 0.01245862 2.419146 -0.3780623 -0.489899 2.433924 -0.2348077 -0.4798023 2.601637 -0.4102537 -0.8597842 2.481571 -0.2792042 -0.8439528 2.69359 -0.3504255 -0.9037715 2.427968 -0.1968537 -0.8929715 2.666522
-0.2875067 0.6741525 2.375286 -0.320045 0.4937026 2.393668 -0.3860142 0.3773446 2.28331 -0.1674838 0.3848514 2.503582 -0.3694308 0.2236532 2.113603 0.01871503 0.301749 2.432109 -0.1685204 0.2781093 2.143402 0.1217544 0.362819 2.248828 -0.1039642 0.320666 2.180245 0.1420743 0.4196819 2.108078 -0.2868181 0.1428819 2.39641 -0.2640194 0.07575785 2.384414 -0.3026478 0.01923625 2.344538 -0.2099306 0.01202266 2.419068 -0.3782543 -0.4905126 2.434275 -0.2347925 -0.4798072 2.601627 -0.4102381 -0.859801 2.481576 -0.2793277 -0.8439856 2.693742 -0.3505433 -0.9038025 2.427836 -0.1967062 -0.8934181 2.667376
-0.2881444 0.6722566 2.376053 -0.319812 0.4933163 2.394405 -0.3862552 0.3774234 2.283398 -0.1678032 0.3830069 2.502119 -0.3700604 0.2238153 2.11364 0.01869469 0.3007822 2.431113 -0.1686189 0.2788518 2.143903 0.1334385 0.3505836 2.229161 -0.104398 0.3210036 2.18051 0.1656049 0.3756678 2.123232 -0.2870984 0.1424803 2.396463 -0.2645099 0.07525983 2.384273 -0.3038728 0.018573 2.344001 -0.2102189 0.01103027 2.418673 -0.3782908 -0.4905128 2.43453 -0.2347886 -0.4793589 2.601363 -0.4108764 -0.8578632 2.480406 -0.281189 -0.8459232 2.699161 -0.3513323 -0.9018797 2.426512 -0.1959772 -0.8944756 2.669868
-0.288862 0.6733075 2.376213 -0.320207 0.4934739 2.394265 -0.3865125 0.3775284 2.283435 -0.1679341 0.3834744 2.501904 -0.3700107 0.2238053 2.11321 0.04270706 0.2818918 2.390837 -0.1677063 0.2806035 2.145439 0.1712958 0.3118292 2.216895 -0.1042064 0.3216833 2.181306 0.1889366 0.3313792 2.125601 -0.2874019 0.1423925 2.396434 -0.264822 0.0751296 2.384222 -0.3044996 0.01839469 2.343799 -0.2102841 0.01073451 2.418654 -0.3785096 -0.4905902 2.434525 -0.234291 -0.4793667 2.600347 -0.4102181 -0.8603222 2.481982 -0.2806513 -0.845394 2.697609 -0.350736 -0.9043455 2.428026 -0.2183573 -0.9074712 2.714345
-0.2885037 0.6773561 2.375469 -0.3204016 0.4946991 2.394688 -0.3866905 0.3781966 2.284232 -0.1680452 0.3826693 2.501373 -0.3707219 0.2241526 2.11338 0.03470128 0.2817501 2.390821 -0.167355 0.2815533 2.14628 0.1796928 0.2862181 2.228553 -0.1040265 0.3222246 2.181996 0.1981031 0.2936213 2.139098 -0.2878066 0.1424623 2.396363 -0.2654099 0.07506478 2.383985 -0.3056845 0.01865056 2.343273 -0.21065 0.01039608 2.418326 -0.378734 -0.4911259 2.434489 -0.2336126 -0.4793319 2.598792 -0.4109867 -0.8623731 2.483617 -0.2801252 -0.8443288 2.696496 -0.3516589 -0.9064123 2.429505 -0.1959139 -0.8978446 2.674863
-0.2890684 0.6775313 2.375057 -0.3206355 0.4950392 2.394594 -0.3867281 0.3784059 2.284562 -0.1885656 0.4110553 2.494556 -0.3707937 0.2242374 2.113366 0.03142874 0.2776226 2.391662 -0.1675916 0.281763 2.146461 0.1779176 0.2596077 2.231905 -0.1046643 0.3227213 2.182714 0.2158352 0.24631 2.139179 -0.28824 0.1424424 2.396091 -0.2655852 0.07501381 2.383971 -0.3056684 0.01869735 2.343308 -0.2116392 0.01118706 2.418115 -0.3787346 -0.4909002 2.434418 -0.2326863 -0.4780377 2.595781 -0.4108666 -0.861957 2.483641 -0.2809105 -0.8442852 2.698022 -0.3503962 -0.9058737 2.430707 -0.1920978 -0.8989526 2.683325
-0.2889493 0.6779616 2.374959 -0.3207732 0.4952594 2.3946 -0.3872912 0.3787555 2.284815 -0.164244 0.3665825 2.495521 -0.372162 0.224572 2.114068 0.03101394 0.2689923 2.390768 -0.1677105 0.3002896 2.163087 0.1785382 0.2252264 2.237638 -0.1024544 0.3244569 2.18302 0.2229126 0.2113908 2.138769 -0.289108 0.1421491 2.396744 -0.2668944 0.07449681 2.38362 -0.308302 0.0182304 2.342899 -0.2122896 0.00985598 2.417498 -0.378779 -0.4901741 2.434135 -0.2314844 -0.4756944 2.593277 -0.4104965 -0.8601034 2.483331 -0.280437 -0.844159 2.697121 -0.3522645 -0.9042624 2.428138 -0.2161491 -0.9088207 2.71483
-0.2899089 0.6784799 2.376014 -0.3207605 0.495255 2.39459 -0.3879105 0.3791628 2.284891 -0.1637006 0.3661384 2.495795 -0.3726719 0.2251073 2.113956 0.02760714 0.2569126 2.391746 -0.1696688 0.2626397 2.124517 0.1756287 0.2018166 2.243227 -0.09432674 0.3088758 2.16667 0.2216374 0.179375 2.149301 -0.2898338 0.1420269 2.39693 -0.2674496 0.0744147 2.383343 -0.310114 0.01776461 2.342061 -0.2122352 0.009124361 2.417257 -0.3798141 -0.4902573 2.433644 -0.2306715 -0.4742708 2.591296 -0.4107234 -0.8601584 2.484347 -0.2797773 -0.8429686 2.696018 -0.3526051 -0.9043311 2.429045 -0.246904 -0.9133331 2.690727
-0.2899469 0.6786053 2.376121 -0.3207766 0.4952495 2.394445 -0.388052 0.3793335 2.284713 -0.1615567 0.3616949 2.495228 -0.3728474 0.2250799 2.113871 0.02617974 0.245152 2.389712 -0.1731054 0.2820626 2.146242 0.171794 0.1771212 2.244513 -0.1077248 0.3230296 2.182392 0.2200107 0.149259 2.153959 -0.291243 0.1413792 2.396397 -0.2688388 0.0736341 2.382084 -0.3129035 0.01698904 2.339869 -0.2127052 0.006493607 2.415913 -0.3807869 -0.4877746 2.432677 -0.230166 -0.473442 2.589846 -0.4106146 -0.8589692 2.483858 -0.2804371 -0.8420533 2.697285 -0.3527524 -0.9031698 2.428311 -0.199845 -0.9008326 2.681036
-0.2899139 0.6789067 2.375787 -0.3208027 0.4951785 2.394037 -0.3881305 0.3792502 2.284287 -0.1606257 0.3598778 2.495386 -0.372802 0.2248669 2.113039 0.02552759 0.2386893 2.387506 -0.1734449 0.2817697 2.145858 0.1703837 0.1635155 2.245389 -0.1088123 0.3228307 2.182338 0.2180212 0.1228308 2.155325 -0.2925281 0.1405845 2.395748 -0.2698943 0.07274585 2.380865 -0.3144348 0.01644431 2.338598 -0.2130763 0.004507555 2.414526 -0.3810294 -0.4885131 2.432826 -0.2299477 -0.472807 2.588692 -0.4104914 -0.8586595 2.483841 -0.2786737 -0.8427991 2.694352 -0.3526431 -0.9028639 2.428282 -0.2346129 -0.9058447 2.706338
-0.2906874 0.6791084 2.376481 -0.3205716 0.495171 2.393864 -0.3884119 0.3793903 2.283919 -0.1606523 0.358724 2.494964 -0.3727034 0.2249931 2.112301 0.02136165 0.2326956 2.390142 -0.1733104 0.2817699 2.145816 0.1749982 0.1404684 2.212571 -0.1098611 0.322295 2.181768 0.2115951 0.1163498 2.159726 -0.2938084 0.1401744 2.395108 -0.2710932 0.07232329 2.379403 -0.3159796 0.01643853 2.337337 -0.2140668 0.003617234 2.412488 -0.3810989 -0.4886474 2.433102 -0.2296519 -0.4717365 2.58731 -0.4104477 -0.8588509 2.483476 -0.2786599 -0.8427855 2.694434 -0.3526113 -0.9030572 2.427907 -0.2034067 -0.9013306 2.69155
-0.2901561 0.678737 2.376459 -0.3203887 0.4952534 2.393908 -0.3883584 0.3793517 2.283628 -0.1603314 0.3583541 2.495004 -0.3732283 0.2254423 2.11199 0.02009043 0.2290044 2.390868 -0.1733304 0.2816498 2.145399 0.1516276 0.1328534 2.248413 -0.109925 0.3223048 2.181558 0.2075313 0.1139421 2.160187 -0.2947061 0.139703 2.395018 -0.2717109 0.07176247 2.37859 -0.3169226 0.01624235 2.336294 -0.2144531 0.002454406 2.411538 -0.3817266 -0.4876829 2.432917 -0.229701 -0.4710305 2.586773 -0.4103221 -0.858154 2.482902 -0.277661 -0.8424872 2.691478 -0.3524663 -0.9023583 2.427352 -0.2028207 -0.9014615 2.692857
-0.2900441 0.6839083 2.374444 -0.320138 0.4962334 2.393456 -0.3882861 0.3795388 2.28358 -0.1597211 0.3576369 2.495262 -0.369427 0.2196311 2.105368 0.01860588 0.2256398 2.392952 -0.1731942 0.2816691 2.144838 0.1711094 0.1378115 2.199032 -0.1099285 0.3224287 2.180977 0.2048208 0.1140105 2.159076 -0.2960894 0.139958 2.394426 -0.272835 0.07198343 2.377346 -0.3190049 0.0173991 2.334244 -0.2150543 0.001942169 2.410696 -0.3816794 -0.4876922 2.432961 -0.2295662 -0.470686 2.585891 -0.4098838 -0.8567311 2.480955 -0.2773821 -0.8428221 2.691318 -0.3520457 -0.9009421 2.425393 -0.2012804 -0.8990699 2.683992
-0.2886277 0.6821336 2.374449 -0.3199135 0.4962521 2.393448 -0.3882578 0.3795636 2.283404 -0.1595307 0.3569432 2.495425 -0.3693547 0.2199369 2.105326 0.01843057 0.2241848 2.393358 -0.1686235 0.2662716 2.119351 0.1707279 0.1392018 2.195112 -0.09476763 0.3117359 2.16484 0.199817 0.1188086 2.155297 -0.2977022 0.1397383 2.394005 -0.2743836 0.07182149 2.376077 -0.3218942 0.0181218 2.332009 -0.2161314 0.001012715 2.409719 -0.3817047 -0.4876646 2.432827 -0.2294747 -0.4705915 2.585627 -0.410064 -0.8569247 2.481235 -0.2761281 -0.8419934 2.689112 -0.3521895 -0.9011355 2.425711 -0.2107897 -0.9027258 2.702201
-0.2882698 0.6704147 2.375486 -0.319541 0.4952828 2.392841 -0.3882003 0.3787051 2.281886 -0.1594526 0.3553014 2.495533 -0.3693747 0.2202875 2.105056 -0.004686341 0.2184918 2.446277 -0.1756128 0.2795669 2.137839 0.1549783 0.150934 2.211471 -0.1088539 0.3227479 2.179939 0.1882114 0.1390944 2.15147 -0.2986726 0.1389604 2.393781 -0.274839 0.07120806 2.375527 -0.3222294 0.01769218 2.331297 -0.2166515 -0.0004803949 2.409437 -0.3816705 -0.4875574 2.432817 -0.2293902 -0.4704248 2.585031 -0.4099899 -0.8569964 2.48121 -0.2777852 -0.8430058 2.693575 -0.3518813 -0.9011907 2.425919 -0.2061693 -0.9008501 2.693026
-0.2898593 0.6728563 2.372865 -0.319109 0.4956628 2.39274 -0.3878421 0.3789799 2.281992 -0.1596289 0.3551781 2.495749 -0.3710321 0.2230404 2.106923 0.004335235 0.2271816 2.418566 -0.1758737 0.2793756 2.137874 0.1464752 0.1694899 2.264916 -0.1088202 0.3225449 2.179163 0.1812487 0.1520904 2.148131 -0.2992854 0.1389434 2.393918 -0.2750588 0.07121606 2.375203 -0.3222947 0.01782166 2.330983 -0.2170307 -0.0005105574 2.409149 -0.3821391 -0.488034 2.432535 -0.2293805 -0.4701277 2.584536 -0.4101301 -0.8575271 2.48168 -0.2745163 -0.8417458 2.68763 -0.351933 -0.9017165 2.426478 -0.2008102 -0.9007195 2.689151
-0.2916439 0.6705757 2.373585 -0.3190697 0.4955257 2.392558 -0.387392 0.3785384 2.281396 -0.1596107 0.3550355 2.496345 -0.3708543 0.2230343 2.106894 0.004753969 0.227809 2.418962 -0.1756678 0.2793564 2.137911 0.1506678 0.1732481 2.267961 -0.1087871 0.3225378 2.179049 0.1725868 0.1761673 2.138145 -0.2999274 0.1387862 2.393977 -0.2752307 0.0711574 2.374958 -0.3223266 0.01771937 2.330264 -0.2172397 -0.0008056989 2.409189 -0.3826462 -0.4896343 2.432185 -0.2293516 -0.470143 2.584724 -0.4106706 -0.8576643 2.481601 -0.2743141 -0.8411946 2.686594 -0.3522574 -0.9018334 2.426613 -0.2096008 -0.8836842 2.649229
-0.2915848 0.6689324 2.373609 -0.3191142 0.4949525 2.392256 -0.3874067 0.3780224 2.280643 -0.1595389 0.3548715 2.497367 -0.3708946 0.2231091 2.106935 0.004351271 0.2301787 2.421873 -0.167329 0.258842 2.115345 0.1481396 0.1770039 2.26812 -0.09379432 0.3058368 2.159785 0.1620523 0.1873883 2.138234 -0.300465 0.1387088 2.394084 -0.275333 0.0712046 2.374815 -0.3223427 0.01766159 2.329764 -0.2172903 -0.0009265401 2.409252 -0.3825799 -0.4897914 2.431943 -0.2293475 -0.4701478 2.584716 -0.4108438 -0.8575568 2.481823 -0.2741928 -0.8414091 2.686511 -0.3522054 -0.9017041 2.427058 -0.2026649 -0.891153 2.663543
-0.2915451 0.6682459 2.37382 -0.3190547 0.4949037 2.392272 -0.3878123 0.3773763 2.279801 -0.1597787 0.3546607 2.497656 -0.3707982 0.2230221 2.106921 0.00457339 0.230231 2.444867 -0.1680774 0.3007337 2.159022 0.1272637 0.1864449 2.269502 -0.1033722 0.325538 2.179939 0.1432125 0.196623 2.147277 -0.3008288 0.1386409 2.394309 -0.2753425 0.07120701 2.37475 -0.3222587 0.01755045 2.329471 -0.2172834 -0.000977814 2.409272 -0.3825622 -0.4895929 2.431635 -0.2291999 -0.4698171 2.583279 -0.4109587 -0.8571234 2.481814 -0.27426 -0.8413462 2.686332 -0.3521968 -0.9012581 2.427172 -0.2010292 -0.8932508 2.66718
-0.2909487 0.6663066 2.371924 -0.3187803 0.4938284 2.392361 -0.3877995 0.3768454 2.27924 -0.1594019 0.3545423 2.498795 -0.370865 0.2229704 2.107006 0.004754215 0.2300399 2.445149 -0.1732744 0.2734399 2.133613 0.1205316 0.1856348 2.264936 -0.1029481 0.3244141 2.178852 0.1103183 0.2002737 2.124562 -0.3010759 0.138348 2.394519 -0.2752396 0.07106975 2.374729 -0.3219886 0.01732682 2.329503 -0.2170947 -0.001232539 2.409269 -0.3826672 -0.4892653 2.431175 -0.2292505 -0.4699297 2.583182 -0.4110394 -0.8575299 2.48196 -0.2732137 -0.8406417 2.684963 -0.3521016 -0.9016457 2.427493 -0.1980572 -0.8991514 2.690459
-0.2906301 0.6669933 2.371102 -0.3205386 0.4927894 2.388986 -0.3878594 0.3766117 2.279046 -0.1592197 0.3545007 2.499664 -0.3705772 0.2199607 2.105203 0.01580526 0.2452095 2.448524 -0.1734747 0.2775168 2.137661 0.0391365 0.1309034 2.263099 -0.107029 0.324348 2.177818 0.07850569 0.1833174 2.117702 -0.3012953 0.1383097 2.394042 -0.2752387 0.07106581 2.374534 -0.3217669 0.01713382 2.329169 -0.216981 -0.001387396 2.409338 -0.3824662 -0.4896007 2.431041 -0.2297787 -0.4711145 2.584522 -0.4109711 -0.8574902 2.481939 -0.2732924 -0.8407812 2.684964 -0.3519488 -0.9016091 2.427567 -0.1975439 -0.8993156 2.689173
-0.2911585 0.66696 2.371184 -0.3205782 0.4926398 2.388859 -0.3879075 0.3765897 2.279078 -0.1590296 0.3544837 2.499926 -0.3701466 0.2176683 2.104401 -0.01612401 0.208285 2.510919 -0.1715536 0.2798987 2.13939 0.007820494 0.1927049 2.25422 -0.1068399 0.3246696 2.176577 0.04095021 0.1659285 2.136743 -0.3012644 0.1383446 2.393734 -0.2750547 0.07123539 2.374144 -0.3213357 0.01704977 2.328482 -0.2166796 -0.001419589 2.409214 -0.382012 -0.4901379 2.431118 -0.2293683 -0.4712895 2.584404 -0.4108278 -0.8591613 2.482271 -0.282338 -0.8479691 2.704057 -0.3517963 -0.9032744 2.427904 -0.2330765 -0.9066498 2.725335
-0.2904869 0.6679166 2.369592 -0.3207314 0.4927659 2.388352 -0.3879277 0.3765581 2.279111 -0.1588879 0.3546842 2.501215 -0.3714635 0.2192577 2.10574 0.03769881 0.2491918 2.484253 -0.1693325 0.3001875 2.15573 0.00590989 0.1736736 2.259362 -0.1048147 0.3260193 2.175973 -0.00534296 0.1469412 2.184508 -0.3011084 0.1383177 2.393166 -0.2747158 0.07123327 2.373666 -0.3207494 0.0170502 2.328234 -0.2161961 -0.001460436 2.40869 -0.3818382 -0.4900907 2.431081 -0.228977 -0.4714553 2.583569 -0.4112843 -0.8618299 2.484762 -0.2797684 -0.8478432 2.698486 -0.3521032 -0.9059232 2.430542 -0.2279775 -0.9061005 2.721864
-0.288763 0.6695769 2.365923 -0.3207338 0.4929206 2.387957 -0.3881531 0.376414 2.279063 -0.1371875 0.3633279 2.515797 -0.3712916 0.2178668 2.104398 0.0347928 0.2455174 2.478199 -0.1706809 0.2808971 2.13891 -0.05563356 0.1421689 2.219407 -0.10665 0.3257564 2.173912 -0.07516675 0.1180222 2.18312 -0.299819 0.1423292 2.392164 -0.2730402 0.07713453 2.372093 -0.3202225 0.01785186 2.327629 -0.2123591 0.002689746 2.407214 -0.3809718 -0.4921802 2.431689 -0.2284813 -0.4721255 2.583084 -0.4109422 -0.8641056 2.485047 -0.2785999 -0.8452162 2.694874 -0.3527732 -0.9082694 2.429799 -0.2310915 -0.9041479 2.71345
-0.2879162 0.6711366 2.364245 -0.3209236 0.4923697 2.386485 -0.3882671 0.3762487 2.279023 -0.1367959 0.3631628 2.515926 -0.371658 0.2182008 2.104988 0.01752786 0.2502011 2.570894 -0.1724772 0.2791707 2.134251 -0.06497238 0.1597038 2.304355 -0.1088378 0.3237317 2.16705 -0.102362 0.1188066 2.205972 -0.2994531 0.1459884 2.391004 -0.2723347 0.08235605 2.37101 -0.3192826 0.01962953 2.326421 -0.2109902 0.006115371 2.407062 -0.3809353 -0.4922687 2.431631 -0.2283801 -0.4724448 2.58312 -0.4103751 -0.8612304 2.483519 -0.2778728 -0.8448474 2.693097 -0.3522248 -0.9053851 2.428244 -0.1939256 -0.8924724 2.68966
-0.290527 0.6720552 2.363069 -0.3211201 0.4921183 2.385568 -0.3888214 0.3748817 2.277687 -0.13721 0.3628111 2.515968 -0.3719293 0.2179575 2.104866 0.0258722 0.2440926 2.539613 -0.1719833 0.2787655 2.132576 -0.1000151 0.158164 2.289903 -0.1072346 0.3230196 2.165258 -0.132993 0.1375838 2.228255 -0.2993788 0.1458702 2.390794 -0.2721179 0.08210174 2.370875 -0.3185548 0.01940786 2.326745 -0.2107437 0.006128198 2.406515 -0.3807372 -0.4917125 2.431319 -0.2278522 -0.4722428 2.581999 -0.410076 -0.8593998 2.482262 -0.2774889 -0.8440028 2.692173 -0.3517959 -0.903544 2.427116 -0.1928995 -0.8944921 2.686313
-0.2924409 0.6742508 2.3621 -0.3221638 0.4919204 2.38234 -0.3888077 0.3738708 2.277005 -0.1617726 0.3820916 2.509125 -0.3699753 0.2111876 2.101353 0.004028444 0.2637112 2.524143 -0.1676076 0.278488 2.131303 -0.1314217 0.1886709 2.27602 -0.1060748 0.3220628 2.161818 -0.1073678 0.3298241 2.157073 -0.2996556 0.1458452 2.39003 -0.2715392 0.08188823 2.370911 -0.314941 0.01983932 2.327718 -0.2107281 0.007284015 2.406648 -0.3801661 -0.4902242 2.430755 -0.2278463 -0.4722431 2.581973 -0.4101079 -0.8590974 2.481438 -0.2774265 -0.8440892 2.692067 -0.3500185 -0.9030658 2.428125 -0.1942873 -0.8953273 2.683432
-0.2937308 0.676136 2.361031 -0.3220131 0.4919809 2.382093 -0.3887952 0.3737658 2.276927 -0.1829211 0.4030692 2.498729 -0.3707366 0.2118784 2.101176 -0.004882296 0.2161163 2.474825 -0.1665284 0.2943881 2.141792 -0.1645186 0.2404341 2.330567 -0.1013488 0.3207238 2.159042 -0.1032425 0.3278321 2.157029 -0.2994573 0.1464877 2.389867 -0.2709187 0.08260038 2.371334 -0.3107822 0.02310094 2.32951 -0.2128661 0.01394339 2.407583 -0.380076 -0.4904473 2.430544 -0.2276581 -0.4719534 2.581554 -0.4096916 -0.8593006 2.481443 -0.2771347 -0.8439199 2.691076 -0.3486204 -0.9031616 2.429168 -0.2301245 -0.909095 2.730007
-0.2937233 0.6769819 2.359009 -0.321629 0.4921022 2.381376 -0.3886849 0.3730878 2.276179 -0.1819989 0.4023604 2.499089 -0.3693293 0.2095341 2.097338 -0.01712834 0.2343898 2.477803 -0.1642814 0.2411976 2.09588 -0.1767644 0.2587076 2.333545 -0.09033426 0.2926761 2.134253 -0.1076604 0.3391985 2.159203 -0.2991605 0.147054 2.39006 -0.2705723 0.08316677 2.371831 -0.3100883 0.02354887 2.329861 -0.2132805 0.01530552 2.408748 -0.3798845 -0.4907934 2.430671 -0.2265743 -0.4706038 2.579738 -0.4094419 -0.8592448 2.481551 -0.2782241 -0.8439562 2.693013 -0.3483381 -0.9031114 2.42932 -0.228792 -0.9073388 2.716449
-0.2960609 0.6759726 2.359983 -0.3215417 0.4919294 2.381255 -0.3889042 0.3728527 2.275759 -0.1850574 0.405315 2.486001 -0.3694289 0.2089762 2.096319 -0.02143067 0.2407661 2.474944 -0.1618161 0.2723551 2.130343 -0.1810664 0.2650838 2.330686 -0.1036433 0.316494 2.155857 -0.1114404 0.3468294 2.156516 -0.298547 0.1474447 2.391 -0.2703808 0.08361996 2.372649 -0.3093636 0.02326095 2.330087 -0.2144119 0.01717457 2.411442 -0.3798969 -0.4908186 2.430659 -0.2276536 -0.4716156 2.581396 -0.4097066 -0.8609917 2.482002 -0.279283 -0.8441204 2.695235 -0.3500188 -0.9050186 2.42829 -0.2089251 -0.9036711 2.70493
-0.2967394 0.6766974 2.358976 -0.3215382 0.4922596 2.380907 -0.3925541 0.3735746 2.273644 -0.1863661 0.4081153 2.481436 -0.3709757 0.2098684 2.096793 -0.02198688 0.2463161 2.470274 -0.1730033 0.2605881 2.121108 -0.1816224 0.2706338 2.326017 -0.1034062 0.3162293 2.155748 -0.1036794 0.3286126 2.156959 -0.2980294 0.1458759 2.391105 -0.2707303 0.08027624 2.373482 -0.3100698 0.0202288 2.332418 -0.2148817 0.01630308 2.411073 -0.3798072 -0.4908793 2.430731 -0.2276825 -0.4717003 2.581433 -0.4091616 -0.8588628 2.481515 -0.2792403 -0.8440105 2.694862 -0.3502157 -0.9029875 2.42707 -0.2086128 -0.9030369 2.704098
-0.2976089 0.6771579 2.358507 -0.321546 0.4923053 2.380903 -0.392672 0.3730971 2.273335 -0.171649 0.3943236 2.419913 -0.3744207 0.2114143 2.098694 -0.0205219 0.2503491 2.467787 -0.1748788 0.2603631 2.121034 -0.1801571 0.2746666 2.323529 -0.106672 0.3111265 2.154408 -0.1026683 0.3272184 2.165156 -0.2938002 0.1458759 2.394002 -0.2710695 0.07965771 2.373561 -0.3113716 0.01854682 2.332217 -0.2150165 0.01578783 2.411043 -0.3797724 -0.490754 2.430595 -0.2275899 -0.4711906 2.581253 -0.4091674 -0.8591258 2.481706 -0.2791823 -0.8448817 2.69582 -0.3633367 -0.9043456 2.416587 -0.2095618 -0.9023176 2.694838
-0.2983947 0.6771991 2.35816 -0.3216396 0.4924167 2.380901 -0.3925849 0.372963 2.273538 -0.1844696 0.4067924 2.477405 -0.3751155 0.2120061 2.099473 -0.01392133 0.2647514 2.453701 -0.1717396 0.2630232 2.123658 -0.06020198 0.4062522 2.295267 -0.1065462 0.310763 2.154715 -0.1324694 0.4514477 2.247045 -0.2974253 0.1460485 2.390728 -0.2713779 0.0801957 2.373795 -0.3115037 0.01928489 2.33201 -0.2156869 0.01618315 2.411572 -0.3787941 -0.4869446 2.429034 -0.2269222 -0.4697447 2.580645 -0.409754 -0.8583733 2.481899 -0.2792168 -0.8448721 2.695583 -0.3516513 -0.9025923 2.426631 -0.2038976 -0.9003314 2.687272
-0.2981379 0.6800765 2.35582 -0.3217165 0.4929645 2.380858 -0.3924085 0.3728297 2.274042 -0.1854156 0.4072859 2.480954 -0.3756933 0.2125377 2.101003 -0.01587316 0.2728616 2.446417 -0.1708415 0.2639859 2.125169 -0.07772608 0.4545995 2.255237 -0.1098504 0.3080353 2.155643 -0.1256761 0.4765637 2.232675 -0.2965808 0.1461034 2.390996 -0.2705159 0.08000554 2.375132 -0.3094476 0.01981146 2.333945 -0.2154494 0.01614503 2.412639 -0.3788503 -0.4869132 2.428964 -0.2270409 -0.4696127 2.580768 -0.4097509 -0.8575955 2.481776 -0.2775173 -0.844238 2.691645 -0.3510473 -0.9017593 2.427104 -0.2366806 -0.9053246 2.717324
-0.2982994 0.680409 2.35525 -0.3221816 0.4936239 2.380689 -0.3923823 0.3728364 2.274267 -0.1850967 0.4084278 2.483266 -0.3779469 0.2132804 2.102937 -0.01138899 0.2824298 2.433573 -0.1778074 0.2579165 2.12329 -0.05371166 0.4596696 2.255206 -0.109638 0.3082877 2.156631 -0.08098821 0.4861975 2.218537 -0.2961423 0.1460566 2.391033 -0.2704027 0.0796831 2.376017 -0.30905 0.01973454 2.335311 -0.2155373 0.01600879 2.413192 -0.3789626 -0.4870809 2.428861 -0.2265351 -0.4689231 2.579852 -0.4097277 -0.8573881 2.481791 -0.2742869 -0.8419287 2.684969 -0.3507876 -0.9015341 2.42736 -0.242382 -0.905175 2.73018
-0.2980917 0.6805334 2.354877 -0.3240083 0.4942679 2.379965 -0.3924215 0.372832 2.274419 -0.1849902 0.4097885 2.486293 -0.3786561 0.2139163 2.104369 -0.005867139 0.2848633 2.427703 -0.1780575 0.2588595 2.124505 -0.03419797 0.4793502 2.21693 -0.1093877 0.3087208 2.158281 -0.06271895 0.4961695 2.197943 -0.2964911 0.1456711 2.391489 -0.2705121 0.07909449 2.376851 -0.3088734 0.01946743 2.337426 -0.2156571 0.01594122 2.413356 -0.3789326 -0.4880086 2.429443 -0.226483 -0.4689098 2.579827 -0.4097956 -0.8574207 2.482006 -0.2780568 -0.8429797 2.692213 -0.3504948 -0.9015296 2.427938 -0.1992709 -0.9018764 2.699824
-0.2990136 0.6802701 2.355409 -0.3251261 0.4943528 2.379231 -0.3925664 0.372771 2.274389 -0.1862949 0.4093291 2.485977 -0.3791479 0.2146557 2.105726 -0.002313353 0.2885346 2.423169 -0.1778709 0.2593406 2.12565 0.06237217 0.4211787 2.263414 -0.1106904 0.3091225 2.160974 -0.03347671 0.5158181 2.152308 -0.296951 0.1441426 2.391829 -0.270786 0.07697489 2.377461 -0.3088419 0.01870867 2.338633 -0.2161496 0.01517745 2.413238 -0.3791884 -0.4878007 2.429431 -0.2266628 -0.4688631 2.57979 -0.4094675 -0.8571493 2.482224 -0.2779436 -0.8429209 2.692091 -0.3500329 -0.9012533 2.4283 -0.1976776 -0.9004389 2.691368
-0.2987189 0.6785176 2.354751 -0.3260037 0.4942299 2.378906 -0.3927417 0.3722681 2.274101 -0.1871001 0.4093009 2.486314 -0.3786937 0.2126214 2.104451 0.01077892 0.2957609 2.392933 -0.1776344 0.2599031 2.126601 0.0363638 0.4268174 2.220257 -0.1120989 0.309414 2.163804 0.0102401 0.493884 2.133532 -0.2975343 0.1432068 2.391948 -0.2712401 0.07592337 2.377662 -0.3090605 0.01822374 2.339237 -0.216858 0.01474964 2.412954 -0.3794379 -0.4876828 2.429274 -0.2274005 -0.469755 2.580379 -0.4092886 -0.8581173 2.483061 -0.2779624 -0.8429273 2.692114 -0.3496871 -0.902206 2.42931 -0.2272426 -0.9032114 2.713668
-0.3011065 0.6816244 2.355081 -0.3272545 0.4954555 2.378559 -0.3927466 0.3724718 2.274369 -0.1872583 0.4092234 2.486926 -0.3804407 0.2135122 2.106248 0.01076442 0.2957081 2.394077 -0.1779347 0.2599327 2.127217 0.08636636 0.4015266 2.218547 -0.1128291 0.3094546 2.165768 0.04146871 0.4650656 2.098706 -0.2978149 0.1434483 2.392129 -0.2714103 0.07614006 2.377879 -0.3090746 0.01826284 2.339235 -0.2172409 0.0148766 2.413641 -0.3799021 -0.4884415 2.429314 -0.2274284 -0.4695874 2.580178 -0.4101455 -0.8586948 2.483812 -0.2780211 -0.842935 2.692162 -0.3504678 -0.9027711 2.430136 -0.2289108 -0.9038558 2.716384
-0.3013023 0.6815492 2.355077 -0.3288947 0.495979 2.378157 -0.3929451 0.372706 2.274393 -0.1787592 0.3969713 2.492137 -0.3814398 0.2143759 2.107029 0.01060414 0.2958315 2.394566 -0.173035 0.2662225 2.13498 0.08759148 0.3786466 2.206768 -0.1146585 0.3091596 2.166956 0.07537806 0.4343674 2.071964 -0.2983829 0.1435559 2.392376 -0.2718855 0.07624907 2.37809 -0.3097641 0.01837952 2.339407 -0.2174963 0.01430384 2.413945 -0.3802631 -0.4892299 2.429364 -0.2275408 -0.4697878 2.580323 -0.4099023 -0.8592562 2.483955 -0.2782099 -0.8430508 2.69246 -0.3504235 -0.9033486 2.430073 -0.1970029 -0.8975142 2.675736
-0.3029492 0.6813645 2.354823 -0.3297241 0.4961351 2.378304 -0.3933254 0.3723363 2.274236 -0.1781052 0.3955531 2.492818 -0.3820517 0.2150826 2.107535 0.01858315 0.3004212 2.378994 -0.1718469 0.2700669 2.138539 0.09632225 0.3749716 2.187834 -0.1155636 0.3094404 2.168346 0.1093683 0.3733853 2.052308 -0.2990544 0.1435864 2.392683 -0.2724783 0.0762924 2.378383 -0.3106581 0.01819598 2.339366 -0.2178767 0.01361179 2.414602 -0.3811218 -0.4897034 2.428932 -0.2274674 -0.4696011 2.580206 -0.4099323 -0.8592442 2.484119 -0.2782372 -0.8430141 2.692512 -0.3504559 -0.9033358 2.430234 -0.1977845 -0.8980393 2.67787
-0.3029258 0.6811527 2.354597 -0.3306591 0.4965941 2.378503 -0.3947529 0.372247 2.274238 -0.1781432 0.395081 2.493116 -0.3826079 0.2162088 2.107708 0.01463183 0.2999528 2.378116 -0.1706926 0.2720464 2.140641 0.091772 0.3140043 2.151896 -0.1161797 0.3097785 2.169693 0.1187633 0.3189209 2.077442 -0.2993735 0.1435297 2.393018 -0.2727497 0.07621253 2.378668 -0.3111817 0.01794226 2.339755 -0.2178992 0.01336821 2.414799 -0.3815599 -0.4901512 2.42896 -0.2273944 -0.4695671 2.580115 -0.4099522 -0.8596162 2.484224 -0.277246 -0.8430598 2.69067 -0.350615 -0.9037174 2.430195 -0.2380359 -0.9039884 2.71971
-0.3029823 0.6813493 2.355363 -0.3311139 0.4966845 2.378659 -0.3949535 0.3733206 2.274774 -0.1777738 0.394128 2.493266 -0.3831917 0.2194286 2.10889 -0.00509112 0.2924137 2.390301 -0.1705637 0.2729199 2.141669 0.1285096 0.2717829 2.219029 -0.1166105 0.3106711 2.171723 0.1353512 0.2623959 2.107485 -0.2996112 0.1434585 2.393414 -0.2729554 0.07612393 2.379066 -0.3115077 0.01789662 2.340238 -0.2179162 0.01310289 2.415124 -0.3819894 -0.4907189 2.429532 -0.2276115 -0.4696365 2.580253 -0.4099174 -0.8608294 2.484812 -0.2770199 -0.8428016 2.690393 -0.3506648 -0.9049397 2.430698 -0.2015135 -0.897096 2.67659
-0.3044074 0.6809301 2.355494 -0.3318932 0.4969252 2.379648 -0.3949594 0.3734976 2.274789 -0.1777457 0.3917791 2.492511 -0.3832642 0.2195738 2.109011 -0.009435281 0.2879833 2.388822 -0.1705685 0.2731282 2.141856 0.1265407 0.2605532 2.220645 -0.1177943 0.3119516 2.173972 0.1562609 0.1940182 2.056586 -0.3003202 0.143255 2.393943 -0.2736405 0.07589964 2.379476 -0.3122756 0.01773956 2.340249 -0.2185633 0.01226903 2.415817 -0.3820793 -0.4907099 2.429515 -0.2278334 -0.4694199 2.580249 -0.4099172 -0.8608334 2.484797 -0.2770515 -0.8428205 2.690354 -0.3507144 -0.9049426 2.430629 -0.2016307 -0.8972149 2.677166
-0.3042419 0.6802599 2.356105 -0.3324909 0.4965691 2.379489 -0.3952197 0.373658 2.274724 -0.1796079 0.3848742 2.489304 -0.3828609 0.2194424 2.108996 0.008655205 0.2571084 2.344117 -0.1707238 0.2736045 2.142323 0.1667279 0.2176857 2.201663 -0.1178953 0.3126346 2.175287 0.1596127 0.1373153 2.082434 -0.3020579 0.1420953 2.393716 -0.2756256 0.074498 2.379188 -0.3147102 0.016416 2.339486 -0.2206243 0.01012303 2.415697 -0.382214 -0.4909397 2.429508 -0.2279911 -0.4694131 2.580295 -0.4100611 -0.8603746 2.484676 -0.2767869 -0.8427144 2.690182 -0.3509201 -0.9045054 2.430457 -0.232264 -0.9050788 2.703837
-0.3047725 0.6798361 2.358195 -0.3327555 0.4963077 2.379313 -0.3956679 0.3734235 2.274448 -0.1794763 0.3701041 2.483284 -0.3816451 0.2167731 2.107648 0.005881483 0.2482416 2.348888 -0.1708948 0.2742991 2.142803 0.1566306 0.1814202 2.208976 -0.1201947 0.3133614 2.17661 0.1481465 0.08938167 2.100375 -0.3022535 0.1407066 2.393003 -0.276916 0.07256803 2.37911 -0.3167421 0.01425439 2.339018 -0.2215788 0.007296678 2.415902 -0.3825745 -0.4915339 2.429967 -0.2288417 -0.4699381 2.580898 -0.4100537 -0.8595577 2.484024 -0.2766805 -0.8424801 2.690137 -0.3514916 -0.9037641 2.429243 -0.236582 -0.9036251 2.716808
-0.306236 0.6788597 2.358438 -0.3332896 0.4961127 2.378861 -0.397486 0.3725774 2.273472 -0.2047134 0.3999833 2.475553 -0.3816656 0.2169237 2.108083 -0.00444526 0.2260162 2.367524 -0.1726812 0.2740868 2.141889 0.1139272 0.1341445 2.210094 -0.1224355 0.3127837 2.176778 0.1381062 0.06527282 2.117914 -0.3030953 0.1403227 2.3926 -0.2772641 0.07219702 2.379249 -0.3167464 0.01415061 2.338975 -0.2225502 0.007191359 2.416601 -0.3829806 -0.4923889 2.430444 -0.2287126 -0.4694818 2.580208 -0.410054 -0.8600726 2.484171 -0.2730909 -0.8389549 2.685376 -0.3498058 -0.9041038 2.431103 -0.2373538 -0.9017458 2.718303
-0.3063025 0.6789302 2.358272 -0.3338357 0.4963274 2.378288 -0.398094 0.3722019 2.272949 -0.1805503 0.3555799 2.478975 -0.3815899 0.217169 2.108346 -0.008854564 0.216433 2.375629 -0.1733305 0.2741995 2.141843 0.1043439 0.1233203 2.214875 -0.1215473 0.3137874 2.178399 0.1249191 0.04297073 2.128245 -0.3031736 0.1399321 2.391459 -0.2787284 0.07142983 2.378137 -0.3198221 0.01313572 2.336288 -0.2232477 0.005567424 2.415991 -0.3837532 -0.4920599 2.430228 -0.2288015 -0.469444 2.580341 -0.4098998 -0.8601428 2.483893 -0.2735445 -0.8388643 2.686184 -0.3516469 -0.9043919 2.428818 -0.1984523 -0.9007984 2.694015
-0.3065628 0.6788228 2.357742 -0.3343687 0.4965943 2.37775 -0.3984467 0.3717811 2.272215 -0.1804362 0.3560473 2.479862 -0.3814958 0.2170577 2.108151 -0.01239832 0.2101298 2.37918 -0.1734375 0.2742673 2.141821 0.08636126 0.1038967 2.216925 -0.1219725 0.3142294 2.179152 0.1105461 0.02449667 2.138629 -0.3034476 0.1398913 2.389954 -0.2795787 0.07123825 2.377189 -0.3209212 0.01313364 2.335193 -0.2236926 0.005083827 2.415086 -0.3837832 -0.4922247 2.430317 -0.2285124 -0.4686469 2.579852 -0.4099201 -0.8588493 2.483158 -0.2731049 -0.8371488 2.682935 -0.3515145 -0.9030825 2.428231 -0.2461164 -0.9039121 2.712469
-0.3063273 0.6792896 2.356789 -0.3348264 0.4971012 2.377205 -0.3986106 0.3719168 2.271859 -0.2080811 0.4001895 2.477709 -0.381426 0.2171779 2.107842 -0.01529642 0.2076819 2.385282 -0.1736772 0.2742216 2.141599 0.07888078 0.09986187 2.221209 -0.1218339 0.3141987 2.178846 0.09845986 0.02432313 2.143062 -0.3044795 0.139584 2.38873 -0.2799213 0.07086086 2.376611 -0.3207354 0.01339103 2.334901 -0.2251628 0.005500713 2.413939 -0.3841881 -0.4924862 2.429859 -0.2288193 -0.4691403 2.580331 -0.4099084 -0.8587703 2.48318 -0.2733639 -0.8374824 2.683365 -0.3488036 -0.9027122 2.431025 -0.2448065 -0.9022697 2.715692
-0.3057617 0.6785065 2.355266 -0.3350886 0.4969555 2.376583 -0.3990409 0.371616 2.270951 -0.2080841 0.4000222 2.477484 -0.3814273 0.217148 2.106684 -0.01995231 0.2072639 2.391897 -0.1740582 0.2739685 2.140771 0.05925057 0.0775522 2.236729 -0.1215405 0.3142609 2.178692 0.07904601 0.03023912 2.14844 -0.3046564 0.140113 2.388518 -0.2800815 0.07167156 2.376457 -0.31997 0.01506574 2.33461 -0.2261596 0.007484213 2.414092 -0.3842181 -0.4924675 2.429838 -0.2295054 -0.469849 2.581148 -0.4097117 -0.857968 2.482913 -0.2731128 -0.8376214 2.682976 -0.3485783 -0.9019086 2.430792 -0.244162 -0.9000225 2.720051
-0.3056287 0.6784128 2.353829 -0.3353418 0.4970813 2.375987 -0.3990971 0.3715379 2.270531 -0.1807752 0.3576812 2.490546 -0.3764326 0.211971 2.101951 -0.0222744 0.2064506 2.395063 -0.1772179 0.2713306 2.137269 0.05600294 0.08039814 2.23613 -0.1200629 0.3147344 2.178353 0.0645497 0.03613381 2.142899 -0.3051658 0.1415939 2.387954 -0.280988 0.0735724 2.375553 -0.321039 0.01637585 2.332688 -0.226219 0.007589646 2.414108 -0.3844916 -0.4926436 2.429664 -0.2296067 -0.4699535 2.581162 -0.4097269 -0.8573797 2.482648 -0.2728637 -0.838004 2.682321 -0.3496779 -0.9014416 2.429382 -0.2020549 -0.899595 2.688088
-0.3060367 0.6785041 2.351953 -0.3358906 0.4972706 2.37505 -0.3998311 0.3710864 2.269383 -0.1816832 0.3589332 2.491273 -0.3764466 0.2121697 2.101934 -0.02405408 0.2062153 2.39754 -0.1758464 0.2923378 2.15745 0.0435994 0.1178945 2.208582 -0.1118136 0.3179279 2.179459 0.05028091 0.04418331 2.133793 -0.3066299 0.1436768 2.387004 -0.2825928 0.07618609 2.374712 -0.322263 0.01760477 2.331389 -0.2270762 0.008667434 2.414177 -0.3851491 -0.4929686 2.429428 -0.2369699 -0.4740505 2.591198 -0.410012 -0.8594076 2.483549 -0.27233 -0.8380142 2.681479 -0.3497388 -0.903454 2.430525 -0.2003694 -0.8990258 2.685127
