0.08353297 0.6300795 2.340998 0.06589438 0.467138 2.359968 0.04955264 0.3101725 2.26578 0.1795269 0.4361474 2.611389 0.2046681 0.1681053 2.192585 0.2847499 0.1999274 2.521311 0.3902861 0.1136108 2.21601 0.2737339 0.072356 2.657613 0.4521587 0.09544589 2.228246 0.2700619 0.02983221 2.707474 0.1173745 0.05720076 2.418392 0.127956 -0.02462558 2.433358 0.09100741 -0.05688123 2.414051 0.1754537 -0.07230627 2.462518 0.04149173 -0.504088 2.419376 0.190899 -0.5264383 2.720924 -0.03886035 -0.8837556 2.463489 0.1411409 -0.8277333 2.746035 0.03098878 -0.9455836 2.435514 0.2006744 -0.8782721 2.806164
0.08355511 0.6301519 2.340865 0.06589352 0.4672148 2.359842 0.04954043 0.3102853 2.265857 0.179526 0.4362242 2.611263 0.2014553 0.1680244 2.193064 0.2986037 0.2794509 2.588888 0.3628718 0.1049948 2.273287 0.2112193 0.3265421 2.745657 0.4122813 0.1003425 2.318583 0.1820911 0.3422392 2.802341 0.1174414 0.05714006 2.418672 0.1280336 -0.02476669 2.433845 0.09102796 -0.0567659 2.415241 0.1755484 -0.07263802 2.462793 0.04149134 -0.5038568 2.419318 0.1903412 -0.527035 2.721009 -0.03877818 -0.8834429 2.463417 0.1418807 -0.8285795 2.745893 0.03018898 -0.9455928 2.437954 0.2018911 -0.8787892 2.805825
0.08355457 0.6301914 2.340724 0.06586399 0.4672164 2.359587 0.0494699 0.3102875 2.265923 0.1794965 0.4362258 2.611008 0.1995447 0.1677119 2.193321 0.2888992 0.2837036 2.644425 0.3806881 0.09833661 2.213877 0.3439096 0.3632637 2.459636 0.4454998 0.08230767 2.275575 0.3409125 0.3581817 2.449372 0.1175667 0.05692304 2.419137 0.1282018 -0.02511923 2.434641 0.09099452 -0.05690794 2.417466 0.1758817 -0.07333288 2.46312 0.04143638 -0.503945 2.419326 0.190325 -0.5267226 2.721115 -0.03880521 -0.883548 2.463452 0.1419685 -0.8283075 2.745857 0.0314137 -0.9461252 2.437564 0.1732209 -0.9034646 2.756116
0.08272938 0.6300951 2.340152 0.06586973 0.4672213 2.359543 0.04943624 0.3102828 2.265931 0.1795022 0.4362307 2.610964 0.1975452 0.1639429 2.193512 0.2875665 0.2849823 2.64983 0.3820846 0.1070597 2.218704 0.3582945 0.372616 2.475028 0.4435978 0.08809865 2.231529 0.3522871 0.3649523 2.455535 0.1176454 0.05705112 2.419686 0.1282715 -0.02494389 2.435412 0.09101023 -0.05673444 2.418308 0.1759783 -0.07322797 2.46383 0.04156531 -0.503718 2.419326 0.1896184 -0.5278934 2.721319 -0.03951928 -0.8858657 2.463062 0.1421011 -0.8296446 2.745864 0.0288629 -0.9460546 2.438172 0.1728063 -0.9034687 2.754479
0.08275808 0.6302409 2.3401 0.06567886 0.4673128 2.359277 0.04920539 0.3104512 2.266092 0.1793114 0.4363222 2.610698 0.1970538 0.1625621 2.193107 0.2944264 0.2920854 2.653292 0.3831712 0.1106823 2.217766 0.3798568 0.3764592 2.483954 0.4411477 0.1062466 2.251437 0.3781775 0.3753022 2.463932 0.1180225 0.05750383 2.420623 0.1288573 -0.0243298 2.436817 0.09158465 -0.05603208 2.420916 0.1767204 -0.07259282 2.464641 0.04150915 -0.5035794 2.419364 0.1890255 -0.5287073 2.721447 -0.03993805 -0.8848016 2.463212 0.1417358 -0.8305323 2.745764 0.02897082 -0.9449114 2.438843 0.2075296 -0.8754576 2.80379
0.08280244 0.6301 2.340117 0.06548639 0.4671145 2.359065 0.04856381 0.3101702 2.266179 0.1791189 0.4361238 2.610486 0.1951241 0.1624801 2.192796 0.3071034 0.3012421 2.649203 0.3824582 0.1088472 2.2078 0.40712 0.3923419 2.492854 0.4150843 0.05657332 2.181011 0.4024888 0.3702861 2.469837 0.1180963 0.05759699 2.42106 0.1289732 -0.02415793 2.43742 0.09154198 -0.05603243 2.421747 0.1770338 -0.07235947 2.465117 0.04163395 -0.5023232 2.419068 0.1889078 -0.5285748 2.721643 -0.04042924 -0.882943 2.463143 0.1414405 -0.8304644 2.745402 0.02888808 -0.9438398 2.440496 0.2059498 -0.8761311 2.804286
0.08263602 0.6288893 2.340446 0.06504287 0.4664977 2.360948 0.04702562 0.3094893 2.26667 0.1786754 0.435507 2.612369 0.1938806 0.1631607 2.192124 0.3030176 0.302097 2.660536 0.3799748 0.1067398 2.209764 0.4265577 0.37061 2.510088 0.4313856 0.09324452 2.250867 0.4533423 0.3615001 2.456591 0.1180635 0.05808626 2.421819 0.1289467 -0.02353959 2.437956 0.09147829 -0.05580738 2.422398 0.1771073 -0.07176461 2.465231 0.04164201 -0.5023103 2.419064 0.1890638 -0.5291597 2.721939 -0.04084393 -0.8821594 2.463007 0.1413675 -0.8310678 2.745363 0.03263805 -0.9441802 2.441372 0.2060009 -0.8766925 2.804144
0.08080081 0.6283418 2.339687 0.06384678 0.4659524 2.360381 0.0453369 0.3090919 2.267346 0.2631731 0.3679432 2.674145 0.1930653 0.1628933 2.192095 0.4214342 0.252407 2.628705 0.3791961 0.1074029 2.211162 0.3760484 0.4131397 2.511138 0.4367764 0.09506635 2.24352 0.4608659 0.351377 2.467422 0.1175361 0.06070023 2.421815 0.1284889 -0.01949769 2.437937 0.08539642 -0.05561333 2.424647 0.1840507 -0.06961242 2.463872 0.04163348 -0.5023321 2.419098 0.1893639 -0.5294261 2.722443 -0.04092094 -0.8823937 2.462826 0.1412476 -0.8313824 2.745162 0.03414587 -0.9427394 2.441904 0.2058648 -0.8769131 2.804034
0.07902658 0.6272129 2.339141 0.06274965 0.4653668 2.361467 0.04344092 0.3082161 2.267789 0.2561796 0.368017 2.675606 0.1916463 0.1630235 2.192305 0.4157434 0.2544157 2.629429 0.3783042 0.108267 2.209529 0.4225911 0.4045971 2.488991 0.4367062 0.1019239 2.242143 0.4797976 0.3348516 2.471312 0.1173791 0.06087678 2.422004 0.1284 -0.01934139 2.438007 0.08292495 -0.05668742 2.425401 0.1857089 -0.06970978 2.463572 0.04237402 -0.5002392 2.418894 0.189401 -0.5294939 2.722392 -0.0409655 -0.8806704 2.46137 0.1411097 -0.8313748 2.745403 0.03351307 -0.9422055 2.441856 0.2057202 -0.8769296 2.804264
0.07604501 0.625801 2.337736 0.06164737 0.464517 2.361973 0.04145706 0.3067967 2.268365 0.1837428 0.4033497 2.649982 0.1914069 0.1631012 2.192192 0.3509125 0.3010177 2.642685 0.3778906 0.1081626 2.210144 0.4864977 0.340707 2.492249 0.4344187 0.1061494 2.24641 0.4912412 0.3171375 2.473748 0.1173569 0.05963396 2.422645 0.1285911 -0.02094264 2.438632 0.08364374 -0.05765422 2.425432 0.1854343 -0.0700339 2.464007 0.0424844 -0.499933 2.418853 0.1896494 -0.5290034 2.722593 -0.04089767 -0.8815739 2.462267 0.1414852 -0.8311441 2.744106 0.03256204 -0.9434258 2.440075 0.177041 -0.9148788 2.743657
0.07421921 0.6242666 2.337318 0.06067756 0.4636009 2.363285 0.04072404 0.3064069 2.268207 0.1837682 0.4032926 2.650365 0.1873122 0.1643191 2.192749 0.3500332 0.299826 2.6448 0.3744824 0.109424 2.206369 0.4985346 0.3126713 2.502863 0.4313505 0.1081393 2.242133 0.4992426 0.3036954 2.478364 0.1173405 0.05945043 2.422851 0.1286279 -0.02108015 2.43871 0.08462438 -0.05764603 2.425058 0.1847222 -0.06976499 2.46434 0.04229123 -0.5002254 2.419081 0.1898749 -0.5287533 2.722943 -0.0408836 -0.8817549 2.462066 0.1412493 -0.8307788 2.744716 0.03380403 -0.9425761 2.44116 0.2027729 -0.8780271 2.801512
0.07256495 0.6231894 2.336685 0.06001832 0.4627595 2.363427 0.0402547 0.3061656 2.268186 0.1837589 0.4031644 2.650337 0.1828117 0.1673391 2.192389 0.3481379 0.2969604 2.645947 0.3681096 0.1077905 2.208914 0.5053142 0.2894857 2.514303 0.424987 0.1077135 2.244686 0.503894 0.2839475 2.482321 0.1135913 0.05573951 2.424459 0.1239744 -0.02571844 2.440526 0.08035555 -0.06089222 2.425784 0.1793958 -0.07268765 2.466555 0.04185405 -0.5014053 2.41957 0.1899001 -0.5287349 2.722723 -0.04052751 -0.8820568 2.461997 0.1412654 -0.8307304 2.744674 0.03335133 -0.9432181 2.439285 0.2031393 -0.8807982 2.802807
0.07078337 0.6220757 2.335647 0.05940914 0.4621038 2.363699 0.03997305 0.3056392 2.26797 0.1837191 0.4030505 2.65037 0.1801443 0.169289 2.191835 0.3503693 0.290087 2.645921 0.3646092 0.1074892 2.208938 0.5114148 0.2784887 2.519947 0.4195352 0.1076874 2.24764 0.508103 0.2736136 2.48508 0.1104221 0.05416111 2.425167 0.120243 -0.02746035 2.441146 0.07661153 -0.06226411 2.425595 0.1743064 -0.07373963 2.467827 0.04184995 -0.5014097 2.419689 0.1903963 -0.5275255 2.722979 -0.04067722 -0.8821327 2.462106 0.1410351 -0.8295397 2.744063 0.03026421 -0.9439853 2.439764 0.1705256 -0.8987925 2.739843
0.06928941 0.6210394 2.334847 0.05874073 0.461441 2.363912 0.03941291 0.3049629 2.267841 0.1836048 0.4028651 2.650398 0.1800526 0.1691562 2.191682 0.3521296 0.2878044 2.646863 0.364872 0.1080945 2.208114 0.5131004 0.2678842 2.521952 0.4196571 0.1074848 2.247011 0.5113508 0.2648184 2.486943 0.1081111 0.05184072 2.425442 0.1176488 -0.03016447 2.441294 0.07412903 -0.06411716 2.425352 0.1712856 -0.07655746 2.468103 0.04180107 -0.5014501 2.419775 0.1904358 -0.5267491 2.723008 -0.04062847 -0.8821399 2.462013 0.1414024 -0.8289207 2.743419 0.02285767 -0.9432958 2.435357 0.2007611 -0.8777182 2.802125
0.068289 0.6205285 2.334353 0.05847888 0.4611012 2.363926 0.03913188 0.3042264 2.267671 0.1835913 0.4027644 2.650363 0.1791383 0.1697925 2.191096 0.3538094 0.2848484 2.647114 0.3636807 0.1082553 2.208258 0.5095355 0.2559915 2.516843 0.4183122 0.107094 2.247359 0.5141705 0.2562778 2.491424 0.1080039 0.05155091 2.425813 0.117608 -0.03043764 2.441717 0.07400399 -0.06450714 2.426041 0.1712791 -0.07660222 2.468292 0.04172194 -0.5015042 2.419944 0.190356 -0.5269879 2.722987 -0.04023407 -0.8821055 2.461594 0.1413394 -0.8290953 2.74383 0.02311123 -0.9431392 2.435188 0.1731542 -0.9054239 2.750969
0.06708983 0.6200238 2.333677 0.05836708 0.4608559 2.363992 0.03903898 0.3040883 2.267595 0.1836255 0.4026756 2.650364 0.1786717 0.1699443 2.190798 0.3557682 0.2819914 2.647864 0.3637237 0.1101887 2.208412 0.5136035 0.2523534 2.520656 0.4181794 0.1085823 2.247742 0.5159001 0.2485467 2.492644 0.1029057 0.04944579 2.425213 0.1107806 -0.03306902 2.44071 0.06707079 -0.06585892 2.424556 0.1620723 -0.08049 2.46716 0.04215857 -0.5002754 2.419887 0.1902729 -0.5277307 2.722686 -0.0398003 -0.8810291 2.46097 0.1420152 -0.8298649 2.744139 0.03091971 -0.9453515 2.439807 0.2034469 -0.882811 2.798189
0.06676281 0.6196855 2.333699 0.05770518 0.460242 2.363338 0.038863 0.3038039 2.267531 0.1760191 0.4075137 2.638088 0.178877 0.1695552 2.190566 0.3567092 0.2800045 2.647753 0.3648888 0.113067 2.20856 0.5154456 0.247793 2.522513 0.4192091 0.1110108 2.248056 0.5177981 0.2409277 2.49358 0.1012105 0.04813094 2.425048 0.1091637 -0.03441221 2.440692 0.06622787 -0.06625219 2.424412 0.1597875 -0.08211143 2.46741 0.04212514 -0.500326 2.419958 0.1903048 -0.527077 2.722037 -0.03991421 -0.8809346 2.46149 0.1421529 -0.8291665 2.743879 0.03207736 -0.945255 2.441619 0.2036199 -0.8823192 2.798947
0.06675213 0.6194593 2.333689 0.05759058 0.4599956 2.363267 0.03851037 0.3037274 2.267653 0.175297 0.4082734 2.636769 0.1756669 0.171801 2.189975 0.330238 0.2872081 2.650913 0.3610647 0.1128869 2.207126 0.4906499 0.2289241 2.539445 0.4265788 0.1021968 2.217541 0.5196254 0.2350278 2.496142 0.1006489 0.04767844 2.424961 0.1086268 -0.03485313 2.440605 0.06558935 -0.06665359 2.424349 0.1594056 -0.08234549 2.467286 0.04193573 -0.5011176 2.42034 0.1904055 -0.5268987 2.721701 -0.04004954 -0.881337 2.461375 0.1421562 -0.8289222 2.743859 0.02931973 -0.9444256 2.442473 0.1777608 -0.9029805 2.764277
0.06670862 0.6193376 2.333627 0.05748083 0.4599085 2.363276 0.03851348 0.3037112 2.267639 0.1746923 0.40902 2.636013 0.1755186 0.172139 2.189724 0.347802 0.2764668 2.649224 0.3611301 0.1138754 2.206825 0.5053419 0.2233318 2.530457 0.4227274 0.09164503 2.191777 0.522208 0.224578 2.499378 0.09997863 0.04708272 2.424587 0.1079225 -0.03555894 2.440112 0.06510002 -0.06700473 2.423914 0.1584786 -0.08299137 2.466614 0.04190984 -0.5011563 2.420472 0.190735 -0.5265203 2.72145 -0.04005297 -0.8814322 2.461389 0.1424502 -0.8285264 2.74368 0.02571242 -0.942858 2.441329 0.1768308 -0.905549 2.759711
0.06618741 0.6193275 2.332993 0.05728409 0.4599341 2.362767 0.0384663 0.3036544 2.267635 0.1739749 0.4103339 2.633963 0.1781669 0.1706138 2.188693 0.3213751 0.2889708 2.65599 0.3640788 0.1155786 2.209721 0.4866337 0.2252264 2.541742 0.4244092 0.09191501 2.191969 0.5250823 0.2064481 2.501252 0.09969949 0.04676883 2.424419 0.1076715 -0.03594024 2.439998 0.06491546 -0.06724254 2.423854 0.1582049 -0.08335264 2.466478 0.04198846 -0.5014297 2.420659 0.191276 -0.5256068 2.721155 -0.04011686 -0.8817928 2.461708 0.1424703 -0.8275064 2.743526 0.02435233 -0.9422779 2.442385 0.2009013 -0.8755773 2.806692
0.06591628 0.6195138 2.332725 0.0569547 0.4598804 2.361937 0.03848511 0.303576 2.267457 0.1733108 0.4111317 2.632141 0.1781825 0.1705945 2.188656 0.3127626 0.2751269 2.634794 0.3646467 0.1169247 2.208838 0.4885374 0.2123356 2.541503 0.4229954 0.09144338 2.187367 0.5327823 0.1823918 2.499752 0.09921332 0.04665738 2.42389 0.107239 -0.03604771 2.439544 0.0648022 -0.06718711 2.423699 0.1571889 -0.0835036 2.465521 0.04196889 -0.5015419 2.420658 0.1913538 -0.5251983 2.721054 -0.04017635 -0.8818214 2.461755 0.1429133 -0.8271778 2.743292 0.02434328 -0.942166 2.442016 0.1772508 -0.9048772 2.753214
0.06558707 0.6192103 2.332392 0.05674532 0.459658 2.361808 0.03852426 0.3037391 2.267192 0.1730385 0.4111962 2.631846 0.1781636 0.1707432 2.188426 0.3117579 0.274379 2.634183 0.3651741 0.1184988 2.207804 0.493969 0.1773497 2.535436 0.4182602 0.09491364 2.174034 0.5302093 0.1584881 2.502581 0.09876658 0.04582479 2.423653 0.1068115 -0.0370136 2.439288 0.06446087 -0.06754555 2.423257 0.1567882 -0.08440676 2.465502 0.04215058 -0.5017436 2.420571 0.1912477 -0.5254113 2.720567 -0.04013914 -0.8813734 2.461785 0.1426596 -0.8273417 2.742964 0.02878289 -0.9437978 2.43733 0.2049273 -0.8773276 2.800749
0.06468895 0.6186613 2.331676 0.056636 0.4593062 2.361643 0.03878179 0.3035234 2.266969 0.1729168 0.4111387 2.63159 0.1775484 0.1722313 2.187776 0.3110871 0.2737111 2.633655 0.3653135 0.1182212 2.198911 0.4799533 0.1593 2.545786 0.4199594 0.09244955 2.169508 0.5184484 0.1341742 2.515626 0.0982042 0.04501506 2.423441 0.1061953 -0.03790281 2.439075 0.0639542 -0.067881 2.422976 0.1560841 -0.08545536 2.465365 0.04221141 -0.5021654 2.420561 0.1911843 -0.5257475 2.720764 -0.0401525 -0.8811039 2.462442 0.1425566 -0.8277048 2.742951 0.02925196 -0.9436117 2.437381 0.2052954 -0.8762234 2.801473
0.06385215 0.6180775 2.330239 0.05645802 0.4588144 2.360489 0.03846356 0.3033739 2.267194 0.1726542 0.411099 2.630058 0.1775201 0.1745212 2.186736 0.3102589 0.2730665 2.63193 0.364228 0.1172258 2.19848 0.4722766 0.1399737 2.544997 0.4205006 0.09746651 2.167531 0.5059162 0.09208705 2.51198 0.09803122 0.0446752 2.423051 0.1060607 -0.03820445 2.438789 0.06368934 -0.06808236 2.42274 0.1560908 -0.08587222 2.465052 0.04230623 -0.5022551 2.420437 0.1914804 -0.5248908 2.720607 -0.03976856 -0.8796355 2.46182 0.1426849 -0.8267936 2.742965 0.03002701 -0.9432845 2.437664 0.2049909 -0.8760805 2.801307
0.06238105 0.6172372 2.327906 0.05655809 0.4584217 2.359319 0.03827424 0.3033167 2.267182 0.1727136 0.411085 2.628613 0.1782074 0.1762709 2.185537 0.3099205 0.2726542 2.63047 0.3645791 0.117483 2.196305 0.4332146 0.1093712 2.575436 0.4217069 0.09968691 2.165734 0.4746594 0.08225009 2.524192 0.09771636 0.04430846 2.4222 0.1057132 -0.03855916 2.437996 0.06294088 -0.06844814 2.421527 0.1559675 -0.08624408 2.464575 0.04251642 -0.5028138 2.420372 0.1915616 -0.5262633 2.72113 -0.03993918 -0.8794785 2.461726 0.1418065 -0.8332779 2.74594 0.02970473 -0.9431054 2.43801 0.2067108 -0.8800546 2.803512
0.06172891 0.6168475 2.326598 0.0566788 0.4580603 2.358135 0.03830948 0.3033125 2.267157 0.1728 0.4110422 2.627234 0.1793205 0.1771506 2.185161 0.3096882 0.2722987 2.629101 0.3661848 0.1172893 2.188222 0.4147219 0.09956844 2.56819 0.4239793 0.1004282 2.158383 0.447475 0.05266267 2.519229 0.09709984 0.04399161 2.421092 0.1049697 -0.03886503 2.436888 0.06190201 -0.06854258 2.419739 0.1553425 -0.0865202 2.463961 0.0430469 -0.5023829 2.420201 0.1922463 -0.5233487 2.71973 -0.04001943 -0.8794078 2.461775 0.1419739 -0.8311532 2.744625 0.02965472 -0.9427273 2.439263 0.1771148 -0.9025487 2.762641
0.06179647 0.6162732 2.32321 0.05696039 0.4580395 2.355989 0.03851032 0.3033046 2.267029 0.1730531 0.4114003 2.624817 0.1909239 0.1731397 2.182925 0.3095803 0.2723302 2.626825 0.3792608 0.1198591 2.191068 0.3890278 0.08276974 2.566354 0.4473829 0.1337965 2.249629 0.4194705 0.0312598 2.522321 0.09665205 0.04367264 2.419807 0.1044371 -0.03922768 2.435729 0.06105068 -0.06892593 2.418206 0.1550046 -0.08671637 2.463256 0.04321531 -0.502618 2.420005 0.1927167 -0.5221174 2.718305 -0.04043103 -0.8806799 2.462953 0.1430652 -0.8308533 2.744283 0.02837552 -0.942575 2.437381 0.173003 -0.9044834 2.754289
0.06097243 0.6154981 2.320912 0.05829437 0.4573926 2.354084 0.03888071 0.3032941 2.266986 0.1743328 0.411051 2.622863 0.1969315 0.1759645 2.180481 0.3105892 0.2717216 2.6249 0.385627 0.1273167 2.195413 0.3699967 0.07262098 2.55333 0.4522369 0.1383651 2.256284 0.3876665 0.02464972 2.509596 0.09662528 0.04366911 2.418684 0.1042509 -0.03914185 2.434682 0.06051508 -0.06889598 2.416714 0.1549528 -0.08657886 2.462662 0.04355486 -0.5023242 2.419694 0.1931556 -0.5218458 2.718176 -0.04055202 -0.8810419 2.46318 0.1431158 -0.8300158 2.74381 0.02709643 -0.9424511 2.436161 0.2015479 -0.8783758 2.806757
0.06120086 0.6152243 2.319763 0.05907286 0.4571086 2.352932 0.03939999 0.3031266 2.266993 0.1750906 0.4109418 2.621664 0.2028967 0.1763892 2.178533 0.3111802 0.2714546 2.623725 0.3922592 0.1334433 2.197902 0.3546489 0.06008071 2.527917 0.4604555 0.142417 2.257341 0.3724247 0.01235978 2.484081 0.09588881 0.04341121 2.417451 0.1031055 -0.03940816 2.433334 0.05791959 -0.0689346 2.412497 0.1542814 -0.08702474 2.46262 0.04424342 -0.5017141 2.419065 0.1933839 -0.5217935 2.718089 -0.04069902 -0.8808645 2.46333 0.1432678 -0.8301041 2.743916 0.02742718 -0.9420645 2.436723 0.1788551 -0.9054505 2.761733
0.06223082 0.6150531 2.318819 0.05930265 0.4571655 2.352456 0.04118277 0.303556 2.266183 0.1753226 0.4110968 2.621134 0.2075926 0.178042 2.176484 0.284911 0.1737117 2.544045 0.3956022 0.1305997 2.197412 0.3748211 0.0002826154 2.506122 0.4659314 0.1394797 2.254326 0.374361 -0.0392101 2.451761 0.09461699 0.04295718 2.416219 0.1012941 -0.04003817 2.431904 0.05603829 -0.06884729 2.409861 0.1520363 -0.0880129 2.462326 0.04501668 -0.5009426 2.418421 0.1935494 -0.5208142 2.716438 -0.0399253 -0.8803264 2.462281 0.143525 -0.8282662 2.74199 0.03009896 -0.9433323 2.436831 0.2046942 -0.8770372 2.801948
0.0631442 0.6150025 2.318412 0.05942189 0.45726 2.352326 0.04175076 0.3038021 2.266061 0.1754516 0.4112611 2.620973 0.2134013 0.1780919 2.176366 0.2731572 0.1747063 2.52101 0.4011672 0.128107 2.194932 0.3321328 0.001190975 2.579723 0.4637558 0.1114453 2.205548 0.3383333 -0.04218168 2.528779 0.09519842 0.04293211 2.415644 0.1020806 -0.04009296 2.431231 0.056982 -0.06874906 2.409618 0.1529828 -0.08801815 2.461238 0.04510744 -0.5011203 2.418288 0.1956514 -0.5153507 2.714722 -0.0399814 -0.8804102 2.462523 0.143535 -0.8281306 2.742084 0.03018629 -0.9432045 2.438151 0.2041263 -0.877023 2.802529
0.06377228 0.615384 2.318182 0.05983439 0.4575779 2.351949 0.04254704 0.3039953 2.265719 0.1758773 0.4116847 2.620553 0.2175856 0.1774421 2.17572 0.2732305 0.1750426 2.520403 0.4073377 0.1308549 2.186786 0.2657988 0.04279312 2.652805 0.4705884 0.1153258 2.194902 0.2633216 -0.001290031 2.701366 0.09682143 0.04310911 2.415182 0.1041744 -0.03993736 2.430812 0.06022802 -0.06813738 2.409589 0.1547505 -0.08806394 2.46083 0.04551185 -0.5010881 2.417929 0.196128 -0.5156044 2.715449 -0.04034029 -0.8798333 2.462242 0.1432622 -0.8280041 2.741963 0.02714976 -0.9405454 2.440314 0.176951 -0.9143265 2.749956
0.0640604 0.6161351 2.318193 0.06022728 0.4582829 2.351867 0.0434133 0.3047781 2.265275 0.176281 0.4125225 2.620451 0.2198481 0.1771796 2.175551 0.2732622 0.1757434 2.520249 0.409391 0.1291971 2.185515 0.2657885 0.04331341 2.652486 0.472572 0.1132029 2.193264 0.2632972 -0.0008299276 2.700992 0.0976089 0.0433614 2.414791 0.105102 -0.03975165 2.430368 0.06165572 -0.06763457 2.40923 0.1554179 -0.08802456 2.460405 0.04558846 -0.5017394 2.417946 0.1958653 -0.5169577 2.715914 -0.04014809 -0.8794109 2.461919 0.1439123 -0.829318 2.74246 0.03034974 -0.9431742 2.435848 0.1772273 -0.9141266 2.750555
0.06434489 0.6166125 2.318202 0.06044927 0.4587485 2.351847 0.04378866 0.3050235 2.265068 0.1765033 0.4130713 2.620422 0.2214187 0.1762301 2.176231 0.2732433 0.1762111 2.520162 0.4104415 0.12548 2.184494 0.2657446 0.04374304 2.652363 0.4734491 0.1085632 2.191676 0.263245 -0.0004129633 2.700858 0.09789963 0.04354024 2.414284 0.1054253 -0.03961368 2.429744 0.06206076 -0.06747074 2.408764 0.1556542 -0.08793728 2.459638 0.04571018 -0.5032842 2.417833 0.1958881 -0.5173343 2.716052 -0.03988778 -0.8846565 2.461534 0.1443463 -0.8292727 2.742123 0.03128707 -0.9456505 2.435468 0.1767153 -0.9123039 2.750383
0.06623805 0.6175037 2.3191 0.06082695 0.4592675 2.351838 0.04401224 0.3054175 2.265089 0.1768792 0.4136555 2.620405 0.2233835 0.1746131 2.176672 0.2733485 0.1767018 2.520088 0.4100996 0.1165203 2.186455 0.2657883 0.04419327 2.65225 0.4647961 0.1229226 2.224954 0.2632682 2.37599E-05 2.700731 0.09790761 0.0436321 2.414134 0.1053929 -0.03955072 2.429579 0.06190053 -0.06725864 2.408354 0.1556537 -0.08795588 2.45962 0.04586841 -0.5033923 2.417503 0.1958859 -0.5174368 2.716063 -0.03932649 -0.8843644 2.460733 0.1446041 -0.8294844 2.742267 0.03150869 -0.9457673 2.435348 0.1766088 -0.9116499 2.749615
0.06858543 0.6184703 2.320598 0.06130917 0.4595978 2.351756 0.04405761 0.3055924 2.265182 0.1773524 0.4140244 2.620315 0.2245626 0.1732426 2.177877 0.273591 0.1769953 2.519937 0.4120278 0.1167616 2.185488 0.3392155 0.2914093 2.360461 0.4664491 0.1136984 2.224779 0.3454159 0.248037 2.309518 0.0985815 0.04523106 2.413066 0.1060741 -0.03755109 2.428253 0.06280077 -0.06495933 2.408511 0.1562234 -0.08640014 2.456375 0.04607434 -0.5029998 2.417216 0.196141 -0.516987 2.716062 -0.040086 -0.8835958 2.460972 0.1451828 -0.8285437 2.74072 0.02693659 -0.9417757 2.439831 0.2059358 -0.8752337 2.802725
0.07005198 0.6194316 2.322586 0.06136817 0.4597104 2.351637 0.04409199 0.3058404 2.265281 0.1774066 0.4141607 2.620186 0.2226669 0.1724915 2.178357 0.2735458 0.1771248 2.519698 0.4094962 0.113956 2.186014 0.3302386 0.2945174 2.358853 0.4717726 0.09444422 2.192994 0.336439 0.251145 2.30791 0.09891643 0.04537459 2.412704 0.1064693 -0.03742107 2.427876 0.06322218 -0.06481192 2.408322 0.1566206 -0.08628742 2.455914 0.04620411 -0.5029982 2.416991 0.1958599 -0.5177177 2.715671 -0.0400792 -0.8835986 2.460967 0.1452181 -0.8286015 2.740729 0.029456 -0.9430951 2.439562 0.2019713 -0.8775197 2.804773
0.07228483 0.620282 2.324477 0.06152158 0.4598278 2.351487 0.04399952 0.3061662 2.265288 0.177554 0.4142982 2.620029 0.2199366 0.1705676 2.179198 0.2735995 0.1772484 2.519463 0.4075513 0.1141321 2.185562 0.3528627 0.3355718 2.420034 0.4700896 0.09532022 2.192111 0.3792838 0.3883462 2.391318 0.09916466 0.04556657 2.412377 0.1067213 -0.03722947 2.427552 0.06337953 -0.06461441 2.408154 0.1569647 -0.0862073 2.455555 0.04624546 -0.5034214 2.416886 0.1959059 -0.5176109 2.715521 -0.04028125 -0.8838863 2.460842 0.1451147 -0.8286351 2.740897 0.03184076 -0.9446633 2.441051 0.2023598 -0.8773569 2.804653
0.07369296 0.6211839 2.325672 0.06136819 0.4602004 2.351111 0.04392277 0.3068525 2.265161 0.177381 0.4147107 2.619634 0.2167146 0.1686566 2.180555 0.3058494 0.1985133 2.505688 0.4054093 0.1165708 2.188528 0.3144383 0.3899955 2.537476 0.4683076 0.09920889 2.195613 0.3173013 0.4538229 2.552499 0.09951954 0.04565057 2.412199 0.1072403 -0.03719277 2.427406 0.06400421 -0.06429028 2.408414 0.1577688 -0.08635608 2.455036 0.04625082 -0.5041007 2.416872 0.1956986 -0.5177968 2.715524 -0.04022883 -0.884135 2.461097 0.1450434 -0.8285918 2.74096 0.03244056 -0.9457278 2.435775 0.2019919 -0.877803 2.804606
0.07640661 0.6223689 2.328515 0.06159861 0.4604421 2.351018 0.04404893 0.30722 2.264722 0.1776066 0.4149723 2.619539 0.2093474 0.1690181 2.18136 0.3061076 0.198695 2.505836 0.3977563 0.116789 2.191419 0.3191345 0.3891859 2.540659 0.4631612 0.1042669 2.253303 0.3234768 0.4526829 2.556694 0.1157358 0.05124733 2.413323 0.1296314 -0.02975732 2.429319 0.0890027 -0.05844155 2.413861 0.1841433 -0.07616411 2.454905 0.04643785 -0.5042051 2.416683 0.1961033 -0.5169065 2.715563 -0.0401948 -0.8833628 2.460767 0.1452226 -0.8284183 2.74075 0.03248891 -0.9458961 2.43791 0.2015601 -0.8771583 2.805297
0.07681296 0.6231054 2.329429 0.061815 0.4608024 2.350893 0.04392827 0.3076054 2.264316 0.1778181 0.415356 2.61941 0.2058224 0.1692667 2.180977 0.3062964 0.1989767 2.505923 0.367595 0.1024897 2.257925 0.3020734 0.365761 2.597217 0.4166619 0.1086404 2.303416 0.3006658 0.4213558 2.632075 0.118625 0.05159534 2.414202 0.1320239 -0.02973686 2.430286 0.09082091 -0.05882334 2.414598 0.1864237 -0.07608727 2.456208 0.04649211 -0.5044333 2.416727 0.1959292 -0.517092 2.715614 -0.0400794 -0.8836585 2.461127 0.145224 -0.828429 2.740777 0.03250177 -0.9457409 2.436764 0.1709902 -0.9097309 2.742375
0.07816441 0.6238781 2.33098 0.06190749 0.4611449 2.350953 0.04459219 0.3078794 2.263486 0.1779049 0.4157202 2.619471 0.2023208 0.1687634 2.180799 0.3063961 0.1992697 2.506178 0.3653024 0.1045916 2.257462 0.3737704 0.3754725 2.549325 0.4137899 0.1114565 2.30347 0.3962285 0.4342068 2.568135 0.1190388 0.05186135 2.414217 0.132208 -0.02960966 2.430277 0.0910934 -0.05877558 2.414672 0.1864046 -0.07587484 2.456106 0.04649218 -0.5047803 2.416674 0.1955147 -0.5188664 2.715879 -0.0401368 -0.8831468 2.461361 0.1443671 -0.8291203 2.74258 0.03266792 -0.9450133 2.437115 0.2062449 -0.8792055 2.800705
0.07845901 0.6248267 2.331406 0.06185338 0.4619802 2.350971 0.04465936 0.3080872 2.26319 0.1778382 0.4165881 2.619488 0.1978628 0.1686027 2.180613 0.3167571 0.282993 2.633726 0.362601 0.1065769 2.255564 0.3946327 0.3694908 2.461622 0.410689 0.1139864 2.301905 0.3973202 0.3412661 2.45928 0.1191735 0.05202254 2.414297 0.1322364 -0.029564 2.430324 0.09112991 -0.05876648 2.414818 0.1863664 -0.07584186 2.456106 0.04662449 -0.504861 2.416732 0.1957853 -0.517753 2.715473 -0.03997641 -0.8825508 2.461378 0.14434 -0.8294592 2.743811 0.03271853 -0.9450014 2.438328 0.2057747 -0.8795491 2.8024
0.07817898 0.6253547 2.331586 0.06156445 0.4623279 2.350649 0.04445015 0.3085069 2.262959 0.1775357 0.416952 2.619159 0.1905205 0.1703693 2.180979 0.3161886 0.2830623 2.633333 0.3569026 0.1032685 2.248847 0.4393682 0.352421 2.482985 0.4042926 0.1124194 2.295595 0.4529333 0.3254969 2.437524 0.1199192 0.05228405 2.414344 0.1330001 -0.02938396 2.430443 0.09235867 -0.05839004 2.415148 0.1866373 -0.07578371 2.456125 0.04665425 -0.5048863 2.416723 0.1959863 -0.517884 2.716122 -0.04012586 -0.8821824 2.462135 0.1443671 -0.8294459 2.743823 0.03294703 -0.9442037 2.43912 0.204283 -0.8798285 2.80372
0.07802123 0.6255139 2.331538 0.06104515 0.4625231 2.350599 0.04444863 0.3085437 2.262944 0.1770016 0.4171582 2.619107 0.1901397 0.1706818 2.180888 0.3153613 0.2829327 2.633171 0.3558081 0.1022411 2.249096 0.4597842 0.3095593 2.488726 0.3994644 0.1226335 2.295928 0.4584137 0.3144531 2.446366 0.1200825 0.05226 2.414464 0.133193 -0.02946883 2.430606 0.09281057 -0.05847812 2.415684 0.1866432 -0.07579434 2.456125 0.04645953 -0.5051937 2.41678 0.1957678 -0.518376 2.715986 -0.04009308 -0.8822641 2.462023 0.1444314 -0.8295488 2.743814 0.03302947 -0.9442173 2.438981 0.1761513 -0.9082918 2.763392
0.07729363 0.6255088 2.331182 0.06049999 0.4625691 2.350439 0.04396344 0.3086053 2.262889 0.1764463 0.4172114 2.618946 0.1899625 0.1706308 2.181078 0.3454587 0.2811348 2.629771 0.3677213 0.08484696 2.233448 0.47989 0.2998022 2.473835 0.4269742 0.05625234 2.255331 0.4803772 0.2948259 2.452641 0.1133388 0.04864392 2.414673 0.1231624 -0.03497144 2.430997 0.08187182 -0.06264202 2.41571 0.1731424 -0.08424363 2.456906 0.04634468 -0.5058933 2.417176 0.1954793 -0.518867 2.716522 -0.04022125 -0.8825096 2.461968 0.1443937 -0.8296294 2.74386 0.03255158 -0.9443045 2.43744 0.1670361 -0.9169331 2.725414
0.07641247 0.6255861 2.330951 0.06004229 0.4625456 2.350048 0.04260938 0.3083733 2.263057 0.1759825 0.4171939 2.618553 0.1898339 0.1710112 2.181132 0.3505233 0.2780747 2.627028 0.3784925 0.1239415 2.198883 0.4920826 0.2853848 2.477078 0.4387116 0.1098025 2.225126 0.4924405 0.2695091 2.466141 0.112113 0.04777021 2.414535 0.1219772 -0.03585959 2.430915 0.07987793 -0.06387192 2.4157 0.1726112 -0.08495505 2.456819 0.04634972 -0.5058507 2.417139 0.1950712 -0.5205325 2.717307 -0.04024362 -0.8821546 2.461967 0.1442043 -0.8293418 2.743615 0.03261397 -0.9438466 2.437431 0.2032518 -0.8770588 2.806485
0.07595751 0.6253552 2.330906 0.05969227 0.4623145 2.350033 0.04215345 0.3076216 2.262838 0.1756298 0.4169674 2.618538 0.1864749 0.1744633 2.181306 0.324291 0.2967736 2.639625 0.3734334 0.1191838 2.195614 0.4798785 0.2475556 2.516158 0.4336835 0.1055507 2.222054 0.4931893 0.2540447 2.469795 0.1097677 0.04675199 2.414048 0.1193091 -0.03687067 2.430246 0.07698864 -0.06465599 2.415433 0.1699839 -0.08635508 2.45553 0.0464225 -0.5056773 2.417149 0.1947907 -0.5230439 2.718675 -0.0405388 -0.8812293 2.461646 0.1445107 -0.8295411 2.743809 0.03202928 -0.9435017 2.437725 0.1736171 -0.9068826 2.751838
0.07558935 0.625013 2.330939 0.05908228 0.4620393 2.350185 0.04193428 0.3074355 2.262705 0.1750158 0.4166971 2.618691 0.1865125 0.1744284 2.181322 0.3237597 0.2968792 2.640467 0.3736472 0.1195858 2.195304 0.471503 0.2326584 2.513968 0.4340188 0.1066947 2.221839 0.4982031 0.2435615 2.46531 0.105616 0.04474472 2.413831 0.1144073 -0.03915917 2.429829 0.07143278 -0.06691702 2.41449 0.1653405 -0.08826255 2.455339 0.04606093 -0.5066659 2.417506 0.1948124 -0.5230735 2.718928 -0.04068812 -0.8816568 2.461277 0.1442292 -0.8293122 2.744247 0.02337901 -0.9420211 2.446544 0.2065126 -0.8752753 2.805275
0.07521781 0.6250141 2.330793 0.05857138 0.4621235 2.350232 0.04178856 0.3073939 2.262609 0.1744994 0.4167858 2.618738 0.1865845 0.174368 2.181351 0.3233728 0.2973701 2.641112 0.3740935 0.120331 2.194352 0.4703438 0.2232885 2.519748 0.4345957 0.1081848 2.220941 0.5009804 0.2333648 2.468089 0.1039803 0.04389911 2.413554 0.1126507 -0.0401698 2.429456 0.06963576 -0.0677942 2.413988 0.1635922 -0.08925348 2.454985 0.04589558 -0.5067917 2.417476 0.1947897 -0.5230767 2.718924 -0.04085136 -0.8827772 2.462491 0.1442589 -0.8293927 2.744362 0.02851583 -0.9444538 2.442498 0.2064697 -0.875679 2.805221
0.07499279 0.6249492 2.330667 0.05844877 0.462129 2.35033 0.04170885 0.3074456 2.262567 0.1743751 0.4167933 2.618837 0.1866247 0.1743772 2.181252 0.320464 0.2912973 2.633742 0.3744105 0.1211219 2.193868 0.4787074 0.2134356 2.532899 0.4350132 0.1096472 2.220527 0.4994453 0.2275724 2.470724 0.1032684 0.04369191 2.413292 0.1118405 -0.04038426 2.429069 0.06856797 -0.06810944 2.413167 0.1628815 -0.08932266 2.454794 0.0455901 -0.5070331 2.417537 0.1947147 -0.5230283 2.718909 -0.0410213 -0.8835382 2.463786 0.1423971 -0.8333622 2.746804 0.03024974 -0.945424 2.439247 0.171394 -0.9168519 2.750163
0.07504135 0.6251277 2.330829 0.0584323 0.4622658 2.350359 0.04153523 0.3076495 2.262595 0.1743575 0.4169337 2.618867 0.1867144 0.1743883 2.181154 0.3200684 0.2902503 2.631394 0.3748296 0.1229172 2.194957 0.4788445 0.2073028 2.536381 0.4354093 0.1119869 2.221896 0.4997987 0.225472 2.470645 0.102327 0.04373625 2.413109 0.1106283 -0.04034375 2.428813 0.06692545 -0.06816791 2.412569 0.1617973 -0.08926643 2.454762 0.04547255 -0.50697 2.417533 0.1945634 -0.5228329 2.718771 -0.04105652 -0.8835407 2.464037 0.1422541 -0.832505 2.746475 0.02936132 -0.944471 2.437228 0.1668095 -0.9135329 2.733295
0.07470272 0.6253294 2.331106 0.05843591 0.4624258 2.350617 0.04176787 0.3076495 2.2623 0.1743599 0.4170967 2.619126 0.1866024 0.1744837 2.181238 0.319822 0.2898553 2.630744 0.3750082 0.1242017 2.195253 0.4784869 0.2034239 2.539199 0.4355945 0.1137525 2.222368 0.5013657 0.2200399 2.473989 0.1023263 0.04361505 2.41317 0.1106552 -0.04051254 2.428863 0.06700344 -0.06825392 2.412578 0.1617773 -0.08949604 2.454846 0.04536723 -0.5069252 2.417558 0.1945709 -0.52282 2.718763 -0.04115082 -0.8836285 2.464065 0.1408744 -0.8308873 2.745532 0.02893945 -0.9437534 2.438123 0.167062 -0.9125076 2.732328
0.07503842 0.6254993 2.33145 0.05840508 0.4625264 2.350667 0.041806 0.3077239 2.262279 0.174328 0.4171997 2.619176 0.1862344 0.1746057 2.180994 0.319559 0.2894014 2.629787 0.3749174 0.1254026 2.195059 0.4741929 0.2043056 2.529229 0.4355712 0.1155578 2.222248 0.5030985 0.2121029 2.476127 0.1023463 0.04359611 2.413245 0.110714 -0.04054345 2.428968 0.06710383 -0.0682533 2.41276 0.1618416 -0.08951783 2.454917 0.04528935 -0.5064408 2.417449 0.1945146 -0.5229189 2.719284 -0.04131292 -0.8835678 2.463842 0.1405689 -0.8295876 2.745094 0.02627357 -0.9419622 2.439694 0.1691808 -0.9099191 2.736676
0.07472809 0.6257717 2.331912 0.05845964 0.4626264 2.350751 0.04175231 0.3077776 2.262231 0.1743822 0.4173014 2.61926 0.1933964 0.1703028 2.180632 0.3194983 0.2892036 2.629275 0.3833215 0.1297825 2.199855 0.4707583 0.1988875 2.528053 0.4439678 0.1202556 2.227173 0.5044784 0.1976946 2.478909 0.1019988 0.04398318 2.41299 0.1102426 -0.03999032 2.428566 0.06678328 -0.06765621 2.412558 0.1611437 -0.08913084 2.454194 0.04534184 -0.5064201 2.417409 0.1944293 -0.5262281 2.720804 -0.04091212 -0.8830942 2.46354 0.1408514 -0.8290318 2.744812 0.03280672 -0.9440874 2.439837 0.2072967 -0.8782492 2.798469
0.07375353 0.6262366 2.332681 0.05838305 0.4627522 2.350809 0.04191237 0.3078127 2.262071 0.1743042 0.4174295 2.619318 0.2208962 0.1591265 2.181767 0.3192405 0.2889502 2.628694 0.4097287 0.1556162 2.224162 0.4716814 0.1946225 2.533963 0.470369 0.1463241 2.251574 0.5199358 0.1678874 2.474442 0.1014423 0.04458459 2.412497 0.1096034 -0.03920688 2.427885 0.06664866 -0.06674249 2.412463 0.1594653 -0.08826838 2.45217 0.04531778 -0.5064442 2.41748 0.1944299 -0.5261767 2.720814 -0.04052645 -0.8809751 2.461531 0.1410647 -0.8286622 2.744014 0.03211195 -0.9435612 2.438658 0.2074041 -0.8784896 2.797239
0.0735 0.6265044 2.33272 0.0583081 0.4630481 2.350976 0.04187412 0.3078692 2.262121 0.174228 0.4177284 2.619486 0.2218432 0.1585383 2.181747 0.3190395 0.2889795 2.628389 0.4105715 0.1641365 2.224324 0.4676467 0.1833219 2.540796 0.4712402 0.1552963 2.251822 0.5177339 0.1572465 2.484366 0.1011429 0.04538719 2.412418 0.1093011 -0.03823293 2.427752 0.06667812 -0.06560388 2.412287 0.1589931 -0.087539 2.452151 0.04531013 -0.5064642 2.417498 0.1936397 -0.5272365 2.720781 -0.04051815 -0.8809913 2.46155 0.1409262 -0.8284753 2.743759 0.03060981 -0.9443003 2.436068 0.1730879 -0.9064447 2.739172
0.07312109 0.6266659 2.333069 0.05805199 0.4632007 2.351332 0.04207847 0.3078644 2.262132 0.1739704 0.417883 2.619843 0.2234806 0.1578652 2.182067 0.3186521 0.2888634 2.628283 0.4119744 0.1738 2.223429 0.470302 0.1611379 2.536087 0.4726111 0.1651293 2.251051 0.5164688 0.1382172 2.492526 0.1008469 0.04556371 2.41243 0.1090287 -0.03804335 2.427722 0.06662565 -0.06508066 2.412226 0.1583376 -0.08741669 2.452133 0.04552304 -0.5063025 2.417503 0.1939406 -0.5265498 2.720484 -0.04094698 -0.8805187 2.461808 0.1411294 -0.8282142 2.743698 0.03069376 -0.9433828 2.436661 0.2044596 -0.8742352 2.803598
0.07247592 0.6267046 2.33333 0.0579485 0.4631931 2.351602 0.04219948 0.3078424 2.262005 0.1738662 0.4178766 2.620113 0.2242064 0.1574139 2.18195 0.3185369 0.2884708 2.627123 0.4118536 0.1776535 2.224781 0.4674803 0.1474747 2.53653 0.4724608 0.1690727 2.252495 0.5087569 0.1060039 2.497188 0.09999216 0.04499162 2.41261 0.1079961 -0.03878824 2.427876 0.06550016 -0.06574982 2.411904 0.1573105 -0.08811858 2.452803 0.04556864 -0.5062467 2.417457 0.1942377 -0.5254284 2.720523 -0.04098896 -0.8802958 2.462348 0.141187 -0.8275528 2.743103 0.03078261 -0.9432164 2.437719 0.2043993 -0.874057 2.802754
0.07190231 0.6268679 2.333485 0.05789074 0.4632636 2.351621 0.04225159 0.3078678 2.261976 0.1738077 0.417948 2.620132 0.2244325 0.1573744 2.181925 0.3185966 0.2882484 2.625429 0.4125364 0.1832751 2.220757 0.4524229 0.1322253 2.548679 0.4731529 0.174879 2.248507 0.4949028 0.09427866 2.501247 0.09918063 0.04506371 2.412503 0.107027 -0.03871994 2.427748 0.06467514 -0.06559921 2.411726 0.1561322 -0.08805934 2.45278 0.04558025 -0.5063035 2.417537 0.1947362 -0.5241371 2.719394 -0.04073549 -0.880587 2.462162 0.1412002 -0.8274523 2.743008 0.03102639 -0.9435476 2.437606 0.1643618 -0.9077043 2.724513
0.0710938 0.6271133 2.333811 0.0578545 0.4633196 2.351591 0.04226449 0.307911 2.262046 0.1737709 0.418005 2.620101 0.2013236 0.1789083 2.183573 0.3186754 0.2880893 2.623935 0.3874872 0.1183259 2.191329 0.4288368 0.1170634 2.558467 0.4480529 0.1100363 2.219221 0.4673218 0.08094116 2.510484 0.09862747 0.04552378 2.412253 0.1063798 -0.03813404 2.427464 0.06409295 -0.06504919 2.410829 0.1552334 -0.08722397 2.453094 0.04561093 -0.5063509 2.417544 0.194962 -0.5235348 2.719279 -0.0408695 -0.8803817 2.462192 0.1412258 -0.8275514 2.74297 0.03198669 -0.9425991 2.439001 0.2057036 -0.8783277 2.79757
0.07074667 0.627386 2.334445 0.0578339 0.4634207 2.351807 0.0425715 0.3083005 2.262006 0.1737498 0.4181071 2.620317 0.2022262 0.1791693 2.1834 0.3186688 0.2881055 2.623703 0.3886512 0.1186935 2.189039 0.4146659 0.1066766 2.554537 0.4561062 0.1293097 2.249051 0.4460652 0.06592058 2.511317 0.0986519 0.04578821 2.412426 0.1064535 -0.03779748 2.427655 0.06446706 -0.06451559 2.410699 0.1551259 -0.08657242 2.453907 0.04566899 -0.5064875 2.417578 0.1953213 -0.5229458 2.718797 -0.04090095 -0.8803614 2.462542 0.1420669 -0.8279232 2.74257 0.03204863 -0.9423536 2.439042 0.2041739 -0.8771708 2.801173
0.07041347 0.6278657 2.335873 0.05775396 0.463429 2.351913 0.04255862 0.308334 2.262053 0.1736695 0.4181159 2.620423 0.2045671 0.1793085 2.182955 0.3185719 0.2879973 2.623369 0.3912496 0.1194252 2.187926 0.4010627 0.09944299 2.550153 0.4639593 0.1174492 2.242458 0.4309916 0.05418225 2.510522 0.09867268 0.04572058 2.412641 0.1065348 -0.03788935 2.427934 0.06451182 -0.06456193 2.410725 0.1553928 -0.08671768 2.454863 0.04569261 -0.5065206 2.417632 0.1956088 -0.5224054 2.719192 -0.04053183 -0.8806631 2.462504 0.1422101 -0.8279291 2.742763 0.0323065 -0.9427543 2.43892 0.1667594 -0.9112541 2.726591
0.07078504 0.6285185 2.337444 0.05804812 0.4638005 2.352624 0.04304324 0.3088377 2.261868 0.173963 0.4184889 2.621134 0.2050099 0.1796755 2.182656 0.31874 0.2880678 2.623336 0.3947396 0.1322738 2.192291 0.3765814 0.08795977 2.533629 0.4661735 0.1319251 2.248517 0.4002213 0.04463949 2.488029 0.0987098 0.0460909 2.41273 0.1065699 -0.0374678 2.427954 0.06486067 -0.06378456 2.410294 0.1552456 -0.08635238 2.455105 0.04573814 -0.5065207 2.417632 0.1956231 -0.5224054 2.719249 -0.04055077 -0.8806812 2.462541 0.1423328 -0.828151 2.743122 0.03301329 -0.9421409 2.439562 0.2078497 -0.8760605 2.796946
0.07205497 0.6289772 2.338528 0.05852327 0.4641614 2.353221 0.04367402 0.3094988 2.261867 0.1744374 0.4188509 2.621731 0.2060224 0.1799728 2.182219 0.2963815 0.188415 2.540935 0.3970414 0.1374095 2.190611 0.3890253 0.01962887 2.486446 0.468204 0.1376103 2.24718 0.423415 -0.02544314 2.45038 0.09863737 0.04621385 2.412888 0.106455 -0.03735735 2.428085 0.06464517 -0.06367975 2.410131 0.1550921 -0.08611391 2.455795 0.04563562 -0.5065767 2.417701 0.1954537 -0.5223531 2.719168 -0.04056464 -0.8808252 2.462573 0.1424505 -0.8282816 2.743609 0.0296045 -0.944508 2.43541 0.1720321 -0.9087691 2.73976
0.07218584 0.6291756 2.338555 0.05880875 0.4644499 2.353561 0.04418898 0.3099129 2.261823 0.1747225 0.4191403 2.622071 0.2083587 0.1801244 2.18163 0.2877893 0.1892841 2.522868 0.3990647 0.1373308 2.192218 0.3828917 0.01999915 2.476907 0.4626333 0.1230663 2.200174 0.4059103 -0.02285849 2.430557 0.0982971 0.04655363 2.412833 0.1059245 -0.0369369 2.427927 0.06374556 -0.06310397 2.409407 0.1546546 -0.08576075 2.455861 0.04561611 -0.5065768 2.417663 0.1957375 -0.5216973 2.71881 -0.04064768 -0.8816202 2.462677 0.1420317 -0.8259519 2.74263 0.02097226 -0.9408612 2.43926 0.172502 -0.9081963 2.747043
0.07279628 0.6292762 2.338317 0.05955435 0.4647663 2.354007 0.0444702 0.3101564 2.262075 0.1754674 0.4194576 2.622516 0.2146325 0.1790467 2.182504 0.2878736 0.1895985 2.522309 0.405345 0.1346104 2.189817 0.4299157 0.2606836 2.392661 0.4689158 0.1197983 2.196682 0.4530575 0.215885 2.348249 0.09801552 0.04676999 2.412604 0.1053648 -0.03665465 2.427474 0.06253255 -0.06278633 2.407958 0.1543712 -0.08569285 2.455786 0.04573388 -0.5064417 2.417525 0.1956307 -0.5218982 2.718747 -0.04054733 -0.881497 2.462528 0.1414643 -0.8269088 2.743108 0.02830044 -0.9429072 2.437219 0.1734891 -0.905997 2.750767
0.07343394 0.6294756 2.338223 0.06041404 0.4650558 2.354234 0.04469513 0.3104528 2.262401 0.1763265 0.4197479 2.622743 0.2172545 0.1789142 2.1829 0.2881818 0.1899014 2.521666 0.4067858 0.1287241 2.187757 0.4305288 0.2608895 2.392332 0.4699629 0.111994 2.193804 0.4536706 0.2160909 2.34792 0.09929416 0.0503316 2.411457 0.10683 -0.03194522 2.425819 0.06397023 -0.05986948 2.406852 0.1559348 -0.07995856 2.453496 0.0457587 -0.5063924 2.417428 0.1958705 -0.5213063 2.7191 -0.04049086 -0.8821092 2.46266 0.1416746 -0.8269258 2.743242 0.02916872 -0.9433473 2.436476 0.2010876 -0.877923 2.803129
0.07386121 0.6296057 2.33839 0.06053626 0.4651494 2.354221 0.04480291 0.3105716 2.262638 0.1764486 0.4198419 2.622731 0.2198776 0.1769676 2.183453 0.2879019 0.1900633 2.520849 0.4093446 0.1294461 2.194957 0.4308098 0.2609771 2.392159 0.4765793 0.1237128 2.255875 0.4539517 0.2161785 2.347747 0.09978819 0.0504358 2.411368 0.1074749 -0.031919 2.425741 0.06447741 -0.06023072 2.406511 0.1574757 -0.07944403 2.453803 0.04605893 -0.5054431 2.416891 0.1960479 -0.5206583 2.719426 -0.04040673 -0.8824179 2.462559 0.1416804 -0.8270232 2.743228 0.0315294 -0.9441127 2.435428 0.2012182 -0.8780187 2.802994
0.07446785 0.6298797 2.338692 0.06116372 0.4654031 2.354469 0.04498406 0.3109191 2.262939 0.1770756 0.4200961 2.622978 0.2212705 0.1753316 2.184047 0.2881452 0.1902657 2.520689 0.4092716 0.122726 2.196433 0.431083 0.2610644 2.391965 0.4719386 0.1051907 2.204989 0.4542249 0.2162658 2.347553 0.09953234 0.05120143 2.411346 0.1070103 -0.03104265 2.425697 0.06321114 -0.06012268 2.406337 0.1575427 -0.0772536 2.45388 0.04639228 -0.5047885 2.416603 0.1959615 -0.5206934 2.719528 -0.04073365 -0.8835436 2.463237 0.1417289 -0.8271126 2.743196 0.03176858 -0.943998 2.434848 0.1783748 -0.9144289 2.749535
0.07506999 0.6301408 2.339401 0.06123616 0.4654921 2.354531 0.04553332 0.3112483 2.263055 0.177148 0.4201853 2.623041 0.2211621 0.1742388 2.184564 0.2881944 0.1903554 2.520713 0.4076909 0.1177166 2.199265 0.431314 0.2612256 2.392258 0.4698672 0.09887583 2.208593 0.4544561 0.2164266 2.347846 0.09887677 0.05144446 2.410988 0.1060753 -0.03083951 2.425197 0.06298519 -0.05938172 2.405978 0.1543827 -0.07793467 2.452605 0.04642703 -0.5047517 2.416608 0.1952898 -0.5236728 2.719159 -0.04010826 -0.8825205 2.462645 0.142163 -0.8279121 2.743759 0.03259333 -0.9435455 2.436042 0.2058263 -0.8808694 2.797237
0.07695737 0.6307536 2.340985 0.06139372 0.465785 2.354662 0.04579965 0.3116428 2.263115 0.1773055 0.4204788 2.623171 0.2202854 0.1731287 2.184745 0.2882966 0.1906406 2.520786 0.4068787 0.1174907 2.200761 0.349943 0.3141995 2.367133 0.4690765 0.0989447 2.210526 0.3730849 0.2694007 2.322721 0.1079348 0.05341209 2.411453 0.1189601 -0.02865921 2.425869 0.0780849 -0.05835517 2.406842 0.1706693 -0.07385239 2.453503 0.046402 -0.5046715 2.416564 0.1954122 -0.5239447 2.721372 -0.04008017 -0.8825014 2.462855 0.1420645 -0.8288851 2.744125 0.03286264 -0.9441261 2.438378 0.1834627 -0.9040037 2.76334
0.07734625 0.6310883 2.341746 0.06153034 0.4660152 2.355023 0.04577776 0.3117872 2.263213 0.1774419 0.4207094 2.623532 0.2187838 0.1720788 2.184897 0.2883739 0.1908772 2.52104 0.4053327 0.1171535 2.202501 0.344792 0.3152675 2.36593 0.4675157 0.09884509 2.212796 0.3679338 0.2704687 2.321518 0.1127165 0.0539294 2.413041 0.1243913 -0.02829947 2.427704 0.084121 -0.05774117 2.409105 0.1757406 -0.07411352 2.455161 0.04633601 -0.5047299 2.416575 0.1966271 -0.519107 2.720509 -0.04005014 -0.882928 2.463104 0.1424711 -0.8289213 2.743542 0.03296338 -0.9443819 2.43841 0.1747801 -0.9043229 2.741564
0.0776388 0.6314338 2.342602 0.06158311 0.4661147 2.355028 0.04574698 0.3120055 2.263348 0.1774947 0.4208091 2.623537 0.2165011 0.1711475 2.18564 0.2884206 0.1909816 2.52102 0.4041678 0.1191779 2.201544 0.342389 0.3149372 2.364582 0.4667233 0.1018547 2.211272 0.3655309 0.2701384 2.32017 0.1122947 0.05394093 2.413333 0.1233807 -0.02837096 2.428255 0.08239778 -0.05783197 2.409966 0.1745698 -0.07432818 2.455756 0.04625062 -0.5048791 2.416663 0.195599 -0.5210881 2.71999 -0.04019903 -0.8821059 2.462746 0.143097 -0.8290057 2.743402 0.0332629 -0.9433468 2.438865 0.2071357 -0.8777137 2.800358
0.07772655 0.6315699 2.342723 0.06163649 0.4662315 2.355078 0.04575256 0.3120236 2.263365 0.177548 0.4209261 2.623587 0.209167 0.1729462 2.185768 0.2884555 0.1910975 2.521045 0.3964179 0.1203699 2.203219 0.3564535 0.3758184 2.502655 0.4588348 0.1028445 2.213463 0.3791195 0.437392 2.500952 0.1121254 0.05398252 2.413577 0.1229888 -0.02836294 2.428626 0.081738 -0.05785328 2.410437 0.1741556 -0.0744075 2.456177 0.04636435 -0.5050516 2.416734 0.1929584 -0.5276173 2.720881 -0.04021917 -0.8820897 2.462806 0.1431579 -0.8292916 2.743605 0.03322444 -0.9430812 2.438238 0.2043906 -0.877398 2.804052
0.07774256 0.631611 2.342649 0.06161916 0.4663018 2.355089 0.0457617 0.3121352 2.263409 0.1775305 0.4209967 2.623598 0.2049677 0.1732573 2.186156 0.2884343 0.1911691 2.521044 0.3927054 0.1214706 2.201935 0.3607351 0.373553 2.524511 0.4608164 0.1069181 2.26036 0.3848355 0.4343477 2.530093 0.1146692 0.05349497 2.414287 0.1263189 -0.02916138 2.429564 0.08527702 -0.0579771 2.41204 0.1781304 -0.07594615 2.456615 0.04643888 -0.5049053 2.416711 0.1930463 -0.5273856 2.721013 -0.04021417 -0.8820367 2.462771 0.1433462 -0.8292649 2.743321 0.03083412 -0.9423071 2.440369 0.2043714 -0.8773461 2.803997
0.07776688 0.6315894 2.342448 0.06153811 0.4663526 2.355087 0.04578008 0.3120641 2.263394 0.1774493 0.4210477 2.623595 0.1963527 0.1752215 2.186601 0.2883571 0.1912268 2.521026 0.3844341 0.1228278 2.198859 0.3841169 0.3602942 2.475834 0.4418039 0.1169154 2.233336 0.3991767 0.3628364 2.410399 0.116061 0.05352224 2.414514 0.1280603 -0.02915057 2.429834 0.08768764 -0.05784303 2.412454 0.1795617 -0.076017 2.456786 0.04661414 -0.5047978 2.416672 0.1934068 -0.5261093 2.720069 -0.04000693 -0.8825349 2.462895 0.1436276 -0.8292613 2.743549 0.03245531 -0.9441352 2.437285 0.20418 -0.8773326 2.804706
0.07743257 0.6316609 2.342297 0.06141057 0.4663713 2.354833 0.04484645 0.3118528 2.263914 0.1773216 0.4210666 2.623342 0.1946747 0.1757034 2.185691 0.2882046 0.1912617 2.520686 0.3823974 0.1233102 2.200468 0.3769161 0.3553174 2.570556 0.4387029 0.1181096 2.236767 0.4064866 0.4100026 2.591606 0.1059742 0.04948235 2.414087 0.1127558 -0.03507398 2.429482 0.06531181 -0.0631093 2.411813 0.1647058 -0.08516659 2.456821 0.04661654 -0.5047731 2.416684 0.1931534 -0.5264374 2.719919 -0.03969264 -0.8821452 2.462363 0.14369 -0.8292221 2.743602 0.03265782 -0.9442568 2.438196 0.1792482 -0.9044206 2.761953
0.0765326 0.6314903 2.342049 0.0609339 0.4662368 2.354829 0.04390432 0.3110412 2.264251 0.1768448 0.4209323 2.623338 0.193841 0.1757035 2.185291 0.2877274 0.1911401 2.520642 0.374397 0.1163498 2.223477 0.3838379 0.3493082 2.574575 0.4175558 0.1152161 2.30348 0.4158747 0.4020309 2.596981 0.1037669 0.04927275 2.413878 0.1109432 -0.03502473 2.429199 0.06486426 -0.06299315 2.4117 0.1619797 -0.08525293 2.456318 0.0464694 -0.5052422 2.41686 0.1933526 -0.5253944 2.719413 -0.03925652 -0.8825017 2.462314 0.1437216 -0.8291003 2.743584 0.03199294 -0.9444661 2.438362 0.2015016 -0.8772904 2.807278
0.07533051 0.6313704 2.341861 0.06030045 0.4661961 2.355058 0.04351488 0.3108523 2.264387 0.1762111 0.4208918 2.623567 0.1906824 0.176548 2.184562 0.2871219 0.1911285 2.520823 0.3713186 0.1175438 2.222871 0.3869291 0.3411121 2.587014 0.4139319 0.1167843 2.30317 0.4201981 0.3911067 2.613505 0.1025546 0.04871083 2.414237 0.110036 -0.03547063 2.429479 0.06452487 -0.06314758 2.411799 0.1610965 -0.08567008 2.456664 0.04659771 -0.5051491 2.41683 0.193399 -0.5254322 2.719606 -0.03962766 -0.881758 2.463295 0.1438831 -0.8293399 2.743881 0.03112634 -0.9438403 2.439491 0.2071657 -0.8754554 2.803767
0.07533769 0.6312388 2.342188 0.05957506 0.4661274 2.35537 0.04350632 0.3108397 2.264388 0.1754856 0.4208233 2.623879 0.1878567 0.1769513 2.184525 0.3453936 0.2838719 2.633798 0.377168 0.1245684 2.185016 0.48707 0.3091502 2.486124 0.4181333 0.1253035 2.26617 0.4851772 0.2983554 2.461637 0.1022239 0.04863591 2.414335 0.1098945 -0.03548568 2.429519 0.06470041 -0.06303196 2.411994 0.1605297 -0.08558272 2.456475 0.04659964 -0.5052565 2.416999 0.193551 -0.5254751 2.719869 -0.03942291 -0.8822086 2.463089 0.1444079 -0.8289216 2.743758 0.03130204 -0.9447811 2.438288 0.2053426 -0.8761862 2.805166
0.07449755 0.6308888 2.341908 0.05814355 0.4660625 2.355802 0.04127816 0.3106436 2.265507 0.1740539 0.4207587 2.62431 0.1870789 0.1773674 2.184335 0.3458753 0.2835476 2.634419 0.3763744 0.1249164 2.184782 0.4957871 0.292476 2.493783 0.4373814 0.1135955 2.21057 0.4941097 0.2831797 2.463509 0.101097 0.04836978 2.414392 0.1090643 -0.03566814 2.429494 0.06433743 -0.06315338 2.412194 0.1596535 -0.08574102 2.45605 0.04667656 -0.505263 2.417062 0.1937707 -0.5251298 2.719945 -0.03946851 -0.8816209 2.462977 0.1444389 -0.8288872 2.743787 0.03036308 -0.9444894 2.436951 0.2051951 -0.876439 2.805151
0.07397105 0.6302248 2.342009 0.05692712 0.4656232 2.356379 0.03900368 0.3096143 2.266238 0.1728374 0.4203196 2.624887 0.185622 0.1782579 2.184094 0.3510082 0.2810589 2.63354 0.3746378 0.1248765 2.184806 0.505507 0.274541 2.498357 0.4356205 0.1134439 2.210602 0.4982181 0.2687557 2.472784 0.09908152 0.04724897 2.414707 0.1071334 -0.03676926 2.42969 0.06230218 -0.06429488 2.412545 0.1583219 -0.08684024 2.456045 0.04651886 -0.5056788 2.417306 0.1946529 -0.5231684 2.720282 -0.03931842 -0.8819488 2.462767 0.1444984 -0.8289051 2.743762 0.03157961 -0.9452789 2.436674 0.2045839 -0.8766497 2.805635
0.07041528 0.6298639 2.340986 0.05642061 0.4653655 2.35654 0.03748578 0.3088759 2.266655 0.1723308 0.420062 2.625049 0.184422 0.1787536 2.183986 0.3519788 0.2778407 2.632169 0.373344 0.1250851 2.184864 0.5150791 0.2514501 2.51177 0.434153 0.1134667 2.210985 0.5009889 0.2544495 2.479125 0.09841489 0.04657985 2.414989 0.1065293 -0.03744431 2.429971 0.06151742 -0.06538504 2.413216 0.1580177 -0.08739399 2.456099 0.04642094 -0.5059365 2.417378 0.1951073 -0.5225642 2.720724 -0.03932868 -0.8819363 2.462692 0.1443156 -0.8288422 2.74365 0.03253494 -0.9443238 2.436972 0.1980131 -0.8805205 2.80818
0.07008825 0.6293672 2.341114 0.05562759 0.4650421 2.357066 0.03579455 0.3083376 2.267164 0.1715378 0.4197388 2.625575 0.1829622 0.1791735 2.183956 0.3521949 0.2762276 2.631927 0.3721638 0.1263603 2.184305 0.5160519 0.2454449 2.513881 0.4328301 0.1143394 2.210576 0.5055596 0.2450423 2.481555 0.0970958 0.04590641 2.415518 0.1051918 -0.03812601 2.430468 0.05964816 -0.06648498 2.414058 0.1573065 -0.08790643 2.456316 0.0465387 -0.5054034 2.417326 0.1951034 -0.522619 2.720677 -0.03881519 -0.8807771 2.461845 0.1446921 -0.8290649 2.744517 0.03213514 -0.945163 2.439479 0.1995745 -0.8800513 2.808599
0.0680556 0.6288708 2.340717 0.05431526 0.4646896 2.357278 0.03491908 0.3079538 2.267384 0.1702254 0.4193863 2.625786 0.1769869 0.1815812 2.183699 0.3518397 0.2749899 2.631429 0.3656313 0.1267364 2.183744 0.5126576 0.2285202 2.514463 0.4260388 0.1143559 2.210441 0.506451 0.238189 2.482359 0.09611455 0.0451743 2.415886 0.1043193 -0.03888603 2.430857 0.05904967 -0.06704105 2.414434 0.1564884 -0.08870333 2.456649 0.04655839 -0.5054355 2.417428 0.1953325 -0.5222353 2.720544 -0.03886775 -0.8801766 2.461353 0.1446448 -0.8292907 2.744434 0.03096405 -0.9443285 2.441425 0.2018548 -0.8810835 2.805775
0.06700756 0.6285189 2.340063 0.05392186 0.4646157 2.357589 0.03438231 0.3078038 2.267873 0.1698319 0.4193125 2.626097 0.1825316 0.1778684 2.182348 0.3519359 0.2744447 2.631379 0.3723834 0.1291171 2.187822 0.5140282 0.2211498 2.519823 0.4327182 0.1166394 2.214638 0.506945 0.2338222 2.485883 0.09555989 0.04509377 2.416012 0.1037536 -0.03895014 2.430942 0.05863701 -0.06705903 2.414712 0.1557867 -0.08890098 2.456461 0.0465043 -0.5052134 2.417397 0.1958802 -0.5207282 2.720819 -0.03891473 -0.8800945 2.46136 0.1446985 -0.8276949 2.742504 0.02695015 -0.9419441 2.441091 0.2009115 -0.8798841 2.804429
