0.05614733 0.7035296 2.411794 -0.002221248 0.5261293 2.430418 -0.05843309 0.3864563 2.308905 0.09713253 0.4299845 2.584511 0.04550337 0.2197475 2.205863 0.2445903 0.308724 2.742915 0.3036359 0.2085391 2.312645 0.2571175 0.1153942 2.60391 0.3619528 0.2117753 2.360176 0.2990676 0.07101661 2.55985 0.04863949 0.147818 2.469276 0.07631065 0.07399677 2.470655 0.05031601 0.01175569 2.413944 0.1242708 0.0105412 2.534758 -0.004049597 -0.4840852 2.451705 0.1104323 -0.4535168 2.725014 -0.05767558 -0.87218 2.47993 0.0430415 -0.8523211 2.792195 0.01642035 -0.9303618 2.453346 0.09728658 -0.917783 2.783043
0.05886367 0.7045591 2.41351 -0.0009471449 0.5272599 2.431115 -0.05807367 0.3865708 2.308999 0.09840666 0.431115 2.585208 0.04536463 0.2196282 2.205797 0.2459725 0.3098291 2.743676 0.2416071 0.1777409 2.256397 0.2516673 0.118372 2.561047 0.323982 0.1936407 2.31421 0.2920019 0.07328927 2.511071 0.04869574 0.1478648 2.469305 0.07631053 0.0739936 2.470642 0.05012742 0.01172708 2.413908 0.1243057 0.01057763 2.534632 -0.004264356 -0.4840439 2.451681 0.1099108 -0.4507136 2.724892 -0.05765264 -0.8716097 2.479919 0.04219839 -0.8340036 2.781844 0.01635927 -0.9303302 2.45321 0.09025033 -0.9041734 2.790699
0.06194019 0.7053802 2.41497 0.0009332169 0.5282772 2.431709 -0.05746619 0.3866788 2.308992 0.100287 0.4321324 2.585802 0.04521703 0.2193492 2.205623 0.2479502 0.3108144 2.744319 0.3036457 0.1898186 2.3086 0.2560709 0.1372186 2.509882 0.3531721 0.2265113 2.351864 0.2968113 0.09191424 2.463098 0.0498343 0.147927 2.470198 0.0771573 0.07391368 2.471431 0.05054782 0.01171936 2.41531 0.1252729 0.01095613 2.534991 -0.003900286 -0.4835289 2.451514 0.1140011 -0.446771 2.730033 -0.05769657 -0.8715954 2.479872 0.04199932 -0.8346832 2.783378 0.01646302 -0.9303384 2.453056 0.090349 -0.9047686 2.804443
0.06372135 0.7059855 2.416512 0.002229311 0.528887 2.432158 -0.05739906 0.3867526 2.308848 0.1015831 0.4327421 2.586251 0.04521677 0.2193167 2.205626 0.2492999 0.3113971 2.744799 0.3036266 0.1897348 2.308626 0.2560765 0.1372149 2.509887 0.3574242 0.2139502 2.355427 0.2968169 0.09191047 2.463102 0.05000769 0.1480825 2.470255 0.07719667 0.07398557 2.471418 0.0504039 0.01168564 2.415237 0.1254118 0.01100858 2.534974 -0.003991954 -0.4834926 2.451468 0.1136681 -0.44605 2.729745 -0.05807064 -0.8714219 2.479579 0.04177717 -0.8353584 2.786039 0.01635134 -0.9302133 2.452715 0.08961545 -0.9053305 2.806928
0.06536855 0.7074465 2.418662 0.003367414 0.5304427 2.431988 -0.0568826 0.3869061 2.308614 0.1027212 0.4342979 2.586082 0.04527398 0.2191347 2.205519 0.250458 0.3129076 2.74465 0.3035783 0.189301 2.308681 0.2560797 0.1377236 2.509602 0.3599425 0.2016235 2.357075 0.2968201 0.09241918 2.462817 0.05022849 0.1489214 2.470238 0.07721543 0.07471365 2.471354 0.05025522 0.01181393 2.414964 0.1254788 0.01131077 2.535181 -0.003721098 -0.4834388 2.451363 0.113403 -0.4452919 2.729555 -0.05810754 -0.8719598 2.479703 0.04181449 -0.8352867 2.785737 0.01627818 -0.9302447 2.452684 0.09735955 -0.8869727 2.862133
0.06705007 0.7080535 2.420837 0.004596288 0.5318239 2.432286 -0.05612009 0.3874264 2.308763 0.1039501 0.435679 2.58638 0.04498344 0.2191906 2.205293 0.2517099 0.3142626 2.744964 0.3031841 0.18925 2.30865 0.245729 0.2543344 2.507861 0.355398 0.1993605 2.361962 0.2864694 0.20903 2.461076 0.05036338 0.1492582 2.470274 0.07721646 0.0749047 2.471339 0.05005948 0.01179432 2.414725 0.1255036 0.01136441 2.535271 -0.003660727 -0.4834103 2.451381 0.1131929 -0.4448936 2.729378 -0.05790357 -0.8712951 2.478863 0.04171652 -0.8365037 2.786303 0.01624302 -0.930266 2.452741 0.08959652 -0.9049029 2.804726
0.06839404 0.7096431 2.423227 0.005801599 0.5343121 2.432926 -0.0550984 0.3877877 2.308976 0.1051554 0.4381673 2.587019 0.04457714 0.2190991 2.204641 0.252935 0.316718 2.745616 0.2950254 0.1769178 2.301661 0.2452495 0.2557515 2.506385 0.3449573 0.2057197 2.350111 0.2859898 0.2104471 2.4596 0.05114102 0.1496962 2.471076 0.0778191 0.07505323 2.472094 0.05044968 0.01166446 2.415175 0.1262004 0.0112053 2.536501 -0.00381878 -0.4838468 2.45153 0.115308 -0.449427 2.732289 -0.05802617 -0.8722825 2.479223 0.04149365 -0.8371571 2.787766 0.01631397 -0.9303116 2.452698 0.08965144 -0.9052019 2.810294
0.07000293 0.7113002 2.426104 0.006791255 0.5361691 2.433799 -0.05426287 0.3881043 2.309223 0.106145 0.4400243 2.587893 0.04417999 0.218966 2.2043 0.2539409 0.3185583 2.746501 0.2974907 0.1786858 2.306065 0.2555865 0.2855363 2.524732 0.3455363 0.2075422 2.356354 0.2591873 0.2940507 2.450003 0.05146212 0.1510372 2.471638 0.07792939 0.07620805 2.472558 0.05044109 0.01180332 2.415117 0.1262898 0.01175936 2.537505 -0.00375486 -0.483786 2.451497 0.1152086 -0.4490696 2.732501 -0.05819637 -0.8719299 2.479261 0.04172945 -0.8369212 2.787909 0.01624612 -0.9302141 2.452565 0.08190805 -0.8827944 2.847834
0.07117245 0.7126139 2.429392 0.007252604 0.5376627 2.43475 -0.05376847 0.3883808 2.309309 0.1066064 0.441518 2.588844 0.04396686 0.2189865 2.204058 0.2544137 0.3200396 2.747458 0.2352191 0.1470748 2.241791 0.2566679 0.2889349 2.525403 0.3181892 0.1547883 2.300398 0.2803904 0.3346249 2.48014 0.05168327 0.1510302 2.472145 0.07809233 0.07601584 2.473056 0.05043758 0.01156384 2.415624 0.126409 0.01170516 2.537833 -0.003812254 -0.4838374 2.451557 0.1153191 -0.4486198 2.733318 -0.0582436 -0.8718894 2.479209 0.04179667 -0.8369463 2.788025 0.01629745 -0.9300702 2.452447 0.08535106 -0.8824925 2.852894
0.07163349 0.7136193 2.43184 0.007545728 0.5387635 2.43539 -0.05261158 0.3886516 2.309361 0.1068995 0.4426187 2.589483 0.04286673 0.2186566 2.202648 0.2547147 0.3211319 2.748102 0.232807 0.1411069 2.236924 0.3050072 0.3553237 2.502456 0.3166471 0.1444142 2.2947 0.3265417 0.38686 2.415537 0.05238879 0.1501728 2.473229 0.07894492 0.07444423 2.474454 0.05112538 0.01068756 2.418024 0.126681 0.01142646 2.538046 -0.003756897 -0.4838796 2.451652 0.1161239 -0.4496243 2.735336 -0.05826098 -0.8727217 2.47989 0.04186992 -0.8368432 2.787737 0.01611009 -0.930067 2.452585 0.09483095 -0.8869743 2.877527
0.07153794 0.7144994 2.433848 0.007387299 0.5397981 2.435088 -0.05212331 0.3883628 2.309371 0.1067411 0.4436533 2.589182 0.03988708 0.2181834 2.199067 0.2545636 0.3221544 2.747807 0.229113 0.1411585 2.236871 0.3190917 0.3727253 2.505749 0.3119457 0.1433692 2.296131 0.3406262 0.4042616 2.41883 0.05258734 0.1495391 2.473524 0.07922582 0.07315793 2.474965 0.05119814 0.01004835 2.419921 0.1267484 0.0113581 2.537822 -0.0037426 -0.4840124 2.451735 0.1160238 -0.4496081 2.73548 -0.05827704 -0.8726406 2.479903 0.04159505 -0.838506 2.788841 0.01623605 -0.9301523 2.452795 0.09626265 -0.906952 2.830261
0.0717728 0.7145338 2.436922 0.007539662 0.5398449 2.435171 -0.05207807 0.3884121 2.309388 0.1068934 0.4437001 2.589264 0.03753444 0.2179201 2.197141 0.2547199 0.3222003 2.747891 0.2266439 0.1421501 2.237176 0.3098913 0.3660457 2.535657 0.3084372 0.1429527 2.297895 0.3571946 0.4076408 2.455596 0.05264074 0.1495674 2.473618 0.07923559 0.07318915 2.475024 0.0511726 0.01006401 2.41999 0.1267574 0.01136183 2.537837 -0.003553537 -0.4844056 2.451991 0.1158617 -0.4501012 2.735631 -0.0583122 -0.8731685 2.479994 0.04140387 -0.8410747 2.790375 0.01524423 -0.929761 2.453001 0.08678506 -0.9117401 2.77437
0.07141481 0.7152632 2.439169 0.007336479 0.5408173 2.435196 -0.05145121 0.388719 2.310079 0.1066903 0.4446725 2.58929 0.03699887 0.2182917 2.196509 0.254522 0.3231654 2.74792 0.225577 0.1422945 2.238058 0.3512227 0.3927686 2.560478 0.3046609 0.1412231 2.302259 0.3626088 0.404476 2.523749 0.05205112 0.154654 2.474128 0.07834464 0.07975328 2.475566 0.05131127 0.01168703 2.418052 0.1259642 0.01423831 2.541775 -0.003458435 -0.4842775 2.452085 0.1156868 -0.449934 2.735694 -0.0580598 -0.8727629 2.47943 0.04146008 -0.8412085 2.790564 0.01519565 -0.9297143 2.452631 0.09393437 -0.8910839 2.868643
0.07035256 0.7160275 2.441642 0.007346592 0.541535 2.43543 -0.05125482 0.388741 2.31021 0.1067004 0.4453902 2.589524 0.03661755 0.2185649 2.195579 0.1932236 0.3016709 2.731902 0.2245733 0.1421337 2.238609 0.3523532 0.3834234 2.586643 0.3029609 0.1410077 2.303656 0.3911871 0.4085296 2.545788 0.0516934 0.159164 2.474687 0.07776456 0.08522096 2.476067 0.05142752 0.01332174 2.415853 0.1255653 0.01668663 2.545542 -0.00326231 -0.4839367 2.452162 0.1154002 -0.4495998 2.735834 -0.05849694 -0.8722236 2.480101 0.0414009 -0.8414923 2.790669 0.0151839 -0.9296718 2.45283 0.08046262 -0.9174736 2.793794
0.0685982 0.7174793 2.443295 0.006543699 0.543274 2.435862 -0.05079865 0.3888935 2.310378 0.1058975 0.4471292 2.589956 0.03654252 0.2186357 2.195394 0.1891077 0.2877252 2.677382 0.224245 0.1422606 2.239304 0.3680099 0.3754904 2.594026 0.301562 0.1414724 2.305623 0.43691 0.401724 2.542526 0.05159606 0.1580851 2.474863 0.07777371 0.08283938 2.476315 0.05077935 0.01532428 2.421371 0.1245546 0.01884255 2.539203 -0.003058408 -0.4841211 2.452236 0.1147698 -0.4489541 2.735777 -0.05852134 -0.8723861 2.48031 0.04203094 -0.8394417 2.790768 0.01505852 -0.9296789 2.452998 0.08214724 -0.9149327 2.790973
0.06741771 0.7182719 2.444946 0.006212532 0.5447556 2.436621 -0.05013834 0.3891177 2.310629 0.1055663 0.4486108 2.590714 0.03658928 0.2187428 2.195277 0.2006932 0.2872911 2.716996 0.2242355 0.142707 2.239798 0.3814505 0.3541774 2.614388 0.3005363 0.1433742 2.307282 0.4613638 0.3876343 2.550215 0.051598 0.1576579 2.475149 0.07784604 0.08201087 2.476681 0.05071808 0.0163755 2.423932 0.1242898 0.01976123 2.53782 -0.003065707 -0.4841354 2.452233 0.1143893 -0.4489751 2.735887 -0.05854645 -0.8727121 2.480498 0.04246019 -0.8384821 2.791503 0.01462132 -0.9296799 2.452917 0.09719326 -0.8916515 2.877075
0.06625953 0.7189769 2.446338 0.005757275 0.5457753 2.43697 -0.04937439 0.3891682 2.311014 0.105111 0.4496305 2.591064 0.03689672 0.2188583 2.195109 0.1999938 0.2907318 2.694293 0.2244207 0.1433026 2.240616 0.4238418 0.3241329 2.623872 0.3007972 0.1466743 2.307932 0.4909101 0.3377313 2.576583 0.05152526 0.157047 2.475436 0.07784467 0.08092161 2.477057 0.05066486 0.01682066 2.425714 0.1239458 0.02030248 2.536763 -0.002800506 -0.4845758 2.452544 0.1138415 -0.4491028 2.736029 -0.05771114 -0.8738479 2.480677 0.04245185 -0.8385191 2.791542 0.01495547 -0.9301803 2.453182 0.09276798 -0.8880064 2.871598
0.06527891 0.7196432 2.4472 0.005452493 0.5465307 2.437248 -0.04906496 0.3894358 2.311111 0.1048063 0.4503858 2.591342 0.03733231 0.2191757 2.195246 0.1839947 0.2701769 2.694561 0.2247755 0.1435304 2.240874 0.4235027 0.2862971 2.644807 0.3007659 0.1481923 2.308547 0.5133911 0.2838431 2.596954 0.0515441 0.1565371 2.475643 0.07794767 0.08007 2.477289 0.05063655 0.01775189 2.428026 0.1237284 0.02132278 2.534689 -0.002716779 -0.4843793 2.452358 0.1133874 -0.4487872 2.736104 -0.05774912 -0.8738789 2.480707 0.04231368 -0.8383083 2.79139 0.01328249 -0.9299761 2.45377 0.08585325 -0.8777498 2.856601
0.06464991 0.7195808 2.448109 0.005280277 0.5466249 2.4373 -0.04894717 0.3893304 2.3113 0.104634 0.4504801 2.591393 0.03867823 0.2194186 2.195985 0.1821618 0.2671156 2.69431 0.2259879 0.1434232 2.241567 0.4527442 0.2354157 2.634082 0.2884263 0.156226 2.281635 0.5255587 0.2039636 2.613447 0.05189877 0.1547605 2.476321 0.07855846 0.07765788 2.478098 0.05104154 0.01730016 2.430436 0.1239302 0.02128547 2.53402 -0.002754447 -0.4854546 2.452654 0.1131914 -0.4487928 2.736474 -0.05753257 -0.8741545 2.480708 0.04223418 -0.8387123 2.791925 0.01334278 -0.930032 2.453766 0.08185052 -0.9094801 2.764903
0.06333873 0.7193045 2.448317 0.004743738 0.5466757 2.43694 -0.04853383 0.38907 2.311096 0.1040975 0.4505309 2.591034 0.03935441 0.2192627 2.195854 0.180341 0.2647577 2.693147 0.226787 0.1436873 2.241565 0.4457486 0.1743187 2.628541 0.2893659 0.1572799 2.281149 0.5050632 0.1322973 2.608951 0.0518945 0.1543038 2.47634 0.07864732 0.07716756 2.478174 0.05122894 0.01737708 2.430848 0.1238778 0.02139575 2.533653 -0.002638605 -0.4853208 2.452668 0.1130362 -0.4488288 2.736606 -0.05768403 -0.8739917 2.480671 0.04187055 -0.8394272 2.792355 0.01358409 -0.9296983 2.453562 0.0831544 -0.9133273 2.780454
0.06149235 0.7197945 2.449036 0.003915877 0.5470111 2.437029 -0.04836685 0.3890154 2.311137 0.1032696 0.4508664 2.591122 0.04103862 0.2195038 2.196867 0.1790362 0.2638993 2.693151 0.2297674 0.1471183 2.242427 0.3790864 0.1543807 2.653644 0.292677 0.1229897 2.262175 0.4315943 0.10268 2.63624 0.05176562 0.1542599 2.476344 0.07858853 0.07716393 2.478189 0.05123598 0.01737975 2.430775 0.123696 0.02154488 2.533731 -0.002399452 -0.4862618 2.453202 0.112548 -0.4485558 2.736606 -0.0579275 -0.8745635 2.481369 0.04318665 -0.8374842 2.793814 0.01356141 -0.9297593 2.453545 0.09402633 -0.8772725 2.853431
0.0611663 0.7200279 2.449099 0.003775085 0.5475052 2.436984 -0.04766146 0.3896444 2.311095 0.1031289 0.4513604 2.591077 0.04241085 0.2201637 2.197465 0.1789232 0.2638296 2.693099 0.2322082 0.150186 2.242482 0.3599485 0.1251094 2.652231 0.3089579 0.1679053 2.30705 0.3803137 0.05748452 2.626167 0.05169076 0.1538744 2.476409 0.0785273 0.07656217 2.478299 0.05123866 0.01712744 2.430748 0.1235936 0.02129729 2.533801 -0.002383654 -0.486256 2.453211 0.1122291 -0.4485629 2.736744 -0.05812356 -0.8741489 2.481431 0.04312343 -0.8376516 2.793969 0.01362745 -0.9297161 2.453516 0.09082489 -0.8783789 2.853792
0.06055636 0.7203447 2.44908 0.003678384 0.5480497 2.43698 -0.04677198 0.3900687 2.310698 0.1030321 0.451905 2.591073 0.04529935 0.2206624 2.199056 0.1788621 0.2638141 2.693078 0.2356655 0.1505914 2.242067 0.3169245 0.1049041 2.672328 0.2970816 0.1828775 2.271261 0.3381042 0.05940997 2.629807 0.05190997 0.1530725 2.476481 0.07890982 0.07533883 2.478411 0.05151549 0.01681202 2.430983 0.1237072 0.02099997 2.533558 -0.002496865 -0.4865748 2.453352 0.1121457 -0.448477 2.736751 -0.05797018 -0.8752979 2.483035 0.04237669 -0.8378153 2.793891 0.01355975 -0.9299759 2.454464 0.08892702 -0.9005931 2.828505
0.0600781 0.7207613 2.448961 0.003653016 0.5486677 2.43684 -0.04581312 0.3904309 2.310202 0.1030068 0.4525229 2.590933 0.04916314 0.2213336 2.201201 0.1788196 0.2638327 2.693004 0.2397235 0.1492472 2.240918 0.2960991 0.08954181 2.664165 0.3017155 0.1801253 2.270406 0.3078823 0.0405825 2.618057 0.05198203 0.152863 2.476531 0.07904475 0.07501993 2.47854 0.05171828 0.01670749 2.431082 0.1237288 0.02084766 2.533604 -0.002471395 -0.4866521 2.453359 0.1119093 -0.4492176 2.736943 -0.05813634 -0.8743671 2.482682 0.04261988 -0.8388807 2.796821 0.01360477 -0.9299772 2.454434 0.08914029 -0.9034765 2.827948
0.05947819 0.7214107 2.449021 0.003580798 0.5493367 2.436708 -0.04506051 0.3906106 2.310123 0.1029346 0.4531919 2.590801 0.05191584 0.222218 2.202027 0.1787487 0.2638974 2.692917 0.2427891 0.1494203 2.239602 0.2607624 0.0730812 2.641474 0.3069689 0.1742616 2.270089 0.2681951 0.002082695 2.606515 0.05205922 0.1518176 2.47674 0.07918085 0.07341245 2.478871 0.05200964 0.01671994 2.432125 0.123411 0.01968028 2.532821 -0.002475575 -0.4865015 2.453429 0.1121084 -0.4688835 2.738513 -0.05812165 -0.8738937 2.482114 0.04266051 -0.8390715 2.796572 0.01377336 -0.9299931 2.454396 0.09090011 -0.9034302 2.825489
0.05934425 0.7217098 2.449271 0.003604556 0.5496681 2.436757 -0.04404575 0.3902407 2.310445 0.1029583 0.4535234 2.59085 0.06801701 0.2107061 2.201392 0.1787436 0.2638995 2.692917 0.2609023 0.1512239 2.247837 0.2589346 0.07391888 2.636393 0.3410572 0.1609611 2.309892 0.27584 0.00980597 2.600767 0.05238702 0.1515267 2.476918 0.07960971 0.07307143 2.479089 0.05275983 0.01711387 2.433222 0.1236774 0.01980133 2.532486 -0.002424776 -0.4865286 2.453442 0.1138951 -0.463442 2.739941 -0.05850504 -0.8744048 2.48224 0.04185051 -0.8351232 2.792855 0.01379907 -0.9299806 2.454477 0.08776911 -0.9070367 2.787892
0.05940174 0.7221568 2.449588 0.003878896 0.5503297 2.437126 -0.04399849 0.3901661 2.310396 0.1032327 0.4541849 2.591219 0.07071088 0.2089498 2.200754 0.1788344 0.2640087 2.693066 0.26479 0.1541322 2.247781 0.2498671 0.07216708 2.615683 0.3444413 0.1637571 2.310496 0.2759822 0.008500263 2.585189 0.05257329 0.1514624 2.476941 0.07979857 0.0729906 2.479054 0.05286732 0.01719049 2.43343 0.1242036 0.02030173 2.53151 -0.002552829 -0.4864945 2.453456 0.1135961 -0.4593548 2.738857 -0.05867048 -0.8736374 2.481821 0.04224473 -0.8341472 2.792478 0.01386573 -0.9300176 2.454351 0.0942192 -0.882886 2.852986
0.05944357 0.722401 2.449723 0.004346238 0.5507656 2.437256 -0.0427053 0.3907855 2.309597 0.1037 0.4546209 2.591349 0.07289727 0.2078855 2.200564 0.1790966 0.2640725 2.693123 0.2673587 0.155253 2.24829 0.2481205 0.07672827 2.612397 0.3468 0.1648199 2.311278 0.2722633 0.02045368 2.568631 0.05312236 0.1520739 2.477136 0.08040924 0.07382791 2.479294 0.05385618 0.01862875 2.434203 0.1246529 0.0219252 2.531283 -0.002599984 -0.4866413 2.453529 0.1145044 -0.4579779 2.739655 -0.05891039 -0.8727056 2.480754 0.04158629 -0.8217015 2.784851 0.01389396 -0.9299502 2.454142 0.09337892 -0.8837271 2.851427
0.05945946 0.7228757 2.450375 0.004768275 0.5511528 2.437497 -0.0422389 0.3899995 2.309097 0.104122 0.455008 2.59159 0.07430184 0.2069129 2.200509 0.1793712 0.2641436 2.693273 0.2692547 0.1556129 2.247796 0.242643 0.08224845 2.594343 0.3483844 0.1653432 2.311148 0.2783811 0.02678278 2.558129 0.0533099 0.1521243 2.477115 0.08057372 0.07388373 2.479236 0.05392003 0.01867322 2.434305 0.1250634 0.02283254 2.530398 -0.002356953 -0.487477 2.453428 0.1144347 -0.4554787 2.738934 -0.05886962 -0.8729224 2.4807 0.03961722 -0.8151188 2.779397 0.01399097 -0.930052 2.454166 0.08736135 -0.9129783 2.793666
0.05981186 0.723452 2.451127 0.005144078 0.5520297 2.437806 -0.04188772 0.3900352 2.309005 0.1044978 0.4558849 2.591899 0.07514127 0.2064627 2.20056 0.1796169 0.264538 2.693471 0.2700797 0.1546496 2.247451 0.2490485 0.08871299 2.586943 0.3492615 0.1642441 2.310757 0.2920563 0.03881735 2.550533 0.05348051 0.1522325 2.477091 0.08072748 0.07396824 2.479166 0.05407929 0.01905119 2.434562 0.1252634 0.02361582 2.529448 -0.00219719 -0.4874319 2.453501 0.1145523 -0.4541885 2.73854 -0.05864768 -0.8724684 2.480992 0.03991113 -0.8336985 2.789081 0.01410855 -0.9298707 2.453758 0.08124048 -0.8815349 2.85297
0.05983905 0.7240123 2.452342 0.005339462 0.5535955 2.438781 -0.04121041 0.3897401 2.308901 0.1046932 0.4574507 2.592875 0.07039511 0.2156127 2.202415 0.1797687 0.2655668 2.694278 0.2623645 0.146249 2.240598 0.2570932 0.09775738 2.579524 0.3414875 0.1557232 2.303993 0.3003553 0.04672074 2.54505 0.05361671 0.1524946 2.477067 0.08086623 0.0741991 2.479071 0.05420994 0.01919927 2.434515 0.1252878 0.02415448 2.52913 -0.002145573 -0.4881564 2.453616 0.1144742 -0.4533914 2.738002 -0.05844091 -0.8727511 2.48111 0.03925238 -0.8385332 2.792498 0.01418348 -0.929848 2.45366 0.09341473 -0.9095522 2.803849
0.06003142 0.7244362 2.453341 0.005462396 0.5541375 2.439057 -0.04086445 0.3896065 2.308771 0.1048161 0.4579927 2.593151 0.07951203 0.2071225 2.20215 0.1798659 0.2658959 2.69451 0.2728258 0.1460374 2.245486 0.2592855 0.1044021 2.571438 0.3521546 0.1549654 2.308702 0.3029336 0.05317732 2.53774 0.05366609 0.1525868 2.476855 0.08091376 0.07430086 2.478658 0.05421251 0.01920179 2.434264 0.1251702 0.02476416 2.52809 -0.002082868 -0.4881671 2.453643 0.1134326 -0.4516598 2.735609 -0.05841177 -0.8725471 2.480581 0.03829067 -0.8400486 2.790797 0.01418073 -0.9301726 2.453102 0.08752707 -0.8860523 2.884065
0.0602726 0.7250165 2.454305 0.005551789 0.5550535 2.439401 -0.04012583 0.3900937 2.308167 0.1049055 0.4589087 2.593495 0.07034328 0.2178225 2.203883 0.1799425 0.2665668 2.694824 0.2603085 0.1402557 2.237615 0.2575615 0.1095214 2.564246 0.3402528 0.1474347 2.300274 0.3015962 0.0583433 2.530984 0.05366562 0.1526263 2.476702 0.0809238 0.07430592 2.478415 0.05421887 0.01927981 2.434146 0.1249567 0.02498241 2.527398 -0.001911264 -0.4885091 2.453781 0.1131399 -0.4516441 2.734887 -0.0581594 -0.8731285 2.480193 0.03863629 -0.8403022 2.790949 0.01456487 -0.9302343 2.452896 0.08738421 -0.8853476 2.875676
0.05988758 0.7256606 2.454937 0.005708536 0.5559543 2.439952 -0.03935699 0.3905235 2.30768 0.1050623 0.4598095 2.594046 0.06931977 0.218878 2.20404 0.1800874 0.2672907 2.695352 0.258595 0.1390994 2.236838 0.2541214 0.1119846 2.557653 0.338537 0.1462233 2.299504 0.298264 0.06086432 2.524447 0.05580911 0.1303854 2.477345 0.08375739 0.04038252 2.478585 0.05436236 -0.00157922 2.46582 0.1247122 0.003216779 2.493488 -0.001811465 -0.4890198 2.453864 0.1126317 -0.4521199 2.734358 -0.05810826 -0.8736619 2.48043 0.03913104 -0.8435704 2.795159 0.01458358 -0.9303263 2.452918 0.09525791 -0.9104264 2.806636
0.05983303 0.7258075 2.455346 0.005695975 0.5561057 2.439953 -0.03925038 0.3905531 2.307251 0.1050497 0.4599609 2.594047 0.06860561 0.2198505 2.204108 0.1800783 0.2673823 2.695359 0.2569829 0.1375739 2.236179 0.2579727 0.1156751 2.55463 0.3369229 0.1444191 2.298876 0.3021883 0.06463468 2.5214 0.0557249 0.1283507 2.47724 0.08365389 0.03975162 2.478554 0.054287 -0.001717667 2.46595 0.12463 0.003164356 2.493423 -0.001198159 -0.4889714 2.45379 0.113091 -0.4536742 2.734412 -0.05883428 -0.8727605 2.479454 0.03920351 -0.8434637 2.795101 0.0147344 -0.9303528 2.452969 0.09325927 -0.9108989 2.817472
0.05977165 0.7259086 2.455461 0.005641156 0.5564231 2.439964 -0.03887692 0.3906449 2.306776 0.1049949 0.4602783 2.594057 0.0743887 0.2116485 2.203359 0.1800316 0.2676185 2.69538 0.2617739 0.1597212 2.270533 0.2644599 0.12266 2.54741 0.3394131 0.1736871 2.33492 0.3087104 0.07164817 2.514181 0.05580262 0.1270889 2.477072 0.08368764 0.03923595 2.478462 0.05432846 -0.001955335 2.465786 0.1246039 0.00317055 2.493464 -0.001333693 -0.4894907 2.454153 0.1127035 -0.4532562 2.733903 -0.0588917 -0.8724998 2.479379 0.03918294 -0.8436959 2.795146 0.01482014 -0.9303469 2.452989 0.09149842 -0.9103553 2.815455
0.05968809 0.7259786 2.455703 0.005622996 0.5565552 2.439969 -0.03792868 0.3904491 2.306647 0.1049767 0.4604104 2.594062 0.07586667 0.2095075 2.202739 0.1800168 0.267707 2.69539 0.3121177 0.1753638 2.328636 0.2661636 0.1241622 2.545582 0.3557454 0.222853 2.36744 0.3104182 0.0731518 2.512358 0.05597978 0.1252687 2.476869 0.08382824 0.03803115 2.478315 0.05443737 -0.0023271 2.465865 0.12456 0.002939385 2.493319 -0.001261649 -0.4895458 2.4542 0.1124352 -0.4532651 2.733444 -0.05891164 -0.8722224 2.479344 0.04046341 -0.8381234 2.795998 0.01481781 -0.9302726 2.452915 0.09768573 -0.8820776 2.864134
0.05950664 0.7263675 2.456429 0.005739119 0.5569574 2.44027 -0.03697074 0.3903614 2.306089 0.1050929 0.4608126 2.594363 0.07644688 0.2084059 2.202551 0.1801276 0.2680489 2.695692 0.3119878 0.1754365 2.328624 0.2674869 0.1253741 2.545028 0.3585531 0.2142702 2.37321 0.3117446 0.07436558 2.511807 0.05523714 0.1426111 2.4771 0.08230133 0.06660185 2.478328 0.05622524 0.01622432 2.439741 0.1234015 0.02218613 2.522363 -0.001169012 -0.4898578 2.454363 0.1128602 -0.4539824 2.734006 -0.05887876 -0.8721346 2.479387 0.03978325 -0.8400545 2.79722 0.01480336 -0.9302023 2.452824 0.09398987 -0.8852174 2.876259
0.05952599 0.7263749 2.456455 0.005826562 0.5571048 2.440211 -0.03698286 0.390319 2.305977 0.1051803 0.46096 2.594304 0.06767657 0.2193726 2.202623 0.1802054 0.2681599 2.695647 0.3118115 0.175219 2.328576 0.2720268 0.2579782 2.492725 0.3584311 0.2112546 2.375396 0.3162941 0.2069705 2.459518 0.05498289 0.145437 2.476254 0.08206176 0.06832056 2.477615 0.0557759 0.01676217 2.437674 0.123475 0.02264821 2.522543 -0.0009062948 -0.4894802 2.454232 0.1125044 -0.4536313 2.733475 -0.05897834 -0.8716815 2.479391 0.0414274 -0.8367868 2.796762 0.01358773 -0.9295633 2.452694 0.08835943 -0.9068584 2.782973
0.05959031 0.7263272 2.456588 0.005887972 0.5573121 2.440243 -0.03702566 0.389957 2.30601 0.1052417 0.4611673 2.594337 0.07322235 0.2120758 2.200735 0.1802624 0.2683291 2.695684 0.3114184 0.1743832 2.329043 0.2570481 0.2692278 2.485919 0.390817 0.161819 2.376374 0.3013149 0.2182207 2.452712 0.05510476 0.1463773 2.476183 0.08216483 0.06876665 2.477542 0.05576043 0.01681738 2.437463 0.1238088 0.02305492 2.522687 -0.0007243311 -0.4896609 2.454301 0.112396 -0.452845 2.733202 -0.05894236 -0.8719777 2.479513 0.04147314 -0.8385578 2.797609 0.012859 -0.9292618 2.453147 0.08950556 -0.8834971 2.873865
0.0595881 0.7263915 2.456614 0.005728126 0.5574625 2.440127 -0.03702763 0.3894889 2.305883 0.1050819 0.4613177 2.59422 0.07504643 0.209855 2.200479 0.180115 0.2684496 2.695584 0.312397 0.1705754 2.3394 0.2716355 0.3072461 2.496259 0.3915139 0.1574823 2.390269 0.3159025 0.2562389 2.463052 0.05495751 0.147158 2.475919 0.08209976 0.06922758 2.477329 0.05571909 0.01665021 2.436346 0.123864 0.02320598 2.522932 -0.0006890915 -0.489623 2.454293 0.1122833 -0.4527122 2.733034 -0.0593401 -0.8717084 2.479156 0.0398175 -0.8464525 2.793262 0.0130607 -0.9291931 2.453145 0.08117455 -0.9194154 2.776883
0.05977456 0.7264149 2.456982 0.005724863 0.557497 2.440089 -0.0374438 0.3885879 2.305374 0.1050786 0.4613522 2.594182 0.07579254 0.2088309 2.200085 0.1801124 0.2684714 2.695554 0.3116534 0.1693491 2.340769 0.2889851 0.3492365 2.520729 0.3902737 0.1561885 2.392225 0.3332515 0.29823 2.487522 0.05461806 0.1482498 2.475334 0.08172676 0.07018476 2.476655 0.05509271 0.01668604 2.434223 0.1238473 0.02326099 2.522994 -0.0003435171 -0.4891462 2.454181 0.1116575 -0.4528288 2.731961 -0.05918486 -0.8715099 2.479001 0.03892945 -0.8462691 2.794338 0.01356062 -0.9292861 2.453013 0.07972715 -0.8845968 2.858901
0.05921734 0.727468 2.45731 0.005349206 0.5584923 2.440362 -0.03746785 0.388773 2.305407 0.104703 0.4623475 2.594455 0.07699998 0.2077122 2.199477 0.179748 0.2694029 2.695835 0.3098321 0.169346 2.345418 0.3002978 0.3679492 2.540383 0.3874428 0.1565573 2.398628 0.3083651 0.3791964 2.514905 0.05378176 0.1502033 2.474817 0.08090775 0.07185882 2.475982 0.05436814 0.01741046 2.432561 0.1234159 0.02389777 2.523207 -1.246313E-05 -0.4896559 2.45431 0.1110792 -0.4521601 2.730993 -0.05916167 -0.8717861 2.47897 0.03769848 -0.8529523 2.789697 0.01360447 -0.9293762 2.452987 0.08223957 -0.9233708 2.770757
0.05902091 0.7276035 2.457763 0.005314635 0.5585257 2.440391 -0.03784766 0.3892314 2.304864 0.1046684 0.4623809 2.594484 0.07711435 0.2074631 2.199328 0.1797143 0.2694291 2.695866 0.3041777 0.1670197 2.352879 0.3194535 0.3744855 2.564807 0.3798655 0.1535386 2.408625 0.3209668 0.3802975 2.535588 0.05517367 0.1288878 2.474281 0.0831866 0.03915841 2.474968 0.05288049 -0.00490508 2.464164 0.1253985 0.000919015 2.486338 0.0002526224 -0.4899518 2.454272 0.1108038 -0.4522595 2.7305 -0.05891982 -0.8722885 2.478726 0.03726688 -0.8573804 2.7877 0.01376204 -0.929576 2.453151 0.08577417 -0.925356 2.769612
0.0587042 0.7277353 2.457774 0.005178888 0.5586088 2.440407 -0.03820845 0.3891681 2.304816 0.1045326 0.462464 2.5945 0.07719094 0.2068449 2.198862 0.1795818 0.2695 2.695886 0.2992133 0.1683849 2.359495 0.3472075 0.37207 2.606567 0.3732207 0.1555649 2.417602 0.344129 0.3796617 2.554855 0.05562173 0.1259171 2.474883 0.08357803 0.03753058 2.47555 0.05315626 -0.005790388 2.467113 0.1257352 0.0002567842 2.485957 0.0002685292 -0.4899704 2.45427 0.1113292 -0.4537853 2.73083 -0.05913432 -0.8727216 2.47878 0.03640977 -0.8528329 2.789733 0.01377464 -0.9295861 2.453107 0.08316209 -0.9217292 2.770554
0.05865371 0.7278292 2.457976 0.005100893 0.5586841 2.440468 -0.03841401 0.3891848 2.304797 0.1044546 0.4625393 2.594561 0.07692854 0.2067309 2.198675 0.1795048 0.2695656 2.69595 0.2917278 0.1675418 2.367976 0.3571607 0.3527192 2.605697 0.3633275 0.1544787 2.428972 0.3867596 0.3745539 2.561425 0.05492092 0.1424845 2.475002 0.08237591 0.06703898 2.47583 0.05528056 0.01790238 2.436255 0.1253549 0.02477298 2.521358 0.0003819047 -0.4898754 2.454282 0.1117139 -0.4542826 2.731098 -0.05916988 -0.8724048 2.479061 0.04012604 -0.8401644 2.790683 0.01384021 -0.9294049 2.453 0.08094029 -0.9134191 2.774316
0.05828885 0.728169 2.458203 0.00487626 0.5589741 2.440597 -0.03876941 0.3892967 2.304539 0.10423 0.4628293 2.594691 0.07615773 0.2065813 2.198426 0.1792835 0.2698363 2.696084 0.2570857 0.1554614 2.279552 0.364085 0.3423014 2.612148 0.3347383 0.1465491 2.344806 0.4267501 0.3546296 2.569715 0.05384798 0.1475556 2.474985 0.08144525 0.07042504 2.475797 0.05491874 0.01839219 2.43448 0.124819 0.02503588 2.522652 0.0005789093 -0.4901807 2.454338 0.1119819 -0.454934 2.731322 -0.05927193 -0.8723389 2.479158 0.03984972 -0.8399557 2.790158 0.01412392 -0.9293582 2.45261 0.09510031 -0.888135 2.859914
0.05756506 0.7286519 2.458747 0.00470701 0.55922 2.44061 -0.03841162 0.3893505 2.304532 0.1040608 0.4630752 2.594704 0.07439753 0.2061916 2.198236 0.1791177 0.2700651 2.696102 0.2561938 0.1568553 2.278638 0.3933353 0.303423 2.630832 0.3317547 0.1484557 2.346376 0.4598057 0.3168561 2.582241 0.0523219 0.1499141 2.473321 0.07964056 0.07237981 2.473857 0.05271732 0.01760804 2.426354 0.1233524 0.02462001 2.523086 0.0008143566 -0.4902856 2.454392 0.1056446 -0.4527746 2.724297 -0.05885577 -0.8726845 2.479449 0.0407293 -0.8361287 2.79332 0.01406549 -0.9293868 2.452557 0.09505536 -0.8853284 2.856967
0.05661027 0.7291148 2.458688 0.003400458 0.5597925 2.440487 -0.03830812 0.3895319 2.304197 0.1027542 0.4636477 2.59458 0.07306534 0.205553 2.198315 0.1778144 0.2706141 2.695991 0.2555925 0.158004 2.278216 0.4143721 0.2682124 2.637391 0.3164349 0.1421543 2.309412 0.4818269 0.2590935 2.605286 0.05223853 0.150839 2.473493 0.07972544 0.07304693 2.474127 0.05335938 0.01745513 2.426059 0.1231903 0.0243753 2.525351 0.0008196398 -0.4902808 2.454392 0.1081924 -0.454727 2.726947 -0.05825043 -0.8732971 2.479792 0.04000805 -0.8386647 2.792032 0.01431656 -0.9296223 2.452534 0.09226054 -0.884577 2.85734
0.05567548 0.7292125 2.45865 0.002808706 0.5598068 2.440569 -0.03815664 0.3895621 2.30427 0.1021625 0.4636619 2.594663 0.06869986 0.2057993 2.197797 0.1772175 0.2706173 2.696081 0.2526068 0.1593077 2.275496 0.4495172 0.2130009 2.628377 0.325169 0.1604962 2.346923 0.5194191 0.1885855 2.604291 0.05197483 0.1514954 2.473338 0.07954767 0.07359765 2.473994 0.0534911 0.01753628 2.425645 0.1229154 0.02447986 2.525619 0.0009007091 -0.4901465 2.454366 0.1081237 -0.4541524 2.726753 -0.05801983 -0.8738291 2.480209 0.03936958 -0.8372877 2.789984 0.01432989 -0.9299651 2.452697 0.1016813 -0.906615 2.82158
0.05517111 0.7291059 2.458684 0.001831804 0.5598441 2.440509 -0.03815426 0.3895645 2.30428 0.1011856 0.4636992 2.594603 0.06622784 0.206017 2.19765 0.1762372 0.2706421 2.696028 0.2502471 0.1595608 2.275136 0.4360416 0.1613022 2.641135 0.3234021 0.1617097 2.345935 0.4965796 0.1184702 2.628283 0.05184377 0.1516169 2.473293 0.07950617 0.07365463 2.473996 0.05353716 0.0175237 2.425612 0.122768 0.02442335 2.525772 0.001009915 -0.4901707 2.454457 0.1081381 -0.4537786 2.72683 -0.05828354 -0.874112 2.480434 0.03910106 -0.8378331 2.791139 0.01334203 -0.9294782 2.453107 0.08423313 -0.8909244 2.856502
0.05538997 0.7123486 2.458769 0.008600682 0.5044904 2.441037 -0.03854937 0.389414 2.30438 0.1079544 0.4083456 2.595131 0.05376244 0.2169728 2.199569 0.1829944 0.2152116 2.696602 0.2398078 0.1541708 2.261876 0.4382538 0.09062269 2.661274 0.3141435 0.1570055 2.331406 0.4922966 0.04157536 2.642888 0.05207706 0.139327 2.471922 0.07915068 0.0656933 2.472717 0.05316293 0.01483475 2.425812 0.1219751 0.01097073 2.522098 0.001053137 -0.4900292 2.454479 0.1124856 -0.4811835 2.728771 -0.05854915 -0.8735616 2.480821 0.03963597 -0.8390193 2.793808 0.01341111 -0.9293881 2.453051 0.08643071 -0.8904619 2.858926
0.05638064 0.7198489 2.457772 0.003969353 0.5501952 2.438748 -0.03862163 0.3892086 2.304697 0.1033231 0.4540504 2.592841 0.05361991 0.2169536 2.199404 0.178363 0.2609164 2.694313 0.2397857 0.154763 2.261906 0.388458 0.08655111 2.671843 0.301841 0.1340328 2.287303 0.4340918 0.0248371 2.662676 0.05260264 0.1415425 2.472685 0.07956146 0.06648838 2.473275 0.05350509 0.01505277 2.426831 0.1228169 0.01398427 2.522996 0.001063904 -0.490182 2.454519 0.1123841 -0.4612642 2.731026 -0.05855824 -0.8736699 2.48061 0.0399217 -0.8384019 2.793796 0.01343596 -0.9296281 2.453055 0.09467365 -0.9034389 2.802222
0.05645508 0.7199589 2.457587 0.004068971 0.5503368 2.438802 -0.03862325 0.3891425 2.304691 0.1034227 0.454192 2.592896 0.06898098 0.2024602 2.201721 0.1784626 0.261058 2.694367 0.2573689 0.1642302 2.273927 0.3264471 0.08539271 2.686241 0.3194709 0.1692384 2.316147 0.3890643 0.01335752 2.650771 0.05257943 0.1418215 2.472625 0.07955195 0.06647974 2.473259 0.05343589 0.01509782 2.427011 0.1226846 0.0140147 2.522689 0.001332889 -0.4902661 2.454662 0.1114881 -0.4685508 2.728938 -0.05845658 -0.8738596 2.480373 0.04028333 -0.8400321 2.793761 0.0136328 -0.9297708 2.452775 0.08741559 -0.9100321 2.780467
0.05665315 0.7199983 2.456185 0.004015377 0.5506114 2.438644 -0.03848346 0.3889261 2.304914 0.1033691 0.4544666 2.592737 0.07101639 0.2017386 2.201404 0.2043476 0.2223349 2.696517 0.2599467 0.1661988 2.273602 0.3382971 0.05994605 2.687474 0.3229234 0.1543522 2.30223 0.3859701 -0.02077232 2.647714 0.05262006 0.1418966 2.472659 0.07965267 0.06630117 2.47337 0.05375811 0.01517276 2.427787 0.1226506 0.01384957 2.522635 0.001492594 -0.4895757 2.454395 0.1126083 -0.4788378 2.729469 -0.05865058 -0.8734265 2.480413 0.04262209 -0.8312806 2.789755 0.01368994 -0.9294107 2.452553 0.08465748 -0.9050364 2.78022
0.05732142 0.7200878 2.454981 0.00427722 0.5509406 2.438304 -0.03808368 0.3886415 2.304769 0.103631 0.4547957 2.592398 0.07243144 0.2012258 2.201117 0.2044889 0.2226272 2.696239 0.2625977 0.1677502 2.271422 0.3265796 0.05110079 2.685955 0.3259865 0.1565917 2.299421 0.3494021 -0.01168132 2.642085 0.05272348 0.1421146 2.472687 0.07972118 0.06626362 2.473434 0.05395411 0.01528339 2.428254 0.1226412 0.01382025 2.522635 0.001462557 -0.4895205 2.454309 0.112451 -0.4814677 2.72954 -0.05861783 -0.8731897 2.480249 0.04276331 -0.8332204 2.791821 0.01387995 -0.9293706 2.452497 0.09709184 -0.8881123 2.875634
0.05815544 0.7204503 2.454075 0.004969658 0.5514264 2.438002 -0.03717387 0.3880893 2.305059 0.1043234 0.4552816 2.592096 0.07251448 0.2012355 2.201224 0.2050771 0.2230657 2.695966 0.2651306 0.1685198 2.266099 0.3152777 0.04363087 2.680635 0.329336 0.1576146 2.292288 0.3402317 -0.01395251 2.641132 0.05400828 0.1436079 2.473536 0.08099826 0.06710234 2.47453 0.05541813 0.01615718 2.43085 0.1240049 0.01607026 2.523302 0.001503277 -0.4895135 2.454286 0.1151133 -0.4674543 2.733915 -0.05845403 -0.8726665 2.480115 0.04263262 -0.8346944 2.791981 0.01399699 -0.929318 2.452025 0.08871253 -0.8858782 2.868309
0.05897527 0.7205208 2.453652 0.005830928 0.5515151 2.437838 -0.03632355 0.388128 2.305618 0.1051847 0.4553702 2.591932 0.07396577 0.2014141 2.200441 0.2059713 0.2231466 2.695797 0.2668841 0.168591 2.264558 0.3084906 0.03928396 2.676366 0.3311902 0.15765 2.290493 0.335313 -0.01372874 2.639051 0.05507002 0.1463185 2.473769 0.08197519 0.06954533 2.474905 0.0558966 0.01632711 2.430478 0.1250981 0.01868331 2.52528 0.001539568 -0.4895221 2.454229 0.1148864 -0.4624559 2.733283 -0.05855419 -0.8723068 2.480457 0.0425632 -0.836916 2.792724 0.01412087 -0.9292613 2.452013 0.08548998 -0.9107251 2.79006
0.05940003 0.7208672 2.453562 0.005975469 0.5517312 2.437834 -0.03595142 0.3889053 2.305487 0.1053292 0.4555864 2.591928 0.07485068 0.2021042 2.200032 0.2060774 0.2233286 2.695795 0.2684847 0.1680653 2.261845 0.306028 0.03810786 2.674582 0.3330293 0.156719 2.287012 0.3314074 -0.01118081 2.636312 0.05514672 0.1470358 2.473767 0.08205623 0.06997943 2.474938 0.05621632 0.01661954 2.430086 0.1250305 0.01857488 2.525609 0.001558877 -0.4895412 2.454172 0.1151748 -0.4760357 2.731927 -0.05801367 -0.8729454 2.480682 0.04271003 -0.8388268 2.793089 0.01420223 -0.9294898 2.45217 0.08391909 -0.8867199 2.850581
0.06016195 0.7218672 2.453345 0.006675208 0.5526597 2.438223 -0.03511985 0.3891468 2.305674 0.106029 0.4565149 2.592316 0.07519538 0.2022559 2.199794 0.2067037 0.2242179 2.696165 0.2695843 0.1676867 2.259388 0.3034149 0.03734131 2.673711 0.3348303 0.1860048 2.292126 0.3287522 -0.005566504 2.633587 0.05574836 0.1478554 2.474146 0.08263895 0.0704888 2.475311 0.05686315 0.01713204 2.430819 0.1255903 0.01985298 2.525595 0.001683989 -0.4899403 2.454106 0.1165595 -0.466174 2.733688 -0.05784286 -0.8734239 2.480608 0.042436 -0.8397955 2.793168 0.01557319 -0.930854 2.451391 0.09296523 -0.8860108 2.886274
0.06114997 0.7224488 2.453202 0.007241328 0.5530661 2.438243 -0.03426798 0.3892915 2.305914 0.1065951 0.4569213 2.592337 0.07592488 0.2022548 2.199654 0.2072348 0.2246151 2.696191 0.2709933 0.1672816 2.257218 0.3018603 0.03683056 2.670882 0.336133 0.185349 2.290298 0.3241852 0.006028238 2.631756 0.05609102 0.1484762 2.474041 0.08294454 0.07092706 2.475226 0.05703688 0.01730836 2.430751 0.1258954 0.02068715 2.525372 0.001702327 -0.4900199 2.454129 0.1160847 -0.4605381 2.731848 -0.05747568 -0.8730227 2.48007 0.04235177 -0.8399481 2.793203 0.01567295 -0.9308678 2.451361 0.08463462 -0.8837935 2.863904
0.0615968 0.7229433 2.453376 0.007701412 0.5535696 2.438673 -0.03366144 0.3892153 2.306159 0.1070552 0.4574247 2.592767 0.07616536 0.2022908 2.199577 0.2076817 0.2251219 2.696632 0.271892 0.1672034 2.25525 0.2988752 0.03684898 2.658684 0.3373494 0.1848315 2.287928 0.3331297 -0.01462962 2.61579 0.05647511 0.1486618 2.47427 0.08338149 0.07096784 2.47546 0.05755896 0.01763781 2.431389 0.1262134 0.02094786 2.525261 0.001855208 -0.4893143 2.453966 0.1163367 -0.4603029 2.732033 -0.05745171 -0.8727784 2.480114 0.04328185 -0.8355154 2.793511 0.01565774 -0.930836 2.451538 0.0962792 -0.9021419 2.80052
0.0624947 0.7233454 2.453397 0.008131125 0.5538949 2.43885 -0.03347906 0.3890117 2.306279 0.1074849 0.4577501 2.592944 0.07653943 0.2023422 2.199737 0.2081063 0.2254334 2.696823 0.2703532 0.1559403 2.25416 0.2947552 0.03536853 2.656231 0.3470173 0.1704803 2.319564 0.3164768 0.02798327 2.620606 0.05678182 0.1489882 2.474309 0.0836676 0.07118145 2.475474 0.057703 0.01767864 2.431355 0.1265114 0.02114828 2.525254 0.001878409 -0.489394 2.453932 0.1166964 -0.4597153 2.732014 -0.05739095 -0.8732114 2.480338 0.04289259 -0.8390352 2.795949 0.01565489 -0.9308417 2.451535 0.08529649 -0.910323 2.769461
0.06256068 0.7236956 2.453556 0.00823265 0.5541578 2.438906 -0.03198403 0.3894254 2.306839 0.1075864 0.4580129 2.593 0.07699311 0.202388 2.199821 0.2081905 0.2256675 2.696876 0.2705236 0.1540499 2.253737 0.2937701 0.03823811 2.639508 0.3472611 0.1679593 2.319193 0.3101486 0.03841354 2.615186 0.05908975 0.1336692 2.474976 0.08723141 0.04699654 2.476531 0.05884976 0.003201309 2.434275 0.1295577 0.003093897 2.522901 0.002349864 -0.4883731 2.453764 0.1171552 -0.4585595 2.732178 -0.05738214 -0.8727847 2.480384 0.04213867 -0.8377304 2.795796 0.01565991 -0.9307768 2.45147 0.08616528 -0.9078028 2.774635
0.06281202 0.724025 2.453898 0.008275773 0.5544282 2.439015 -0.03108207 0.3890542 2.306834 0.1076295 0.4582833 2.593109 0.07756982 0.2023634 2.200123 0.2082258 0.2259131 2.696981 0.2708521 0.1522409 2.253484 0.2847635 0.04254825 2.613393 0.3480963 0.1651253 2.318554 0.3265114 -0.01152835 2.581829 0.05916736 0.1366024 2.474059 0.08717178 0.05407286 2.474753 0.05926505 0.006531847 2.433832 0.1291024 0.01108799 2.519412 0.002677869 -0.4880082 2.453556 0.1158861 -0.4533958 2.729119 -0.05740675 -0.872682 2.480492 0.04011311 -0.8582134 2.802619 0.01566195 -0.9306934 2.451476 0.08434209 -0.892754 2.867013
0.06291626 0.724188 2.45407 0.008373084 0.5546417 2.439066 -0.0304127 0.3892281 2.306684 0.1077268 0.4584968 2.59316 0.07770549 0.2022829 2.200273 0.2083141 0.2261052 2.697035 0.2708793 0.1513278 2.253356 0.2674042 0.04546204 2.592528 0.3485236 0.1639402 2.318002 0.3074331 -0.008250225 2.558231 0.05901827 0.1386736 2.473278 0.08681019 0.05740739 2.473733 0.05922994 0.009036027 2.433369 0.1284801 0.01443494 2.517731 0.002720763 -0.4882506 2.453643 0.1147315 -0.4517252 2.726978 -0.05733956 -0.8726655 2.480435 0.03980822 -0.8535613 2.800629 0.01580427 -0.9306561 2.451514 0.09459222 -0.9145679 2.82455
0.06290474 0.7244484 2.454324 0.008351064 0.5549929 2.439158 -0.02932184 0.3880628 2.306164 0.1077048 0.4588479 2.593251 0.07804013 0.2021483 2.200492 0.2082876 0.2264318 2.69712 0.2706804 0.1474572 2.252182 0.2645788 0.0789068 2.543988 0.3491587 0.1591208 2.315995 0.3053427 0.0252409 2.510493 0.05906855 0.1403724 2.472818 0.08689299 0.05970823 2.473266 0.05956343 0.01194909 2.434211 0.1282701 0.01885127 2.515099 0.002879235 -0.4887994 2.453638 0.1145167 -0.4507194 2.726049 -0.05748071 -0.8726095 2.480541 0.04051726 -0.8522467 2.800481 0.01599369 -0.9305575 2.451508 0.09442039 -0.88209 2.89825
0.06298419 0.72457 2.454493 0.008434859 0.5551533 2.439169 -0.02869327 0.387945 2.30507 0.1077886 0.4590084 2.593263 0.07788166 0.2019921 2.200474 0.2083653 0.2265749 2.697138 0.2706161 0.1453575 2.25024 0.2708846 0.09598881 2.530413 0.3504009 0.155039 2.312752 0.3116487 0.04232255 2.496918 0.0589406 0.1416775 2.472527 0.08667211 0.06144334 2.473039 0.05954002 0.012755 2.433738 0.1281391 0.01935526 2.515314 0.003254728 -0.488334 2.453532 0.1142351 -0.4497843 2.7255 -0.05762993 -0.8724161 2.480839 0.04077934 -0.8517718 2.80059 0.01642278 -0.9306631 2.450588 0.09365216 -0.8842629 2.898082
0.06285859 0.7248465 2.454647 0.008362613 0.5556549 2.439137 -0.02765692 0.3883889 2.304844 0.1077164 0.45951 2.593231 0.07785462 0.2016208 2.200328 0.208288 0.2270543 2.697105 0.2703965 0.1439231 2.249758 0.2713147 0.09969586 2.527872 0.3504326 0.1532066 2.31201 0.312079 0.04602928 2.494377 0.05832584 0.1425884 2.471771 0.08593863 0.0624269 2.47225 0.05905035 0.01389541 2.432933 0.1270508 0.02007874 2.514509 0.003236161 -0.488408 2.453522 0.1116115 -0.4492317 2.722434 -0.0574147 -0.8727864 2.480712 0.04091503 -0.8504056 2.801838 0.01659964 -0.9309729 2.450936 0.09906814 -0.9117317 2.814224
0.06283996 0.7248762 2.454861 0.008412786 0.5557033 2.439084 -0.02712044 0.3872503 2.303833 0.1077666 0.4595583 2.593177 0.07775558 0.2013409 2.200079 0.2083353 0.2270906 2.697065 0.2699309 0.1417411 2.248894 0.2842973 0.2684037 2.491245 0.3502232 0.1506347 2.310873 0.3250618 0.214737 2.457749 0.05760221 0.1429033 2.470711 0.08493701 0.06279729 2.470998 0.057931 0.01378155 2.42975 0.1258801 0.01880661 2.514204 0.003157989 -0.4887733 2.453541 0.106257 -0.4611515 2.715541 -0.0576208 -0.8729839 2.480815 0.04078063 -0.8499295 2.80123 0.01641618 -0.9310062 2.451033 0.0978317 -0.9126672 2.811468
0.06277765 0.7253996 2.455519 0.008409156 0.556057 2.439195 -0.02682037 0.3869197 2.3037 0.1077629 0.4599122 2.593288 0.07738536 0.201031 2.199711 0.2083326 0.227428 2.69718 0.2676161 0.1358469 2.248936 0.2479926 0.2546021 2.478344 0.3475421 0.1463813 2.311132 0.2887574 0.2009351 2.444849 0.05732341 0.1433419 2.470388 0.08461357 0.06324823 2.470643 0.05772824 0.01389722 2.429207 0.1256936 0.01887589 2.514181 0.003181929 -0.4887894 2.45351 0.1055263 -0.4583622 2.714933 -0.05752338 -0.8733603 2.480722 0.04122374 -0.8456706 2.796591 0.01638663 -0.9311326 2.45115 0.0997069 -0.8883713 2.863926
0.06264945 0.7253115 2.455689 0.008477369 0.5560285 2.439121 -0.02684651 0.3869079 2.303656 0.1078311 0.4598836 2.593214 0.07699946 0.2006978 2.199041 0.208407 0.227389 2.697116 0.2613836 0.1634043 2.28028 0.2568899 0.3207433 2.500846 0.3391028 0.1820698 2.343359 0.2730508 0.3518614 2.439987 0.05748187 0.1434014 2.470349 0.08481354 0.06333792 2.47064 0.05794197 0.01381873 2.429172 0.1260812 0.01888012 2.514383 0.003179458 -0.4892325 2.453568 0.1077223 -0.4560139 2.71682 -0.05751742 -0.8735767 2.480404 0.04171161 -0.8405401 2.793284 0.01603021 -0.9313673 2.451586 0.09937491 -0.8883309 2.863903
0.06252284 0.7251805 2.455759 0.008569325 0.5560312 2.439132 -0.02679129 0.3866727 2.303611 0.1079231 0.4598863 2.593225 0.07656622 0.2004007 2.198664 0.2085119 0.2273847 2.697137 0.3127459 0.1709539 2.333495 0.2554576 0.3644065 2.530389 0.3527328 0.2337717 2.3444 0.2711061 0.4100804 2.479371 0.05763721 0.1437448 2.470383 0.08499847 0.06381994 2.470729 0.05810551 0.01390802 2.429111 0.1263083 0.01902003 2.514807 0.003229671 -0.48922 2.453423 0.1089616 -0.4546488 2.717859 -0.05771896 -0.8733585 2.480405 0.04204967 -0.8406915 2.793296 0.01611957 -0.9311783 2.451652 0.09437391 -0.907234 2.804671
0.06222751 0.7253021 2.456019 0.008386448 0.5562676 2.439118 -0.02674925 0.3866444 2.303625 0.1077402 0.4601227 2.593211 0.07657485 0.2003131 2.198469 0.2083404 0.2276106 2.697128 0.3126604 0.1709965 2.333511 0.2656522 0.3688204 2.537886 0.3913556 0.1612243 2.38309 0.2541351 0.3452765 2.538799 0.05767307 0.1443067 2.470252 0.08511179 0.06447038 2.470622 0.05843263 0.01799853 2.432501 0.126195 0.02348911 2.510653 0.003411654 -0.4893085 2.453482 0.1093636 -0.453656 2.718006 -0.05769118 -0.8734896 2.480564 0.04202475 -0.8378528 2.79231 0.01616898 -0.9312466 2.451504 0.09504833 -0.8835815 2.865315
0.0620624 0.7254444 2.456459 0.008351243 0.5563315 2.439143 -0.02672509 0.3864648 2.303595 0.107705 0.4601867 2.593236 0.07549902 0.2007828 2.197823 0.2083109 0.2276627 2.69716 0.3117077 0.1716313 2.335225 0.274956 0.3724119 2.545553 0.390444 0.1619141 2.385589 0.2873056 0.3881636 2.497457 0.05767987 0.1443223 2.470199 0.08512914 0.06447751 2.470568 0.05850173 0.01759988 2.43208 0.1262624 0.02327947 2.510779 0.00343574 -0.4892567 2.453474 0.1097083 -0.4526408 2.717909 -0.05760572 -0.8727089 2.480051 0.0421838 -0.8380091 2.792157 0.01617704 -0.9312516 2.451504 0.09086566 -0.9066223 2.806889
0.06185803 0.725552 2.456445 0.00829431 0.5563687 2.439017 -0.02672951 0.3864757 2.303537 0.1076481 0.4602239 2.59311 0.07484075 0.2011502 2.197531 0.2082604 0.2276957 2.697052 0.3083842 0.1759872 2.337236 0.2815764 0.3780918 2.555202 0.386232 0.1675995 2.388369 0.2969861 0.3958061 2.500883 0.05765727 0.1443911 2.470011 0.08512038 0.06454021 2.470412 0.05866108 0.01745982 2.43135 0.1261701 0.02254025 2.511063 0.003482515 -0.4892533 2.453476 0.1106892 -0.4583035 2.71722 -0.05749726 -0.8729942 2.480402 0.04220717 -0.8390638 2.794246 0.01613154 -0.9311502 2.45144 0.09731458 -0.8882441 2.863068
0.06134988 0.7257746 2.45654 0.00795638 0.5564855 2.438789 -0.02683056 0.3863843 2.303518 0.1073102 0.4603406 2.592882 0.0746509 0.201223 2.197607 0.2079377 0.2278109 2.696841 0.3068873 0.1791745 2.342221 0.2956099 0.3865329 2.575705 0.3842994 0.171825 2.394991 0.3255803 0.4143862 2.510606 0.05754772 0.1443467 2.46982 0.08504977 0.0644772 2.470258 0.05865037 0.01702454 2.430718 0.1259948 0.02166015 2.511314 0.003552565 -0.4891034 2.453412 0.110974 -0.4597595 2.716784 -0.05749645 -0.8721489 2.47958 0.04234855 -0.8388485 2.794586 0.01610418 -0.9311334 2.451546 0.08801459 -0.9071119 2.818019
0.06074583 0.7258368 2.456229 0.007585347 0.5564613 2.438441 -0.02711736 0.3861105 2.303551 0.1069392 0.4603165 2.592534 0.0733871 0.2020836 2.1971 0.2075775 0.2277851 2.696513 0.3051856 0.1832313 2.347874 0.3086359 0.3865906 2.587975 0.3824517 0.1769472 2.402696 0.3515414 0.4174629 2.522575 0.05730717 0.1457465 2.469814 0.08486245 0.06646197 2.470438 0.05882808 0.01696783 2.429506 0.1260926 0.02226504 2.514743 0.003527555 -0.4890406 2.453428 0.1116101 -0.4565188 2.718228 -0.05726376 -0.8718252 2.479207 0.04349941 -0.8288773 2.799695 0.01633552 -0.9311715 2.451541 0.08874132 -0.9063314 2.814452
0.06049829 0.7257931 2.456125 0.007373284 0.556416 2.438464 -0.02748028 0.3860331 2.303487 0.1067271 0.4602711 2.592557 0.07309351 0.202318 2.197095 0.2073669 0.2277287 2.696546 0.3029293 0.1854221 2.351392 0.3609629 0.381146 2.578201 0.3795412 0.1797901 2.407389 0.4003948 0.4100997 2.534588 0.0572191 0.14582 2.469729 0.08479075 0.06654121 2.470338 0.05887431 0.01690413 2.42852 0.1258927 0.02107945 2.515288 0.003498569 -0.4891957 2.453327 0.1117974 -0.4666598 2.71736 -0.05747383 -0.8720826 2.479419 0.04360388 -0.8288198 2.799915 0.01632608 -0.93112 2.45154 0.08626544 -0.9050078 2.804688
0.05952852 0.7263967 2.456026 0.00651271 0.5569982 2.438517 -0.02777412 0.3854325 2.30325 0.1058665 0.4608533 2.59261 0.07321182 0.202254 2.197322 0.2065164 0.2283017 2.696606 0.2985663 0.1915076 2.358096 0.3802426 0.3611306 2.578109 0.3736845 0.1879254 2.416252 0.438596 0.3897815 2.533923 0.05695346 0.146476 2.469693 0.08463583 0.06718084 2.470329 0.05901562 0.01689027 2.427975 0.1257344 0.02108603 2.515954 0.003413249 -0.4894929 2.453358 0.1118505 -0.4666848 2.717399 -0.05724389 -0.8719642 2.479764 0.04324617 -0.8305779 2.794013 0.01633478 -0.931109 2.451547 0.09558127 -0.8883741 2.873785
0.05878702 0.7264199 2.455673 0.005878348 0.5569981 2.438299 -0.02806872 0.385324 2.30335 0.1052321 0.4608532 2.592392 0.073953 0.2005082 2.197426 0.2058886 0.2282934 2.6964 0.2978461 0.1984451 2.35905 0.4007967 0.3147837 2.595391 0.3724771 0.1977574 2.417489 0.4720394 0.3300054 2.54038 0.05695051 0.1463548 2.469748 0.08471488 0.06696828 2.470474 0.05915019 0.01656663 2.428488 0.1257825 0.02108519 2.515962 0.003404035 -0.4894825 2.453327 0.1129561 -0.4610229 2.719822 -0.05668939 -0.8727031 2.480156 0.04271986 -0.8353705 2.792464 0.01638051 -0.9311298 2.451561 0.08649062 -0.9079915 2.81755
0.05763713 0.7269402 2.455337 0.00525064 0.5574201 2.438479 -0.02840684 0.3852756 2.303491 0.1046044 0.4612752 2.592572 0.07321846 0.2005893 2.197575 0.2052647 0.228704 2.696589 0.2955115 0.2063545 2.362511 0.4453267 0.2717484 2.585714 0.3696092 0.2082763 2.422054 0.4964623 0.2696651 2.55114 0.05683143 0.1464502 2.470164 0.08467664 0.06701379 2.471013 0.05927889 0.01648941 2.428705 0.1256589 0.02026914 2.517578 0.003400115 -0.4894484 2.453307 0.1149269 -0.470529 2.724552 -0.05675164 -0.8726498 2.480558 0.04245453 -0.8365713 2.791836 0.01628489 -0.9310906 2.451549 0.08801447 -0.8896991 2.883777
0.0564381 0.7265041 2.455205 0.004082242 0.5569203 2.438012 -0.0291804 0.3854181 2.303622 0.103436 0.4607755 2.592105 0.07304867 0.2004066 2.198134 0.2040961 0.2281937 2.696135 0.2949009 0.2099805 2.363477 0.4621996 0.2114919 2.585731 0.3688517 0.2131718 2.423156 0.5125694 0.190069 2.560922 0.05390775 0.1203047 2.470303 0.08191352 0.02983277 2.471803 0.05478564 -0.004658672 2.435131 0.1237168 -0.01152801 2.510717 0.003276291 -0.4892462 2.453173 0.1127124 -0.4714167 2.72371 -0.05674054 -0.8731422 2.480653 0.04240529 -0.8370787 2.791023 0.01625378 -0.9311048 2.451557 0.09456086 -0.901992 2.809987
0.05484829 0.7262558 2.454441 0.002887466 0.5566015 2.437671 -0.02976532 0.3855848 2.303625 0.1022413 0.4604567 2.591764 0.07339983 0.1994747 2.199379 0.2029025 0.2278639 2.695806 0.2950795 0.2176076 2.364297 0.4159782 0.1597044 2.618594 0.3689727 0.2236519 2.423835 0.4751214 0.1237773 2.5978 0.05261257 0.1318821 2.46998 0.08047434 0.05398292 2.471254 0.05536618 0.004543483 2.432179 0.1217342 0.003353111 2.514707 0.003129228 -0.4885998 2.453184 0.1117417 -0.4716481 2.723172 -0.05671184 -0.8726915 2.480386 0.04335677 -0.8348171 2.792737 0.01610065 -0.9310151 2.451478 0.1005038 -0.8827115 2.881006
0.05402854 0.7261351 2.453976 0.002094844 0.556455 2.437132 -0.03025091 0.3857278 2.303682 0.1014487 0.4603101 2.591225 0.07339489 0.1992775 2.200094 0.2021145 0.2277073 2.695279 0.2951443 0.221579 2.364477 0.4167773 0.086167 2.62886 0.3690608 0.2290129 2.423836 0.451021 0.05463032 2.61603 0.05299086 0.1332269 2.470536 0.0809973 0.0547264 2.471913 0.05651147 0.006742349 2.433215 0.1221362 0.004682842 2.515669 0.003058337 -0.4881893 2.45313 0.1126909 -0.4767046 2.725957 -0.05661684 -0.8724545 2.480253 0.04323202 -0.8343853 2.792771 0.01601657 -0.9309201 2.451458 0.08651772 -0.9066221 2.778575
0.05365407 0.7257915 2.452928 0.001824276 0.5561309 2.436393 -0.03086803 0.3857016 2.303868 0.1011781 0.4599861 2.590486 0.0727312 0.1995656 2.200525 0.2018467 0.2273729 2.694552 0.246734 0.2100973 2.305476 0.3839883 0.07568421 2.635368 0.3047349 0.2136078 2.345024 0.4180036 0.009208776 2.625913 0.05327442 0.1343877 2.470803 0.08131541 0.05550333 2.472302 0.05671237 0.007671203 2.433645 0.1226343 0.006524295 2.516336 0.003122266 -0.488119 2.453148 0.1128236 -0.476482 2.726285 -0.05633851 -0.8719885 2.479723 0.04234149 -0.8353773 2.790355 0.01611521 -0.9309256 2.451374 0.0864165 -0.9080496 2.782053
0.0539436 0.7254944 2.452168 0.0020083 0.5559102 2.435996 -0.03092748 0.385588 2.303918 0.1013621 0.4597654 2.590089 0.06130861 0.2113843 2.202108 0.2020323 0.2271428 2.694163 0.294309 0.2301846 2.351982 0.330382 0.06163667 2.65592 0.3719757 0.2364513 2.406505 0.3870466 -0.01339017 2.616799 0.05433922 0.1356841 2.47158 0.08253572 0.05661231 2.473395 0.05767924 0.008962572 2.43553 0.1244956 0.01017176 2.517177 0.003056855 -0.488045 2.453156 0.1150456 -0.4658926 2.730325 -0.05636133 -0.8719584 2.479745 0.04276162 -0.8349205 2.790283 0.01619383 -0.9309126 2.451893 0.08963074 -0.9061219 2.79539
0.05452549 0.7247462 2.451682 0.00271188 0.5551546 2.435771 -0.03099225 0.3853486 2.303835 0.1020657 0.4590097 2.589864 0.06137551 0.2111438 2.202164 0.2027386 0.2263765 2.693943 0.2943999 0.2299256 2.352028 0.3151927 0.04994906 2.653795 0.3720746 0.2361863 2.406547 0.3551354 -0.01165586 2.618178 0.05472479 0.1363457 2.471404 0.08282501 0.05715426 2.473187 0.05760769 0.009687021 2.435649 0.1251163 0.01226905 2.515731 0.003056605 -0.4880267 2.453144 0.1130173 -0.4571417 2.726932 -0.05633339 -0.8718567 2.479597 0.04297081 -0.8353611 2.7906 0.01615269 -0.9308516 2.451815 0.08866499 -0.8852595 2.884254
0.0552539 0.7243828 2.450603 0.003008215 0.555011 2.435335 -0.03086602 0.3851968 2.303976 0.102362 0.4588662 2.589428 0.06619029 0.2087272 2.204063 0.2030367 0.2262225 2.693516 0.2994992 0.2277621 2.353513 0.3092411 0.04608029 2.652509 0.3772689 0.234107 2.407896 0.339601 -0.01437653 2.617963 0.05441126 0.137718 2.470421 0.08231676 0.05846046 2.472099 0.0568954 0.01138032 2.433704 0.1244701 0.01266341 2.515214 0.002995227 -0.4873034 2.452888 0.1091383 -0.4641632 2.72096 -0.05631609 -0.8717749 2.479713 0.04355386 -0.8351514 2.792041 0.01614984 -0.9308507 2.451814 0.09060623 -0.8883191 2.862735
0.05656496 0.7238147 2.449362 0.004132904 0.5545815 2.434682 -0.03073188 0.3850824 2.304037 0.1034867 0.4584367 2.588776 0.0673563 0.2063813 2.202814 0.204163 0.2257816 2.692872 0.3022733 0.2223405 2.350299 0.2972406 0.03821313 2.653969 0.3805789 0.2276602 2.404026 0.3330419 -0.01586437 2.615811 0.05470511 0.1393237 2.469992 0.0824003 0.06016977 2.471625 0.05669281 0.01213456 2.433144 0.1244892 0.01439899 2.515056 0.003016997 -0.4872985 2.452813 0.1083117 -0.4594114 2.720051 -0.05631214 -0.8709123 2.479597 0.04364116 -0.8360513 2.79335 0.01614745 -0.9307431 2.451679 0.09752913 -0.9077578 2.810525
0.05684044 0.7235917 2.449341 0.004475855 0.5543343 2.434693 -0.03074777 0.3847882 2.303846 0.1038296 0.4581894 2.588786 0.06787333 0.2051788 2.201582 0.2045106 0.225523 2.692889 0.303419 0.2201855 2.348263 0.285556 0.03270163 2.652051 0.3819342 0.2251878 2.401722 0.3237464 -0.01008764 2.620358 0.05669875 0.1425582 2.471092 0.08481652 0.06425502 2.473019 0.05815744 0.01337674 2.433289 0.1276761 0.01930879 2.51833 0.002998471 -0.4872687 2.452753 0.1188143 -0.4467229 2.72782 -0.05641649 -0.8708723 2.479616 0.04376164 -0.8361251 2.793469 0.01620708 -0.9305497 2.451669 0.09892096 -0.8847996 2.882562
0.05876343 0.7234071 2.448672 0.005631817 0.5539893 2.434446 -0.03071209 0.3847735 2.303743 0.1049856 0.4578444 2.588539 0.06869341 0.2042306 2.200696 0.2056698 0.2251661 2.692649 0.3045428 0.2182758 2.346946 0.2832417 0.03341369 2.637683 0.3831593 0.2229576 2.400261 0.3294186 -0.01898742 2.609594 0.05692787 0.1431503 2.470704 0.08488062 0.06478477 2.472514 0.05806266 0.01397304 2.432641 0.1277177 0.01958017 2.517844 0.003009829 -0.487347 2.452722 0.1179765 -0.4468529 2.725929 -0.05675758 -0.8706704 2.479909 0.04366161 -0.8362976 2.79359 0.01610039 -0.9303613 2.451445 0.09916277 -0.8886542 2.871367
0.05999798 0.7238183 2.448704 0.006059121 0.5541549 2.434344 -0.03067141 0.3850358 2.303728 0.1054129 0.45801 2.588438 0.06928304 0.2036371 2.200385 0.2061 0.2253194 2.692555 0.3053242 0.2118959 2.343377 0.2761142 0.0303726 2.63901 0.3840046 0.2146488 2.395607 0.3034402 -0.01994456 2.590134 0.05700322 0.143391 2.470423 0.08487518 0.06490573 2.472164 0.05793466 0.01401491 2.431827 0.1277137 0.01956615 2.517669 0.002982218 -0.4878657 2.452626 0.1170339 -0.4465258 2.724715 -0.05684274 -0.8712336 2.480183 0.04364117 -0.8365259 2.793735 0.01600334 -0.9303339 2.451443 0.09243331 -0.9108904 2.778417
0.06155131 0.7239085 2.449859 0.00704328 0.5540791 2.434743 -0.029583 0.3855709 2.303673 0.106397 0.4579342 2.588836 0.07083431 0.2022943 2.200297 0.2070889 0.2252318 2.692961 0.3046732 0.2087292 2.339898 0.2466776 0.02196544 2.560884 0.3826195 0.2108742 2.390997 0.2764543 -0.03029217 2.515607 0.05700909 0.143438 2.470267 0.08479115 0.06486396 2.47186 0.05776473 0.01423597 2.431494 0.1273801 0.01945509 2.516914 0.003048528 -0.4878932 2.452569 0.115348 -0.4469244 2.722655 -0.0568081 -0.8708513 2.479444 0.04290693 -0.8327419 2.791496 0.01594473 -0.9301319 2.451128 0.099498 -0.8824115 2.863401
0.06289664 0.7238728 2.450569 0.007662259 0.5541949 2.435061 -0.02935387 0.3855909 2.303711 0.107016 0.45805 2.589154 0.07160033 0.2013252 2.200231 0.2077124 0.2253356 2.693286 0.3055797 0.2072826 2.339283 0.2572042 0.04531796 2.581367 0.3835728 0.2092684 2.3902 0.2869815 -0.006940719 2.536089 0.05717473 0.1434376 2.47015 0.08492681 0.0647456 2.471628 0.05779079 0.01425035 2.43145 0.1275318 0.01939975 2.516169 0.003038781 -0.4881608 2.452487 0.1151173 -0.4467965 2.722208 -0.0570497 -0.8712702 2.479599 0.04236753 -0.8316736 2.791129 0.01588591 -0.9303437 2.45148 0.08612807 -0.9037598 2.777676
0.06346184 0.7240753 2.450635 0.00810458 0.5544446 2.435106 -0.02929741 0.3857613 2.303671 0.1074583 0.4582997 2.5892 0.0715884 0.2010126 2.199842 0.2081587 0.2255725 2.693339 0.2589695 0.1780697 2.280327 0.2551104 0.05270894 2.568189 0.3214299 0.1704221 2.311721 0.2848873 0.0004508458 2.522911 0.05739021 0.1442933 2.469637 0.08501168 0.06555356 2.47096 0.05777773 0.01476857 2.430828 0.1275968 0.02042309 2.515329 0.003209152 -0.4883736 2.452658 0.1145563 -0.4462299 2.720858 -0.05727147 -0.871102 2.480117 0.0441913 -0.8370701 2.795603 0.01475676 -0.9294946 2.451831 0.08758618 -0.9084648 2.777951
0.06366169 0.7239583 2.450576 0.008570726 0.5544966 2.435264 -0.02872472 0.3856581 2.303817 0.1079245 0.4583518 2.589358 0.07258885 0.2000458 2.199834 0.2086298 0.2256123 2.693505 0.3078514 0.1925825 2.323692 0.2523079 0.0654532 2.549599 0.3862723 0.1900947 2.369543 0.2820851 0.01319457 2.504321 0.05754592 0.1441294 2.4691 0.08509661 0.06515817 2.470073 0.05773171 0.01457262 2.430195 0.1275978 0.02025973 2.513784 0.003200962 -0.4884912 2.452662 0.1131363 -0.4452471 2.717767 -0.05748837 -0.8717951 2.4804 0.04384929 -0.8383299 2.795239 0.01499939 -0.9298515 2.452047 0.09082135 -0.884004 2.8904
