0.16235 0.6276978 2.291671 0.1783402 0.4319412 2.326248 0.006021738 0.3402417 2.294416 0.3378918 0.3361967 2.290882 -0.04829109 0.1963343 2.13191 0.4383739 0.1722866 2.153072 0.1392123 0.185734 2.058623 0.3433639 0.03588727 2.033777 0.2020558 0.2084351 2.052135 0.2754214 0.000984011 2.005325 0.1767823 0.1038401 2.331363 0.1765567 0.03901026 2.330916 0.1070645 -0.03393768 2.327208 0.2452404 -0.03651363 2.328904 0.07108887 -0.5174443 2.451671 0.314084 -0.5312794 2.441956 0.0404071 -0.8721024 2.55332 0.3373942 -0.879375 2.488947 -0.01624383 -0.9391188 2.550997 0.3818802 -0.9476655 2.43508
0.1620886 0.6279309 2.29227 0.178152 0.4320167 2.326435 0.00603486 0.3403649 2.293743 0.3382445 0.3362235 2.292586 -0.04916506 0.1963275 2.131588 0.4615488 0.1700917 2.174627 0.1373772 0.1833412 2.055826 0.3519986 0.03978534 2.061899 0.2011727 0.2032822 2.049562 0.2777994 -0.005050845 2.034815 0.1765997 0.1038894 2.331709 0.1763648 0.03902992 2.330628 0.106579 -0.0340396 2.326456 0.2452176 -0.03652751 2.328871 0.07084611 -0.5177902 2.450708 0.3136462 -0.5315111 2.442084 0.04166753 -0.8713902 2.552699 0.3376117 -0.8797548 2.48736 -0.01564749 -0.9385167 2.549141 0.3853757 -0.9486053 2.436118
0.1611659 0.6278436 2.292414 0.1779158 0.4320594 2.326447 0.005856744 0.3404313 2.292991 0.338457 0.336266 2.294107 -0.0497692 0.1955428 2.130659 0.4398274 0.1672169 2.195171 0.1363382 0.1818218 2.053769 0.3476623 0.0286523 2.076174 0.200753 0.1996157 2.047375 0.2733719 -0.01426587 2.046368 0.1763812 0.1039344 2.332033 0.1761766 0.03904601 2.330428 0.1061826 -0.03410853 2.326007 0.2451934 -0.03655695 2.328871 0.07063912 -0.5168577 2.450021 0.313418 -0.5316579 2.44212 0.04312734 -0.8694037 2.550471 0.3370228 -0.8775621 2.485613 -0.01571339 -0.9378265 2.547642 0.3838545 -0.9479578 2.435406
0.16039 0.6279621 2.292293 0.1776167 0.432056 2.326193 0.005535835 0.3400624 2.291482 0.3385552 0.3359805 2.29512 -0.04947193 0.1934263 2.128297 0.436992 0.1650275 2.200875 0.1362726 0.1787887 2.050557 0.3442394 0.02055661 2.090664 0.1835144 0.1971128 2.051669 0.2706922 -0.02479966 2.062681 0.1761992 0.103961 2.332339 0.1760595 0.03905035 2.330338 0.1060135 -0.03418913 2.325881 0.2451547 -0.03658611 2.328926 0.07070318 -0.5173227 2.450111 0.3132124 -0.5316999 2.442264 0.04121985 -0.8724683 2.553011 0.3369256 -0.8764387 2.485248 -0.006439585 -0.9351437 2.523899 0.3832698 -0.9470195 2.434848
0.1590821 0.6275379 2.291613 0.1773422 0.4319047 2.32582 0.005104457 0.3396259 2.289759 0.3387268 0.3357281 2.296371 -0.05012072 0.1912366 2.126563 0.4365032 0.1633125 2.207626 0.1349635 0.1748449 2.047363 0.3410153 0.01862082 2.100448 0.1833088 0.1860808 2.047396 0.281626 -0.008264303 2.086434 0.1758692 0.1040156 2.332577 0.1757651 0.03910071 2.330268 0.1056222 -0.03418077 2.325789 0.2448747 -0.03670911 2.329162 0.07037417 -0.5175474 2.450429 0.3127503 -0.5325881 2.442833 0.0411718 -0.8722065 2.552754 0.3351798 -0.8779577 2.488655 -0.01216676 -0.9354282 2.542886 0.3815314 -0.9461769 2.435109
0.1583937 0.6274016 2.291154 0.1766063 0.4308343 2.324356 0.004505135 0.3390768 2.287456 0.3386516 0.3357813 2.296793 -0.05011421 0.1903448 2.125302 0.435221 0.1615271 2.214954 0.1340485 0.1707568 2.044416 0.3370234 0.01546688 2.112826 0.1838806 0.1824979 2.045063 0.2855172 -0.008314108 2.103639 0.1757107 0.1040752 2.332641 0.1756913 0.03916862 2.330235 0.1055906 -0.03417346 2.325758 0.2447931 -0.03665698 2.329549 0.07053605 -0.5175071 2.450612 0.3119172 -0.5332013 2.443608 0.04338298 -0.8712333 2.548516 0.3347064 -0.8783286 2.488668 -0.01295301 -0.9360381 2.539269 0.3814192 -0.9459702 2.434704
0.1568913 0.6267811 2.289362 0.1756626 0.4302439 2.323178 0.00372308 0.3381159 2.284283 0.3386059 0.3354452 2.297405 -0.05009892 0.1878587 2.123071 0.433802 0.1594051 2.220654 0.133082 0.1640244 2.040895 0.3330154 0.01103409 2.125532 0.1851291 0.1770599 2.041499 0.2863006 -0.009031758 2.113455 0.1753313 0.1041387 2.332509 0.1754533 0.03924159 2.330174 0.1054317 -0.03422282 2.325693 0.2445495 -0.03663509 2.329913 0.07000896 -0.5178764 2.451517 0.3112592 -0.5343885 2.445149 0.04183366 -0.8734775 2.556139 0.3344222 -0.878763 2.489175 -0.01932872 -0.9412491 2.554616 0.3808211 -0.9461234 2.434592
0.1549842 0.625874 2.287226 0.174538 0.4294385 2.32131 0.003114736 0.3366473 2.280756 0.3382106 0.3350303 2.297977 -0.05006056 0.1845287 2.120485 0.4322445 0.1585735 2.225395 0.1327215 0.1594157 2.037707 0.3312681 0.008771241 2.133166 0.1846995 0.1715331 2.038285 0.2997927 -0.006298532 2.135026 0.1749463 0.1041033 2.332105 0.1752476 0.03922236 2.330085 0.1053554 -0.0343009 2.325634 0.2442737 -0.03665526 2.330261 0.07002074 -0.5180401 2.452703 0.3112285 -0.5343024 2.445726 0.04322834 -0.8694174 2.551954 0.3348826 -0.8764999 2.488177 -0.01722365 -0.9393727 2.545344 0.3801291 -0.945421 2.434583
0.1537876 0.6255378 2.286227 0.1738261 0.4289048 2.319349 0.003319933 0.3356181 2.278268 0.3381298 0.3344197 2.298686 -0.04989207 0.1826528 2.118805 0.4302446 0.1544636 2.228479 0.1312784 0.1461958 2.036838 0.3291671 0.003442585 2.138742 0.1914212 0.1647271 2.034222 0.2806312 -0.04115114 2.125998 0.1744529 0.1039817 2.331348 0.1748762 0.03911461 2.329865 0.1051364 -0.03443913 2.325493 0.2438673 -0.03680076 2.330506 0.06940868 -0.5195104 2.454864 0.3102437 -0.5355533 2.446752 0.04204598 -0.8710153 2.552907 0.335107 -0.8765442 2.488176 -0.01986689 -0.9418627 2.531543 0.3803246 -0.9454748 2.43457
0.1529706 0.6254379 2.285107 0.173298 0.4283 2.317886 0.003261905 0.3343936 2.276288 0.3377967 0.3340737 2.299219 -0.0502694 0.1817852 2.118312 0.4272914 0.1502114 2.232736 0.1295625 0.1414292 2.035021 0.32572 -0.001678109 2.145412 0.1944942 0.1574647 2.031474 0.2966722 -0.01738596 2.145051 0.1742565 0.1040446 2.330686 0.1747546 0.0391869 2.32977 0.105163 -0.03445163 2.325376 0.2434958 -0.03654685 2.330993 0.06930189 -0.5196337 2.455454 0.3099831 -0.5353921 2.446967 0.04210176 -0.8711609 2.552716 0.3351074 -0.8758938 2.48789 -0.01675653 -0.9402769 2.531369 0.3800127 -0.9452464 2.434566
0.152568 0.6249942 2.284248 0.1733174 0.4279367 2.317017 0.002832839 0.3339031 2.274689 0.3377993 0.3337031 2.299655 -0.05044318 0.1801329 2.118033 0.4255611 0.1510582 2.237283 0.1271884 0.1328864 2.033448 0.3281534 -0.003603429 2.150104 0.196207 0.1509645 2.029056 0.2809416 -0.04896637 2.135273 0.1740448 0.1041752 2.329915 0.1745222 0.03937013 2.329557 0.1050353 -0.0344439 2.325133 0.2431894 -0.03640971 2.331211 0.06907001 -0.5200936 2.456269 0.3098933 -0.5347484 2.447174 0.04241673 -0.8722365 2.55444 0.3354422 -0.8752282 2.487625 -0.006450042 -0.9340796 2.535657 0.3800569 -0.9449874 2.434588
0.1508514 0.6243452 2.282471 0.173098 0.42759 2.316242 0.002428306 0.3334041 2.273487 0.337647 0.3331863 2.300046 -0.05046127 0.1784797 2.117725 0.4254462 0.1529377 2.240916 0.1264174 0.1289141 2.032844 0.330402 -0.004736736 2.157104 0.1963765 0.1431635 2.02765 0.2849942 -0.05139693 2.140744 0.1737919 0.1042445 2.329151 0.1742692 0.03948539 2.329364 0.1048871 -0.03447618 2.324864 0.24287 -0.03631451 2.331447 0.06857194 -0.5222232 2.458397 0.3096319 -0.53449 2.44745 0.04149167 -0.8725839 2.555253 0.3346711 -0.8760151 2.488205 -0.01191921 -0.9388366 2.520741 0.3797828 -0.9450958 2.434702
0.1500823 0.6238203 2.281388 0.171534 0.4269528 2.314388 0.001966232 0.3329127 2.272707 0.3365508 0.3328865 2.300771 -0.05076561 0.1760132 2.117555 0.4267766 0.1530976 2.243047 0.1257685 0.124755 2.033018 0.330379 -0.003804415 2.15935 0.1976647 0.1398438 2.026745 0.2853459 -0.05139904 2.144739 0.1730481 0.104132 2.327966 0.1736854 0.03944151 2.328875 0.1047265 -0.03461827 2.324378 0.2421915 -0.03623977 2.331543 0.06845378 -0.5223204 2.458836 0.3088426 -0.5346546 2.447855 0.04453536 -0.8718629 2.551899 0.3366544 -0.8764803 2.488102 -0.0159702 -0.9409108 2.529557 0.3813869 -0.9461109 2.434994
0.1491473 0.6236393 2.280245 0.1712661 0.4271981 2.314007 0.001667895 0.3321397 2.272251 0.3361394 0.3328376 2.301212 -0.05073199 0.1744321 2.117479 0.4265609 0.1529901 2.244238 0.1251482 0.1222377 2.032011 0.3294545 -0.004603267 2.163107 0.1979653 0.1372339 2.02598 0.3417737 -0.06659678 2.185728 0.1727691 0.10399 2.327206 0.1733898 0.03924112 2.328554 0.1046133 -0.03497652 2.323903 0.2418693 -0.03635853 2.331562 0.06827267 -0.5226936 2.459145 0.3082242 -0.5349135 2.448477 0.0448431 -0.8706857 2.550727 0.3386135 -0.8782512 2.488181 -0.01628812 -0.9411889 2.528014 0.3826085 -0.9477627 2.434306
0.1480225 0.6232606 2.279665 0.1697455 0.4269743 2.313092 0.0009368546 0.3315491 2.27147 0.3356712 0.3330556 2.301775 -0.05219157 0.1725042 2.11746 0.4270728 0.1531255 2.244754 0.1230311 0.1193671 2.031088 0.3298473 -0.004342303 2.163502 0.1975392 0.1348515 2.025442 0.2887977 -0.05630099 2.152463 0.172017 0.1040158 2.326011 0.172773 0.03931587 2.327817 0.104401 -0.03522403 2.323062 0.2413447 -0.03620976 2.331298 0.06893012 -0.5215032 2.458821 0.3077866 -0.5346039 2.448547 0.04492927 -0.8697888 2.550804 0.3385755 -0.8766624 2.487584 -0.0143971 -0.9389865 2.532424 0.3823659 -0.9470317 2.434665
0.1466544 0.6227424 2.279063 0.1688769 0.4268057 2.312366 0.0003282142 0.3310494 2.271219 0.3356097 0.3332707 2.302095 -0.05404115 0.1717731 2.117862 0.4282178 0.1561061 2.246215 0.1199355 0.1153955 2.030943 0.3294919 0.001276627 2.161172 0.194397 0.1322811 2.025014 0.2748023 -0.03345766 2.143588 0.1715417 0.1039941 2.324855 0.1723616 0.03933585 2.327025 0.1042907 -0.03554508 2.322146 0.2410048 -0.03623195 2.330898 0.06902136 -0.5216896 2.459154 0.3073741 -0.534914 2.44875 0.04495362 -0.8697606 2.550701 0.3384104 -0.876543 2.487186 -0.01730976 -0.9412185 2.533148 0.3822587 -0.9470172 2.434453
0.1462015 0.6226465 2.279221 0.1678458 0.4266309 2.311779 -0.0002581916 0.330245 2.270682 0.3355546 0.3342289 2.303145 -0.05546772 0.1713646 2.117962 0.429847 0.1595136 2.246578 0.1184402 0.1135112 2.032034 0.320684 0.01525973 2.154921 0.1853656 0.1204643 2.025984 0.2673065 -0.02142165 2.137259 0.1711459 0.1040618 2.323873 0.1720541 0.03945493 2.326338 0.1044181 -0.03583018 2.321474 0.2405614 -0.0360049 2.330306 0.06906537 -0.5217787 2.459098 0.307125 -0.5348437 2.448593 0.04421633 -0.8703487 2.550896 0.3384458 -0.8767166 2.487003 -0.01967347 -0.9425154 2.5314 0.3819397 -0.9472919 2.434112
0.1439624 0.6224894 2.279051 0.1648711 0.4265795 2.311096 -0.0007470594 0.3297631 2.270511 0.3339052 0.3353885 2.303978 -0.05629642 0.1710683 2.11809 0.4327774 0.1667062 2.243987 0.1172042 0.1120973 2.032088 0.3029141 0.05010502 2.13901 0.1882868 0.1192739 2.026729 0.2433636 0.04265658 2.10893 0.1702231 0.1041956 2.32249 0.1713742 0.03963615 2.32516 0.1045011 -0.03584771 2.320533 0.2395918 -0.03534446 2.32881 0.06936862 -0.5217471 2.458853 0.3065625 -0.5334145 2.447374 0.04425267 -0.8699266 2.550866 0.3381425 -0.8754857 2.486245 -0.01440058 -0.9381992 2.535619 0.3815596 -0.9465666 2.433972
0.1413673 0.6223558 2.279515 0.1644149 0.4270051 2.311054 -0.001551841 0.3291202 2.270163 0.3332587 0.3357768 2.304642 -0.05692799 0.1703867 2.117985 0.4331322 0.1699855 2.237439 0.1160166 0.110447 2.031453 0.2916 0.07074304 2.129353 0.1794589 0.1065406 2.027609 0.2326213 0.05324896 2.102483 0.1698823 0.1041514 2.321714 0.1710339 0.03949841 2.324473 0.1043508 -0.03619195 2.319809 0.2392513 -0.03538575 2.328014 0.06946087 -0.5218263 2.458652 0.3063067 -0.532596 2.446646 0.0437851 -0.8704427 2.550663 0.3378178 -0.8747122 2.485578 -0.01580068 -0.9395909 2.537508 0.3817268 -0.9460816 2.434114
0.1391068 0.622509 2.279912 0.1638087 0.4274278 2.311158 -0.002846304 0.328449 2.269944 0.333265 0.3359769 2.304823 -0.05790337 0.1690416 2.117677 0.4313276 0.1755442 2.21948 0.1158557 0.1098669 2.032463 0.2705426 0.1176794 2.107872 0.1789516 0.1062252 2.02778 0.2116146 0.100814 2.080493 0.1695886 0.1045867 2.321108 0.1707931 0.03997737 2.323898 0.104209 -0.0361264 2.319268 0.2392287 -0.03499771 2.327406 0.06947367 -0.5218318 2.458514 0.3062689 -0.5322288 2.446049 0.04339257 -0.8705599 2.550898 0.337918 -0.8743671 2.485521 -0.01441572 -0.9385245 2.540136 0.3808895 -0.9460074 2.433644
0.136816 0.6228305 2.280115 0.1628687 0.4279013 2.311386 -0.003943699 0.3277345 2.269955 0.3327304 0.3371226 2.30487 -0.05963496 0.1668316 2.117571 0.4431479 0.1880265 2.212118 0.1150332 0.1097017 2.032908 0.266933 0.1687096 2.112563 0.1702205 0.07546013 2.015925 0.2081121 0.1512334 2.085337 0.1692308 0.1052597 2.320642 0.1705356 0.04075283 2.323365 0.1041795 -0.03588788 2.318641 0.239123 -0.03395052 2.326876 0.06918664 -0.5228546 2.457195 0.3061483 -0.5319987 2.445448 0.04320126 -0.8708508 2.550593 0.3376895 -0.8745834 2.485299 -0.01445723 -0.9410514 2.529742 0.3807012 -0.9464085 2.433711
0.1356466 0.6230704 2.280633 0.1622425 0.4279875 2.311429 -0.005187337 0.3269368 2.26997 0.332054 0.3416885 2.304292 -0.06164963 0.1658349 2.118448 0.4448204 0.1958294 2.1968 0.1105313 0.1045045 2.031274 0.2651101 0.1763966 2.104813 0.1737541 0.08314034 2.023993 0.2062465 0.1590869 2.077574 0.1690177 0.105473 2.320287 0.1703935 0.04100976 2.322932 0.1040313 -0.03598905 2.318135 0.2392555 -0.03361892 2.326337 0.06921802 -0.5231179 2.456421 0.3060903 -0.5317797 2.444947 0.04340836 -0.870489 2.550186 0.3354639 -0.8789724 2.487882 -0.01391784 -0.9404325 2.528471 0.3808059 -0.9466334 2.433086
0.1339721 0.622841 2.28062 0.1611381 0.4279088 2.311499 -0.005885337 0.3266918 2.270381 0.3307257 0.3469253 2.303434 -0.06301654 0.1645406 2.119416 0.4460935 0.202815 2.177999 0.1093323 0.1038641 2.032094 0.2733135 0.2314764 2.074201 0.1668725 0.08863683 2.03707 0.2144223 0.2142937 2.046941 0.1688233 0.1055968 2.320082 0.1702942 0.04116643 2.32266 0.1039962 -0.03605448 2.317815 0.2393739 -0.03330922 2.325982 0.06905692 -0.5231501 2.45573 0.3061422 -0.5315402 2.444607 0.04338122 -0.8703393 2.549932 0.335623 -0.8787922 2.487717 -0.0173752 -0.9421569 2.53592 0.379842 -0.9464327 2.432751
0.1327306 0.6227666 2.280621 0.159387 0.427314 2.311271 -0.006967208 0.3264455 2.270818 0.3288443 0.357317 2.299915 -0.06438291 0.1633376 2.121494 0.4469507 0.2110219 2.161581 0.1084431 0.1026872 2.035271 0.2463722 0.257577 2.054747 0.1734759 0.09106574 2.039225 0.1820185 0.2757853 2.048724 0.1683361 0.1058403 2.319631 0.1699503 0.04153359 2.322098 0.1037588 -0.03609969 2.317222 0.2393692 -0.03283444 2.325423 0.06919666 -0.5226413 2.455365 0.3060784 -0.5311805 2.444345 0.04329337 -0.8703839 2.549323 0.3356529 -0.8787221 2.486811 -0.02377527 -0.942166 2.553732 0.3799122 -0.9465194 2.431988
0.131617 0.6223444 2.280195 0.1587331 0.42744 2.311446 -0.008352898 0.3262579 2.27157 0.327483 0.3619533 2.298459 -0.06573204 0.1622902 2.123175 0.4468128 0.2164395 2.139215 0.1081302 0.1021574 2.039016 0.2515873 0.2614005 2.043256 0.1757471 0.09251701 2.042072 0.1785662 0.2844827 2.034494 0.1680654 0.1060141 2.319437 0.1697542 0.04173702 2.321703 0.1035683 -0.03616736 2.316657 0.23939 -0.03256608 2.324956 0.06918644 -0.5226532 2.455355 0.3059932 -0.5311445 2.444197 0.04318478 -0.8716169 2.550662 0.3367835 -0.8770258 2.486851 -0.02389982 -0.9435198 2.550658 0.3791734 -0.9461008 2.432594
0.1307866 0.6219407 2.279377 0.158494 0.4274275 2.311557 -0.01020201 0.3254673 2.272182 0.3241718 0.3637449 2.297091 -0.06470601 0.159266 2.123907 0.4429353 0.2229865 2.127146 0.1107427 0.1008953 2.042228 0.2723877 0.262181 2.009596 0.1784479 0.09373845 2.047946 0.1868627 0.2884322 1.993933 0.1678542 0.1059524 2.319382 0.16957 0.04166756 2.321451 0.1034361 -0.03637375 2.316339 0.2392168 -0.03243683 2.324589 0.06888236 -0.5217171 2.45506 0.3060054 -0.5311047 2.444186 0.04322694 -0.8709537 2.551154 0.3375657 -0.8754282 2.486966 -0.01892328 -0.9405826 2.551892 0.3782459 -0.945381 2.432706
0.1287018 0.6212201 2.277232 0.1581359 0.4273164 2.311399 -0.01180744 0.32454 2.272733 0.3209279 0.3647489 2.294784 -0.06308407 0.1551213 2.125465 0.4400526 0.2255846 2.11409 0.1150206 0.09973843 2.048316 0.2848242 0.2594193 1.984074 0.1790967 0.09582656 2.054351 0.2013565 0.2803977 1.955056 0.1677174 0.1058605 2.3193 0.1694865 0.04158572 2.321254 0.1034397 -0.03648217 2.316276 0.2391549 -0.03230105 2.32418 0.06889325 -0.5214301 2.455582 0.3059316 -0.5307166 2.444077 0.04306639 -0.8709881 2.551262 0.3369789 -0.8739126 2.485122 -0.01587572 -0.9390134 2.551099 0.3777369 -0.9449571 2.432692
0.1281705 0.6203533 2.274954 0.1575838 0.4270326 2.311097 -0.01276363 0.3239718 2.273312 0.3201197 0.3662511 2.291566 -0.06644081 0.155057 2.129677 0.428036 0.2190729 2.073378 0.1134349 0.1005252 2.056909 0.2706571 0.2557435 1.947159 0.1797272 0.09715114 2.0606 0.2474858 0.2695503 1.920965 0.1676186 0.1058415 2.319257 0.1694349 0.0415908 2.321155 0.103428 -0.03652685 2.316274 0.239192 -0.03223156 2.323958 0.0687524 -0.5215676 2.456778 0.3056487 -0.530362 2.444458 0.04100607 -0.8731469 2.554787 0.3368904 -0.8739614 2.485098 -0.01758472 -0.9395688 2.512058 0.3773818 -0.9447721 2.432936
0.1271778 0.6186293 2.270838 0.156874 0.4264141 2.310613 -0.01347246 0.3236349 2.273959 0.3188964 0.3670004 2.286855 -0.06735097 0.1543865 2.131322 0.4279842 0.218305 2.070584 0.1158635 0.1037133 2.065769 0.2829281 0.236758 1.925068 0.1822444 0.09925938 2.067137 0.2362519 0.2443628 1.891444 0.1674823 0.105807 2.319227 0.1693489 0.04159719 2.321131 0.1033611 -0.03658821 2.316437 0.2391461 -0.03214741 2.323857 0.06659241 -0.5184206 2.458949 0.3055334 -0.5306574 2.445374 0.04236591 -0.8704959 2.552773 0.336829 -0.8740201 2.484936 -0.02445306 -0.9420667 2.561905 0.3770244 -0.9447144 2.432798
0.1273011 0.617671 2.26764 0.1568508 0.4261987 2.310437 -0.01390438 0.323375 2.275133 0.3156649 0.3628731 2.279818 -0.06855634 0.1546226 2.134655 0.4462439 0.2469269 2.05836 0.1159141 0.1067569 2.070904 0.2789478 0.1945094 1.891487 0.1825022 0.1005525 2.072354 0.254701 0.2027904 1.868217 0.1672968 0.1054997 2.319267 0.1690833 0.04127211 2.321228 0.10315 -0.03688779 2.317272 0.2387591 -0.03223924 2.323682 0.06620116 -0.5193391 2.463428 0.3057493 -0.530031 2.446104 0.04248904 -0.8708233 2.552658 0.3365685 -0.8733758 2.485062 -0.0235631 -0.9435923 2.556179 0.3763688 -0.9439123 2.433271
0.1261251 0.6155494 2.262946 0.1571011 0.4256771 2.309948 -0.01391452 0.3222805 2.277077 0.314037 0.3558404 2.273443 -0.06924607 0.1549297 2.137788 0.4065885 0.2349562 2.065424 0.1649123 0.1174371 2.087126 0.2880743 0.1716595 1.886419 0.238662 0.1065427 2.087789 0.2312749 0.1501531 1.842157 0.1671892 0.1049708 2.319449 0.1688444 0.04065134 2.321729 0.1030603 -0.03748916 2.319569 0.2384031 -0.03246656 2.323755 0.06560809 -0.5199566 2.466641 0.3054242 -0.5303059 2.447045 0.04200543 -0.8718139 2.551513 0.3377767 -0.8744876 2.485987 -0.02400035 -0.944427 2.557292 0.3778446 -0.9447966 2.434274
0.1257676 0.6146672 2.2605 0.1576082 0.4254677 2.309595 -0.01439147 0.3220462 2.279004 0.3121289 0.3512601 2.27082 -0.06913033 0.1553474 2.139916 0.3974188 0.2384187 2.075869 0.1180785 0.1129103 2.081696 0.2950265 0.145619 1.884214 0.159334 0.1093818 2.090159 0.2299937 0.1278776 1.833022 0.1670173 0.1046277 2.31977 0.1684559 0.04019143 2.322653 0.102574 -0.0374953 2.322851 0.2377405 -0.03264768 2.324101 0.06567773 -0.5176606 2.46768 0.3054808 -0.5307845 2.448287 0.04256915 -0.8709313 2.551607 0.3378064 -0.875102 2.485801 -0.01940097 -0.9407806 2.55411 0.3773144 -0.9445332 2.434194
0.1256591 0.6138127 2.257751 0.1577557 0.4250122 2.309119 -0.01455575 0.3225685 2.281799 0.3110427 0.349389 2.269231 -0.06842539 0.1562419 2.141508 0.3892774 0.2371494 2.082203 0.1820494 0.1373915 2.091403 0.3023352 0.1140747 1.88874 0.255799 0.1264971 2.092066 0.2374229 0.0715439 1.843463 0.1667402 0.1046456 2.320143 0.1680066 0.04036548 2.323679 0.1026126 -0.03618631 2.326347 0.2366127 -0.03226553 2.324633 0.06548391 -0.5170011 2.468495 0.3053348 -0.5306939 2.44882 0.04249444 -0.8717505 2.551447 0.3378184 -0.8753372 2.486092 -0.02145668 -0.9420637 2.557252 0.3766437 -0.9443884 2.434145
0.1254619 0.6130232 2.254789 0.157739 0.4248351 2.308843 -0.01448542 0.3227508 2.283841 0.3104154 0.3476152 2.266895 -0.07139155 0.1598775 2.14768 0.3846275 0.2204021 2.086928 0.1185026 0.1295588 2.090945 0.3116412 0.08427779 1.913793 0.1905976 0.1189286 2.091986 0.2453026 0.03658065 1.864417 0.1659153 0.1042705 2.3209 0.1669172 0.03994896 2.325073 0.1013076 -0.03596 2.329781 0.2352023 -0.03262893 2.325142 0.06577346 -0.5161006 2.469764 0.3053935 -0.5306859 2.44934 0.04292892 -0.8719605 2.550381 0.3378615 -0.8752832 2.486102 -0.01129444 -0.9392165 2.533893 0.3761181 -0.9443178 2.434334
0.1253143 0.6130344 2.253911 0.1578006 0.4246483 2.308523 -0.01458652 0.322742 2.285742 0.310321 0.3436321 2.262604 -0.07078059 0.1602478 2.149035 0.3945762 0.2049572 2.085949 0.1189213 0.1304661 2.091105 0.3125544 0.05675982 1.940661 0.1847989 0.1432133 2.089049 0.2490836 -0.0006437544 1.891827 0.1647335 0.103751 2.321849 0.1653205 0.03934831 2.326678 0.09870146 -0.03594678 2.333849 0.2334727 -0.03353673 2.325612 0.06540679 -0.515532 2.470622 0.3055978 -0.5310417 2.449706 0.04273935 -0.8714505 2.551917 0.3377506 -0.8763042 2.487784 -0.01109194 -0.937727 2.536897 0.3760762 -0.9444196 2.434133
0.1252095 0.6127201 2.25319 0.1580912 0.4241214 2.307995 -0.01462506 0.322876 2.287323 0.3110299 0.3389245 2.258785 -0.07039329 0.1605929 2.149799 0.3973241 0.1878243 2.092715 0.1192681 0.1328832 2.090389 0.3065613 0.03491466 1.958761 0.1857578 0.1418423 2.088059 0.2429525 -0.02673625 1.912126 0.1635577 0.1030057 2.322917 0.1637255 0.03853912 2.328386 0.09612378 -0.03623594 2.337086 0.2318101 -0.03487949 2.326577 0.06622268 -0.5153323 2.471929 0.305432 -0.5309154 2.449868 0.04325377 -0.8715884 2.551663 0.3376321 -0.8753696 2.487693 -0.01124293 -0.9374792 2.538331 0.3768988 -0.9441656 2.433881
0.1251701 0.6127208 2.252935 0.1581029 0.4237452 2.307532 -0.01477228 0.3226675 2.288455 0.3115257 0.3367209 2.257515 -0.0704325 0.1607424 2.150242 0.3958222 0.1758384 2.098512 0.1190959 0.1344935 2.089453 0.3082924 0.02578209 1.981599 0.1858723 0.1409329 2.086997 0.2512807 -0.03804737 1.951193 0.1624265 0.1022031 2.323655 0.1623965 0.03766172 2.329528 0.09415415 -0.03676647 2.338823 0.2306414 -0.03630849 2.32732 0.06673469 -0.5150925 2.472381 0.305008 -0.5303162 2.450046 0.04352721 -0.8714317 2.551443 0.3379025 -0.8757992 2.486526 -0.01819689 -0.9399368 2.525826 0.3780789 -0.9446528 2.433616
0.1251487 0.6127396 2.252954 0.1581584 0.4236488 2.30697 -0.01473806 0.3229168 2.289512 0.3121285 0.3348861 2.256821 -0.07125924 0.1616169 2.151597 0.3864641 0.1671858 2.114753 0.117913 0.1369155 2.088611 0.3027882 0.002954879 1.996213 0.1848983 0.1405796 2.086136 0.2429955 -0.05382572 1.958136 0.1618106 0.1017992 2.323992 0.161673 0.03717437 2.330171 0.09304603 -0.03693099 2.33982 0.2300382 -0.03726081 2.327774 0.06670638 -0.515168 2.472895 0.3050077 -0.5294867 2.449898 0.04376435 -0.8714269 2.551093 0.3377128 -0.87554 2.486414 -0.01580295 -0.9392954 2.530728 0.3780686 -0.9444428 2.433681
0.1252288 0.612721 2.253184 0.1583614 0.4235319 2.306828 -0.01471348 0.3233099 2.290309 0.3128214 0.3338387 2.257278 -0.07216961 0.1627556 2.152201 0.3836192 0.1593933 2.122531 0.1162363 0.1391074 2.085903 0.2965632 -0.005291339 2.004247 0.1833177 0.1393044 2.083325 0.2362933 -0.06360841 1.969379 0.1613657 0.1016308 2.324339 0.1611238 0.03702155 2.330715 0.0920525 -0.03670648 2.340621 0.2295324 -0.03794537 2.328144 0.06662831 -0.5151291 2.473064 0.3047552 -0.5297705 2.450023 0.04389678 -0.8714965 2.55096 0.3367385 -0.8764079 2.487276 -0.006754721 -0.9335017 2.531228 0.3785277 -0.9444869 2.433477
0.1257779 0.6131667 2.254396 0.1588276 0.42379 2.30639 -0.01452811 0.3236031 2.290633 0.3139304 0.3328449 2.258206 -0.07182378 0.1632044 2.151981 0.3821396 0.1570332 2.131364 0.1161082 0.1392516 2.084161 0.2994195 -0.002910547 2.015966 0.1831842 0.1386742 2.081502 0.2391039 -0.06127662 1.98126 0.1611514 0.101627 2.324382 0.1608249 0.03699753 2.330914 0.0915083 -0.03658026 2.340966 0.2292116 -0.03822278 2.328216 0.06672758 -0.5151916 2.47322 0.30448 -0.5303562 2.450091 0.04384775 -0.8715753 2.550767 0.3361809 -0.8770571 2.487705 -0.01351057 -0.936619 2.536285 0.3783172 -0.944515 2.433291
0.126065 0.6135522 2.25526 0.1588542 0.4238508 2.306384 -0.01438386 0.3237564 2.29083 0.314622 0.3321448 2.259574 -0.07227187 0.1643887 2.151889 0.3821768 0.1558375 2.136606 0.1147678 0.1388849 2.081754 0.3007517 0.002208975 2.022178 0.1818592 0.1394898 2.079525 0.2395496 -0.05452079 1.98633 0.1609505 0.1015878 2.324526 0.1606445 0.03694154 2.331132 0.09137943 -0.03658724 2.341137 0.2290627 -0.03835333 2.328299 0.06614383 -0.514468 2.472995 0.3045113 -0.5314265 2.450234 0.04449572 -0.8701591 2.550058 0.3361485 -0.8770313 2.488124 -0.01341041 -0.9363844 2.53648 0.3792336 -0.9445896 2.432691
0.1277616 0.6146435 2.258363 0.1588636 0.4240294 2.306389 -0.01420375 0.3240306 2.291106 0.3159475 0.3315307 2.2617 -0.0735985 0.1672744 2.151983 0.3825504 0.1553819 2.140737 0.1134069 0.1408006 2.082181 0.3029135 0.007307798 2.024506 0.1804476 0.1423036 2.079036 0.2383265 -0.04423176 1.986806 0.1607015 0.1016713 2.324682 0.1604202 0.03700543 2.331346 0.09121063 -0.03656173 2.341266 0.2288931 -0.03837892 2.328405 0.0658896 -0.5151359 2.47316 0.3042748 -0.5314178 2.450021 0.04442843 -0.8703278 2.549836 0.3363744 -0.8770133 2.488091 -0.01780323 -0.940267 2.529636 0.3784226 -0.9437893 2.432703
0.1284714 0.615867 2.260728 0.1590029 0.4243252 2.306876 -0.01415828 0.3242646 2.291118 0.3172224 0.3318166 2.264049 -0.07413593 0.1687339 2.15159 0.3844424 0.1590757 2.146318 0.1129921 0.141974 2.082333 0.305361 0.01710401 2.021428 0.1798823 0.1455812 2.07794 0.2368369 -0.02596944 1.980218 0.1605872 0.1019366 2.324968 0.1603363 0.03726154 2.331601 0.09120468 -0.03648162 2.341314 0.2288172 -0.03828437 2.328507 0.065851 -0.5151835 2.472578 0.3042701 -0.5318302 2.449972 0.04268764 -0.8709675 2.553125 0.3364841 -0.8774939 2.489151 -0.01880877 -0.9384633 2.535614 0.37806 -0.9437943 2.432957
0.1297486 0.6172423 2.263796 0.1598009 0.4252546 2.308341 -0.01395971 0.3247687 2.291326 0.3184635 0.3325475 2.267235 -0.07460018 0.1700835 2.151542 0.3914658 0.1667592 2.152301 0.1123905 0.1425012 2.082227 0.3098437 0.03213197 2.020362 0.1786831 0.1513517 2.076431 0.2328183 -0.004561773 1.979962 0.1605514 0.1023215 2.325314 0.160283 0.03758414 2.331832 0.09120229 -0.03629608 2.341291 0.2286941 -0.03811244 2.328605 0.06601639 -0.5153283 2.472329 0.3042718 -0.5318165 2.449867 0.04328022 -0.8716943 2.552854 0.3361985 -0.8744606 2.487937 -0.01909703 -0.9390096 2.536893 0.3776464 -0.9434831 2.432594
0.1304277 0.6179702 2.266729 0.160332 0.4266176 2.310084 -0.01375563 0.3251337 2.291465 0.319068 0.3330614 2.269776 -0.07324819 0.1711852 2.14993 0.3945396 0.1693344 2.153135 0.114152 0.1457594 2.080964 0.310357 0.04180998 2.015287 0.1799043 0.1580854 2.075366 0.2248308 0.004580963 1.974553 0.1603825 0.1025918 2.32564 0.1601254 0.03774823 2.332016 0.09115291 -0.0362194 2.34122 0.2283096 -0.03791371 2.328775 0.0659715 -0.5153892 2.472095 0.3032919 -0.5337204 2.450204 0.04514729 -0.8714321 2.551226 0.336316 -0.8740729 2.487308 -0.0215008 -0.9415464 2.541064 0.3800221 -0.9443401 2.434522
0.130754 0.6184453 2.268453 0.160429 0.4273549 2.311121 -0.01368213 0.3256861 2.29155 0.3198144 0.3331844 2.271663 -0.07306719 0.1726264 2.149154 0.400641 0.1744083 2.156114 0.164212 0.1508384 2.068085 0.3128117 0.05202807 2.015651 0.2295197 0.1658088 2.063908 0.2252382 0.01799867 1.971811 0.1602767 0.1029802 2.325769 0.1600258 0.03809678 2.332047 0.0911562 -0.03594989 2.340863 0.2281123 -0.03762528 2.328735 0.06564287 -0.5156608 2.471827 0.3035509 -0.5323302 2.449026 0.04584917 -0.8712588 2.550162 0.3364465 -0.8740986 2.486874 -0.003641639 -0.9320209 2.526069 0.3787662 -0.9442194 2.433817
0.1326295 0.6204139 2.274355 0.1611482 0.4296419 2.314036 -0.01361893 0.3262553 2.291587 0.3217013 0.3337833 2.27442 -0.07207379 0.1740448 2.147538 0.403514 0.1765192 2.157543 0.1646404 0.1503546 2.068225 0.3143199 0.05703665 2.015289 0.2299482 0.165325 2.064049 0.2270241 0.02315104 1.971238 0.1602991 0.1038564 2.326073 0.1600154 0.03881804 2.332079 0.09113871 -0.03542098 2.34027 0.2280712 -0.03726231 2.328619 0.06498082 -0.5158249 2.471205 0.3035648 -0.5323386 2.448914 0.04448622 -0.8732297 2.55171 0.3365282 -0.8740227 2.486756 -0.0142939 -0.9389548 2.537321 0.3786793 -0.9442312 2.434105
0.1329796 0.6209776 2.27566 0.1617782 0.4302876 2.316041 -0.01284128 0.3278281 2.292265 0.3228017 0.3347348 2.277087 -0.07130076 0.1768917 2.146475 0.4060567 0.176757 2.157467 0.115204 0.159326 2.071769 0.3149546 0.05815681 2.015733 0.176531 0.1810069 2.069643 0.2274823 0.02343267 1.971553 0.1603828 0.1041505 2.326198 0.1600693 0.03907048 2.332051 0.09127386 -0.03507317 2.339669 0.2280609 -0.03703665 2.328429 0.06475244 -0.5156229 2.470958 0.3035282 -0.5326661 2.448565 0.04370465 -0.8751309 2.555276 0.3372278 -0.8743285 2.486876 -0.01760966 -0.9403372 2.542001 0.3785492 -0.944295 2.434245
0.1331134 0.6217961 2.276703 0.1623242 0.4313184 2.317732 -0.01261301 0.3288327 2.292621 0.323963 0.3357478 2.279654 -0.07051218 0.1781743 2.145411 0.4083572 0.1775393 2.157877 0.1161305 0.1593024 2.071518 0.3172186 0.0576354 2.017386 0.1719654 0.1772112 2.068789 0.2318776 0.02192396 1.977186 0.1604969 0.1044527 2.32626 0.1601568 0.03930926 2.331959 0.09134883 -0.03486359 2.338809 0.2281681 -0.03684497 2.328218 0.06354145 -0.5170681 2.470581 0.3035505 -0.5325786 2.448211 0.0434491 -0.875114 2.555319 0.3372505 -0.8743619 2.486119 -0.01906718 -0.9406015 2.532591 0.3781726 -0.9442064 2.433688
0.1332302 0.6222591 2.278117 0.1631957 0.4321351 2.320208 -0.01232147 0.3296306 2.292731 0.3248948 0.3362828 2.281677 -0.06746773 0.1794992 2.141998 0.4321468 0.1864147 2.156246 0.119733 0.1580138 2.070755 0.3257468 0.06183143 2.033313 0.1841318 0.1758332 2.064278 0.2782149 0.01970099 2.010607 0.1605463 0.1047109 2.326491 0.1601544 0.03954458 2.331837 0.09105377 -0.03450924 2.337599 0.2281886 -0.03668455 2.327956 0.0630058 -0.5172203 2.470273 0.3035372 -0.5327849 2.447929 0.0432377 -0.8743473 2.555595 0.3373463 -0.8744966 2.48611 -0.01888547 -0.9402925 2.533027 0.3779276 -0.9442367 2.433711
0.1335583 0.6223925 2.278616 0.1629358 0.432378 2.321712 -0.01165354 0.3303886 2.292631 0.3260443 0.3370668 2.283684 -0.06726198 0.1804567 2.140733 0.440046 0.1854761 2.164497 0.1201508 0.1584195 2.070391 0.330409 0.05612891 2.050097 0.1843114 0.1769409 2.06353 0.262399 0.002273027 2.0232 0.1605035 0.1050203 2.326803 0.1600955 0.03996422 2.331544 0.09079722 -0.03390254 2.335763 0.2282251 -0.03633979 2.327615 0.06277426 -0.5178285 2.470362 0.3035751 -0.5327959 2.447845 0.04316594 -0.8745909 2.55558 0.3365431 -0.8765135 2.486551 -0.001108721 -0.9280996 2.525523 0.3812538 -0.946583 2.434283
0.1335154 0.6225494 2.27886 0.1632587 0.4327986 2.322977 -0.01130433 0.3309486 2.292442 0.3265624 0.3372999 2.284988 -0.06593315 0.1809506 2.13816 0.4239227 0.1714606 2.171499 0.121221 0.1599085 2.066608 0.3228408 0.03628683 2.056357 0.1857175 0.1772971 2.059934 0.2538141 -0.01323869 2.024235 0.1605332 0.1051041 2.327205 0.1601071 0.04008511 2.331285 0.09054423 -0.03384603 2.334385 0.2283394 -0.03624063 2.327183 0.06274232 -0.5179831 2.470274 0.303677 -0.5329731 2.447647 0.0429645 -0.8745186 2.555202 0.3366499 -0.8757174 2.486013 -0.008863062 -0.9327506 2.532691 0.3807186 -0.9462044 2.434008
0.1333964 0.6225867 2.279153 0.1634235 0.4328014 2.323944 -0.01074134 0.3318875 2.292251 0.3271137 0.337135 2.285878 -0.06518165 0.1832097 2.135929 0.4217863 0.1697534 2.174809 0.121175 0.1618654 2.061981 0.3222283 0.02511881 2.071895 0.1862089 0.1774532 2.056123 0.2517839 -0.02406236 2.042432 0.1605404 0.1051022 2.327695 0.1600922 0.04010323 2.331099 0.0902365 -0.0339501 2.333225 0.2284146 -0.03627297 2.326943 0.06262065 -0.5177996 2.469938 0.3035942 -0.5328569 2.447533 0.04363368 -0.8728194 2.554433 0.3363634 -0.8756285 2.485845 -0.01040691 -0.9339257 2.533002 0.3803636 -0.9455555 2.433935
0.133327 0.6225623 2.279312 0.1634923 0.4327119 2.324474 -0.01019815 0.3327443 2.29176 0.327582 0.3370444 2.286775 -0.06539941 0.1846071 2.134148 0.4177109 0.1652691 2.180279 0.1200908 0.1634226 2.057548 0.317648 0.01605636 2.085833 0.1853918 0.1776267 2.051165 0.2456983 -0.03201704 2.058237 0.160565 0.1051058 2.328201 0.1601441 0.04012847 2.330939 0.09013823 -0.03401344 2.332353 0.2286234 -0.03627564 2.326774 0.06224851 -0.5180475 2.469789 0.3035895 -0.5331123 2.447693 0.04362746 -0.8728995 2.55413 0.3365653 -0.8755969 2.485572 -0.001230491 -0.9292532 2.527162 0.3806104 -0.9454969 2.433755
0.1330772 0.6225243 2.27946 0.1636676 0.4325156 2.324599 -0.01019894 0.3334683 2.291131 0.3277211 0.3369307 2.287666 -0.06541821 0.1860277 2.131818 0.4140031 0.1610224 2.185055 0.1192471 0.1645566 2.052944 0.3149776 0.009938627 2.092829 0.1763354 0.177827 2.048971 0.2408194 -0.03930978 2.074815 0.1606248 0.1051082 2.328677 0.1602173 0.04014944 2.330841 0.09007981 -0.03407445 2.331786 0.228854 -0.03630638 2.326777 0.06226825 -0.518218 2.469809 0.3035931 -0.5332127 2.447639 0.04421202 -0.872936 2.55376 0.3366909 -0.875717 2.485608 -0.009345262 -0.9341984 2.534988 0.3803704 -0.945378 2.433907
0.1328327 0.6224839 2.27938 0.1632912 0.4321235 2.324839 -0.00990325 0.3342184 2.289669 0.3277903 0.336823 2.288183 -0.06490836 0.1867267 2.128772 0.4140266 0.1586196 2.191491 0.1192817 0.1649933 2.048662 0.3129557 0.009276867 2.098549 0.1767647 0.178125 2.044816 0.2388025 -0.03995419 2.080466 0.1606095 0.1050858 2.329162 0.1602228 0.0401441 2.330834 0.09009615 -0.03417008 2.331541 0.228975 -0.03632457 2.32687 0.06217842 -0.5183506 2.469714 0.303601 -0.5333024 2.447744 0.04439207 -0.8732693 2.55421 0.3365047 -0.8773993 2.486489 -0.01090896 -0.9353487 2.535182 0.3798614 -0.9454833 2.433702
0.1325002 0.6223016 2.278885 0.1632384 0.4318933 2.324945 -0.009604244 0.3347581 2.288762 0.3278582 0.3369411 2.289263 -0.0648457 0.1870062 2.126818 0.4119286 0.1566479 2.195662 0.1189475 0.1654001 2.045584 0.310517 0.007019669 2.103695 0.1775532 0.1789193 2.042077 0.2318768 -0.03686566 2.091896 0.1606129 0.1050848 2.329697 0.1602378 0.04015596 2.330867 0.09010577 -0.03416058 2.331477 0.2291166 -0.0363108 2.327294 0.06223893 -0.5183563 2.469751 0.3033504 -0.5340104 2.448195 0.04423634 -0.8733738 2.553853 0.3365238 -0.8772852 2.48643 0.0004762616 -0.9299918 2.527983 0.3788332 -0.9452437 2.43321
0.1320493 0.6218424 2.278012 0.1633657 0.4317447 2.325087 -0.009173863 0.3350244 2.287155 0.3279505 0.3369574 2.290024 -0.06431603 0.1871582 2.124573 0.4067158 0.1518881 2.198566 0.1194715 0.1657595 2.043259 0.3070492 0.002867267 2.103287 0.1779053 0.1789913 2.040345 0.22889 -0.04135671 2.089694 0.1607377 0.1050429 2.330338 0.1603492 0.04012793 2.33101 0.09016189 -0.03420155 2.331496 0.2293464 -0.0363285 2.327738 0.06236561 -0.5185192 2.46978 0.3033348 -0.5340298 2.448346 0.04416421 -0.8734763 2.553791 0.3370676 -0.8766698 2.486103 -0.0005654445 -0.9313852 2.52685 0.3786274 -0.9450811 2.433112
0.131704 0.6213933 2.27718 0.1633306 0.4312873 2.324985 -0.008833845 0.3348689 2.285973 0.3281993 0.3367401 2.29084 -0.06445878 0.1871827 2.123808 0.4007961 0.1494803 2.203678 0.1189807 0.1660326 2.041485 0.3057619 0.0005970895 2.102838 0.1779474 0.1790286 2.038543 0.2278571 -0.04361187 2.08781 0.1607833 0.1049959 2.330903 0.1604311 0.04011927 2.33124 0.09020218 -0.03423093 2.331578 0.2296165 -0.03637704 2.328578 0.06262109 -0.5187029 2.469953 0.3034062 -0.5339705 2.44846 0.04422537 -0.873402 2.553521 0.3372262 -0.8752338 2.485951 -0.002560653 -0.9317522 2.527384 0.3781261 -0.9441556 2.433153
0.1313411 0.6208276 2.275852 0.1633439 0.430904 2.325116 -0.008674058 0.3348319 2.285233 0.3282554 0.3366984 2.291313 -0.0645432 0.1872085 2.123653 0.4007638 0.1472476 2.205824 0.118497 0.1656616 2.0404 0.3040051 -0.0001389533 2.104344 0.1780628 0.1786061 2.037508 0.2263411 -0.04433423 2.08808 0.1607994 0.1049831 2.331548 0.1604613 0.04015283 2.331558 0.09020745 -0.03423417 2.331781 0.2296883 -0.03633447 2.329146 0.0623677 -0.5186697 2.469974 0.3032399 -0.5334 2.448722 0.04416064 -0.8739775 2.553783 0.3371265 -0.8756079 2.486166 -0.0140462 -0.9389802 2.537772 0.3776827 -0.9440271 2.43297
0.130392 0.6198455 2.27459 0.1635492 0.4306722 2.325146 -0.008339683 0.3345327 2.284733 0.3284782 0.3366193 2.291886 -0.06422509 0.1871217 2.123412 0.4001531 0.1469747 2.206455 0.1182044 0.1638146 2.039136 0.3021894 -0.001539633 2.108259 0.1780469 0.177977 2.036827 0.2243015 -0.04484747 2.090728 0.1609195 0.1049893 2.332064 0.1605712 0.04018557 2.331827 0.09028681 -0.03422982 2.331931 0.2297901 -0.03628803 2.329698 0.06237829 -0.5186948 2.469903 0.303308 -0.5332075 2.4487 0.04412425 -0.8738827 2.553652 0.3373834 -0.8752714 2.486021 -0.01462199 -0.9391324 2.538315 0.377407 -0.9434794 2.432836
0.1302027 0.6197163 2.274153 0.1632969 0.43039 2.325262 -0.00823372 0.3344169 2.284577 0.3286522 0.3364354 2.292309 -0.06461154 0.1863037 2.123271 0.4001528 0.1469351 2.206618 0.1171429 0.1611017 2.03792 0.3006003 -0.002022341 2.111089 0.1788184 0.1747121 2.034997 0.2222361 -0.04491233 2.094689 0.1608331 0.1049366 2.332581 0.1605286 0.04015879 2.33213 0.09031784 -0.03429783 2.332138 0.2297123 -0.03632976 2.33022 0.06296214 -0.5191869 2.470318 0.3035067 -0.5336807 2.448883 0.04407544 -0.8744589 2.553704 0.3372156 -0.8760602 2.486781 -0.01741257 -0.9404274 2.542967 0.3769429 -0.943453 2.432602
0.1299656 0.6195317 2.273843 0.1631099 0.4301581 2.325338 -0.008262435 0.3342922 2.284515 0.3287907 0.3366586 2.292908 -0.06484275 0.1855377 2.123162 0.404986 0.1509193 2.209981 0.1161835 0.1584573 2.03667 0.3005801 0.003038183 2.118634 0.1794083 0.1713874 2.033625 0.2671874 -0.001653962 2.126013 0.1608382 0.1050469 2.332888 0.1605811 0.04033012 2.33228 0.09044071 -0.03421328 2.332198 0.2297541 -0.0361718 2.330462 0.06302228 -0.5189772 2.470131 0.3035151 -0.5336813 2.448883 0.04391336 -0.8738578 2.553964 0.3369236 -0.8772675 2.487837 0.004555851 -0.9290485 2.527723 0.3776187 -0.9439252 2.432741
0.129315 0.6191811 2.273366 0.1630995 0.4301618 2.325353 -0.008391113 0.3340831 2.284425 0.3286701 0.3367452 2.293303 -0.06480999 0.1849977 2.12304 0.4122167 0.1581843 2.212992 0.1154951 0.1566706 2.035253 0.3002893 0.01473409 2.123831 0.1794438 0.1690125 2.032243 0.2674625 0.002373458 2.12613 0.1607855 0.10514 2.333097 0.1605363 0.04042507 2.332334 0.09045874 -0.03419824 2.332215 0.2295422 -0.03598628 2.330542 0.06317732 -0.519197 2.470052 0.3034238 -0.5335757 2.448836 0.04393293 -0.8738319 2.553926 0.3359813 -0.8753074 2.48736 -0.00530111 -0.9336053 2.527409 0.3777204 -0.9438618 2.432807
0.1278084 0.6186858 2.272989 0.1627823 0.4302752 2.32554 -0.008563096 0.333905 2.284384 0.3284199 0.3366969 2.293806 -0.0648445 0.1841681 2.122826 0.4208766 0.1641118 2.213364 0.1255205 0.1685787 2.047731 0.2977453 0.03004748 2.124393 0.1891785 0.1633656 2.027061 0.2383414 0.002329471 2.109914 0.1606604 0.1052435 2.333301 0.1604562 0.04051067 2.332355 0.09048848 -0.03416515 2.332192 0.2292824 -0.03584833 2.330571 0.06320583 -0.5191838 2.470006 0.3033404 -0.5328751 2.448765 0.04403109 -0.8732538 2.554165 0.3364695 -0.8753196 2.486974 -0.008111062 -0.9349787 2.530565 0.3820466 -0.9453877 2.43588
0.1265178 0.6184553 2.273038 0.162791 0.4302821 2.325557 -0.008819802 0.333415 2.284134 0.3284743 0.3368591 2.29468 -0.06399824 0.1825684 2.121579 0.4212196 0.1650873 2.211251 0.1140213 0.1454506 2.032175 0.2816543 0.05266043 2.115841 0.1735563 0.1527623 2.02771 0.2278184 0.01483721 2.102506 0.1607114 0.1057479 2.333457 0.1605405 0.04118279 2.332313 0.09081341 -0.03383315 2.33199 0.2290925 -0.03501179 2.330595 0.06304596 -0.5191189 2.469855 0.3033408 -0.5328674 2.448721 0.04365122 -0.8727381 2.55443 0.3359245 -0.8766459 2.487821 -0.01013685 -0.9354986 2.530694 0.3805968 -0.945039 2.435864
0.1253325 0.6182102 2.272964 0.1627955 0.4302523 2.325595 -0.009041954 0.333167 2.284024 0.3281697 0.3371733 2.295437 -0.06463873 0.1825788 2.121703 0.4243125 0.1698856 2.205299 0.106461 0.1281272 2.027039 0.2547934 0.1209183 2.092885 0.1686733 0.1488028 2.012586 0.1849149 0.1271582 2.035201 0.1608799 0.1065504 2.333563 0.1607983 0.04233979 2.332158 0.09142405 -0.03293553 2.331743 0.2291136 -0.03364014 2.330293 0.06278595 -0.5190288 2.469517 0.3033997 -0.5326521 2.448594 0.04315624 -0.8739395 2.554766 0.3358496 -0.8761786 2.487141 -0.01220617 -0.9367937 2.531557 0.3806087 -0.944985 2.435542
0.1236036 0.6177201 2.272836 0.1622816 0.4301945 2.325416 -0.009497262 0.3327978 2.283875 0.3280103 0.3374198 2.295732 -0.06432287 0.1808897 2.120956 0.431264 0.1819736 2.197682 0.1064773 0.1258382 2.026068 0.2597745 0.1349084 2.099317 0.1686234 0.1469978 2.012037 0.1898961 0.1411483 2.041633 0.1608841 0.1065133 2.333591 0.1608791 0.04226131 2.33201 0.09165009 -0.03325718 2.331387 0.2293635 -0.03372256 2.330132 0.06259959 -0.5188004 2.469244 0.3035249 -0.5326312 2.448326 0.04243533 -0.87378 2.555886 0.3357258 -0.8753188 2.48689 -0.01368423 -0.9358814 2.542 0.3804684 -0.9449491 2.435953
0.1219943 0.6170933 2.272369 0.1615918 0.4296826 2.325272 -0.009921067 0.3324927 2.283602 0.3279198 0.3389884 2.296075 -0.06484138 0.1805775 2.121071 0.4359619 0.1878412 2.188938 0.115139 0.1406984 2.037935 0.2613073 0.1612784 2.088174 0.1767183 0.1656861 2.02843 0.1914288 0.1675183 2.03049 0.1608977 0.1065157 2.333533 0.1610037 0.04230518 2.33172 0.09195085 -0.03359929 2.330536 0.2297305 -0.03357683 2.32991 0.06261991 -0.5188138 2.469195 0.3035033 -0.5324937 2.448314 0.04298663 -0.8731126 2.554168 0.3357226 -0.8757584 2.486329 -0.01376117 -0.9374255 2.53482 0.3794343 -0.944814 2.43533
0.1206973 0.6170677 2.27204 0.1610708 0.4294837 2.325201 -0.01054841 0.3320609 2.283322 0.3267316 0.3435222 2.293954 -0.06537827 0.1805629 2.121363 0.4400159 0.19481 2.1749 0.1029241 0.1236342 2.022663 0.263921 0.2127566 2.074835 0.1643124 0.1475033 2.009684 0.1940426 0.2189965 2.017151 0.1608663 0.1063929 2.333281 0.1610286 0.04215262 2.331117 0.09209634 -0.03414209 2.32927 0.2299037 -0.03363499 2.329422 0.06219839 -0.5195453 2.46974 0.3034516 -0.5324913 2.448321 0.04321339 -0.8737663 2.552902 0.3360122 -0.8763562 2.485952 -0.01671218 -0.9390805 2.536532 0.3783695 -0.9446164 2.434394
0.1194378 0.6167222 2.271569 0.1597202 0.4290146 2.324888 -0.01104843 0.3317267 2.2832 0.3246015 0.3503065 2.287309 -0.06562793 0.1802179 2.121471 0.4377706 0.2024486 2.156238 0.1011539 0.1215983 2.020953 0.2013113 0.1436537 2.034483 0.1905449 0.1080749 2.012249 0.1314328 0.1498936 1.976799 0.1610166 0.1062664 2.332955 0.161275 0.04202257 2.330417 0.09283446 -0.03481315 2.3277 0.2304004 -0.03347912 2.328922 0.06337108 -0.520578 2.47034 0.3033535 -0.5323794 2.44837 0.04277155 -0.8744353 2.553774 0.3360425 -0.8753636 2.485509 -0.02018311 -0.9402692 2.52529 0.3784128 -0.9440642 2.434574
0.1182406 0.6162349 2.270909 0.1592047 0.4288305 2.324831 -0.01198089 0.3311824 2.282986 0.3235232 0.3532021 2.288717 -0.06630979 0.1785453 2.122011 0.4385374 0.2070675 2.140511 0.1035039 0.1201278 2.027407 0.2057358 0.2179868 2.039373 0.1700271 0.1171159 2.028246 0.1770502 0.3032336 2.052004 0.1610415 0.1061009 2.332687 0.1614862 0.04182982 2.329724 0.09324639 -0.03541543 2.326428 0.2308287 -0.03347247 2.328355 0.0636018 -0.5207427 2.470513 0.3033747 -0.5323806 2.448381 0.0420995 -0.8751832 2.554542 0.3359961 -0.8755144 2.485468 -0.02024711 -0.9404032 2.525383 0.3776937 -0.9440259 2.433815
0.1167206 0.6161062 2.270482 0.1581255 0.4293315 2.324385 -0.01278409 0.3304494 2.282642 0.321877 0.3566779 2.289682 -0.06543569 0.1737267 2.121862 0.4358531 0.211411 2.124263 0.1070687 0.1199073 2.029788 0.1891792 0.1386496 2.040315 0.1729523 0.1174261 2.030259 0.1069546 0.1143958 2.01676 0.1610016 0.1067218 2.332143 0.1616834 0.04253321 2.328815 0.09368534 -0.03497287 2.325732 0.23129 -0.03211673 2.327035 0.06330423 -0.5202231 2.470383 0.3034866 -0.5323982 2.448712 0.04288678 -0.8751739 2.554391 0.3360658 -0.8758045 2.484702 -0.02001396 -0.939624 2.534054 0.3773003 -0.9441376 2.433651
0.1141837 0.6153365 2.269105 0.1534218 0.4317943 2.321582 -0.01373765 0.3299323 2.28234 0.3210933 0.3568933 2.290006 -0.06225903 0.1685072 2.12176 0.4326952 0.2161862 2.11032 0.1124985 0.1191117 2.031781 0.20491 0.3166707 2.001369 0.1746192 0.1182746 2.032177 0.18219 0.335036 1.992976 0.160154 0.1072789 2.331107 0.1612605 0.04282156 2.328051 0.09362698 -0.0347565 2.325398 0.2310741 -0.031795 2.32641 0.06331517 -0.5201138 2.470535 0.3035311 -0.5324955 2.449068 0.04268335 -0.8751608 2.553914 0.3347719 -0.8780189 2.487274 -0.02006297 -0.9396626 2.533995 0.3768311 -0.9441362 2.433837
0.112811 0.6150904 2.267539 0.1517501 0.4333645 2.319405 -0.01426541 0.3295276 2.282366 0.320582 0.3561915 2.289919 -0.06128044 0.1672785 2.122789 0.4302715 0.2183544 2.100621 0.1147006 0.1189027 2.034989 0.2783458 0.2924575 1.9859 0.1768679 0.118437 2.036943 0.1951388 0.3275154 1.976052 0.1595874 0.1077393 2.329974 0.1609217 0.04305078 2.327309 0.09357638 -0.03465606 2.325245 0.2307965 -0.03141882 2.325558 0.06327406 -0.5202398 2.470882 0.3034072 -0.532263 2.449376 0.04253878 -0.8753833 2.554184 0.3349705 -0.8779291 2.487197 -0.01960826 -0.9395999 2.533938 0.3761918 -0.9437104 2.43398
0.1114936 0.6138484 2.26514 0.1517225 0.4336724 2.318355 -0.01485852 0.3289019 2.282591 0.3201801 0.3557661 2.289258 -0.06038253 0.1657651 2.12454 0.4225572 0.2192875 2.08117 0.1166441 0.1177221 2.039037 0.2697107 0.29489 1.96897 0.1783453 0.1173669 2.044028 0.1871744 0.3185398 1.93934 0.1594996 0.1077834 2.329369 0.160848 0.04302205 2.327019 0.09355338 -0.03465907 2.325284 0.2307488 -0.03148023 2.324895 0.06306715 -0.5202135 2.471303 0.3028077 -0.5353062 2.451897 0.04112902 -0.8757344 2.55199 0.3353423 -0.8786017 2.486623 -0.0209343 -0.9402618 2.533154 0.3778327 -0.9450709 2.435479
0.1110983 0.6136696 2.263975 0.1522447 0.4326286 2.318357 -0.01513545 0.3279139 2.282658 0.3190434 0.3571752 2.286956 -0.06018539 0.1652281 2.12641 0.416709 0.2147524 2.066079 0.1193436 0.1173475 2.047255 0.2678459 0.265863 1.934096 0.179396 0.1173018 2.051408 0.1738109 0.2992385 1.906851 0.1598452 0.1071453 2.329036 0.1611715 0.04237197 2.326822 0.09395512 -0.03541837 2.325638 0.2311299 -0.03195786 2.324332 0.06301229 -0.5199095 2.472131 0.3027763 -0.5350856 2.452083 0.04097547 -0.8746142 2.551787 0.3354746 -0.8787773 2.486213 -0.02047797 -0.941512 2.521707 0.3781833 -0.9453103 2.435172
0.1119424 0.6132587 2.262285 0.1537477 0.4304197 2.317988 -0.01544403 0.3272786 2.282901 0.3183312 0.3611628 2.282596 -0.06126112 0.165568 2.129924 0.4146432 0.2133601 2.059056 0.1196978 0.1170741 2.055285 0.2434566 0.2342435 1.884964 0.1792656 0.1167777 2.058856 0.1804705 0.2531495 1.869 0.1603498 0.1068666 2.32873 0.1615124 0.04222546 2.326718 0.0943007 -0.03564663 2.325726 0.2314433 -0.03202913 2.324217 0.06247485 -0.5173472 2.472585 0.3031214 -0.5347782 2.452487 0.04284238 -0.871264 2.54957 0.3355553 -0.8786957 2.486262 -0.01717795 -0.9374539 2.533668 0.378177 -0.9452506 2.434775
0.1128476 0.6123214 2.259753 0.1554301 0.4279065 2.317355 -0.01535454 0.3264395 2.28336 0.3161946 0.3600894 2.276041 -0.06199294 0.166129 2.133163 0.4126692 0.2192895 2.04502 0.1204904 0.1182142 2.062728 0.2030231 0.2155365 1.866904 0.1425866 0.1269415 2.078218 0.175235 0.2234407 1.84595 0.1611244 0.1060585 2.328548 0.162054 0.04160941 2.326856 0.09503886 -0.03620327 2.326327 0.2316416 -0.03218146 2.324305 0.06218997 -0.5170919 2.473347 0.3031642 -0.5343948 2.452784 0.04313845 -0.871195 2.5489 0.3358977 -0.8788549 2.48598 -0.01895832 -0.938888 2.525928 0.3781931 -0.945322 2.434545
0.1140846 0.6116644 2.25789 0.1580303 0.4260212 2.316865 -0.0148873 0.3251563 2.284315 0.3155336 0.3563816 2.271216 -0.06156321 0.1649336 2.136118 0.4053712 0.2191746 2.051771 0.1587947 0.1329844 2.083972 0.2020484 0.1860294 1.869087 0.2394804 0.126357 2.081674 0.1696459 0.1660086 1.835345 0.1620648 0.1053483 2.32856 0.1627107 0.04103994 2.327278 0.09602495 -0.0365859 2.3279 0.2318203 -0.03240933 2.324426 0.06271081 -0.5161345 2.474551 0.3035612 -0.5337772 2.453278 0.04259822 -0.8715498 2.54858 0.3359305 -0.8787665 2.485923 -0.01613018 -0.9366905 2.525815 0.3775728 -0.9450302 2.43465
0.1155786 0.6104248 2.254989 0.1583147 0.425148 2.316161 -0.01484338 0.3248686 2.285228 0.3131743 0.3488181 2.267641 -0.06175984 0.1645806 2.14011 0.3981664 0.2168292 2.065421 0.1260506 0.1254261 2.081478 0.2868579 0.1334191 1.902325 0.1650571 0.1274879 2.089243 0.1883246 0.1294492 1.836681 0.1624849 0.1042869 2.328529 0.1631111 0.03985294 2.327972 0.09682333 -0.03749734 2.330365 0.2319296 -0.03314678 2.324695 0.06317763 -0.5166986 2.476451 0.3034552 -0.5335678 2.454289 0.04165505 -0.8725131 2.547491 0.3359423 -0.8767996 2.48569 -0.01426064 -0.937309 2.526688 0.3774064 -0.9448127 2.434603
0.1167649 0.6096578 2.253174 0.1582539 0.4245663 2.315424 -0.01482424 0.3244452 2.286663 0.3120148 0.3439598 2.264906 -0.0615662 0.1646371 2.142009 0.3915376 0.2085514 2.072931 0.1763933 0.1540667 2.087791 0.2914498 0.1115337 1.907611 0.257079 0.1474393 2.085493 0.2136589 0.0830247 1.860613 0.1625777 0.1044084 2.328174 0.1632335 0.04019088 2.328355 0.09797307 -0.03579062 2.33351 0.2317927 -0.03290075 2.324686 0.06299825 -0.5174771 2.479285 0.3031118 -0.5345106 2.455448 0.04199003 -0.8737091 2.54787 0.336199 -0.8775302 2.485938 -0.01876868 -0.9398707 2.52202 0.3772007 -0.9447808 2.434749
0.1174487 0.6090025 2.25153 0.158743 0.423663 2.315029 -0.01470285 0.3244854 2.288197 0.3118046 0.3422624 2.263708 -0.06437119 0.1661126 2.147175 0.3873764 0.2016589 2.083868 0.173655 0.1489483 2.08689 0.301923 0.08981843 1.932558 0.2543406 0.1423209 2.084592 0.222792 0.04973048 1.880278 0.1626946 0.1038835 2.328258 0.1632722 0.03966074 2.329181 0.09815139 -0.03608371 2.335881 0.231445 -0.03350337 2.325013 0.06293667 -0.5161903 2.480628 0.3032792 -0.5348748 2.456035 0.0423161 -0.872717 2.548854 0.3363325 -0.8776284 2.485968 -0.01559554 -0.9369986 2.534606 0.3769593 -0.9447852 2.434942
0.1181083 0.6088808 2.250626 0.159272 0.4230652 2.314388 -0.01451826 0.3247123 2.289754 0.3122841 0.3397277 2.261656 -0.06449167 0.1662349 2.1485 0.3844903 0.1902663 2.092704 0.1734316 0.1474376 2.086554 0.3038535 0.06414317 1.951153 0.2541173 0.1408102 2.084255 0.2373201 0.01239156 1.915733 0.1627331 0.103681 2.32828 0.1632025 0.03946509 2.329982 0.09782553 -0.03598344 2.337916 0.2311597 -0.03386664 2.325533 0.06280999 -0.5159975 2.480962 0.3029422 -0.5335687 2.456291 0.04283315 -0.8719431 2.548833 0.3365488 -0.8762327 2.485462 -0.01744396 -0.9375585 2.530747 0.3768395 -0.9445095 2.434846
0.1187321 0.608727 2.249943 0.159687 0.4225777 2.313503 -0.01431146 0.3250018 2.290722 0.3126147 0.3373724 2.260251 -0.06845285 0.1679504 2.151807 0.3810131 0.1796071 2.101443 0.1331249 0.1507622 2.087659 0.3014057 0.03789453 1.973702 0.1979357 0.1656685 2.07848 0.2347572 -0.007563696 1.931133 0.1626215 0.1032977 2.32832 0.1629451 0.03899358 2.330761 0.09708411 -0.03620401 2.33944 0.2307728 -0.03459145 2.326275 0.06337236 -0.5156848 2.481441 0.3030007 -0.5331555 2.456226 0.04285965 -0.8721414 2.548765 0.3363082 -0.875928 2.485673 -0.01770464 -0.9382706 2.533423 0.3769426 -0.94445 2.434596
0.1190472 0.6087959 2.249825 0.160007 0.4221593 2.312869 -0.01417222 0.3251824 2.291189 0.3131493 0.3354838 2.259668 -0.06967594 0.1688464 2.152932 0.3804501 0.1676241 2.110364 0.1317577 0.1511605 2.087162 0.2994862 0.02494161 1.987773 0.1969507 0.1649376 2.078979 0.2170131 -0.03756364 1.95457 0.1625112 0.1029986 2.328282 0.1627472 0.03866953 2.331279 0.09636831 -0.03627805 2.340338 0.2306237 -0.03525433 2.32684 0.06326349 -0.5154622 2.481605 0.3029597 -0.5331968 2.456274 0.04193686 -0.8711917 2.550938 0.3381285 -0.8760659 2.486419 -0.01760979 -0.938263 2.533419 0.3791907 -0.9450691 2.435488
0.1196107 0.6087619 2.249795 0.1606762 0.422084 2.312555 -0.014004 0.3252857 2.291551 0.313278 0.3348997 2.260001 -0.07023205 0.1695211 2.153084 0.3801005 0.1620142 2.120883 0.1274358 0.1506027 2.086204 0.2976026 0.01277553 2.008688 0.1931578 0.1627102 2.079806 0.2291098 -0.03804597 1.977454 0.162479 0.1026013 2.328392 0.1625927 0.03817466 2.331893 0.09578536 -0.03649688 2.341048 0.2304538 -0.03596722 2.327498 0.06331456 -0.5159386 2.481855 0.3025633 -0.5331829 2.456384 0.04205798 -0.8709313 2.550733 0.339666 -0.8771785 2.487023 -0.01751094 -0.9382155 2.532963 0.3803073 -0.9454842 2.43521
0.12014 0.6091108 2.250199 0.1611488 0.4221185 2.312256 -0.01387652 0.3254951 2.291796 0.3134641 0.3342424 2.260602 -0.07002175 0.170501 2.152339 0.3809845 0.1585078 2.12916 0.1264712 0.1511069 2.085743 0.2972434 0.01001529 2.016888 0.1924897 0.1613949 2.079214 0.2229012 -0.03703735 1.994327 0.1623486 0.1023201 2.328514 0.1623218 0.03780369 2.332509 0.09505782 -0.036697 2.341802 0.2301466 -0.03646766 2.328222 0.06361504 -0.5160815 2.48188 0.3025426 -0.5330045 2.456305 0.0435194 -0.8691261 2.548963 0.339823 -0.876414 2.486527 -0.01585765 -0.9368645 2.537035 0.3803387 -0.9454949 2.435256
0.1218813 0.6103813 2.251712 0.1612298 0.4222755 2.312277 -0.01379335 0.3258593 2.292216 0.3146498 0.3337533 2.262138 -0.07089024 0.1721611 2.151938 0.3823481 0.1577148 2.136672 0.1248082 0.1517793 2.085125 0.2993382 0.008433551 2.024973 0.191109 0.1600909 2.078642 0.2257856 -0.03903968 2.000765 0.1622339 0.1023196 2.328502 0.1621895 0.0378054 2.332777 0.09474746 -0.03664977 2.341952 0.2300554 -0.03664095 2.328593 0.06359609 -0.5160708 2.48186 0.3030234 -0.5330753 2.455743 0.04414677 -0.8684182 2.548121 0.3399653 -0.8758422 2.486393 -0.01542108 -0.9364161 2.538512 0.3803174 -0.9453915 2.434565
0.1231141 0.612062 2.255238 0.1614617 0.4226661 2.312312 -0.01373302 0.326097 2.292492 0.3156331 0.3336237 2.263892 -0.07142863 0.1733061 2.151355 0.3852776 0.1617506 2.144058 0.1224421 0.1520813 2.084108 0.3043022 0.01154606 2.032069 0.1890249 0.1586105 2.078538 0.2674918 -0.04252075 2.016947 0.1621967 0.1023662 2.328375 0.1621584 0.03784969 2.332863 0.09457486 -0.03660987 2.341931 0.2300681 -0.03663715 2.328724 0.0634004 -0.5160686 2.481264 0.3032042 -0.5342723 2.45573 0.04433334 -0.8681729 2.548326 0.3398712 -0.876236 2.485574 -0.0151955 -0.93602 2.538466 0.3809308 -0.9458747 2.433142
0.1243961 0.6137316 2.25923 0.161742 0.4229862 2.313087 -0.01372878 0.3262338 2.292588 0.3175734 0.3337191 2.266222 -0.07174747 0.1741799 2.150489 0.3875009 0.1612494 2.147996 0.120838 0.1521538 2.083408 0.3048953 0.014566 2.03214 0.1874416 0.1587945 2.078231 0.2306094 -0.02304448 1.995852 0.1621548 0.1024231 2.328297 0.1621301 0.03790514 2.332909 0.09439702 -0.03659149 2.341784 0.2300682 -0.036651 2.328736 0.0638136 -0.5162266 2.480465 0.3039115 -0.5327752 2.454092 0.04438349 -0.868394 2.548323 0.3390692 -0.8773474 2.487193 -0.01544352 -0.9364033 2.538161 0.3801357 -0.9457186 2.433198
0.1257263 0.6151515 2.262083 0.1612679 0.4235021 2.314151 -0.01375811 0.3267747 2.292817 0.3188558 0.3336663 2.268969 -0.07190856 0.1747347 2.149938 0.3898448 0.1633862 2.151476 0.1204614 0.152508 2.082973 0.3060098 0.01982754 2.032252 0.1869847 0.1595587 2.077326 0.2137766 -0.01901539 1.993086 0.1619982 0.1026441 2.328253 0.1620211 0.03814409 2.332929 0.09417947 -0.0363669 2.341405 0.2300599 -0.0366088 2.328728 0.06357929 -0.5177058 2.479887 0.3040432 -0.5332032 2.453627 0.04422889 -0.8684093 2.54837 0.3385768 -0.8755736 2.485979 -0.02076088 -0.940709 2.53802 0.3795032 -0.9451753 2.432783
0.1268461 0.6162841 2.264739 0.1617391 0.4255114 2.317382 -0.01365828 0.3273575 2.293343 0.3205435 0.3338166 2.272012 -0.07185832 0.1752294 2.149379 0.3932181 0.1665781 2.156311 0.1194742 0.1527411 2.082338 0.3097067 0.02742603 2.03112 0.1860279 0.159813 2.07709 0.2190771 -0.01299008 1.992551 0.1619541 0.1029452 2.328264 0.1619759 0.03837088 2.332898 0.09393375 -0.03601564 2.340593 0.2300465 -0.03657661 2.328656 0.06368957 -0.5184243 2.479398 0.3041517 -0.533022 2.453167 0.04200873 -0.8725911 2.549657 0.3381217 -0.8760107 2.486546 0.00577167 -0.9327992 2.531058 0.3790598 -0.9449617 2.432617
0.1278911 0.6175539 2.268328 0.1620567 0.4271743 2.320494 -0.01341468 0.3279846 2.293773 0.321773 0.3338647 2.27495 -0.06967667 0.1753747 2.147083 0.3967077 0.1688271 2.160296 0.1193781 0.1527982 2.082075 0.3125513 0.03181989 2.032964 0.1858959 0.1602924 2.076956 0.2248566 -0.01056676 1.993245 0.1618751 0.1031524 2.328346 0.1618911 0.03851678 2.332831 0.09355903 -0.03578316 2.339561 0.229965 -0.03653206 2.32847 0.06386644 -0.5188055 2.478295 0.3040986 -0.5332639 2.452754 0.04162603 -0.8728944 2.550029 0.3380115 -0.8759255 2.486364 -0.01096995 -0.9400259 2.530181 0.3792195 -0.9449422 2.432891
