0.115864 0.6305985 2.322242 0.1546084 0.4347857 2.33347 -0.01627374 0.3276972 2.295442 0.3211882 0.3380033 2.305481 -0.07114442 0.1721321 2.133952 0.4018728 0.1553069 2.221513 0.09964306 0.1241662 2.034771 0.2593733 0.03902543 2.137378 0.1822425 0.1286856 2.024241 0.229737 -0.02108359 2.133426 0.1569579 0.1057184 2.337089 0.1577349 0.04135448 2.322222 0.09132075 -0.0353621 2.316617 0.2254659 -0.03365588 2.316184 0.06124365 -0.5230519 2.46031 0.3018329 -0.5353027 2.445023 0.0422768 -0.8749328 2.554727 0.3360632 -0.8741558 2.48492 -0.01706627 -0.9387327 2.539819 0.3767602 -0.9444023 2.432434
0.1144409 0.630248 2.322638 0.1532816 0.4348912 2.334053 -0.01685491 0.3272738 2.294659 0.3207192 0.3380677 2.307422 -0.07167082 0.1717894 2.133452 0.4025253 0.1582385 2.221305 0.09795554 0.1199918 2.034196 0.2554849 0.05168734 2.131384 0.1854292 0.1227186 2.024711 0.2258468 -0.008420423 2.127426 0.1565876 0.1053848 2.338151 0.1576123 0.04098812 2.322332 0.0911299 -0.03595176 2.316762 0.2255846 -0.03398213 2.316424 0.06153173 -0.5229938 2.460023 0.3018479 -0.5352751 2.44498 0.04241721 -0.8743626 2.554706 0.3360469 -0.8742471 2.484851 -0.01601616 -0.937928 2.53925 0.3766123 -0.9442878 2.4324
0.1122125 0.6287904 2.322253 0.152923 0.4348599 2.334339 -0.01710699 0.3269404 2.294037 0.3202176 0.3383453 2.309126 -0.07232664 0.1704339 2.132381 0.4039823 0.1620828 2.220314 0.09719212 0.117108 2.033851 0.2426399 0.08524158 2.123896 0.1875397 0.1161241 2.024566 0.2129985 0.02513589 2.119933 0.1563346 0.1049998 2.339135 0.1575687 0.04050931 2.322458 0.0910781 -0.03653914 2.316798 0.2256906 -0.03437281 2.316792 0.06150953 -0.5232876 2.459506 0.3019668 -0.5353972 2.444909 0.04258846 -0.8742062 2.554738 0.3365059 -0.8746865 2.484871 -0.01568326 -0.9378742 2.539102 0.3767419 -0.9444798 2.433195
0.1107597 0.6283944 2.323293 0.1523512 0.4346874 2.334614 -0.01772573 0.3264073 2.292948 0.3197932 0.3384756 2.309983 -0.07302668 0.1692597 2.131936 0.4067478 0.1663047 2.218059 0.09872394 0.1159341 2.037997 0.244294 0.09369227 2.120021 0.1887056 0.1131783 2.025932 0.214654 0.03358587 2.116057 0.1561462 0.1050649 2.340004 0.1575772 0.04070099 2.322522 0.09114297 -0.03646751 2.316807 0.2257937 -0.0338982 2.317087 0.06125452 -0.5236995 2.458867 0.3020845 -0.5354154 2.444799 0.04104089 -0.8732526 2.557149 0.3367683 -0.874772 2.485254 -0.01829784 -0.9391578 2.537574 0.3759004 -0.9439602 2.433261
0.1092911 0.6278153 2.323897 0.1512809 0.4343086 2.334817 -0.01832058 0.3258926 2.292351 0.318975 0.3386857 2.31075 -0.07360408 0.1666621 2.13117 0.4065832 0.1756332 2.211942 0.1050835 0.1194722 2.049396 0.245303 0.1065481 2.108865 0.1932825 0.1104486 2.029663 0.2156635 0.04644139 2.104901 0.1555484 0.1067374 2.340954 0.1572749 0.04325884 2.322873 0.09156081 -0.03433653 2.316829 0.2252277 -0.03043262 2.318205 0.0616872 -0.5241202 2.458317 0.3025796 -0.5355903 2.444711 0.04104717 -0.8734259 2.557101 0.3361036 -0.8733056 2.485622 -0.01853125 -0.9393318 2.537105 0.3762158 -0.9438285 2.434064
0.1085331 0.6273673 2.325027 0.1507295 0.4342175 2.335082 -0.01858434 0.3257378 2.292008 0.3182293 0.3392709 2.311292 -0.07375675 0.1637566 2.130694 0.4082981 0.1787131 2.207117 0.0986731 0.1093811 2.038936 0.2280821 0.1290984 2.08917 0.1880944 0.100839 2.025492 0.198443 0.06899156 2.085206 0.155432 0.1069888 2.341683 0.1573439 0.04363134 2.322928 0.09186129 -0.03408193 2.316667 0.2253226 -0.02952413 2.318662 0.06132052 -0.5245395 2.457618 0.3026493 -0.535755 2.444495 0.04103321 -0.8735973 2.556963 0.3361476 -0.8734952 2.485395 -0.01866902 -0.941281 2.527624 0.3760059 -0.9441474 2.432935
0.1077245 0.6271384 2.325179 0.1501683 0.4340729 2.335484 -0.01875777 0.3253733 2.291748 0.3175384 0.3398284 2.3111 -0.07389022 0.1626604 2.130904 0.3862007 0.1779599 2.172299 0.09799369 0.1081576 2.038045 0.1746695 0.1069582 2.046839 0.1584707 0.08584429 2.019293 0.1450303 0.04685133 2.042875 0.1554201 0.1072703 2.342407 0.1574991 0.04408198 2.322998 0.09246647 -0.03356741 2.31641 0.2254619 -0.0287021 2.319067 0.06131947 -0.5246263 2.45756 0.3026398 -0.5359392 2.444453 0.04000375 -0.8746067 2.558645 0.3361593 -0.8739333 2.485502 -0.01934952 -0.9417675 2.532735 0.376684 -0.9446887 2.433775
0.1066221 0.627048 2.32581 0.1497086 0.4339646 2.335829 -0.01902165 0.3251773 2.291703 0.3157988 0.3434454 2.311691 -0.07357892 0.1618096 2.13109 0.3857433 0.1809032 2.166131 0.09717989 0.1053 2.037216 0.1878019 0.1045818 2.048413 0.1592666 0.08709165 2.019308 0.1300611 0.06611559 2.044247 0.1553395 0.1069334 2.343039 0.1575776 0.04361092 2.322987 0.09263723 -0.03429652 2.316215 0.2256309 -0.02899863 2.319131 0.06155309 -0.5248068 2.457257 0.3024986 -0.5359977 2.444396 0.04020773 -0.8747872 2.55862 0.3362341 -0.8743038 2.485516 -0.01940723 -0.9417843 2.534102 0.3768554 -0.9445027 2.434368
0.1054886 0.6266621 2.326217 0.1493386 0.4337446 2.3362 -0.01967045 0.3249247 2.291546 0.3143054 0.3496326 2.312593 -0.07354999 0.1618863 2.131286 0.3855479 0.1879281 2.156078 0.09726408 0.1053328 2.037559 0.1350311 0.1260529 2.075564 0.1597383 0.08786583 2.020272 -0.01979796 0.07867783 2.049534 0.1552401 0.10668 2.343678 0.1576124 0.04334052 2.323025 0.09264124 -0.03486832 2.316114 0.2258297 -0.02927041 2.319244 0.06171355 -0.5248665 2.457138 0.3024939 -0.5359973 2.444397 0.04012425 -0.8739406 2.55772 0.3361712 -0.8748733 2.484513 -0.01957873 -0.9418997 2.534439 0.3785737 -0.9453014 2.434113
0.1045798 0.6264288 2.326683 0.1486419 0.4334387 2.336837 -0.02021695 0.3245174 2.291482 0.3122962 0.3616655 2.315298 -0.073359 0.1620702 2.131494 0.4288643 0.2178429 2.147947 0.09809467 0.1043891 2.039959 0.2280426 0.2673403 2.07763 0.187064 0.08640218 2.043237 0.1536957 0.2866851 2.073539 0.1551518 0.1064717 2.344377 0.1578176 0.04314727 2.323158 0.09295042 -0.03528795 2.316045 0.2264804 -0.02951957 2.31967 0.06172087 -0.5247184 2.457009 0.3024789 -0.5359327 2.444458 0.04013947 -0.8737787 2.557613 0.3361039 -0.8742507 2.484418 -0.02018911 -0.9417292 2.534331 0.3780215 -0.9449065 2.433384
0.1026985 0.6264442 2.327472 0.1478521 0.4336887 2.337042 -0.02118419 0.323682 2.291486 0.3115532 0.3667929 2.315789 -0.07327843 0.1620225 2.131677 0.4297062 0.2196679 2.136665 0.1005345 0.104529 2.045384 0.2289664 0.271342 2.063551 0.1897084 0.08729759 2.046352 0.1486331 0.2923386 2.062325 0.1551482 0.1062919 2.345019 0.1580096 0.04284533 2.323341 0.09321424 -0.03623585 2.316293 0.2271608 -0.02978584 2.320012 0.06176548 -0.5248189 2.457008 0.3025567 -0.5360019 2.444443 0.04024172 -0.8739963 2.556082 0.3362851 -0.8753365 2.484969 -0.01925302 -0.9413232 2.530271 0.3782623 -0.945135 2.433342
0.1023056 0.6265716 2.327966 0.1470588 0.4342976 2.337452 -0.02159898 0.3233856 2.291501 0.310873 0.3702149 2.315297 -0.07323945 0.1619279 2.13205 0.4290914 0.2241184 2.127236 0.1043966 0.1069529 2.053421 0.2355793 0.2724579 2.046737 0.1791412 0.09512164 2.055923 0.1493478 0.300803 2.043487 0.155073 0.1062798 2.345598 0.157984 0.04284771 2.32337 0.09311938 -0.03624365 2.316505 0.2271933 -0.02979692 2.319942 0.06218555 -0.5242457 2.456872 0.3028018 -0.5363098 2.44451 0.04123892 -0.8733526 2.554777 0.3361399 -0.8752131 2.485062 -0.01991493 -0.941832 2.530212 0.3776428 -0.9445605 2.433182
0.1016146 0.6264852 2.328202 0.1464267 0.4345963 2.337228 -0.022001 0.3232287 2.291581 0.3106175 0.3711586 2.315018 -0.07315262 0.1619208 2.132205 0.42509 0.2318606 2.108653 0.1079174 0.1120887 2.059112 0.2450784 0.2752639 2.02785 0.1729965 0.09930284 2.060963 0.1623058 0.3104518 2.015186 0.1549418 0.1063865 2.346048 0.1579291 0.04292446 2.323394 0.09286597 -0.03612688 2.317285 0.2272828 -0.02963778 2.319524 0.06176307 -0.5222505 2.455968 0.3028099 -0.5362895 2.444796 0.04193963 -0.8723048 2.55381 0.3365466 -0.8754569 2.485126 -0.01696953 -0.9397489 2.537604 0.3771765 -0.944662 2.433013
0.1012797 0.6266087 2.328481 0.1457648 0.4366219 2.337512 -0.02211721 0.3231569 2.29163 0.3046576 0.3655446 2.311817 -0.07416955 0.1625962 2.133997 0.4221013 0.2341223 2.096517 0.1080908 0.1136676 2.063845 0.1934699 0.3067572 1.979782 0.1736475 0.1006716 2.065848 0.1293483 0.3216494 1.99296 0.1547494 0.1058711 2.346569 0.1574898 0.04171279 2.323525 0.0926289 -0.03652824 2.317861 0.2267935 -0.03033647 2.31912 0.06169459 -0.5222803 2.456144 0.3032256 -0.5363303 2.445117 0.04248242 -0.872157 2.552857 0.3362181 -0.8785511 2.486357 -0.01752988 -0.9402446 2.538042 0.3788969 -0.9454669 2.432722
0.1012278 0.6266018 2.328496 0.1454829 0.436356 2.337357 -0.02248721 0.3232445 2.291875 0.3018008 0.3631752 2.309623 -0.07473271 0.1634321 2.135717 0.4188884 0.2363723 2.083009 0.1089496 0.1166384 2.068415 0.1955121 0.2947689 1.969016 0.1686338 0.1049767 2.073477 0.1326057 0.3178543 1.973122 0.1544657 0.1053084 2.346968 0.1571185 0.04110354 2.323611 0.09234351 -0.03672018 2.318495 0.2263195 -0.0307411 2.318781 0.06140982 -0.522831 2.457074 0.3031859 -0.5362421 2.445343 0.04201678 -0.8742957 2.556804 0.3362622 -0.8785954 2.486141 -0.01718261 -0.9398131 2.538768 0.3783365 -0.9453187 2.432711
0.1011706 0.6266062 2.328488 0.1457517 0.4366342 2.337684 -0.02279892 0.3236224 2.292549 0.3010986 0.3633676 2.308318 -0.07592733 0.1655887 2.137998 0.418786 0.237386 2.082644 0.1078149 0.12582 2.065519 0.1907349 0.2961643 1.944281 0.1731632 0.1107174 2.068436 0.125 0.308189 1.95071 0.1546063 0.1052479 2.347418 0.1571266 0.04104102 2.323711 0.0923624 -0.03649373 2.319472 0.2262596 -0.03079602 2.318563 0.06141318 -0.5226802 2.457859 0.3034191 -0.5359427 2.445859 0.04230372 -0.874325 2.556552 0.3362294 -0.8785721 2.485431 -0.01686355 -0.939526 2.538914 0.3779798 -0.9452205 2.432672
0.101163 0.6264358 2.328261 0.1461058 0.4364389 2.337736 -0.02304943 0.3239157 2.293156 0.3016892 0.3653128 2.306054 -0.07647114 0.1681815 2.139308 0.4166586 0.234569 2.078 0.1075474 0.1287336 2.067476 0.1884461 0.2446569 1.92715 0.1728957 0.113631 2.070393 0.1609705 0.2720065 1.91162 0.1548865 0.1055315 2.347928 0.157185 0.04149862 2.324023 0.09225568 -0.03580639 2.320359 0.2263048 -0.03041355 2.318551 0.06121757 -0.5223907 2.458534 0.30341 -0.5356674 2.446288 0.04199132 -0.8730789 2.552304 0.3362412 -0.8785878 2.485398 -0.01758778 -0.9401596 2.540081 0.3780411 -0.9451968 2.432586
0.1014422 0.6262396 2.328021 0.1471322 0.4354145 2.337589 -0.02306916 0.3251049 2.294446 0.303248 0.3671702 2.302557 -0.07719979 0.1717654 2.141735 0.4150826 0.233041 2.076756 0.1071039 0.1348688 2.069141 0.1899515 0.2334598 1.920563 0.1724523 0.1197662 2.072058 0.1552058 0.287718 1.901701 0.1552715 0.1064076 2.34859 0.1570756 0.04302807 2.324821 0.09173924 -0.03378228 2.321886 0.2261028 -0.02934693 2.318917 0.06150214 -0.5220442 2.459382 0.3036354 -0.5352659 2.446769 0.04196506 -0.873162 2.552281 0.3360557 -0.8771927 2.485194 -0.01809506 -0.9399561 2.538236 0.3775892 -0.9448537 2.432296
0.1016467 0.626085 2.327795 0.1480712 0.4351167 2.337687 -0.02292006 0.32543 2.295143 0.3042567 0.3629682 2.297103 -0.07718105 0.1724848 2.141989 0.4098069 0.2277268 2.074522 0.1125382 0.1503159 2.080105 0.1926404 0.195747 1.909834 0.1778866 0.1352132 2.083022 0.1578947 0.2500052 1.890971 0.1558692 0.1069547 2.349221 0.1571487 0.043708 2.325485 0.09169985 -0.03259739 2.323422 0.225998 -0.02882439 2.319156 0.06178287 -0.5212678 2.459809 0.3039291 -0.5353653 2.447613 0.04219278 -0.8726436 2.552481 0.3360022 -0.8774542 2.485219 -0.02158058 -0.9416234 2.54131 0.3779144 -0.9453337 2.432606
0.1020745 0.626054 2.327978 0.1485133 0.4349135 2.337608 -0.02294453 0.3254439 2.295516 0.3036917 0.3559708 2.293203 -0.0769958 0.17344 2.142348 0.4039484 0.2219391 2.080222 0.1135323 0.1552987 2.081982 0.2763464 0.1447763 1.938056 0.1788809 0.1401961 2.084899 0.1594077 0.1405453 1.885872 0.1565045 0.1055006 2.350051 0.1575055 0.04149773 2.326686 0.0916351 -0.03481443 2.325148 0.2264591 -0.03050131 2.320076 0.0619642 -0.5207947 2.460371 0.3039526 -0.5355301 2.448168 0.04198064 -0.8733828 2.554989 0.3359737 -0.8767415 2.484973 -0.01990175 -0.9401192 2.54378 0.3776281 -0.9450436 2.432924
0.1024551 0.6259618 2.327634 0.1490189 0.4347571 2.337556 -0.02286515 0.3261324 2.296703 0.3039159 0.3505374 2.290237 -0.07463366 0.1748857 2.142258 0.3883757 0.2058879 2.096488 0.1657165 0.1692227 2.086667 0.2461428 0.1033263 1.940921 0.2310651 0.15412 2.089585 0.168286 0.09163964 1.90318 0.1570058 0.1059108 2.350564 0.1577026 0.04199677 2.327517 0.0922526 -0.03415446 2.326598 0.2262359 -0.02983264 2.320855 0.06211839 -0.5205421 2.460969 0.3040291 -0.5355948 2.448977 0.04202456 -0.8735097 2.554881 0.3362623 -0.8765711 2.484709 -0.01819156 -0.9392344 2.542653 0.3780477 -0.9450427 2.432745
0.1028221 0.6257492 2.327111 0.1494946 0.4346321 2.337399 -0.02280409 0.3265813 2.297672 0.3053338 0.346848 2.287256 -0.07609272 0.1770099 2.143777 0.3929579 0.1933456 2.120182 0.1152354 0.1727761 2.083351 0.2917315 0.07666757 1.984481 0.1805838 0.1576735 2.086268 0.2652612 0.04895478 1.972497 0.1571133 0.1055851 2.350913 0.1573739 0.04143845 2.328302 0.09164327 -0.03482581 2.32819 0.225621 -0.03072257 2.321512 0.06241383 -0.5202312 2.461405 0.3039674 -0.5353172 2.449406 0.04218976 -0.8734069 2.553842 0.3361913 -0.8756748 2.484715 -0.01886325 -0.9396868 2.541273 0.3782719 -0.9447067 2.433415
0.1030427 0.6254966 2.326274 0.1502568 0.4346445 2.33698 -0.02276698 0.3266473 2.297814 0.3082817 0.3435638 2.285151 -0.07680902 0.1780782 2.144525 0.3898512 0.1813078 2.133126 0.1143129 0.1721082 2.083455 0.2785856 0.05033833 2.023335 0.1796613 0.1570056 2.086373 0.2131626 0.004881585 1.996418 0.1572019 0.105444 2.351111 0.1571968 0.0410894 2.329066 0.0908412 -0.03540318 2.329936 0.2254772 -0.03166594 2.322243 0.06210855 -0.5214777 2.46366 0.3039296 -0.5350043 2.449586 0.03845776 -0.8786329 2.561871 0.3360789 -0.8748025 2.484988 -0.01905808 -0.9416317 2.552669 0.3784303 -0.9447371 2.433343
0.1032753 0.6254849 2.325907 0.152548 0.4347972 2.33625 -0.02255809 0.3270281 2.298391 0.3098751 0.341266 2.284789 -0.07683607 0.1783832 2.144439 0.3878478 0.1672612 2.15051 0.114878 0.1691518 2.081824 0.2759944 0.02849795 2.053082 0.1817828 0.1671249 2.076658 0.2004299 -0.01807125 2.033815 0.1572167 0.1053777 2.351092 0.1569464 0.04082431 2.329679 0.08966487 -0.03571127 2.331609 0.225142 -0.03240681 2.322664 0.0613405 -0.5216867 2.465362 0.3043019 -0.5343301 2.449486 0.04040377 -0.8762353 2.557885 0.3356794 -0.8760973 2.485656 0.0007347539 -0.9293168 2.527955 0.378574 -0.9448845 2.433219
0.1040557 0.6255497 2.324853 0.1539905 0.4350456 2.335569 -0.02239901 0.327221 2.298777 0.3108233 0.3395601 2.28522 -0.0767774 0.1784628 2.144437 0.3825119 0.1514257 2.167821 0.1123693 0.1645996 2.077508 0.2691698 0.009543404 2.077925 0.1790825 0.1701351 2.072429 0.1937444 -0.04023084 2.068787 0.1572323 0.1051566 2.350963 0.1568238 0.04032532 2.330241 0.08892734 -0.03635383 2.33267 0.2250983 -0.03324352 2.323165 0.06139252 -0.5220656 2.466221 0.3043077 -0.5342934 2.449507 0.040067 -0.8767498 2.558517 0.3365071 -0.8750131 2.485721 -0.01507565 -0.9383285 2.543198 0.3786271 -0.94489 2.433206
0.1045421 0.6258281 2.324557 0.1552775 0.4354221 2.334708 -0.02228586 0.3272407 2.298788 0.3115848 0.3376739 2.285822 -0.07684132 0.1785643 2.144408 0.3782 0.1402829 2.18121 0.1103392 0.1610086 2.07195 0.2645419 -0.003918931 2.096274 0.1768654 0.1696784 2.069454 0.1886428 -0.05212429 2.083404 0.1571663 0.1049191 2.350512 0.1566642 0.03977965 2.330436 0.08836868 -0.03694651 2.332991 0.2249371 -0.0340313 2.323327 0.0613732 -0.5223554 2.466754 0.3042612 -0.5341823 2.449507 0.03994653 -0.8757337 2.558669 0.3367479 -0.8739334 2.485645 -0.01615541 -0.9381989 2.540223 0.3783089 -0.9445884 2.43338
0.1054066 0.6261781 2.323873 0.1564428 0.4348901 2.334133 -0.02206886 0.3273004 2.298762 0.3127678 0.3364192 2.287389 -0.07710097 0.178727 2.143823 0.3784232 0.1393208 2.191055 0.1075483 0.1580822 2.064776 0.2558141 -0.0028622 2.117794 0.1738895 0.1683162 2.06365 0.1802262 -0.05103267 2.103091 0.1570904 0.1046641 2.349967 0.1566081 0.03948361 2.330459 0.08805866 -0.03727235 2.332919 0.2248778 -0.03456001 2.323389 0.06124 -0.5225872 2.467064 0.304186 -0.5341075 2.44946 0.04012161 -0.8757077 2.558474 0.3367113 -0.8739456 2.485656 -0.001610667 -0.9297587 2.533494 0.3782112 -0.9444558 2.433577
0.1074757 0.6263895 2.323199 0.1584302 0.4349583 2.333385 -0.02164304 0.3273259 2.298512 0.3144612 0.3345599 2.289253 -0.07739946 0.1789048 2.14341 0.3762299 0.1354946 2.20121 0.1057532 0.1560661 2.060991 0.252639 -0.003158629 2.121997 0.1724474 0.1611651 2.055241 0.1765682 -0.0507559 2.10793 0.1573461 0.1043264 2.349283 0.1568435 0.03907314 2.330353 0.08808192 -0.03768668 2.332666 0.2251195 -0.03515208 2.323339 0.06157243 -0.5236862 2.46927 0.3040845 -0.5340034 2.449378 0.03984441 -0.8770139 2.559949 0.3366993 -0.874331 2.485348 -0.002519 -0.9313692 2.536755 0.3783631 -0.9444905 2.433276
0.1115076 0.6276743 2.323134 0.1589074 0.4348479 2.33303 -0.02100893 0.3274422 2.298172 0.3155748 0.333807 2.291027 -0.07754143 0.1792216 2.142982 0.3723 0.1317804 2.205154 0.1050579 0.1551672 2.059521 0.248133 -0.004502609 2.122189 0.171704 0.1597156 2.052827 0.1720059 -0.05187413 2.10767 0.1574926 0.1040273 2.348732 0.1570676 0.03871033 2.330375 0.08827322 -0.03802695 2.332528 0.2253167 -0.03561395 2.323527 0.06169228 -0.5238219 2.469286 0.3041032 -0.5340078 2.44936 0.0400522 -0.8763338 2.557922 0.3383077 -0.8755858 2.486229 -0.007464202 -0.9315722 2.538701 0.3792016 -0.9445981 2.433328
0.112465 0.6281457 2.322664 0.159326 0.4347633 2.33276 -0.02019733 0.3277834 2.297812 0.316812 0.3333929 2.292787 -0.07772004 0.1798259 2.142313 0.3713133 0.1325773 2.207178 0.1041992 0.1538506 2.057778 0.2472219 -0.00276573 2.122273 0.1708661 0.1585654 2.051415 0.1695638 -0.04563928 2.102747 0.1575859 0.1039142 2.348208 0.1572345 0.03857484 2.330387 0.08842073 -0.03813065 2.332393 0.2254959 -0.03586999 2.323703 0.06238825 -0.5237412 2.468866 0.3039458 -0.53408 2.449164 0.04033184 -0.8752481 2.558107 0.3384282 -0.8757488 2.486661 -0.007181425 -0.931418 2.538813 0.3791252 -0.944694 2.433462
0.1136406 0.6285495 2.322375 0.1596298 0.4346067 2.332512 -0.0195161 0.327931 2.297429 0.3176087 0.3329592 2.294211 -0.07798104 0.1805076 2.141515 0.3698902 0.1290276 2.205838 0.1033234 0.152667 2.056124 0.1723355 -0.02137692 2.095313 0.1700073 0.1574823 2.050018 0.1434969 -0.07873981 2.114935 0.1576001 0.1037886 2.347751 0.1573171 0.03842297 2.330451 0.08845706 -0.03819089 2.33235 0.2255788 -0.03622112 2.324028 0.06279615 -0.5243082 2.468491 0.3033504 -0.5338069 2.44894 0.03656787 -0.8792843 2.566123 0.3385109 -0.8761535 2.487313 -0.01531083 -0.9382542 2.540828 0.3787023 -0.9447778 2.433415
0.1139694 0.6287573 2.322344 0.1597346 0.4345386 2.332358 -0.01892531 0.3282926 2.297136 0.3182216 0.3323521 2.295072 -0.07807864 0.1814736 2.140548 0.3771944 0.1364243 2.207008 0.1026817 0.1514654 2.054364 0.2426989 -0.0006175091 2.106225 0.1693326 0.1563893 2.047991 0.1615497 -0.03920979 2.092971 0.1576568 0.1036886 2.347309 0.1574293 0.03829103 2.330501 0.0885771 -0.03827929 2.332294 0.2256952 -0.03646137 2.324245 0.0630049 -0.5234175 2.466993 0.3033108 -0.5338141 2.448915 0.03967258 -0.8759628 2.560377 0.3380646 -0.8748165 2.486604 -0.01478717 -0.936859 2.539165 0.3790338 -0.9447251 2.433632
0.1146776 0.6291881 2.322656 0.1599512 0.4345288 2.332321 -0.01796613 0.3287089 2.296971 0.3185004 0.3321634 2.295635 -0.07826222 0.182055 2.139993 0.3773631 0.1364864 2.206964 0.1027379 0.15036 2.052635 0.1858022 -0.01145288 2.081772 0.1693785 0.1555348 2.046353 0.1344497 -0.04800445 2.104882 0.1577565 0.1035521 2.346979 0.1575346 0.0381052 2.33063 0.08864187 -0.03832794 2.3323 0.2257306 -0.03667491 2.324502 0.0630023 -0.5242108 2.466296 0.3032107 -0.5340488 2.448846 0.03990036 -0.8761945 2.560796 0.3395599 -0.8764555 2.487963 -0.01479415 -0.9366666 2.540377 0.3800684 -0.9456455 2.434474
0.1155233 0.6295199 2.323139 0.1599245 0.4345264 2.33229 -0.01748974 0.3288909 2.296645 0.3193847 0.3317791 2.296412 -0.07843129 0.1820502 2.1389 0.3793407 0.1368196 2.205726 0.1016769 0.1474244 2.050549 0.1870989 -0.01082718 2.081319 0.1681046 0.1552554 2.044783 0.1313226 -0.04527079 2.095805 0.1577143 0.1034982 2.346655 0.1575573 0.03800437 2.330754 0.08864963 -0.03835971 2.332294 0.2258178 -0.03701732 2.325016 0.06299928 -0.5243662 2.465979 0.3029174 -0.5341879 2.448632 0.04009653 -0.8760732 2.560773 0.3393692 -0.8764156 2.487688 -0.01865498 -0.9395818 2.539562 0.3794768 -0.9455976 2.434656
0.1163282 0.6298883 2.323452 0.1599534 0.4345943 2.332276 -0.01707159 0.3289981 2.296399 0.3196529 0.3316671 2.296785 -0.07861549 0.1822355 2.137657 0.3834903 0.1372072 2.203482 0.1022779 0.1471882 2.04928 0.2655516 0.01316703 2.092474 0.1686191 0.1550797 2.042663 0.186591 -0.02535354 2.069417 0.1577325 0.1034242 2.346334 0.1576052 0.03785875 2.33083 0.08868347 -0.03842105 2.332249 0.2258683 -0.03727274 2.325265 0.0629523 -0.5243493 2.465831 0.3028783 -0.5341529 2.448508 0.04230858 -0.8744996 2.556779 0.3388979 -0.8747426 2.487247 -0.0201343 -0.9406157 2.538823 0.3794172 -0.9453984 2.434919
0.1172947 0.6302509 2.324402 0.1600589 0.4345529 2.332312 -0.01670129 0.3291045 2.296138 0.3207 0.3314525 2.297367 -0.07848093 0.1824636 2.136364 0.3845337 0.1380021 2.204225 0.1015995 0.1460228 2.048209 0.2633308 0.01393034 2.093357 0.1678061 0.1547198 2.041261 0.1846918 -0.02507176 2.070012 0.1577534 0.103383 2.346034 0.1576438 0.03781678 2.330859 0.08869308 -0.03845486 2.332134 0.2259745 -0.03751684 2.325466 0.06292442 -0.5243754 2.465618 0.302849 -0.5343491 2.448291 0.04226431 -0.8744673 2.556575 0.338969 -0.8743814 2.486678 -0.0209644 -0.9406717 2.537825 0.3798254 -0.9452822 2.43586
0.1177989 0.6304874 2.324889 0.1600836 0.4346407 2.332283 -0.01604716 0.3293218 2.29563 0.3212324 0.331661 2.297894 -0.07867771 0.1825215 2.135743 0.3877322 0.1392252 2.203333 0.1018306 0.1461828 2.046849 0.292762 0.002240404 2.084878 0.1681689 0.1543023 2.040483 0.2147147 -0.0365649 2.059324 0.1577644 0.1033546 2.34573 0.1577128 0.0377473 2.330867 0.08879024 -0.03853973 2.331941 0.2260876 -0.03762655 2.325595 0.06291263 -0.52436 2.465499 0.3029261 -0.5344064 2.44817 0.04227548 -0.8744293 2.555436 0.3383812 -0.8783478 2.489893 -0.01593633 -0.9390283 2.529734 0.3797573 -0.9454715 2.436242
0.1183806 0.6307696 2.325442 0.1607356 0.4351829 2.33281 -0.01525748 0.3297597 2.295283 0.321732 0.3318768 2.298621 -0.07874688 0.1829928 2.135054 0.3901619 0.1406863 2.204973 0.1022782 0.1461416 2.045427 0.2941409 0.004186526 2.086842 0.1700917 0.1539399 2.038802 0.2159331 -0.03546809 2.06315 0.1577503 0.1033126 2.345502 0.1577266 0.0376789 2.330823 0.08870836 -0.03861627 2.331485 0.2260728 -0.03768482 2.325576 0.06307708 -0.5240701 2.465038 0.3029234 -0.5348637 2.448051 0.04295832 -0.874167 2.552147 0.3382751 -0.8764063 2.488565 -0.01721372 -0.9398834 2.53389 0.3791442 -0.9452442 2.435742
0.118433 0.6307992 2.325501 0.1607444 0.4351778 2.332793 -0.0149946 0.3299175 2.294978 0.3220818 0.3318864 2.299019 -0.07905174 0.1832307 2.1342 0.3941385 0.1409494 2.2049 0.1059301 0.1441549 2.041936 0.2859741 0.006588265 2.096261 0.172185 0.1536717 2.036741 0.2072806 -0.03309135 2.074279 0.1577938 0.1032129 2.345164 0.1578005 0.03755048 2.330598 0.08876946 -0.03882298 2.330619 0.2261501 -0.03780705 2.325475 0.06247516 -0.5231006 2.464103 0.3031768 -0.5350923 2.44769 0.04283102 -0.8745811 2.551809 0.3379431 -0.8741864 2.487246 -0.003073308 -0.9324138 2.526155 0.3793334 -0.9449872 2.434735
0.1184781 0.6309689 2.325716 0.1605795 0.4351421 2.33278 -0.01468048 0.3301 2.294841 0.3221391 0.3321429 2.2999 -0.07916611 0.1835932 2.133434 0.3966793 0.1411515 2.205679 0.1063684 0.1426424 2.04016 0.2906131 0.00205268 2.101585 0.1727286 0.1532306 2.034562 0.244308 -0.04509312 2.089738 0.1576049 0.1041366 2.344548 0.1576343 0.03899755 2.329781 0.08907758 -0.03641461 2.328626 0.2256509 -0.03638237 2.324843 0.06224795 -0.5230694 2.463733 0.303264 -0.5354626 2.447484 0.04077444 -0.8762479 2.555378 0.338453 -0.8749182 2.486798 -0.008418893 -0.9351228 2.554888 0.3795146 -0.945578 2.435374
0.1183076 0.6311354 2.326047 0.1603873 0.4351752 2.332715 -0.01447605 0.330206 2.294575 0.3226529 0.3326987 2.301171 -0.07906139 0.1832335 2.132252 0.4032336 0.1422921 2.208456 0.1064 0.1417849 2.037745 0.2932627 0.003231838 2.10907 0.174528 0.152909 2.03089 0.2797036 -0.0006268787 2.115344 0.1575772 0.1049846 2.343843 0.1577499 0.04017187 2.328814 0.08958883 -0.03514973 2.326634 0.2256215 -0.03529089 2.324206 0.06206123 -0.5235165 2.463643 0.3033116 -0.5356693 2.447219 0.04030292 -0.8769231 2.557102 0.3366956 -0.8766894 2.487499 -0.01734785 -0.9412714 2.540937 0.3807947 -0.9460829 2.435257
0.1187995 0.6314586 2.327041 0.1603715 0.4351834 2.332721 -0.01409676 0.3300849 2.293993 0.323139 0.3333072 2.30273 -0.07904857 0.1829647 2.130962 0.4147992 0.1511617 2.217979 0.1049223 0.1397752 2.033065 0.300868 0.01525098 2.118715 0.1744969 0.1503541 2.023813 0.2824683 0.02461756 2.126509 0.1577152 0.104639 2.343175 0.1580807 0.03967994 2.327665 0.09022946 -0.03629228 2.323815 0.2258594 -0.03553478 2.323521 0.06216346 -0.5236936 2.463545 0.3032306 -0.5355913 2.446958 0.04037312 -0.876839 2.55671 0.336999 -0.8774553 2.487717 -0.01462911 -0.9391372 2.526546 0.3808246 -0.9462602 2.434934
0.1195412 0.632323 2.328499 0.1603529 0.4351429 2.332689 -0.01391937 0.3301107 2.293503 0.3234014 0.3348859 2.304996 -0.0787484 0.1819292 2.129967 0.425479 0.1615673 2.224707 0.09967856 0.1398907 2.028657 0.3064826 0.0296358 2.126109 0.1730433 0.1469298 2.017394 0.2475472 0.004721081 2.105784 0.1582072 0.1045728 2.342672 0.1588959 0.03965994 2.326796 0.09185512 -0.03679816 2.321569 0.2264786 -0.03533907 2.323204 0.06239496 -0.5239677 2.463118 0.3031054 -0.5355211 2.446365 0.04118721 -0.8761247 2.555881 0.337823 -0.8788017 2.487185 -0.01297114 -0.9383254 2.525273 0.3815495 -0.9469131 2.435201
0.1196393 0.632433 2.328643 0.1601223 0.4350951 2.332712 -0.01364976 0.329792 2.292667 0.3241353 0.3357016 2.307274 -0.07822988 0.1810161 2.128912 0.4262263 0.1624784 2.224828 0.100013 0.1363358 2.022466 0.2990215 0.04056121 2.123228 0.1745189 0.1467853 2.01251 0.2371109 0.02356783 2.103594 0.1583855 0.104711 2.342379 0.15942 0.03991633 2.326059 0.09297781 -0.03679592 2.31954 0.226923 -0.03503919 2.322971 0.06174045 -0.523978 2.462313 0.3030405 -0.5353686 2.446205 0.04137053 -0.8761103 2.555709 0.3381887 -0.878615 2.486769 -0.01336051 -0.937424 2.529978 0.3815793 -0.9469661 2.434937
0.1199775 0.633113 2.330105 0.1601353 0.4351233 2.332714 -0.01318375 0.3294673 2.291984 0.3246299 0.3362564 2.309583 -0.07818122 0.1806214 2.128381 0.4267848 0.1625666 2.224266 0.09910925 0.1338277 2.018576 0.2852829 0.06332859 2.116253 0.1762581 0.1437211 2.008109 0.2243949 0.04129451 2.098524 0.158732 0.1047717 2.341986 0.1600105 0.04000512 2.325193 0.09361719 -0.03686238 2.318253 0.2275148 -0.03477572 2.322339 0.06180498 -0.5240198 2.462198 0.3030289 -0.5352798 2.44617 0.04178809 -0.8759017 2.554614 0.3382584 -0.878645 2.486671 -0.01527333 -0.9386974 2.531373 0.3804267 -0.9467078 2.434044
0.120136 0.6333078 2.330453 0.1599137 0.4352543 2.332812 -0.01273813 0.329053 2.290996 0.3248182 0.3359706 2.310568 -0.07798238 0.1800055 2.12778 0.4284015 0.1641802 2.222754 0.09686621 0.1317754 2.015917 0.2696887 0.09005389 2.119138 0.1767625 0.1417707 2.006194 0.2459958 0.03146975 2.141804 0.1588214 0.1059919 2.341631 0.1603316 0.04167547 2.324211 0.09418261 -0.03512728 2.317116 0.2277564 -0.0328528 2.321252 0.06175131 -0.523948 2.461935 0.3032131 -0.535069 2.44589 0.04261151 -0.8746943 2.552938 0.3383483 -0.8787971 2.486782 -0.01569573 -0.9388523 2.530875 0.3807952 -0.9468201 2.43446
0.1201416 0.633347 2.330498 0.159881 0.4352029 2.33286 -0.01239634 0.3284414 2.290004 0.3248408 0.335898 2.311399 -0.07769114 0.1790379 2.127088 0.4306414 0.1702088 2.219197 0.09328645 0.1288208 2.013114 0.2658446 0.1163659 2.112173 0.1771356 0.1384403 2.003938 0.2109123 0.0984183 2.080926 0.1590289 0.1067896 2.341584 0.1607407 0.04286247 2.323615 0.09468099 -0.03403011 2.3165 0.2281345 -0.0313502 2.320554 0.06174949 -0.5240743 2.461885 0.3031926 -0.5350464 2.445861 0.04021906 -0.8772184 2.558185 0.3382845 -0.8789823 2.486423 -0.01829403 -0.9410139 2.535962 0.3795771 -0.9466192 2.433997
0.1200934 0.6334435 2.330574 0.1598484 0.4351884 2.332949 -0.01226127 0.3280521 2.289196 0.3248636 0.3362605 2.312025 -0.07729001 0.1778713 2.126107 0.4341414 0.1772984 2.213951 0.08915542 0.1259527 2.012454 0.2677552 0.1316706 2.105389 0.1494839 0.1103536 1.987468 0.2122931 0.1164613 2.07363 0.1593444 0.1083015 2.341611 0.1612481 0.04494604 2.323087 0.09541792 -0.03225615 2.315646 0.2284679 -0.0288953 2.32024 0.06174865 -0.5238231 2.461261 0.3031768 -0.5350578 2.445824 0.04088005 -0.8762001 2.556215 0.3381495 -0.8789599 2.486009 -0.02021076 -0.9413647 2.531922 0.3789811 -0.9463453 2.433812
0.1199614 0.6335058 2.330605 0.159785 0.4352317 2.333088 -0.01193704 0.3279534 2.288841 0.3250492 0.3385199 2.313881 -0.07715499 0.177521 2.126001 0.4351842 0.1830001 2.203592 0.08773385 0.1250234 2.012684 0.2564484 0.1682254 2.108581 0.1491411 0.1124463 1.988639 0.1968699 0.1633005 2.081339 0.1595977 0.1102063 2.341744 0.1617279 0.04739843 2.322697 0.09633064 -0.02964436 2.314609 0.2286898 -0.02628081 2.320297 0.0617667 -0.5237296 2.460773 0.3031078 -0.5350291 2.445805 0.03989001 -0.8771269 2.556411 0.3378288 -0.8777394 2.485496 -0.01708785 -0.9434795 2.519835 0.3791338 -0.9459398 2.435395
0.1197272 0.6336769 2.331333 0.1596336 0.4353381 2.333527 -0.01180711 0.327746 2.288489 0.3246953 0.3405636 2.314527 -0.07671493 0.1767151 2.125933 0.4363583 0.1882447 2.192648 0.08508392 0.1238894 2.013279 0.217985 0.1264308 2.039385 0.1468158 0.1113144 1.990079 0.1451939 0.1058262 1.992725 0.159556 0.1101331 2.342173 0.1618001 0.04731209 2.322652 0.09643214 -0.02978543 2.314387 0.2287816 -0.02634499 2.320316 0.06160517 -0.5238799 2.460462 0.303113 -0.5351267 2.445668 0.04013984 -0.8769339 2.555798 0.3377664 -0.8776776 2.485313 -0.01643555 -0.9417446 2.526318 0.3787303 -0.9459301 2.435014
0.1197194 0.633718 2.331657 0.1595987 0.4354993 2.333879 -0.01159305 0.3275854 2.288154 0.3252347 0.3429833 2.314179 -0.07638396 0.1758547 2.125988 0.4458192 0.1974308 2.178201 0.08579203 0.1211447 2.014982 0.2621519 0.2358111 2.104607 0.147356 0.1033847 1.994941 0.2009295 0.2486045 2.084504 0.1599051 0.1090969 2.342603 0.162315 0.04552887 2.322565 0.09654922 -0.03222443 2.313819 0.229842 -0.02811495 2.320593 0.06168692 -0.5242574 2.460157 0.3031784 -0.5351616 2.445738 0.03980058 -0.8784566 2.559396 0.3375771 -0.8763775 2.485545 -0.01828196 -0.9426785 2.52777 0.3787111 -0.9458237 2.435362
0.1200678 0.6338714 2.332587 0.1596126 0.4355476 2.3339 -0.01159606 0.3275691 2.288054 0.325558 0.3513795 2.315623 -0.07594265 0.1757237 2.126388 0.4483214 0.2012518 2.170906 0.0873062 0.1170953 2.019528 0.2377668 0.2562981 2.089195 0.1742815 0.09135396 2.024302 0.1675819 0.2746469 2.066385 0.1601163 0.1087358 2.342975 0.1626778 0.04500004 2.322566 0.09679454 -0.03305098 2.313589 0.230561 -0.02879132 2.320988 0.06170273 -0.5247657 2.459876 0.3032067 -0.5351072 2.445771 0.03907192 -0.879072 2.560624 0.3376152 -0.8752539 2.485331 -0.0226198 -0.9455953 2.529871 0.3782954 -0.9455239 2.435099
0.1201507 0.633961 2.332928 0.1592971 0.4359426 2.33438 -0.01157503 0.327582 2.288038 0.3248482 0.3623631 2.318223 -0.07554121 0.175429 2.126971 0.4516999 0.2082873 2.157461 0.0903729 0.1135005 2.027193 0.2675617 0.2582682 2.076408 0.1784334 0.09124204 2.027459 0.1810402 0.2859084 2.076862 0.1600678 0.1085845 2.343426 0.1628466 0.04478158 2.32263 0.09700969 -0.03346813 2.313487 0.2308692 -0.02895362 2.321229 0.06227125 -0.5234802 2.458357 0.3032604 -0.5350897 2.445757 0.03953584 -0.8767804 2.558699 0.3376406 -0.8748729 2.485307 -0.0024819 -0.9341903 2.543666 0.3780419 -0.9453998 2.43492
0.1199292 0.6342671 2.333938 0.1590138 0.4361878 2.334519 -0.01156072 0.3275753 2.288017 0.3243813 0.3626123 2.318202 -0.0750711 0.1751724 2.127444 0.4505883 0.2117351 2.146087 0.09224538 0.1123078 2.031111 0.2600229 0.2617342 2.063756 0.1798518 0.09376871 2.030614 0.1731288 0.2880946 2.065932 0.1600581 0.1079555 2.343797 0.1629002 0.04376255 2.322623 0.09704361 -0.03419509 2.313547 0.2309838 -0.0296989 2.32123 0.06222633 -0.5234458 2.458208 0.3032637 -0.5350868 2.445773 0.0395281 -0.8767919 2.558169 0.3365101 -0.8772898 2.486634 -0.01377261 -0.9367802 2.551958 0.3776496 -0.9457301 2.434199
0.1199235 0.6342938 2.334252 0.1590553 0.4365101 2.334827 -0.01152546 0.3275681 2.288038 0.323716 0.3645899 2.318732 -0.0744477 0.1748018 2.128365 0.4508802 0.218247 2.136229 0.09546974 0.1117494 2.035454 0.2536611 0.2625477 2.042757 0.1798542 0.0968143 2.035243 0.1674083 0.2906754 2.047172 0.1601233 0.107629 2.344199 0.1630288 0.04328316 2.322645 0.09711456 -0.03483059 2.31373 0.2310902 -0.02990249 2.321141 0.06240564 -0.5235484 2.458331 0.3033713 -0.5350138 2.445812 0.03967816 -0.8766634 2.558071 0.3364747 -0.8769181 2.48627 -0.01650889 -0.9401721 2.535903 0.3779918 -0.945537 2.434088
0.1199752 0.6343862 2.334608 0.1588862 0.4372151 2.336004 -0.01145514 0.3274201 2.288109 0.3223962 0.3661205 2.318791 -0.07374715 0.1743093 2.129232 0.4509048 0.2182142 2.123963 0.1007601 0.1108872 2.041531 0.2106576 0.2707694 2.007621 0.181519 0.09914507 2.042054 0.1590054 0.3084197 2.028157 0.1602191 0.1069457 2.344838 0.1631784 0.04231301 2.322792 0.0972711 -0.03568429 2.314137 0.2312021 -0.03039971 2.320932 0.0619337 -0.5237592 2.458409 0.303415 -0.5352228 2.445975 0.03842192 -0.8778864 2.561845 0.3362263 -0.8785051 2.488248 -0.01941175 -0.9409736 2.527201 0.3780369 -0.9455817 2.434308
0.1198405 0.6346058 2.335302 0.1591049 0.4375641 2.336343 -0.01142139 0.3274743 2.288418 0.3222511 0.3661423 2.318686 -0.07312731 0.1745342 2.131249 0.4499412 0.2194079 2.114443 0.1015519 0.1113176 2.04651 0.2943628 0.258995 1.986826 0.1800108 0.1012292 2.048835 0.2060387 0.2768223 1.975369 0.1604397 0.1065161 2.3454 0.1633954 0.04173994 2.322941 0.09737401 -0.03631386 2.314728 0.2314664 -0.03085574 2.320735 0.06188397 -0.5236496 2.458405 0.3033603 -0.5355125 2.446134 0.03925477 -0.8760475 2.558327 0.3360181 -0.8769305 2.487285 -0.01743942 -0.941494 2.524141 0.3782671 -0.9455459 2.434837
0.1197623 0.63458 2.335651 0.1596023 0.4377308 2.337052 -0.01139134 0.3273812 2.28868 0.322064 0.3663738 2.318257 -0.07319817 0.1741606 2.133393 0.4476188 0.2227345 2.109411 0.1025279 0.113793 2.054382 0.2245452 0.2665317 1.956765 0.1769891 0.1054255 2.058658 0.1601754 0.2603182 1.974796 0.1605619 0.1065162 2.345992 0.1634387 0.04181071 2.32305 0.09738871 -0.03610715 2.315216 0.2314658 -0.03079669 2.320672 0.06225311 -0.524083 2.459083 0.3034254 -0.5353979 2.446108 0.04122155 -0.8755519 2.556826 0.3360592 -0.8768839 2.48721 -0.01534579 -0.9391135 2.532928 0.3786314 -0.945604 2.43439
0.1196436 0.634505 2.335742 0.1596081 0.4376572 2.337081 -0.0115003 0.3271934 2.289044 0.3213772 0.3669766 2.315656 -0.07423131 0.175061 2.135945 0.4401793 0.2214733 2.100327 0.1038092 0.11699 2.061234 0.2168736 0.2555617 1.945359 0.1748418 0.1107835 2.065066 0.1518967 0.247502 1.9602 0.1608615 0.1061479 2.346455 0.163543 0.04146494 2.323118 0.09741314 -0.03654136 2.315516 0.2316438 -0.03109827 2.320554 0.06231954 -0.5238717 2.459431 0.3033948 -0.5354629 2.446313 0.04004614 -0.8780305 2.558709 0.3357424 -0.8760889 2.486605 -0.007628813 -0.9360597 2.526275 0.3780412 -0.945106 2.434118
0.1196438 0.6345257 2.336546 0.1596419 0.4376647 2.337149 -0.0115133 0.3270804 2.289693 0.321197 0.3674177 2.311398 -0.07448443 0.1750724 2.137444 0.4388894 0.2203932 2.096552 0.1055439 0.1200204 2.065823 0.2139727 0.2180598 1.940059 0.1739424 0.1159161 2.069581 0.1725821 0.2276515 1.911208 0.1612767 0.1060198 2.346852 0.1636129 0.04136258 2.323133 0.09742066 -0.03666639 2.315655 0.2318273 -0.03124127 2.320373 0.0624655 -0.5238496 2.459772 0.303418 -0.5354782 2.446347 0.04028927 -0.8765885 2.556327 0.3358869 -0.875939 2.486482 -0.01646125 -0.9403716 2.520649 0.3777643 -0.9448346 2.434008
0.1193331 0.6345425 2.336754 0.1601053 0.4374407 2.337363 -0.01172226 0.3269343 2.290434 0.3201995 0.3626381 2.303434 -0.07461573 0.1753476 2.138892 0.4382813 0.2164693 2.09113 0.1068778 0.1232405 2.069137 0.1820308 0.1427376 2.079019 0.1741637 0.1200835 2.072657 0.09661395 0.1181603 2.07941 0.1620584 0.1057202 2.34725 0.1637226 0.04113334 2.323145 0.0973903 -0.03684407 2.315792 0.2319888 -0.03147688 2.320169 0.06195809 -0.5235054 2.459945 0.303502 -0.5352986 2.446437 0.04031063 -0.8765476 2.556356 0.3361229 -0.8766243 2.487147 0.0009927563 -0.9333187 2.530582 0.3778681 -0.9448794 2.433764
0.1191978 0.6346882 2.337206 0.1607111 0.4373277 2.337611 -0.01209353 0.3264543 2.291296 0.3193689 0.3576042 2.299869 -0.07366352 0.1760115 2.140154 0.4325122 0.2148571 2.089272 0.1088291 0.1310916 2.067518 0.1751659 0.145307 2.082131 0.1712126 0.1299345 2.072071 0.08938382 0.1221236 2.084178 0.1625865 0.1049804 2.347659 0.1638374 0.04028469 2.323198 0.09718397 -0.0376021 2.31625 0.2321395 -0.03236384 2.319724 0.0618736 -0.5231534 2.46019 0.3035442 -0.5349854 2.446415 0.0409633 -0.8751932 2.55511 0.3359302 -0.8759111 2.486838 -0.02170561 -0.9411892 2.54965 0.3782603 -0.9447333 2.434642
0.1191598 0.6345499 2.33711 0.1607106 0.4373159 2.337595 -0.01245774 0.3259653 2.292148 0.3176907 0.3520356 2.296751 -0.07215784 0.1757746 2.140548 0.4242935 0.2102669 2.090607 0.1131038 0.1389111 2.071022 0.3089483 0.1426004 1.932544 0.1659509 0.1390696 2.077818 0.1899848 0.1503689 1.886087 0.1628027 0.1040528 2.347968 0.1637235 0.0390875 2.323262 0.09688744 -0.03842812 2.316862 0.2321072 -0.03354437 2.319305 0.0621453 -0.5235043 2.460898 0.3035787 -0.5349616 2.446558 0.04030218 -0.875457 2.554891 0.3361208 -0.8759902 2.486732 -0.02267752 -0.9423804 2.54728 0.3783126 -0.9449013 2.435295
0.1190749 0.6345383 2.337058 0.1607129 0.4373116 2.337568 -0.01294138 0.3256346 2.292906 0.3169839 0.3476513 2.294249 -0.07194684 0.1758759 2.141142 0.4153605 0.2019477 2.098946 0.1149635 0.1458558 2.073019 0.254849 0.1072954 1.91627 0.1708674 0.1447663 2.078584 0.2057143 0.1090876 1.894715 0.1630633 0.1042045 2.34827 0.1637595 0.03937923 2.323381 0.09705985 -0.03790997 2.317523 0.2320433 -0.03313021 2.319199 0.06210592 -0.5236065 2.461512 0.3036249 -0.5350668 2.446643 0.04070272 -0.8752752 2.554801 0.3368609 -0.8770961 2.487139 -0.02091388 -0.9415571 2.547038 0.3778631 -0.9448801 2.435297
0.1191044 0.6345463 2.33703 0.1608544 0.4372667 2.337461 -0.0132447 0.3253779 2.293611 0.3177079 0.3447983 2.2924 -0.07256138 0.1764456 2.141943 0.410599 0.1932092 2.114456 0.1145407 0.1470263 2.07415 0.3143691 0.09211415 1.96202 0.1724361 0.1455691 2.079053 0.1869393 0.05979514 1.906439 0.1632777 0.1043178 2.348502 0.163764 0.03959822 2.323462 0.09705719 -0.03763929 2.317971 0.231967 -0.03293625 2.319108 0.06213573 -0.5239108 2.463373 0.3036422 -0.5347822 2.446602 0.04077403 -0.8752818 2.554552 0.3363345 -0.8752571 2.486177 -0.02436089 -0.9446183 2.538106 0.3775287 -0.9443818 2.434935
0.1187288 0.6345476 2.336642 0.1609156 0.4372692 2.337354 -0.01349226 0.3256084 2.294165 0.318342 0.3432723 2.291584 -0.0686456 0.1763153 2.141363 0.4060598 0.1863458 2.127136 0.119188 0.1543342 2.072588 0.3156483 0.07298388 1.980366 0.1721628 0.1791939 2.072096 0.2377893 0.02477358 1.951942 0.1631891 0.1040387 2.348712 0.1634384 0.03919394 2.323584 0.09618471 -0.03822489 2.318894 0.2315195 -0.03378248 2.318776 0.0623836 -0.5239642 2.464311 0.3029627 -0.5349513 2.446722 0.04133367 -0.8752718 2.554002 0.3376338 -0.8749766 2.486467 -0.02500027 -0.9449154 2.533857 0.3779502 -0.9444568 2.434813
0.1189496 0.6345065 2.336638 0.1611405 0.4373262 2.337178 -0.01363414 0.3255433 2.29443 0.3190427 0.3413384 2.290079 -0.06860701 0.1763249 2.141344 0.4003824 0.1729102 2.137228 0.1187509 0.1549417 2.070758 0.3127244 0.03709179 2.011191 0.1828171 0.1741149 2.064825 0.2432949 -0.007260444 1.980505 0.1631604 0.1036741 2.348824 0.1631231 0.03865056 2.323619 0.09524328 -0.03885846 2.319388 0.2312758 -0.03476019 2.318459 0.06234341 -0.523826 2.46459 0.3033388 -0.53498 2.446426 0.04093272 -0.8762019 2.554981 0.3372936 -0.8763882 2.486732 -0.00797708 -0.9336742 2.539526 0.3790123 -0.9457142 2.433636
0.1189807 0.6343666 2.336115 0.1615182 0.4372369 2.336784 -0.01372424 0.3254457 2.294533 0.3204552 0.3389151 2.288554 -0.06986426 0.1765053 2.141578 0.3998829 0.1605657 2.145061 0.1162969 0.1555704 2.067062 0.3087336 0.01447485 2.035897 0.1807098 0.1732819 2.060386 0.2539167 -0.03307698 2.024237 0.1631543 0.1033171 2.348834 0.1628817 0.03818629 2.32361 0.09420785 -0.03947395 2.319774 0.2312772 -0.0358143 2.318158 0.06190377 -0.5243909 2.465276 0.3036787 -0.5350368 2.446228 0.04080499 -0.8764325 2.555209 0.3375661 -0.8789743 2.487013 -0.01824098 -0.941796 2.530117 0.379988 -0.9462873 2.43302
0.1190249 0.6343922 2.336085 0.1615994 0.436971 2.33624 -0.01373226 0.3254393 2.294598 0.3208779 0.3382404 2.288014 -0.07053487 0.1767105 2.141581 0.3987507 0.1544141 2.15587 0.1143509 0.1551977 2.063505 0.3149041 -0.003837779 2.060308 0.1790509 0.1706596 2.054443 0.2465256 -0.05756487 2.034075 0.1628872 0.1028818 2.348621 0.1624744 0.03771607 2.323416 0.09322632 -0.03982443 2.31973 0.2311237 -0.03658253 2.317817 0.06189169 -0.5244465 2.465322 0.3039016 -0.5355929 2.446015 0.0408058 -0.8764002 2.555147 0.3373278 -0.879388 2.486972 -0.01958267 -0.9425113 2.528209 0.37946 -0.9459815 2.432472
0.1189746 0.6343606 2.335957 0.1617322 0.4368616 2.335768 -0.01373626 0.3254471 2.294608 0.3210816 0.3378228 2.287797 -0.07157548 0.1766355 2.140948 0.4033198 0.15085 2.167038 0.1122756 0.1541982 2.060293 0.3144655 -0.005409002 2.072936 0.1771489 0.1681969 2.050156 0.2858981 -0.0418898 2.089461 0.1627226 0.1025779 2.348358 0.1622238 0.03737686 2.323175 0.09261963 -0.03999681 2.319525 0.231084 -0.03715052 2.317495 0.06206602 -0.5240533 2.465096 0.3040502 -0.5352772 2.445678 0.04019921 -0.8756277 2.552054 0.3372286 -0.8803647 2.487742 -0.02673282 -0.9446004 2.549253 0.3793482 -0.946 2.432435
0.1195747 0.6339721 2.335182 0.161655 0.4365958 2.334976 -0.0137303 0.3257206 2.294641 0.3212716 0.3374391 2.287663 -0.07198755 0.1768775 2.140574 0.4050342 0.1481829 2.17571 0.1103553 0.1536033 2.056207 0.3107752 -0.007245943 2.086265 0.1756978 0.1659762 2.047014 0.2709839 -0.06100597 2.080456 0.1625077 0.1023478 2.348014 0.1619829 0.03713926 2.322955 0.09220268 -0.04006574 2.319344 0.2310034 -0.03752073 2.317305 0.06241297 -0.523939 2.465168 0.3043751 -0.5356313 2.445454 0.04040222 -0.8754883 2.552079 0.337554 -0.879782 2.486623 -0.02368372 -0.942553 2.543988 0.3795666 -0.9461498 2.433128
0.1206596 0.6337122 2.333966 0.1615157 0.4360781 2.334076 -0.01366027 0.3259055 2.29462 0.3219553 0.3369896 2.287707 -0.07275943 0.177599 2.140139 0.4092005 0.1464019 2.183129 0.1086305 0.153602 2.053608 0.3156535 -0.01121566 2.097395 0.1741737 0.1652957 2.044973 0.2710323 -0.05866981 2.081139 0.1622688 0.102119 2.347516 0.1617528 0.03693896 2.322645 0.09175363 -0.04022038 2.319026 0.2309647 -0.03783607 2.317029 0.06242977 -0.5238944 2.465108 0.3044376 -0.5353633 2.445008 0.04021419 -0.8749015 2.552475 0.3372481 -0.8805684 2.486919 -0.0203659 -0.9399344 2.537505 0.3807565 -0.9465004 2.43274
0.1212075 0.6338191 2.3339 0.1616718 0.4362386 2.333156 -0.01357376 0.3259216 2.294446 0.3222178 0.336812 2.28781 -0.07361066 0.1784063 2.139208 0.412228 0.1509681 2.191891 0.1066421 0.1532484 2.050298 0.3203986 -0.006379262 2.103425 0.1724051 0.1646341 2.043032 0.2867348 -0.03069926 2.09539 0.1622038 0.1018856 2.346967 0.1616829 0.03661078 2.32231 0.09156679 -0.0404681 2.318714 0.2310322 -0.03819107 2.316811 0.0626567 -0.524044 2.465114 0.3045854 -0.5351806 2.444686 0.04028982 -0.8749025 2.552454 0.338618 -0.8809235 2.487178 -0.02078749 -0.9431423 2.523464 0.381464 -0.9469438 2.433156
0.1215316 0.6340123 2.333658 0.1619937 0.4366013 2.332212 -0.01347213 0.32605 2.294194 0.3226029 0.3366865 2.288055 -0.07423024 0.1785952 2.138004 0.4159666 0.1534899 2.202098 0.106212 0.1524926 2.04787 0.3242683 -0.0006659627 2.107141 0.1730549 0.1640886 2.041102 0.2774972 -0.04502204 2.088375 0.1620995 0.1018672 2.346359 0.161573 0.03651043 2.321962 0.09135034 -0.04050577 2.318405 0.2309841 -0.03836876 2.316516 0.06275728 -0.5240494 2.465093 0.3042369 -0.535113 2.444472 0.04018873 -0.8748812 2.552212 0.3387169 -0.8803377 2.486885 -0.02018841 -0.9428518 2.522978 0.3812605 -0.9469035 2.433736
0.1221497 0.6338739 2.333251 0.1621598 0.4365526 2.331721 -0.0132786 0.326312 2.29365 0.322915 0.3364679 2.288533 -0.07496205 0.1790479 2.136478 0.4202609 0.156612 2.207931 0.1055026 0.1520005 2.045079 0.3273953 0.004530564 2.110444 0.1738955 0.1631979 2.038825 0.2878543 -0.0274105 2.097558 0.161899 0.1016765 2.345744 0.1613906 0.03628798 2.321549 0.0910189 -0.04062604 2.317924 0.2308669 -0.03864623 2.316195 0.06285194 -0.5240163 2.465122 0.3040333 -0.5337508 2.443585 0.0402097 -0.8749243 2.552215 0.3375899 -0.8794091 2.488073 -0.01951467 -0.943072 2.522085 0.3815697 -0.9469448 2.433182
0.1227643 0.6338905 2.332914 0.1621401 0.4365498 2.331054 -0.0130688 0.3264006 2.292942 0.3233183 0.3362098 2.289045 -0.07526472 0.1790378 2.134445 0.4210119 0.1566221 2.209404 0.1047735 0.1511659 2.042719 0.3278468 0.005109847 2.111225 0.1740467 0.161867 2.036428 0.2876237 -0.02663618 2.09777 0.1617664 0.1015206 2.345145 0.1613473 0.03609018 2.32121 0.09092038 -0.04076155 2.317551 0.2309151 -0.03888502 2.315983 0.06289863 -0.5239406 2.465025 0.3039479 -0.5344837 2.443492 0.04029611 -0.8748856 2.552301 0.3387097 -0.8793175 2.488169 -0.01965921 -0.9432895 2.517662 0.382646 -0.9471889 2.433931
0.1228062 0.6337678 2.332375 0.1625715 0.4364649 2.330876 -0.01274454 0.3264578 2.292232 0.3239063 0.3362859 2.289829 -0.07533237 0.179115 2.133119 0.4216453 0.1563452 2.21016 0.1035479 0.1501302 2.039235 0.3279603 0.005270571 2.111774 0.1744041 0.1607445 2.033306 0.2878063 -0.02590122 2.097975 0.1618205 0.1014246 2.344652 0.1614651 0.0360048 2.320855 0.09095876 -0.04079493 2.317072 0.2310703 -0.0390359 2.315619 0.06270857 -0.5236487 2.464517 0.3039539 -0.5344319 2.443421 0.04068278 -0.8740593 2.551902 0.3376141 -0.8807787 2.488796 -0.01798703 -0.9417565 2.521837 0.3826063 -0.9471365 2.433601
0.1230185 0.6338252 2.332342 0.1625894 0.4365039 2.330815 -0.01262429 0.3265541 2.291751 0.3242526 0.3363367 2.29066 -0.07515218 0.1773345 2.129927 0.4223735 0.1557781 2.212156 0.1028342 0.1496824 2.03665 0.3283737 0.005725965 2.112321 0.1752194 0.1599652 2.030612 0.2878495 -0.02545348 2.098024 0.1616941 0.1013667 2.34429 0.1614152 0.03593086 2.320578 0.09082143 -0.04078472 2.316586 0.2310788 -0.03918599 2.315403 0.06242684 -0.5236778 2.463572 0.3040614 -0.5344573 2.443078 0.04147057 -0.8728648 2.552197 0.3376103 -0.8788952 2.485809 -0.0187866 -0.941433 2.52253 0.3825452 -0.9470379 2.433578
0.1230626 0.6338034 2.332244 0.1625652 0.4363576 2.330679 -0.01253794 0.3264729 2.291053 0.3248321 0.3361873 2.291744 -0.07502312 0.1769779 2.128528 0.4232363 0.1576491 2.215414 0.102209 0.1492831 2.033609 0.3299321 0.007578209 2.114863 0.1756673 0.1588514 2.028038 0.2878448 -0.0251501 2.098208 0.1615392 0.1011612 2.343902 0.1613875 0.03573767 2.320269 0.09069889 -0.04106808 2.315918 0.2311447 -0.03941718 2.315245 0.06281105 -0.5237275 2.46238 0.3038111 -0.5322337 2.442357 0.04140459 -0.8725127 2.551826 0.3371721 -0.8798342 2.48594 -0.02495918 -0.94398 2.538887 0.3825774 -0.9470094 2.433353
0.1231392 0.6337252 2.33206 0.1624024 0.4362876 2.330303 -0.01216306 0.3265935 2.290369 0.3253414 0.3360152 2.292611 -0.07504458 0.1765387 2.127318 0.4235545 0.1587993 2.217499 0.1034129 0.1484547 2.031293 0.3305499 0.00853467 2.116962 0.176079 0.1578434 2.026092 0.2876625 -0.02461244 2.099023 0.1613051 0.1009799 2.34324 0.1612754 0.03556081 2.319641 0.09056402 -0.04115711 2.314797 0.2311226 -0.03961977 2.31494 0.06271422 -0.5238454 2.462065 0.3038105 -0.5323963 2.442339 0.04173603 -0.8721731 2.550699 0.3371937 -0.8795565 2.485436 -0.02221115 -0.9437095 2.528962 0.3819351 -0.9468086 2.433145
