0.1306169 0.6192202 2.322002 0.08804321 0.4517887 2.355725 0.05303743 0.3075549 2.254429 0.2171203 0.3452647 2.597682 0.03684175 0.04068133 2.172214 0.2860017 0.1801208 2.665346 0.09453402 -0.1695165 2.162296 0.4342053 0.2618583 2.541958 0.1071883 -0.2523035 2.171781 0.4435377 0.2539106 2.540435 0.1430838 0.07842282 2.388785 0.1540854 0.004931744 2.39821 0.1217628 -0.04118384 2.381905 0.1981385 -0.02992317 2.420039 0.08342315 -0.5275244 2.435261 0.2153265 -0.5284309 2.661328 -0.001281528 -0.8896988 2.49177 0.1855745 -0.8465914 2.710054 0.05049545 -0.9438488 2.457213 0.2497648 -0.8796744 2.699821
0.1329977 0.6193471 2.322201 0.08805602 0.4517427 2.355753 0.05301547 0.3075271 2.254379 0.2171331 0.3452188 2.597709 0.03638791 0.04070887 2.172035 0.2870379 0.1809197 2.666096 0.09270429 -0.1693045 2.161576 0.4473319 0.2708184 2.569175 0.104891 -0.2524815 2.170569 0.4514446 0.2547534 2.558993 0.1432693 0.07862748 2.388129 0.1543275 0.005086442 2.397358 0.1218698 -0.04115321 2.38166 0.1987304 -0.02923109 2.417509 0.08347206 -0.5275094 2.435384 0.215426 -0.5236694 2.66079 -0.001376155 -0.889788 2.491813 0.188724 -0.8404425 2.702816 0.04996501 -0.9436382 2.457991 0.1880338 -0.9005769 2.661551
0.1339013 0.6190258 2.322149 0.08822919 0.451436 2.355368 0.05285094 0.307445 2.25426 0.2173063 0.3449121 2.597324 0.03596931 0.04069057 2.171689 0.2797792 0.2237634 2.72037 0.09163766 -0.1692476 2.161141 0.4423674 0.242601 2.588862 0.103778 -0.2523651 2.17006 0.4663631 0.2495229 2.588774 0.1434982 0.07923479 2.386976 0.1545538 0.005759461 2.396134 0.1219824 -0.04085941 2.380592 0.199138 -0.02864176 2.416315 0.08410072 -0.5276483 2.436522 0.2156007 -0.524728 2.660469 -0.001443799 -0.8897915 2.491983 0.1870779 -0.8533359 2.711449 0.05001374 -0.9436215 2.457716 0.2703962 -0.8934451 2.745898
0.134931 0.6186497 2.32173 0.08806412 0.4512726 2.354977 0.05265995 0.3073395 2.254086 0.2171412 0.3447486 2.596933 0.03549577 0.04065537 2.171269 0.2796339 0.225819 2.721749 0.09035999 -0.1695902 2.160567 0.4566056 0.2415248 2.612527 0.1020905 -0.2515177 2.168798 0.4631236 0.2487617 2.610347 0.1438742 0.079498 2.386141 0.1550788 0.006001046 2.395257 0.12243 -0.04082345 2.380078 0.1999884 -0.02795966 2.414846 0.08434637 -0.5274323 2.43686 0.2162755 -0.5210038 2.657668 -0.001301066 -0.8900702 2.491428 0.1892622 -0.8455952 2.70521 0.04944161 -0.9434537 2.458596 0.2494688 -0.8854771 2.694989
0.1356678 0.61822 2.321784 0.08806655 0.4512787 2.354991 0.05262278 0.3073315 2.254047 0.2171436 0.3447548 2.596947 0.03545243 0.04066521 2.171144 0.2792906 0.2307358 2.72565 0.09001579 -0.1695805 2.160456 0.4677001 0.2412462 2.640504 0.10187 -0.2518995 2.168923 0.4660965 0.2498053 2.629905 0.1440498 0.08037855 2.385388 0.1552994 0.007001901 2.3943 0.1228009 -0.03994194 2.379027 0.2001312 -0.02706619 2.413916 0.08348445 -0.5279801 2.4343 0.2165671 -0.5214127 2.657703 -0.001360354 -0.8904119 2.492199 0.1830811 -0.8583103 2.713424 0.05027722 -0.9435446 2.458493 0.2468549 -0.8881159 2.69433
0.136164 0.6181385 2.321713 0.08818675 0.4511486 2.354915 0.05238608 0.30704 2.253658 0.2172638 0.3446247 2.596871 0.03553916 0.04030937 2.170957 0.2799248 0.2349149 2.728496 0.08999351 -0.1699259 2.160444 0.4733605 0.2478907 2.65874 0.1012844 -0.2534905 2.168695 0.5378391 0.2522159 2.639895 0.1444752 0.08064115 2.384735 0.1557853 0.007285742 2.393551 0.1232472 -0.03985162 2.378252 0.2007631 -0.02687676 2.413152 0.0833558 -0.5277278 2.433713 0.2169354 -0.5217711 2.658509 -0.001339302 -0.8895212 2.491095 0.1918667 -0.8445631 2.698838 0.05075993 -0.9436049 2.458444 0.2715064 -0.88687 2.738916
0.1377142 0.6183322 2.321837 0.08859266 0.4509265 2.354658 0.05244396 0.3069396 2.253502 0.2176697 0.3444025 2.596614 0.03553635 0.04020223 2.170847 0.2802499 0.2441747 2.736143 0.09004777 -0.170009 2.160451 0.4746373 0.2592181 2.670296 0.1013255 -0.2534557 2.168688 0.5357692 0.270251 2.645546 0.1450627 0.08085941 2.383959 0.1563877 0.007508901 2.392723 0.1236621 -0.0395711 2.378082 0.2016765 -0.02645524 2.410928 0.08051939 -0.5243092 2.426653 0.2169033 -0.5217794 2.658527 -0.001497263 -0.8892633 2.490237 0.1901609 -0.8444706 2.700616 0.04846509 -0.942567 2.457677 0.2683288 -0.8879952 2.742262
0.1393958 0.6182595 2.321243 0.08944355 0.4503111 2.353549 0.05277203 0.3067793 2.253209 0.2185206 0.3437871 2.595506 0.03567741 0.04002368 2.170692 0.2805528 0.2456354 2.736843 0.09039795 -0.1699182 2.160493 0.4762305 0.2739164 2.682477 0.1028714 -0.253047 2.168445 0.5359181 0.2924804 2.658726 0.1457806 0.07953931 2.383114 0.1571179 0.005808531 2.391948 0.1240685 -0.0403397 2.378243 0.2024612 -0.02846471 2.409083 0.08107188 -0.5245104 2.427603 0.2172075 -0.5216031 2.658577 -0.001444498 -0.8899441 2.490968 0.1911735 -0.8462655 2.698597 0.05008237 -0.9430951 2.458323 0.2469621 -0.8896501 2.723087
0.1401838 0.6184375 2.321223 0.090188 0.449735 2.352344 0.05314774 0.3065546 2.252816 0.2192651 0.3432111 2.5943 0.03598373 0.03975603 2.170519 0.2820247 0.2559598 2.742085 0.09129072 -0.1702459 2.160568 0.4772496 0.3024371 2.706286 0.1048562 -0.2513386 2.167671 0.5423246 0.3179295 2.698761 0.146025 0.07892609 2.382486 0.1572854 0.005116811 2.391431 0.1241319 -0.04053691 2.378336 0.2025613 -0.02933827 2.407679 0.07952793 -0.5227163 2.423576 0.217235 -0.5212472 2.658422 -0.003153445 -0.8891978 2.491378 0.1903282 -0.8449317 2.698471 0.04930212 -0.9408312 2.460534 0.2391615 -0.8959672 2.716671
0.1419966 0.617925 2.321764 0.09049439 0.4497069 2.351766 0.05392964 0.3061564 2.252283 0.2195714 0.343183 2.593722 0.03705477 0.03930184 2.17016 0.2822447 0.2599892 2.743945 0.09334567 -0.1712835 2.160859 0.4757265 0.3169084 2.720338 0.1058453 -0.2511502 2.167655 0.5383545 0.333379 2.703679 0.1460724 0.07815897 2.382015 0.1572555 0.004011405 2.390985 0.1241304 -0.04088665 2.378691 0.20221 -0.03069606 2.406075 0.08108359 -0.5222942 2.426585 0.2173248 -0.5226271 2.658423 -0.003228406 -0.8887266 2.490917 0.1908334 -0.8423784 2.697906 0.04872546 -0.9405314 2.460924 0.2415827 -0.8935211 2.709294
0.1435315 0.6173067 2.322589 0.09117644 0.4497287 2.351373 0.05460661 0.3060667 2.252128 0.2202535 0.3432047 2.593329 0.03857712 0.03915578 2.170012 0.2762479 0.2861171 2.781621 0.09505934 -0.1705818 2.16046 0.4683486 0.308839 2.710393 0.1073313 -0.2503105 2.167882 0.531574 0.3265643 2.697776 0.1464433 0.07784247 2.381886 0.1575972 0.003598132 2.390923 0.1245586 -0.04118627 2.37943 0.2025108 -0.03100205 2.405526 0.08069874 -0.5222283 2.425798 0.2181199 -0.5211633 2.657368 -0.00361099 -0.8888482 2.49106 0.1914308 -0.8435091 2.697772 0.04860155 -0.9405072 2.460999 0.2648395 -0.8916685 2.742848
0.1446805 0.6174639 2.323118 0.09165836 0.4497099 2.351143 0.05553641 0.3059089 2.251651 0.2207354 0.343186 2.593099 0.04051891 0.03895479 2.169449 0.2762337 0.2861477 2.781708 0.09773587 -0.1710152 2.161021 0.4733285 0.3300721 2.765554 0.1111712 -0.25058 2.168778 0.5390268 0.3447136 2.764576 0.1467678 0.07762432 2.381713 0.1578893 0.003329925 2.390784 0.124872 -0.04124355 2.379668 0.2027163 -0.03121152 2.405095 0.08052502 -0.5222253 2.42565 0.2180547 -0.5217014 2.657891 -0.00164456 -0.8879015 2.489657 0.1924942 -0.8412257 2.695369 0.0476038 -0.940605 2.460263 0.1898373 -0.905452 2.656156
0.1451682 0.6175709 2.323267 0.09254623 0.4500392 2.351873 0.05635775 0.3060767 2.251339 0.2216233 0.3435153 2.593829 0.04376145 0.03928778 2.167761 0.2762536 0.2980849 2.799975 0.1014742 -0.1713423 2.161041 0.4741537 0.3304367 2.76279 0.1164482 -0.2491549 2.169176 0.5401204 0.3412206 2.754802 0.1470023 0.07760145 2.381717 0.1580652 0.0032717 2.390747 0.1251678 -0.04107317 2.380122 0.2029195 -0.03126839 2.404545 0.08052737 -0.5221158 2.425478 0.2184823 -0.5226198 2.658544 -0.00169469 -0.8882722 2.488789 0.192566 -0.8410338 2.695345 0.04724197 -0.9410807 2.460825 0.2697558 -0.8845366 2.735846
0.1455057 0.617604 2.32344 0.09302238 0.4503981 2.352179 0.05810753 0.3061995 2.251277 0.2220995 0.3438742 2.594135 0.04654729 0.04138416 2.166778 0.2760929 0.2997158 2.80174 0.1068091 -0.1700455 2.160641 0.4724277 0.3469715 2.790914 0.1226169 -0.2479791 2.169983 0.5378726 0.3627235 2.791713 0.1472337 0.07748682 2.381717 0.1582932 0.003058696 2.390719 0.1254788 -0.04110134 2.380519 0.2030285 -0.03130929 2.404186 0.08044893 -0.5217342 2.424873 0.2184974 -0.522625 2.658548 -0.001639723 -0.8884051 2.488878 0.1926042 -0.840789 2.695487 0.04673207 -0.9412941 2.461423 0.2676228 -0.8835784 2.733124
0.1463664 0.6174157 2.323523 0.0935721 0.4507428 2.352354 0.05929157 0.3065408 2.251185 0.2226492 0.344219 2.59431 0.04887955 0.03993858 2.166652 0.2729151 0.3144491 2.831945 0.1136279 -0.1703626 2.16099 0.4685319 0.3472085 2.780661 0.1287815 -0.2474423 2.169565 0.5548851 0.3719323 2.76989 0.1474061 0.07672041 2.381757 0.1583734 0.00175003 2.390753 0.1254619 -0.04197668 2.380384 0.202936 -0.03265896 2.404554 0.08055394 -0.5217071 2.424869 0.2184878 -0.5227957 2.658238 -0.002072345 -0.8892503 2.490534 0.1833292 -0.8602208 2.716294 0.04681007 -0.9418712 2.462187 0.2569906 -0.9028012 2.766304
0.1471022 0.6172056 2.323415 0.09508894 0.4507839 2.352225 0.05983896 0.306813 2.251175 0.224166 0.34426 2.594181 0.05045746 0.04010203 2.166567 0.273681 0.317236 2.833282 0.1176389 -0.1716971 2.161552 0.4699454 0.3587943 2.796767 0.1348817 -0.2469992 2.16932 0.554104 0.3918001 2.80028 0.1476097 0.07651672 2.381737 0.1584598 0.001542248 2.390749 0.1253372 -0.04220609 2.380967 0.2031291 -0.032967 2.404086 0.08119539 -0.5226058 2.42623 0.2185887 -0.5227972 2.657626 -0.003041469 -0.8894688 2.492432 0.1924835 -0.8457915 2.699923 0.04756859 -0.942015 2.46212 0.2087895 -0.9089312 2.667236
0.1476749 0.617501 2.323386 0.09568946 0.4515334 2.352057 0.06044877 0.3071105 2.25127 0.2247666 0.3450095 2.594013 0.05227894 0.04036739 2.166602 0.2735133 0.3209583 2.834217 0.1217087 -0.1726873 2.162167 0.4635768 0.3806414 2.854231 0.1422868 -0.2472272 2.171042 0.5269313 0.4005357 2.86531 0.1477099 0.07708708 2.381623 0.1584502 0.002122471 2.390651 0.1252904 -0.04140979 2.381281 0.2029154 -0.03191205 2.403555 0.08085629 -0.5226712 2.425303 0.2183205 -0.5251265 2.659532 -0.003066088 -0.8896003 2.492344 0.1915272 -0.8454738 2.699957 0.04694701 -0.9418178 2.46146 0.2538037 -0.8816559 2.711516
0.1488319 0.6175944 2.323512 0.09730303 0.45169 2.351943 0.06166711 0.3076445 2.251229 0.2263801 0.3451661 2.593899 0.0540589 0.04269434 2.166071 0.2741215 0.3305352 2.8366 0.1241289 -0.1721852 2.161947 0.4626355 0.3824168 2.87401 0.1457113 -0.2468532 2.171699 0.5254735 0.3997107 2.890887 0.1478834 0.07620043 2.381573 0.1583591 0.0008367482 2.390617 0.1246827 -0.04282533 2.381098 0.2029346 -0.03345782 2.40382 0.08080786 -0.5224212 2.425119 0.2187855 -0.5256335 2.660432 -0.003128134 -0.8895282 2.492531 0.192205 -0.8426261 2.697455 0.04691859 -0.9413461 2.462205 0.2509517 -0.8835964 2.711297
0.150095 0.6176361 2.323919 0.09856191 0.4521204 2.352517 0.06238335 0.3079437 2.251139 0.227639 0.3455965 2.594473 0.05575914 0.04192119 2.166192 0.2741939 0.3330707 2.837494 0.1273377 -0.1729007 2.161518 0.4558932 0.3825459 2.897296 0.148587 -0.2456106 2.171066 0.5164596 0.3990377 2.921637 0.1482877 0.07611649 2.381551 0.1586294 0.000732943 2.390551 0.1247849 -0.04292344 2.38116 0.203334 -0.03349621 2.403528 0.08064692 -0.5226648 2.425011 0.2190562 -0.5264354 2.661411 -0.003220381 -0.8894643 2.492623 0.1898745 -0.8455778 2.702964 0.05020434 -0.9430483 2.455235 0.2319461 -0.9052951 2.716345
0.1505783 0.6176504 2.32388 0.09911582 0.452313 2.352459 0.06332417 0.3079193 2.250965 0.228193 0.3457891 2.594415 0.05741017 0.04291867 2.166564 0.2741307 0.3338364 2.837576 0.12971 -0.1721834 2.161014 0.4518305 0.3843917 2.905986 0.1504864 -0.2458131 2.171222 0.5110638 0.4012435 2.933197 0.1488335 0.07677954 2.381251 0.1591226 0.001551869 2.39019 0.1252757 -0.04225779 2.380775 0.2037171 -0.03244606 2.40325 0.08081035 -0.5227084 2.424317 0.2191554 -0.5262869 2.661539 -0.003354599 -0.8895566 2.492898 0.1904679 -0.8430607 2.699059 0.04932301 -0.9422418 2.456333 0.2027882 -0.9031524 2.659585
0.1516597 0.6174101 2.324029 0.09988824 0.4521444 2.35255 0.06391792 0.3079071 2.250922 0.2289654 0.3456205 2.594506 0.05957637 0.04150601 2.166756 0.2743105 0.3339986 2.837789 0.1323552 -0.1727187 2.160675 0.4478369 0.385558 2.914172 0.1526885 -0.2454718 2.171294 0.5056791 0.4027445 2.944041 0.1494683 0.07761168 2.381047 0.159729 0.002750415 2.389895 0.1260579 -0.04087384 2.380399 0.2040571 -0.0315109 2.403076 0.08077726 -0.5224865 2.423609 0.219184 -0.5268187 2.661523 -0.002980159 -0.8895555 2.492427 0.1908588 -0.8427715 2.698677 0.04935188 -0.9422439 2.456318 0.2477462 -0.8882083 2.703202
0.1520277 0.617609 2.324464 0.1013496 0.4525097 2.352743 0.06471196 0.3079403 2.250979 0.2304267 0.3459858 2.594699 0.06070961 0.04250312 2.167349 0.2750504 0.3347442 2.838125 0.1350035 -0.1737814 2.160613 0.4483101 0.3849637 2.915788 0.1553131 -0.2451938 2.171576 0.5060633 0.4017036 2.946083 0.1498671 0.07728217 2.381172 0.1600025 0.002303277 2.390032 0.1261375 -0.0413412 2.381575 0.204516 -0.03217263 2.402456 0.08074506 -0.5226048 2.423476 0.2194022 -0.5270075 2.661774 -0.002207442 -0.8891152 2.491326 0.1908047 -0.8424854 2.698718 0.04807505 -0.9416806 2.455992 0.2472727 -0.8884953 2.702696
0.1522076 0.6175966 2.324526 0.1019493 0.4523797 2.353271 0.06491293 0.3079792 2.250891 0.2310265 0.3458558 2.595227 0.06133443 0.04295455 2.167577 0.2752265 0.3348838 2.838742 0.1355299 -0.1735033 2.160597 0.4489089 0.3818677 2.917335 0.1556834 -0.2448623 2.171718 0.506803 0.397529 2.94794 0.1501369 0.07758428 2.381168 0.160217 0.002703217 2.389952 0.1264073 -0.0408353 2.381361 0.2046079 -0.03194458 2.402434 0.08084916 -0.5228861 2.42344 0.2194385 -0.5270531 2.661712 -0.002438043 -0.8892356 2.490175 0.1880836 -0.8437999 2.703631 0.04800859 -0.9416389 2.456059 0.2373482 -0.897375 2.708519
0.153131 0.6178461 2.324663 0.1028534 0.4526578 2.353459 0.06567553 0.3080644 2.250921 0.2319306 0.3461339 2.595415 0.06221605 0.04397896 2.167723 0.2761409 0.3338061 2.838875 0.1360162 -0.173576 2.160657 0.4554382 0.3910205 2.899029 0.15609 -0.2452203 2.171976 0.5170851 0.3930111 2.924852 0.1503404 0.07779427 2.381274 0.1603078 0.002884274 2.390043 0.126558 -0.04033768 2.381841 0.2046084 -0.03182904 2.402375 0.08090819 -0.5228831 2.42345 0.219608 -0.527038 2.660515 -0.003234035 -0.8893148 2.4906 0.1891389 -0.8446251 2.702913 0.04680664 -0.9411329 2.456232 0.2678864 -0.8910435 2.740125
0.1534775 0.617898 2.324883 0.1034592 0.4526981 2.353833 0.06626427 0.3081234 2.250997 0.2325363 0.3461742 2.595789 0.0625516 0.04417622 2.167985 0.2763785 0.333139 2.839283 0.1361333 -0.1734247 2.160814 0.4560044 0.3480713 2.917266 0.1563409 -0.2456022 2.172318 0.5158798 0.3530488 2.947668 0.1503227 0.07711386 2.381646 0.160061 0.001881463 2.390491 0.1261799 -0.04097998 2.38236 0.204191 -0.03317364 2.402698 0.08182874 -0.5232599 2.424971 0.2198918 -0.5269934 2.660929 -0.002644444 -0.8889351 2.490042 0.1901047 -0.843113 2.701978 0.04681107 -0.9412564 2.457395 0.2017914 -0.9025139 2.661283
0.1540512 0.6181582 2.325406 0.1041292 0.4529805 2.354488 0.06681801 0.3081188 2.251071 0.2332063 0.3464566 2.596444 0.06330385 0.04281646 2.168334 0.2765839 0.3330097 2.839999 0.136198 -0.1734546 2.160878 0.4570876 0.3465836 2.91646 0.1566095 -0.246066 2.17236 0.5180455 0.3696257 2.931428 0.1504019 0.07646395 2.382123 0.1599781 0.0009407479 2.391003 0.125967 -0.04166023 2.38304 0.2040016 -0.03426773 2.402973 0.08274415 -0.5231047 2.426069 0.2200299 -0.5308 2.662145 -0.003121459 -0.8890624 2.490369 0.1903186 -0.8435043 2.700453 0.04738782 -0.9414048 2.457455 0.2651453 -0.8918098 2.742978
0.1541979 0.6182106 2.325514 0.1042435 0.4530197 2.354523 0.06703539 0.3081394 2.251138 0.2333207 0.3464958 2.596479 0.06347472 0.04322594 2.1684 0.2764704 0.3326724 2.840058 0.136182 -0.1734293 2.160958 0.4683799 0.3467885 2.888335 0.1566019 -0.2460626 2.172408 0.5222149 0.3791456 2.911264 0.1505283 0.07690499 2.382462 0.1600589 0.001560899 2.391442 0.1260307 -0.04104886 2.38369 0.2040208 -0.03340354 2.403347 0.08265565 -0.5231169 2.42603 0.2200967 -0.5307083 2.662497 -0.003135626 -0.8890907 2.490371 0.1901569 -0.8431389 2.70032 0.04712125 -0.9413264 2.458719 0.2671913 -0.8897389 2.740761
0.1545696 0.6185917 2.325945 0.1044969 0.453013 2.35458 0.06720681 0.3081189 2.251156 0.2335741 0.3464892 2.596537 0.06370407 0.04214824 2.168519 0.2765842 0.3323276 2.840126 0.1364263 -0.1742027 2.161285 0.4709847 0.3396967 2.881372 0.1576131 -0.2465986 2.171708 0.5286646 0.3688517 2.898519 0.1505396 0.07713927 2.382595 0.1599893 0.001914053 2.391606 0.1260049 -0.04079317 2.383693 0.2038018 -0.03307809 2.403759 0.08512643 -0.5235935 2.430965 0.2201827 -0.5308736 2.662705 -0.003141822 -0.8890883 2.490368 0.1913381 -0.8419464 2.698087 0.04734556 -0.9415274 2.45852 0.2680386 -0.8875915 2.740221
0.1547658 0.6186816 2.326137 0.104575 0.4529831 2.354765 0.06734604 0.308039 2.251148 0.2336521 0.3464592 2.596722 0.06370525 0.042139 2.168519 0.2764514 0.332088 2.84034 0.1350401 -0.1727078 2.162047 0.4764009 0.3093907 2.844993 0.1566611 -0.2466651 2.172412 0.5392371 0.3310139 2.852401 0.1505127 0.07698902 2.382874 0.1599167 0.001739329 2.39189 0.1258211 -0.04122986 2.384366 0.20376 -0.03307156 2.403816 0.08403842 -0.5229006 2.428337 0.2200071 -0.5308453 2.662686 -0.002651716 -0.8904995 2.492166 0.1911317 -0.8417832 2.69765 0.05039285 -0.9430637 2.456302 0.2681143 -0.8864481 2.740324
0.1547632 0.6187069 2.326135 0.1045868 0.4528967 2.354495 0.06759444 0.3078574 2.251264 0.233664 0.3463729 2.596451 0.06316805 0.04335741 2.168554 0.2760883 0.3314401 2.840104 0.1346108 -0.1723449 2.162925 0.4763641 0.3050472 2.829916 0.1553031 -0.2463534 2.173528 0.5401753 0.3249764 2.831206 0.1504018 0.07689916 2.3829 0.1597326 0.001622311 2.391966 0.1256833 -0.04139107 2.384463 0.2033812 -0.03305503 2.403929 0.08265865 -0.5232295 2.426939 0.2203445 -0.5270587 2.66257 -0.002350828 -0.8911477 2.493328 0.1908297 -0.8426796 2.697381 0.05159416 -0.9435849 2.453903 0.2666466 -0.8885612 2.740851
0.1548153 0.61892 2.326399 0.1045222 0.4529044 2.354438 0.06762067 0.3078139 2.251423 0.2335994 0.3463805 2.596395 0.06299167 0.04319387 2.1686 0.2756322 0.3312709 2.840104 0.1334936 -0.1722187 2.163762 0.472831 0.2964886 2.800035 0.1535991 -0.246303 2.174308 0.538564 0.2848945 2.791086 0.150357 0.07681809 2.382954 0.1596771 0.001509076 2.392051 0.1256352 -0.04146097 2.38465 0.2033157 -0.03312295 2.403939 0.08216215 -0.5234952 2.426703 0.219401 -0.5295019 2.662432 -0.002591122 -0.8910871 2.493507 0.1911204 -0.842145 2.69715 0.05208693 -0.9438319 2.45322 0.2671678 -0.8874888 2.740787
0.1542087 0.6186503 2.32654 0.1045321 0.4527502 2.354838 0.06727275 0.3080467 2.251819 0.2336093 0.3462263 2.596795 0.06210463 0.04087908 2.168735 0.2755557 0.3310737 2.840522 0.1325741 -0.1725358 2.164464 0.4706089 0.3030584 2.7827 0.1522765 -0.2473168 2.174539 0.5343094 0.322883 2.78712 0.1503092 0.07687244 2.383122 0.1596112 0.0015983 2.392187 0.1254158 -0.04156583 2.385028 0.2033068 -0.03284656 2.403941 0.08214935 -0.5233871 2.426636 0.2195726 -0.5293733 2.662819 -0.001138666 -0.8905116 2.492389 0.1907131 -0.8450047 2.699568 0.05273836 -0.9445967 2.452605 0.2680283 -0.8891129 2.74224
0.1527434 0.6184348 2.32636 0.1037545 0.4529596 2.355043 0.06705329 0.308088 2.251931 0.2328317 0.3464357 2.596999 0.06114243 0.04082009 2.168926 0.2743415 0.3311583 2.840793 0.1310592 -0.1726352 2.164765 0.4443961 0.2712457 2.736392 0.1499295 -0.2479183 2.174904 0.5010809 0.2512749 2.706 0.1501993 0.0771163 2.383247 0.1595606 0.001879255 2.392301 0.1254825 -0.04116367 2.385228 0.2031852 -0.0324039 2.403967 0.08214738 -0.523365 2.426626 0.2194698 -0.5283549 2.661952 -0.001513335 -0.8888762 2.490184 0.1905761 -0.844725 2.699545 0.05285115 -0.9442365 2.453268 0.2102912 -0.9112353 2.676944
0.1526225 0.6177992 2.326338 0.1031195 0.4526657 2.355513 0.06673523 0.3080052 2.25195 0.2321966 0.3461418 2.59747 0.06011691 0.04069611 2.169189 0.2735052 0.3306997 2.84129 0.1295168 -0.1720867 2.164863 0.4326803 0.2689779 2.720008 0.1478782 -0.247988 2.174764 0.4302782 0.3064125 2.738685 0.1501109 0.0770786 2.383346 0.1595215 0.001867217 2.392349 0.1254733 -0.04112539 2.38531 0.2031425 -0.0324173 2.403963 0.08197848 -0.5233958 2.426464 0.2196985 -0.5277594 2.661938 -0.00161421 -0.8893707 2.490422 0.1856209 -0.8529074 2.718076 0.05166643 -0.944283 2.456032 0.2355853 -0.9100252 2.720611
0.1508484 0.6181734 2.325666 0.1010565 0.4521649 2.353954 0.06626499 0.3078984 2.252053 0.2301336 0.345641 2.595911 0.05932374 0.04059038 2.169297 0.2708397 0.3298386 2.839808 0.1278506 -0.1717764 2.165335 0.4237239 0.2721398 2.707748 0.1463615 -0.2481722 2.175079 0.4361077 0.3029833 2.729548 0.1498493 0.07686196 2.383242 0.1593974 0.001703039 2.392328 0.1254338 -0.04117712 2.385572 0.2029054 -0.03250344 2.403597 0.08192506 -0.5233533 2.426448 0.2196377 -0.5276955 2.662072 -0.001319175 -0.889223 2.490572 0.1885026 -0.8451414 2.703721 0.0516134 -0.9442139 2.456099 0.2706866 -0.8833809 2.742804
0.1497195 0.6178787 2.325376 0.09938823 0.4512785 2.353367 0.0651761 0.3069938 2.252077 0.2284653 0.3447546 2.595323 0.05711714 0.0395005 2.170322 0.2689823 0.32876 2.839243 0.1260882 -0.1712396 2.165412 0.4154556 0.2729267 2.698525 0.144602 -0.2480576 2.175148 0.4347017 0.2963723 2.704253 0.1496134 0.07640041 2.383206 0.1593178 0.001300439 2.392343 0.1253262 -0.04207877 2.386405 0.2029257 -0.03251375 2.403128 0.08165656 -0.5234816 2.426637 0.2196444 -0.5270571 2.661888 -0.001560861 -0.8894582 2.491452 0.1899028 -0.842702 2.699642 0.05262211 -0.9450869 2.452226 0.193821 -0.9050898 2.662019
0.1486305 0.6177331 2.325162 0.09800014 0.4509078 2.353695 0.06380784 0.3062435 2.251806 0.2270772 0.3443839 2.595652 0.05542282 0.03869423 2.170341 0.267592 0.3283405 2.839575 0.1242281 -0.1704167 2.16536 0.4042906 0.2718004 2.688711 0.1399004 -0.2466259 2.17481 0.4320643 0.2869036 2.681304 0.1492343 0.07615474 2.383257 0.1591053 0.001108274 2.392367 0.1252545 -0.04218388 2.386345 0.2027218 -0.03264471 2.403198 0.08164911 -0.524271 2.42769 0.2196054 -0.5282058 2.662642 -0.001344234 -0.8893641 2.491256 0.1883897 -0.8457111 2.702706 0.05311291 -0.9452788 2.452114 0.2497804 -0.8946005 2.762583
0.1464812 0.6173981 2.32245 0.0966699 0.4504629 2.352882 0.06209659 0.3056734 2.251613 0.225747 0.343939 2.594839 0.05359923 0.03797665 2.170882 0.2811022 0.242084 2.73438 0.1223782 -0.1705078 2.165433 0.4656746 0.2896116 2.654057 0.1380517 -0.2469454 2.174981 0.524368 0.3068992 2.627129 0.1489399 0.07638355 2.38331 0.1588996 0.001458256 2.392521 0.1252007 -0.04207612 2.386331 0.2025079 -0.0319307 2.40379 0.08150928 -0.524348 2.42748 0.2196031 -0.5282434 2.662632 -0.0004512219 -0.8891923 2.490342 0.1869868 -0.848984 2.707785 0.0532781 -0.9453033 2.452794 0.2589607 -0.8955728 2.756711
0.1449004 0.6167915 2.322141 0.09540969 0.4499254 2.353147 0.05990648 0.3051497 2.251596 0.2244868 0.3434015 2.595103 0.05198961 0.03746489 2.170721 0.2787264 0.2406636 2.734467 0.1197845 -0.1705861 2.165051 0.4511688 0.2783794 2.622912 0.1346661 -0.2480915 2.17361 0.4423442 0.2803292 2.645647 0.1481872 0.07670385 2.383433 0.1582665 0.00193139 2.39264 0.1245294 -0.04233177 2.384853 0.2015867 -0.03118343 2.405961 0.0820649 -0.5251132 2.429625 0.2191161 -0.5288292 2.662617 2.686016E-05 -0.8891089 2.490056 0.1871119 -0.8502284 2.708449 0.0536687 -0.9454311 2.451686 0.2596292 -0.8970889 2.756306
0.1423193 0.6160035 2.320663 0.09339274 0.4493862 2.352751 0.05705294 0.305285 2.251559 0.2224699 0.3428624 2.594708 0.05003807 0.03751913 2.170959 0.2773068 0.2358282 2.731122 0.1172393 -0.1704253 2.165302 0.4432635 0.2664196 2.606766 0.1323106 -0.2500137 2.175095 0.4273625 0.2694689 2.613886 0.1466966 0.07649399 2.383576 0.1570096 0.00180387 2.392871 0.1232844 -0.04256845 2.385168 0.2007809 -0.03119082 2.406029 0.08225299 -0.5254419 2.430209 0.2188989 -0.5289006 2.662719 -0.0001147422 -0.8892019 2.490653 0.1870292 -0.8502287 2.708539 0.05370618 -0.9452077 2.451921 0.2679438 -0.8917432 2.746942
0.1407945 0.6156177 2.320265 0.08953334 0.4496643 2.351731 0.05534037 0.3047382 2.251573 0.2186105 0.3431405 2.593688 0.04815742 0.03691211 2.171295 0.2793896 0.2176762 2.713992 0.1140749 -0.1699282 2.164746 0.4429291 0.2699507 2.594232 0.1308767 -0.2508172 2.175525 0.4297945 0.2674146 2.605295 0.1451075 0.07250541 2.384154 0.1558572 -0.003750233 2.39395 0.1226203 -0.04703674 2.38486 0.1998693 -0.03801923 2.408932 0.08235242 -0.5255401 2.430466 0.2190418 -0.528161 2.662286 0.001290603 -0.8883151 2.488519 0.1873822 -0.8489764 2.707964 0.05429688 -0.945756 2.452062 0.2144454 -0.9081782 2.675001
0.1120399 0.618559 2.316523 0.08770227 0.4497577 2.35202 0.05457192 0.3043184 2.251502 0.2167794 0.3432338 2.593977 0.04570543 0.03644949 2.171691 0.2777429 0.2124931 2.709504 0.1126705 -0.170357 2.164642 0.4389019 0.2654786 2.586518 0.1267867 -0.2490837 2.173452 0.4334521 0.2641379 2.595457 0.1437093 0.06921814 2.386034 0.1547253 -0.007853958 2.396306 0.1223065 -0.04701207 2.384909 0.1984333 -0.05084386 2.416719 0.0825856 -0.5254503 2.430785 0.2189152 -0.524626 2.660271 8.561759E-05 -0.8866969 2.489545 0.1871712 -0.8388602 2.696041 0.05498743 -0.9450874 2.453325 0.2375401 -0.891572 2.698868
0.1169037 0.6172103 2.315651 0.08657268 0.4491395 2.351356 0.05307832 0.3044242 2.251302 0.2156498 0.3426157 2.593313 0.04343231 0.03653735 2.171724 0.2769527 0.2046925 2.701691 0.1102322 -0.1700284 2.164356 0.4343644 0.2624833 2.575735 0.122875 -0.2485625 2.172544 0.4381546 0.2597804 2.579174 0.1425905 0.06506621 2.386786 0.1537661 -0.01267193 2.397447 0.1216361 -0.04729106 2.38502 0.1982153 -0.05963481 2.41816 0.08360899 -0.5284588 2.433728 0.2187954 -0.5245939 2.660377 0.0005098403 -0.8855512 2.488998 0.1847752 -0.8466501 2.701479 0.05514587 -0.9448711 2.453593 0.1927153 -0.9177696 2.687253
0.1128861 0.6180192 2.316115 0.08433131 0.4482012 2.350292 0.05191222 0.303951 2.251125 0.2134084 0.3416773 2.592249 0.04169214 0.03616413 2.171164 0.2754086 0.2020906 2.698571 0.1080361 -0.1705869 2.164063 0.4269696 0.2539308 2.562188 0.1209638 -0.2482757 2.171654 0.4429989 0.2575805 2.564119 0.1424139 0.06461137 2.387033 0.1537621 -0.01301101 2.39778 0.1215603 -0.04712653 2.384977 0.1983698 -0.05992576 2.418902 0.08398928 -0.5280915 2.435288 0.218339 -0.5238732 2.659907 0.0007100866 -0.8858564 2.488446 0.1866841 -0.8445102 2.70001 0.05343489 -0.9440954 2.455791 0.198842 -0.9107 2.671827
0.1104555 0.6178631 2.31658 0.08261593 0.4483002 2.350336 0.05017979 0.3037185 2.250784 0.211693 0.3417763 2.592293 0.04025736 0.03591132 2.170878 0.2745294 0.2018912 2.697901 0.1053356 -0.1713617 2.163826 0.4184757 0.2461962 2.549984 0.1190953 -0.249749 2.172174 0.44409 0.2549306 2.552868 0.1422958 0.06454829 2.387227 0.1537661 -0.01303036 2.397981 0.1214677 -0.0467587 2.384804 0.1985702 -0.05981457 2.419651 0.08392504 -0.5281552 2.43535 0.2183387 -0.5226657 2.659822 -0.0003033908 -0.8868664 2.489058 0.1871733 -0.8432058 2.698498 0.0505514 -0.943292 2.456544 0.2364126 -0.89506 2.684008
0.1156394 0.6162664 2.315603 0.08038924 0.4480326 2.350372 0.04852043 0.3032817 2.250443 0.2094663 0.3415088 2.592329 0.03869086 0.03550544 2.170376 0.2731713 0.201396 2.697274 0.1034759 -0.1723177 2.163724 0.4117836 0.2394929 2.542062 0.117159 -0.2497203 2.17093 0.4418184 0.2513067 2.531462 0.141935 0.06424912 2.38739 0.1536404 -0.01320973 2.398108 0.1211872 -0.04663975 2.383991 0.1984712 -0.06014376 2.420746 0.08386549 -0.5282187 2.435291 0.2183157 -0.5229012 2.660322 0.0007228656 -0.8853106 2.488805 0.1880223 -0.842571 2.697317 0.05478074 -0.9441597 2.453695 0.2434666 -0.8896173 2.703285
0.110706 0.6175325 2.31474 0.07916503 0.4478269 2.350751 0.0468591 0.3031504 2.250458 0.2082421 0.341303 2.592708 0.03686544 0.03553787 2.169623 0.2848751 0.1823077 2.6651 0.1010929 -0.1738241 2.162735 0.4226543 0.2483975 2.519687 0.1154306 -0.2509462 2.170453 0.4331827 0.2479575 2.524616 0.1416065 0.06434157 2.387443 0.1534587 -0.01305001 2.398122 0.1206032 -0.04607926 2.381887 0.1982962 -0.05982842 2.421911 0.08307645 -0.5299722 2.435455 0.2182699 -0.5228961 2.660321 0.0008792651 -0.8867518 2.489693 0.1860898 -0.8693966 2.717677 0.05743672 -0.9460971 2.450278 0.2749336 -0.8950913 2.752185
0.1082363 0.6180863 2.314775 0.07809141 0.4476847 2.351732 0.0458534 0.302837 2.250286 0.2071685 0.3411609 2.593688 0.0357 0.03532866 2.168981 0.2852578 0.1820141 2.664678 0.0991988 -0.1749169 2.161838 0.417914 0.2403212 2.510646 0.1131103 -0.2522907 2.170159 0.4256133 0.2386853 2.518646 0.1414306 0.06447878 2.387658 0.1534017 -0.01283373 2.39827 0.1205517 -0.04561479 2.381138 0.1984154 -0.05942804 2.42308 0.08306614 -0.5299447 2.435459 0.2181065 -0.5230607 2.66021 9.471376E-05 -0.8878524 2.490013 0.1895166 -0.8388101 2.693474 0.05697982 -0.9458057 2.45099 0.2494081 -0.8783982 2.706476
0.1053202 0.6182383 2.314515 0.07703604 0.4478068 2.352071 0.04505406 0.3027613 2.250195 0.2061132 0.3412829 2.594028 0.03457467 0.03527394 2.168855 0.2853051 0.1820904 2.664041 0.09597787 -0.1747202 2.160671 0.4175306 0.2240759 2.503924 0.1094688 -0.2537011 2.168865 0.4311839 0.2284633 2.513052 0.1412582 0.06457333 2.387712 0.1533442 -0.01271616 2.398288 0.1204815 -0.04512857 2.379792 0.198448 -0.05934283 2.423925 0.08279976 -0.529801 2.4351 0.2176409 -0.5230778 2.659926 -0.0003784942 -0.8883876 2.489784 0.1895456 -0.8387061 2.693562 0.05185293 -0.9441212 2.456066 0.2482782 -0.8800845 2.706264
0.1011506 0.6182964 2.313483 0.07520908 0.4478061 2.352373 0.04405275 0.3026851 2.250148 0.2042862 0.3412822 2.59433 0.03324901 0.03522825 2.168729 0.2849607 0.1821742 2.66324 0.0949469 -0.1746908 2.160436 0.4171829 0.2099392 2.499783 0.1077613 -0.254963 2.169526 0.43404 0.2121899 2.507307 0.1399634 0.0641684 2.387453 0.1523478 -0.013056 2.397929 0.1194674 -0.04501826 2.378737 0.1974968 -0.0597754 2.423783 0.08302964 -0.5297088 2.435795 0.2175321 -0.5224144 2.659316 -0.001051422 -0.8890442 2.490436 0.1898372 -0.8378025 2.693156 0.05005348 -0.9438207 2.458337 0.247573 -0.8804628 2.706173
0.09947071 0.6186728 2.313303 0.07428502 0.4476388 2.352467 0.04309899 0.3026405 2.249847 0.2033621 0.3411149 2.594424 0.03266872 0.03511742 2.168681 0.2847611 0.1819319 2.662585 0.09295666 -0.1740012 2.159399 0.4134189 0.1886848 2.493717 0.1054408 -0.2555267 2.168806 0.4174402 0.186885 2.50742 0.1396545 0.06438426 2.387452 0.1521403 -0.0127266 2.397895 0.1192619 -0.04458329 2.377573 0.1973492 -0.05946792 2.424449 0.08302477 -0.5297022 2.435799 0.2173266 -0.5225366 2.659304 -0.00147992 -0.8902796 2.491123 0.190391 -0.837676 2.692798 0.04970621 -0.9437664 2.459363 0.2464168 -0.8830249 2.704071
0.09756497 0.6179865 2.312133 0.07249497 0.4476343 2.352203 0.04231925 0.3024171 2.249715 0.2015721 0.3411103 2.594159 0.03186314 0.03490481 2.1685 0.2744476 0.1669404 2.640157 0.09212611 -0.1738648 2.159142 0.4246218 0.1851327 2.492991 0.1042813 -0.2558825 2.168635 0.4323567 0.1791162 2.495728 0.136155 0.06939008 2.382996 0.1483833 -0.005539206 2.391711 0.118106 -0.04387609 2.374718 0.1901743 -0.03985342 2.411319 0.0794864 -0.5300576 2.431349 0.2171803 -0.5223901 2.659135 -0.0003959136 -0.8896983 2.489727 0.1895097 -0.8386359 2.693219 0.04979113 -0.9437122 2.45853 0.2276507 -0.899033 2.708055
0.09698602 0.6178366 2.312041 0.07154109 0.447481 2.352083 0.04153331 0.3021616 2.249352 0.2006182 0.3409571 2.594039 0.03080601 0.03459179 2.168466 0.2742384 0.1669878 2.639764 0.09137555 -0.1737053 2.159019 0.4251468 0.1734217 2.492343 0.1034088 -0.2563694 2.168287 0.4334754 0.1758045 2.494992 0.135872 0.07035187 2.38225 0.1483389 -0.004404467 2.390908 0.1180954 -0.04393755 2.374275 0.1906656 -0.03839378 2.410657 0.07645681 -0.5300708 2.425609 0.2168589 -0.5225235 2.659277 0.00124591 -0.8885789 2.487945 0.1898233 -0.8425547 2.693171 0.0498126 -0.9436704 2.458009 0.264935 -0.8867421 2.739531
0.09529659 0.6178983 2.3115 0.07044769 0.4476005 2.352045 0.04137055 0.3020873 2.249326 0.1995248 0.3410766 2.594001 0.03025983 0.03446376 2.168775 0.2776214 0.1666266 2.633557 0.08952519 -0.1713812 2.158091 0.4310893 0.1708866 2.488981 0.1027721 -0.2571711 2.168428 0.4344911 0.1745571 2.494612 0.1356687 0.07096726 2.381819 0.1483301 -0.003776091 2.390477 0.118197 -0.04387778 2.373952 0.1908003 -0.03774302 2.410378 0.07647751 -0.5302796 2.426021 0.2166672 -0.5227626 2.659503 0.0009186742 -0.8903996 2.490714 0.1911721 -0.8455318 2.69264 0.05386976 -0.9457231 2.452362 0.2661735 -0.8881576 2.740622
0.0949199 0.6179088 2.311529 0.07013205 0.4475993 2.351972 0.04091935 0.302009 2.24921 0.1992092 0.3410754 2.593928 0.02955601 0.03434035 2.168929 0.2785785 0.1669456 2.632804 0.0889285 -0.1702476 2.158085 0.4319586 0.1701814 2.488095 0.1024926 -0.2571785 2.168386 0.4313045 0.1739269 2.496521 0.1358052 0.07253375 2.381026 0.1487647 -0.001775836 2.389551 0.1186412 -0.04343329 2.373238 0.1916043 -0.03568125 2.409737 0.07635398 -0.5303547 2.425722 0.2167048 -0.5225955 2.659509 0.001143359 -0.8906555 2.490374 0.1917013 -0.8446345 2.692619 0.0525308 -0.9450145 2.456496 0.2488171 -0.8852816 2.71285
0.09444706 0.6179689 2.311488 0.0697849 0.4477107 2.351965 0.04056663 0.3018698 2.249093 0.198862 0.3411868 2.593921 0.02895045 0.03419507 2.168892 0.2764049 0.1690993 2.640055 0.08890925 -0.1702671 2.158089 0.4273228 0.1708821 2.4925 0.1022411 -0.2569723 2.168012 0.4167436 0.1756446 2.512519 0.1359895 0.0731472 2.380916 0.1491328 -0.001087706 2.389473 0.1189509 -0.0432484 2.373317 0.1923508 -0.03457095 2.409425 0.07595779 -0.5303067 2.42458 0.2163947 -0.5237234 2.659324 0.001235329 -0.8907035 2.4902 0.1919413 -0.845337 2.692947 0.05414288 -0.9454067 2.455703 0.2660109 -0.8874188 2.742832
0.09462365 0.6180689 2.311594 0.06978814 0.447704 2.351984 0.04044548 0.3017644 2.248935 0.1988652 0.3411801 2.59394 0.02832851 0.0341104 2.168739 0.2762576 0.1701735 2.64276 0.08890074 -0.1702715 2.158089 0.4281703 0.1803508 2.496707 0.1021751 -0.2567678 2.167919 0.4172455 0.1791644 2.514184 0.136433 0.07263916 2.381823 0.1498237 -0.001978952 2.390907 0.118843 -0.04313898 2.372983 0.1981864 -0.04379362 2.421097 0.07836108 -0.531016 2.429099 0.2167228 -0.5227292 2.659744 0.001121345 -0.8911209 2.490471 0.191581 -0.8433248 2.693409 0.05191785 -0.9448137 2.457557 0.2693014 -0.8856148 2.737194
0.09490744 0.6181164 2.311659 0.0702088 0.447572 2.352243 0.0404498 0.3017588 2.248922 0.1992859 0.341048 2.5942 0.02827684 0.03412277 2.168648 0.2782177 0.1739561 2.649941 0.08900841 -0.171108 2.158295 0.4288393 0.193847 2.503517 0.1021913 -0.2568605 2.16795 0.4326586 0.2012619 2.517396 0.1374396 0.07023181 2.383024 0.1509913 -0.0054013 2.392483 0.1189342 -0.04313198 2.372967 0.1992831 -0.0526241 2.422919 0.07932243 -0.5311903 2.430265 0.2167747 -0.5227051 2.659516 0.001101689 -0.8911191 2.490448 0.1919238 -0.8443047 2.693633 0.05027577 -0.944042 2.456587 0.2697818 -0.886487 2.737279
0.09516772 0.6180981 2.311872 0.07080092 0.4472473 2.352123 0.04044612 0.3017436 2.248921 0.199878 0.3407233 2.59408 0.02858679 0.03413659 2.168434 0.2797348 0.176247 2.654116 0.08900949 -0.1713032 2.158244 0.4314176 0.214563 2.51303 0.1021926 -0.2568593 2.167951 0.4260851 0.2105368 2.524303 0.1378822 0.06759329 2.383719 0.1512983 -0.008795192 2.393462 0.1189149 -0.043292 2.372966 0.1991514 -0.05862303 2.423583 0.07962984 -0.5314466 2.430646 0.216678 -0.522858 2.659741 0.000649406 -0.8910002 2.490238 0.1873107 -0.8501004 2.706794 0.05315214 -0.9449601 2.454844 0.2050049 -0.9130718 2.667974
0.1146042 0.6138893 2.317442 0.07104596 0.4471698 2.352024 0.04050856 0.3017924 2.248971 0.200123 0.3406458 2.59398 0.02887086 0.03421572 2.168288 0.2802964 0.1774881 2.656206 0.08924553 -0.1715452 2.158602 0.4318911 0.2247785 2.518053 0.102899 -0.2563915 2.167486 0.4272914 0.2289201 2.527453 0.1381544 0.0627262 2.383955 0.1514417 -0.01530532 2.393816 0.1191176 -0.04379406 2.372862 0.1972198 -0.07081573 2.422749 0.07598943 -0.5299896 2.423194 0.2165803 -0.5227805 2.659581 0.0005019016 -0.8909643 2.490114 0.1873524 -0.8501233 2.70683 0.05636539 -0.9472454 2.451752 0.2399834 -0.9146119 2.721048
0.1187535 0.6149231 2.318447 0.07139436 0.4479027 2.352121 0.04059083 0.3017845 2.248908 0.2004715 0.3413788 2.594078 0.02942011 0.03423965 2.167975 0.2811427 0.1802256 2.659477 0.08977526 -0.1722322 2.158921 0.4345827 0.2394325 2.528885 0.1034561 -0.2563489 2.167201 0.4287087 0.2397715 2.538525 0.1385356 0.06263233 2.384301 0.1518964 -0.01542855 2.394225 0.1194297 -0.04384234 2.37317 0.197905 -0.0700881 2.422927 0.07649244 -0.5299646 2.42371 0.2166152 -0.5214959 2.658797 -0.0001277475 -0.8910865 2.489978 0.1871716 -0.850207 2.707111 0.05611934 -0.9468379 2.452852 0.1925523 -0.9210996 2.690695
0.1254892 0.615607 2.319771 0.07175998 0.4483913 2.35211 0.04105484 0.3019091 2.249054 0.2008371 0.3418674 2.594067 0.02983916 0.03440031 2.167958 0.2816034 0.1814198 2.660616 0.09058922 -0.1729223 2.159184 0.4386481 0.2529855 2.542322 0.1041112 -0.2562399 2.167087 0.4350796 0.2472704 2.546951 0.1389101 0.06283579 2.384542 0.1523269 -0.01514672 2.394516 0.1200606 -0.04380534 2.374419 0.1989715 -0.06604397 2.421531 0.08030845 -0.5300241 2.430444 0.2162281 -0.521949 2.658473 -0.0006999677 -0.8911683 2.490797 0.1865177 -0.8559461 2.710977 0.05591486 -0.9463925 2.453298 0.2711756 -0.8937061 2.74494
0.1294572 0.6158327 2.321933 0.07240678 0.4491778 2.352416 0.04186529 0.302751 2.249452 0.2014839 0.3426539 2.594372 0.0305313 0.03537631 2.167739 0.2752091 0.1970598 2.687539 0.090918 -0.1730454 2.159181 0.4312561 0.248876 2.556891 0.1065503 -0.2565493 2.169295 0.4412471 0.2533531 2.559851 0.1402323 0.06212827 2.386278 0.1538868 -0.01614063 2.396673 0.1203414 -0.04435316 2.376165 0.2015778 -0.06602796 2.423517 0.08046732 -0.5298791 2.430684 0.2166304 -0.5219775 2.658942 -0.0004226939 -0.8883458 2.486521 0.1885851 -0.8413303 2.701106 0.05017009 -0.9428715 2.453936 0.2480429 -0.8832836 2.706483
0.1314482 0.6163262 2.322666 0.07311545 0.4504863 2.352322 0.04245223 0.3029864 2.24954 0.2021926 0.3439624 2.594278 0.03125244 0.03559077 2.167904 0.2753347 0.2018991 2.691981 0.09165068 -0.1732252 2.159401 0.4394352 0.2504718 2.571353 0.1076051 -0.2549295 2.168103 0.4411897 0.2513481 2.57841 0.1402541 0.06287346 2.386636 0.153789 -0.01525463 2.397102 0.1198431 -0.04364674 2.37659 0.2016679 -0.06384331 2.424001 0.07861334 -0.5293054 2.42703 0.2168586 -0.5218177 2.65877 -0.001496013 -0.8890594 2.488527 0.1898004 -0.8395898 2.698968 0.0492458 -0.9426267 2.456314 0.205667 -0.9037613 2.668077
0.1341079 0.6169239 2.323824 0.07369138 0.4521053 2.352813 0.04349586 0.3034386 2.249744 0.2027685 0.3455814 2.59477 0.03271465 0.03600949 2.168187 0.2754651 0.2110746 2.700898 0.09263349 -0.1727542 2.159671 0.4494949 0.2426678 2.590006 0.1085117 -0.2550375 2.16832 0.4496281 0.2476008 2.593826 0.1409317 0.06308091 2.387773 0.1545206 -0.01518337 2.398379 0.1201382 -0.04352705 2.377213 0.2027254 -0.06346273 2.425881 0.07866588 -0.5291476 2.427018 0.2174381 -0.5216992 2.658565 -0.001629135 -0.8889934 2.488684 0.1898693 -0.8394158 2.698497 0.04944645 -0.9426235 2.456376 0.2668695 -0.8854911 2.739656
0.1371551 0.6184803 2.325353 0.07471941 0.454689 2.353438 0.04484258 0.3040098 2.250062 0.2037965 0.3481652 2.595394 0.03410819 0.03662091 2.168301 0.2732711 0.2162275 2.70578 0.09382946 -0.1724729 2.160058 0.4629602 0.2299 2.624329 0.109589 -0.2558653 2.169275 0.5004531 0.236996 2.626132 0.1413895 0.06291006 2.388718 0.1549663 -0.01568278 2.399481 0.1202214 -0.04374102 2.379924 0.2029892 -0.06358006 2.425983 0.0790633 -0.5296004 2.427807 0.2175357 -0.5215346 2.658599 -0.001172028 -0.8889545 2.488253 0.1901338 -0.8394193 2.697521 0.05165649 -0.9439936 2.455385 0.2467708 -0.8824037 2.713915
0.1397549 0.6192524 2.325983 0.07557103 0.4563794 2.353557 0.0455149 0.3044878 2.250253 0.2046482 0.3498555 2.595514 0.03588495 0.03700024 2.168752 0.3241561 0.2154394 2.709724 0.09597905 -0.1731433 2.160902 0.5067325 0.2320978 2.611571 0.1146124 -0.2563399 2.171959 0.5675912 0.2376506 2.583261 0.1412388 0.06197662 2.38943 0.1544947 -0.01749666 2.400505 0.1178546 -0.04919518 2.375231 0.2037107 -0.07126573 2.437325 0.07767512 -0.5291066 2.425359 0.2178322 -0.5219741 2.658947 -0.001223907 -0.8898312 2.489225 0.1904487 -0.8423239 2.696815 0.0527802 -0.9443708 2.456569 0.2657655 -0.8890594 2.740285
0.1425652 0.6198815 2.326813 0.07736585 0.4581479 2.353731 0.04660045 0.3054644 2.250625 0.206443 0.3516241 2.595687 0.03726462 0.037965 2.169117 0.3248209 0.2151867 2.715761 0.09866598 -0.1729878 2.162092 0.5130586 0.2323936 2.631151 0.1176573 -0.2544355 2.172654 0.5758045 0.2381292 2.607356 0.1417392 0.06264657 2.390345 0.1548188 -0.01686155 2.401451 0.1181294 -0.04788028 2.377394 0.2042085 -0.06891693 2.436766 0.07792609 -0.5290513 2.425815 0.2179512 -0.5219817 2.658761 -0.001213565 -0.8899398 2.488978 0.1869793 -0.844987 2.702305 0.05267084 -0.9446145 2.457284 0.2394561 -0.9049422 2.722937
0.145425 0.6198871 2.327582 0.07959002 0.4589933 2.354 0.04742348 0.306036 2.251086 0.2086671 0.3524694 2.595956 0.038667 0.03864872 2.168935 0.3228426 0.2263779 2.724089 0.1015325 -0.1731902 2.162851 0.5152578 0.2294129 2.649275 0.1215234 -0.2543525 2.174016 0.5793962 0.2304246 2.628745 0.142279 0.0651147 2.391054 0.1549739 -0.01361671 2.402202 0.1179977 -0.04295796 2.380605 0.2042373 -0.06241097 2.433381 0.07801948 -0.5288012 2.425437 0.2185017 -0.5231314 2.659471 -0.000921756 -0.8898964 2.488822 0.1880874 -0.844888 2.699614 0.05312339 -0.9450106 2.456851 0.2689005 -0.8863721 2.738282
0.149012 0.6205969 2.328552 0.08161515 0.4603511 2.354562 0.04929197 0.3072405 2.252171 0.2106923 0.3538273 2.596518 0.03976059 0.04004812 2.169217 0.2711306 0.2361374 2.740633 0.1032626 -0.1727538 2.163879 0.4689525 0.2460357 2.68747 0.1248508 -0.252299 2.173967 0.5542929 0.2527108 2.658368 0.1379208 0.06366545 2.389819 0.1470468 -0.01650711 2.399765 0.1002588 -0.05616871 2.343331 0.186215 -0.08898806 2.455225 0.07805741 -0.5281981 2.424852 0.2186425 -0.5236909 2.659513 -0.001910428 -0.8902768 2.489836 0.1887342 -0.8458496 2.698945 0.05215903 -0.9449358 2.459992 0.2677287 -0.8883103 2.74023
0.1535581 0.621217 2.330186 0.08668567 0.4615598 2.355743 0.05053885 0.3078906 2.252957 0.2157628 0.355036 2.5977 0.0411597 0.04072204 2.16986 0.3198586 0.2531087 2.732307 0.1054555 -0.1721185 2.164268 0.5183002 0.2560638 2.681145 0.1274136 -0.2518168 2.174738 0.5844474 0.2570488 2.668499 0.1385702 0.06268995 2.3903 0.1477458 -0.0177946 2.400339 0.1043898 -0.05742113 2.346826 0.1913902 -0.0914309 2.456594 0.07818744 -0.5280227 2.425061 0.2186518 -0.5237507 2.65973 -0.00232522 -0.8902377 2.489646 0.1877861 -0.8470827 2.702213 0.05217666 -0.9447286 2.459293 0.2672762 -0.8892124 2.742887
0.1570837 0.6216422 2.33128 0.08930261 0.4623924 2.3563 0.05181974 0.3087387 2.253406 0.2183797 0.3558686 2.598257 0.04316367 0.04167601 2.169702 0.2697894 0.2670346 2.747741 0.107485 -0.1712866 2.165599 0.4672201 0.2571945 2.692667 0.1309546 -0.2524257 2.176444 0.5264121 0.2865174 2.682564 0.1390077 0.06249735 2.390508 0.1481728 -0.01802706 2.400553 0.1069697 -0.05756034 2.347729 0.1936246 -0.09240752 2.457709 0.07879794 -0.5275148 2.425465 0.2181815 -0.524797 2.659175 -0.002432364 -0.8903095 2.489606 0.1863391 -0.8512253 2.706729 0.05197946 -0.9446104 2.458386 0.2468552 -0.8915538 2.712785
0.1591418 0.6219883 2.331949 0.09173881 0.4632331 2.357074 0.05314185 0.3092588 2.253827 0.2208159 0.3567092 2.59903 0.04570889 0.04336323 2.169543 0.2705395 0.2673019 2.752056 0.1096002 -0.171115 2.166727 0.4689766 0.2870099 2.70625 0.1333488 -0.2530214 2.177962 0.5351223 0.2935793 2.695389 0.1395422 0.06356572 2.390762 0.1486525 -0.01664747 2.400776 0.1075781 -0.0569959 2.34772 0.1963434 -0.08898249 2.459332 0.08073593 -0.5268602 2.428494 0.2185581 -0.5253595 2.659631 -0.002407784 -0.8903216 2.489592 0.1856303 -0.8511482 2.708492 0.05151996 -0.9444822 2.458728 0.2465829 -0.8912681 2.708937
0.1615756 0.6224221 2.33247 0.09322117 0.4639518 2.357403 0.05455416 0.309719 2.254174 0.2222982 0.3574279 2.599359 0.04848837 0.04331033 2.168843 0.2694622 0.2704628 2.755875 0.1112927 -0.1717125 2.16717 0.4669015 0.29809 2.70976 0.1350462 -0.2531821 2.178495 0.5327145 0.307299 2.698796 0.1402473 0.06361889 2.390699 0.1493701 -0.01664364 2.40065 0.110802 -0.0580004 2.349354 0.1977075 -0.08745872 2.457656 0.08134888 -0.5262845 2.428794 0.2188895 -0.5250832 2.659813 -0.003454482 -0.8878701 2.488995 0.1840908 -0.8583423 2.717681 0.05156393 -0.9424713 2.462584 0.2618126 -0.9019552 2.760163
0.1644293 0.6228908 2.333023 0.09560999 0.4650317 2.357834 0.05673077 0.3097398 2.253926 0.2246871 0.3585078 2.599791 0.05127925 0.04833592 2.168424 0.2701145 0.2751479 2.764327 0.1130825 -0.1715735 2.167804 0.4651511 0.3109116 2.712255 0.1357256 -0.2531531 2.178537 0.5301633 0.3228329 2.699306 0.1404435 0.06641774 2.39011 0.1491515 -0.01299395 2.399719 0.1108132 -0.05763068 2.349306 0.1973717 -0.07765719 2.454942 0.08124214 -0.5263271 2.428643 0.218954 -0.5244349 2.659579 -0.003960408 -0.8883585 2.489977 0.183796 -0.857995 2.717721 0.05085059 -0.9425105 2.463841 0.2042727 -0.9217336 2.688678
0.1672212 0.623218 2.334046 0.09836242 0.4658999 2.358382 0.05846366 0.3101415 2.253904 0.2274395 0.359376 2.600338 0.0528399 0.04928958 2.168228 0.2698689 0.2881524 2.781178 0.1144435 -0.1714983 2.168131 0.463769 0.3146901 2.717691 0.137907 -0.2542527 2.180007 0.5284023 0.323536 2.700937 0.1411293 0.06675586 2.390298 0.1496306 -0.01276196 2.399868 0.1120583 -0.05769154 2.34981 0.1976202 -0.07785115 2.455083 0.08177748 -0.5260906 2.429618 0.2188985 -0.5339783 2.662094 -0.003958865 -0.8886088 2.490142 0.1838183 -0.8594619 2.718846 0.04985999 -0.9424785 2.4633 0.2453293 -0.8951187 2.702397
0.1686803 0.6235961 2.334712 0.09965113 0.4664535 2.358614 0.05967592 0.3103312 2.253817 0.2287282 0.3599296 2.60057 0.05507386 0.05119888 2.167885 0.2698217 0.3020538 2.803746 0.1158636 -0.1716888 2.168529 0.4658296 0.3228717 2.746067 0.1387259 -0.2546986 2.180396 0.5311655 0.3298109 2.731249 0.1408462 0.06847199 2.39008 0.1489301 -0.01061926 2.39952 0.1114298 -0.05680145 2.349996 0.1967225 -0.07427504 2.454057 0.08276865 -0.5257148 2.43086 0.2195343 -0.5304193 2.66135 -0.003566067 -0.8887286 2.490018 0.1871789 -0.8539856 2.706722 0.04706167 -0.9410778 2.459831 0.2457906 -0.8974383 2.708238
0.1703896 0.624153 2.335519 0.1009639 0.4670788 2.358901 0.06077552 0.310974 2.253758 0.230041 0.3605549 2.600857 0.05676865 0.05083424 2.167693 0.2707987 0.3017134 2.80746 0.1178076 -0.1718576 2.169319 0.4692901 0.3307349 2.76998 0.1394798 -0.2538322 2.180258 0.5354539 0.3404087 2.761895 0.1424078 0.06846835 2.391535 0.1506764 -0.01090269 2.401375 0.1139007 -0.05447582 2.366846 0.2008516 -0.06851019 2.449534 0.08283859 -0.5256957 2.430975 0.2204396 -0.5334918 2.664893 -0.003423169 -0.8887343 2.489708 0.1912778 -0.8472048 2.700412 0.05117431 -0.943115 2.457702 0.2706336 -0.8842493 2.746013
0.1724767 0.6244797 2.336524 0.1027187 0.4673041 2.359332 0.06163334 0.3115754 2.253557 0.2317958 0.3607802 2.601288 0.05902161 0.04921039 2.168174 0.2698568 0.3150403 2.823472 0.1197013 -0.1719313 2.169737 0.4712975 0.3284533 2.801744 0.1427086 -0.2542056 2.180104 0.5563984 0.3567677 2.813202 0.1427016 0.0691063 2.391622 0.1508143 -0.01020435 2.401416 0.1133903 -0.05407902 2.364153 0.2009277 -0.06837107 2.450026 0.08293101 -0.5257179 2.431011 0.2211168 -0.53083 2.663507 -0.002292712 -0.888531 2.488695 0.1922734 -0.8446736 2.696834 0.05142063 -0.9431767 2.457991 0.2038018 -0.9150724 2.675519
0.1770387 0.6100887 2.337248 0.1155074 0.4152119 2.361529 0.06254075 0.3120769 2.253684 0.2445845 0.308688 2.603485 0.06129468 0.04710224 2.168748 0.2723908 0.3142059 2.833843 0.1236805 -0.1738459 2.170283 0.4669076 0.3474637 2.864082 0.149636 -0.2558412 2.179606 0.5300876 0.3657155 2.875967 0.1482063 0.05384644 2.393065 0.1550668 -0.02070097 2.402603 0.1168655 -0.05864736 2.362717 0.2055217 -0.09838736 2.453896 0.08297294 -0.5257508 2.430829 0.2208697 -0.5315152 2.66321 -0.00223947 -0.888667 2.488556 0.1922956 -0.8445687 2.698774 0.05142367 -0.9432415 2.457932 0.2033137 -0.9137381 2.673551
0.1785944 0.6154823 2.337934 0.1133475 0.4689471 2.36172 0.06341876 0.3125027 2.253703 0.2424246 0.3624232 2.603676 0.06248684 0.04677602 2.168694 0.2729943 0.3153366 2.841744 0.1258635 -0.1736993 2.169952 0.4660305 0.3543651 2.873767 0.1516107 -0.2546999 2.179721 0.5298699 0.3672728 2.888737 0.1486642 0.0546407 2.393802 0.155599 -0.02102538 2.403425 0.1133986 -0.05907417 2.384001 0.2121105 -0.07267688 2.4315 0.08319274 -0.5262873 2.431229 0.2220533 -0.532184 2.66564 -0.002388717 -0.8887179 2.488697 0.1924745 -0.8444391 2.698773 0.05150387 -0.9432849 2.457876 0.2703696 -0.8839574 2.744814
0.1793998 0.617846 2.338028 0.1131161 0.4689477 2.361465 0.06422743 0.3129658 2.253701 0.2421932 0.3624238 2.603421 0.06379605 0.04866362 2.168534 0.2731013 0.3183169 2.845503 0.129319 -0.1747403 2.169264 0.4634604 0.3590032 2.886531 0.1555634 -0.2545981 2.179165 0.5269133 0.3725652 2.904615 0.1484962 0.06273217 2.392585 0.1556668 -0.01528991 2.40241 0.1151433 -0.05406211 2.366604 0.2091134 -0.06926377 2.441032 0.08260489 -0.526003 2.429613 0.2231943 -0.5300053 2.665254 -0.002414882 -0.8887707 2.488833 0.1924607 -0.8441613 2.698703 0.05053455 -0.9431501 2.454648 0.2712667 -0.8846235 2.742314
0.1815756 0.6120907 2.338613 0.1170063 0.4196509 2.363299 0.06505822 0.3133595 2.253917 0.2460835 0.313127 2.605255 0.06455545 0.0485261 2.168553 0.2782677 0.2793235 2.848688 0.1331859 -0.1755262 2.168551 0.44287 0.3719838 2.907279 0.1579437 -0.2547652 2.178886 0.5063679 0.3925919 2.904231 0.1504937 0.05784915 2.392102 0.1573935 -0.0182956 2.401739 0.1188965 -0.05305751 2.37025 0.2077924 -0.07685588 2.434437 0.08373854 -0.5259312 2.43087 0.2241156 -0.5239612 2.662912 -0.0023726 -0.8892491 2.489715 0.1926064 -0.8430257 2.698047 0.04931812 -0.9423954 2.454566 0.2078262 -0.9093493 2.671672
0.181946 0.6155745 2.338426 0.1135873 0.4656397 2.36234 0.06611948 0.3136666 2.254067 0.2426644 0.3591157 2.604296 0.06531224 0.04938863 2.168551 0.2763968 0.3267076 2.847718 0.1343212 -0.1754701 2.168309 0.4574541 0.3543961 2.919879 0.1596676 -0.2524003 2.177749 0.5214781 0.373166 2.923674 0.1501822 0.06285739 2.39238 0.1572197 -0.01482116 2.401898 0.1185244 -0.05228398 2.369808 0.2070681 -0.06936105 2.437946 0.08317162 -0.5253456 2.428715 0.2233867 -0.5222736 2.660779 -0.002314201 -0.8879378 2.489944 0.1929221 -0.8428258 2.69838 0.05166619 -0.9427657 2.452899 0.2700331 -0.8873289 2.741073
0.1818789 0.6177708 2.338394 0.1134856 0.4659203 2.362245 0.06710844 0.3137047 2.253718 0.2425627 0.3593964 2.604201 0.06576515 0.04993842 2.168572 0.2767263 0.3264186 2.847506 0.1364583 -0.1755804 2.167912 0.4572442 0.3559836 2.92019 0.1610454 -0.2518242 2.177355 0.5209644 0.3757913 2.923791 0.1503891 0.06371792 2.392783 0.1574823 -0.01439094 2.402284 0.1184094 -0.05174745 2.372157 0.2076734 -0.06627566 2.43736 0.08673362 -0.5244499 2.433912 0.2210003 -0.5273152 2.661664 -0.002162913 -0.8876675 2.489343 0.1927395 -0.8429375 2.699337 0.04915839 -0.9424789 2.455214 0.2476933 -0.886309 2.719953
0.1820408 0.6188504 2.338389 0.1134663 0.4660938 2.362057 0.06796274 0.313841 2.253484 0.2425434 0.3595699 2.604013 0.06652491 0.04920944 2.168534 0.277053 0.3261289 2.847223 0.1382257 -0.1758015 2.168025 0.4578662 0.3579134 2.918494 0.1623129 -0.2512698 2.177761 0.5202885 0.3816988 2.916759 0.1503736 0.06370814 2.392852 0.157471 -0.01464339 2.40249 0.1174747 -0.05227383 2.3741 0.2077247 -0.06610665 2.437063 0.08652333 -0.5246437 2.433724 0.2212077 -0.5265697 2.661505 -0.001988528 -0.8891401 2.491325 0.1928157 -0.8429791 2.698714 0.04942841 -0.9426762 2.455437 0.2482035 -0.8862668 2.718314
0.1816619 0.6200198 2.338308 0.1134506 0.4663418 2.361959 0.06937969 0.3137192 2.253053 0.2425278 0.3598179 2.603916 0.06778208 0.04793895 2.168515 0.2782313 0.3218725 2.846379 0.1402468 -0.1763963 2.168342 0.4587635 0.3594092 2.915884 0.1648888 -0.2525637 2.179332 0.5210747 0.3830017 2.920961 0.149902 0.06458324 2.392662 0.1570298 -0.01408865 2.402298 0.1162365 -0.05297333 2.369506 0.2064971 -0.06613392 2.439775 0.08572409 -0.5250651 2.432019 0.2221718 -0.5264252 2.662064 -0.00248015 -0.8907404 2.494146 0.1864438 -0.856639 2.717329 0.04918949 -0.9428127 2.456953 0.2718421 -0.8980925 2.744491
0.1822677 0.6134681 2.33797 0.1179968 0.4237817 2.359176 0.07056764 0.3137146 2.252722 0.2470739 0.3172579 2.601132 0.06898255 0.04682885 2.168794 0.2852677 0.2651291 2.840865 0.1406696 -0.1763518 2.168186 0.4313108 0.3851497 2.899148 0.1656183 -0.2522392 2.178866 0.4922536 0.4118765 2.905185 0.152277 0.05471903 2.392021 0.1591886 -0.02142799 2.401761 0.1202616 -0.05777141 2.365964 0.2078081 -0.09357388 2.446095 0.0848732 -0.5253665 2.430358 0.2225988 -0.5257029 2.661578 -0.00255669 -0.8908384 2.49387 0.1890782 -0.8520075 2.714067 0.04945029 -0.9426944 2.456448 0.255877 -0.8811499 2.710209
0.1812466 0.6172607 2.33757 0.1126573 0.4687543 2.357604 0.07112973 0.313626 2.252579 0.2417344 0.3622304 2.59956 0.06979087 0.04631409 2.169053 0.2811682 0.3052044 2.83811 0.141014 -0.1760792 2.16795 0.4659604 0.3633351 2.882517 0.1659656 -0.2522295 2.178698 0.5278858 0.3876996 2.888531 0.1520862 0.06345505 2.392345 0.1593794 -0.01495999 2.402235 0.1205766 -0.04789835 2.37581 0.2066261 -0.04913414 2.427367 0.08435966 -0.5253304 2.429396 0.222344 -0.52445 2.659095 -0.001686773 -0.8874589 2.491118 0.1888785 -0.8522403 2.714265 0.05063563 -0.9425867 2.455806 0.2683153 -0.8961285 2.753166
0.180374 0.6193413 2.337414 0.1125197 0.4688214 2.357622 0.07168835 0.3134728 2.252338 0.2415968 0.3622975 2.599578 0.07002999 0.04611602 2.169 0.2814568 0.305341 2.838085 0.1411999 -0.175958 2.167869 0.4778146 0.3504831 2.840871 0.166307 -0.2514631 2.178985 0.5432673 0.3655305 2.846207 0.1510198 0.06498006 2.392171 0.1584265 -0.01382426 2.402087 0.1187186 -0.04970449 2.369901 0.2037903 -0.05807471 2.439926 0.08434826 -0.5250746 2.429197 0.2233142 -0.5225888 2.660142 -0.001815957 -0.8867748 2.489475 0.1913785 -0.8470111 2.705407 0.05086111 -0.9425274 2.456051 0.2678607 -0.8921856 2.748532
0.1798015 0.6207279 2.336949 0.1121645 0.4689684 2.357347 0.07200107 0.3134561 2.252184 0.2412416 0.3624445 2.599304 0.07016201 0.04657402 2.168868 0.2857571 0.2985775 2.833624 0.1412178 -0.1751461 2.167669 0.483195 0.3399971 2.807954 0.1662428 -0.2511412 2.178659 0.5490077 0.3538037 2.803805 0.1512042 0.06370243 2.391956 0.1590038 -0.01664523 2.401892 0.1218979 -0.05299976 2.367057 0.2038489 -0.08270146 2.445745 0.08434764 -0.5249889 2.429235 0.2232863 -0.5229184 2.662262 -0.001252847 -0.8863942 2.489637 0.1912631 -0.8476685 2.70315 0.05146589 -0.9424589 2.456059 0.2676948 -0.891511 2.74772
0.1795275 0.6217711 2.336925 0.1119204 0.4689292 2.357197 0.07228103 0.3134191 2.252021 0.2409975 0.3624053 2.599154 0.07027585 0.04695769 2.168712 0.28693 0.2962488 2.831308 0.1413531 -0.175233 2.167572 0.4826414 0.3285958 2.779295 0.1664786 -0.2502296 2.178221 0.5454209 0.3501373 2.786982 0.1501708 0.06456641 2.391646 0.1577834 -0.01563367 2.4016 0.1198208 -0.05311656 2.365771 0.202671 -0.07623426 2.445708 0.08434307 -0.5249212 2.429188 0.2234023 -0.523587 2.663563 -0.0007211051 -0.8856162 2.488644 0.1910692 -0.8461142 2.702847 0.04902996 -0.941363 2.459431 0.2534775 -0.8836064 2.707998
0.1790211 0.6226985 2.336688 0.1117048 0.4688573 2.356945 0.07269615 0.3132707 2.251772 0.2407819 0.3623334 2.598902 0.07024553 0.04707631 2.168714 0.2819384 0.2862981 2.784231 0.1413084 -0.1751398 2.167635 0.4829282 0.3075734 2.768785 0.1665031 -0.2501968 2.178267 0.5499248 0.3146652 2.768045 0.1492533 0.06533641 2.391506 0.156675 -0.01470642 2.401547 0.1177113 -0.05346958 2.364147 0.2021019 -0.07318451 2.447037 0.08403595 -0.5244858 2.428389 0.2244033 -0.5218326 2.664697 -0.0003303039 -0.8856093 2.488223 0.1914475 -0.8448521 2.70095 0.04919172 -0.9414957 2.459199 0.2060643 -0.9126149 2.678117
0.1787248 0.6232668 2.336515 0.1114147 0.4688069 2.356602 0.07278867 0.3132256 2.25166 0.2404918 0.362283 2.598559 0.07006747 0.04788796 2.168624 0.2819127 0.2863018 2.784175 0.1412548 -0.1751392 2.167726 0.4773955 0.2961735 2.720512 0.1664206 -0.250264 2.178353 0.5416774 0.3134443 2.714701 0.1497498 0.06624381 2.391536 0.1575089 -0.0135006 2.401731 0.1204864 -0.04717866 2.377092 0.2065865 -0.05822765 2.430972 0.08340196 -0.524519 2.42827 0.2240234 -0.5224442 2.664985 -0.0007144043 -0.8862806 2.487961 0.1920105 -0.8457353 2.700497 0.04943836 -0.9417627 2.458328 0.2664517 -0.8926308 2.745332
