0.1413335 0.6423392 2.365581 0.1516083 0.4466722 2.415583 -0.01335473 0.3411506 2.423009 0.3224201 0.3513263 2.430877 -0.092674 0.09255236 2.445693 0.4196019 0.1704866 2.395306 -0.1222115 -0.1178328 2.402001 0.3147334 0.1551511 2.217074 -0.1180847 -0.1999707 2.391206 0.2929484 0.1519653 2.18278 0.1530473 0.09607734 2.427695 0.1539329 0.02772743 2.403694 0.07824814 -0.04894968 2.396729 0.2300229 -0.04639519 2.401965 0.04843302 -0.4955762 2.52308 0.2782631 -0.5216286 2.522451 0.03123267 -0.8600873 2.631316 0.285698 -0.8697487 2.584657 -0.007653831 -0.9220294 2.620825 0.3241967 -0.9289016 2.547364
0.1412944 0.6424118 2.365597 0.1507661 0.4466039 2.41573 -0.01360487 0.3410622 2.423115 0.3221927 0.3513345 2.430979 -0.09405825 0.09292461 2.446296 0.4273829 0.1786603 2.384234 -0.1246433 -0.117878 2.403364 0.3222522 0.1731353 2.205548 -0.1207876 -0.1992959 2.392776 0.3055684 0.1722586 2.179278 0.1526143 0.0959608 2.427958 0.1535663 0.02759932 2.40395 0.07794107 -0.04906562 2.396919 0.2297742 -0.04654741 2.402276 0.04890683 -0.4969778 2.524891 0.2781532 -0.5217404 2.522649 0.03144451 -0.8608508 2.632465 0.2853652 -0.8699734 2.58448 -0.006593779 -0.9201363 2.610169 0.3267102 -0.9345589 2.529391
0.1412801 0.6425118 2.365593 0.1507529 0.4468391 2.415618 -0.01366417 0.3410809 2.42314 0.321264 0.3518207 2.430696 -0.094931 0.09320773 2.446331 0.436679 0.182501 2.383187 -0.1276849 -0.119352 2.404999 0.3333317 0.1853333 2.203312 -0.1245512 -0.2000161 2.394325 0.3186494 0.1857357 2.179626 0.1524679 0.09597915 2.427983 0.153329 0.02756333 2.404011 0.07767962 -0.04900615 2.397016 0.2294394 -0.04654732 2.402376 0.04847787 -0.4962246 2.525111 0.2780988 -0.5216421 2.522672 0.0324906 -0.8617597 2.633054 0.2846261 -0.867878 2.585034 -0.007176965 -0.9198061 2.610348 0.3244443 -0.9315926 2.531613
0.141046 0.6424765 2.365499 0.1502238 0.4468076 2.415623 -0.01387383 0.3409794 2.42316 0.3179255 0.3532778 2.429855 -0.09523407 0.09315516 2.446457 0.4492821 0.1931821 2.385645 -0.1293062 -0.1183345 2.40671 0.3562006 0.1950606 2.199813 -0.1266158 -0.1987464 2.395713 0.348234 0.1952214 2.185034 0.1522283 0.09587608 2.427983 0.1530707 0.0274524 2.404009 0.07758334 -0.04900587 2.397011 0.2291591 -0.04646667 2.40238 0.04837717 -0.4957359 2.525035 0.2778856 -0.5221556 2.523298 0.0324814 -0.8616647 2.632972 0.2843845 -0.8674968 2.585461 -0.008693248 -0.9217713 2.62073 0.3187608 -0.9274725 2.537338
0.1407475 0.6425784 2.365128 0.1499446 0.4469076 2.415262 -0.01422791 0.3409101 2.423092 0.31633 0.3533391 2.429426 -0.09566221 0.09310797 2.446405 0.4629264 0.1896131 2.377429 -0.1302719 -0.1185562 2.408277 0.3769668 0.1916559 2.187942 -0.1275029 -0.1984775 2.396613 0.374183 0.191722 2.182231 0.1519129 0.0958465 2.427807 0.152717 0.02737803 2.40389 0.07728917 -0.04895372 2.396932 0.2287613 -0.04639645 2.402296 0.04827853 -0.4955946 2.525039 0.2772813 -0.5206034 2.523065 0.03404076 -0.8606877 2.631406 0.2830283 -0.8666186 2.587003 -0.007254429 -0.9205749 2.618531 0.3171627 -0.9261328 2.541401
0.1404936 0.6425967 2.365086 0.1495243 0.446811 2.415192 -0.01442187 0.3408477 2.4231 0.3155204 0.3533093 2.42951 -0.09593168 0.09301457 2.446166 0.4705015 0.1824517 2.376562 -0.1312649 -0.1183686 2.40909 0.4159236 0.1737413 2.175169 -0.1294052 -0.200086 2.398988 0.4177993 0.1740407 2.181639 0.151838 0.0958157 2.427779 0.1526851 0.02735162 2.403898 0.07729299 -0.04894971 2.396929 0.2287288 -0.04637469 2.402335 0.04806456 -0.4953852 2.524923 0.2771521 -0.5208148 2.523243 0.03407921 -0.8606547 2.631395 0.2839026 -0.8693996 2.585963 -0.006909829 -0.9199427 2.615214 0.3173183 -0.9267311 2.539711
0.1396952 0.6424331 2.365238 0.1492274 0.4466837 2.415163 -0.01479653 0.3406259 2.423008 0.3150026 0.3533252 2.429621 -0.09648913 0.09275638 2.445564 0.4499077 0.2191905 2.451742 -0.1318756 -0.1180858 2.410365 0.3766043 0.2308463 2.256989 -0.1306515 -0.202651 2.401822 0.4453107 0.157374 2.153796 0.1517629 0.09577923 2.427741 0.1526551 0.02732585 2.403893 0.07727669 -0.04896436 2.396872 0.2287217 -0.04636085 2.402369 0.04795832 -0.4954202 2.524881 0.27717 -0.5209457 2.523349 0.034061 -0.8606182 2.63133 0.2841371 -0.8701782 2.585976 -0.007066227 -0.9198879 2.615453 0.3176039 -0.9271782 2.539209
0.1390249 0.6424176 2.364981 0.1486678 0.4467047 2.414875 -0.01518661 0.3404883 2.422986 0.3144859 0.3534619 2.429834 -0.09675377 0.09244646 2.44486 0.4528577 0.2178282 2.434772 -0.1320004 -0.1187091 2.41117 0.3868899 0.2195111 2.236868 -0.1300011 -0.2044272 2.40425 0.4285769 0.1778021 2.168532 0.1516509 0.09578807 2.427669 0.152611 0.02731576 2.403897 0.07726876 -0.04895577 2.396843 0.2286806 -0.04633192 2.402477 0.04795096 -0.4954657 2.524836 0.2757763 -0.4943541 2.515715 0.03427764 -0.8601871 2.630676 0.2839409 -0.8696352 2.585698 -0.009370808 -0.9176422 2.614876 0.3182452 -0.9264593 2.541335
0.138232 0.642204 2.365068 0.1483411 0.4465725 2.414873 -0.01574703 0.3400837 2.422792 0.3141988 0.3535328 2.42999 -0.09753293 0.09195693 2.443837 0.4530365 0.2184608 2.435294 -0.1321392 -0.1215317 2.409556 0.4753697 0.1696167 2.232068 -0.129218 -0.2052251 2.405455 0.479802 0.1414855 2.132732 0.1516102 0.09578918 2.427623 0.1526095 0.02731811 2.403901 0.07728752 -0.04894667 2.396799 0.2287436 -0.04627635 2.402606 0.04802483 -0.4954005 2.524459 0.2751305 -0.5112815 2.521522 0.03344123 -0.857547 2.627121 0.2837242 -0.8704059 2.585191 -0.008963004 -0.917091 2.616544 0.318336 -0.9267606 2.540838
0.1373046 0.642213 2.365185 0.1479989 0.4464121 2.414551 -0.01594271 0.339954 2.422681 0.3141232 0.3535935 2.430042 -0.09771007 0.09176169 2.44341 0.4560459 0.2213806 2.433662 -0.1319549 -0.1217084 2.408964 0.5346755 0.1458138 2.257431 -0.1292253 -0.2042208 2.403648 0.5102952 0.1535724 2.16239 0.1515114 0.09583184 2.427475 0.1525599 0.02735367 2.403857 0.07723504 -0.04886515 2.396663 0.2287397 -0.0462485 2.40262 0.04818152 -0.4947728 2.522596 0.2755991 -0.5153763 2.52253 0.03236349 -0.860253 2.629897 0.2839901 -0.8706425 2.584956 -0.008003775 -0.9198465 2.613343 0.3169073 -0.9267344 2.541633
0.1372015 0.6422157 2.365205 0.1474097 0.4466038 2.413642 -0.01615225 0.3398394 2.422568 0.313918 0.3538424 2.429925 -0.09795374 0.09156071 2.44278 0.4586374 0.219286 2.43489 -0.1317236 -0.1214781 2.408292 0.5321594 0.1541751 2.251905 -0.1289041 -0.2039938 2.402108 0.5171318 0.1625548 2.164238 0.1513464 0.09596227 2.427098 0.1524655 0.02741344 2.403713 0.07716934 -0.04878594 2.396465 0.2287208 -0.04618937 2.402601 0.04818707 -0.49421 2.521763 0.2759974 -0.5164215 2.52258 0.03222034 -0.8596477 2.63029 0.2840515 -0.8706915 2.584887 -0.004164562 -0.9211932 2.611755 0.3171062 -0.9270331 2.541415
0.1367049 0.6422246 2.365141 0.147342 0.4467217 2.413553 -0.01614138 0.33986 2.422411 0.3140239 0.3542294 2.429961 -0.09760509 0.09142211 2.442373 0.4607788 0.2185732 2.435991 -0.1310543 -0.1215852 2.406844 0.5334547 0.1584589 2.250812 -0.1274512 -0.2047195 2.399354 0.5299745 0.1958573 2.182497 0.1513121 0.09601523 2.426916 0.1524561 0.02744426 2.403678 0.07718264 -0.04874408 2.396395 0.2287277 -0.04613614 2.402595 0.04821647 -0.494234 2.52147 0.2761508 -0.5163686 2.522433 0.03244844 -0.859567 2.631076 0.2831952 -0.8670396 2.585314 -0.003524382 -0.921062 2.611587 0.3185015 -0.926403 2.541949
0.1365438 0.6422592 2.364998 0.1473684 0.4466695 2.413496 -0.01593255 0.3399473 2.422186 0.3141339 0.3542838 2.429924 -0.09622256 0.09120148 2.442566 0.4677354 0.2130676 2.445533 -0.1299047 -0.1215562 2.40509 0.5215074 0.2153247 2.243719 -0.1229331 -0.2050528 2.393503 0.5365517 0.2159562 2.190935 0.1513082 0.09598713 2.426701 0.1524705 0.02741893 2.403577 0.07721416 -0.04874088 2.396284 0.2287585 -0.04612676 2.402494 0.04830952 -0.4940962 2.521408 0.2763623 -0.5178298 2.522443 0.03235332 -0.8634095 2.634212 0.2832662 -0.867119 2.585359 -0.007442906 -0.922863 2.615864 0.3272886 -0.9331141 2.525916
0.1368022 0.6422809 2.364551 0.1473983 0.4467329 2.413238 -0.01588243 0.3400342 2.421913 0.3144962 0.3543375 2.429934 -0.09481213 0.09161982 2.440967 0.471829 0.2136817 2.45057 -0.128206 -0.1217969 2.40334 0.5329829 0.2210332 2.251147 -0.1218986 -0.204725 2.39178 0.548377 0.2339246 2.202969 0.1513818 0.0960981 2.426383 0.1525937 0.02753337 2.40338 0.07735154 -0.04866127 2.396043 0.2289789 -0.04600313 2.402347 0.04843293 -0.4941835 2.521319 0.2764204 -0.5176103 2.522171 0.02524404 -0.8709131 2.651113 0.2826365 -0.8665665 2.584984 0.001869241 -0.9146888 2.596414 0.3208856 -0.9272156 2.536818
0.1367678 0.6423826 2.364306 0.1475284 0.4466801 2.412627 -0.01571724 0.3400497 2.421628 0.3149313 0.3544556 2.429918 -0.09383272 0.09210715 2.439064 0.477957 0.2134287 2.457196 -0.1259073 -0.1232405 2.400451 0.544534 0.2308245 2.260314 -0.1206665 -0.2047873 2.389193 0.5646111 0.2508239 2.207902 0.1515415 0.09617945 2.425857 0.1527996 0.02761644 2.403016 0.07755589 -0.04860628 2.395712 0.229297 -0.04590433 2.402006 0.04869721 -0.4940674 2.52083 0.276471 -0.5178301 2.522066 0.02737102 -0.8687986 2.644882 0.2828878 -0.8669931 2.584749 0.002680972 -0.9166274 2.594308 0.3208696 -0.9272425 2.536795
0.1369285 0.6425524 2.364021 0.1475419 0.4465404 2.412175 -0.01527452 0.340139 2.421047 0.3162375 0.3547008 2.430299 -0.09314132 0.09277385 2.436977 0.4895366 0.2157524 2.465394 -0.1243487 -0.1233458 2.39769 0.5623821 0.2397365 2.271653 -0.1185757 -0.2035228 2.386212 0.5914226 0.2609047 2.209959 0.1517818 0.09630056 2.425366 0.153218 0.02779838 2.402641 0.07807062 -0.04846611 2.395105 0.2299744 -0.04577198 2.40181 0.04908632 -0.4940663 2.520666 0.2763506 -0.5177347 2.521938 0.02897115 -0.8672127 2.642102 0.282872 -0.8668289 2.584573 0.001946121 -0.9177942 2.595557 0.3226348 -0.9281448 2.537526
0.1370342 0.6426136 2.36386 0.1476643 0.4464057 2.411678 -0.01467868 0.3399462 2.419819 0.3169142 0.3549249 2.430268 -0.0925604 0.09220036 2.434896 0.4979293 0.2214682 2.463985 -0.1219185 -0.1244553 2.393777 0.5856036 0.2478758 2.277307 -0.1173744 -0.2036342 2.384366 0.6190741 0.2670093 2.213502 0.1520203 0.09642018 2.424845 0.1536087 0.02796466 2.402253 0.07851662 -0.0483372 2.394662 0.2304995 -0.04560292 2.401505 0.0497482 -0.4939164 2.519756 0.2764426 -0.5177891 2.521774 0.03043932 -0.8663618 2.636591 0.2828365 -0.8666956 2.584303 -0.0003285278 -0.9207729 2.597242 0.3204044 -0.9254901 2.541445
0.1373986 0.6425977 2.363286 0.1475766 0.4463565 2.411117 -0.01445171 0.3395926 2.419124 0.3176019 0.3554534 2.430186 -0.09240173 0.09280887 2.432259 0.5169445 0.2355081 2.443459 -0.1210034 -0.1240742 2.391068 0.6220965 0.2570685 2.266063 -0.1163873 -0.2035767 2.382187 0.6450443 0.2712685 2.218776 0.1521719 0.09649564 2.424385 0.1538625 0.02804002 2.401957 0.07882607 -0.04837411 2.394358 0.2308947 -0.04551377 2.40126 0.0508517 -0.4940365 2.517621 0.2768368 -0.517682 2.520943 0.0305568 -0.8662443 2.636656 0.2828621 -0.8655522 2.584241 -0.006793775 -0.9250431 2.612089 0.3240645 -0.9258713 2.545673
0.1374723 0.6426581 2.363284 0.1479236 0.4463395 2.410858 -0.01391682 0.3392868 2.418022 0.3185923 0.3557512 2.429868 -0.09200605 0.09327747 2.430646 0.5187854 0.2494462 2.439096 -0.1197062 -0.1242469 2.386332 0.6439656 0.264714 2.275625 -0.1157873 -0.2036547 2.377174 0.6675352 0.2826295 2.216732 0.1526508 0.09656028 2.423857 0.1544414 0.02813306 2.40151 0.07938448 -0.04838777 2.393798 0.231644 -0.04545582 2.400867 0.0508282 -0.4934777 2.515774 0.2771259 -0.5173764 2.520497 0.03076013 -0.8654608 2.635632 0.2831916 -0.8618588 2.58397 -0.008640051 -0.9248178 2.616124 0.3240622 -0.9256738 2.545543
0.1376341 0.6427054 2.363155 0.1481992 0.4459611 2.40975 -0.01378237 0.3393229 2.417837 0.3197511 0.3559029 2.429339 -0.09184461 0.09226252 2.428954 0.5196967 0.249671 2.439294 -0.1192145 -0.1261296 2.383365 0.6547844 0.272626 2.285696 -0.1150814 -0.2044929 2.374629 0.6740893 0.2889754 2.235759 0.153123 0.09673163 2.423173 0.1549411 0.02834502 2.401057 0.07981087 -0.04831267 2.393318 0.2323637 -0.04536127 2.400605 0.05101257 -0.4935526 2.515351 0.2772509 -0.5183511 2.520459 0.03124667 -0.8656141 2.637416 0.2833101 -0.8635837 2.584693 -0.009299586 -0.9236179 2.616249 0.3215079 -0.9255295 2.545003
0.1375076 0.6426072 2.362797 0.1491246 0.4460527 2.409047 -0.01309268 0.3390191 2.417056 0.32083 0.3558462 2.428741 -0.09154898 0.09236269 2.427598 0.5214201 0.2498734 2.43852 -0.1188251 -0.1243042 2.382007 0.6592663 0.2819851 2.289466 -0.1146818 -0.2033113 2.372149 0.6796815 0.3019415 2.240336 0.1538381 0.09679257 2.422534 0.155628 0.02837187 2.400652 0.08035986 -0.04837549 2.39297 0.233146 -0.04535518 2.400271 0.05117917 -0.4936254 2.515221 0.2777453 -0.5157107 2.519248 0.03173555 -0.8657137 2.638565 0.283255 -0.8608525 2.583437 -0.01028023 -0.9230776 2.618563 0.3206524 -0.9240674 2.545638
0.1378406 0.6425856 2.362339 0.1496824 0.4460694 2.408766 -0.01225812 0.3390543 2.416 0.3223776 0.3561993 2.428374 -0.09114859 0.0923613 2.426739 0.5291948 0.2473174 2.44196 -0.118604 -0.1243346 2.381235 0.6590862 0.2948811 2.289632 -0.1142479 -0.2027451 2.370184 0.682991 0.3192522 2.241135 0.1542485 0.09694058 2.422046 0.1560625 0.02854138 2.400318 0.08070303 -0.04829872 2.392677 0.2336144 -0.04526469 2.399923 0.05150978 -0.4939217 2.515191 0.2778667 -0.5163662 2.51925 0.03201365 -0.8657291 2.63834 0.2829362 -0.8616703 2.583659 -0.01115561 -0.922657 2.619602 0.3206985 -0.9245063 2.544954
0.1381108 0.6423387 2.361539 0.1502486 0.4457484 2.408091 -0.01175883 0.3391312 2.415334 0.3231828 0.3563116 2.42797 -0.09043796 0.09328112 2.425725 0.530434 0.2464424 2.442846 -0.1184538 -0.1242073 2.380369 0.6568834 0.3020191 2.290309 -0.1138504 -0.2021929 2.369056 0.6823934 0.3276198 2.242157 0.1549378 0.09703442 2.421293 0.1568103 0.02871023 2.399727 0.08143477 -0.04824861 2.392164 0.2344787 -0.04511324 2.399292 0.05147619 -0.4934888 2.513677 0.2779892 -0.5147365 2.518124 0.03211105 -0.8658776 2.637899 0.2826037 -0.8605505 2.583387 -0.01386796 -0.9203864 2.618669 0.3195164 -0.9228327 2.546657
0.1388015 0.6420674 2.3607 0.1507133 0.4454952 2.407407 -0.01150401 0.3391598 2.415086 0.3238652 0.3562285 2.427624 -0.09000601 0.09353893 2.425091 0.5309066 0.2458095 2.443369 -0.1184059 -0.1242334 2.379893 0.6536605 0.3070173 2.289884 -0.1134996 -0.2021235 2.368536 0.6806182 0.3354614 2.242615 0.155458 0.09708533 2.420705 0.157335 0.02878673 2.399349 0.08191899 -0.04819261 2.391846 0.2351001 -0.04515794 2.39895 0.05164194 -0.49336 2.513235 0.2780483 -0.5147604 2.518099 0.03227416 -0.8657758 2.636589 0.2825305 -0.8605049 2.583379 -0.01425137 -0.9217764 2.624181 0.3186727 -0.9221682 2.54643
0.1393731 0.6419442 2.359718 0.1525922 0.445322 2.406205 -0.01082699 0.3392022 2.414558 0.3243437 0.3562635 2.427384 -0.089521 0.09369401 2.424603 0.5298996 0.2477548 2.44267 -0.1183296 -0.1243625 2.379548 0.6511854 0.309061 2.28795 -0.1128136 -0.2025737 2.368488 0.6737051 0.3374007 2.244734 0.1562419 0.09711152 2.419915 0.1579682 0.02878035 2.398892 0.08242601 -0.04821636 2.39153 0.2355524 -0.04513662 2.398571 0.05195253 -0.4932308 2.512725 0.2780813 -0.5149851 2.517865 0.03302824 -0.8664203 2.638037 0.2825524 -0.860242 2.583744 -0.01316634 -0.9226733 2.625555 0.3197749 -0.9224412 2.546222
0.1395768 0.6414912 2.358602 0.1529278 0.4453026 2.405983 -0.01032369 0.338999 2.414077 0.3245376 0.3562985 2.427142 -0.08879635 0.09316063 2.424149 0.5283529 0.2488015 2.442344 -0.1182432 -0.1245284 2.379457 0.6472803 0.3084733 2.284944 -0.1122809 -0.2031339 2.36889 0.6643225 0.3348199 2.244745 0.1568731 0.0970755 2.419219 0.1586649 0.02875944 2.398303 0.08326288 -0.04817319 2.390808 0.2362285 -0.04512718 2.398009 0.05196354 -0.4931015 2.512512 0.2783814 -0.5165117 2.518147 0.03269455 -0.8661 2.637461 0.2827405 -0.860598 2.583783 -0.013157 -0.922769 2.625631 0.3198006 -0.923144 2.544704
0.1405226 0.6413695 2.357946 0.1533002 0.4452982 2.405648 -0.01005756 0.339033 2.413809 0.3246504 0.356259 2.426775 -0.08807752 0.09271943 2.423842 0.5246522 0.2399264 2.448622 -0.1179887 -0.1249895 2.37942 0.6351261 0.3041256 2.286514 -0.1112337 -0.2046556 2.36993 0.6576539 0.3335699 2.241771 0.1574618 0.0969406 2.418687 0.1592787 0.02859207 2.397915 0.08404397 -0.04833902 2.390201 0.2367474 -0.04522533 2.397829 0.05198507 -0.4934816 2.512747 0.2783783 -0.5165006 2.518128 0.03225753 -0.8660913 2.637057 0.2826803 -0.8615298 2.584283 -0.009734198 -0.9194407 2.608009 0.3204496 -0.9239434 2.544702
0.1406893 0.6413523 2.357829 0.1537506 0.4450532 2.405412 -0.009825469 0.3389127 2.413489 0.3246481 0.3561425 2.426172 -0.0873797 0.09215344 2.423449 0.5223559 0.2349067 2.450006 -0.1177173 -0.1248267 2.379941 0.6238853 0.2971991 2.280882 -0.1109947 -0.2047023 2.370741 0.6450739 0.3270274 2.234951 0.1580015 0.09663521 2.418239 0.1598 0.02827924 2.397576 0.08456811 -0.04858407 2.389922 0.2372197 -0.04544976 2.397465 0.05217285 -0.4935419 2.512798 0.278382 -0.5171545 2.518169 0.03189411 -0.8662446 2.636859 0.2830237 -0.8634099 2.583217 -0.009015258 -0.9200798 2.607177 0.3171561 -0.9236677 2.540814
0.1414988 0.6408963 2.356849 0.1545133 0.4449098 2.404902 -0.009629717 0.338924 2.413342 0.3249454 0.356 2.425894 -0.08664032 0.09170322 2.423448 0.512889 0.2408437 2.446124 -0.1174769 -0.1247577 2.380418 0.6179423 0.2879527 2.274033 -0.1105928 -0.2048275 2.371558 0.6344556 0.3186097 2.23116 0.1585739 0.09658404 2.417645 0.1603168 0.02823718 2.397106 0.08490209 -0.04863216 2.389585 0.2378626 -0.04550422 2.396884 0.0522264 -0.493512 2.512766 0.2785843 -0.5183733 2.518249 0.03198885 -0.8663024 2.636709 0.2830352 -0.8635811 2.583154 -0.008104108 -0.9204894 2.606566 0.316999 -0.9236578 2.540936
0.1422426 0.6407627 2.356412 0.154772 0.4448545 2.404848 -0.009530615 0.3389474 2.41323 0.3252134 0.35597 2.425822 -0.08598984 0.09136974 2.423739 0.5081282 0.2402487 2.444639 -0.1172568 -0.1247866 2.381116 0.6017696 0.2715466 2.26187 -0.1102278 -0.2054341 2.372896 0.6090178 0.2975753 2.232447 0.1590122 0.09664235 2.417266 0.1607991 0.02834953 2.396724 0.08538569 -0.04859849 2.389118 0.2384367 -0.04539889 2.396437 0.05227169 -0.4935488 2.512817 0.2785749 -0.5196368 2.51911 0.03132793 -0.8619136 2.633146 0.2837961 -0.8674921 2.583551 -0.008393992 -0.9198461 2.610373 0.3163958 -0.9238011 2.540994
0.1430659 0.6405973 2.356041 0.1552396 0.4447982 2.404562 -0.009341738 0.3389704 2.413117 0.3253997 0.3559199 2.425716 -0.08542053 0.09159172 2.423962 0.4946241 0.2383845 2.449038 -0.117354 -0.1247078 2.381755 0.5859075 0.2556165 2.263001 -0.1102639 -0.2053341 2.373064 0.598166 0.2860662 2.231105 0.1593346 0.09669141 2.416826 0.1610908 0.02842388 2.396315 0.08564115 -0.04856125 2.388754 0.2387004 -0.04528528 2.395951 0.05357045 -0.4945635 2.513802 0.2788298 -0.5202605 2.519335 0.03091101 -0.862404 2.633302 0.2839634 -0.8694956 2.583432 -0.008788185 -0.9191866 2.607772 0.3172933 -0.9252622 2.540098
0.1432756 0.6404993 2.355536 0.1554152 0.4447937 2.404476 -0.009307845 0.3389954 2.413089 0.3253986 0.3556377 2.425485 -0.08493963 0.09168386 2.424375 0.4894392 0.2377501 2.450013 -0.1173669 -0.1243606 2.382035 0.5655797 0.2436862 2.256067 -0.1103926 -0.2047429 2.373508 0.5724024 0.2685222 2.219728 0.1595024 0.09661413 2.416624 0.1612388 0.0283341 2.396127 0.08580653 -0.04864325 2.388551 0.2388051 -0.0453455 2.39577 0.05400449 -0.4944727 2.51411 0.2786702 -0.5205192 2.519436 0.03246412 -0.8623335 2.634976 0.2838352 -0.8690638 2.583585 0.001804128 -0.9119614 2.589706 0.3174425 -0.925221 2.540056
0.1432689 0.6405137 2.355364 0.1555579 0.4447544 2.404264 -0.009253541 0.3389325 2.412946 0.3252769 0.3556172 2.425361 -0.08467907 0.09207021 2.424575 0.4815125 0.232687 2.448724 -0.1174678 -0.1234224 2.38302 0.5438686 0.2301748 2.249494 -0.1103424 -0.2040964 2.374293 0.5559456 0.2511822 2.214024 0.1596106 0.09655745 2.416419 0.1613379 0.02827041 2.395969 0.08592306 -0.04867303 2.388413 0.2388592 -0.04536166 2.395647 0.05406707 -0.4944803 2.514333 0.2785091 -0.5205052 2.519323 0.03209843 -0.8623406 2.634542 0.2836043 -0.8689497 2.583624 0.002777534 -0.9126158 2.589096 0.3178728 -0.9252383 2.540086
0.1428193 0.6399987 2.354388 0.1560244 0.4448526 2.404172 -0.009246628 0.3389292 2.412941 0.3251783 0.3553792 2.425234 -0.0845959 0.09183037 2.424681 0.4702574 0.2251587 2.446463 -0.1174573 -0.1233045 2.383688 0.5102053 0.2209547 2.239904 -0.1102323 -0.2041272 2.374573 0.5249272 0.2303761 2.195899 0.1597693 0.09647512 2.416272 0.1614551 0.02815914 2.395841 0.08598994 -0.04877746 2.388337 0.2389423 -0.04540594 2.395475 0.05406475 -0.4944836 2.514341 0.2782534 -0.5211347 2.519355 0.03208569 -0.8625388 2.634869 0.284102 -0.8699839 2.584684 -0.008767039 -0.9182713 2.608851 0.317911 -0.9257501 2.541227
0.1427901 0.6399357 2.354143 0.156618 0.4450852 2.404478 -0.00918474 0.3389687 2.412904 0.3251501 0.3550729 2.425291 -0.08419099 0.09192532 2.425012 0.4610793 0.2215005 2.446397 -0.1173718 -0.1236326 2.384209 0.4912777 0.178574 2.244129 -0.1101211 -0.2042531 2.375079 0.4990638 0.2150636 2.18008 0.1598422 0.0964224 2.416276 0.1615046 0.02810121 2.395817 0.08601473 -0.04881812 2.388226 0.2389584 -0.0454455 2.395479 0.05408652 -0.4945213 2.514429 0.2782575 -0.5205694 2.518836 0.0313185 -0.863023 2.634176 0.2841243 -0.8689675 2.584121 -0.007525232 -0.9147059 2.598517 0.3181718 -0.9258345 2.540889
0.1425928 0.6398867 2.353871 0.1565653 0.445018 2.404408 -0.009188675 0.3389688 2.412906 0.3250068 0.3548307 2.425361 -0.08412978 0.0917398 2.425118 0.4513828 0.2063294 2.435622 -0.1167788 -0.1251949 2.385426 0.4700879 0.1905257 2.227741 -0.109645 -0.205746 2.375972 0.4732409 0.1878617 2.194916 0.1598239 0.09634728 2.416224 0.1614942 0.02802036 2.395758 0.08599903 -0.04888777 2.388224 0.2389616 -0.04550198 2.39535 0.05406833 -0.4942984 2.514165 0.2786948 -0.5185658 2.517778 0.03148078 -0.8633783 2.633847 0.2838112 -0.8676329 2.583251 -0.00330304 -0.9170828 2.596999 0.3173834 -0.9255092 2.541986
0.1421497 0.6398955 2.35315 0.1565006 0.4450079 2.40443 -0.009148526 0.3389518 2.412891 0.3246375 0.3543708 2.425335 -0.08406142 0.09173878 2.425359 0.4400457 0.2050931 2.45352 -0.1164751 -0.1264389 2.386409 0.4435494 0.1822269 2.245475 -0.1089807 -0.206801 2.377077 0.4471334 0.1718296 2.185394 0.1597563 0.09614032 2.41624 0.1614197 0.02773121 2.395759 0.08598563 -0.04900849 2.388268 0.2388502 -0.04570173 2.395297 0.05405725 -0.4943424 2.514151 0.2782493 -0.5192686 2.517804 0.03155039 -0.864327 2.635093 0.2841165 -0.8682967 2.582551 -0.01268669 -0.9233608 2.632028 0.3181716 -0.926755 2.540722
0.1417327 0.639724 2.352776 0.1560217 0.4449699 2.40392 -0.009180286 0.3388377 2.412945 0.3243091 0.3539667 2.425364 -0.08383178 0.09151243 2.425902 0.4428746 0.2078233 2.455248 -0.1161619 -0.1272818 2.387074 0.4086135 0.1530932 2.18454 -0.1087742 -0.2077698 2.378268 0.3971932 0.1348499 2.098687 0.1595926 0.09601948 2.416136 0.1612718 0.02755928 2.395742 0.08587091 -0.04917546 2.38835 0.2387288 -0.04578434 2.395291 0.05408484 -0.4944128 2.514118 0.2781077 -0.5194467 2.517891 0.03173247 -0.8621597 2.634547 0.2836525 -0.8673133 2.582539 -0.01125611 -0.9215722 2.626006 0.3183583 -0.9267614 2.540719
0.1416319 0.6397062 2.352405 0.155107 0.4446042 2.403852 -0.009321653 0.3387559 2.413047 0.3241806 0.3539475 2.42548 -0.08385675 0.09140066 2.426343 0.4446496 0.2027097 2.43331 -0.1161187 -0.1276383 2.387791 0.3602742 0.1604469 2.171967 -0.1084612 -0.2087415 2.37942 0.3321491 0.1463593 2.089237 0.1591633 0.09590967 2.416077 0.1609063 0.02748006 2.395739 0.08551145 -0.049231 2.388448 0.2384399 -0.04588461 2.395219 0.05406945 -0.4943605 2.514095 0.2779361 -0.5195499 2.517887 0.03182231 -0.8626445 2.633615 0.2835356 -0.8671635 2.582544 -0.01180402 -0.9218135 2.626827 0.3184214 -0.9266294 2.54025
0.1415853 0.639635 2.352206 0.1550548 0.4445132 2.403852 -0.009504305 0.338785 2.413085 0.324258 0.3528357 2.42579 -0.08398411 0.09247246 2.426982 0.4390095 0.1959773 2.427263 -0.1160608 -0.1276264 2.388391 0.4285122 0.1022227 2.242016 -0.1085466 -0.2088313 2.379446 0.3423479 0.1359782 2.161459 0.1589141 0.09573454 2.416041 0.160622 0.02728171 2.39575 0.08503506 -0.04952876 2.388602 0.2381207 -0.04622312 2.395121 0.05401947 -0.4943707 2.514117 0.2778921 -0.5193692 2.517883 0.03202483 -0.8625869 2.633339 0.2832771 -0.8677593 2.583241 -0.01179744 -0.9217567 2.62801 0.3187027 -0.9266174 2.540358
0.1415785 0.6395518 2.352082 0.1545998 0.4445245 2.403939 -0.009658686 0.3388665 2.413219 0.3243742 0.3521723 2.426021 -0.08421263 0.09233043 2.427809 0.4309491 0.1873953 2.418555 -0.1160087 -0.1275506 2.389085 0.3539763 0.1468458 2.229484 -0.1091902 -0.2083847 2.379951 0.3271632 0.1327206 2.168204 0.1584572 0.09564269 2.416079 0.1601687 0.02716924 2.395827 0.08448856 -0.04960422 2.388832 0.2376937 -0.04651377 2.395071 0.05399145 -0.4944456 2.514176 0.277784 -0.5191739 2.517799 0.03183555 -0.8625367 2.633677 0.2831653 -0.8674201 2.583161 -0.00843605 -0.91688 2.604106 0.3188844 -0.9265266 2.54032
0.1411694 0.6392333 2.351453 0.1544203 0.444611 2.40406 -0.009855251 0.3389558 2.413395 0.3246405 0.3511833 2.426185 -0.08468086 0.09223245 2.428383 0.4268979 0.1837791 2.413583 -0.1161555 -0.1270543 2.389748 0.3385021 0.1461077 2.229307 -0.1103055 -0.2075549 2.380885 0.3102019 0.1340471 2.174521 0.1580367 0.09554978 2.416174 0.1596727 0.02701914 2.395963 0.08380439 -0.04980639 2.389209 0.2371459 -0.04685783 2.395019 0.05381607 -0.4948639 2.514604 0.2778586 -0.5179123 2.517436 0.03129455 -0.8636662 2.634037 0.2829718 -0.8669999 2.58324 -0.007967398 -0.9168793 2.601236 0.3183171 -0.9255471 2.542193
0.1409923 0.6390559 2.3513 0.1543233 0.4446487 2.404121 -0.01027262 0.3388303 2.413734 0.3244463 0.3502728 2.426044 -0.0850504 0.09259512 2.429005 0.4237199 0.1790966 2.409479 -0.1164658 -0.1262499 2.390188 0.3306189 0.1195082 2.234161 -0.1108964 -0.2069249 2.381365 0.2892077 0.138134 2.174986 0.1576751 0.09542833 2.416258 0.159193 0.02683533 2.396104 0.08321924 -0.05000421 2.389625 0.2365357 -0.04718284 2.394948 0.05359261 -0.4944732 2.514579 0.2778177 -0.5183567 2.517575 0.03160362 -0.8642794 2.634542 0.2828847 -0.8676708 2.583316 -0.001236156 -0.9177863 2.595711 0.3184053 -0.9258383 2.541849
0.1410388 0.6390257 2.351099 0.154239 0.444633 2.40418 -0.01058457 0.3389784 2.414059 0.3243097 0.3497586 2.425865 -0.08561163 0.09277236 2.429871 0.416133 0.1721085 2.404544 -0.1166249 -0.1258495 2.390744 0.3170517 0.1092963 2.234059 -0.1112188 -0.2066297 2.381595 0.2744735 0.1415379 2.18526 0.1571837 0.09550469 2.41633 0.1585416 0.02694464 2.396226 0.08251123 -0.04992313 2.3901 0.2355782 -0.04706715 2.394716 0.05359211 -0.4948713 2.51489 0.2768103 -0.5050761 2.513672 0.03103549 -0.8674089 2.636929 0.2828331 -0.8670731 2.583313 -0.00240276 -0.9180123 2.594849 0.317465 -0.9250923 2.542108
0.1410037 0.6390569 2.351108 0.1539451 0.4445808 2.404171 -0.01110259 0.3390729 2.414486 0.323977 0.349215 2.425494 -0.0863627 0.0926366 2.431257 0.4127647 0.1661966 2.399441 -0.1170382 -0.1259425 2.391082 0.2958509 0.1230854 2.234668 -0.1114659 -0.2065818 2.381798 0.2599498 0.1433477 2.19006 0.156688 0.09568054 2.416461 0.1579381 0.02717062 2.39648 0.08204626 -0.04976497 2.390536 0.2347751 -0.04680583 2.394881 0.05253533 -0.4951721 2.515392 0.2763107 -0.5101051 2.515617 0.03116672 -0.8669309 2.636566 0.2828802 -0.8668042 2.583245 -0.002918728 -0.9175922 2.595086 0.3171254 -0.9244925 2.54283
0.1411213 0.6386679 2.350529 0.1533875 0.4441567 2.404223 -0.01168714 0.3391807 2.41482 0.3237521 0.3488071 2.425264 -0.08703152 0.092472 2.432165 0.4078687 0.1625557 2.395094 -0.1176565 -0.1254864 2.391976 0.2927112 0.1135608 2.230764 -0.11159 -0.2062921 2.382323 0.2575349 0.1371135 2.197757 0.1558143 0.09554023 2.416525 0.1569544 0.02708965 2.396628 0.08110127 -0.04985862 2.390772 0.2336318 -0.04703286 2.394965 0.05139132 -0.4952746 2.515546 0.2763 -0.5101023 2.515604 0.03106582 -0.8665699 2.636312 0.2823499 -0.8643931 2.584059 -0.003974615 -0.9203222 2.599813 0.3185081 -0.9241112 2.543725
0.1409823 0.6385159 2.350392 0.1530345 0.4439162 2.404224 -0.01219678 0.3390119 2.415047 0.3232189 0.3485011 2.424852 -0.08790068 0.09242173 2.433316 0.4057677 0.1611704 2.393482 -0.1180307 -0.125688 2.393277 0.2911456 0.09929305 2.233532 -0.1121812 -0.206487 2.383472 0.2604129 0.1204681 2.205574 0.1550397 0.09528919 2.416591 0.156043 0.02682765 2.396807 0.0802711 -0.05006376 2.390888 0.2324664 -0.04738766 2.395307 0.05117505 -0.4954948 2.515657 0.276078 -0.5125064 2.516683 0.03108513 -0.8662989 2.635545 0.2842237 -0.8652964 2.582718 -0.003401797 -0.9196479 2.597951 0.3195389 -0.9255353 2.543882
0.1405031 0.6383119 2.350038 0.1515634 0.4436454 2.404194 -0.01314326 0.3386035 2.41546 0.321185 0.3490277 2.423151 -0.08871784 0.0920497 2.434669 0.403122 0.1596696 2.3911 -0.1187472 -0.1261981 2.394045 0.2917604 0.08791491 2.233148 -0.1129106 -0.2074032 2.384525 0.2823543 0.09488937 2.224163 0.1542608 0.0950461 2.416577 0.1552472 0.02658405 2.396883 0.07988394 -0.05019407 2.390936 0.2315283 -0.04754318 2.395437 0.05130223 -0.4955194 2.515767 0.275871 -0.5131976 2.516983 0.03106925 -0.8662352 2.63558 0.2842368 -0.864667 2.582164 -0.003777461 -0.9193765 2.59803 0.3199001 -0.9257697 2.543743
0.1399313 0.6379739 2.34988 0.1509992 0.4435512 2.404291 -0.01405253 0.3383363 2.415714 0.3206554 0.349447 2.422531 -0.08959811 0.09195579 2.435274 0.3999294 0.1587436 2.38613 -0.1193656 -0.1264394 2.394423 0.2921001 0.07379386 2.232714 -0.1136592 -0.2086767 2.386063 0.230821 0.04692135 2.171993 0.1538595 0.09514306 2.416659 0.1548154 0.02670626 2.397053 0.07961853 -0.05012577 2.391031 0.2310437 -0.0474576 2.395697 0.05131038 -0.4955151 2.515767 0.2756237 -0.5155602 2.517813 0.03172154 -0.8665649 2.634126 0.2864949 -0.8651555 2.58278 -0.006950021 -0.9240363 2.608629 0.3211647 -0.9265742 2.545116
0.1394452 0.637521 2.349506 0.1499042 0.443197 2.404289 -0.01511385 0.3381749 2.41613 0.3188789 0.3504538 2.420557 -0.09096285 0.09184755 2.435682 0.3997969 0.1588981 2.385981 -0.1202755 -0.1261726 2.395735 0.2954549 0.06885616 2.233104 -0.1145449 -0.2092677 2.387298 0.2336933 0.04459877 2.171762 0.153108 0.09514864 2.416699 0.1539554 0.02676018 2.3972 0.07903288 -0.05011211 2.391205 0.2300115 -0.04728179 2.395846 0.05071122 -0.494055 2.51516 0.2756017 -0.5158186 2.517854 0.03192391 -0.8653875 2.631967 0.2852682 -0.8651998 2.582995 -0.01185567 -0.9227239 2.616324 0.3204127 -0.9262986 2.545459
0.1394281 0.6375318 2.34952 0.1491275 0.443282 2.404287 -0.01610156 0.3380651 2.416543 0.3184546 0.3504768 2.420282 -0.09185407 0.09130968 2.436507 0.4001399 0.1593427 2.386393 -0.1212537 -0.1252595 2.396994 0.2987428 0.06899664 2.231556 -0.1156275 -0.2095644 2.38861 0.2944037 0.08012762 2.21039 0.1527715 0.09514926 2.41667 0.1536472 0.02674236 2.397259 0.07875843 -0.0501823 2.391215 0.2298128 -0.04728807 2.395955 0.05086146 -0.4943916 2.515515 0.2755582 -0.5160899 2.518173 0.03211122 -0.8657393 2.63286 0.2847893 -0.8634849 2.582497 -0.01303457 -0.9215198 2.615578 0.3205106 -0.9261934 2.545296
0.1389198 0.6371549 2.348816 0.1486658 0.4431319 2.404065 -0.01684337 0.338138 2.416699 0.318363 0.3501743 2.420053 -0.09303693 0.0911132 2.436977 0.4000461 0.1592744 2.386281 -0.1224926 -0.1237356 2.398178 0.3036501 0.0842113 2.219531 -0.116701 -0.2083013 2.389182 0.275948 0.1005522 2.181575 0.1522049 0.09516715 2.416559 0.1530322 0.02677479 2.397295 0.07786415 -0.05021054 2.391405 0.2294039 -0.04737771 2.395961 0.05070736 -0.4933578 2.515297 0.2754947 -0.5159992 2.518082 0.03241321 -0.8649849 2.632465 0.2845364 -0.8613266 2.582485 -0.01313737 -0.9202729 2.614686 0.3207373 -0.9257255 2.54579
0.1389025 0.6373346 2.348579 0.1483659 0.4431396 2.403875 -0.01737891 0.3380787 2.416628 0.3182828 0.3498592 2.419907 -0.09583533 0.0895768 2.438333 0.4021161 0.162591 2.388528 -0.123226 -0.1232836 2.398906 0.3119647 0.09022268 2.216773 -0.1178642 -0.2073534 2.390562 0.2847058 0.1102789 2.180491 0.1515068 0.09507645 2.416316 0.1522419 0.02664633 2.397167 0.07661887 -0.05041031 2.391428 0.2287974 -0.04764523 2.395755 0.05042485 -0.4940263 2.516598 0.275472 -0.5159847 2.518016 0.03150991 -0.8661251 2.633595 0.2837824 -0.8621503 2.582792 -0.01145604 -0.9193214 2.605823 0.3223321 -0.9262491 2.553798
0.1385064 0.6370108 2.347392 0.1479369 0.4430248 2.40352 -0.01795302 0.3378409 2.416507 0.3184102 0.3491082 2.419841 -0.09687373 0.08903743 2.438821 0.4070486 0.1651038 2.385281 -0.1243768 -0.122356 2.400358 0.3121795 0.1372281 2.202593 -0.1199441 -0.2057803 2.391646 0.295368 0.1322883 2.172549 0.1510399 0.09501224 2.416018 0.1517853 0.02657512 2.397009 0.0758914 -0.05064295 2.391367 0.2285331 -0.04781112 2.395561 0.05030377 -0.4940617 2.516717 0.2733996 -0.5044938 2.513548 0.03181893 -0.8656333 2.633836 0.2836389 -0.8611456 2.584069 -0.009912618 -0.9215183 2.609693 0.3181669 -0.9229695 2.550762
0.1379656 0.6366198 2.346121 0.1470632 0.4426848 2.403192 -0.0182164 0.3376237 2.416055 0.3184969 0.3488232 2.419799 -0.09731965 0.08886623 2.438874 0.4233871 0.1754152 2.38206 -0.1257868 -0.1224265 2.40077 0.3246993 0.1514044 2.200967 -0.1204957 -0.2060186 2.392657 0.3062661 0.1469196 2.169598 0.1505962 0.09486381 2.415787 0.1514493 0.02643954 2.39693 0.07544126 -0.05086327 2.391268 0.2284142 -0.04795311 2.395532 0.04971565 -0.4939587 2.517133 0.2736397 -0.5049495 2.5134 0.03531699 -0.8619502 2.634327 0.2827504 -0.8606373 2.585216 -0.009970214 -0.9181595 2.618946 0.3180281 -0.922377 2.551506
0.1372721 0.636026 2.344682 0.1466185 0.4422663 2.402399 -0.0184695 0.337574 2.415676 0.3182698 0.3488361 2.419702 -0.09774785 0.08897021 2.438735 0.4294403 0.1814416 2.383144 -0.126878 -0.1226308 2.401214 0.3355257 0.1629854 2.198645 -0.122273 -0.2063134 2.395072 0.3183702 0.159614 2.167345 0.1503252 0.09470016 2.415299 0.151237 0.02627975 2.396677 0.07520607 -0.05100897 2.391011 0.2283339 -0.04805104 2.395415 0.05012616 -0.5063872 2.523641 0.2737578 -0.5086249 2.514366 0.03629891 -0.8615959 2.634296 0.2825087 -0.86171 2.584366 -0.009555731 -0.9183483 2.623204 0.320041 -0.92325 2.551036
0.1372568 0.6360286 2.34455 0.1461155 0.4422058 2.401942 -0.01858726 0.3376462 2.415416 0.3172296 0.3492031 2.419224 -0.09830393 0.08907019 2.438232 0.435559 0.1902981 2.383834 -0.1281772 -0.1232312 2.402482 0.3662981 0.1649069 2.188807 -0.1233882 -0.2067288 2.396942 0.3592178 0.1623112 2.170214 0.1500823 0.09458058 2.415 0.1510195 0.02612437 2.396609 0.07507923 -0.05110854 2.390941 0.2281902 -0.04806284 2.395448 0.04947439 -0.5050252 2.522947 0.2734334 -0.511503 2.514945 0.03633574 -0.8614451 2.634123 0.2831725 -0.8616698 2.584556 -0.008165434 -0.916218 2.612544 0.3205214 -0.9233428 2.550696
0.1372003 0.6359434 2.344176 0.145966 0.4422554 2.401653 -0.01887887 0.33761 2.414945 0.3159891 0.3492846 2.418652 -0.09848958 0.08897926 2.437663 0.4438918 0.1917004 2.38569 -0.1284677 -0.1236336 2.402728 0.3851568 0.1385689 2.19296 -0.1235008 -0.2071382 2.397174 0.3833715 0.1480591 2.173331 0.1500025 0.09449673 2.414657 0.1509458 0.02599934 2.396466 0.07506773 -0.05115198 2.390738 0.2281417 -0.04809598 2.395426 0.0489722 -0.5022183 2.520751 0.2733403 -0.5118066 2.515062 0.03645511 -0.8599356 2.632094 0.2831253 -0.8622667 2.584702 -0.005397618 -0.9176607 2.613073 0.3209693 -0.9237577 2.549593
0.1370669 0.6358892 2.344042 0.1456926 0.4422249 2.401244 -0.01903779 0.3376403 2.41406 0.3153733 0.3494349 2.41846 -0.09880332 0.08873856 2.435085 0.4448516 0.2078479 2.433976 -0.1292452 -0.1233896 2.401901 0.4210111 0.1217769 2.17076 -0.1243423 -0.2068921 2.39684 0.4181219 0.1283595 2.164105 0.1499321 0.09441476 2.414327 0.1509467 0.02588452 2.396361 0.0751536 -0.05124117 2.390496 0.2281475 -0.04810859 2.395436 0.0492733 -0.5013913 2.519005 0.2733041 -0.5038548 2.512028 0.03617774 -0.8617722 2.632789 0.28303 -0.8619033 2.584464 -0.006284241 -0.9174147 2.609421 0.3203607 -0.9238117 2.546016
0.1371125 0.6357365 2.343627 0.1456457 0.4421579 2.401147 -0.01931115 0.3374102 2.413034 0.3150986 0.3495547 2.418561 -0.09923072 0.08836621 2.433005 0.4482343 0.2108387 2.432132 -0.1294232 -0.1239686 2.40145 0.4929745 0.1145599 2.253912 -0.1244939 -0.2073364 2.396315 0.4500119 0.1192098 2.171686 0.1498836 0.0943815 2.414029 0.1509797 0.02585152 2.396233 0.07527508 -0.0512853 2.390075 0.2281704 -0.04810144 2.395429 0.0494752 -0.50113 2.518021 0.2737481 -0.5065283 2.512675 0.03476597 -0.8623422 2.630678 0.2825769 -0.8606953 2.583648 -0.004689097 -0.9155098 2.5981 0.3200746 -0.9227696 2.547415
0.1369796 0.6356959 2.3436 0.1455761 0.4421666 2.400995 -0.01955275 0.3372789 2.4123 0.3148804 0.3495223 2.418391 -0.09938246 0.08830048 2.431447 0.4503903 0.2115193 2.425893 -0.1293865 -0.1241443 2.400713 0.5042006 0.1042311 2.257462 -0.1245933 -0.2084159 2.393214 0.4635315 0.11453 2.167923 0.1498675 0.09433313 2.413682 0.1510201 0.02578482 2.396028 0.07537298 -0.05132106 2.389527 0.2282192 -0.04813186 2.395404 0.04965403 -0.4977222 2.514825 0.2744607 -0.511363 2.51366 0.03467415 -0.8618492 2.629716 0.2825766 -0.8609661 2.584043 -0.004689645 -0.9176965 2.601861 0.3199864 -0.9235928 2.546163
0.136806 0.6355838 2.343389 0.1455192 0.4421732 2.400858 -0.01955192 0.3370109 2.411338 0.3147299 0.3496538 2.418244 -0.1000708 0.08775325 2.429021 0.4515029 0.2117688 2.420688 -0.1303363 -0.124102 2.399101 0.5131786 0.09469961 2.262592 -0.1249866 -0.2083436 2.390986 0.4779853 0.1164345 2.15907 0.14994 0.09417488 2.413191 0.1512066 0.02558577 2.395571 0.07573481 -0.05153502 2.388741 0.2284021 -0.04820851 2.395166 0.04984668 -0.496544 2.512602 0.2743443 -0.5116659 2.513427 0.0333691 -0.8623271 2.628408 0.2819259 -0.8633423 2.584837 -0.004149862 -0.9209237 2.603844 0.3201895 -0.9239643 2.546339
0.1368393 0.6356263 2.343347 0.1458238 0.4425434 2.400673 -0.0193741 0.3369641 2.410563 0.3141327 0.3496831 2.417285 -0.1001445 0.08774075 2.427973 0.4517386 0.2128463 2.42076 -0.1305141 -0.1240755 2.395853 0.5345876 0.09458008 2.274691 -0.1253284 -0.2080865 2.387321 0.4878131 0.1272975 2.160596 0.150123 0.09406151 2.41258 0.1513705 0.02537417 2.394858 0.07599431 -0.05155191 2.387659 0.2284621 -0.0482638 2.394673 0.05004678 -0.4964082 2.51236 0.2741776 -0.5118527 2.51347 0.03383376 -0.8618438 2.628549 0.2819185 -0.8633742 2.584826 -0.008820873 -0.9206541 2.615663 0.3195587 -0.9237788 2.546894
0.1366036 0.6356166 2.342798 0.1460658 0.44257 2.400308 -0.0192054 0.3367444 2.409693 0.3139489 0.3496996 2.416828 -0.1001239 0.08744815 2.426405 0.4546659 0.210762 2.423981 -0.1302448 -0.1235497 2.393327 0.5373385 0.1129058 2.262143 -0.1250632 -0.2064914 2.383194 0.5091829 0.1572368 2.179468 0.1503272 0.09389128 2.411867 0.1515919 0.02518484 2.394088 0.07621462 -0.05165829 2.386823 0.2286711 -0.04831141 2.393978 0.05003257 -0.4964406 2.512243 0.2746416 -0.5126671 2.513574 0.03394997 -0.8617561 2.629368 0.2816824 -0.863341 2.58449 -0.007753074 -0.9210876 2.615795 0.3199279 -0.9241166 2.547223
0.1370486 0.6355786 2.342149 0.1462493 0.4425441 2.399515 -0.01869205 0.3366994 2.408709 0.3142721 0.349865 2.416633 -0.09981123 0.08739741 2.425008 0.4546521 0.2108088 2.424144 -0.1297975 -0.1231143 2.389883 0.535557 0.1481809 2.24351 -0.1238293 -0.2059062 2.379803 0.5226276 0.1762675 2.183374 0.1506031 0.09392209 2.410906 0.1519446 0.02524884 2.3931 0.07657254 -0.05152903 2.385545 0.2291058 -0.04828296 2.393241 0.05028315 -0.496119 2.511494 0.2748629 -0.5118816 2.512902 0.03410134 -0.8614191 2.629595 0.2811465 -0.8619691 2.58475 -0.006897889 -0.9207998 2.614231 0.3200205 -0.9235741 2.547028
0.1374521 0.6355914 2.341358 0.1465583 0.4425182 2.39905 -0.01775785 0.3365521 2.407253 0.3148124 0.3501264 2.416386 -0.09923718 0.08718993 2.421765 0.4563346 0.2117128 2.426393 -0.1290407 -0.1231181 2.385613 0.5295527 0.1982432 2.231648 -0.1220307 -0.2066715 2.373657 0.5350255 0.2000892 2.190791 0.1508622 0.09376698 2.410271 0.152278 0.02508781 2.392397 0.0769323 -0.05168004 2.384743 0.2294328 -0.0484076 2.392627 0.05030235 -0.4961329 2.511456 0.2745964 -0.5146627 2.513135 0.03451927 -0.8615625 2.629909 0.283195 -0.8661949 2.584069 -0.004326575 -0.9216738 2.611994 0.320124 -0.9256331 2.545285
0.1380991 0.6357646 2.34068 0.146825 0.4424631 2.398933 -0.01671331 0.3365962 2.405851 0.3154078 0.3501967 2.41616 -0.09843231 0.08718333 2.419799 0.460223 0.2135547 2.429575 -0.1266749 -0.1258319 2.378425 0.5331708 0.2001028 2.234719 -0.1206073 -0.2084916 2.369836 0.5452903 0.2185344 2.192459 0.1511449 0.09358435 2.409883 0.1526538 0.02490753 2.391841 0.07734202 -0.05182469 2.384111 0.2298286 -0.04856007 2.391992 0.05047888 -0.4961751 2.511376 0.2748908 -0.5148245 2.512453 0.0342197 -0.8629057 2.63315 0.282386 -0.8670963 2.584023 -0.007804092 -0.9215463 2.617721 0.3190338 -0.9250088 2.546028
0.1382947 0.6357804 2.340274 0.147443 0.442205 2.398064 -0.0160905 0.3363682 2.404496 0.3158703 0.3503068 2.416162 -0.09699513 0.08787388 2.417181 0.4637091 0.2167036 2.432252 -0.125481 -0.1267155 2.374709 0.5467894 0.2067971 2.241565 -0.1189858 -0.209067 2.361346 0.5607345 0.2320573 2.199465 0.1515138 0.09338803 2.409194 0.153072 0.02472553 2.391141 0.07770084 -0.05202602 2.383597 0.2302692 -0.04869216 2.391191 0.05061792 -0.5179089 2.519645 0.2749889 -0.5152841 2.512043 0.03352287 -0.8631451 2.632648 0.282094 -0.8659295 2.583902 -0.006628189 -0.9179099 2.603821 0.3189969 -0.9250845 2.545993
0.1384928 0.6358052 2.340163 0.1478813 0.4422055 2.397728 -0.01543765 0.3362541 2.403263 0.3162609 0.3502311 2.416074 -0.09632021 0.08780165 2.415385 0.484611 0.2014125 2.440911 -0.1233784 -0.1273351 2.371016 0.5603069 0.2147861 2.247171 -0.1174351 -0.2089346 2.356286 0.5815909 0.2412661 2.20144 0.1519814 0.09325797 2.408737 0.153632 0.024588 2.39058 0.07826717 -0.05217215 2.383007 0.2308782 -0.04876436 2.390624 0.05184855 -0.5064137 2.512666 0.2756975 -0.5134951 2.510903 0.03346466 -0.8634673 2.63283 0.2828457 -0.8639294 2.583542 -0.004659452 -0.9199545 2.604589 0.3196219 -0.925205 2.544646
0.1386376 0.6359038 2.340195 0.1483307 0.4421662 2.397342 -0.01479875 0.3361464 2.40224 0.3165213 0.350347 2.416004 -0.09580433 0.08775309 2.414094 0.4922293 0.2054173 2.438466 -0.1223449 -0.1274869 2.368551 0.5805972 0.2186689 2.250561 -0.1154285 -0.2089715 2.353173 0.6038119 0.2404616 2.201484 0.1525148 0.0930658 2.408275 0.1542571 0.02438192 2.390011 0.07892476 -0.05238182 2.382537 0.2315367 -0.04882512 2.389939 0.05197168 -0.5052543 2.511781 0.276195 -0.5159907 2.511048 0.03149279 -0.8639104 2.631328 0.2832031 -0.8644916 2.585342 -0.008207481 -0.9197352 2.603962 0.3197696 -0.9254322 2.544563
0.1389318 0.6359745 2.340061 0.1484172 0.4421185 2.397234 -0.01405948 0.3359365 2.400912 0.317397 0.3506131 2.416199 -0.09524045 0.08765989 2.41289 0.4938679 0.2262954 2.438112 -0.1209775 -0.1275915 2.365353 0.6117476 0.2187559 2.268207 -0.1132735 -0.2092157 2.34823 0.6414393 0.2344741 2.207672 0.1528988 0.09305505 2.407851 0.1548538 0.02444361 2.389337 0.07968714 -0.05235827 2.381479 0.2322876 -0.0487626 2.389321 0.05202252 -0.5040525 2.510504 0.2760949 -0.5178824 2.511801 0.03168912 -0.8640051 2.631098 0.2831233 -0.8655053 2.585354 -0.007713854 -0.9197612 2.603176 0.3198359 -0.9258829 2.544058
0.139121 0.6359631 2.340053 0.1484629 0.4420277 2.397022 -0.01365186 0.3356571 2.400169 0.3178787 0.3507252 2.41622 -0.09473392 0.08699447 2.411549 0.5003727 0.2324995 2.434398 -0.1199493 -0.1277067 2.361626 0.6333495 0.2208255 2.27735 -0.1112687 -0.2105272 2.34448 0.6682746 0.2313906 2.211626 0.1531729 0.09294893 2.407548 0.1552525 0.02436762 2.388842 0.08019768 -0.05248693 2.380826 0.2327671 -0.04882294 2.388877 0.05205124 -0.5013494 2.50826 0.2761317 -0.5181096 2.511856 0.03176671 -0.8702283 2.636434 0.2830243 -0.8654806 2.585002 -0.01864442 -0.923239 2.626994 0.320202 -0.9259865 2.543669
0.1391363 0.6359622 2.340034 0.1484696 0.4420103 2.397002 -0.01333746 0.3355697 2.399569 0.3187287 0.3511301 2.415866 -0.09436329 0.08691522 2.411 0.5132545 0.2300006 2.428481 -0.118893 -0.1282343 2.35965 0.6559162 0.2246806 2.280621 -0.1097058 -0.211375 2.343059 0.686358 0.2333144 2.226928 0.1534495 0.09300528 2.407465 0.1556521 0.02449457 2.38853 0.08062241 -0.05243608 2.380419 0.2334054 -0.04867797 2.388522 0.05207798 -0.5005656 2.507831 0.2760338 -0.5180638 2.511738 0.0312928 -0.8635235 2.630295 0.2831145 -0.8654548 2.584577 -0.00593986 -0.9198509 2.6006 0.3203679 -0.9262041 2.543691
0.1392229 0.6359277 2.340079 0.1486314 0.4420538 2.396765 -0.01308413 0.335556 2.399241 0.3195268 0.3515111 2.415096 -0.09396687 0.0872099 2.409889 0.52073 0.2356923 2.423769 -0.1183415 -0.1283746 2.358539 0.6701627 0.2291368 2.283511 -0.1088772 -0.2111197 2.341599 0.7112712 0.2495152 2.22475 0.1536967 0.09300896 2.407312 0.1558758 0.02450006 2.388228 0.08083162 -0.05247295 2.380133 0.2336409 -0.04868345 2.388228 0.05226669 -0.5006098 2.507776 0.2761115 -0.5182152 2.511933 0.03131593 -0.8644856 2.632294 0.2832513 -0.8652256 2.58359 -0.004959695 -0.9191353 2.59855 0.3196227 -0.9256491 2.544218
0.1392657 0.6359763 2.339996 0.1488101 0.4421411 2.396326 -0.01285955 0.3354936 2.398955 0.3205298 0.3514158 2.413947 -0.09364667 0.08752307 2.408891 0.5254099 0.2379437 2.421056 -0.1181914 -0.1296379 2.357458 0.6780549 0.2372727 2.284494 -0.1086723 -0.2112601 2.340521 0.7162396 0.2574002 2.2257 0.1540209 0.09305403 2.407 0.1561588 0.02454111 2.387793 0.08102663 -0.05247301 2.379798 0.2340468 -0.04871126 2.387728 0.05273271 -0.4990774 2.506737 0.276232 -0.5184851 2.511902 0.03195929 -0.8645946 2.632459 0.2833237 -0.8646349 2.582429 -0.006823096 -0.9227021 2.608774 0.3185412 -0.925591 2.543588
0.1393642 0.6360149 2.340011 0.1499985 0.4423239 2.395808 -0.01241716 0.3354436 2.398592 0.3214942 0.3514546 2.412874 -0.09305345 0.0879629 2.408541 0.5279809 0.2405626 2.419717 -0.1180051 -0.1293509 2.356896 0.6826651 0.2436843 2.285751 -0.1086399 -0.2111107 2.340079 0.7193463 0.276547 2.224613 0.1544813 0.09314456 2.406679 0.1564669 0.02461389 2.387386 0.08115066 -0.05244353 2.379592 0.2343495 -0.04865617 2.387139 0.05270363 -0.4988215 2.506496 0.2764399 -0.5179397 2.511271 0.0319888 -0.864691 2.632506 0.2821572 -0.8636773 2.581296 -0.004860308 -0.9210261 2.602334 0.31896 -0.925414 2.543477
0.1393735 0.6360106 2.34002 0.1508203 0.4423251 2.395334 -0.01212107 0.3354026 2.398342 0.3220112 0.3517042 2.41241 -0.09267193 0.08816395 2.408473 0.5304407 0.2423267 2.419148 -0.1177243 -0.1287269 2.357046 0.6845388 0.252219 2.28479 -0.108868 -0.210353 2.340531 0.7209694 0.2875708 2.224826 0.1549502 0.09325742 2.406341 0.1568499 0.02474168 2.386972 0.08134214 -0.05240598 2.379408 0.2347797 -0.0484762 2.386498 0.05263106 -0.4980756 2.506168 0.2738769 -0.499027 2.502751 0.03143443 -0.8646129 2.632147 0.2822227 -0.8635637 2.581207 -0.007935386 -0.9226717 2.609332 0.3190077 -0.9252657 2.543557
0.1398191 0.636266 2.339797 0.1518101 0.4425205 2.394935 -0.0119221 0.3353683 2.398127 0.3230147 0.3517325 2.412089 -0.09202899 0.0882991 2.408443 0.5321714 0.2433468 2.419135 -0.1175824 -0.1284376 2.357102 0.6853858 0.2588929 2.284242 -0.1087618 -0.2099259 2.340652 0.7177596 0.2941284 2.228099 0.1553984 0.09349231 2.406056 0.1571984 0.02497825 2.386622 0.08151012 -0.05228105 2.379174 0.2350868 -0.04838627 2.386119 0.05243612 -0.4972614 2.50592 0.2754653 -0.5072841 2.506088 0.03097559 -0.8646226 2.63223 0.2822969 -0.8640378 2.581386 -0.00385431 -0.9248829 2.607792 0.3191101 -0.9250793 2.543076
0.1408779 0.6365265 2.339332 0.1522937 0.4425891 2.394758 -0.0115957 0.3352952 2.397842 0.3238328 0.3516207 2.411559 -0.09179635 0.0888702 2.408158 0.5329338 0.2440965 2.419087 -0.1175897 -0.12811 2.357705 0.6847039 0.2650682 2.283195 -0.1086628 -0.2096964 2.341949 0.7105651 0.2993509 2.231982 0.1556813 0.09357086 2.405842 0.1574226 0.02507204 2.386301 0.08164869 -0.05219832 2.378901 0.2352978 -0.04840238 2.385708 0.05232856 -0.4971388 2.50594 0.2763066 -0.5090672 2.50592 0.0308369 -0.862571 2.629848 0.2823544 -0.8641164 2.58138 -0.004335856 -0.9243186 2.610047 0.31971 -0.9254999 2.543415
0.1413039 0.636618 2.339081 0.1525644 0.4424408 2.394632 -0.01137013 0.3352202 2.397705 0.3240942 0.3516208 2.411314 -0.09179195 0.08901271 2.408188 0.5329373 0.2442524 2.419098 -0.117705 -0.1285817 2.359124 0.6822463 0.2694176 2.280988 -0.1096578 -0.2104779 2.345807 0.7095961 0.30371 2.23002 0.1560108 0.09353229 2.405771 0.1577464 0.02506354 2.386149 0.08194655 -0.05222818 2.378794 0.2356423 -0.04841505 2.385512 0.05243443 -0.4969927 2.505864 0.2767959 -0.5113995 2.506513 0.03070314 -0.8629648 2.631918 0.2822994 -0.8643364 2.581399 -0.004566388 -0.9185925 2.598706 0.3190511 -0.9255292 2.54433
0.1413283 0.6366404 2.339135 0.1536266 0.4426834 2.395029 -0.01130263 0.3352 2.397703 0.3244457 0.3515 2.411121 -0.09170355 0.08930864 2.40837 0.5328468 0.2443443 2.419399 -0.1176343 -0.1283949 2.361579 0.6794587 0.271869 2.278615 -0.1103194 -0.2099104 2.348607 0.701334 0.3047291 2.230654 0.1564672 0.0937079 2.405796 0.1581128 0.02527 2.385985 0.08218577 -0.05205372 2.378548 0.2359616 -0.04830907 2.385327 0.05289645 -0.4966149 2.505669 0.2770281 -0.5115628 2.506292 0.03125212 -0.8640524 2.632805 0.2822982 -0.8643534 2.581408 -0.004522737 -0.9173173 2.59642 0.3194013 -0.9257962 2.542984
0.1413755 0.6366923 2.339121 0.1537518 0.4427659 2.394894 -0.01126379 0.3352163 2.397705 0.3245494 0.3514971 2.411072 -0.09148486 0.08947692 2.408687 0.5323842 0.2440781 2.419876 -0.1178157 -0.1284455 2.364559 0.6733224 0.2739275 2.273344 -0.1105863 -0.2094186 2.354623 0.6939828 0.3044071 2.229529 0.1565887 0.09376467 2.405789 0.1582233 0.02532565 2.38587 0.08227432 -0.05199703 2.378408 0.2360611 -0.04829569 2.385251 0.05263859 -0.4958125 2.505069 0.2771918 -0.5157286 2.507578 0.03190225 -0.8642393 2.633018 0.2833241 -0.8685855 2.581477 -0.007634707 -0.9210088 2.60742 0.3198948 -0.9269783 2.542346
0.1413382 0.6367269 2.339131 0.1541019 0.4427418 2.394916 -0.01123782 0.3352287 2.397717 0.3245672 0.3515099 2.411019 -0.09068016 0.08937117 2.41 0.5305147 0.2418222 2.420318 -0.1183394 -0.128689 2.366984 0.6635713 0.2736233 2.266342 -0.1122066 -0.209584 2.358321 0.6821303 0.3019055 2.22785 0.1567225 0.09381252 2.405847 0.1583237 0.02539357 2.385806 0.08236627 -0.05189546 2.378346 0.2361091 -0.04826184 2.38517 0.05247388 -0.4948554 2.503836 0.277043 -0.5155238 2.507553 0.03191674 -0.864186 2.633008 0.2829742 -0.8667703 2.580522 -0.007691104 -0.921949 2.60987 0.319996 -0.9267771 2.542008
