0.122139 0.6790518 2.33461 0.05711948 0.5051613 2.352136 -0.004014099 0.3614683 2.249865 0.1920618 0.414144 2.601938 -0.01427653 0.1082594 2.205807 0.2635594 0.21306 2.642746 0.06946546 -0.153929 2.228692 0.4324839 0.1999699 2.510995 0.0885892 -0.2441991 2.252422 0.4278832 0.2185249 2.516463 0.1270427 0.1436561 2.393115 0.1423747 0.07120765 2.40384 0.1066043 -0.004897816 2.352199 0.2041333 0.01157801 2.466942 0.02539125 -0.4974923 2.404293 0.1398111 -0.4121451 2.629544 -0.02310376 -0.8767996 2.424524 0.08622603 -0.815841 2.725669 0.04411479 -0.9469163 2.399652 0.1138812 -0.8674994 2.799569
0.1226496 0.6795048 2.335779 0.05711659 0.5052344 2.352307 -0.004095817 0.3615113 2.249919 0.1920589 0.414217 2.60211 -0.0143678 0.1081519 2.205834 0.2635426 0.2131007 2.642795 0.06948548 -0.1540874 2.228528 0.4298848 0.2449467 2.510947 0.08843978 -0.2440347 2.252185 0.4274445 0.2341621 2.518479 0.1269397 0.1435241 2.393199 0.1422299 0.07103495 2.403918 0.1063895 -0.005015912 2.352378 0.2040264 0.0114558 2.466926 0.02536694 -0.496836 2.403653 0.1398871 -0.4112209 2.629711 -0.02268738 -0.8750399 2.423827 0.08620211 -0.8139832 2.725264 0.04487173 -0.9469344 2.399502 0.1055404 -0.9120112 2.698395
0.1228363 0.6796043 2.336231 0.05713501 0.5053809 2.352591 -0.004287867 0.3615277 2.250054 0.1920773 0.4143636 2.602394 -0.01443502 0.1080679 2.205893 0.2611966 0.2182024 2.647118 0.06938894 -0.1538196 2.228236 0.4304094 0.256585 2.521439 0.08805561 -0.2436322 2.251883 0.4603908 0.2774929 2.511554 0.1268394 0.1436339 2.393256 0.1420831 0.07118471 2.403952 0.1062524 -0.004969006 2.352396 0.2039333 0.0115605 2.466945 0.02520543 -0.4969614 2.403321 0.1397998 -0.4099135 2.629665 -0.02273777 -0.8754383 2.423565 0.08596925 -0.8119098 2.724638 0.04471412 -0.9471107 2.39973 0.1192804 -0.8703966 2.810057
0.1228652 0.679671 2.336266 0.05692019 0.5055604 2.35244 -0.004718346 0.3616386 2.250273 0.1918625 0.4145431 2.602242 -0.01446654 0.1080251 2.205889 0.2596405 0.2202683 2.647575 0.06929681 -0.1539022 2.228115 0.4324381 0.2719862 2.533293 0.08763931 -0.2424107 2.251432 0.4581403 0.2837886 2.516133 0.1267534 0.1437493 2.39326 0.1420012 0.07132156 2.403978 0.1062295 -0.004965683 2.352394 0.2039048 0.01172195 2.467106 0.02516061 -0.4970023 2.403242 0.1398918 -0.408804 2.629859 -0.02299629 -0.8760492 2.424083 0.08600019 -0.8104665 2.724496 0.04495529 -0.947288 2.399766 0.1058546 -0.9144499 2.703518
0.1232713 0.6798134 2.336642 0.05691651 0.5056056 2.352453 -0.004752059 0.3616498 2.250375 0.1918588 0.4145883 2.602256 -0.01458723 0.1081274 2.205985 0.2591864 0.2212711 2.64816 0.06925888 -0.1541857 2.227934 0.4366977 0.2843894 2.549825 0.08762212 -0.2424822 2.251437 0.4721836 0.3042767 2.525091 0.1267162 0.1437101 2.393291 0.1419475 0.07126299 2.404019 0.1060587 -0.005042644 2.35259 0.2038848 0.0117464 2.467093 0.02511507 -0.497217 2.403129 0.1399206 -0.407198 2.630055 -0.02307075 -0.8761978 2.423949 0.08243045 -0.82473 2.717159 0.04482969 -0.9472302 2.399998 0.1053016 -0.9113104 2.708131
0.1232698 0.6798617 2.336921 0.05676869 0.5056234 2.352727 -0.004944446 0.3616235 2.25047 0.191711 0.4146061 2.60253 -0.01524973 0.1101109 2.206012 0.2528842 0.2338171 2.667145 0.06915811 -0.154033 2.227917 0.4309326 0.2833452 2.561252 0.08688151 -0.242132 2.251149 0.4750502 0.306246 2.53404 0.1265467 0.1437912 2.39335 0.1417514 0.07138287 2.404049 0.1058287 -0.004937659 2.352645 0.2037126 0.01194274 2.467052 0.02479582 -0.4972212 2.402943 0.1396657 -0.4059516 2.629819 -0.02322926 -0.8765791 2.424241 0.08233504 -0.8248203 2.717179 0.04434664 -0.9471903 2.399912 0.120229 -0.9167709 2.743515
0.123693 0.6802751 2.3377 0.05668199 0.5056125 2.352621 -0.005128843 0.3617465 2.250609 0.1916243 0.4145952 2.602425 -0.01532529 0.1101766 2.206084 0.2553211 0.2392668 2.674283 0.06899457 -0.154001 2.227944 0.4377697 0.2825762 2.57402 0.08708324 -0.2422022 2.251137 0.4752434 0.3016506 2.545699 0.1264007 0.1438667 2.393338 0.141573 0.07150324 2.404058 0.105675 -0.004903279 2.352614 0.2035848 0.01202237 2.467172 0.02465839 -0.4972216 2.402993 0.139554 -0.4050919 2.630026 -0.02315905 -0.8765787 2.424233 0.08223891 -0.8249515 2.717419 0.04407548 -0.9470535 2.399753 0.1065015 -0.9092165 2.71378
0.1235343 0.6801866 2.337944 0.0560981 0.5052322 2.352601 -0.005540525 0.3616952 2.250868 0.1910404 0.4142148 2.602404 -0.01541566 0.1100994 2.206122 0.254124 0.2418417 2.688789 0.04969878 -0.09636816 2.214807 0.4380937 0.2745032 2.58709 0.07388632 -0.1911456 2.238457 0.4630224 0.2696465 2.582365 0.1261781 0.1438286 2.39336 0.1413968 0.07151402 2.404083 0.1055895 -0.004925615 2.352582 0.2034319 0.01198858 2.467315 0.02465994 -0.4972065 2.40297 0.1394877 -0.4050874 2.630048 -0.02378155 -0.8769851 2.425064 0.08189843 -0.8260369 2.717752 0.04374211 -0.9468958 2.399636 0.124639 -0.8673288 2.80883
0.1234482 0.6802441 2.338001 0.05558392 0.5052358 2.352528 -0.005902113 0.3616986 2.251027 0.1905262 0.4142185 2.602331 -0.01546955 0.1100066 2.206105 0.2536927 0.2431282 2.691755 0.06665229 -0.1550124 2.226818 0.4539883 0.2328269 2.628581 0.08689957 -0.2422447 2.251242 0.4462484 0.247742 2.601281 0.1256422 0.1442155 2.393385 0.1408333 0.0720422 2.404133 0.1053108 -0.004792533 2.352306 0.2029186 0.01217163 2.467967 0.02451189 -0.497432 2.402917 0.1392301 -0.4049415 2.63006 -0.02373866 -0.8769894 2.425083 0.0824958 -0.8295941 2.72145 0.04362443 -0.9466856 2.399766 0.1245974 -0.8739891 2.811359
0.123061 0.6800327 2.337311 0.05513464 0.5050971 2.35252 -0.006100084 0.3615639 2.251103 0.1900769 0.4140798 2.602323 -0.01574138 0.1094271 2.206247 0.2534322 0.2435668 2.69352 0.04399595 -0.08764202 2.209756 0.454164 0.2176161 2.638482 0.07041593 -0.1814922 2.234679 0.5450697 0.2079166 2.596421 0.1254001 0.144524 2.393461 0.1405995 0.07251991 2.40424 0.105277 -0.004773915 2.352148 0.2027398 0.01264082 2.46878 0.02437882 -0.4973562 2.402909 0.1388942 -0.4040523 2.630056 -0.0236831 -0.8770422 2.425086 0.08299106 -0.8287323 2.722354 0.04343636 -0.9465885 2.399715 0.1248547 -0.874095 2.811892
0.1224413 0.6798555 2.336483 0.05436476 0.5045362 2.351997 -0.006677969 0.3613589 2.251118 0.189307 0.4135189 2.601799 -0.01604264 0.1096553 2.206019 0.2686141 0.238287 2.711901 0.06849378 -0.152809 2.230084 0.4633361 0.199143 2.641457 0.08732945 -0.24255 2.251995 0.557468 0.1848756 2.608854 0.1250289 0.1446739 2.393437 0.1402345 0.07279207 2.404275 0.1050864 -0.00462195 2.352085 0.2024409 0.01273427 2.469053 0.02417477 -0.4977529 2.40333 0.138766 -0.4040159 2.630139 -0.02366487 -0.8770477 2.425076 0.08264615 -0.8289354 2.721478 0.04327952 -0.9463443 2.400054 0.1084129 -0.9094618 2.714767
0.1216487 0.6801979 2.336425 0.05375677 0.5038275 2.351506 -0.00703608 0.3610869 2.25123 0.188699 0.4128103 2.601308 -0.01633291 0.1094645 2.205936 0.2637985 0.239994 2.71409 0.06848854 -0.1528073 2.230061 0.4585525 0.193763 2.649352 0.08741158 -0.24229 2.251993 0.5531446 0.1812297 2.61737 0.1245378 0.1449595 2.393446 0.1396692 0.07332877 2.404375 0.1048753 -0.004542707 2.351936 0.2018428 0.01295677 2.469856 0.02417044 -0.4979327 2.403697 0.1385931 -0.4039066 2.630287 -0.0236794 -0.8770758 2.42505 0.08239996 -0.8289844 2.721022 0.04327816 -0.946368 2.400026 0.1077269 -0.9089625 2.714488
0.1207903 0.680614 2.336406 0.0533023 0.5034943 2.351218 -0.007463023 0.360909 2.251344 0.1882446 0.412477 2.60102 -0.01697892 0.1094426 2.205739 0.2652131 0.2365238 2.718778 0.06844231 -0.1527223 2.229849 0.4597425 0.1936072 2.650431 0.0870872 -0.2419026 2.252024 0.5540786 0.1817697 2.61744 0.1238948 0.1455931 2.393259 0.1389503 0.07430331 2.4042 0.1044133 -0.004355322 2.351 0.2013665 0.01321902 2.470592 0.02417288 -0.498821 2.404157 0.1380185 -0.4033747 2.630274 -0.02344751 -0.8784372 2.424322 0.08180626 -0.8286616 2.720241 0.0432045 -0.9464297 2.399996 0.112734 -0.8672599 2.79443
0.1205615 0.6807812 2.336496 0.0532058 0.5033761 2.351236 -0.007583031 0.3608286 2.251394 0.1881481 0.4123589 2.601039 -0.01804399 0.1095225 2.205743 0.2651204 0.2365986 2.718915 0.04737126 -0.104295 2.216866 0.4653413 0.2043493 2.665869 0.07527977 -0.1976766 2.241942 0.5582232 0.1952264 2.628219 0.1236658 0.145744 2.393201 0.1386994 0.07453176 2.40412 0.1041989 -0.004309254 2.350632 0.2011756 0.01322781 2.470719 0.02415955 -0.4983259 2.404125 0.1377241 -0.4032354 2.630242 -0.02336185 -0.8784006 2.424234 0.08138081 -0.8286748 2.71959 0.04317991 -0.9464915 2.39996 0.1033782 -0.9064519 2.701124
0.1204871 0.6809487 2.336702 0.0531022 0.5033506 2.351331 -0.008067355 0.360926 2.251734 0.1880444 0.4123333 2.601134 -0.0196947 0.1096764 2.205986 0.2642468 0.2379897 2.719632 0.04440576 -0.09486187 2.215406 0.4654403 0.2249495 2.66093 0.0717523 -0.1885941 2.239784 0.5601177 0.2263125 2.626839 0.1235593 0.1459066 2.393245 0.1386093 0.07473776 2.404152 0.1041479 -0.004283283 2.350491 0.2011544 0.01325869 2.470956 0.02406943 -0.4984067 2.404255 0.1376692 -0.4032547 2.630252 -0.02330677 -0.878328 2.42429 0.08126304 -0.8288124 2.719138 0.04299197 -0.9464374 2.399925 0.1193855 -0.8707051 2.807184
0.1206906 0.6817483 2.337394 0.05273177 0.5041803 2.351914 -0.008244935 0.3609217 2.25194 0.187674 0.4131631 2.601717 -0.02082281 0.1098369 2.206155 0.2630141 0.241344 2.721119 0.04421059 -0.09432213 2.215274 0.464573 0.236118 2.662465 0.07153864 -0.1879698 2.239996 0.554043 0.2555774 2.6207 0.1235952 0.1463156 2.39361 0.1387306 0.07508001 2.404495 0.1042581 -0.004269743 2.350523 0.2014378 0.01353512 2.471785 0.02404308 -0.4983404 2.404293 0.1375877 -0.4026965 2.631023 -0.02329558 -0.8784772 2.424316 0.08128487 -0.8284663 2.719177 0.04290571 -0.9465026 2.399929 0.1047061 -0.9120789 2.685528
0.1214284 0.6825171 2.338241 0.05253739 0.5049641 2.352508 -0.008260377 0.3609101 2.252163 0.1874796 0.4139469 2.602311 -0.02170878 0.1098585 2.206224 0.2626354 0.2474289 2.725542 0.0439951 -0.09439694 2.215304 0.4606344 0.2738335 2.659212 0.07014544 -0.188389 2.239992 0.5506451 0.2938693 2.618906 0.1236442 0.1464705 2.393881 0.1388271 0.0751605 2.404737 0.1043793 -0.004301231 2.350576 0.2015938 0.01349838 2.472286 0.02360525 -0.4990248 2.404517 0.1376544 -0.4028058 2.631205 -0.02350867 -0.8795277 2.42415 0.07958814 -0.8286704 2.718123 0.04264772 -0.9468483 2.400182 0.1073193 -0.8817354 2.782854
0.1230022 0.6836016 2.339819 0.05266355 0.5062448 2.353399 -0.008252546 0.3611196 2.252502 0.1876058 0.4152276 2.603202 -0.02272035 0.1102565 2.20621 0.261156 0.252477 2.729023 0.04366587 -0.09446424 2.215375 0.45829 0.2819975 2.66113 0.06980635 -0.1884525 2.240089 0.5464978 0.3099211 2.621538 0.1238673 0.1480195 2.394732 0.139123 0.07670718 2.405564 0.1046038 -0.003983264 2.350471 0.2022044 0.01442656 2.474471 0.02351937 -0.4989609 2.404634 0.1375154 -0.4006596 2.632187 -0.02354235 -0.8790563 2.424203 0.07722495 -0.8229299 2.717218 0.04256199 -0.9467825 2.400238 0.104871 -0.902165 2.695941
0.1255785 0.6848022 2.342618 0.05331107 0.5076233 2.355054 -0.008160697 0.3612851 2.252902 0.1882533 0.4166062 2.604857 -0.02377878 0.1109874 2.20613 0.2563053 0.266033 2.731197 0.0428965 -0.09423773 2.215318 0.4554226 0.2952368 2.670883 0.06936194 -0.1881446 2.239996 0.5435588 0.3218232 2.630226 0.1239635 0.147717 2.395369 0.1392023 0.07611079 2.406208 0.1048146 -0.004156707 2.350804 0.2018206 0.01166127 2.475503 0.02350039 -0.4990478 2.404629 0.140249 -0.4354574 2.636238 -0.0236242 -0.8788209 2.424067 0.07737986 -0.8520223 2.71672 0.04114802 -0.9460819 2.400611 0.1119445 -0.9192992 2.689509
0.1269801 0.6856939 2.343427 0.05437732 0.5092615 2.35589 -0.00796138 0.3617088 2.253479 0.1893195 0.4182443 2.605693 -0.02553963 0.1120857 2.205988 0.2562419 0.2682326 2.731596 0.04237838 -0.09426083 2.215515 0.4558735 0.3039447 2.678548 0.06864519 -0.1882751 2.239995 0.5427665 0.3336048 2.637343 0.1244676 0.1502035 2.395868 0.1396123 0.07873999 2.406579 0.1050668 -0.003746343 2.349986 0.2026897 0.01333619 2.477392 0.02348603 -0.4991744 2.404732 0.1367395 -0.3989032 2.634367 -0.02393024 -0.8791692 2.423691 0.07366135 -0.8192467 2.714184 0.04113539 -0.9461091 2.400662 0.1046807 -0.9047946 2.697102
0.127763 0.6863251 2.343984 0.05477454 0.510752 2.356294 -0.007749856 0.3619345 2.253818 0.1897168 0.4197348 2.606097 -0.02590821 0.1121982 2.2059 0.2554337 0.2756661 2.731275 0.04083944 -0.09160568 2.215101 0.4570289 0.3077276 2.685777 0.06691794 -0.1857559 2.239258 0.5441136 0.3375007 2.645062 0.1244149 0.1515743 2.396255 0.1394982 0.08003969 2.406932 0.1049892 -0.003490183 2.349749 0.2027467 0.01471188 2.478543 0.02346431 -0.4991698 2.404862 0.1363578 -0.3963193 2.63422 -0.02394846 -0.879122 2.423562 0.07836357 -0.8230426 2.717911 0.0412073 -0.9460763 2.400655 0.1109523 -0.8774728 2.787055
0.1282842 0.6866325 2.34418 0.05492558 0.5116194 2.356428 -0.007548405 0.3621651 2.254061 0.1898678 0.4206023 2.606231 -0.02631093 0.1127929 2.205779 0.2543104 0.2773714 2.732457 0.04058542 -0.09117386 2.215086 0.4586926 0.3060705 2.709089 0.0660443 -0.1855046 2.239199 0.5540815 0.3282898 2.685955 0.1244403 0.1513321 2.39673 0.1395209 0.07946981 2.407628 0.1052449 -0.003696691 2.350261 0.2023102 0.0129331 2.47967 0.02352439 -0.4990318 2.404864 0.1393567 -0.4309753 2.639054 -0.02381685 -0.8795533 2.42353 0.09051806 -0.8586386 2.72354 0.04123209 -0.9461942 2.400526 0.1086523 -0.9254945 2.682762
0.1291721 0.6870813 2.344622 0.05548969 0.5123079 2.356775 -0.00742029 0.3622654 2.254162 0.1904319 0.4212907 2.606578 -0.0265389 0.1132027 2.205957 0.2548422 0.278559 2.734118 0.04012518 -0.08980631 2.214877 0.4606358 0.2960952 2.714736 0.06563722 -0.1841264 2.238976 0.555702 0.315869 2.68829 0.1244293 0.1550778 2.39682 0.1392769 0.08422686 2.407509 0.1039616 -0.002486995 2.349532 0.2046738 0.02785263 2.479911 0.02325621 -0.4995235 2.405041 0.1233794 -0.3595363 2.647339 -0.02375677 -0.8806725 2.423074 0.07330227 -0.7868806 2.732505 0.04299838 -0.9473003 2.400689 0.09842309 -0.8877307 2.70048
0.1298282 0.6874308 2.345212 0.05581714 0.5129023 2.357186 -0.007333182 0.3623566 2.254261 0.1907593 0.421885 2.60699 -0.02641876 0.1139623 2.205928 0.2546883 0.2792038 2.734371 0.03975346 -0.08733001 2.214475 0.4612443 0.2836128 2.723795 0.06484281 -0.1817543 2.238611 0.5609747 0.287595 2.710913 0.1242006 0.1534093 2.397519 0.1388365 0.08125851 2.408415 0.1038268 -0.002916472 2.350489 0.2014422 0.01656934 2.479207 0.02316896 -0.4997223 2.405177 0.1371967 -0.4386861 2.636514 -0.02408319 -0.8817092 2.423054 0.08711942 -0.8660312 2.721679 0.04296903 -0.9473174 2.401005 0.1154364 -0.8680261 2.800185
0.129916 0.6875318 2.345311 0.05588917 0.5132063 2.357282 -0.007231076 0.3625407 2.254267 0.1908313 0.4221891 2.607085 -0.02546037 0.1140557 2.20579 0.2926044 0.2766072 2.74179 0.04023068 -0.08679942 2.214441 0.4983085 0.2608794 2.739786 0.06640647 -0.1808065 2.239047 0.5977871 0.2585871 2.724728 0.1238653 0.1523094 2.398006 0.138373 0.07959642 2.409025 0.1036883 -0.003288556 2.351229 0.2000912 0.01323205 2.47946 0.02304499 -0.5003877 2.405598 0.1372678 -0.4387245 2.636501 -0.02412319 -0.8820149 2.422922 0.08284186 -0.8485414 2.732245 0.04293211 -0.9473177 2.40106 0.1186844 -0.8786451 2.808971
0.1301955 0.6876169 2.345576 0.05601813 0.5133986 2.357416 -0.007184088 0.3626298 2.254283 0.1909603 0.4223813 2.607219 -0.0231087 0.1152483 2.205253 0.2909335 0.2772168 2.74261 0.04106008 -0.08545906 2.214208 0.4946488 0.2520002 2.752738 0.06736995 -0.179432 2.238801 0.5935411 0.23526 2.744488 0.1236475 0.1511423 2.39852 0.1380713 0.0780186 2.409608 0.1034066 -0.003592524 2.352537 0.1994885 0.0116396 2.479173 0.02317291 -0.5004409 2.406 0.1372779 -0.4387012 2.636481 -0.02396316 -0.8816922 2.422821 0.08265861 -0.8477712 2.732245 0.04302556 -0.9473166 2.401347 0.1185816 -0.8753196 2.805322
0.1302925 0.6876242 2.345705 0.05614183 0.513727 2.357716 -0.00719747 0.3626974 2.254138 0.191084 0.4227097 2.607519 -0.02131379 0.114842 2.205201 0.2851293 0.2790943 2.743304 0.04506344 -0.0884292 2.214602 0.4879301 0.2495792 2.756165 0.07052191 -0.1826889 2.238999 0.5617157 0.2415689 2.761135 0.1235102 0.1514055 2.398712 0.1378969 0.07838577 2.409779 0.103072 -0.003467413 2.352749 0.1994481 0.0129771 2.479405 0.02314127 -0.500641 2.406127 0.137769 -0.3961994 2.636009 -0.02370349 -0.8821265 2.423262 0.08153139 -0.7972196 2.73249 0.04290835 -0.9473953 2.401165 0.1028331 -0.8981745 2.698113
0.1304038 0.6877236 2.345733 0.05635056 0.5140277 2.35791 -0.007140795 0.3628397 2.254147 0.1912927 0.4230103 2.607714 -0.01886903 0.1143109 2.204957 0.262033 0.2818276 2.747926 0.04731556 -0.08852582 2.214507 0.4655539 0.2522533 2.754388 0.07631226 -0.181299 2.240594 0.5637347 0.2451372 2.733457 0.1228219 0.1535299 2.39925 0.1368808 0.08144506 2.410363 0.102965 -0.001658398 2.352737 0.1983188 0.01355133 2.480605 0.02321576 -0.5008089 2.406234 0.1412502 -0.4407934 2.635452 -0.02367257 -0.8819246 2.423363 0.08517036 -0.8479597 2.731942 0.04283244 -0.947394 2.401009 0.106552 -0.9140435 2.691479
0.1308089 0.6876464 2.345635 0.05654008 0.5141218 2.357925 -0.007129204 0.3629034 2.254124 0.1914823 0.4231045 2.607729 -0.01752423 0.1138867 2.204816 0.2588756 0.2836487 2.747987 0.04855946 -0.08687623 2.214076 0.4630358 0.2614913 2.757326 0.07726021 -0.1796678 2.240423 0.5614952 0.2645454 2.736719 0.1221367 0.1555301 2.399493 0.1358827 0.08425824 2.410627 0.1027695 -0.0005738675 2.352162 0.1971347 0.01386974 2.48246 0.0232398 -0.5007817 2.406259 0.1036705 -0.4092723 2.395034 -0.02369748 -0.8811421 2.423488 0.04739142 -0.8138865 2.491555 0.0427145 -0.9469897 2.400931 0.1232435 -0.8579952 2.456281
0.1314373 0.6878222 2.345646 0.05695893 0.5146051 2.357916 -0.006814274 0.3632966 2.253842 0.1919011 0.4235878 2.607719 -0.01507337 0.1116133 2.204489 0.2585412 0.2861013 2.748871 0.04899068 -0.0851449 2.213273 0.4639285 0.2813956 2.757458 0.07716708 -0.1780988 2.239614 0.5598259 0.2904093 2.728291 0.1225655 0.1527591 2.399986 0.136512 0.07962133 2.411315 0.1027913 -0.001719475 2.35443 0.1971442 0.01165495 2.481085 0.0232363 -0.5007797 2.406258 0.1040105 -0.4092041 2.395688 -0.02387336 -0.880874 2.423291 0.04773141 -0.8138182 2.492209 0.04245772 -0.9468241 2.401206 0.07470068 -0.8580844 2.587817
0.1321779 0.6877995 2.345745 0.05790657 0.5147743 2.358223 -0.00627731 0.363721 2.253539 0.1928488 0.423757 2.608027 -0.01393674 0.1114484 2.204276 0.2579573 0.2925345 2.748902 0.04918975 -0.08493546 2.213238 0.4627412 0.2989526 2.762167 0.07622693 -0.1783161 2.239263 0.5584068 0.315923 2.73593 0.1230018 0.1492203 2.40042 0.1368328 0.07500208 2.411669 0.1022987 -0.003030577 2.357039 0.19692 0.00898365 2.47841 0.0233034 -0.500092 2.40605 0.1038364 -0.410471 2.395649 -0.02388877 -0.8806958 2.42328 0.04785058 -0.8137635 2.492388 0.0433108 -0.9470921 2.400947 0.07010322 -0.832927 2.597104
0.1332602 0.6877186 2.345882 0.05953212 0.5149238 2.358319 -0.005652724 0.3642471 2.253495 0.1944743 0.4239065 2.608122 -0.01308657 0.1116356 2.203959 0.2581779 0.301165 2.75275 0.04924907 -0.08459555 2.213073 0.4613532 0.3286419 2.764916 0.07591192 -0.1781676 2.238795 0.5106503 0.3488334 2.739113 0.1234305 0.1485203 2.400239 0.1371623 0.07431909 2.411411 0.1019625 -0.003413646 2.357406 0.1977932 0.009346968 2.476853 0.02355215 -0.4988736 2.405324 0.09414777 -0.4064429 2.387329 -0.02365413 -0.8781322 2.423422 0.04643224 -0.776703 2.490133 0.04325828 -0.9467772 2.400577 0.06836468 -0.8076748 2.592052
0.135328 0.6880314 2.346849 0.06139519 0.5153002 2.358845 -0.004692913 0.3649208 2.25346 0.1963374 0.4242829 2.608649 -0.01226801 0.1118232 2.203743 0.2525452 0.3240826 2.754032 0.04934312 -0.08413763 2.21254 0.4559962 0.3449449 2.769967 0.07400232 -0.1784684 2.237477 0.5083489 0.361949 2.746874 0.1236475 0.1485225 2.40025 0.1372831 0.07435323 2.411381 0.101787 -0.003468542 2.357522 0.1984712 0.0104263 2.476358 0.02341152 -0.4988642 2.405174 0.09311499 -0.4049541 2.386951 -0.02362088 -0.8780473 2.423398 0.07959344 -0.7562044 2.632586 0.04398066 -0.9468441 2.400146 0.1552828 -0.80045 2.597132
0.1366502 0.6881859 2.347168 0.06252129 0.5157148 2.359061 -0.003778565 0.3655252 2.253555 0.1974635 0.4246975 2.608864 -0.01160586 0.1121589 2.203476 0.2531313 0.3258588 2.755096 0.04943937 -0.08404048 2.21172 0.4543902 0.3623179 2.770911 0.07365215 -0.1785198 2.236532 0.5475239 0.3946733 2.750724 0.1247578 0.1460117 2.400738 0.1384092 0.07110156 2.411886 0.1011687 -0.005119379 2.361802 0.1995357 0.01028451 2.473879 0.02345296 -0.4986489 2.404839 0.09304375 -0.4053569 2.38755 -0.02368226 -0.877883 2.423016 0.07971086 -0.7570221 2.632662 0.04428905 -0.9469796 2.399771 0.1553846 -0.8012844 2.597194
0.1373621 0.6885954 2.347342 0.06304082 0.5163275 2.358927 -0.002814063 0.3660755 2.253665 0.197983 0.4253103 2.608731 -0.01105412 0.1124139 2.203664 0.2519071 0.3360297 2.760628 0.04951648 -0.08398466 2.211429 0.4531428 0.3738961 2.774767 0.07395365 -0.1783991 2.236268 0.5475961 0.4044002 2.758144 0.1266461 0.1388364 2.401442 0.1407412 0.06099267 2.412866 0.1022318 -0.008384367 2.366742 0.2005478 0.003914784 2.469453 0.02347219 -0.498685 2.404541 0.1040685 -0.4163876 2.397302 -0.02359572 -0.877845 2.423139 0.09160567 -0.7721163 2.637115 0.04460579 -0.9471287 2.399961 0.1673045 -0.8163731 2.601695
0.1380429 0.6886396 2.347516 0.06360966 0.5164055 2.358988 -0.002228578 0.3663512 2.253752 0.1985518 0.4253882 2.608792 -0.01070712 0.1125869 2.203581 0.25461 0.3421705 2.762948 0.04979292 -0.08396039 2.210133 0.4564291 0.3764399 2.777521 0.07401485 -0.1785015 2.2347 0.551488 0.4058215 2.762395 0.127463 0.1379264 2.401721 0.1414394 0.06035964 2.413094 0.1033903 -0.009109842 2.366958 0.2015221 0.001309932 2.470286 0.02347878 -0.4987744 2.404487 0.108704 -0.4199793 2.399324 -0.02339325 -0.8775021 2.422915 0.08648694 -0.7620219 2.655909 0.04448954 -0.9470002 2.399721 0.1621873 -0.8062789 2.620493
0.1389646 0.6886011 2.348025 0.0643561 0.5163744 2.35935 -0.001925033 0.3665408 2.253844 0.1992983 0.4253572 2.609154 -0.01046329 0.1128836 2.203658 0.3090662 0.3654489 2.771425 0.05009004 -0.08363571 2.210323 0.5130832 0.3809885 2.786718 0.07410002 -0.1782791 2.234704 0.6096578 0.4069234 2.77536 0.128659 0.130008 2.402436 0.1425173 0.05092377 2.413666 0.1027162 -0.01426425 2.369701 0.2029019 -0.006178564 2.467598 0.02352939 -0.4987384 2.404438 0.1069692 -0.427016 2.398473 -0.02328681 -0.8776731 2.422936 0.08499985 -0.7676114 2.65682 0.04446586 -0.9469562 2.399578 0.160669 -0.8118949 2.621372
0.1391706 0.6887977 2.348231 0.06442888 0.5164872 2.359385 -0.001692548 0.3666402 2.253779 0.1993711 0.42547 2.609189 -0.009809855 0.1139337 2.203244 0.3064948 0.3657979 2.76908 0.05015485 -0.08273966 2.210163 0.5097935 0.3785631 2.790225 0.07395737 -0.1774233 2.234591 0.6098206 0.3896466 2.790329 0.1275618 0.1447926 2.401651 0.140851 0.07426584 2.412355 0.1028914 -0.008488582 2.361701 0.2030023 0.009975764 2.478593 0.02357473 -0.4987393 2.404401 0.08896399 -0.4027603 2.387348 -0.023262 -0.8776717 2.422722 0.0681015 -0.7419281 2.647479 0.04439404 -0.9469802 2.399553 0.1438066 -0.7861667 2.612049
0.1392718 0.6888961 2.348294 0.06447671 0.5168551 2.359311 -0.001549545 0.366751 2.253777 0.1994189 0.4258379 2.609114 -0.009358178 0.1145942 2.203597 0.3075128 0.3665663 2.768386 0.05035013 -0.08219965 2.2101 0.5100402 0.3661498 2.795828 0.07420611 -0.1768089 2.234763 0.6104816 0.3645069 2.801919 0.1270942 0.1481909 2.401283 0.1404807 0.07673504 2.412086 0.1027923 -0.006623065 2.358515 0.2028059 0.01180828 2.480291 0.02361529 -0.4987381 2.404377 0.0895438 -0.4008313 2.387419 -0.02355699 -0.877845 2.422959 0.06868122 -0.7400006 2.647551 0.04427312 -0.9469529 2.399475 0.1443885 -0.7842401 2.612125
0.1390697 0.6887906 2.348266 0.06445173 0.5168229 2.359438 -0.001507848 0.3667407 2.253739 0.1993939 0.4258057 2.609241 -0.00873592 0.1147407 2.203623 0.3081686 0.3660501 2.767226 0.05118987 -0.08198994 2.210097 0.5091843 0.3616582 2.801342 0.0748592 -0.1766283 2.234828 0.5426957 0.3458449 2.813535 0.1266425 0.1499048 2.401262 0.1400392 0.07838512 2.411999 0.1025607 -0.005651739 2.356972 0.2024532 0.01331299 2.481338 0.02367414 -0.4986028 2.404353 0.09000096 -0.3993643 2.38752 -0.02314408 -0.8790616 2.423147 0.06913829 -0.738535 2.647654 0.04420366 -0.9470552 2.399442 0.08947425 -0.8411325 2.677461
0.1388053 0.6888133 2.348391 0.06418176 0.5168968 2.359532 -0.001559643 0.366681 2.253682 0.199124 0.4258796 2.609335 -0.008301495 0.1155178 2.203888 0.3097349 0.3642971 2.76456 0.05139118 -0.08131191 2.21008 0.5063884 0.3392191 2.809307 0.08524594 -0.143868 2.231846 0.5503429 0.3385051 2.81307 0.125271 0.1562607 2.401318 0.138645 0.08591799 2.41205 0.1028173 -0.002678786 2.352694 0.2015677 0.01671284 2.486413 0.02283706 -0.4963633 2.404906 0.09123027 -0.3955521 2.387698 -0.02330975 -0.8788003 2.422878 0.07400157 -0.7527602 2.625271 0.0444161 -0.946977 2.399657 0.1497477 -0.7969944 2.589919
0.1385409 0.6887193 2.348353 0.06398972 0.5168495 2.359604 -0.001586619 0.3666218 2.253655 0.1989319 0.4258322 2.609407 -0.008135924 0.1154782 2.204043 0.3098131 0.3611742 2.763669 0.05187958 -0.08124885 2.210277 0.504312 0.3315281 2.8133 0.08478312 -0.1444442 2.231654 0.602733 0.3151979 2.826527 0.1252877 0.1559817 2.401679 0.138768 0.08524097 2.412662 0.1036506 -0.002863725 2.352958 0.2008633 0.01240326 2.488923 0.02412073 -0.495252 2.404338 0.1120993 -0.4186446 2.406441 -0.02361552 -0.878505 2.422518 0.08685052 -0.7523978 2.672523 0.04385852 -0.946678 2.4002 0.162616 -0.7966279 2.637206
0.1378161 0.6888727 2.347982 0.06363775 0.5169191 2.359446 -0.001619786 0.3665877 2.253632 0.19858 0.4259018 2.609249 -0.008110839 0.1151858 2.204233 0.3143811 0.3526987 2.7628 0.05230423 -0.08143379 2.210318 0.5082483 0.3224103 2.814049 0.08373497 -0.1453901 2.231646 0.5648847 0.315073 2.810215 0.1252171 0.1565214 2.401514 0.1387719 0.08569347 2.412515 0.1038295 -0.002463218 2.352328 0.2010162 0.01366997 2.488977 0.02399614 -0.4954922 2.404408 0.09231241 -0.398201 2.386353 -0.02358869 -0.8784719 2.422577 0.07566457 -0.7496436 2.631592 0.0437017 -0.9466288 2.400076 0.1514542 -0.7938588 2.596308
0.1375383 0.688803 2.347841 0.06354845 0.5168707 2.359437 -0.001726203 0.3666041 2.253652 0.1984906 0.4258534 2.609241 -0.008353128 0.1152659 2.204384 0.3127933 0.3458984 2.761684 0.05227076 -0.0812944 2.210417 0.5082357 0.318491 2.809383 0.07418429 -0.1761675 2.235856 0.6081691 0.3083486 2.815603 0.1253243 0.15656 2.401547 0.1389647 0.08569856 2.412567 0.1040041 -0.002419246 2.352375 0.2017059 0.0145551 2.488847 0.02403675 -0.4957539 2.404552 0.09290152 -0.3974457 2.386951 -0.02351045 -0.877984 2.423065 0.07635944 -0.7495394 2.631356 0.04346509 -0.9463413 2.400203 0.1521491 -0.7937497 2.596066
0.1375265 0.6888072 2.347836 0.06353203 0.5168469 2.35945 -0.001746188 0.3666265 2.253655 0.1984742 0.4258297 2.609253 -0.008951951 0.1154453 2.205051 0.3120897 0.3395329 2.762242 0.05200408 -0.08104962 2.210704 0.509555 0.3155402 2.80465 0.07412766 -0.1759716 2.235776 0.6099597 0.3087693 2.805783 0.1254216 0.1563385 2.401493 0.1391432 0.0852298 2.41246 0.1040325 -0.002409417 2.352494 0.2019622 0.01493754 2.487586 0.02387645 -0.496092 2.404577 0.09315544 -0.3973882 2.387226 -0.02355083 -0.8778712 2.423501 0.07706015 -0.7510629 2.629594 0.04383789 -0.946516 2.400343 0.1528523 -0.7952683 2.594303
0.1374657 0.6887664 2.3478 0.06352247 0.5167895 2.35944 -0.00176085 0.3666354 2.253645 0.1984647 0.4257723 2.609244 -0.00947709 0.1150252 2.205353 0.3122259 0.3303133 2.762827 0.05174588 -0.08139713 2.210898 0.5122012 0.3160497 2.799329 0.06892823 -0.1511768 2.230103 0.6121298 0.3179708 2.787542 0.1254651 0.156341 2.401445 0.1392036 0.08521212 2.412394 0.1040506 -0.002313813 2.352431 0.2021723 0.01529862 2.487225 0.02391621 -0.4958988 2.404363 0.09331042 -0.3971143 2.387351 -0.02347912 -0.8776958 2.423738 0.077388 -0.7515399 2.628743 0.0435929 -0.9464043 2.400136 0.1531813 -0.7957428 2.593452
0.1374865 0.6887624 2.347777 0.06356026 0.5168231 2.359398 -0.001669023 0.3665876 2.253735 0.1985025 0.4258059 2.609201 -0.009953916 0.1150152 2.205541 0.309779 0.3197078 2.76155 0.05110193 -0.08147042 2.21097 0.5140209 0.310083 2.777812 0.06884164 -0.151123 2.230132 0.6101735 0.3245004 2.751825 0.1257669 0.1559447 2.401324 0.1396406 0.08445442 2.412237 0.1041621 -0.002380227 2.352462 0.2025193 0.01511067 2.486728 0.02408883 -0.4955845 2.404163 0.09456013 -0.3977903 2.388064 -0.02354346 -0.8753045 2.422662 0.07883178 -0.7530994 2.628299 0.04385299 -0.9461291 2.399689 0.1546253 -0.797295 2.593
0.1375737 0.6887611 2.347912 0.06361485 0.5168025 2.359578 -0.001672356 0.3666198 2.253959 0.1985571 0.4257854 2.609382 -0.01064546 0.1150088 2.205881 0.309413 0.3125881 2.75822 0.0692997 -0.1500947 2.229329 0.5158725 0.3179893 2.738621 0.08705699 -0.2353971 2.248993 0.6079223 0.3360652 2.702169 0.1261999 0.1549474 2.401311 0.1402219 0.08288253 2.412116 0.1042876 -0.002472212 2.353063 0.2031232 0.01487637 2.48464 0.02422879 -0.4955085 2.40383 0.09530077 -0.3985887 2.388582 -0.02353978 -0.8754178 2.422552 0.07960072 -0.7544633 2.628067 0.04376315 -0.9460073 2.399692 0.1553918 -0.7986498 2.592752
0.1376254 0.6887357 2.348101 0.0636446 0.5168086 2.360149 -0.001556208 0.366589 2.254121 0.1985868 0.4257915 2.609952 -0.01124157 0.1151446 2.20636 0.3080763 0.3093117 2.754552 0.04637842 -0.0824245 2.211276 0.5075726 0.3225437 2.688932 0.07175855 -0.1769288 2.234801 0.5988264 0.3430887 2.651793 0.1265651 0.1504557 2.400882 0.1406441 0.07626586 2.411137 0.1046421 -0.003037662 2.353492 0.2015963 0.005630715 2.478752 0.02416869 -0.4959013 2.403877 0.1057954 -0.4287239 2.389974 -0.0237333 -0.8755924 2.422728 0.08974837 -0.7860934 2.62743 0.0436853 -0.9459633 2.399741 0.1655723 -0.8302615 2.592161
0.137812 0.6885881 2.348297 0.06400384 0.5163391 2.360757 -0.001541626 0.3665305 2.254531 0.1989461 0.425322 2.610561 -0.0128012 0.1152982 2.20702 0.3405987 0.2959391 2.721942 0.04624549 -0.08190788 2.211296 0.5313204 0.3448521 2.64581 0.07106417 -0.1765471 2.234877 0.6246799 0.3675574 2.615859 0.1267404 0.1504365 2.400824 0.1408266 0.0763641 2.411026 0.1046469 -0.002990598 2.35354 0.2028669 0.008101979 2.477682 0.02526859 -0.4940858 2.403376 0.09326361 -0.4052245 2.383297 -0.02370222 -0.874807 2.423146 0.07721653 -0.762596 2.620756 0.0445567 -0.9460523 2.399611 0.1530273 -0.8067623 2.585456
0.1382775 0.6884251 2.348975 0.06421985 0.5164371 2.361707 -0.001370583 0.366329 2.255229 0.1991621 0.42542 2.611511 -0.01469044 0.1167748 2.208168 0.2579767 0.2725074 2.726892 0.04566761 -0.08012805 2.211364 0.438824 0.3166198 2.62374 0.07049756 -0.17478 2.234882 0.5027879 0.3370275 2.587002 0.1270847 0.1510313 2.400792 0.1412773 0.07744484 2.410824 0.1048833 -0.002722712 2.353177 0.2038566 0.01019881 2.478046 0.02497518 -0.4956035 2.403098 0.09379315 -0.4030046 2.383661 -0.02386793 -0.8757382 2.42284 0.07774597 -0.760378 2.62112 0.04416834 -0.9458145 2.399683 0.153571 -0.8045215 2.585822
0.1385261 0.6883581 2.349307 0.06437673 0.5164288 2.362092 -0.001321816 0.3662854 2.25565 0.1993189 0.4254117 2.611895 -0.01588945 0.1172009 2.208669 0.2579909 0.2724823 2.726833 0.04600536 -0.08210173 2.213204 0.4227566 0.3054522 2.593112 0.07091632 -0.1767841 2.236513 0.4723555 0.321755 2.561615 0.127865 0.1525251 2.400743 0.1422739 0.07982375 2.410637 0.105468 -0.001952172 2.352679 0.2057868 0.01392891 2.478892 0.02503189 -0.4955623 2.403059 0.09451389 -0.3988555 2.384026 -0.02377724 -0.8762286 2.423456 0.0785775 -0.7529126 2.625924 0.04397726 -0.9458712 2.400027 0.1544023 -0.7970303 2.590593
0.1385228 0.6883639 2.349417 0.0643438 0.5164533 2.362244 -0.001051784 0.3660859 2.256238 0.199286 0.4254361 2.612047 -0.01780389 0.1185026 2.209349 0.257877 0.2724726 2.72666 0.0459657 -0.08232925 2.213426 0.40037 0.284104 2.564005 0.07088106 -0.1770209 2.236692 0.4441107 0.3009447 2.537911 0.1285181 0.1530787 2.400657 0.1431336 0.08060047 2.410495 0.1066813 -0.001639983 2.352102 0.2069558 0.01501367 2.479296 0.02488871 -0.4961662 2.403171 0.09493901 -0.3975428 2.384298 -0.02357209 -0.8775743 2.423628 0.07924586 -0.7506223 2.627495 0.04392171 -0.9459348 2.399675 0.1550811 -0.7947172 2.592159
