0.1492801 0.6203411 2.340974 0.08051355 0.4679926 2.353489 0.05136719 0.3135154 2.249736 0.2095907 0.3614687 2.595445 0.03028134 0.0481177 2.163676 0.3422033 0.2559768 2.690282 0.08253247 -0.1748789 2.154225 0.5105923 0.277847 2.568146 0.09574126 -0.2619948 2.162649 0.460618 0.2748045 2.623278 0.1423737 0.05680921 2.39039 0.1536471 -0.02174928 2.400464 0.1182964 -0.05045468 2.373013 0.2008051 -0.06101565 2.427004 0.07791606 -0.5292342 2.431616 0.2136753 -0.522586 2.655219 -0.00351494 -0.8910478 2.492449 0.1902298 -0.8470416 2.699003 0.05450531 -0.945318 2.452876 0.2440149 -0.8903285 2.722185
0.149239 0.6139368 2.340354 0.08772339 0.4113342 2.353742 0.05123121 0.3133902 2.249474 0.2168005 0.3048103 2.595699 0.03031895 0.04799798 2.163333 0.3057676 0.2548505 2.743804 0.08203402 -0.1749346 2.154117 0.4702727 0.2657155 2.614329 0.09542142 -0.262073 2.162562 0.4599364 0.2721147 2.632487 0.140825 0.05531809 2.387652 0.1515687 -0.02150327 2.397091 0.1161025 -0.06609535 2.354239 0.1968693 -0.07098139 2.431531 0.0776246 -0.5290517 2.431238 0.2136034 -0.5216568 2.654723 -0.003410664 -0.8906109 2.492211 0.1868461 -0.8366146 2.697357 0.05251385 -0.9442415 2.455394 0.2441448 -0.8804945 2.707111
0.1497331 0.6115842 2.339922 0.08813643 0.4114716 2.3538 0.05125321 0.3133784 2.249427 0.2172135 0.3049477 2.595756 0.03036769 0.0479801 2.163297 0.3555529 0.2521817 2.72184 0.08197822 -0.1749257 2.154163 0.5185642 0.2910745 2.596323 0.0953844 -0.2622806 2.162744 0.4630222 0.2720653 2.656602 0.1407022 0.05525174 2.387004 0.1511979 -0.0207476 2.396062 0.1165198 -0.06751323 2.352468 0.1967088 -0.07316997 2.434304 0.07788637 -0.5291933 2.431475 0.2139932 -0.5213389 2.655217 -0.002849688 -0.8908098 2.492248 0.1855833 -0.8398767 2.702321 0.05300023 -0.9443927 2.453217 0.2654534 -0.8880896 2.734023
0.1504615 0.622042 2.337223 0.08373632 0.4708542 2.348418 0.05150314 0.3134307 2.249187 0.2128134 0.3643304 2.590374 0.03059274 0.04801372 2.163142 0.3471582 0.3102352 2.715902 0.08225536 -0.1743475 2.154096 0.5016756 0.1948435 2.643464 0.09546572 -0.2622449 2.162618 0.5636491 0.2079509 2.622079 0.1395201 0.072475 2.381326 0.1503662 -0.005110796 2.39064 0.1153891 -0.04857064 2.371592 0.1953125 -0.02134061 2.398852 0.07836626 -0.5297301 2.432168 0.214757 -0.5199463 2.65499 -0.002976312 -0.8907075 2.491669 0.1880118 -0.8391655 2.698616 0.05465911 -0.9451473 2.451785 0.2560368 -0.8884091 2.724725
0.149418 0.622658 2.337265 0.08379414 0.4708048 2.348364 0.05189295 0.3132745 2.248738 0.2128713 0.364281 2.59032 0.03095827 0.04783988 2.162771 0.2628388 0.2718264 2.754344 0.08252633 -0.1741159 2.154281 0.4535161 0.2954805 2.679635 0.09691938 -0.2621969 2.162722 0.5364343 0.3020909 2.644093 0.1402633 0.07148007 2.382572 0.1516079 -0.007234666 2.392888 0.1159334 -0.04799507 2.372387 0.2026436 -0.06004664 2.427808 0.07889146 -0.5293272 2.432423 0.214897 -0.5197613 2.654806 -0.002986623 -0.891049 2.491963 0.1890616 -0.8390918 2.698041 0.05307862 -0.944375 2.453966 0.2053432 -0.9057467 2.673629
0.1495753 0.6237708 2.337315 0.08424076 0.4705048 2.34851 0.05209643 0.3132571 2.248575 0.2133179 0.363981 2.590466 0.03191765 0.04779539 2.16246 0.2630916 0.2716767 2.754564 0.08438119 -0.1749538 2.154382 0.4521142 0.310257 2.682345 0.0994039 -0.2624764 2.163387 0.5151217 0.3231171 2.662675 0.1403333 0.06784274 2.383744 0.1514099 -0.01280001 2.394439 0.1157675 -0.05631992 2.364069 0.2007019 -0.07382822 2.439153 0.07895839 -0.5289128 2.432301 0.215489 -0.5211918 2.65575 -0.003050878 -0.8910666 2.492196 0.1865361 -0.8430636 2.70563 0.05129175 -0.9434693 2.45602 0.267733 -0.888873 2.73753
0.1502616 0.6249585 2.337334 0.08501339 0.4702126 2.348736 0.05233112 0.3133986 2.248415 0.2140905 0.3636887 2.590692 0.03350955 0.04788336 2.162091 0.2537655 0.2901694 2.75509 0.08776551 -0.1742078 2.155437 0.4472195 0.3127134 2.689271 0.1031902 -0.2621189 2.165715 0.5117041 0.3202281 2.671734 0.1405961 0.06536601 2.385113 0.1514888 -0.0159895 2.396079 0.115682 -0.05662544 2.36491 0.2005522 -0.07425959 2.438977 0.07901486 -0.5288706 2.432353 0.2152249 -0.5217565 2.65585 -0.002944971 -0.8912214 2.492962 0.1891381 -0.8402964 2.700834 0.05324916 -0.9439488 2.454238 0.2081621 -0.9078461 2.674567
0.1507238 0.6259454 2.337643 0.08598402 0.4698373 2.349518 0.05280507 0.3134681 2.248296 0.2150611 0.3633134 2.591474 0.03542227 0.04790065 2.161766 0.2561266 0.3071206 2.76404 0.09082465 -0.1740201 2.154863 0.4486326 0.3278906 2.694167 0.1055116 -0.2616262 2.165792 0.5335318 0.3479175 2.670191 0.1423101 0.05855597 2.388509 0.1533663 -0.02477518 2.400012 0.1156963 -0.06142492 2.378717 0.202211 -0.07693852 2.434398 0.08022892 -0.5284222 2.43397 0.2152774 -0.5216746 2.655638 -0.003102513 -0.8914274 2.492896 0.1899264 -0.8391591 2.698357 0.05338413 -0.9440325 2.455117 0.2433916 -0.88852 2.695303
0.1514923 0.6268564 2.338034 0.08638278 0.4699713 2.349747 0.05330241 0.3135538 2.248134 0.2154599 0.3634474 2.591703 0.03758562 0.04803684 2.160925 0.2568758 0.3219203 2.770836 0.09420379 -0.1732356 2.154261 0.4510416 0.3394565 2.705729 0.1129764 -0.2601666 2.166344 0.5365489 0.3614757 2.686031 0.1424191 0.05880859 2.388491 0.1534869 -0.02426964 2.399883 0.1165432 -0.05980039 2.376109 0.202131 -0.07640897 2.434472 0.0804368 -0.5274752 2.432728 0.2153005 -0.5216824 2.655684 -0.003492408 -0.8913246 2.493303 0.1852738 -0.8550305 2.710335 0.05240156 -0.9433212 2.456296 0.2674955 -0.8950515 2.747047
0.1520256 0.6274486 2.33812 0.08694338 0.4698856 2.349892 0.05397243 0.3137665 2.247973 0.2160205 0.3633618 2.591849 0.03967123 0.04817206 2.160742 0.255399 0.33854 2.786587 0.09817966 -0.1722463 2.153895 0.4553194 0.3655387 2.771161 0.1191788 -0.2576475 2.166585 0.5219596 0.3745382 2.770421 0.1424728 0.05885912 2.388493 0.1535309 -0.02412624 2.399848 0.1166841 -0.0593496 2.375479 0.2020889 -0.07595432 2.434372 0.08052611 -0.5273662 2.432537 0.2152294 -0.5215846 2.655269 -0.003360718 -0.8913388 2.493468 0.189843 -0.8452248 2.699838 0.05122697 -0.9429522 2.457543 0.2531059 -0.8806414 2.706792
0.1521726 0.6278295 2.338122 0.08733905 0.4700157 2.350039 0.05471738 0.3140432 2.247822 0.2164162 0.3634919 2.591995 0.04154299 0.04834586 2.160763 0.2606765 0.3602606 2.819955 0.1035152 -0.1730178 2.154578 0.4604365 0.3686271 2.779737 0.1291285 -0.255152 2.165407 0.5270232 0.3714159 2.770734 0.1397348 0.06743844 2.386195 0.1490338 -0.01107864 2.39604 0.1110477 -0.051662 2.350632 0.1984213 -0.06962588 2.441826 0.079694 -0.5262572 2.429767 0.2151306 -0.5217236 2.655275 -0.003948367 -0.8896735 2.492571 0.1905249 -0.8417208 2.695831 0.05158316 -0.9425139 2.456579 0.1987437 -0.9096934 2.661553
0.1528432 0.6285402 2.338439 0.08820105 0.4703673 2.350388 0.05552195 0.314638 2.24789 0.2172782 0.3638434 2.592344 0.04369688 0.04893419 2.16056 0.2617089 0.3606226 2.820936 0.1095151 -0.1742022 2.153807 0.4601967 0.3935082 2.822769 0.1340416 -0.2556436 2.165015 0.5472233 0.4157403 2.833616 0.1386758 0.06977432 2.385567 0.1477411 -0.00882367 2.395304 0.1100308 -0.05094614 2.349436 0.1971237 -0.06788926 2.443146 0.08056124 -0.5261365 2.430587 0.2145854 -0.5231318 2.655294 -0.004250923 -0.8901298 2.492532 0.1875816 -0.8440762 2.702531 0.05157752 -0.9425258 2.456575 0.2483904 -0.8814569 2.717008
0.1531362 0.6287981 2.33847 0.08864591 0.4704142 2.35042 0.05653595 0.3146992 2.247744 0.217723 0.3638904 2.592376 0.04540387 0.04897633 2.160343 0.2621815 0.3606338 2.82125 0.1163157 -0.177952 2.152952 0.4502728 0.4104823 2.861366 0.1409208 -0.2575839 2.165798 0.5315477 0.4348968 2.892739 0.139558 0.07058042 2.386026 0.148942 -0.008032264 2.396002 0.1141774 -0.04339707 2.36855 0.2001492 -0.05635694 2.433147 0.08068001 -0.5259596 2.430479 0.2146397 -0.5231358 2.655244 -0.004457062 -0.8913846 2.493926 0.1895597 -0.8413441 2.699219 0.05069935 -0.9425176 2.457804 0.2476145 -0.8842673 2.708815
0.1540077 0.6296729 2.33885 0.08927834 0.470724 2.350588 0.05748492 0.3149 2.247437 0.2183555 0.3642001 2.592545 0.04753995 0.04908076 2.160224 0.2680352 0.3624924 2.83008 0.1193275 -0.1790085 2.152776 0.4440368 0.4291367 2.889608 0.1455297 -0.2576624 2.166086 0.502704 0.4513515 2.913853 0.1389379 0.07273038 2.385484 0.1481108 -0.005756562 2.395342 0.1110005 -0.04452116 2.355803 0.1981558 -0.05688912 2.438415 0.0822629 -0.5253608 2.432282 0.2146515 -0.5235511 2.655939 -0.004496214 -0.891344 2.493473 0.1894837 -0.8373521 2.695516 0.04975409 -0.9421873 2.457836 0.2444648 -0.8829329 2.709803
0.154835 0.6302561 2.339032 0.09024245 0.4710974 2.350894 0.05802822 0.3149751 2.247211 0.2193196 0.3645736 2.59285 0.04947718 0.04916763 2.159708 0.2668996 0.3643124 2.830708 0.1238213 -0.1799751 2.153225 0.4412675 0.4305211 2.894458 0.1492332 -0.2574183 2.167315 0.5050552 0.4453667 2.907975 0.141968 0.07020754 2.387798 0.1524077 -0.01010937 2.398751 0.1175409 -0.04812743 2.375546 0.2011836 -0.05859457 2.435538 0.08229876 -0.5252073 2.432271 0.214526 -0.5242085 2.657245 -0.004487804 -0.8913513 2.493493 0.1878718 -0.8415314 2.700993 0.04916961 -0.9420747 2.458096 0.2615407 -0.8895628 2.745447
0.1558528 0.6309203 2.339635 0.09177389 0.4711223 2.351243 0.05953609 0.3151057 2.247311 0.220851 0.3645985 2.5932 0.05081929 0.04932746 2.159676 0.2661897 0.3676816 2.835754 0.1257974 -0.17997 2.153289 0.4429986 0.4316909 2.895715 0.1516025 -0.2541896 2.166865 0.5055635 0.4485829 2.91221 0.1414471 0.07249405 2.387095 0.1511003 -0.00658121 2.397467 0.11287 -0.04671598 2.353694 0.1995838 -0.05919024 2.441305 0.08223403 -0.5251727 2.432201 0.2138059 -0.5250502 2.656501 -0.003885571 -0.8910031 2.492877 0.1891409 -0.8405195 2.699252 0.04950263 -0.942294 2.457989 0.2487806 -0.8761832 2.721066
0.1564745 0.6311865 2.339685 0.09292394 0.4713746 2.3517 0.06035568 0.3151639 2.247222 0.222001 0.3648508 2.593656 0.05228243 0.04933983 2.159667 0.2656488 0.3697014 2.837167 0.1268444 -0.1800883 2.153482 0.444289 0.4309823 2.894999 0.1533037 -0.2547371 2.167494 0.5068126 0.4480706 2.911442 0.141484 0.07247926 2.387119 0.1511101 -0.00663164 2.397479 0.1137286 -0.04867645 2.352225 0.1991486 -0.06569335 2.447349 0.08238427 -0.5253944 2.432873 0.2132926 -0.5272835 2.657586 -0.004478056 -0.8909413 2.493512 0.1839284 -0.858095 2.718211 0.04812585 -0.9416499 2.458893 0.2490893 -0.890631 2.717613
0.1569714 0.6316329 2.339752 0.0936553 0.4715833 2.351824 0.06120305 0.3151538 2.247145 0.2227324 0.3650595 2.593781 0.05387874 0.04928815 2.159645 0.2653286 0.3707517 2.83745 0.1270711 -0.1799915 2.153625 0.450971 0.424823 2.881945 0.153518 -0.2552645 2.167727 0.5128518 0.4428467 2.901179 0.1438874 0.06700917 2.389682 0.1541575 -0.01509365 2.401126 0.1183052 -0.05480667 2.378544 0.2015653 -0.06819075 2.440529 0.0822675 -0.5263951 2.433464 0.2133347 -0.5273764 2.657699 -0.004503056 -0.8910887 2.493484 0.1833422 -0.8601289 2.718621 0.04904194 -0.942179 2.458886 0.2602491 -0.9016612 2.764131
0.1581234 0.6318327 2.340297 0.094791 0.4715098 2.35231 0.06244091 0.3151603 2.247265 0.2238681 0.364986 2.594266 0.05478521 0.04933661 2.159594 0.2654398 0.3712284 2.838091 0.1269664 -0.1793536 2.154065 0.4563326 0.4151468 2.873355 0.1532936 -0.2552019 2.167757 0.538062 0.44231 2.901067 0.1442912 0.06680404 2.390069 0.1543911 -0.01517531 2.401377 0.1178868 -0.05435787 2.379877 0.2034697 -0.06420235 2.435905 0.08224095 -0.5265769 2.433583 0.212957 -0.5289096 2.657485 -0.004585062 -0.8911236 2.493461 0.1831551 -0.8604253 2.718679 0.05015714 -0.9426651 2.458765 0.1922563 -0.9235263 2.676846
0.1586798 0.6322236 2.340456 0.09519437 0.4719305 2.352352 0.06308387 0.3153282 2.247432 0.2242715 0.3654067 2.594308 0.05552831 0.04949865 2.159743 0.2651497 0.372306 2.838229 0.1272186 -0.1792305 2.154719 0.4635393 0.4005281 2.848805 0.1530911 -0.2555074 2.167998 0.5229763 0.4218416 2.87082 0.1443448 0.06668277 2.390154 0.1544022 -0.01529824 2.40144 0.1173225 -0.05393284 2.38102 0.2034583 -0.0629714 2.432838 0.08203233 -0.5265329 2.433108 0.2139261 -0.5264945 2.658112 -0.004848616 -0.8919669 2.494037 0.1875114 -0.8438585 2.69714 0.05010833 -0.9426752 2.458803 0.1981188 -0.9117287 2.672933
0.1592912 0.6322842 2.340668 0.09560373 0.4718623 2.352553 0.06370481 0.3150816 2.247305 0.2246809 0.3653385 2.594509 0.05613957 0.04929733 2.159392 0.2650907 0.3724617 2.838502 0.1263389 -0.1770537 2.156 0.4667414 0.3704224 2.817847 0.1524792 -0.2554092 2.168122 0.5339583 0.3697426 2.815364 0.1433725 0.06960125 2.389852 0.1525134 -0.01032843 2.400661 0.1143242 -0.05132144 2.359665 0.1998018 -0.06268937 2.445005 0.07943662 -0.5253694 2.427486 0.2143423 -0.5262039 2.657973 -0.004817734 -0.8919145 2.494088 0.183858 -0.8498198 2.711308 0.04988858 -0.9426616 2.458967 0.1983759 -0.9099942 2.672929
0.1595207 0.6323508 2.340732 0.09571527 0.4718702 2.352582 0.06390054 0.3149399 2.247189 0.2247924 0.3653464 2.594539 0.05648111 0.04912272 2.159376 0.2693676 0.3250481 2.822197 0.1261093 -0.1769705 2.15609 0.4540875 0.4047109 2.825008 0.1516313 -0.2557083 2.167966 0.5156608 0.4312651 2.830347 0.1433653 0.06962176 2.38985 0.1525055 -0.01031761 2.400654 0.1152453 -0.05224509 2.357935 0.1991566 -0.06780789 2.449471 0.07918061 -0.5247683 2.426117 0.2152834 -0.5270087 2.659455 -0.004816854 -0.8919086 2.494076 0.1862366 -0.8475862 2.709683 0.04936749 -0.9426364 2.459485 0.2480814 -0.883532 2.695969
0.1599989 0.6325266 2.340881 0.09592617 0.4719121 2.352566 0.06414843 0.3148113 2.247252 0.2250033 0.3653882 2.594522 0.05684241 0.04900289 2.159365 0.2693954 0.3250614 2.822174 0.1256041 -0.1766745 2.156449 0.4626142 0.3823538 2.798484 0.1506937 -0.2559617 2.168346 0.5270205 0.4014512 2.79499 0.1430664 0.07150888 2.389851 0.1520428 -0.007877853 2.400639 0.1150754 -0.05195438 2.356608 0.1991014 -0.06610359 2.451965 0.08187433 -0.5256383 2.431045 0.2155607 -0.5269346 2.659645 -0.004570763 -0.89152 2.492998 0.1870639 -0.8438359 2.707815 0.04736424 -0.9419055 2.457851 0.248019 -0.8827928 2.699329
0.1603133 0.6324791 2.340993 0.09646592 0.4716241 2.352815 0.0644695 0.314799 2.247323 0.2255431 0.3651003 2.594771 0.05779243 0.05855228 2.158812 0.2696131 0.3248468 2.822304 0.1242845 -0.1756945 2.158437 0.4645724 0.3650395 2.775893 0.1494226 -0.2564624 2.168988 0.5507914 0.3921686 2.77996 0.1429436 0.07107945 2.389881 0.1517988 -0.008554107 2.400619 0.115146 -0.05293318 2.355983 0.1981559 -0.06998375 2.453099 0.08039095 -0.5262158 2.428746 0.2161684 -0.5292006 2.661672 -0.003404056 -0.8919617 2.493677 0.1881864 -0.8463413 2.704354 0.0539318 -0.9449093 2.451036 0.2465733 -0.8898858 2.703838
0.1605148 0.6324652 2.340749 0.09660631 0.4715972 2.352587 0.06450631 0.3147283 2.247291 0.2256835 0.3650734 2.594543 0.05823734 0.05502267 2.158982 0.269628 0.3248057 2.822046 0.1239453 -0.1755644 2.158787 0.4619484 0.3401885 2.749638 0.1484427 -0.2566581 2.169379 0.5486438 0.3656209 2.744762 0.144011 0.06064374 2.393057 0.1534053 -0.02410158 2.40558 0.1146669 -0.06262334 2.387307 0.2007729 -0.07684024 2.441452 0.07973115 -0.5252742 2.42731 0.2171572 -0.5281643 2.662944 -0.003275756 -0.8900135 2.491953 0.1895559 -0.8448325 2.702921 0.05351949 -0.944237 2.452221 0.2724163 -0.8837035 2.73946
0.1605508 0.6324635 2.340714 0.09689132 0.4714415 2.352676 0.06459635 0.3144781 2.247209 0.2259685 0.3649177 2.594632 0.05824406 0.05364729 2.158991 0.2697377 0.3246852 2.822085 0.12375 -0.1754613 2.158993 0.4495523 0.3199022 2.71737 0.1477915 -0.2573072 2.170598 0.5094905 0.3183079 2.686867 0.1438452 0.06137913 2.392692 0.1529324 -0.02194013 2.404513 0.1153964 -0.06017116 2.364546 0.2000758 -0.07745186 2.445501 0.08085412 -0.5248807 2.429579 0.2171019 -0.5285326 2.662683 -0.003071114 -0.8899904 2.491935 0.1890843 -0.8460104 2.702295 0.05352242 -0.9441286 2.452214 0.2431466 -0.8939973 2.711245
0.1606941 0.6325622 2.340725 0.09696359 0.4714694 2.352661 0.06459659 0.3144263 2.247174 0.2260407 0.3649456 2.594617 0.0582246 0.05262629 2.159159 0.2652268 0.2893465 2.767008 0.1234583 -0.1751422 2.159078 0.4598399 0.3410623 2.74034 0.1472097 -0.2577485 2.171187 0.5247109 0.358301 2.735854 0.1421499 0.06676207 2.391146 0.1503236 -0.01321704 2.401928 0.1130347 -0.05723056 2.357879 0.1985504 -0.07238272 2.449964 0.08084574 -0.5250432 2.429728 0.2168252 -0.5285361 2.662042 -0.003188234 -0.889974 2.492435 0.1843927 -0.8605577 2.716184 0.05375465 -0.9442362 2.4527 0.2689561 -0.8958876 2.752423
0.1606859 0.6325617 2.340713 0.09696691 0.4714361 2.352652 0.06475436 0.3142906 2.247169 0.2260441 0.3649123 2.594609 0.05799372 0.05312165 2.15917 0.2655129 0.2885101 2.76632 0.1232633 -0.1751407 2.159127 0.459658 0.3287079 2.715402 0.1468756 -0.2581888 2.17196 0.524373 0.3421072 2.702833 0.1416427 0.068003 2.390674 0.1498189 -0.0117317 2.401351 0.1125186 -0.05651354 2.356176 0.1981005 -0.07095383 2.451128 0.08159395 -0.5257213 2.431237 0.215924 -0.529068 2.661655 -0.003054392 -0.8904371 2.492792 0.1868613 -0.8472192 2.707543 0.05219292 -0.9436296 2.453919 0.2480126 -0.8865066 2.712321
0.1606861 0.6325686 2.340711 0.09695594 0.4714451 2.352663 0.06478637 0.3142784 2.247185 0.2260331 0.3649214 2.594619 0.05763938 0.05361178 2.159213 0.266745 0.287241 2.761362 0.1222516 -0.1743185 2.158722 0.4524776 0.3077149 2.671901 0.1460714 -0.257654 2.171645 0.5152866 0.3275805 2.660353 0.1396507 0.0685088 2.389481 0.1473734 -0.01131034 2.399768 0.1094877 -0.05561393 2.354104 0.1955588 -0.07061867 2.450179 0.08166412 -0.5253991 2.431222 0.2162617 -0.5281959 2.661942 -0.002456284 -0.8876289 2.488232 0.1872376 -0.8452248 2.706383 0.05060812 -0.9428481 2.456297 0.2024385 -0.902064 2.663443
0.1606828 0.6325707 2.340712 0.09694142 0.4713412 2.352715 0.06467807 0.3142564 2.247145 0.2260186 0.3648174 2.594671 0.05734186 0.05211439 2.159213 0.2678532 0.2772433 2.746765 0.1219764 -0.1742116 2.158662 0.452102 0.3042336 2.655748 0.1458712 -0.2578201 2.171841 0.4471382 0.3109747 2.664501 0.1389432 0.0694195 2.388806 0.1465911 -0.01015708 2.398884 0.1087668 -0.05510796 2.352282 0.1950822 -0.07032739 2.450299 0.08180989 -0.525094 2.431518 0.2163597 -0.528403 2.66241 -0.003169573 -0.8882738 2.48924 0.1861608 -0.8473106 2.7088 0.0511406 -0.9431607 2.456533 0.2618927 -0.8921026 2.75319
0.1605685 0.6324993 2.340726 0.09691612 0.4710819 2.352926 0.06459296 0.3142449 2.247204 0.2259933 0.3645581 2.594882 0.05672551 0.05242655 2.159186 0.2697621 0.2694499 2.741489 0.1213897 -0.1737726 2.158652 0.4422946 0.3004657 2.628278 0.1449973 -0.2569374 2.172087 0.4503917 0.3023732 2.634977 0.1387697 0.06741283 2.389243 0.1465418 -0.01311228 2.399481 0.1087256 -0.05630459 2.353431 0.1949103 -0.07341143 2.450408 0.08100745 -0.5246942 2.430397 0.2161913 -0.5286416 2.662236 -0.003371538 -0.8893037 2.491253 0.1859895 -0.8472809 2.708442 0.05100576 -0.9431528 2.456327 0.238326 -0.8974073 2.715815
0.1622643 0.6156443 2.34059 0.1016341 0.4127286 2.354582 0.06439302 0.3142966 2.247265 0.2307112 0.3062048 2.596539 0.05545846 0.05085473 2.159849 0.2788543 0.2567549 2.760257 0.1200044 -0.1737702 2.159291 0.4138612 0.2867764 2.600076 0.1444783 -0.2571266 2.172555 0.4378162 0.2911211 2.613022 0.1403037 0.05385547 2.388177 0.1478188 -0.02098555 2.398468 0.1108516 -0.06100765 2.353057 0.1954359 -0.09071768 2.449415 0.0813244 -0.5249645 2.431697 0.2159888 -0.528874 2.662085 -0.003349819 -0.8895981 2.491371 0.1877467 -0.8448418 2.704381 0.05145043 -0.9435571 2.457 0.2455506 -0.8870401 2.717942
0.1610978 0.6212246 2.341475 0.09503581 0.4666547 2.357829 0.06377645 0.3145946 2.247602 0.2241129 0.3601308 2.599785 0.05435592 0.04928832 2.159921 0.2769936 0.247448 2.73271 0.1169166 -0.1715455 2.158837 0.4226793 0.2881635 2.585912 0.1394335 -0.257786 2.173176 0.4369501 0.2857991 2.592496 0.1394812 0.05782311 2.38898 0.1474666 -0.01933175 2.398908 0.1100185 -0.0596884 2.351809 0.1959174 -0.08733969 2.453394 0.08149818 -0.5250166 2.432127 0.2158784 -0.5279467 2.661652 -0.002360433 -0.8888404 2.4896 0.188742 -0.8455907 2.703277 0.05200508 -0.9438295 2.457584 0.2658142 -0.8905186 2.745161
0.1602587 0.6240917 2.341641 0.09468404 0.4669587 2.357455 0.06333422 0.3147776 2.247953 0.2237612 0.3604348 2.599412 0.05345619 0.0490211 2.160179 0.2871905 0.235602 2.718813 0.1159936 -0.1713054 2.158882 0.4130016 0.2948969 2.559376 0.1368944 -0.2557949 2.171613 0.4214868 0.2815177 2.579081 0.1394074 0.05731174 2.389015 0.1476214 -0.02184786 2.399048 0.1100891 -0.0598548 2.351957 0.196043 -0.089849 2.452951 0.08189595 -0.5252651 2.433308 0.2156675 -0.5274697 2.660949 -0.002497595 -0.8891078 2.490474 0.1895954 -0.8463004 2.702616 0.05078523 -0.9435562 2.459442 0.2407307 -0.8978712 2.71613
0.1591058 0.6255884 2.341633 0.09408592 0.467244 2.357077 0.06259569 0.3147357 2.248173 0.223163 0.3607202 2.599034 0.05113605 0.04948938 2.160048 0.2843538 0.2309684 2.715042 0.1141593 -0.170974 2.158739 0.405089 0.2714715 2.545281 0.1342691 -0.2548067 2.170626 0.424579 0.2768544 2.55758 0.1394082 0.05728634 2.388978 0.147788 -0.02225423 2.398916 0.1107171 -0.0601849 2.351193 0.1962794 -0.09145935 2.453376 0.08186731 -0.5254447 2.433489 0.2152322 -0.5271569 2.659853 -0.003663042 -0.8913841 2.493125 0.1905078 -0.8432953 2.700429 0.05029996 -0.9438137 2.460897 0.1979122 -0.9027728 2.659034
0.1582618 0.6263223 2.341401 0.09346825 0.4673096 2.356562 0.06181774 0.3147527 2.248153 0.2225453 0.3607857 2.598519 0.04976722 0.049072 2.160471 0.2828535 0.2286514 2.712692 0.1122044 -0.1708654 2.158382 0.3975175 0.2646694 2.537372 0.1318696 -0.2553376 2.16995 0.4202817 0.2670814 2.538418 0.1407416 0.06010636 2.389817 0.1500341 -0.0192191 2.400167 0.1158688 -0.0464268 2.37403 0.2029947 -0.06503896 2.434813 0.08192271 -0.5258647 2.434171 0.2152583 -0.5270191 2.659722 -0.002912575 -0.8915122 2.49043 0.1826306 -0.8532492 2.721372 0.05007776 -0.9436802 2.461748 0.2299181 -0.9055865 2.739559
0.1575124 0.6270944 2.341416 0.09272416 0.4675415 2.356012 0.06148302 0.3146608 2.248312 0.2218012 0.3610176 2.597969 0.04864415 0.04891169 2.161099 0.278692 0.2161105 2.700451 0.1097306 -0.1713707 2.158782 0.3943541 0.2583161 2.527352 0.1287817 -0.256931 2.170561 0.410898 0.2587911 2.526181 0.1401664 0.06068041 2.389567 0.1496042 -0.0189178 2.399957 0.1112139 -0.05334324 2.355968 0.1989763 -0.07537975 2.448724 0.08178404 -0.5259067 2.433964 0.2150695 -0.5252275 2.659057 -0.003089988 -0.8915222 2.490891 0.1840822 -0.8524181 2.719852 0.05033254 -0.9436457 2.460913 0.247061 -0.8883767 2.713004
0.1569695 0.6274287 2.341332 0.09233478 0.4674905 2.355769 0.06105251 0.3146216 2.248445 0.2214119 0.3609666 2.597726 0.04800097 0.04884714 2.161401 0.2764706 0.2079281 2.691257 0.1076273 -0.1712652 2.158102 0.3880789 0.2412084 2.513248 0.1248354 -0.2580968 2.169556 0.4091102 0.2474249 2.506669 0.1402637 0.06063861 2.389635 0.1498914 -0.01915726 2.400108 0.1119339 -0.05378903 2.357897 0.1993991 -0.07553484 2.4482 0.08172797 -0.5259417 2.43393 0.2147207 -0.5257646 2.658819 -0.002992652 -0.891297 2.490669 0.1858289 -0.847025 2.707091 0.04947522 -0.9430971 2.46016 0.2006773 -0.9072976 2.665598
0.1558607 0.6282406 2.340863 0.09138962 0.4678835 2.354959 0.06060783 0.3147129 2.248584 0.2204667 0.3613597 2.596916 0.04734001 0.04891765 2.16169 0.2753358 0.2062903 2.687885 0.1062914 -0.1719768 2.158329 0.3807254 0.2132252 2.502725 0.1225181 -0.2588493 2.168973 0.4010204 0.219807 2.495487 0.1412969 0.06392425 2.389385 0.151557 -0.01547654 2.399933 0.1173151 -0.03945623 2.376431 0.2016916 -0.0595207 2.427753 0.08186864 -0.5260615 2.434142 0.2148185 -0.5252393 2.659072 -0.002681842 -0.891233 2.490854 0.1886755 -0.8419608 2.699914 0.04917761 -0.9427793 2.459998 0.201799 -0.90603 2.667839
0.1548243 0.6289172 2.340738 0.08997726 0.4684365 2.354362 0.06022647 0.3145847 2.248662 0.2190543 0.3619127 2.596318 0.04680514 0.0488309 2.161632 0.2753661 0.2033632 2.681801 0.1054164 -0.1727347 2.158322 0.3884085 0.2020905 2.501436 0.1211784 -0.2583494 2.169566 0.399516 0.1986141 2.489143 0.1431744 0.06944964 2.39042 0.1545893 -0.008802958 2.401414 0.1196108 -0.03594122 2.378712 0.2032111 -0.05399548 2.428492 0.08234127 -0.5254074 2.43459 0.2145702 -0.525087 2.658311 -0.003272573 -0.8903335 2.491217 0.1891654 -0.8423355 2.699446 0.04947277 -0.9418376 2.461335 0.2380277 -0.8942136 2.71879
0.1543078 0.6291853 2.340631 0.08944687 0.4684007 2.353993 0.05929893 0.3141112 2.248533 0.2185239 0.3618769 2.59595 0.04625674 0.04827169 2.161804 0.2718658 0.1986225 2.675962 0.1041949 -0.1735914 2.158883 0.38885 0.1938886 2.498396 0.1198509 -0.2587681 2.169778 0.4071391 0.1824828 2.487371 0.1433459 0.06946725 2.390455 0.1548723 -0.008890403 2.401475 0.1198471 -0.03604053 2.379061 0.2035463 -0.05464626 2.428432 0.08279567 -0.5265066 2.435902 0.216126 -0.5226525 2.659556 -0.003505962 -0.890666 2.491429 0.1892105 -0.8418825 2.698942 0.05020525 -0.942103 2.461262 0.2672555 -0.8859688 2.739898
0.1532899 0.629661 2.340709 0.08853663 0.468489 2.354094 0.05865588 0.313605 2.248467 0.2176137 0.3619652 2.596051 0.04516457 0.04777002 2.161824 0.2700725 0.1976533 2.67486 0.1029369 -0.1741302 2.159514 0.3886015 0.1764911 2.499714 0.1180374 -0.2587017 2.169036 0.408302 0.1785769 2.485508 0.1434813 0.0698726 2.390546 0.1550769 -0.008572176 2.40152 0.1199073 -0.0360407 2.37906 0.2036582 -0.0544081 2.428595 0.08271977 -0.5265101 2.435653 0.2159694 -0.5227041 2.658999 -0.003230695 -0.8900595 2.491789 0.1850362 -0.8560416 2.711326 0.05186816 -0.942435 2.459884 0.20144 -0.9217685 2.674076
0.1518562 0.6304978 2.340529 0.0866477 0.4692742 2.353736 0.05782995 0.3131312 2.248648 0.2157248 0.3627504 2.595692 0.04403992 0.04737204 2.161747 0.275607 0.1918938 2.658882 0.1018864 -0.173758 2.159533 0.3995561 0.1728271 2.487581 0.1171932 -0.2584975 2.169095 0.4106394 0.1768783 2.483367 0.14374 0.07113411 2.390526 0.1555907 -0.00738344 2.401479 0.1204452 -0.03563827 2.378602 0.2039536 -0.05350645 2.429271 0.08269427 -0.5265204 2.435628 0.2160802 -0.5225994 2.659203 -0.003015297 -0.890688 2.492149 0.1865386 -0.8498975 2.707088 0.05403648 -0.9438506 2.458069 0.2011061 -0.9205675 2.672531
0.1512122 0.6307337 2.340436 0.08615453 0.4693601 2.353585 0.057278 0.3129466 2.249073 0.2152316 0.3628362 2.595541 0.04240257 0.04729375 2.161968 0.2771862 0.1909599 2.655285 0.1010036 -0.173654 2.15941 0.401666 0.1784277 2.483749 0.116758 -0.2585355 2.169626 0.4099457 0.1779504 2.483268 0.1438198 0.07097943 2.390476 0.155803 -0.00781709 2.401371 0.1210702 -0.03588251 2.37816 0.2036191 -0.05626207 2.429778 0.0827776 -0.5271962 2.435737 0.2162437 -0.5219132 2.658743 -0.003604717 -0.8908274 2.492291 0.1856031 -0.8509024 2.709132 0.05481644 -0.9441273 2.457065 0.2613895 -0.8961718 2.75294
0.1508974 0.6308687 2.340377 0.08578653 0.4694703 2.353466 0.05711043 0.3129204 2.249156 0.2148636 0.3629465 2.595422 0.03920965 0.04758486 2.16149 0.2779588 0.1906927 2.653558 0.09948314 -0.1736912 2.158957 0.4024394 0.1828345 2.481723 0.1159592 -0.2588732 2.16997 0.4103183 0.1836655 2.481956 0.1440412 0.07065491 2.390281 0.1562329 -0.008522827 2.401034 0.1220808 -0.03732246 2.37874 0.2036309 -0.05655951 2.428442 0.08273783 -0.5273167 2.435863 0.2158362 -0.5238501 2.659224 -0.003677905 -0.8909593 2.492497 0.1889216 -0.8511633 2.702962 0.05472318 -0.9441265 2.457037 0.2669004 -0.8935482 2.745805
0.150818 0.6309016 2.34041 0.08570743 0.4694415 2.353509 0.05659334 0.3128705 2.249294 0.2147845 0.3629176 2.595465 0.03684089 0.04770312 2.161476 0.278798 0.1904851 2.652532 0.09830078 -0.1733976 2.158975 0.401648 0.1965043 2.479352 0.1151115 -0.2596327 2.170774 0.4152229 0.2085274 2.474721 0.144274 0.07091974 2.389999 0.1565441 -0.008198248 2.400593 0.1224561 -0.03733437 2.37875 0.2036792 -0.055563 2.426833 0.08280353 -0.527501 2.436418 0.2156483 -0.5236262 2.658453 -0.003702797 -0.8910751 2.492477 0.1854051 -0.8527986 2.709699 0.05465966 -0.9442058 2.457138 0.2682586 -0.8924034 2.745476
0.150728 0.6309494 2.340457 0.08562904 0.4694541 2.353575 0.05616813 0.3130915 2.249529 0.2147061 0.3629302 2.595531 0.03343231 0.0562554 2.161843 0.2680297 0.1995401 2.675331 0.09619406 -0.1736415 2.158978 0.3893696 0.2150253 2.501637 0.1136283 -0.2589403 2.171046 0.4117585 0.2252732 2.486517 0.1443318 0.07149442 2.389695 0.1565967 -0.007499521 2.400133 0.1223143 -0.0374133 2.378502 0.2040437 -0.05366106 2.42613 0.08286116 -0.5272198 2.436718 0.214955 -0.523512 2.657937 -0.002042312 -0.8889147 2.49159 0.1850649 -0.8398948 2.697404 0.05410001 -0.9439304 2.458882 0.2009403 -0.9074733 2.666329
0.1504556 0.6309939 2.340512 0.08554529 0.4694036 2.35385 0.05572345 0.312932 2.249566 0.2146223 0.3628797 2.595806 0.03293008 0.04992169 2.162236 0.258012 0.1890563 2.662721 0.09461146 -0.1738972 2.159188 0.4008631 0.2304791 2.513148 0.1113582 -0.2592795 2.171371 0.4223408 0.2337066 2.489493 0.144372 0.07177361 2.389546 0.1566263 -0.007144159 2.399852 0.1221529 -0.03772276 2.378072 0.2042094 -0.05296161 2.425936 0.08283491 -0.5273131 2.436837 0.2140037 -0.5223133 2.65647 -0.002064639 -0.8900913 2.492857 0.1817206 -0.8558112 2.709239 0.05322218 -0.9438348 2.459104 0.2442196 -0.8931957 2.707686
0.1499791 0.6312039 2.340498 0.08520564 0.469423 2.353828 0.05541783 0.312883 2.249573 0.2142827 0.3628991 2.595784 0.03277344 0.04772565 2.162748 0.2728171 0.2068772 2.683642 0.0931832 -0.1736172 2.159006 0.4083471 0.2342733 2.523471 0.1089364 -0.2586746 2.170673 0.4353915 0.2405988 2.509664 0.1442654 0.07117543 2.38908 0.1565181 -0.008156921 2.39916 0.1224026 -0.03878799 2.376861 0.2033934 -0.05562454 2.425545 0.0827431 -0.5273536 2.436962 0.2136301 -0.5225002 2.656601 -0.002627453 -0.8908199 2.4938 0.187573 -0.841508 2.698889 0.05209997 -0.9435464 2.459278 0.1907344 -0.9094179 2.656853
0.1499574 0.6312237 2.340571 0.08527861 0.4693338 2.354176 0.05507427 0.3130923 2.249816 0.2143557 0.3628099 2.596132 0.03229481 0.04798028 2.162854 0.2695219 0.2149914 2.695988 0.09133895 -0.1733316 2.159152 0.4197028 0.2356219 2.549603 0.1065697 -0.2587836 2.171582 0.446514 0.2414944 2.530576 0.1442906 0.07113523 2.388967 0.1565187 -0.008233186 2.398922 0.1224762 -0.03925687 2.376321 0.203314 -0.05572432 2.425421 0.08263995 -0.5274109 2.437088 0.2133449 -0.5186076 2.654943 -0.002652107 -0.8908209 2.493752 0.1880074 -0.8398159 2.697555 0.05104682 -0.9430461 2.459595 0.2673886 -0.8861726 2.733086
0.1497546 0.6312905 2.340591 0.08504105 0.469386 2.354244 0.05478663 0.3130098 2.249887 0.2141181 0.3628621 2.5962 0.03188989 0.0478994 2.162971 0.2696465 0.224456 2.706195 0.09006777 -0.1732787 2.159273 0.4344229 0.237945 2.577305 0.1044763 -0.2584839 2.171692 0.4796481 0.238153 2.568933 0.1446081 0.07237186 2.388957 0.1570069 -0.006591681 2.398916 0.1226459 -0.03933226 2.376049 0.2045838 -0.05125685 2.426912 0.08260451 -0.5274351 2.437078 0.2134181 -0.5194685 2.654599 -0.002693149 -0.8908876 2.493806 0.1818962 -0.8470902 2.712589 0.05018557 -0.9426215 2.46011 0.2668388 -0.8900677 2.738097
0.1497004 0.6313416 2.340584 0.08501398 0.4693877 2.354231 0.05464335 0.3131079 2.249972 0.214091 0.3628638 2.596187 0.03176822 0.04777694 2.164022 0.2626963 0.2372836 2.72053 0.08881783 -0.1727902 2.159707 0.4315309 0.2363153 2.596828 0.1032174 -0.2586276 2.171383 0.4822037 0.2381389 2.572853 0.1446045 0.07257303 2.388491 0.1569736 -0.006374343 2.398331 0.1230178 -0.0395604 2.374217 0.2043818 -0.0513912 2.426811 0.08157101 -0.5272761 2.434884 0.213502 -0.5195004 2.654717 -0.003188754 -0.8911669 2.493794 0.1814788 -0.847334 2.713569 0.05060463 -0.9428262 2.460031 0.2495271 -0.9040701 2.7279
0.149383 0.6313813 2.34018 0.08489659 0.4693637 2.354024 0.05448145 0.3129115 2.249851 0.2139737 0.3628398 2.59598 0.03027214 0.05023049 2.163535 0.2650227 0.2472831 2.727387 0.08807339 -0.1730459 2.159824 0.4362833 0.2431955 2.607559 0.102442 -0.2587372 2.171144 0.4753068 0.2428659 2.588889 0.1449639 0.07282408 2.388461 0.1574555 -0.00606712 2.398379 0.1237324 -0.03959162 2.374537 0.2047019 -0.05095062 2.426789 0.08155658 -0.5272368 2.434525 0.2133517 -0.5195963 2.654202 -0.003235143 -0.8911719 2.493738 0.1815843 -0.8480915 2.713953 0.04967541 -0.942495 2.459954 0.2393183 -0.8904033 2.700441
0.1493341 0.6314211 2.340056 0.0848681 0.4693647 2.354007 0.0543377 0.3128555 2.24985 0.2139452 0.3628408 2.595963 0.03029743 0.04754573 2.16426 0.3693556 0.2464357 2.683111 0.08761794 -0.1728734 2.159733 0.514605 0.2560921 2.530172 0.1018167 -0.2588914 2.171115 0.4705315 0.252955 2.603818 0.1452288 0.0733376 2.388479 0.1577796 -0.005432007 2.398442 0.1238827 -0.03931808 2.374135 0.2053316 -0.0505769 2.427761 0.08152708 -0.5275267 2.434779 0.2135721 -0.5201633 2.654405 -0.003246269 -0.8911778 2.493743 0.1815012 -0.8492426 2.714808 0.04978695 -0.942577 2.459734 0.2623056 -0.8930318 2.750391
0.1491712 0.6314067 2.339876 0.08479488 0.4693423 2.354047 0.05433943 0.3128217 2.249848 0.213872 0.3628183 2.596004 0.03023001 0.04751703 2.164256 0.362124 0.2531309 2.688315 0.08709922 -0.1726875 2.159752 0.5262615 0.2782197 2.560455 0.1011916 -0.2587787 2.170922 0.4659005 0.2679834 2.618282 0.1454019 0.0733024 2.388649 0.1580165 -0.005509238 2.398681 0.1240784 -0.03897201 2.375625 0.2055917 -0.05057708 2.427558 0.08148013 -0.5276154 2.434796 0.2143589 -0.5196784 2.655231 -0.003288776 -0.8910509 2.493238 0.181016 -0.8503371 2.716635 0.04936763 -0.9424779 2.459687 0.2357604 -0.9113981 2.727597
0.1487661 0.6313587 2.33956 0.08455347 0.469388 2.353986 0.0542976 0.3127111 2.249774 0.2136306 0.3628641 2.595943 0.03047255 0.04731494 2.16447 0.3611948 0.2569568 2.691074 0.08691167 -0.1724388 2.159796 0.530432 0.2881144 2.57249 0.1003612 -0.2583202 2.170604 0.467055 0.2753822 2.620607 0.145467 0.07318573 2.388633 0.1581405 -0.005744204 2.398675 0.1240353 -0.03972117 2.376891 0.205987 -0.05028044 2.426094 0.08137508 -0.5282312 2.435222 0.21423 -0.5201448 2.655286 -0.003395385 -0.8911257 2.493361 0.1812291 -0.8598371 2.722404 0.04862152 -0.9417376 2.459244 0.2394842 -0.9027653 2.714064
0.1486861 0.6312878 2.339392 0.08434945 0.4692416 2.353909 0.05423906 0.3126565 2.249546 0.2134265 0.3627176 2.595866 0.0311734 0.04706329 2.164819 0.3618326 0.2657858 2.696148 0.08674351 -0.1722025 2.159806 0.5352308 0.3090748 2.589262 0.100014 -0.2577856 2.170545 0.4690502 0.28817 2.631124 0.1436072 0.07176788 2.387618 0.155532 -0.007724483 2.397324 0.1149688 -0.05211487 2.355299 0.2019712 -0.062429 2.437643 0.08033109 -0.5274591 2.433136 0.214284 -0.520907 2.655113 -0.003408383 -0.8911722 2.49331 0.1861204 -0.8368939 2.693462 0.04825202 -0.9417888 2.459094 0.2646493 -0.8798746 2.734678
0.1484193 0.6310336 2.33913 0.08405176 0.4690397 2.354111 0.05416166 0.3126602 2.249421 0.2131288 0.3625158 2.596067 0.03232762 0.0467945 2.165451 0.3544165 0.2755729 2.717787 0.08645949 -0.1711859 2.159792 0.5170161 0.2982487 2.587258 0.09980624 -0.2574807 2.170419 0.4662005 0.2979408 2.655611 0.1436823 0.07171565 2.387676 0.1556832 -0.007778424 2.397403 0.1194526 -0.04531008 2.37445 0.2040406 -0.05586041 2.42725 0.07999492 -0.527443 2.432705 0.214885 -0.5206819 2.655885 -0.00308382 -0.8913084 2.493547 0.1825193 -0.8424945 2.700718 0.04922674 -0.9419837 2.458023 0.1910048 -0.9133725 2.684041
0.1481072 0.6303228 2.338429 0.08382231 0.4682574 2.354222 0.05408538 0.3124636 2.249332 0.2128994 0.3617335 2.596178 0.03315523 0.04645714 2.165673 0.2551332 0.2967193 2.756544 0.08655039 -0.1711302 2.15981 0.4471911 0.2956475 2.681452 0.09988734 -0.2573104 2.170567 0.4773505 0.3117056 2.670212 0.1432984 0.07151389 2.387497 0.1552263 -0.007906377 2.39718 0.1174541 -0.04900897 2.363365 0.2031073 -0.05938243 2.434003 0.0804783 -0.5271673 2.433154 0.215685 -0.5195782 2.657577 -0.003403281 -0.8912848 2.493486 0.1834 -0.8454745 2.70502 0.0495534 -0.9422061 2.457114 0.1936479 -0.913074 2.671058
0.1481937 0.6303071 2.338677 0.08405381 0.4671925 2.354456 0.05407874 0.3124399 2.249345 0.2131309 0.3606686 2.596412 0.03435875 0.04626378 2.166041 0.2558456 0.2983424 2.757586 0.08802003 -0.1717048 2.160721 0.4519269 0.3278328 2.706968 0.1012513 -0.2567651 2.170092 0.5359119 0.3332804 2.673723 0.1424768 0.06698874 2.386734 0.1540187 -0.01342908 2.396123 0.1173707 -0.05110854 2.362072 0.2011246 -0.07036012 2.434649 0.08058143 -0.5271647 2.433225 0.215691 -0.5193752 2.657715 -0.003539782 -0.8912427 2.493408 0.1861649 -0.8476273 2.700383 0.05183047 -0.9432045 2.455605 0.267413 -0.8904781 2.736098
0.1484202 0.6301247 2.338897 0.08469795 0.4658157 2.35467 0.05410044 0.3123618 2.24936 0.213775 0.3592917 2.596626 0.03496897 0.04607141 2.166385 0.256905 0.3047951 2.760387 0.08987759 -0.1720119 2.160942 0.453178 0.3283606 2.706697 0.1031065 -0.2560982 2.170084 0.5399593 0.3455329 2.687643 0.1425113 0.06626032 2.386587 0.1539926 -0.01399312 2.395971 0.1165779 -0.052959 2.360583 0.2019101 -0.0704987 2.435279 0.08104403 -0.5274981 2.433646 0.2155494 -0.5193868 2.657649 -0.003695735 -0.8912476 2.493237 0.1868847 -0.8537537 2.70495 0.05094273 -0.9429084 2.455853 0.2419732 -0.8983644 2.721723
0.1483693 0.627557 2.338534 0.08566667 0.4641568 2.354764 0.05412296 0.3122914 2.24931 0.2147438 0.3576329 2.59672 0.03555276 0.04593733 2.166443 0.2580969 0.321081 2.769881 0.09184988 -0.1618365 2.159669 0.4539062 0.3380135 2.710961 0.1047716 -0.2509643 2.168555 0.5403844 0.3573391 2.692583 0.1434467 0.06428434 2.386758 0.1549179 -0.01591815 2.396201 0.1176107 -0.05366129 2.361674 0.2027874 -0.07153814 2.434858 0.08015545 -0.5266975 2.43081 0.2155683 -0.5194882 2.657595 -0.003664558 -0.8909159 2.493179 0.1864311 -0.8519741 2.705262 0.05256841 -0.9433569 2.454539 0.2628234 -0.8941616 2.751061
0.148785 0.6267946 2.338139 0.08614706 0.4624664 2.354677 0.05430822 0.3119273 2.248922 0.2152241 0.3559424 2.596633 0.0364355 0.04559791 2.165714 0.2578641 0.3241221 2.774227 0.0940357 -0.1627772 2.159294 0.4547906 0.362807 2.740015 0.1077375 -0.2516357 2.169633 0.5417371 0.3871689 2.733911 0.1444283 0.06615681 2.386905 0.1564071 -0.01228403 2.396517 0.1233408 -0.04160871 2.37103 0.2038545 -0.0611329 2.428273 0.0801594 -0.5266995 2.430809 0.2155302 -0.5203389 2.65758 -0.00366883 -0.8909189 2.493189 0.1885332 -0.8467556 2.69999 0.05257593 -0.9433116 2.454573 0.2665327 -0.8887749 2.743164
0.1486772 0.6266887 2.338078 0.08649912 0.4615309 2.35474 0.0543702 0.3118719 2.248872 0.2155762 0.355007 2.596697 0.03700394 0.04564103 2.165044 0.2617833 0.3262026 2.787744 0.09760198 -0.1663113 2.160705 0.4524248 0.3888593 2.795704 0.1115276 -0.2504595 2.169875 0.5392416 0.414014 2.800303 0.1448932 0.06407674 2.386729 0.1568515 -0.01500623 2.396269 0.1233207 -0.04493169 2.370622 0.2042445 -0.06513323 2.427654 0.08022022 -0.5266141 2.430813 0.2155166 -0.5205259 2.657521 -0.003837286 -0.8907555 2.493252 0.1891905 -0.8468418 2.699093 0.0500135 -0.942142 2.455549 0.2667179 -0.8889616 2.743019
0.1479118 0.6262484 2.337371 0.0865143 0.4607648 2.354599 0.05429154 0.3118845 2.248794 0.2155914 0.3542409 2.596555 0.03733286 0.04571953 2.164533 0.26208 0.3264874 2.789905 0.09930903 -0.1663087 2.160384 0.4495262 0.3942274 2.808223 0.1145731 -0.2503326 2.170349 0.5366483 0.4174139 2.816213 0.1449665 0.06602765 2.386559 0.1568899 -0.01180234 2.396088 0.1233684 -0.04298215 2.370693 0.2039095 -0.06137058 2.426992 0.08028745 -0.5265266 2.430734 0.2155894 -0.5210321 2.657712 -0.003775564 -0.8908118 2.493576 0.1897256 -0.8436911 2.696606 0.05023368 -0.9422495 2.455562 0.2662629 -0.8868113 2.741296
0.1460828 0.6247245 2.335279 0.08669268 0.459979 2.354388 0.05427267 0.311573 2.248714 0.2157698 0.3534551 2.596344 0.03846015 0.04528344 2.164685 0.2651856 0.3409112 2.804837 0.1007044 -0.1662744 2.160601 0.453893 0.4011421 2.830118 0.1169641 -0.2500296 2.170547 0.5181179 0.4180409 2.838167 0.1443756 0.06383491 2.386033 0.1559133 -0.0149224 2.395438 0.1197316 -0.0518074 2.362617 0.2035121 -0.07116335 2.432198 0.08072999 -0.5262869 2.430906 0.2158128 -0.5205526 2.657899 -0.004059232 -0.8907681 2.493187 0.1906585 -0.8423788 2.695371 0.05081382 -0.9428887 2.456315 0.2020712 -0.913215 2.676703
0.1460294 0.6246001 2.335198 0.08686566 0.4594683 2.354231 0.05428621 0.3115153 2.248729 0.2159428 0.3529444 2.596188 0.03918875 0.0450969 2.165085 0.2619256 0.34856 2.812136 0.1020681 -0.1671054 2.161004 0.4487953 0.4142553 2.837458 0.1186121 -0.2492901 2.170985 0.5366662 0.4331236 2.848187 0.1446053 0.06299036 2.38616 0.156177 -0.01599278 2.395678 0.1200171 -0.05223503 2.364426 0.2037778 -0.07120004 2.431678 0.08097441 -0.5260769 2.43107 0.2161665 -0.5221312 2.659077 -0.004245184 -0.8908498 2.493461 0.1887898 -0.842894 2.699342 0.05020563 -0.9426569 2.456776 0.2023904 -0.9091727 2.672341
0.1455781 0.6244957 2.334848 0.08710432 0.4589525 2.354168 0.05441869 0.3111865 2.248739 0.2161814 0.3524287 2.596124 0.03953418 0.04469275 2.165367 0.2655788 0.358374 2.821938 0.1027253 -0.1680599 2.161526 0.4578423 0.4128681 2.836789 0.1191444 -0.248839 2.17131 0.5421945 0.4372337 2.858795 0.1454943 0.06546719 2.386499 0.1573719 -0.0121103 2.396244 0.1227324 -0.0460049 2.36729 0.2048717 -0.06370589 2.430644 0.08140375 -0.5255725 2.431254 0.2155155 -0.5225987 2.657913 -0.004892366 -0.8908313 2.49381 0.1884932 -0.8428009 2.69977 0.04963833 -0.941814 2.457951 0.2486873 -0.881646 2.712996
0.1446461 0.623479 2.333313 0.08716713 0.4586885 2.354306 0.05441362 0.3110264 2.24875 0.2162442 0.3521646 2.596263 0.0394441 0.04457259 2.165191 0.2673191 0.36092 2.825391 0.1029134 -0.1680509 2.162334 0.4570981 0.4187992 2.849027 0.1188879 -0.2487487 2.171979 0.4814455 0.4259447 2.85821 0.1455748 0.06502744 2.386641 0.1574506 -0.01282629 2.396407 0.1226642 -0.04665167 2.367632 0.2050077 -0.06416211 2.430589 0.08144526 -0.5255562 2.431285 0.2155934 -0.5228097 2.657314 -0.004797012 -0.8908423 2.493739 0.1891069 -0.8419316 2.699612 0.04943909 -0.9418449 2.45791 0.2024167 -0.9062748 2.668151
0.143814 0.6225095 2.331982 0.08723274 0.4583938 2.354195 0.05461507 0.3108004 2.248822 0.2163098 0.3518699 2.596152 0.03871771 0.04443082 2.1651 0.2679875 0.3617882 2.826194 0.1026228 -0.1678429 2.162719 0.4581353 0.4189345 2.849084 0.1178232 -0.2488429 2.173007 0.4793795 0.4279903 2.861083 0.1455947 0.06425593 2.386623 0.1574271 -0.01397975 2.396412 0.1225914 -0.04734327 2.367814 0.2049471 -0.0651384 2.430364 0.08099627 -0.5256819 2.430703 0.2154791 -0.5224871 2.657172 -0.004948253 -0.8907787 2.493635 0.188029 -0.8430673 2.701233 0.04967789 -0.941955 2.457928 0.2001961 -0.9057565 2.666178
0.1434782 0.6222339 2.331743 0.08731794 0.4578182 2.353776 0.0546251 0.3105613 2.248834 0.216395 0.3512944 2.595732 0.03811695 0.04505724 2.165328 0.2676788 0.3621593 2.826343 0.1010655 -0.16886 2.164152 0.4585467 0.4181671 2.847178 0.1162585 -0.2485324 2.174225 0.4806818 0.4289774 2.858818 0.1456126 0.06383734 2.386524 0.1574209 -0.01449272 2.396345 0.1224367 -0.04781581 2.367874 0.2050385 -0.0655282 2.430212 0.08161762 -0.5254384 2.43158 0.2151529 -0.5229535 2.657334 -0.003352982 -0.8884888 2.490613 0.1868305 -0.8428048 2.702955 0.04900007 -0.9416553 2.458362 0.2479422 -0.8816695 2.695086
0.143157 0.6220562 2.331485 0.08736477 0.457174 2.35328 0.05460636 0.31026 2.248697 0.2164418 0.3506501 2.595236 0.03767797 0.04577672 2.165821 0.2674396 0.3623574 2.826385 0.09897694 -0.1682588 2.165704 0.4632407 0.4053914 2.836368 0.1133236 -0.2507669 2.178102 0.5470272 0.4336143 2.85578 0.1453052 0.06140607 2.385854 0.1569459 -0.01767961 2.395616 0.1211998 -0.05421445 2.36262 0.2050759 -0.07367575 2.433467 0.08158559 -0.5254532 2.431526 0.2150928 -0.5235382 2.657853 -0.002062049 -0.887567 2.489713 0.1868707 -0.8465347 2.702816 0.05287143 -0.9431844 2.454265 0.195836 -0.9182848 2.664651
0.1193265 0.6230295 2.330844 0.08738416 0.4569527 2.353132 0.05467609 0.309528 2.248516 0.2164612 0.3504288 2.595089 0.03736182 0.04272264 2.167195 0.2671558 0.3627254 2.826571 0.0969782 -0.1688349 2.16679 0.463995 0.4025891 2.833223 0.1098763 -0.2493995 2.179416 0.5489994 0.4295409 2.848778 0.145061 0.06023413 2.386019 0.1565939 -0.01919197 2.39591 0.1205499 -0.0559881 2.362041 0.2050685 -0.0756603 2.43525 0.07867306 -0.52309 2.425318 0.2153851 -0.5230899 2.658005 -0.002646606 -0.88696 2.492311 0.1871337 -0.8426821 2.699628 0.05300292 -0.9431037 2.45443 0.2478175 -0.8805048 2.713548
0.1260476 0.6217546 2.329823 0.08737719 0.4568144 2.353162 0.05487675 0.3091388 2.248527 0.2164543 0.3502905 2.595118 0.03687002 0.04214281 2.168333 0.266796 0.3631575 2.827073 0.09472927 -0.1684086 2.166923 0.4652351 0.3970785 2.828077 0.1078114 -0.2495227 2.179262 0.5511711 0.4229948 2.839826 0.1449945 0.0599897 2.385973 0.1565129 -0.01945482 2.395837 0.1202956 -0.05720531 2.360394 0.2051327 -0.0762305 2.436191 0.07797386 -0.5227342 2.423355 0.2179652 -0.4961816 2.651999 -0.00267225 -0.8870906 2.492241 0.1866303 -0.842687 2.700492 0.05129401 -0.9430655 2.456419 0.2428974 -0.8916829 2.714357
0.1269784 0.6215321 2.329453 0.08722206 0.4566978 2.353189 0.05460478 0.308778 2.24847 0.2162991 0.3501739 2.595145 0.03634704 0.04171759 2.168655 0.2658515 0.3397719 2.820283 0.09316701 -0.168526 2.167385 0.4584178 0.3987688 2.8201 0.1047669 -0.2489852 2.178549 0.5457028 0.4227717 2.820647 0.14511 0.0589166 2.386342 0.1567604 -0.02085177 2.396317 0.1205379 -0.05814974 2.360409 0.2057971 -0.07820075 2.437715 0.0800451 -0.5237562 2.427952 0.2164823 -0.5042529 2.655606 -0.003217932 -0.8875026 2.493122 0.1835861 -0.8475777 2.710609 0.05000942 -0.942452 2.456822 0.2579151 -0.8901855 2.759332
0.1184981 0.6232681 2.329605 0.08703789 0.4565053 2.353125 0.05452972 0.3085944 2.248486 0.216115 0.3499814 2.595081 0.03577 0.041509 2.168944 0.2657167 0.337194 2.819296 0.09206215 -0.1690488 2.167675 0.460719 0.389203 2.804452 0.1018344 -0.2506305 2.17809 0.5485128 0.4112734 2.803661 0.145038 0.05847588 2.386379 0.1567136 -0.02132778 2.396368 0.1208026 -0.05734711 2.363583 0.2050974 -0.07773978 2.434896 0.08019643 -0.5251711 2.429259 0.2167717 -0.5088961 2.656422 -0.003744959 -0.887594 2.493276 0.1829753 -0.849033 2.712187 0.05011581 -0.9425008 2.456785 0.258359 -0.8915186 2.759376
0.1155548 0.6239457 2.329559 0.08679622 0.456335 2.353233 0.05438987 0.3085114 2.248483 0.2158733 0.3498111 2.595189 0.03513553 0.0414305 2.169071 0.2655211 0.3358485 2.819122 0.0899215 -0.169416 2.168024 0.4622901 0.359202 2.767552 0.1003626 -0.2518796 2.17792 0.5490451 0.3850312 2.769095 0.1452759 0.05840243 2.386549 0.1571194 -0.0213765 2.396583 0.1230652 -0.05474082 2.368937 0.2056584 -0.07584761 2.431869 0.07859206 -0.525569 2.427209 0.2171596 -0.5104058 2.657748 -0.002845127 -0.886593 2.490902 0.1843084 -0.8453693 2.707607 0.05020148 -0.9424979 2.456792 0.2640881 -0.8881182 2.746629
