0.09629411 0.6321342 2.15296 0.1163571 0.4536613 2.148233 0.06127163 0.266362 2.06443 0.316121 0.3937473 2.32654 0.03701719 0.3482377 1.794715 0.4986615 0.414266 2.370829 0.2064635 0.4672039 1.768612 0.5057261 0.5240375 2.190694 0.2507444 0.5065551 1.770421 0.5139419 0.5763696 2.10213 0.1653696 0.1002207 2.148426 0.1880026 0.03253902 2.137865 0.1321949 -0.05194057 2.073316 0.2717492 -0.04539808 2.193496 0.06548602 -0.5100682 2.191471 0.2356939 -0.5298033 2.348808 -0.003107928 -0.8679044 2.276725 0.2116881 -0.8807523 2.418657 0.02965798 -0.9314138 2.289096 0.2870382 -0.9428927 2.41932
0.09615996 0.631897 2.15325 0.1167957 0.4530093 2.149181 0.06047757 0.2668141 2.063834 0.3147851 0.3934377 2.326383 0.03614086 0.3490175 1.789504 0.4964648 0.415681 2.372355 0.191633 0.4656513 1.74602 0.5136718 0.5269765 2.193774 0.2348103 0.5017007 1.749263 0.5234045 0.5797789 2.106169 0.1651194 0.09987917 2.14919 0.1883392 0.03240065 2.137942 0.1329944 -0.05205644 2.073302 0.2718483 -0.04551651 2.193477 0.06670161 -0.510842 2.191905 0.2360446 -0.530656 2.348933 -0.001854316 -0.8657092 2.272228 0.211484 -0.8808939 2.418732 0.02796792 -0.9294995 2.289592 0.2871129 -0.9426103 2.418548
0.0958735 0.6325296 2.153244 0.1180196 0.4545655 2.149136 0.05889942 0.2690371 2.063208 0.3128525 0.3916623 2.324765 0.03319888 0.3520177 1.785577 0.4920643 0.4191975 2.374965 0.187169 0.4845828 1.729058 0.5257415 0.5380355 2.208591 0.2163967 0.5111197 1.72633 0.5457783 0.5959346 2.129371 0.1656919 0.1018517 2.150017 0.1894026 0.0346195 2.138274 0.1352538 -0.05030801 2.071833 0.2720831 -0.0448219 2.195074 0.0667919 -0.5109593 2.191828 0.2361481 -0.5307696 2.349012 -0.001488082 -0.8653318 2.271223 0.2114404 -0.8808921 2.418698 0.02758719 -0.9291411 2.289745 0.2869986 -0.9424314 2.418653
0.09145281 0.6277404 2.152773 0.1200455 0.4318487 2.143502 0.05650764 0.2722462 2.060775 0.3147895 0.3938225 2.328441 0.02702047 0.3571005 1.784187 0.4952564 0.4286267 2.372461 0.1778763 0.4947172 1.71799 0.548348 0.5632871 2.225981 0.2047574 0.5226276 1.712324 0.5608708 0.6062014 2.169207 0.165617 0.1019341 2.149877 0.1895585 0.03579808 2.138005 0.1348785 -0.04921538 2.072323 0.2734407 -0.04256449 2.194004 0.06671458 -0.512777 2.192224 0.2359355 -0.533567 2.349834 -0.00125191 -0.8658565 2.272207 0.2125043 -0.8807641 2.418488 0.02801438 -0.9298801 2.289657 0.2866503 -0.9430023 2.41771
0.08076697 0.6256737 2.153144 0.118689 0.4319137 2.142083 0.05573702 0.2779521 2.057977 0.3148282 0.3939511 2.328447 0.01932341 0.3615449 1.781876 0.4938387 0.4395006 2.369998 0.144934 0.5031084 1.695888 0.5534252 0.5768461 2.229126 0.182751 0.54277 1.691572 0.5676954 0.6203073 2.172435 0.1652119 0.1042192 2.148893 0.1893337 0.04088694 2.137168 0.1353303 -0.0438728 2.071 0.2737507 -0.03975563 2.194532 0.06612681 -0.5142813 2.192381 0.2359464 -0.533602 2.349915 -0.001364408 -0.8659158 2.272412 0.2125195 -0.880717 2.418475 0.01680518 -0.9297729 2.301605 0.2850429 -0.9422804 2.417004
0.07925302 0.6262732 2.155935 0.118796 0.4326084 2.142754 0.05441672 0.2853152 2.053973 0.3130319 0.3935888 2.326518 0.01101118 0.3626836 1.776986 0.4884983 0.4458764 2.372348 0.1232286 0.5053788 1.683149 0.5600415 0.5875532 2.242864 0.1632902 0.5553968 1.674212 0.5780441 0.6400882 2.187294 0.1649706 0.1040216 2.148669 0.1892143 0.04068841 2.136846 0.1346154 -0.04251172 2.07187 0.2727441 -0.03857453 2.190838 0.06616991 -0.5150532 2.192932 0.2357176 -0.5339348 2.350108 -0.001634317 -0.8663588 2.273142 0.2135876 -0.8813707 2.419976 0.01872443 -0.9306806 2.299755 0.2847568 -0.9421466 2.416734
0.1177592 0.603098 2.14864 0.1216478 0.4332045 2.145135 0.05623068 0.2872553 2.0537 0.3127935 0.3939449 2.326351 0.003868032 0.3607575 1.777262 0.485938 0.4490056 2.375655 0.09880804 0.5040461 1.668333 0.5671496 0.5936874 2.256707 0.1352754 0.557445 1.654493 0.5880062 0.6484492 2.20519 0.1648326 0.10397 2.148709 0.1892798 0.04075292 2.13654 0.1341814 -0.04062906 2.072205 0.2722297 -0.03711674 2.188329 0.06656256 -0.5151631 2.193656 0.2367576 -0.5276816 2.349666 -0.001854756 -0.8665789 2.273394 0.2136028 -0.8813608 2.41987 0.01995112 -0.9310331 2.298497 0.286287 -0.9420918 2.419187
0.1115035 0.6052599 2.145722 0.1243699 0.4365439 2.145528 0.05916168 0.2933968 2.05148 0.3128517 0.3934399 2.327505 -0.005394913 0.3558575 1.77489 0.4843959 0.4499489 2.379354 0.07136478 0.4939187 1.644388 0.579218 0.5968618 2.275968 0.1102937 0.5434543 1.635925 0.5970442 0.644528 2.224061 0.1643916 0.1034954 2.148371 0.1884024 0.03937813 2.136305 0.1331796 -0.04016432 2.075114 0.2669014 -0.03781633 2.184607 0.06675135 -0.5151805 2.194013 0.236606 -0.5284535 2.350147 -0.001996082 -0.8665107 2.273276 0.2126952 -0.8809371 2.419322 0.02092531 -0.9314928 2.295902 0.2836214 -0.9412894 2.418301
0.111298 0.6031569 2.146524 0.1258036 0.4346555 2.14668 0.05985402 0.2924567 2.051545 0.312899 0.3904815 2.328257 -0.01318443 0.3478045 1.775613 0.4830803 0.4480505 2.382288 0.06623052 0.4840273 1.64473 0.5819415 0.5927824 2.279717 0.1094159 0.5399946 1.632731 0.6076064 0.6411952 2.230575 0.1633358 0.1014206 2.148222 0.1866613 0.03718086 2.136047 0.1316172 -0.0406317 2.076498 0.263437 -0.03927112 2.182746 0.06632976 -0.5159462 2.194357 0.2357367 -0.5315688 2.351028 -0.002165156 -0.8667202 2.273566 0.2129581 -0.8813142 2.419753 0.02257771 -0.9319639 2.29334 0.285741 -0.9424846 2.417799
0.1116341 0.6021285 2.146617 0.1252503 0.4335124 2.146602 0.04918399 0.2913136 2.050236 0.3126478 0.3893834 2.330016 -0.02566167 0.3357759 1.772671 0.4819508 0.4438941 2.387952 0.06032322 0.4596782 1.633102 0.5896631 0.5806587 2.28309 0.1017526 0.5025972 1.616059 0.6196435 0.6235293 2.228774 0.1627931 0.1005621 2.14827 0.1859123 0.03652251 2.135974 0.1294599 -0.04202493 2.078609 0.2632996 -0.03961918 2.182024 0.06669142 -0.5163088 2.194773 0.2359721 -0.5319195 2.351097 -0.002715292 -0.8669687 2.273905 0.2112658 -0.8813134 2.419628 0.02335724 -0.9320068 2.29262 0.2636748 -0.934733 2.423502
0.1119521 0.5978338 2.147699 0.1214921 0.4280235 2.14353 0.0433898 0.2886773 2.049402 0.3016769 0.3893165 2.324106 -0.03738004 0.3217447 1.771913 0.4687506 0.4289222 2.394003 0.05825449 0.4314207 1.626272 0.6048974 0.5473583 2.302424 0.1056449 0.4840885 1.606285 0.6227729 0.5678779 2.256628 0.1609865 0.09554546 2.148217 0.184342 0.03179871 2.136511 0.1286984 -0.04645452 2.082291 0.2623944 -0.04151854 2.181749 0.06664308 -0.5165679 2.194809 0.2366551 -0.5290862 2.349617 -0.002673407 -0.8670252 2.274189 0.2125601 -0.8805805 2.419286 0.01938658 -0.931649 2.298625 0.2873715 -0.9432476 2.422192
0.08882064 0.6304259 2.152164 0.1220416 0.4227117 2.141968 0.03780473 0.2835984 2.049758 0.299507 0.3899066 2.323797 -0.0495785 0.3075656 1.77345 0.465782 0.4259533 2.396444 0.05516699 0.4164991 1.63425 0.6029232 0.5419027 2.302903 0.1091052 0.4535562 1.605028 0.6255513 0.5634647 2.251161 0.1607793 0.09252916 2.148649 0.1838592 0.02914802 2.137192 0.127642 -0.05117197 2.086498 0.2622475 -0.04226975 2.18152 0.06725858 -0.5172719 2.195156 0.2377364 -0.5260689 2.347819 -0.002826159 -0.8671523 2.274354 0.2129003 -0.8805877 2.419829 0.0216419 -0.931767 2.296404 0.2867495 -0.9433807 2.421629
0.08932421 0.6295238 2.152244 0.1221061 0.4197169 2.140602 0.03499296 0.2815279 2.0508 0.2984349 0.3903502 2.324432 -0.05476193 0.3018506 1.777946 0.4567435 0.4165864 2.412123 0.05116318 0.4027435 1.633157 0.5909418 0.5280421 2.307946 0.09571736 0.4317904 1.603614 0.6343243 0.5572469 2.235361 0.1604353 0.0909003 2.148336 0.1832659 0.02774382 2.137163 0.1261213 -0.05296513 2.088652 0.2620564 -0.04276442 2.180344 0.06733773 -0.5182118 2.195018 0.2381143 -0.527297 2.347973 -0.002890578 -0.8672225 2.274412 0.2128449 -0.8803612 2.419899 0.02266376 -0.9322027 2.294021 0.2818382 -0.9422399 2.422787
0.09020574 0.6299867 2.1519 0.1212587 0.4195235 2.139928 0.02970195 0.2793204 2.051502 0.296081 0.3925475 2.324562 -0.05713838 0.3009883 1.779607 0.455717 0.4168524 2.410818 0.04852565 0.3999471 1.633149 0.5914598 0.5269362 2.307265 0.09223162 0.43071 1.602186 0.6336548 0.557309 2.236301 0.1600635 0.09073114 2.148095 0.1826635 0.0275612 2.137086 0.1248447 -0.05355957 2.089757 0.2617196 -0.04242576 2.179332 0.06738848 -0.5180551 2.194724 0.2382085 -0.5274364 2.347822 -0.001763801 -0.8627149 2.267326 0.2120011 -0.8812186 2.419381 0.02168075 -0.9265174 2.292614 0.2818238 -0.9423218 2.422753
0.09031595 0.6296392 2.152163 0.1191288 0.4192963 2.13935 0.02674024 0.2797985 2.050654 0.2998263 0.3927933 2.333206 -0.06117222 0.3060935 1.777268 0.461126 0.4262121 2.41464 0.04091713 0.4059614 1.628717 0.5936956 0.5363818 2.306589 0.08201438 0.4456847 1.591882 0.6472458 0.5851848 2.229271 0.1569357 0.09093963 2.148217 0.1789987 0.02782899 2.137891 0.1184423 -0.05379537 2.092689 0.2604685 -0.0425595 2.179174 0.06808192 -0.5180753 2.194952 0.2383939 -0.5289865 2.347845 -0.0027125 -0.8642079 2.269278 0.2111102 -0.8805447 2.41891 0.02271353 -0.9280549 2.29245 0.282574 -0.9422535 2.422252
0.1286281 0.6195995 2.148303 0.1162421 0.4223454 2.140272 0.02596616 0.2815618 2.050105 0.30266 0.394208 2.338206 -0.0667616 0.3178631 1.7808 0.4640332 0.4328172 2.417775 0.02540501 0.4215357 1.628052 0.5891587 0.554946 2.314374 0.06512381 0.4644206 1.594041 0.6383336 0.6116922 2.2393 0.15421 0.09405901 2.147878 0.1761717 0.03111787 2.137541 0.1149705 -0.05108473 2.091707 0.2594278 -0.04032172 2.178549 0.06801561 -0.5179159 2.194757 0.2381888 -0.5262396 2.346689 -0.002710256 -0.8644126 2.269506 0.2107681 -0.880588 2.418945 0.02317068 -0.9281752 2.292406 0.2825203 -0.942318 2.422209
0.1242425 0.6233804 2.147393 0.1131593 0.4345981 2.143099 0.02491729 0.2929288 2.05065 0.3036611 0.3921523 2.340388 -0.07543466 0.3299085 1.780878 0.4706135 0.468758 2.404094 0.003130987 0.4443842 1.628253 0.601276 0.5969937 2.318401 0.03351578 0.4955571 1.591931 0.6321178 0.6385807 2.272292 0.1500206 0.09954238 2.147452 0.1720069 0.0358759 2.136555 0.11058 -0.04747234 2.088426 0.2550259 -0.03532522 2.178145 0.06774613 -0.5178185 2.194605 0.2370716 -0.5291826 2.347716 -0.002639078 -0.8643297 2.269618 0.2119192 -0.8798406 2.419082 0.02379663 -0.9279408 2.292304 0.2863566 -0.9429687 2.420309
0.09851768 0.6586231 2.152199 0.08740463 0.4873567 2.139474 0.0009929985 0.3462706 2.044889 0.313774 0.3968071 2.352272 -0.08142248 0.3392341 1.780122 0.498676 0.5175847 2.409285 -0.02047113 0.4629748 1.626601 0.632401 0.6340985 2.310941 0.01204548 0.5139013 1.589053 0.6313171 0.6553553 2.291771 0.1379548 0.1279288 2.146561 0.1625242 0.05871094 2.135987 0.101317 -0.03454258 2.088976 0.2523555 -0.01496202 2.176383 0.06756288 -0.5178077 2.194586 0.2367878 -0.5243851 2.34719 -0.002136056 -0.864069 2.269511 0.2127816 -0.8801044 2.420192 0.02093989 -0.9277717 2.295382 0.2865741 -0.942928 2.419523
0.1045729 0.6414988 2.158597 0.124761 0.444278 2.155972 0.03834937 0.3031919 2.061388 0.3167068 0.4084053 2.357041 -0.07968278 0.3436967 1.800251 0.4986719 0.5198187 2.410233 -0.04358986 0.4713909 1.628803 0.627695 0.6583124 2.343417 -0.02113111 0.5384983 1.582269 0.6605576 0.7092261 2.315459 0.1383724 0.1263143 2.147412 0.1621925 0.05854399 2.136254 0.09870805 -0.03447871 2.088806 0.249827 -0.01332474 2.176538 0.06715238 -0.5176929 2.194454 0.234565 -0.5294905 2.349369 -0.002070821 -0.8639561 2.269384 0.2128342 -0.8799866 2.420211 0.02159412 -0.927632 2.294785 0.2882036 -0.9428144 2.420054
0.1195939 0.6158315 2.154062 0.1244559 0.4423445 2.154838 0.02500589 0.3010375 2.048947 0.3076829 0.3938652 2.335092 -0.09247594 0.3513128 1.789426 0.4734304 0.4996308 2.417249 -0.07173798 0.4834794 1.618408 0.6064345 0.6431359 2.383732 -0.05270427 0.5451279 1.573304 0.6401791 0.6878886 2.347001 0.1398887 0.1155942 2.149213 0.1621043 0.05161284 2.136355 0.0967199 -0.03937952 2.087014 0.2487829 -0.01839366 2.177221 0.06703122 -0.5169128 2.194658 0.2331319 -0.5339583 2.351533 -0.002372749 -0.8640847 2.269559 0.212934 -0.8800858 2.42023 0.02243709 -0.9274031 2.29476 0.2883746 -0.9428192 2.419184
0.1174616 0.614407 2.149253 0.1244645 0.4413147 2.1543 0.02398634 0.301667 2.047627 0.3072272 0.3992556 2.337049 -0.1027766 0.3527584 1.793194 0.4725306 0.4991031 2.418334 -0.0946825 0.4817212 1.614468 0.6086524 0.6407291 2.394745 -0.08555239 0.5398824 1.564856 0.6520977 0.6872503 2.378143 0.1403376 0.1102451 2.15093 0.1624936 0.04625276 2.137266 0.09701633 -0.04105408 2.087948 0.2466575 -0.02617608 2.176938 0.06629578 -0.5156865 2.194417 0.232947 -0.5341681 2.351838 -0.001999611 -0.8639579 2.270383 0.2125215 -0.8804646 2.420099 0.02268309 -0.9281373 2.293439 0.2871851 -0.9425659 2.418712
0.1170864 0.6137849 2.146052 0.12449 0.4405766 2.154025 0.02396666 0.3019299 2.047398 0.3073746 0.4009098 2.337647 -0.1134671 0.3504919 1.798656 0.4731487 0.4868907 2.433095 -0.1182428 0.4753632 1.607695 0.6144779 0.6234553 2.428146 -0.1139538 0.5234048 1.562313 0.6675454 0.6787663 2.404257 0.1432478 0.1037528 2.153509 0.1658924 0.03889639 2.139609 0.1020603 -0.04569208 2.090669 0.2477379 -0.03522637 2.179248 0.06592683 -0.5155371 2.194507 0.2328067 -0.5344282 2.352284 -0.001167748 -0.861238 2.267391 0.2122803 -0.880634 2.420127 0.02187285 -0.925082 2.292943 0.2871684 -0.9425277 2.418705
0.1164657 0.6132491 2.143494 0.1241899 0.4398563 2.153144 0.02398603 0.3022109 2.047266 0.2755431 0.3825129 2.285461 -0.1254021 0.3412985 1.804436 0.458574 0.4736284 2.42975 -0.1451173 0.447874 1.607805 0.634204 0.6102413 2.449669 -0.1473236 0.4841505 1.565393 0.6986818 0.6563997 2.439348 0.1452837 0.09060179 2.153345 0.1678705 0.0218938 2.138057 0.1078478 -0.05389612 2.090719 0.2436156 -0.04525266 2.177271 0.06587786 -0.5154641 2.195014 0.2325696 -0.5343553 2.352471 -0.001380608 -0.8613198 2.26781 0.2122811 -0.8806335 2.420186 0.02276762 -0.9250432 2.292629 0.2860077 -0.9427338 2.420267
0.1167239 0.6133626 2.142242 0.1245439 0.4381446 2.151534 0.02430579 0.302215 2.047413 0.2992725 0.3880859 2.326864 -0.1380568 0.3232462 1.81885 0.4712656 0.47074 2.454333 -0.1638998 0.422231 1.612271 0.6406003 0.5812688 2.467831 -0.1634094 0.4600742 1.563237 0.6957507 0.6161968 2.453964 0.1445796 0.0903756 2.153026 0.1679706 0.02192797 2.137993 0.1082799 -0.05421159 2.0905 0.2436731 -0.04567096 2.177209 0.06591397 -0.5152869 2.195148 0.2319738 -0.5356256 2.353217 -0.001475691 -0.8611388 2.268021 0.2120781 -0.8807163 2.419704 0.02288291 -0.924977 2.292334 0.2885113 -0.9422087 2.42181
0.1182721 0.6134549 2.139364 0.1243563 0.4371624 2.150363 0.02373118 0.3032276 2.047548 0.2862203 0.3803331 2.305021 -0.1452578 0.315889 1.821323 0.4659516 0.4528925 2.461315 -0.1762868 0.3986277 1.619172 0.6470399 0.5677966 2.478239 -0.1818656 0.4278969 1.565203 0.7055951 0.5988738 2.470541 0.1450224 0.08809051 2.15315 0.1682808 0.02010394 2.137742 0.1091697 -0.0553257 2.090389 0.2430979 -0.04879312 2.176953 0.06606617 -0.5153134 2.19562 0.2306879 -0.5380495 2.354433 -0.001879752 -0.8614664 2.269106 0.2123991 -0.8815731 2.4204 0.02321478 -0.9254408 2.292286 0.2888682 -0.9430437 2.421665
0.1196557 0.6137621 2.138651 0.1243778 0.4364444 2.149702 0.02310518 0.3043115 2.048134 0.2857636 0.3797239 2.304443 -0.1512153 0.3068857 1.826467 0.4647925 0.4477934 2.463144 -0.1836256 0.3877448 1.623392 0.6506004 0.5611606 2.483766 -0.189379 0.4174426 1.566338 0.7092447 0.5943467 2.477787 0.1451605 0.08714008 2.153453 0.1684737 0.01940977 2.137894 0.1098054 -0.05599664 2.090451 0.2428574 -0.05041078 2.177554 0.06606288 -0.5153182 2.195625 0.2310253 -0.5330424 2.353332 -0.001979045 -0.8615285 2.268827 0.2128374 -0.8815963 2.420601 0.02324246 -0.925344 2.292305 0.2891346 -0.9431223 2.420949
0.1217528 0.6133971 2.13727 0.1244719 0.4360378 2.149402 0.02270829 0.3051612 2.048834 0.2832856 0.3773009 2.300083 -0.1672485 0.2815031 1.860197 0.4609304 0.4434632 2.460802 -0.1872925 0.3834966 1.629202 0.6526643 0.5594591 2.485063 -0.1900778 0.4165553 1.5668 0.7101277 0.5927914 2.478688 0.1456401 0.08532286 2.153876 0.1689262 0.01757445 2.138208 0.1107318 -0.0571874 2.090895 0.2426723 -0.05203582 2.177841 0.06597373 -0.5153367 2.195704 0.2310069 -0.5297061 2.35242 -0.001942202 -0.8615726 2.268737 0.2133281 -0.8814739 2.420366 0.02329717 -0.9254543 2.292015 0.2889157 -0.9435834 2.419963
0.1228428 0.6132408 2.135937 0.1243767 0.4357468 2.149229 0.02198006 0.3061885 2.049577 0.2829143 0.3770735 2.299656 -0.1619027 0.2978716 1.836532 0.460499 0.4422927 2.460764 -0.1883875 0.3849345 1.630849 0.6516658 0.5589829 2.484079 -0.1903787 0.4181892 1.569488 0.7084671 0.5932957 2.477013 0.1454352 0.08474232 2.153977 0.1687186 0.01705894 2.13817 0.1106769 -0.05753911 2.091066 0.2421745 -0.05247186 2.177515 0.06603418 -0.5154288 2.19584 0.2304941 -0.5324674 2.353455 -0.002113268 -0.8618648 2.269455 0.2131588 -0.8806882 2.419809 0.02360908 -0.9257786 2.292108 0.2894004 -0.9424364 2.421254
0.122909 0.6132441 2.135951 0.1243207 0.4355871 2.149213 0.02110854 0.3072497 2.050333 0.2826986 0.3771647 2.299845 -0.1593741 0.3082671 1.828673 0.4607223 0.4425598 2.460476 -0.1872947 0.3936114 1.638149 0.6268855 0.5607507 2.468794 -0.1813661 0.4409263 1.573639 0.6814051 0.5979605 2.45848 0.1453488 0.0843365 2.154367 0.1686229 0.01668422 2.138494 0.1107425 -0.0577873 2.091673 0.2418769 -0.05292349 2.17771 0.0660704 -0.5151755 2.195987 0.2299857 -0.5335842 2.353672 -0.002444816 -0.8623158 2.269998 0.2131338 -0.8806649 2.419802 0.02445126 -0.9254353 2.293499 0.2873102 -0.9420186 2.420623
0.1230608 0.6131983 2.135738 0.1241955 0.4354928 2.149354 0.02045638 0.3076214 2.050814 0.2929791 0.3839447 2.321366 -0.1550994 0.318457 1.825009 0.4638557 0.4455245 2.462331 -0.1738823 0.425747 1.639567 0.6179038 0.5674428 2.459037 -0.1602739 0.4729396 1.587004 0.6688731 0.6101806 2.438095 0.1447545 0.08457047 2.154368 0.1682855 0.01714645 2.138798 0.1099348 -0.0576837 2.092458 0.2418695 -0.0528767 2.177683 0.0660985 -0.5149396 2.196233 0.2292412 -0.5347875 2.354124 -0.002504246 -0.8622401 2.269979 0.2134003 -0.8807564 2.420353 0.02476671 -0.9253591 2.293045 0.2872473 -0.9420956 2.420391
0.122905 0.6131354 2.135765 0.124092 0.4352806 2.149549 0.01924115 0.3080671 2.051523 0.2846715 0.3830738 2.309031 -0.1536196 0.324509 1.823759 0.4659474 0.454247 2.457982 -0.1562754 0.4537663 1.637968 0.6249985 0.6039512 2.42558 -0.1434582 0.4954201 1.594773 0.6703992 0.6544878 2.394827 0.144804 0.08432942 2.154564 0.1681635 0.01692595 2.13866 0.1098415 -0.05778544 2.092427 0.2416661 -0.05304132 2.1771 0.06600499 -0.5149717 2.196372 0.2284472 -0.5371302 2.354977 -0.002586579 -0.8625279 2.27026 0.2133504 -0.8807342 2.420443 0.02489951 -0.925597 2.293206 0.285446 -0.9423941 2.418401
0.1222022 0.6129894 2.135916 0.1240823 0.4345788 2.150776 0.01621548 0.3091629 2.052209 0.2915851 0.382429 2.320912 -0.1530361 0.3305441 1.821864 0.4657042 0.4602717 2.450915 -0.1372955 0.4749419 1.640391 0.6041602 0.6093686 2.406574 -0.1190979 0.5239806 1.604477 0.6498894 0.6605425 2.378485 0.144324 0.08468688 2.155106 0.1676891 0.01767054 2.139118 0.1081892 -0.05731559 2.094086 0.2417241 -0.0527117 2.176739 0.06521312 -0.5151061 2.196002 0.2280587 -0.5380668 2.355236 -0.00373752 -0.8649206 2.273298 0.213587 -0.8808945 2.420949 0.02597589 -0.9277171 2.294116 0.2888995 -0.9428651 2.42036
0.1219437 0.6128708 2.136122 0.1231032 0.4341671 2.151153 0.01276642 0.3100856 2.052984 0.2838226 0.3827257 2.310552 -0.1513786 0.337447 1.819213 0.4628193 0.467099 2.439639 -0.1175942 0.486026 1.654519 0.5899302 0.6136059 2.387766 -0.08865477 0.5474146 1.621951 0.6224583 0.6641731 2.350187 0.1439858 0.08436448 2.15559 0.1672911 0.01744452 2.139184 0.1075377 -0.05760231 2.09502 0.2412848 -0.05244718 2.175815 0.06430054 -0.5146762 2.195819 0.2279596 -0.538673 2.355738 -0.004330925 -0.8654283 2.273891 0.2137117 -0.8806581 2.420785 0.02619334 -0.9277322 2.295014 0.2893803 -0.9431221 2.421135
0.1224115 0.6126961 2.136199 0.122581 0.433798 2.151571 0.009133717 0.3070439 2.053209 0.2949148 0.3865755 2.332124 -0.1441304 0.3462065 1.819062 0.4609458 0.4702395 2.432288 -0.09488401 0.493226 1.673384 0.5759651 0.6190866 2.361469 -0.05622415 0.560932 1.645661 0.6084494 0.6697948 2.321078 0.1384398 0.08981703 2.15562 0.1601803 0.02555078 2.138804 0.08946183 -0.05256807 2.094448 0.2403811 -0.04607122 2.174127 0.06364554 -0.5137178 2.195531 0.2275363 -0.5392921 2.356298 -0.002327348 -0.861829 2.269165 0.213816 -0.880635 2.421 0.02440479 -0.9243904 2.294288 0.2892963 -0.9429655 2.42006
0.121865 0.6134017 2.136654 0.1217735 0.4350627 2.151803 0.006505733 0.2995855 2.054718 0.3020871 0.3879326 2.34731 -0.1346241 0.352599 1.820812 0.4553242 0.4688208 2.425023 -0.06960185 0.5064812 1.68264 0.5668908 0.6164784 2.345066 -0.03084612 0.5696364 1.662394 0.5902394 0.6675464 2.297872 0.132649 0.1010746 2.157656 0.1539322 0.03809913 2.141441 0.08372286 -0.04866242 2.096239 0.2375423 -0.0319139 2.176836 0.06320849 -0.5133981 2.195421 0.2271875 -0.5387728 2.356472 -0.002125861 -0.861555 2.269052 0.2138753 -0.8803375 2.421387 0.02438629 -0.9243879 2.293726 0.2834286 -0.9403502 2.418437
0.1088916 0.6619201 2.124387 0.08596105 0.4986324 2.139573 0.005080278 0.2952192 2.056123 0.2752838 0.4464902 2.344953 -0.1292566 0.3543603 1.823531 0.4483026 0.4628475 2.414678 -0.04889555 0.510779 1.691642 0.5568216 0.6113504 2.331639 -0.0003930884 0.5745608 1.675937 0.572367 0.6626318 2.276132 0.127429 0.117245 2.154699 0.1522609 0.04605436 2.140892 0.08528353 -0.04483432 2.096304 0.2356583 -0.02095342 2.177891 0.06278663 -0.5130053 2.195854 0.2264568 -0.5367829 2.356254 -0.00186259 -0.8599619 2.267554 0.2138577 -0.8803071 2.421444 0.02355412 -0.9229687 2.292927 0.2830126 -0.9403343 2.418264
0.1050087 0.661836 2.128489 0.08556192 0.4968624 2.139821 0.002958063 0.2875643 2.057908 0.3146987 0.3947603 2.364049 -0.1205965 0.3569162 1.826013 0.4757635 0.4697394 2.422421 -0.02520703 0.510411 1.703329 0.5354442 0.6117502 2.2868 0.02405571 0.5759662 1.687659 0.5518124 0.656743 2.243931 0.1286878 0.1190591 2.154713 0.1530312 0.04860711 2.141657 0.08600083 -0.04409136 2.096803 0.2399642 -0.0190821 2.18011 0.06281872 -0.5128874 2.196451 0.2262779 -0.5366182 2.356147 -0.00241373 -0.8605179 2.268522 0.2140317 -0.8801528 2.421201 0.02410411 -0.9238297 2.291933 0.2825223 -0.9413283 2.416415
0.1164892 0.6283868 2.136089 0.09886392 0.4624791 2.146842 0.003209477 0.2983038 2.060004 0.3140757 0.3952954 2.363063 -0.1110809 0.3584606 1.829096 0.4816057 0.4636333 2.414179 -0.006087177 0.5025843 1.717421 0.5257223 0.6055201 2.271989 0.05322153 0.5715756 1.704862 0.5421863 0.6529534 2.218419 0.1296221 0.1190657 2.154517 0.154034 0.04968877 2.141444 0.08866156 -0.04118845 2.094644 0.2410486 -0.0196023 2.180512 0.06266361 -0.5128191 2.196572 0.2262442 -0.5288885 2.354484 -0.002375838 -0.8614948 2.269865 0.2132188 -0.8807211 2.421144 0.02502845 -0.9245514 2.292941 0.2820048 -0.9404162 2.417186
0.1250836 0.6214992 2.137184 0.1000147 0.457555 2.149382 -0.01025411 0.3473853 2.05783 0.3134766 0.3946848 2.362398 -0.1044322 0.3573926 1.830322 0.4865834 0.4558363 2.406957 0.01590438 0.4958336 1.730586 0.5069584 0.588604 2.249964 0.08797882 0.5655982 1.726364 0.5156327 0.6230413 2.199827 0.129764 0.1190692 2.154812 0.153879 0.05097703 2.141787 0.08858962 -0.03750033 2.094875 0.240918 -0.01985641 2.180576 0.06251946 -0.5128198 2.196344 0.2267896 -0.5256855 2.353557 -0.002424354 -0.8625176 2.271396 0.2138138 -0.8798977 2.421293 0.02574271 -0.9258029 2.292872 0.2827765 -0.9402226 2.417222
0.133044 0.610382 2.138318 0.1028725 0.4489263 2.155404 0.003429968 0.3066267 2.062657 0.271695 0.3847533 2.309777 -0.09808435 0.3550468 1.831063 0.4410793 0.4300188 2.380265 0.06532896 0.5066207 1.74513 0.5033619 0.5662402 2.239469 0.1083815 0.5533115 1.742687 0.5059559 0.6104241 2.186599 0.1347827 0.1080162 2.158993 0.1579013 0.04287049 2.143815 0.09642082 -0.04155347 2.093517 0.2408341 -0.03004483 2.185236 0.06249882 -0.5131443 2.196244 0.2267088 -0.5239515 2.352952 -0.002802709 -0.8628138 2.271286 0.2145339 -0.8801807 2.421622 0.02605759 -0.9257412 2.292892 0.287404 -0.9415942 2.417285
0.1244757 0.6088152 2.140686 0.10261 0.4454189 2.155988 0.005727615 0.3003969 2.064551 0.2722024 0.3843098 2.310487 -0.06640835 0.3593232 1.824909 0.442248 0.4214997 2.376041 0.08699071 0.4922409 1.754872 0.49224 0.544453 2.217575 0.1305172 0.5349323 1.755748 0.4832364 0.5771136 2.154158 0.1371756 0.1031614 2.159946 0.1612143 0.0380153 2.14444 0.1027033 -0.04537671 2.092212 0.2430793 -0.03531428 2.187458 0.06215047 -0.5137591 2.195907 0.2268172 -0.5261166 2.353779 -0.003241224 -0.863735 2.272129 0.2145448 -0.8803334 2.421785 0.02779168 -0.9267766 2.290081 0.2871034 -0.9413115 2.417614
0.1246181 0.6089965 2.140655 0.1019664 0.4458264 2.156311 0.009176042 0.2922769 2.0677 0.2761371 0.3814146 2.315059 -0.06136777 0.3568565 1.825304 0.4491857 0.3943517 2.381618 0.10315 0.4682129 1.77114 0.479349 0.513958 2.215106 0.1529719 0.5084388 1.771695 0.4802969 0.559411 2.147242 0.140776 0.1023353 2.160298 0.1672477 0.03708237 2.144344 0.1101228 -0.04679813 2.089372 0.2539991 -0.03539396 2.189999 0.06214975 -0.5142538 2.195759 0.2268665 -0.5272152 2.353961 -0.003339727 -0.8643371 2.272382 0.2151146 -0.8804419 2.421846 0.02809525 -0.927233 2.290145 0.2862828 -0.9409119 2.417276
0.1253238 0.6045766 2.142152 0.09901217 0.4419997 2.157936 0.01073555 0.2881633 2.069052 0.2706427 0.3808604 2.309904 -0.05335061 0.3491445 1.828145 0.4430792 0.386244 2.378332 0.114144 0.4520143 1.782433 0.4668446 0.4892401 2.199153 0.1642093 0.4879035 1.783403 0.4658886 0.5222558 2.134994 0.1409142 0.09835813 2.160617 0.1677766 0.03345744 2.143935 0.1108685 -0.04836274 2.088307 0.2536055 -0.03711187 2.190037 0.06095529 -0.5134234 2.192505 0.2276431 -0.5232403 2.352735 -0.003004877 -0.8645328 2.271967 0.2152748 -0.8805365 2.421953 0.02857246 -0.9274499 2.289399 0.2859883 -0.9411957 2.419299
0.1271144 0.6075819 2.14068 0.09867973 0.4445956 2.154154 0.01295843 0.2845817 2.070865 0.2664263 0.381268 2.305398 -0.05717067 0.3328945 1.836578 0.4394127 0.3773884 2.37289 0.1175064 0.4226948 1.794175 0.4475911 0.4730732 2.173018 0.2024457 0.4571077 1.801298 0.4555967 0.4971644 2.12899 0.1393825 0.09636141 2.159538 0.1654571 0.02981497 2.14278 0.1094645 -0.05051957 2.08659 0.2461098 -0.04319627 2.190986 0.06120351 -0.5132041 2.192235 0.2280186 -0.5207296 2.351806 -0.003152146 -0.8649461 2.271893 0.215406 -0.8805701 2.422056 0.02936804 -0.927745 2.287963 0.286332 -0.9411912 2.41923
0.1291588 0.6139584 2.138576 0.09582979 0.4501024 2.146174 0.01644594 0.2801534 2.072987 0.260284 0.384506 2.297406 -0.05565387 0.3273204 1.839093 0.4219708 0.3583734 2.380273 0.1948179 0.4172313 1.823056 0.443552 0.4396893 2.18918 0.2783085 0.4472016 1.822139 0.4478449 0.4691696 2.120838 0.1378121 0.09263902 2.157628 0.1630299 0.02323114 2.141956 0.1076309 -0.05488787 2.088096 0.2431625 -0.04505462 2.189898 0.06190659 -0.5131176 2.192509 0.2284331 -0.5252253 2.353166 -0.003102519 -0.8649337 2.271847 0.2156934 -0.8805854 2.422205 0.02946597 -0.927676 2.28804 0.2867191 -0.9412325 2.418429
0.1001559 0.6163846 2.15337 0.1044568 0.4328415 2.139111 0.01855141 0.2738303 2.074208 0.262545 0.3864053 2.303237 -0.05291625 0.309177 1.84202 0.4016817 0.3467889 2.455639 0.1977895 0.3982221 1.832127 0.4480433 0.3965281 2.257773 0.2606847 0.4129582 1.848884 0.442024 0.4519209 2.114151 0.1378863 0.0862359 2.155339 0.161892 0.01832202 2.141669 0.1026941 -0.06218964 2.092813 0.242166 -0.04696188 2.187683 0.06183344 -0.513597 2.192225 0.2286343 -0.5256287 2.353252 -0.003314194 -0.8656061 2.272193 0.2157375 -0.8807716 2.422499 0.03004819 -0.9282207 2.287221 0.2863071 -0.941007 2.418959
0.09857835 0.6169368 2.154799 0.1053144 0.425203 2.137103 0.01893311 0.2655268 2.074621 0.3021628 0.3818858 2.35307 -0.04285074 0.3094163 1.837599 0.4751743 0.3277634 2.40336 0.2103249 0.3865149 1.841736 0.4383887 0.3966512 2.209535 0.2749558 0.3995701 1.852041 0.4396299 0.4408314 2.084701 0.1380569 0.08466858 2.15368 0.1615706 0.01759302 2.141649 0.0972761 -0.06743754 2.097743 0.2439228 -0.04812591 2.184601 0.06247625 -0.5144608 2.19291 0.2287363 -0.5257986 2.353204 -0.003386318 -0.8662751 2.273114 0.2160616 -0.879438 2.421522 0.03055406 -0.9288945 2.286764 0.2854254 -0.9409192 2.41881
0.09490018 0.6624027 2.149909 0.09984561 0.4909016 2.137522 0.01272424 0.3307007 2.078669 0.2954001 0.4591088 2.356519 -0.03197723 0.3105542 1.832719 0.4430256 0.3297012 2.342859 0.2115409 0.3655757 1.843581 0.4394378 0.4012768 2.146387 0.2746941 0.3727628 1.863923 0.4257546 0.4270962 2.07522 0.136995 0.09069792 2.153548 0.1602776 0.01934946 2.142372 0.09343316 -0.06235418 2.104216 0.243092 -0.04635417 2.182309 0.0633787 -0.5161438 2.193741 0.2287747 -0.529773 2.353691 -0.002882423 -0.8670774 2.274262 0.216357 -0.8796968 2.421324 0.02655038 -0.9315171 2.258746 0.2864022 -0.9409473 2.418408
0.09281152 0.6609899 2.152125 0.09959692 0.4893401 2.13836 0.01247554 0.3291392 2.079507 0.2951514 0.4575473 2.357357 -0.0294887 0.3097256 1.832086 0.4419155 0.3272354 2.344422 0.2095645 0.3456997 1.846704 0.4407402 0.4003884 2.148544 0.2775807 0.3613089 1.8667 0.4237698 0.4222889 2.073659 0.1374757 0.09093223 2.152983 0.1599593 0.01912624 2.142621 0.09197393 -0.06260052 2.107336 0.2433691 -0.04669617 2.179549 0.06335132 -0.5172391 2.194208 0.228637 -0.5305644 2.353876 -0.003135239 -0.8679608 2.274585 0.2159129 -0.8798994 2.421139 0.02933939 -0.932804 2.275116 0.2865224 -0.9409093 2.418431
0.09254094 0.6568174 2.153812 0.09902436 0.4852501 2.140673 0.01190299 0.3250492 2.08182 0.2945788 0.4534573 2.35967 -0.02726019 0.3081477 1.831133 0.4380419 0.3195175 2.346705 0.2138724 0.3398214 1.849535 0.4417454 0.3993588 2.153686 0.2851139 0.3501686 1.870968 0.4180719 0.4150422 2.068606 0.137736 0.09062801 2.15282 0.1594987 0.01803028 2.14317 0.09076597 -0.06422182 2.110646 0.2437505 -0.04762635 2.177031 0.06338676 -0.5179915 2.194164 0.2279582 -0.5344904 2.35538 -0.003163493 -0.868045 2.274574 0.2160991 -0.8800247 2.421218 0.0306504 -0.9320757 2.278604 0.2898166 -0.9419252 2.420102
0.09248246 0.6546359 2.15489 0.09888466 0.4831849 2.142524 0.01176328 0.322984 2.083671 0.2944391 0.4513921 2.361521 -0.02702412 0.3072623 1.830878 0.4327947 0.31405 2.361677 0.2169265 0.3355744 1.851816 0.4442364 0.39467 2.169333 0.2894173 0.3441836 1.874487 0.4172943 0.4122186 2.072727 0.1381732 0.09021748 2.152943 0.1596223 0.01694254 2.143779 0.09091908 -0.06528578 2.112709 0.2446324 -0.04851841 2.175479 0.06242441 -0.5201688 2.193443 0.2278229 -0.5346017 2.355358 -0.003384657 -0.8683837 2.274442 0.216645 -0.8806505 2.422486 0.03178691 -0.9316095 2.279446 0.2897633 -0.941897 2.420074
0.09239916 0.6531917 2.155418 0.09835157 0.4817654 2.143313 0.0112302 0.3215645 2.08446 0.293906 0.4499726 2.36231 -0.02483366 0.3070403 1.830234 0.4319354 0.3126051 2.364004 0.2218756 0.332024 1.855509 0.4473395 0.395409 2.172958 0.2905586 0.3412262 1.87661 0.4180735 0.4114754 2.07468 0.1379937 0.08964363 2.152918 0.158955 0.01568424 2.144051 0.08973126 -0.06635655 2.114366 0.244561 -0.04954325 2.173397 0.0610363 -0.5225309 2.19368 0.2276154 -0.5351325 2.355444 -0.003496503 -0.8685818 2.274357 0.2164507 -0.8808176 2.422342 0.03205088 -0.9314005 2.281413 0.2899529 -0.9419538 2.420047
0.09197056 0.6533787 2.156308 0.0981822 0.4818231 2.14332 0.01106083 0.3216223 2.084467 0.2937366 0.4500304 2.362316 -0.02283841 0.3071824 1.830478 0.4300146 0.3112402 2.365542 0.227863 0.3297348 1.858106 0.4497781 0.3972859 2.176479 0.2935573 0.3390603 1.877062 0.4186075 0.4107485 2.079381 0.138075 0.08968222 2.152813 0.1587332 0.01542792 2.144311 0.08952228 -0.06644695 2.115285 0.2444795 -0.0496338 2.1731 0.0604854 -0.5238213 2.193543 0.2275132 -0.5361455 2.355656 -0.003130093 -0.8683322 2.27384 0.2163907 -0.8810702 2.42313 0.03236886 -0.9310148 2.282227 0.2896095 -0.9416921 2.41968
0.09177717 0.6538575 2.157173 0.09819441 0.4821645 2.143226 0.01107304 0.3219636 2.084373 0.2937488 0.4503717 2.362222 -0.02072715 0.3074683 1.830977 0.4323875 0.3143534 2.367311 0.2309569 0.3295745 1.859488 0.4497475 0.3969845 2.176365 0.2981393 0.3382842 1.878856 0.4186244 0.410668 2.079339 0.1382105 0.08978206 2.152612 0.1585611 0.01529838 2.144425 0.08895047 -0.06620882 2.116679 0.2443677 -0.04967602 2.172009 0.0597298 -0.5248867 2.193621 0.2274864 -0.5364191 2.355569 -0.003305398 -0.8686634 2.273558 0.2164948 -0.8811053 2.423336 0.03241941 -0.9311181 2.282657 0.2907877 -0.9421959 2.419276
0.09086098 0.6548771 2.157947 0.09805209 0.483056 2.142907 0.01093072 0.3228551 2.084054 0.2936065 0.4512631 2.361903 -0.01933748 0.3081422 1.831741 0.4332725 0.3168616 2.369329 0.2323083 0.3298049 1.860413 0.4510959 0.3974143 2.177478 0.3106631 0.3397675 1.88713 0.4192815 0.4103669 2.081101 0.1382473 0.09015412 2.152366 0.1584173 0.01535946 2.144457 0.08853236 -0.06570362 2.117465 0.2442701 -0.04923606 2.170952 0.05997262 -0.5256696 2.19395 0.227507 -0.5368116 2.355549 -0.003495185 -0.8687391 2.273465 0.2164357 -0.8813916 2.423357 0.03228891 -0.9295078 2.290385 0.2908086 -0.9422332 2.41913
0.09002502 0.6591955 2.157834 0.09764988 0.4872238 2.141568 0.01052851 0.3270229 2.082715 0.2932043 0.455431 2.360565 -0.01771122 0.309663 1.832682 0.433163 0.3191046 2.357275 0.2412699 0.344127 1.870051 0.4527261 0.4027763 2.167048 0.3051018 0.3418534 1.889396 0.4193745 0.4104133 2.080601 0.1376278 0.09342227 2.151605 0.157571 0.01755893 2.144168 0.08794378 -0.06298633 2.117328 0.2434556 -0.0469266 2.169991 0.06044383 -0.5256644 2.194683 0.2275362 -0.5372937 2.35567 -0.003601135 -0.8691163 2.273659 0.2153926 -0.8824257 2.422454 0.0325726 -0.9305606 2.286913 0.2906102 -0.9422275 2.419241
0.09039031 0.6672038 2.157065 0.09495211 0.4950624 2.140341 0.00783074 0.3348615 2.081488 0.2905065 0.4632695 2.359338 -0.01420914 0.3132014 1.834482 0.4376586 0.3331141 2.343173 0.2446307 0.351434 1.869826 0.4644305 0.4331596 2.162657 0.3079619 0.3622611 1.887877 0.4316064 0.448368 2.053777 0.1365786 0.09901284 2.150847 0.1564491 0.02204149 2.143863 0.08754394 -0.05806338 2.116916 0.2424952 -0.0426289 2.169297 0.06015209 -0.5251595 2.194323 0.2275713 -0.5373985 2.355651 -0.003623047 -0.8690351 2.273609 0.2158449 -0.8826473 2.422679 0.0330985 -0.9309049 2.282734 0.2900756 -0.9421042 2.416537
0.09030642 0.6604044 2.158642 0.09648848 0.4880366 2.139705 0.009367101 0.3278357 2.080852 0.2920429 0.4562438 2.358702 -0.01219438 0.3165413 1.83628 0.4568837 0.3489211 2.333872 0.2430865 0.3748658 1.870473 0.4602437 0.4407033 2.146642 0.3062425 0.3753315 1.892037 0.4278733 0.4458253 2.057797 0.1373183 0.099555 2.150438 0.1570647 0.02355777 2.143822 0.08863578 -0.0569732 2.115936 0.2433009 -0.04097787 2.169976 0.06072771 -0.524606 2.194376 0.2279858 -0.5371706 2.355549 -0.003647615 -0.8691379 2.273649 0.2156495 -0.8822362 2.422405 0.03291405 -0.9310532 2.283104 0.2914887 -0.9423826 2.416198
0.09105625 0.655826 2.160042 0.09737543 0.4834215 2.140753 0.03124702 0.2677437 2.073744 0.3087318 0.3974741 2.350849 -0.001629737 0.3239421 1.838118 0.5017416 0.3761173 2.356127 0.2522347 0.3906925 1.868662 0.4231218 0.4689243 2.188254 0.3116774 0.4176317 1.882618 0.3979653 0.4793737 2.088014 0.1388844 0.1004287 2.150182 0.158994 0.02570699 2.143733 0.09264727 -0.0552532 2.107831 0.2480654 -0.03918294 2.176104 0.06181442 -0.5219038 2.19409 0.2292638 -0.5346779 2.354488 -0.003939621 -0.8693438 2.273432 0.2156634 -0.8822756 2.422379 0.03278055 -0.9309168 2.284388 0.2908195 -0.9415377 2.416265
0.09232038 0.6494404 2.161593 0.1004035 0.4776243 2.146318 0.03282346 0.2681511 2.074022 0.3075217 0.3977371 2.349229 0.01798576 0.3433231 1.835828 0.5021682 0.3930813 2.351136 0.2665378 0.4341508 1.850756 0.4239267 0.4811639 2.180335 0.3250674 0.4659195 1.85511 0.4068875 0.4828448 2.096754 0.1396662 0.1012463 2.150582 0.1599485 0.02775606 2.143441 0.09553981 -0.05083191 2.100509 0.2480741 -0.03875885 2.177851 0.06253337 -0.5192961 2.193504 0.2302239 -0.530924 2.353468 -0.003732982 -0.8693242 2.27336 0.2155757 -0.8822806 2.422944 0.03274355 -0.9310222 2.284426 0.288852 -0.9404446 2.417572
0.09310642 0.6460008 2.163597 0.1012928 0.4745721 2.150911 0.03756432 0.272013 2.07567 0.3066995 0.3977498 2.349162 0.02019268 0.3487496 1.834373 0.5008237 0.4142211 2.35022 0.2296315 0.45341 1.824363 0.4329295 0.5008447 2.173907 0.3008417 0.4837479 1.840262 0.4621064 0.5574763 2.081734 0.1407279 0.1018181 2.151832 0.1615106 0.02913704 2.143759 0.09938287 -0.04823701 2.097823 0.2484546 -0.03829099 2.179984 0.06272823 -0.5124245 2.190585 0.2309648 -0.5280387 2.352026 -0.003711395 -0.8693453 2.273405 0.2155065 -0.8818676 2.423214 0.03297868 -0.9307421 2.2854 0.2936752 -0.9409645 2.418244
0.09338678 0.6340857 2.167751 0.1005558 0.4634134 2.159792 0.03786908 0.2725666 2.075954 0.3034716 0.3923084 2.351756 0.02610772 0.3590305 1.830129 0.4920086 0.4471758 2.337294 0.2244042 0.461469 1.81778 0.4640872 0.5514089 2.159549 0.2832078 0.5004933 1.829106 0.4791471 0.5852351 2.10678 0.1415802 0.1000696 2.15331 0.1634828 0.0286814 2.143417 0.1020124 -0.0481456 2.094631 0.2508472 -0.03967424 2.181006 0.06303334 -0.5123294 2.190877 0.2310216 -0.5280825 2.352018 -0.004641882 -0.8745419 2.276564 0.2154345 -0.8818687 2.423456 0.03643261 -0.9336685 2.285311 0.2934617 -0.9411115 2.418027
0.09267788 0.6328338 2.170093 0.1006212 0.4622321 2.162332 0.03782827 0.2728607 2.075987 0.3025709 0.3914158 2.353213 0.02570115 0.3620635 1.826947 0.4889395 0.4530202 2.339903 0.2133968 0.4804565 1.802089 0.4724637 0.5640141 2.165063 0.2677505 0.5173678 1.813928 0.4885537 0.598031 2.121625 0.146033 0.1040512 2.156846 0.1708988 0.03629522 2.145215 0.1142286 -0.04344987 2.084808 0.259614 -0.03696061 2.192783 0.0630824 -0.5122536 2.190753 0.231206 -0.5281304 2.351988 -0.004746847 -0.8734853 2.275705 0.2154869 -0.8821844 2.423671 0.03548833 -0.9330136 2.285557 0.2855305 -0.9400021 2.421476
0.0918652 0.6306008 2.172471 0.1007286 0.460236 2.165729 0.03798698 0.2732872 2.076203 0.3016886 0.3896689 2.355692 0.02410626 0.3663682 1.82003 0.4866633 0.4551043 2.343536 0.206739 0.4895768 1.790316 0.4880327 0.575707 2.174868 0.2534371 0.5326732 1.795761 0.4985249 0.6078446 2.129622 0.1467077 0.1032266 2.158816 0.1725429 0.03602692 2.145532 0.1166538 -0.04387884 2.084051 0.2605535 -0.03828738 2.193582 0.0628555 -0.5125124 2.190701 0.2312645 -0.5302652 2.352262 -0.004816928 -0.8731964 2.276646 0.2154853 -0.8820786 2.423835 0.03484439 -0.9328296 2.288065 0.285343 -0.9400276 2.420788
0.09141829 0.6244482 2.176983 0.1024737 0.4544345 2.171382 0.03688534 0.2743633 2.076536 0.3022178 0.3841851 2.360499 0.02216504 0.3681758 1.814458 0.484918 0.4563071 2.344914 0.19785 0.4985675 1.774696 0.5038959 0.5825825 2.182013 0.2236947 0.5318261 1.763968 0.5157746 0.6142313 2.143239 0.1487398 0.1034792 2.161332 0.1762825 0.03792229 2.145964 0.1197199 -0.04339359 2.082447 0.264954 -0.03737164 2.194804 0.06328924 -0.5133938 2.191152 0.2314906 -0.5306586 2.352315 -0.004624398 -0.872622 2.27617 0.2160234 -0.8829075 2.423889 0.03434049 -0.9326926 2.287693 0.2837506 -0.9406466 2.419317
0.09129071 0.6209721 2.178304 0.102428 0.450801 2.171875 0.03669859 0.2745261 2.076775 0.3049036 0.3847246 2.360456 0.017193 0.3666263 1.809446 0.4879927 0.4551051 2.349072 0.189625 0.4973989 1.762445 0.5175164 0.5837659 2.189961 0.2159114 0.5260775 1.755441 0.5293432 0.6141946 2.151872 0.1488449 0.1025826 2.163666 0.1774039 0.03780104 2.146838 0.1216943 -0.04444113 2.083904 0.2659244 -0.03828656 2.195551 0.06398398 -0.5143076 2.191502 0.2319072 -0.5317441 2.352412 -0.004417505 -0.8721917 2.276068 0.2160478 -0.8828667 2.424034 0.03410881 -0.9324142 2.288252 0.2840506 -0.9405556 2.419112
0.09046332 0.6259423 2.178273 0.1017546 0.4557957 2.171919 0.03583409 0.2758069 2.076657 0.3087255 0.4000799 2.359707 0.01324854 0.3648915 1.801735 0.498566 0.4432558 2.361688 0.1663821 0.4752771 1.733171 0.5251672 0.5711977 2.201388 0.2101623 0.5166756 1.745168 0.5395997 0.6066366 2.153193 0.149674 0.1060299 2.164891 0.1792172 0.04160241 2.146317 0.1222371 -0.04329959 2.083039 0.2687925 -0.03575896 2.195342 0.06456412 -0.515151 2.191773 0.2325241 -0.5325484 2.352398 -0.004204129 -0.8717003 2.275675 0.2159991 -0.8827532 2.423672 0.03301521 -0.9329781 2.286595 0.2845148 -0.9407119 2.419524
0.0893073 0.6338465 2.177265 0.09988546 0.4632651 2.168839 0.0352168 0.2763412 2.076622 0.3086517 0.4083584 2.356215 0.008917052 0.3603781 1.799415 0.4999285 0.4342095 2.368028 0.162551 0.4713193 1.733412 0.535861 0.5604731 2.208262 0.2075429 0.5067242 1.736109 0.5569897 0.5794618 2.169331 0.1496007 0.1062137 2.16556 0.1799582 0.04151544 2.145951 0.1225305 -0.04369867 2.083818 0.2713237 -0.03447495 2.192616 0.0649838 -0.515369 2.191709 0.2327742 -0.5325685 2.352362 -0.00416975 -0.8716704 2.275693 0.2158277 -0.8822662 2.423557 0.03296001 -0.9329877 2.286695 0.2858042 -0.9414048 2.41863
0.08876641 0.6352162 2.177116 0.1002016 0.4644213 2.167171 0.03419802 0.2767097 2.076286 0.3095924 0.4097273 2.354304 0.006201943 0.3572227 1.798109 0.4993618 0.4264357 2.377207 0.1594108 0.4662966 1.727202 0.5383554 0.5497449 2.215718 0.2002165 0.4970357 1.721634 0.5593925 0.5753578 2.170271 0.1497019 0.1068573 2.165813 0.1805082 0.04202008 2.145582 0.1225473 -0.04376944 2.083817 0.2724413 -0.03368854 2.192226 0.06563632 -0.5157073 2.191593 0.2337362 -0.5336787 2.352372 -0.004035576 -0.8711925 2.27558 0.2146662 -0.8819137 2.422972 0.0326376 -0.932834 2.286297 0.2861519 -0.9415115 2.418824
0.08813842 0.6370451 2.177163 0.100311 0.4660823 2.16592 0.03304338 0.2779318 2.075743 0.3101311 0.4114947 2.352995 0.004195573 0.3562963 1.796987 0.4941688 0.4215086 2.395623 0.1559463 0.4642965 1.720473 0.5388867 0.5382181 2.230453 0.1962023 0.4951622 1.712444 0.5663663 0.5780932 2.166366 0.1500174 0.1096039 2.166121 0.1812695 0.04482885 2.145495 0.122764 -0.04323281 2.083166 0.2735925 -0.03206372 2.193882 0.06620504 -0.5162267 2.19141 0.2342111 -0.5349241 2.3525 -0.00397317 -0.8711612 2.275583 0.2143497 -0.8818525 2.422625 0.03276757 -0.932955 2.285125 0.2830261 -0.9406947 2.423179
0.07502925 0.6810786 2.171911 0.08428975 0.5082187 2.146723 0.03031947 0.2800709 2.073266 0.3098275 0.4064287 2.359825 0.001080729 0.3575067 1.794269 0.4963251 0.4242066 2.393691 0.1487431 0.4775963 1.698705 0.5463121 0.5435755 2.232276 0.1814924 0.5019408 1.691299 0.5701699 0.5783207 2.177108 0.148387 0.1152316 2.162256 0.180547 0.04651636 2.144324 0.1224092 -0.04191453 2.081876 0.2732753 -0.03187123 2.194049 0.06666712 -0.5177403 2.191693 0.234574 -0.5365096 2.35257 -0.003917316 -0.8710351 2.27542 0.2141951 -0.8825327 2.421704 0.03280611 -0.9331805 2.282401 0.2893014 -0.9441139 2.421372
0.07238281 0.6179696 2.179393 0.09877378 0.4334391 2.158145 0.03069423 0.281247 2.07266 0.3082304 0.4040536 2.360692 -0.002927443 0.3596973 1.794522 0.4898497 0.4303562 2.405418 0.1213363 0.4777825 1.684778 0.5529076 0.5532293 2.252077 0.1659431 0.5163854 1.67295 0.5816112 0.5957232 2.187592 0.1483122 0.1137798 2.162383 0.1803564 0.04675004 2.144371 0.1232023 -0.04101471 2.081547 0.2711917 -0.03214275 2.194991 0.06661953 -0.518422 2.191523 0.2346076 -0.5365245 2.352464 -0.004040649 -0.8709584 2.275394 0.2141046 -0.8823977 2.421561 0.03291528 -0.9331588 2.280368 0.2892758 -0.9442888 2.421389
0.07728893 0.611806 2.181002 0.09913269 0.4403503 2.158752 0.0304821 0.283932 2.070237 0.3074754 0.4017646 2.360636 -0.0104591 0.3625571 1.793238 0.4886044 0.4409765 2.400477 0.1064828 0.4848663 1.676525 0.5665271 0.5770613 2.26521 0.1433193 0.5292526 1.657768 0.5866135 0.6128638 2.214262 0.1477455 0.1141993 2.162317 0.179255 0.04909721 2.143993 0.1219147 -0.0379675 2.078266 0.2699936 -0.03118854 2.196272 0.06639423 -0.5187746 2.191319 0.2342726 -0.5373621 2.352484 -0.004025749 -0.8708833 2.275287 0.2146153 -0.8825569 2.421798 0.03339947 -0.9324561 2.283502 0.2900904 -0.944028 2.419626
0.07751174 0.6139338 2.182589 0.100155 0.4429973 2.164082 0.03078461 0.2844945 2.071565 0.3075439 0.4017992 2.361062 -0.01866476 0.3633406 1.796174 0.4868067 0.4546192 2.396347 0.08901641 0.5019012 1.658232 0.570959 0.5885544 2.266145 0.1229311 0.5463171 1.639799 0.6056461 0.6402457 2.227227 0.1467545 0.113913 2.163603 0.1782191 0.04971785 2.144535 0.1211971 -0.03716531 2.078323 0.2676121 -0.03130415 2.196819 0.06614288 -0.5194695 2.191401 0.2342566 -0.5373574 2.352501 -0.00364702 -0.870172 2.274681 0.2145166 -0.8824371 2.421632 0.03311141 -0.9318616 2.284806 0.2903611 -0.9438918 2.419738
0.08759497 0.6263165 2.173837 0.101917 0.455602 2.163085 0.03221083 0.2951849 2.06894 0.3078242 0.4018653 2.361838 -0.02730953 0.3644172 1.792895 0.485452 0.4595824 2.397465 0.05356907 0.4986549 1.649457 0.5818852 0.6033356 2.29077 0.09835058 0.552193 1.622294 0.6111131 0.6473353 2.240741 0.1439712 0.1170761 2.163287 0.1747974 0.05399384 2.143646 0.1176505 -0.0308403 2.076729 0.2617021 -0.02907414 2.196319 0.0658945 -0.5193549 2.1914 0.2340778 -0.5375736 2.352687 -0.003660588 -0.8697582 2.274392 0.2144959 -0.882495 2.42157 0.03243769 -0.9316516 2.285591 0.2906307 -0.9438239 2.419875
0.08867011 0.6294419 2.171117 0.1011415 0.4588056 2.16167 0.03136384 0.2984443 2.066905 0.3073291 0.4008014 2.362017 -0.04122013 0.3588144 1.792018 0.4835931 0.4606502 2.399496 0.02575349 0.4836461 1.641039 0.58609 0.6049325 2.300381 0.07221752 0.5466898 1.604547 0.6023171 0.6356282 2.277958 0.1411864 0.1171889 2.162464 0.1714028 0.05363796 2.142833 0.1137362 -0.03099759 2.078522 0.2541394 -0.02648325 2.192189 0.06589524 -0.5188996 2.192126 0.2336308 -0.5379676 2.35307 -0.003516898 -0.8693393 2.274303 0.2141462 -0.882761 2.421654 0.03215297 -0.9314531 2.285652 0.2834368 -0.9405716 2.421767
0.08918984 0.6296345 2.169152 0.1006003 0.4590739 2.16055 0.03073384 0.2986792 2.065374 0.306736 0.3995008 2.361395 -0.05771575 0.3476082 1.793122 0.4814329 0.4589091 2.403449 0.01264647 0.4694796 1.634226 0.5928477 0.5995141 2.3095 0.05688716 0.52868 1.595882 0.6121479 0.6356059 2.275981 0.1387298 0.1170772 2.161546 0.1686534 0.05351325 2.142009 0.1112439 -0.03236119 2.077175 0.2512434 -0.0271231 2.192536 0.06591798 -0.5187719 2.192557 0.2329093 -0.5373625 2.352953 -0.003650084 -0.8691502 2.274181 0.2144087 -0.882306 2.421581 0.03196713 -0.9312645 2.28569 0.2843468 -0.9406077 2.421284
0.08839643 0.6293358 2.167561 0.1004162 0.459085 2.16041 0.005188272 0.3434944 2.057005 0.3066669 0.3960054 2.362984 -0.07236415 0.3358828 1.789535 0.480158 0.4534878 2.409617 0.005654891 0.4540091 1.625566 0.5983365 0.5885624 2.315844 0.04593453 0.5042959 1.586045 0.6226468 0.6229901 2.276369 0.1366328 0.117448 2.16111 0.165986 0.05407269 2.141331 0.1074883 -0.03158526 2.078411 0.2485414 -0.0266031 2.190006 0.06587238 -0.5187301 2.192668 0.2324905 -0.5379154 2.353237 -0.004041516 -0.8690393 2.273981 0.2147847 -0.8824603 2.421998 0.03154151 -0.930773 2.287472 0.2836776 -0.9399705 2.421294
0.08957437 0.6223118 2.166535 0.1018464 0.4524368 2.161223 0.0230201 0.2878083 2.062617 0.3065277 0.3939881 2.365153 -0.0758801 0.32929 1.792989 0.4799308 0.4449103 2.416719 -0.0008941691 0.4320025 1.618666 0.6134176 0.5648611 2.322918 0.04701068 0.485959 1.576196 0.6254968 0.5731345 2.302985 0.1361825 0.112848 2.161821 0.1654988 0.05009015 2.142004 0.1069348 -0.03600134 2.080029 0.2483087 -0.02987944 2.190113 0.06606732 -0.5185941 2.192925 0.2324044 -0.5380461 2.353362 -0.003915148 -0.8688819 2.27387 0.214788 -0.8824294 2.421992 0.03055745 -0.9305425 2.290265 0.2847221 -0.9401879 2.422501
0.09762241 0.6203122 2.170116 0.1024091 0.4494277 2.161465 0.0233536 0.2881978 2.062571 0.3055318 0.394792 2.367358 -0.08340915 0.3208097 1.794922 0.4797711 0.4399364 2.420608 0.02216116 0.4371165 1.571348 0.6144018 0.553309 2.319511 0.04508131 0.4596507 1.568499 0.6466198 0.5706266 2.281675 0.1357085 0.1104296 2.162163 0.1650713 0.04785346 2.142472 0.1069974 -0.03860399 2.081367 0.2475693 -0.03127064 2.190089 0.06533909 -0.5190223 2.192398 0.232299 -0.5383325 2.353251 -0.003226231 -0.8675166 2.272364 0.2148977 -0.8823782 2.421944 0.02954186 -0.9296546 2.290372 0.2900806 -0.9426676 2.419977
0.1016355 0.6177278 2.171365 0.1022274 0.4465702 2.161539 0.02333502 0.2881047 2.062446 0.3046054 0.3952069 2.367503 -0.08944348 0.3167589 1.797039 0.4780619 0.4363488 2.424554 0.02059874 0.4347185 1.572105 0.6143517 0.5437589 2.318653 0.0438909 0.452225 1.565848 0.6501813 0.5671918 2.278035 0.1349273 0.10746 2.162323 0.1642887 0.04492899 2.142678 0.106094 -0.04181256 2.084226 0.2468039 -0.03208704 2.188816 0.06582448 -0.5196009 2.192872 0.231852 -0.5398732 2.353111 -0.003459895 -0.8678702 2.272598 0.214211 -0.882101 2.420923 0.02975716 -0.9298065 2.290477 0.2913487 -0.9426851 2.423364
0.1030203 0.6163303 2.172333 0.102278 0.4450163 2.161584 0.02292807 0.2882578 2.061931 0.3050125 0.3972998 2.370427 -0.0920155 0.3161778 1.797469 0.473317 0.4307472 2.4405 0.01999223 0.4339243 1.57345 0.6035849 0.5359154 2.323971 0.04390747 0.4515343 1.565126 0.6510917 0.5666971 2.276408 0.1344502 0.1069854 2.162585 0.1638252 0.044561 2.143066 0.1054118 -0.04266671 2.085051 0.2463938 -0.03255952 2.188996 0.06543848 -0.5198502 2.192292 0.2318663 -0.540141 2.352952 -0.0032794 -0.8678089 2.272427 0.2140025 -0.8819735 2.420698 0.03026473 -0.9302408 2.287795 0.2913287 -0.9423643 2.421121
0.103944 0.6162644 2.172401 0.1023374 0.4449136 2.161398 0.02266348 0.2896297 2.060945 0.3050905 0.3981484 2.371112 -0.09291509 0.3203847 1.79714 0.4746819 0.438122 2.436309 0.01965046 0.438532 1.577214 0.606595 0.5412281 2.319789 0.04185856 0.4533704 1.568736 0.6489954 0.5694237 2.273207 0.1339478 0.1050801 2.162397 0.1632107 0.04196438 2.142999 0.1042681 -0.04451624 2.086833 0.2458725 -0.03433121 2.187387 0.06555497 -0.5198529 2.192343 0.231821 -0.5401603 2.352808 -0.003261102 -0.8678538 2.272381 0.2130722 -0.8820572 2.420677 0.0303841 -0.930243 2.2877 0.2890619 -0.9416357 2.420993
0.1037077 0.6188316 2.172525 0.1015728 0.4474304 2.161183 0.02316685 0.2928852 2.060094 0.3041389 0.3978204 2.370588 -0.09316085 0.3290669 1.797422 0.4727196 0.4531999 2.429384 -0.01684348 0.4348594 1.625853 0.5993524 0.5684595 2.319307 0.03548013 0.4742776 1.575271 0.631032 0.5825437 2.282912 0.1333626 0.1055852 2.16202 0.162753 0.0423281 2.142686 0.1038573 -0.04397664 2.085442 0.2452519 -0.0340703 2.187492 0.06475237 -0.5198139 2.191188 0.2317652 -0.5401978 2.352768 -0.003298574 -0.8678524 2.272188 0.2133681 -0.8819624 2.420485 0.03036259 -0.9301599 2.287802 0.2892524 -0.9417745 2.421426
0.1011503 0.6519532 2.167082 0.08903717 0.4801691 2.150338 0.01403568 0.326348 2.047786 0.3035972 0.3969541 2.369718 -0.09790577 0.3485764 1.784235 0.4687991 0.4697829 2.421705 -0.0214685 0.452322 1.622345 0.6022854 0.5867705 2.323658 0.02024616 0.5092795 1.577201 0.6320491 0.6281804 2.278097 0.1292292 0.1115503 2.15874 0.160192 0.045462 2.140681 0.1006605 -0.03910295 2.087887 0.2405806 -0.02273846 2.178246 0.06454575 -0.519477 2.190861 0.2316702 -0.5400355 2.352825 -0.003264143 -0.8676559 2.271984 0.2124882 -0.8814751 2.419658 0.03061895 -0.9295503 2.28872 0.2896092 -0.9418083 2.420417
0.05560109 0.6720421 2.170003 0.07733586 0.5005256 2.14731 0.002803437 0.3466282 2.044622 0.3082465 0.3926327 2.371966 -0.0986252 0.3586448 1.781653 0.4611227 0.4962672 2.413554 -0.03989945 0.4839391 1.618539 0.5979931 0.6230413 2.337946 -0.003744487 0.5409316 1.573928 0.6374178 0.6615072 2.289342 0.11307 0.1396093 2.152599 0.1445529 0.0713017 2.134494 0.08404452 -0.01886896 2.088508 0.2321172 -0.002122568 2.170539 0.06443249 -0.5193248 2.190843 0.2313282 -0.5393319 2.352913 -0.003675374 -0.8680993 2.272033 0.2125088 -0.8812576 2.420041 0.03096309 -0.9295045 2.289022 0.2886133 -0.9405226 2.422147
0.05145212 0.6871865 2.170648 0.0689223 0.5152904 2.149028 0.001244466 0.3460922 2.042624 0.3072368 0.3989056 2.367303 -0.1031114 0.3704184 1.780527 0.4574592 0.5024665 2.414698 -0.05777216 0.4990262 1.616876 0.5957743 0.6341648 2.354362 -0.03473494 0.5609781 1.572021 0.6513253 0.6975221 2.321918 0.1114204 0.1424194 2.153271 0.1431156 0.07356481 2.134861 0.07935338 -0.01757753 2.084164 0.2329495 0.001428094 2.175773 0.06380735 -0.519003 2.190705 0.2306685 -0.5377162 2.352744 -0.003630317 -0.8679423 2.271847 0.2124399 -0.881164 2.420377 0.03079035 -0.9291935 2.289807 0.2883806 -0.9405215 2.421152
0.0846723 0.6193234 2.172693 0.1093601 0.4476077 2.152608 0.01307378 0.3219466 2.046995 0.3006154 0.4079806 2.355381 -0.1034297 0.3774653 1.788189 0.4513469 0.5035142 2.414372 -0.08238596 0.518501 1.606973 0.5844147 0.6471165 2.381821 -0.07282034 0.5778163 1.564873 0.640974 0.7071098 2.345017 0.123341 0.1169314 2.155481 0.1497488 0.05617315 2.136247 0.08693168 -0.03173777 2.082479 0.23305 -0.01673692 2.179284 0.06086582 -0.5172977 2.188977 0.2303038 -0.5400294 2.353989 -0.00354866 -0.8672121 2.271797 0.2128434 -0.8817617 2.422021 0.02336632 -0.9328241 2.256641 0.2904331 -0.9417987 2.423367
0.09544687 0.6186458 2.163876 0.1092226 0.4477971 2.152611 0.01622861 0.3169565 2.046679 0.2881394 0.4109118 2.329733 -0.1075369 0.3807387 1.793815 0.4516819 0.5070853 2.416554 -0.107543 0.5251124 1.60291 0.5856363 0.6513747 2.397793 -0.09598319 0.5807516 1.56171 0.6447824 0.7150777 2.373373 0.1254952 0.1112555 2.156122 0.1527877 0.04661848 2.136494 0.09201287 -0.03769128 2.082534 0.232409 -0.0252924 2.179659 0.05927839 -0.5154663 2.187632 0.2295264 -0.5388569 2.353918 -0.003422253 -0.8669888 2.27172 0.2130733 -0.8817659 2.421913 0.02865171 -0.9312866 2.281523 0.2906041 -0.9418741 2.423457
0.09982738 0.6179418 2.158222 0.1093353 0.4477809 2.15238 0.0175826 0.3140795 2.046153 0.2872722 0.4103514 2.327729 -0.1125393 0.3826886 1.798311 0.4520755 0.5089337 2.421932 -0.1301378 0.5273804 1.597129 0.5885263 0.6490526 2.429565 -0.1324288 0.5780627 1.553771 0.6429397 0.7010711 2.42224 0.1291071 0.1059478 2.156096 0.1570838 0.04051871 2.136588 0.09913084 -0.04267422 2.084198 0.2342243 -0.02991972 2.179002 0.05791914 -0.5138565 2.186455 0.2290412 -0.5394592 2.35469 -0.003623917 -0.8668461 2.271417 0.2134303 -0.8817201 2.421956 0.02921002 -0.9304126 2.28326 0.2907897 -0.9420492 2.423471
0.1046137 0.617457 2.155333 0.1096848 0.4476628 2.152208 0.01923859 0.3132769 2.046267 0.2914926 0.4098937 2.33427 -0.1189412 0.3820119 1.803394 0.4567213 0.5091391 2.435752 -0.1606935 0.5141625 1.591817 0.6002709 0.640965 2.450967 -0.163709 0.5536381 1.551579 0.6494957 0.6892325 2.439627 0.1309566 0.1039888 2.156293 0.1590712 0.03861707 2.137031 0.1017263 -0.04391854 2.085644 0.2359182 -0.0325609 2.178672 0.05851279 -0.5137197 2.187547 0.2287704 -0.5388286 2.354826 -0.003583934 -0.8668588 2.271651 0.2144426 -0.8818941 2.422387 0.02922175 -0.9296321 2.287217 0.2885112 -0.9411178 2.420611
0.1059885 0.6175758 2.153346 0.110254 0.4472429 2.151906 0.02003701 0.3130498 2.046368 0.2873152 0.4056347 2.326822 -0.126698 0.3758317 1.807344 0.4511419 0.4922399 2.445901 -0.1851358 0.4800392 1.597586 0.6186949 0.627516 2.467073 -0.1894086 0.5157132 1.553156 0.6673657 0.6712291 2.453877 0.1330518 0.1003415 2.156119 0.1611556 0.03462153 2.136815 0.1045579 -0.04602982 2.086079 0.2363502 -0.03522766 2.178044 0.05804913 -0.5136382 2.18745 0.2285019 -0.538852 2.354938 -0.003608897 -0.8665872 2.271456 0.214522 -0.8819382 2.422118 0.02904636 -0.9293994 2.28718 0.2844251 -0.9397371 2.420693
0.1130908 0.6188248 2.151049 0.110391 0.446923 2.151297 0.02013958 0.3126578 2.046304 0.2794534 0.3873647 2.310149 -0.1407943 0.3574522 1.813072 0.4512759 0.4837407 2.453811 -0.1954519 0.4490523 1.603658 0.6128016 0.5857892 2.487279 -0.2007586 0.4822516 1.551889 0.6677679 0.6140444 2.474018 0.1344182 0.09515619 2.155141 0.1625971 0.02832161 2.13543 0.1063775 -0.04905403 2.08492 0.236703 -0.04217108 2.176893 0.0581605 -0.513585 2.187739 0.2279643 -0.5399057 2.35577 -0.003565786 -0.866335 2.271607 0.2151074 -0.881706 2.421779 0.02894195 -0.9291707 2.28754 0.284506 -0.9396858 2.420685
0.1138117 0.6190485 2.150701 0.1108752 0.4467459 2.151194 0.01993938 0.3128558 2.046325 0.2793002 0.3864192 2.309809 -0.1504319 0.3283015 1.832239 0.4463615 0.4579118 2.461715 -0.195218 0.4021052 1.630893 0.6198024 0.565782 2.49228 -0.2197026 0.4419513 1.54214 0.6769574 0.5991043 2.48352 0.135089 0.09358758 2.154896 0.1632921 0.02670986 2.134983 0.107227 -0.05015475 2.084149 0.2372433 -0.04455976 2.176464 0.05827519 -0.5136005 2.187856 0.2276646 -0.5399871 2.355867 -0.002097966 -0.8631432 2.269146 0.2138315 -0.8811972 2.42098 0.02747836 -0.9267139 2.287665 0.2848383 -0.9396483 2.42035
0.1152608 0.6188239 2.150361 0.1112661 0.4464584 2.151046 0.01972614 0.3128091 2.046498 0.2790183 0.3856142 2.309424 -0.1515129 0.3251736 1.834218 0.4433596 0.4452766 2.460037 -0.205146 0.388146 1.629601 0.6291392 0.5581033 2.496618 -0.2239282 0.416711 1.543137 0.6881739 0.5882691 2.488953 0.1354521 0.09207588 2.154421 0.1637086 0.02515513 2.134219 0.1078028 -0.05146765 2.08349 0.237382 -0.04592567 2.175318 0.05964567 -0.5140007 2.189231 0.2271875 -0.5416531 2.356533 -0.002097929 -0.8630422 2.269069 0.2137271 -0.8812871 2.421005 0.02729518 -0.9264599 2.288387 0.2833611 -0.9394101 2.422074
0.1253891 0.618899 2.150003 0.1116955 0.4460798 2.150959 0.01923822 0.3127821 2.047024 0.2860986 0.3834006 2.322937 -0.1561855 0.3196624 1.833693 0.4460653 0.4400253 2.461901 -0.2104975 0.381512 1.610585 0.6341695 0.5498743 2.495197 -0.2263848 0.4034216 1.541079 0.6909685 0.5846309 2.490767 0.1364389 0.09146465 2.154207 0.1650564 0.02469108 2.134233 0.109181 -0.0521936 2.083641 0.240014 -0.04726848 2.174925 0.05853802 -0.5151954 2.188249 0.2269097 -0.5424989 2.356899 -0.001785964 -0.8638601 2.269951 0.2142721 -0.8809984 2.420759 0.02777046 -0.9274187 2.288542 0.2885668 -0.9415953 2.418802
0.1292742 0.6186708 2.150095 0.1125624 0.4454048 2.151251 0.01899828 0.3125007 2.047719 0.2811518 0.379251 2.313905 -0.1579389 0.316178 1.833233 0.4483003 0.437653 2.462384 -0.2251226 0.3544862 1.639092 0.6366216 0.5492641 2.494638 -0.2265975 0.3989764 1.541151 0.6926844 0.5851143 2.489583 0.1380742 0.08867223 2.154274 0.1667937 0.02163252 2.133745 0.1109572 -0.05412511 2.082951 0.2411204 -0.04982873 2.174394 0.05943305 -0.5156958 2.188924 0.2267765 -0.5424117 2.356565 -0.001662943 -0.8641603 2.270166 0.2143917 -0.8808023 2.420944 0.02797898 -0.9275827 2.289082 0.2885551 -0.9415563 2.418772
0.131285 0.6191272 2.150438 0.1130445 0.4451765 2.151381 0.0181452 0.3126895 2.048753 0.2811236 0.3793031 2.314149 -0.1658055 0.3069608 1.837992 0.4525231 0.437299 2.462982 -0.2194774 0.3569557 1.642197 0.6385655 0.5522177 2.485637 -0.2213979 0.3983037 1.543021 0.6926508 0.5910725 2.481283 0.1381737 0.08858597 2.154342 0.1669912 0.02164699 2.133497 0.111214 -0.05422748 2.082479 0.2413668 -0.04993572 2.174 0.05986235 -0.5159829 2.189386 0.2266845 -0.5422894 2.356324 -0.0016323 -0.8642937 2.270171 0.2144379 -0.8808451 2.420923 0.02827469 -0.9274312 2.289616 0.2887445 -0.9416656 2.41898
0.1297484 0.6187617 2.150801 0.1134351 0.4449245 2.151775 0.01789585 0.3127502 2.05003 0.2857746 0.3814198 2.323264 -0.1651338 0.3053128 1.838328 0.4503636 0.4347553 2.460781 -0.1918938 0.3793619 1.637497 0.6129773 0.5527071 2.463935 -0.2005682 0.4070903 1.556411 0.6626605 0.5953053 2.450865 0.1385543 0.08921853 2.153973 0.1679302 0.02304354 2.132538 0.1112867 -0.05324556 2.080643 0.2441363 -0.04877823 2.172776 0.06068151 -0.5173265 2.190456 0.2265971 -0.54225 2.356231 -0.00163055 -0.8643484 2.270146 0.2150866 -0.8804891 2.421086 0.0284294 -0.9272454 2.290127 0.2896669 -0.9422066 2.41913
0.1289678 0.6185246 2.151038 0.1140316 0.4447301 2.151976 0.01768101 0.3128957 2.050999 0.2870214 0.3813153 2.325579 -0.1708155 0.2987111 1.843846 0.4512253 0.4351198 2.45966 -0.1844521 0.3873086 1.63496 0.6195213 0.5762681 2.444965 -0.171176 0.4325039 1.560867 0.6569515 0.6244936 2.418 0.1382877 0.08929647 2.154231 0.1677996 0.02327459 2.132541 0.1110595 -0.05315781 2.080515 0.2439932 -0.04884628 2.172822 0.05880085 -0.5188698 2.189294 0.2264323 -0.5423258 2.356326 -0.001881513 -0.8645438 2.270245 0.2155138 -0.8813146 2.422409 0.0288265 -0.926932 2.290826 0.2872494 -0.9407777 2.419595
0.1281361 0.6179113 2.151563 0.1148209 0.4445692 2.152767 0.0175363 0.3127604 2.052051 0.2876743 0.3811633 2.326405 -0.1630645 0.3049877 1.838714 0.4530897 0.4391947 2.455269 -0.1535151 0.4160969 1.629842 0.6117257 0.5974739 2.407691 -0.1395349 0.456376 1.575878 0.6464112 0.6476307 2.38058 0.1380857 0.08920734 2.154731 0.167747 0.02323669 2.132708 0.11095 -0.05318195 2.080679 0.2437413 -0.04939258 2.173045 0.05974466 -0.5184612 2.190508 0.2261043 -0.5427135 2.356547 -0.002250344 -0.8642565 2.269707 0.2142056 -0.881327 2.420651 0.02914593 -0.9263293 2.290203 0.289481 -0.9415635 2.420841
0.1259649 0.6171132 2.152819 0.1156503 0.4443139 2.153083 0.01569472 0.3125159 2.053019 0.2897636 0.3814372 2.330499 -0.1576397 0.3114173 1.833644 0.4502874 0.4413779 2.44813 -0.1284 0.4336445 1.630212 0.5810893 0.5871943 2.384804 -0.1039182 0.4794002 1.586859 0.632414 0.6500082 2.354281 0.1378248 0.08928639 2.15507 0.1675679 0.02345492 2.132772 0.1096704 -0.05309893 2.081586 0.2437005 -0.04920333 2.172611 0.06009244 -0.518106 2.191188 0.225686 -0.5425972 2.356444 -0.0005220136 -0.8619145 2.267763 0.2138347 -0.8810931 2.420277 0.02754246 -0.9248661 2.290308 0.2882398 -0.940043 2.426281
0.1112533 0.6168514 2.156635 0.1142465 0.4452065 2.154432 0.009824998 0.3041188 2.054731 0.2897312 0.381451 2.330587 -0.1514316 0.3176566 1.827966 0.4482769 0.4436351 2.440005 -0.09843734 0.4452785 1.641732 0.5710772 0.5865275 2.370217 -0.06363165 0.493598 1.609845 0.6097639 0.6518688 2.319845 0.1352879 0.09046504 2.155509 0.1644605 0.02490913 2.132047 0.1012434 -0.05313834 2.082289 0.2422651 -0.04576952 2.169044 0.0576916 -0.516426 2.189229 0.2253135 -0.5426574 2.356532 -0.0009609957 -0.8634619 2.270956 0.2139607 -0.8810717 2.42049 0.02810863 -0.9267843 2.291056 0.2858063 -0.9404805 2.423285
0.1074367 0.6280729 2.153205 0.1007523 0.4595275 2.155269 0.008219591 0.3016894 2.055258 0.2908822 0.3809313 2.333588 -0.14686 0.3188573 1.829353 0.4413676 0.4430121 2.424805 -0.06936184 0.449414 1.663135 0.5615801 0.5838913 2.345242 -0.02300994 0.5066113 1.632579 0.5827436 0.6317971 2.298996 0.1299094 0.09516939 2.155863 0.1605701 0.02875187 2.131898 0.09830256 -0.05142378 2.082733 0.2407863 -0.04263475 2.168195 0.0567971 -0.5165532 2.188926 0.2250543 -0.5427004 2.356602 0.000102585 -0.8610586 2.267334 0.2141688 -0.8810124 2.420453 0.02618943 -0.9244697 2.290941 0.2875543 -0.9412412 2.42133
0.1111445 0.6278287 2.152639 0.1008055 0.4596128 2.155288 0.007648737 0.3011728 2.055572 0.2930054 0.3800553 2.337605 -0.1401573 0.3199656 1.832294 0.4452643 0.4434518 2.418717 -0.0361155 0.453267 1.680287 0.5525432 0.5808389 2.314291 0.005068806 0.5077459 1.64934 0.5673146 0.628733 2.260082 0.1269799 0.09866896 2.155594 0.157307 0.03324933 2.130955 0.09267524 -0.04764006 2.080098 0.2398894 -0.04047833 2.167995 0.05727344 -0.5160867 2.189876 0.2247432 -0.5432205 2.356828 -0.0005802279 -0.8609718 2.267113 0.2142599 -0.8807759 2.42024 0.02607584 -0.9241329 2.290755 0.2874885 -0.941744 2.421702
