-0.3357984 0.7110109 2.247729 -0.3313228 0.532257 2.268701 -0.4086198 0.3993188 2.154605 -0.1970255 0.5131636 2.504191 -0.2708086 0.3533152 1.941773 0.01835363 0.4824562 2.535418 -0.09008928 0.4821601 1.894823 0.1589017 0.5957289 2.412077 -0.00381947 0.5939237 1.89503 0.2137394 0.6759494 2.325804 -0.2830121 0.2023298 2.310853 -0.2714159 0.1366939 2.321409 -0.3091852 0.03062992 2.249852 -0.206301 0.07114909 2.400623 -0.3383915 -0.4836647 2.393621 -0.2007138 -0.3899729 2.58199 -0.3450336 -0.8844989 2.384115 -0.2204813 -0.823761 2.665476 -0.3248692 -0.961402 2.356595 -0.1624056 -0.8934074 2.734269
-0.3367631 0.7112472 2.248526 -0.33144 0.5348474 2.26793 -0.4111647 0.3989453 2.152922 -0.19741 0.5157503 2.503516 -0.3072307 0.3367862 1.954223 0.01769084 0.4834564 2.538965 -0.09659733 0.5102881 1.878699 0.1690595 0.6152223 2.414087 -0.02477531 0.6079561 1.876185 0.2126313 0.6833056 2.351779 -0.2831867 0.2026193 2.310811 -0.2715796 0.1368033 2.321408 -0.3116171 0.03331132 2.252359 -0.206303 0.0707128 2.400799 -0.3385468 -0.483351 2.393421 -0.1983573 -0.3825324 2.579525 -0.3447611 -0.8863882 2.384525 -0.2227621 -0.8154351 2.665547 -0.3245284 -0.9629296 2.356063 -0.1551704 -0.8940565 2.712515
-0.3396266 0.7165823 2.248024 -0.3288489 0.5442947 2.263054 -0.4147011 0.3984963 2.149249 -0.1952636 0.5250606 2.498856 -0.3073044 0.3366229 1.953994 0.01826307 0.4837872 2.541422 -0.1049235 0.5157235 1.867835 0.1720128 0.6226326 2.432277 -0.03954727 0.6183687 1.861959 0.2198557 0.6974396 2.388345 -0.2828801 0.2030107 2.310486 -0.2714705 0.1367793 2.321324 -0.3132312 0.03467746 2.254471 -0.2048333 0.07000605 2.400301 -0.3364044 -0.4791307 2.391779 -0.198621 -0.3842313 2.579273 -0.3446853 -0.8865667 2.38426 -0.2230699 -0.8169644 2.665941 -0.3237249 -0.962921 2.355822 -0.1629047 -0.8881628 2.731262
-0.3427514 0.7213573 2.246955 -0.3271734 0.5491112 2.260955 -0.4158424 0.3990862 2.147441 -0.1937383 0.5299077 2.496795 -0.305658 0.3358817 1.948939 0.01304913 0.4822202 2.550997 -0.1182547 0.5243979 1.847954 0.2049401 0.6639238 2.449222 -0.06417461 0.6159295 1.830756 0.2297127 0.7098184 2.41042 -0.2828008 0.2030831 2.308736 -0.271665 0.1358762 2.319434 -0.3146309 0.03563664 2.253714 -0.2044205 0.06402054 2.396627 -0.3358055 -0.4780624 2.390135 -0.2003537 -0.3890003 2.579621 -0.3447869 -0.8857341 2.38433 -0.2215599 -0.821341 2.668429 -0.324091 -0.9620636 2.355633 -0.1611291 -0.8907527 2.735408
-0.3438388 0.7233133 2.247421 -0.3269092 0.5506058 2.2595 -0.417312 0.3990431 2.145211 -0.1935332 0.5314234 2.495353 -0.2838345 0.350877 1.917062 0.01055641 0.4805505 2.559116 -0.1109907 0.552493 1.815314 0.2055704 0.6615818 2.45896 -0.07632257 0.6124344 1.814674 0.23545 0.7132778 2.437146 -0.2743216 0.2014787 2.309891 -0.2595716 0.131846 2.322335 -0.3002998 0.0342638 2.260484 -0.184472 0.05419784 2.404333 -0.3352543 -0.4773723 2.389785 -0.2002582 -0.3900292 2.580124 -0.3445338 -0.8862224 2.384163 -0.2216467 -0.8224114 2.668746 -0.3230334 -0.9625813 2.356143 -0.1608316 -0.892482 2.734683
-0.344391 0.7248517 2.248049 -0.3265497 0.5517231 2.258391 -0.4180058 0.3990929 2.143802 -0.1932159 0.5325526 2.494255 -0.281648 0.3511034 1.912237 0.01586343 0.4730046 2.580464 -0.1229649 0.5376731 1.799554 0.2005544 0.6289103 2.497066 -0.1012569 0.5827777 1.781101 0.2371379 0.693198 2.458005 -0.2718844 0.1980031 2.309306 -0.2571253 0.1265187 2.321836 -0.2997458 0.03353354 2.261599 -0.1832762 0.04918272 2.400955 -0.3347498 -0.4767948 2.388882 -0.2002355 -0.391086 2.580981 -0.3444687 -0.8862112 2.38407 -0.2174688 -0.8246006 2.665985 -0.3227519 -0.9626085 2.356323 -0.1587385 -0.8935548 2.734921
-0.3442741 0.7250212 2.248129 -0.3261136 0.5518875 2.258342 -0.4180325 0.3988545 2.143653 -0.192811 0.5327184 2.494211 -0.2823549 0.3478288 1.90543 -0.0220595 0.4377923 2.600499 -0.1319926 0.5185474 1.778471 0.1898648 0.6065291 2.516782 -0.1064015 0.5683355 1.765272 0.2759291 0.683635 2.496274 -0.2646609 0.2000668 2.31214 -0.2490864 0.1294395 2.325415 -0.2930263 0.03415672 2.266705 -0.169738 0.06061427 2.40595 -0.3338853 -0.4761789 2.388342 -0.2002243 -0.3910877 2.581045 -0.3444395 -0.8862327 2.384059 -0.2193156 -0.8241212 2.66761 -0.3238419 -0.963348 2.357469 -0.1573785 -0.8951902 2.731399
-0.344364 0.7249775 2.248979 -0.3261685 0.5515769 2.258247 -0.4190524 0.3971873 2.143142 -0.2048273 0.5127892 2.523071 -0.2825655 0.3410132 1.89244 -0.0274183 0.4374101 2.600315 -0.1401807 0.4889999 1.752681 0.2035436 0.5850086 2.530353 -0.1216462 0.5229866 1.72853 0.284512 0.6557297 2.512314 -0.2626659 0.1969928 2.312374 -0.2468565 0.1258759 2.32577 -0.2893343 0.03217287 2.267475 -0.1699747 0.05633669 2.405631 -0.3337537 -0.4766052 2.388367 -0.200435 -0.3921528 2.581245 -0.3444209 -0.8868667 2.383799 -0.2219137 -0.8247572 2.669024 -0.3230928 -0.9638567 2.357422 -0.156229 -0.8972565 2.727208
-0.3338839 0.7196989 2.247705 -0.3275048 0.5461278 2.259278 -0.3896614 0.4165535 2.118534 -0.2068156 0.5068196 2.526381 -0.3549838 0.2748014 1.944302 -0.02739682 0.436561 2.601846 -0.1784072 0.4287089 1.777717 0.215137 0.5680501 2.54138 -0.1140078 0.5100483 1.716183 0.292248 0.6184862 2.525204 -0.2635506 0.1953229 2.312034 -0.2478467 0.1247008 2.325379 -0.2876421 0.03279066 2.26462 -0.1812896 0.0506979 2.407491 -0.3334349 -0.4769961 2.388239 -0.2010093 -0.3950584 2.5813 -0.3441803 -0.8871357 2.383641 -0.2303712 -0.8271434 2.669293 -0.3231325 -0.9641137 2.357005 -0.1642407 -0.8921725 2.735279
-0.3342354 0.7176665 2.246547 -0.3272994 0.5448425 2.260515 -0.3896794 0.4165558 2.118545 -0.2067181 0.5054336 2.5287 -0.3554883 0.2738834 1.944246 -0.02229817 0.4325328 2.611599 -0.169374 0.3921826 1.758509 0.2304832 0.5433149 2.551769 -0.1015809 0.4517736 1.688649 0.3186829 0.5846712 2.544639 -0.2687334 0.1961497 2.311167 -0.2565419 0.1268551 2.323276 -0.2968978 0.03592936 2.25686 -0.1956154 0.05586811 2.407776 -0.3333622 -0.4773327 2.388071 -0.2014612 -0.3965978 2.58188 -0.3440597 -0.8876308 2.383571 -0.2279983 -0.8289443 2.669578 -0.2626594 -0.9337392 2.35125 -0.15711 -0.8981978 2.725569
-0.3322002 0.7083942 2.249527 -0.326176 0.5360082 2.264993 -0.3895296 0.416371 2.119518 -0.2058302 0.4968866 2.534316 -0.3594869 0.2669664 1.94747 -0.02224308 0.429918 2.613826 -0.170971 0.3701189 1.754753 0.1787277 0.4773145 2.587991 -0.09370853 0.4260587 1.679183 0.2660151 0.5186896 2.571492 -0.2708252 0.1907012 2.310536 -0.2587117 0.1216218 2.321982 -0.2971766 0.0355135 2.25719 -0.1994436 0.0522012 2.401001 -0.3334897 -0.476852 2.387638 -0.1999302 -0.3934998 2.581429 -0.3437466 -0.8874316 2.383326 -0.2276894 -0.8258929 2.668663 -0.3265548 -0.9648972 2.355369 -0.15817 -0.8965737 2.724586
-0.3320379 0.7088825 2.250259 -0.3258975 0.5340988 2.266348 -0.3819284 0.4142001 2.125767 -0.2056168 0.4950757 2.535973 -0.3632199 0.2645266 1.95094 -0.0199069 0.4232112 2.617924 -0.1678185 0.3283201 1.747587 0.1818433 0.4673638 2.592797 -0.08611325 0.3816478 1.676229 0.2696674 0.5034674 2.568572 -0.2766222 0.1742155 2.310284 -0.2661328 0.1005546 2.320864 -0.3015113 0.03219651 2.263952 -0.2117046 0.04089791 2.384351 -0.3334754 -0.4769497 2.387619 -0.2009323 -0.398782 2.582858 -0.343684 -0.887687 2.383486 -0.2280998 -0.8310972 2.670273 -0.3250936 -0.964892 2.355703 -0.1559601 -0.8998002 2.725336
-0.3322952 0.7083197 2.251002 -0.3258342 0.5313822 2.267961 -0.3756711 0.4119843 2.131439 -0.2056178 0.4924833 2.537827 -0.3638109 0.2634899 1.951568 -0.00294704 0.410847 2.625757 -0.1656588 0.3169608 1.747879 0.1967852 0.4581863 2.586731 -0.085513 0.3561076 1.680457 0.2937823 0.4674654 2.576292 -0.2769159 0.1682027 2.310266 -0.2660414 0.09493398 2.320635 -0.3009436 0.0263538 2.266034 -0.2125567 0.03843267 2.383297 -0.3333541 -0.4765584 2.387079 -0.2003533 -0.3982831 2.582977 -0.3436915 -0.8876745 2.383478 -0.2274629 -0.8306693 2.670401 -0.2614432 -0.9337829 2.35338 -0.1552879 -0.8999116 2.724737
-0.3322522 0.7082095 2.25122 -0.3252286 0.5291224 2.27013 -0.3680747 0.408787 2.138562 -0.2050536 0.4903001 2.540198 -0.3630746 0.2598763 1.952128 -0.004619985 0.403057 2.631886 -0.1594044 0.2926099 1.749571 0.1950053 0.4463641 2.585848 -0.07994505 0.3324806 1.686761 0.2910601 0.4622055 2.574614 -0.2761713 0.1595307 2.311759 -0.2649009 0.08497138 2.322034 -0.2999063 0.02170028 2.269864 -0.2131134 0.03126332 2.381635 -0.3340705 -0.4797919 2.38702 -0.1998558 -0.3975023 2.58307 -0.3438803 -0.8878798 2.383483 -0.2300952 -0.8298489 2.669856 -0.2612724 -0.9338872 2.354226 -0.1633168 -0.8947018 2.735362
-0.3327965 0.7083162 2.251877 -0.3252694 0.5274934 2.270382 -0.3636045 0.4052505 2.142108 -0.2172219 0.4773835 2.481598 -0.3624964 0.2571352 1.953175 -0.009361789 0.4033177 2.627386 -0.1556327 0.2870124 1.753635 0.1924205 0.4389708 2.585638 -0.07079317 0.3201784 1.696735 0.2866073 0.4539211 2.563072 -0.276844 0.1538516 2.310499 -0.2655651 0.07878324 2.320487 -0.2993886 0.01859587 2.269392 -0.2162055 0.02531548 2.379301 -0.3346344 -0.4824358 2.387742 -0.1995409 -0.3964919 2.583149 -0.3435588 -0.8872883 2.383819 -0.2292555 -0.8289117 2.669798 -0.2617372 -0.9335132 2.352751 -0.1630386 -0.8944035 2.735238
-0.3323997 0.7079691 2.252051 -0.325442 0.5266542 2.270905 -0.3591277 0.4018698 2.145052 -0.2172861 0.4774716 2.481757 -0.3612738 0.254858 1.953842 -0.009631529 0.4022689 2.6273 -0.1477692 0.2817749 1.761488 0.2359752 0.435411 2.547547 -0.05880707 0.3133941 1.708473 0.3144904 0.4538943 2.540123 -0.2775696 0.1518533 2.310181 -0.2663293 0.07667474 2.320043 -0.2993457 0.01734942 2.269188 -0.2184592 0.02332833 2.378531 -0.3351376 -0.4840746 2.388399 -0.1992041 -0.396804 2.583808 -0.3436298 -0.8874697 2.383919 -0.2303698 -0.8284435 2.66933 -0.2615454 -0.9336344 2.35346 -0.162728 -0.8954005 2.731761
-0.3326289 0.7079761 2.252152 -0.3256313 0.5259423 2.271938 -0.3581936 0.401566 2.14564 -0.212759 0.4813128 2.491866 -0.3610146 0.2550627 1.954656 -0.002094805 0.4006116 2.63114 -0.1411434 0.2823707 1.770249 0.1922666 0.4386497 2.557996 -0.04046008 0.315933 1.719078 0.2866426 0.45357 2.536211 -0.2776781 0.1512514 2.310347 -0.266395 0.07614224 2.320136 -0.2993123 0.01680476 2.27022 -0.2187081 0.02311568 2.377876 -0.3353422 -0.4866185 2.389935 -0.1993929 -0.3970858 2.583842 -0.3437132 -0.8872267 2.383929 -0.2348819 -0.8259101 2.668169 -0.2616057 -0.9333698 2.353498 -0.163301 -0.8951082 2.723343
-0.3333821 0.709841 2.253751 -0.3256609 0.5259483 2.271973 -0.3573528 0.401725 2.146113 -0.2168342 0.4803553 2.481935 -0.3549696 0.2569084 1.952196 -0.007065117 0.4041563 2.624446 -0.1297924 0.2865277 1.77524 0.1892027 0.4413856 2.557331 -0.03107188 0.323549 1.728284 0.2645971 0.4629192 2.498542 -0.2777732 0.1504011 2.310284 -0.2664559 0.07502271 2.320063 -0.2988002 0.01593362 2.270377 -0.2193877 0.02267491 2.377596 -0.3350117 -0.4855703 2.389718 -0.2001873 -0.3982184 2.58387 -0.3437217 -0.8867642 2.383522 -0.2340237 -0.8263982 2.668927 -0.3267296 -0.9641535 2.355231 -0.1643847 -0.8931923 2.729304
-0.3334204 0.7101975 2.25382 -0.3257272 0.5259628 2.272361 -0.3569233 0.4021088 2.146117 -0.215282 0.4917604 2.495072 -0.349498 0.261678 1.949731 0.003183878 0.416943 2.617645 -0.1159039 0.3067136 1.788895 0.2215315 0.4749786 2.515937 -0.01677238 0.3450826 1.743686 0.2997836 0.4928825 2.492123 -0.2784309 0.151272 2.310406 -0.2673373 0.07636514 2.32016 -0.2989863 0.01599017 2.270347 -0.2210782 0.02485377 2.378017 -0.3348896 -0.4842559 2.389318 -0.1996515 -0.3959578 2.583088 -0.3437106 -0.8869475 2.383419 -0.2303857 -0.8285383 2.668858 -0.325519 -0.9637033 2.354164 -0.1616601 -0.895022 2.730608
-0.3344472 0.7144756 2.253975 -0.3256945 0.5260843 2.27241 -0.3573076 0.4052763 2.145159 -0.2147102 0.4941785 2.496523 -0.3472058 0.2662397 1.949735 -0.00141197 0.4247508 2.611843 -0.1115728 0.3229831 1.796376 0.1847513 0.4871814 2.533338 -0.01256631 0.3666285 1.753274 0.2733597 0.5055757 2.49573 -0.2800641 0.1552043 2.309801 -0.2695673 0.08179426 2.319344 -0.3004224 0.01381734 2.261444 -0.2239221 0.02616154 2.385254 -0.3347513 -0.4834507 2.388939 -0.2018803 -0.4006429 2.584552 -0.3437093 -0.8869408 2.383373 -0.2298382 -0.830767 2.669745 -0.3243918 -0.9627885 2.352514 -0.162265 -0.8959137 2.734137
-0.3350102 0.7136649 2.253961 -0.3257184 0.526194 2.272511 -0.36031 0.4119774 2.141999 -0.2145645 0.4955643 2.497558 -0.3401036 0.2768523 1.946125 -0.02018651 0.4403181 2.601454 -0.1032087 0.3491721 1.802413 0.1983996 0.5148171 2.508679 -0.01042902 0.399834 1.767719 0.2837873 0.5359483 2.465474 -0.2800528 0.1552157 2.309838 -0.2695242 0.0817757 2.319401 -0.300764 0.01410184 2.265307 -0.2229995 0.02944593 2.381978 -0.3379694 -0.489621 2.392392 -0.2020114 -0.4008068 2.584348 -0.3438674 -0.8862351 2.383414 -0.2268144 -0.8322272 2.670876 -0.3239422 -0.9617906 2.352226 -0.1568019 -0.9007983 2.728779
-0.3349691 0.7136778 2.253963 -0.3260004 0.526617 2.272388 -0.3619823 0.4174604 2.139396 -0.2148596 0.4969961 2.497828 -0.3321713 0.2866252 1.93896 -0.02650041 0.443926 2.600632 -0.096983 0.3911655 1.815618 0.2045647 0.5284839 2.505458 -0.005945495 0.4415452 1.78052 0.2843514 0.5666055 2.463208 -0.280329 0.1579368 2.309521 -0.2695974 0.08492337 2.31914 -0.3008147 0.01482087 2.265537 -0.2227814 0.03787601 2.380628 -0.3352663 -0.4844597 2.39165 -0.202866 -0.4014067 2.583857 -0.3438462 -0.8863423 2.383532 -0.2272068 -0.8317584 2.670704 -0.3236226 -0.9619747 2.352724 -0.1611122 -0.8977193 2.735798
-0.3353339 0.7138196 2.253968 -0.3257351 0.5276694 2.272163 -0.3662007 0.4230803 2.135944 -0.2142543 0.4991753 2.498013 -0.3292003 0.2924003 1.934323 -0.01361984 0.4664716 2.595271 -0.09481639 0.4030325 1.815311 0.2285404 0.5737282 2.491412 -0.006060793 0.4709029 1.79126 0.2897866 0.6018459 2.464857 -0.2831626 0.1720225 2.307431 -0.2734282 0.1027786 2.31663 -0.3043864 0.02201423 2.258015 -0.2241127 0.04289561 2.384439 -0.33459 -0.4822811 2.390765 -0.2025085 -0.4005599 2.583448 -0.3439531 -0.8873222 2.382791 -0.2265006 -0.8309703 2.671093 -0.3239791 -0.9633505 2.352806 -0.1607282 -0.8976964 2.735732
-0.335404 0.7136992 2.253782 -0.3252189 0.5302272 2.270888 -0.3744707 0.4300133 2.128349 -0.2134885 0.5025606 2.497124 -0.3227338 0.3069395 1.925482 -0.002688393 0.4786505 2.59923 -0.09595579 0.4347994 1.809357 0.234657 0.5933619 2.499884 -0.0210624 0.4991992 1.790386 0.2923461 0.6413607 2.477259 -0.2839624 0.1800048 2.306402 -0.2742754 0.1108315 2.315906 -0.306266 0.02705925 2.256323 -0.2240966 0.04996754 2.386143 -0.3346534 -0.4808784 2.390303 -0.2023831 -0.3967852 2.581646 -0.3439646 -0.8873511 2.383096 -0.2255404 -0.8290625 2.670382 -0.3231723 -0.9629942 2.352696 -0.1605425 -0.8967878 2.734765
-0.3355007 0.713446 2.253909 -0.3253115 0.539171 2.265645 -0.3793505 0.4391837 2.120927 -0.2133656 0.512189 2.492537 -0.3116952 0.3268503 1.910854 0.006485303 0.491578 2.602449 -0.09320863 0.4706912 1.797945 0.1943319 0.60396 2.537277 -0.03328896 0.5438803 1.773603 0.2718974 0.6492028 2.498022 -0.2845145 0.1773283 2.305455 -0.2750854 0.1042284 2.315001 -0.3114856 0.02894876 2.264827 -0.2239086 0.04892041 2.373605 -0.333886 -0.4784935 2.390784 -0.2019095 -0.3961742 2.581703 -0.3440859 -0.8872126 2.383216 -0.224279 -0.8285484 2.670234 -0.3209216 -0.9613024 2.350773 -0.1574329 -0.89895 2.729663
-0.335784 0.7189398 2.251826 -0.3256066 0.5451891 2.262173 -0.3813746 0.4445306 2.117105 -0.2135661 0.5184049 2.489409 -0.2931442 0.3406826 1.863818 -0.004827684 0.4923659 2.60352 -0.1049777 0.487983 1.786031 0.2260734 0.6406491 2.535134 -0.05181297 0.5513414 1.770411 0.2757381 0.6789793 2.498925 -0.2821677 0.1855122 2.304686 -0.271615 0.1139697 2.315188 -0.3089867 0.03334317 2.263193 -0.217073 0.06539346 2.380783 -0.3333078 -0.4765685 2.389335 -0.201902 -0.3961754 2.581642 -0.3441215 -0.886691 2.383032 -0.2204332 -0.8286734 2.670394 -0.3209336 -0.9610332 2.351189 -0.1547627 -0.9003969 2.729552
-0.3345588 0.7248 2.250383 -0.3278884 0.55024 2.258458 -0.3848817 0.4494105 2.112976 -0.2157749 0.5235397 2.485931 -0.320513 0.3427761 1.905728 -0.005746942 0.4997834 2.610418 -0.1251564 0.5049962 1.774642 0.1884219 0.6293489 2.56984 -0.07537851 0.5796707 1.748761 0.2574222 0.6834273 2.526037 -0.2738133 0.1895176 2.306409 -0.2585973 0.1183381 2.319002 -0.2872805 0.04094093 2.265359 -0.2006427 0.06281654 2.390425 -0.3325409 -0.4758365 2.388384 -0.2003257 -0.3965388 2.583959 -0.3441369 -0.8868914 2.383173 -0.2191124 -0.8294542 2.671092 -0.3240794 -0.963505 2.354775 -0.1527388 -0.9022961 2.728059
-0.329069 0.7172243 2.253034 -0.3213481 0.5416698 2.257152 -0.3791963 0.4405206 2.111576 -0.2092438 0.5151449 2.484795 -0.3368249 0.3309059 1.914993 -0.002304221 0.5067357 2.61763 -0.1582015 0.4980589 1.765637 0.18554 0.6317158 2.578495 -0.1048903 0.5750884 1.730126 0.2572219 0.6979075 2.569296 -0.2624289 0.1767204 2.306121 -0.2479447 0.104597 2.318603 -0.2826757 0.03706787 2.266722 -0.1911697 0.04517163 2.38464 -0.332417 -0.4759079 2.388372 -0.1996712 -0.3961159 2.584728 -0.3440687 -0.8877351 2.382798 -0.2187483 -0.8293089 2.670752 -0.3232428 -0.9643345 2.354921 -0.1527404 -0.9022465 2.72802
-0.3286509 0.71689 2.252941 -0.3205764 0.5408663 2.255073 -0.3786066 0.4395892 2.109452 -0.208462 0.5143659 2.482781 -0.3336581 0.3325818 1.905103 0.01248954 0.5475075 2.62497 -0.1671706 0.5059075 1.748276 0.1945504 0.6453817 2.603546 -0.1381577 0.561024 1.709321 0.2637917 0.7102548 2.579024 -0.2609067 0.1780108 2.30564 -0.2463077 0.1062807 2.318329 -0.2790511 0.03760748 2.264825 -0.1899087 0.04509427 2.386438 -0.3322738 -0.4759458 2.388028 -0.2094123 -0.4376152 2.597862 -0.3440347 -0.887825 2.382246 -0.2187448 -0.8376518 2.672838 -0.3226416 -0.9643491 2.354593 -0.1484223 -0.9071648 2.729223
-0.3328776 0.7467692 2.246352 -0.3318972 0.5709332 2.250014 -0.3842174 0.4424565 2.101897 -0.1953763 0.5139171 2.53534 -0.3405944 0.3258931 1.905228 -0.005796085 0.5136318 2.646445 -0.1932628 0.4973425 1.726811 0.1952661 0.6484932 2.625622 -0.1574434 0.5653088 1.686367 0.263537 0.7124894 2.614503 -0.2605529 0.1865407 2.306315 -0.2452298 0.1120458 2.319391 -0.2785892 0.03894845 2.26524 -0.187019 0.0485917 2.389002 -0.3320204 -0.4765943 2.387658 -0.2050684 -0.4237747 2.593601 -0.3443247 -0.8889736 2.382622 -0.2191656 -0.836825 2.672378 -0.3215511 -0.9651717 2.355171 -0.1560885 -0.9014267 2.741692
-0.3340726 0.7409335 2.247468 -0.3291488 0.5675465 2.259837 -0.3873782 0.44398 2.101925 -0.1938018 0.5094494 2.536346 -0.3445535 0.3103414 1.901561 -0.007954394 0.5116623 2.648531 -0.2075436 0.4820224 1.714707 0.2013923 0.6442399 2.656702 -0.181831 0.5362116 1.664957 0.2700366 0.7057213 2.648637 -0.2626389 0.1906606 2.305865 -0.2484002 0.1178258 2.317358 -0.2823892 0.04139417 2.262338 -0.1885173 0.0513578 2.386955 -0.3319089 -0.4771004 2.387541 -0.2047828 -0.4221964 2.594133 -0.3446512 -0.8901446 2.382107 -0.221028 -0.8304507 2.67489 -0.3205522 -0.966121 2.355177 -0.1578756 -0.8977139 2.741553
-0.338023 0.7263638 2.25297 -0.3273444 0.5552309 2.271557 -0.3918976 0.4442834 2.102806 -0.1977617 0.5072898 2.530895 -0.3476899 0.305653 1.898836 -0.01028453 0.5067168 2.655667 -0.2284403 0.4556299 1.681426 0.2044744 0.6353003 2.673005 -0.205375 0.5009195 1.637339 0.2638125 0.6743423 2.687204 -0.268523 0.1876257 2.305815 -0.2564227 0.1144075 2.315625 -0.2950242 0.0404305 2.263949 -0.2012925 0.05114412 2.37509 -0.3302288 -0.4900371 2.395821 -0.2072679 -0.4296518 2.598126 -0.3443249 -0.8895844 2.382411 -0.221282 -0.8318597 2.675147 -0.3208742 -0.9656278 2.355102 -0.1575381 -0.8986008 2.741772
-0.345518 0.7035398 2.264992 -0.3235533 0.5335464 2.283754 -0.3946832 0.4430821 2.102955 -0.1990402 0.4943234 2.530808 -0.3517681 0.2966011 1.893453 0.008472186 0.5055254 2.678572 -0.2424332 0.4141838 1.676368 0.1930255 0.6060047 2.701004 -0.2104343 0.490723 1.630425 0.2607634 0.6630669 2.69267 -0.2733154 0.1795583 2.306104 -0.2617589 0.1075872 2.314274 -0.3014812 0.03646791 2.265564 -0.2055248 0.04749262 2.36877 -0.3302839 -0.4884568 2.393785 -0.209227 -0.4328734 2.597556 -0.3442942 -0.8904397 2.382113 -0.2221341 -0.8523251 2.675735 -0.2628403 -0.9364125 2.349727 -0.1546318 -0.909642 2.747253
-0.3234974 0.7097818 2.261066 -0.3178651 0.4984285 2.275886 -0.395943 0.4417381 2.10537 -0.195382 0.4522376 2.517346 -0.3571511 0.2915071 1.891153 0.0119203 0.5016049 2.672412 -0.2440805 0.3972328 1.66705 0.2003587 0.5868759 2.72571 -0.2276973 0.4268431 1.616943 0.2681117 0.6211476 2.727257 -0.2769274 0.1612761 2.302415 -0.2662088 0.0930431 2.31052 -0.3075444 0.02860417 2.266227 -0.2083196 0.03603919 2.360737 -0.3297173 -0.486957 2.391188 -0.2016741 -0.4172992 2.593325 -0.3443276 -0.8907851 2.382139 -0.2248259 -0.8430398 2.674814 -0.2636148 -0.937178 2.34852 -0.1543765 -0.9070051 2.73728
-0.3120944 0.7064254 2.259618 -0.2704275 0.4946304 2.32001 -0.3983904 0.4383742 2.107163 -0.1996269 0.4786842 2.517487 -0.3638097 0.2851153 1.892926 0.009484023 0.4940197 2.676505 -0.2478842 0.3611249 1.636379 0.2606252 0.5867923 2.744603 -0.2367975 0.3840285 1.607345 0.3443389 0.6177165 2.771778 -0.272204 0.164579 2.308028 -0.2650457 0.09627794 2.312668 -0.3082657 0.02787612 2.26327 -0.2090644 0.03648822 2.365466 -0.3289442 -0.4863002 2.39028 -0.1913525 -0.3914207 2.585883 -0.3446514 -0.8922104 2.382236 -0.2235574 -0.8242288 2.670401 -0.2645895 -0.9396997 2.348592 -0.1581655 -0.8975174 2.727928
-0.3136675 0.7203873 2.254558 -0.3028556 0.5482767 2.270174 -0.4015386 0.4355368 2.109339 -0.2027307 0.4835785 2.511967 -0.3794453 0.2830988 1.913079 0.004320994 0.4849446 2.673904 -0.2707967 0.3098274 1.685217 0.1826981 0.5084857 2.762545 -0.2463046 0.3233735 1.617956 0.2665857 0.5587189 2.769158 -0.2728796 0.1752869 2.30459 -0.2653608 0.1034193 2.311353 -0.3081783 0.02960016 2.260262 -0.2096693 0.03958019 2.368366 -0.3288859 -0.4868017 2.39017 -0.1912749 -0.3915983 2.586254 -0.3445718 -0.8922539 2.382406 -0.2226766 -0.824588 2.670297 -0.2647088 -0.9395266 2.347994 -0.156835 -0.8983113 2.726745
-0.3149822 0.7097403 2.258354 -0.3095837 0.5364423 2.270982 -0.4158046 0.4147717 2.113935 -0.2172176 0.5008061 2.485686 -0.3911976 0.2796523 1.932898 -0.09542075 0.4217889 2.65963 -0.2645273 0.2837967 1.669948 0.1552581 0.4838977 2.754036 -0.2492951 0.2895819 1.61375 0.2491118 0.5024081 2.777201 -0.2730807 0.1751744 2.304348 -0.2653691 0.1034474 2.311271 -0.3082069 0.02942188 2.260238 -0.2091873 0.04044557 2.368132 -0.3288722 -0.4868655 2.390114 -0.2108123 -0.4441348 2.598156 -0.344571 -0.8924374 2.382422 -0.2271526 -0.8339803 2.673947 -0.2661433 -0.9397227 2.344869 -0.1546884 -0.9031137 2.728041
-0.3158517 0.7088316 2.259411 -0.312257 0.5309354 2.270643 -0.4179441 0.4108351 2.113969 -0.2097671 0.4483598 2.441973 -0.3936107 0.2734357 1.93491 -0.09520775 0.4205634 2.660254 -0.2913134 0.2307119 1.714427 0.158438 0.4617427 2.757704 -0.2473709 0.2552163 1.621379 0.2597732 0.4836298 2.775863 -0.2737542 0.1714161 2.302091 -0.2653551 0.09994146 2.3092 -0.3090648 0.02654009 2.259176 -0.2074781 0.03819826 2.365373 -0.3276148 -0.504509 2.406019 -0.1976068 -0.3941238 2.575761 -0.3448238 -0.893383 2.382307 -0.2264546 -0.8242933 2.670965 -0.2694859 -0.9411073 2.339369 -0.1572563 -0.8979023 2.723405
-0.3182766 0.7090322 2.258605 -0.3138142 0.5293607 2.270717 -0.3391778 0.3882208 2.153802 -0.2101304 0.4488228 2.44216 -0.3962369 0.2734931 1.94466 -0.09901132 0.4110166 2.661911 -0.3333786 0.1719431 1.762337 0.1579401 0.4336304 2.757066 -0.2473639 0.219944 1.623277 0.264248 0.4442559 2.781943 -0.2724419 0.1623222 2.302328 -0.2620434 0.08777381 2.310455 -0.2954288 0.0186127 2.257901 -0.2111032 0.03291513 2.368424 -0.3280869 -0.4998309 2.400837 -0.1973045 -0.3955436 2.57692 -0.3447968 -0.893422 2.382385 -0.2264846 -0.8258522 2.671554 -0.2634869 -0.9398483 2.350286 -0.1603661 -0.8966913 2.731277
-0.3185805 0.7091036 2.258254 -0.3153241 0.5287265 2.271024 -0.3394842 0.387075 2.153294 -0.2102712 0.4487164 2.44207 -0.3986871 0.2673934 1.954499 -0.09966236 0.4053532 2.664269 -0.3365337 0.1690486 1.770032 0.1594793 0.4197395 2.755552 -0.2425945 0.1957532 1.634608 0.2614345 0.4317417 2.778289 -0.2730291 0.1542837 2.302533 -0.2621695 0.078077 2.310827 -0.2940615 0.01592763 2.258975 -0.2146985 0.02719911 2.367652 -0.3276492 -0.4942563 2.395015 -0.1969425 -0.3960431 2.579424 -0.344747 -0.8935874 2.382463 -0.2266365 -0.8269047 2.671949 -0.2634397 -0.9399984 2.350335 -0.1624241 -0.8939992 2.737765
-0.3189706 0.7083105 2.25765 -0.3164005 0.5254772 2.27009 -0.3397039 0.3836797 2.152519 -0.2104213 0.4482661 2.441948 -0.3981218 0.2658749 1.961577 -0.09713621 0.4001181 2.666939 -0.3340974 0.164301 1.779707 0.1633007 0.4124666 2.755225 -0.2381828 0.177994 1.634519 0.2600999 0.4173298 2.775625 -0.2730591 0.1538703 2.30242 -0.2621709 0.07803661 2.310816 -0.2924006 0.01676298 2.25993 -0.2167599 0.02611657 2.367001 -0.3276144 -0.4925125 2.393605 -0.1968721 -0.3960107 2.579476 -0.3447454 -0.8934643 2.382319 -0.2281817 -0.8268874 2.671534 -0.2634351 -0.9398472 2.350158 -0.1554739 -0.8990901 2.721102
-0.3196558 0.7085038 2.256242 -0.3173396 0.5249282 2.269639 -0.3396508 0.381939 2.15245 -0.2113868 0.4488869 2.441095 -0.3975063 0.2651047 1.963695 -0.09460694 0.3886741 2.66185 -0.3337274 0.1603574 1.783685 0.1641823 0.4053194 2.753669 -0.2359363 0.1704185 1.63665 0.2603003 0.4089614 2.773206 -0.2732 0.1538459 2.302413 -0.262307 0.07815396 2.310873 -0.2916184 0.01726563 2.260688 -0.2189057 0.0267847 2.366884 -0.3276046 -0.492839 2.393076 -0.1960699 -0.3963296 2.581635 -0.3443725 -0.8928685 2.382375 -0.2267972 -0.8276762 2.672127 -0.263012 -0.9392213 2.350297 -0.1627431 -0.8923988 2.740426
-0.3205395 0.7079207 2.255606 -0.3189803 0.5243522 2.268303 -0.3395718 0.3806744 2.15238 -0.2115072 0.4488418 2.441225 -0.3973589 0.2642753 1.965086 -0.094931 0.3887964 2.662117 -0.3327943 0.1590549 1.785679 0.1648569 0.4042821 2.751628 -0.2343334 0.1660524 1.636868 0.2617513 0.4077916 2.77119 -0.2731137 0.1538457 2.302425 -0.2619142 0.07838932 2.311083 -0.2888492 0.01822018 2.262082 -0.2189201 0.02687419 2.366992 -0.3277063 -0.4928102 2.393082 -0.1970733 -0.3981092 2.582534 -0.3443846 -0.8929482 2.382412 -0.225642 -0.8294946 2.672599 -0.2629973 -0.9392551 2.350335 -0.1583018 -0.8971407 2.734615
-0.3206398 0.7068433 2.254825 -0.3194922 0.5238539 2.268158 -0.3402825 0.3797854 2.151374 -0.2108587 0.4482009 2.446215 -0.3961867 0.2622427 1.964246 -0.0930674 0.3867602 2.666187 -0.2799661 0.1916688 1.739008 0.169514 0.4042378 2.748004 -0.2318453 0.1644543 1.63614 0.2655625 0.4106747 2.755267 -0.2739702 0.1535067 2.30229 -0.262833 0.07830454 2.311036 -0.2897354 0.01902111 2.262671 -0.221475 0.02580075 2.366102 -0.3280481 -0.4917942 2.39268 -0.1973552 -0.3986311 2.583863 -0.3443418 -0.8929439 2.381841 -0.2253533 -0.8306217 2.672655 -0.2628096 -0.939227 2.3501 -0.1560127 -0.8992524 2.731293
-0.3149042 0.7000507 2.25351 -0.3202289 0.5226664 2.267475 -0.3405982 0.3793122 2.150524 -0.2096549 0.4442841 2.447592 -0.3947988 0.2607947 1.961909 -0.09116554 0.3883854 2.668546 -0.3084212 0.1781184 1.779683 0.1736895 0.4091447 2.743134 -0.2285985 0.1662675 1.635092 0.2667884 0.4186546 2.745204 -0.2746014 0.1524519 2.301759 -0.2633704 0.07760414 2.310668 -0.290055 0.01938089 2.26284 -0.222754 0.0237939 2.364598 -0.3286264 -0.4911579 2.392286 -0.1951277 -0.390889 2.585523 -0.3444629 -0.892817 2.381895 -0.2233894 -0.8237422 2.670965 -0.2629465 -0.9391012 2.350114 -0.1569092 -0.8961848 2.728317
-0.3197943 0.6992595 2.250217 -0.320859 0.5226411 2.267255 -0.3409462 0.3795375 2.149844 -0.2114953 0.4462588 2.446964 -0.3926842 0.2604143 1.959057 -0.09303562 0.391798 2.661347 -0.3081738 0.1710248 1.779326 0.1707287 0.4125282 2.739158 -0.2252893 0.1728218 1.634992 0.2645586 0.4230989 2.740304 -0.2755037 0.1523693 2.301751 -0.264385 0.07764544 2.310768 -0.2909727 0.02085792 2.263824 -0.2250043 0.02385239 2.364173 -0.3297422 -0.491474 2.392378 -0.2069582 -0.418144 2.594377 -0.3444633 -0.8928087 2.381945 -0.2225205 -0.8325053 2.672792 -0.2628115 -0.9390744 2.350487 -0.1528345 -0.9014263 2.730675
-0.3230657 0.7040412 2.248758 -0.3219784 0.5231389 2.266339 -0.3423411 0.3815422 2.148711 -0.2116496 0.4462721 2.447335 -0.3918647 0.259578 1.957987 -0.1000035 0.395951 2.649682 -0.303178 0.1804276 1.775269 0.1631089 0.4230457 2.727707 -0.2288156 0.1765304 1.637097 0.2632285 0.4367859 2.734771 -0.2771394 0.1524773 2.301205 -0.2662024 0.07783166 2.31034 -0.2934311 0.02334152 2.264806 -0.2275491 0.02417892 2.362439 -0.3301684 -0.4911475 2.392723 -0.2058704 -0.4093908 2.591545 -0.3444568 -0.8922924 2.382258 -0.2247133 -0.832151 2.672635 -0.2628488 -0.9385963 2.350742 -0.1537933 -0.9012067 2.728835
-0.3248402 0.7052803 2.248183 -0.3224731 0.5229002 2.26535 -0.3446695 0.3838683 2.146542 -0.214287 0.4473641 2.442286 -0.3909122 0.2584687 1.95563 -0.1008278 0.397043 2.63921 -0.3001268 0.1859967 1.771045 0.1603894 0.4342985 2.719074 -0.2287861 0.1818242 1.635677 0.2664113 0.4464506 2.729486 -0.277028 0.1445085 2.302317 -0.265752 0.06716181 2.312611 -0.2942486 0.01398013 2.268304 -0.2260485 0.01984561 2.363708 -0.3341601 -0.4925256 2.393106 -0.2032876 -0.4006771 2.589936 -0.3444021 -0.8915309 2.382691 -0.2242277 -0.8322262 2.672382 -0.2628979 -0.9379045 2.35101 -0.1535815 -0.9013463 2.728847
-0.3262358 0.7062588 2.247571 -0.3231121 0.5225641 2.264615 -0.3462489 0.3854798 2.145019 -0.2158508 0.447623 2.440134 -0.3906767 0.2580827 1.954349 -0.09950274 0.3999025 2.641517 -0.2713545 0.197685 1.736119 0.162839 0.4392035 2.717296 -0.2300085 0.1895665 1.639081 0.2655587 0.4550909 2.721495 -0.2779467 0.1401156 2.302695 -0.2667004 0.062373 2.313245 -0.2961451 0.007720166 2.267641 -0.2258194 0.01470287 2.366449 -0.3367852 -0.4934366 2.392964 -0.2023598 -0.3966554 2.589573 -0.3442635 -0.890628 2.382546 -0.2238351 -0.8308653 2.67121 -0.262789 -0.9370481 2.350856 -0.1530062 -0.9008396 2.726378
-0.3252679 0.7040763 2.246826 -0.3238079 0.521856 2.263981 -0.3484569 0.3865436 2.14284 -0.2169473 0.4472995 2.438856 -0.3898203 0.2565881 1.951188 -0.09997037 0.4022295 2.639477 -0.2968698 0.1973772 1.762708 0.1622942 0.4414219 2.715529 -0.2285359 0.1947163 1.637723 0.2672353 0.4575031 2.721012 -0.2781449 0.1380804 2.302945 -0.266807 0.06046297 2.313588 -0.2969533 0.004822332 2.267121 -0.2248512 0.01274066 2.36811 -0.3388018 -0.4955744 2.393982 -0.2024803 -0.3965641 2.589552 -0.3442595 -0.8897199 2.38408 -0.2248506 -0.8305163 2.672042 -0.324484 -0.9668622 2.356943 -0.1535309 -0.9004103 2.726678
-0.325059 0.7030128 2.246059 -0.3241623 0.5214814 2.263688 -0.3491514 0.3869511 2.142282 -0.2169922 0.4472963 2.438928 -0.3893141 0.2559865 1.949677 -0.05865653 0.4138171 2.640905 -0.2930028 0.1947719 1.763721 0.1915342 0.4474109 2.723587 -0.2273452 0.1966621 1.637135 0.2665289 0.4592407 2.719101 -0.2781295 0.1368613 2.303288 -0.2667276 0.05927554 2.314008 -0.2970451 0.003027545 2.267161 -0.2241213 0.01112126 2.36947 -0.3392812 -0.4960276 2.39393 -0.202618 -0.3963152 2.589442 -0.3436993 -0.8863469 2.38476 -0.2247292 -0.8302407 2.672094 -0.2623175 -0.9327881 2.352864 -0.1548272 -0.8997499 2.729006
-0.3285216 0.7060598 2.24384 -0.3245146 0.5215197 2.263553 -0.34944 0.3869926 2.14231 -0.2172019 0.4476245 2.43917 -0.3880956 0.2542713 1.947288 -0.05867022 0.413778 2.640957 -0.2734006 0.1938828 1.744372 0.1911219 0.4478187 2.722665 -0.2271514 0.1967445 1.637594 0.2665709 0.4593559 2.716794 -0.2781389 0.1368235 2.30335 -0.2667179 0.0592596 2.314078 -0.2967945 0.002302301 2.266876 -0.22395 0.01076571 2.370518 -0.3386004 -0.4949521 2.393912 -0.202694 -0.3963129 2.589452 -0.3437808 -0.8855512 2.384917 -0.2233662 -0.8303472 2.671955 -0.2623973 -0.9319842 2.353013 -0.1543565 -0.8987677 2.731226
-0.3289045 0.7051268 2.243294 -0.3255647 0.5209945 2.263476 -0.3493994 0.3868583 2.14257 -0.2178273 0.4475361 2.439559 -0.3881559 0.2542389 1.947397 -0.05965035 0.4126675 2.64144 -0.2930231 0.1789767 1.766414 0.1871137 0.4456426 2.719643 -0.2269903 0.1964488 1.637884 0.2660419 0.4573848 2.713344 -0.280134 0.1380582 2.303211 -0.2692736 0.06140754 2.313811 -0.2982124 0.005721428 2.266278 -0.227929 0.01108277 2.370429 -0.339495 -0.4962645 2.394565 -0.2029371 -0.3963628 2.588885 -0.3438637 -0.8857148 2.384737 -0.223375 -0.8302819 2.671894 -0.2624156 -0.9321667 2.353025 -0.1528589 -0.9016426 2.72567
-0.3295924 0.7051135 2.242716 -0.3256598 0.5209826 2.263429 -0.3494037 0.3867643 2.142918 -0.2178747 0.4476595 2.439695 -0.3884828 0.2536818 1.94783 -0.108606 0.3931304 2.617878 -0.2925266 0.1802134 1.766521 0.1508132 0.4355958 2.700496 -0.2312703 0.1891105 1.651391 0.268666 0.453813 2.710095 -0.2845357 0.1594817 2.299346 -0.2751719 0.09261297 2.308171 -0.2986479 0.02173245 2.256176 -0.2331831 0.02336321 2.372057 -0.3407023 -0.4973026 2.39545 -0.2028259 -0.3962392 2.58867 -0.3438306 -0.8856983 2.384672 -0.2222624 -0.830268 2.671428 -0.2623954 -0.9321715 2.352959 -0.1516037 -0.9014305 2.725279
-0.3297912 0.7045569 2.242387 -0.3262931 0.5208523 2.26306 -0.3495644 0.3863747 2.142912 -0.2113696 0.4833752 2.508958 -0.3901367 0.253158 1.949771 -0.07902556 0.3979516 2.664351 -0.293492 0.1835261 1.767226 0.1903451 0.4388185 2.714918 -0.2315559 0.1878643 1.652333 0.2690151 0.4511932 2.707762 -0.2857309 0.168371 2.299759 -0.275759 0.1008166 2.309292 -0.2989419 0.0317181 2.257249 -0.2344057 0.03365577 2.373694 -0.3412994 -0.497952 2.39534 -0.202691 -0.3949701 2.587917 -0.3438387 -0.8860312 2.384555 -0.2204898 -0.8281705 2.674192 -0.2606194 -0.9320255 2.357055 -0.1510726 -0.9013714 2.726915
-0.3317472 0.7060507 2.243301 -0.3273365 0.5210266 2.262162 -0.3501635 0.3854413 2.143332 -0.2133105 0.4857665 2.507904 -0.3920078 0.2526879 1.951901 -0.0871684 0.3977422 2.657448 -0.2981824 0.1747667 1.771398 0.1817024 0.4354188 2.711952 -0.2325535 0.1866588 1.653219 0.2663518 0.4481834 2.705484 -0.2860126 0.1706841 2.299988 -0.2757958 0.1028299 2.309832 -0.2987735 0.03412195 2.258269 -0.2347408 0.03766302 2.374128 -0.3413954 -0.4982091 2.395855 -0.2028887 -0.3954701 2.587866 -0.344088 -0.8863139 2.384791 -0.2207173 -0.828662 2.674171 -0.2608299 -0.9322774 2.357357 -0.1510336 -0.9015579 2.726964
-0.3316694 0.7057894 2.242489 -0.3280898 0.5209272 2.261837 -0.3506185 0.3845461 2.143471 -0.2233324 0.4386815 2.43336 -0.3928048 0.2525182 1.952618 -0.06843919 0.4034005 2.637419 -0.3061944 0.1648848 1.773033 0.1878893 0.4344739 2.713471 -0.2329538 0.1856727 1.653109 0.2647356 0.4461195 2.703546 -0.2864295 0.1695645 2.29933 -0.276237 0.1006331 2.308831 -0.2989962 0.03305298 2.257091 -0.2356057 0.03629154 2.373013 -0.3420189 -0.4983121 2.395732 -0.2005945 -0.3795867 2.579931 -0.34411 -0.8864282 2.384796 -0.2204439 -0.8119844 2.668921 -0.2624904 -0.9328219 2.353443 -0.1569335 -0.8908952 2.720847
-0.3320716 0.7057475 2.241905 -0.3286023 0.5210625 2.26182 -0.3510021 0.3842547 2.143599 -0.2182051 0.4951017 2.509011 -0.3944955 0.2522637 1.953737 -0.00498496 0.428185 2.651139 -0.3034899 0.17588 1.770978 0.1881572 0.4331475 2.711622 -0.23455 0.1839287 1.654588 0.26228 0.4446403 2.697977 -0.2868067 0.1728794 2.299942 -0.2763746 0.1045962 2.309874 -0.2990414 0.03573064 2.258138 -0.2356688 0.04086851 2.37384 -0.3425253 -0.4985362 2.396297 -0.200996 -0.38258 2.582677 -0.344207 -0.8865592 2.38488 -0.2208598 -0.8155276 2.669586 -0.2606834 -0.9324223 2.358093 -0.156106 -0.8931328 2.721941
-0.3320686 0.7057514 2.241902 -0.329018 0.5207792 2.261732 -0.3516623 0.3837822 2.143293 -0.2192449 0.4943334 2.504072 -0.3949701 0.2519314 1.953804 -0.1029709 0.3945458 2.616692 -0.3024014 0.1783999 1.770631 0.159013 0.4303335 2.69497 -0.2342744 0.1855176 1.651426 0.2299329 0.4397444 2.683608 -0.2874857 0.1743148 2.300273 -0.2771375 0.1063939 2.310384 -0.2995153 0.03619524 2.258477 -0.2368757 0.04440718 2.374571 -0.3429461 -0.4986022 2.396486 -0.2031257 -0.3892451 2.585093 -0.3443215 -0.8878412 2.384514 -0.2215513 -0.8226385 2.670533 -0.2609079 -0.9337496 2.357463 -0.1542272 -0.8972945 2.723924
-0.3321197 0.705318 2.240739 -0.3293346 0.5208522 2.261778 -0.3526635 0.3838468 2.143029 -0.2192333 0.4929601 2.502664 -0.395218 0.2515443 1.953246 -0.1040588 0.3986687 2.619958 -0.3055513 0.1761726 1.769324 0.1594928 0.4325382 2.69439 -0.2337909 0.1884416 1.647925 0.2658022 0.4451185 2.695768 -0.2883815 0.1584328 2.303976 -0.2779548 0.0816552 2.315902 -0.305564 0.01908506 2.268001 -0.2356881 0.03508176 2.374047 -0.3428924 -0.4986273 2.396722 -0.2033589 -0.3911642 2.586519 -0.3444097 -0.8869007 2.384864 -0.2221266 -0.8248158 2.670899 -0.2611235 -0.933005 2.357754 -0.1543175 -0.8987703 2.724651
-0.3313804 0.7030247 2.239728 -0.3294971 0.5207116 2.261792 -0.3540374 0.3848728 2.142514 -0.2137128 0.488105 2.510856 -0.3955738 0.2506326 1.950953 -0.09747842 0.3945439 2.627773 -0.297908 0.193863 1.76424 0.1671727 0.4371108 2.694802 -0.2305885 0.1965468 1.640032 0.2646275 0.4500255 2.692836 -0.2863252 0.1573078 2.305763 -0.2752486 0.08148313 2.317918 -0.3045834 0.01806108 2.269284 -0.227332 0.0327017 2.379347 -0.3423649 -0.4985398 2.397959 -0.2056547 -0.393997 2.585404 -0.3447583 -0.88684 2.384999 -0.2273621 -0.8270299 2.671654 -0.3233661 -0.9632329 2.356982 -0.1589186 -0.897405 2.729269
-0.3316578 0.7041326 2.238478 -0.3294902 0.5206133 2.261812 -0.3559738 0.387064 2.141632 -0.2080691 0.4833241 2.515912 -0.39518 0.2496109 1.946322 -0.092067 0.3922747 2.634623 -0.2934281 0.2015244 1.759334 0.1752507 0.4473172 2.683133 -0.2278267 0.2097135 1.638937 0.2583364 0.4643032 2.674549 -0.2853423 0.1575266 2.30651 -0.2738661 0.08256292 2.318831 -0.3043743 0.01793661 2.269466 -0.2246695 0.03256747 2.381314 -0.3424584 -0.4985512 2.398114 -0.2057277 -0.3941465 2.585407 -0.3448227 -0.8865594 2.385025 -0.227835 -0.8270635 2.672027 -0.3220091 -0.9621425 2.355953 -0.1585264 -0.8978827 2.728042
-0.3309859 0.705228 2.237951 -0.3298848 0.5205693 2.261768 -0.3579768 0.3907649 2.141906 -0.2082523 0.4841538 2.515767 -0.3930654 0.2495846 1.939873 -0.09183773 0.3944563 2.634988 -0.2823103 0.2191607 1.75441 0.1683802 0.4543789 2.670647 -0.2085754 0.2407975 1.618303 0.2582379 0.4737886 2.660398 -0.2859705 0.1581041 2.306585 -0.2749419 0.08408529 2.318794 -0.3055992 0.01763765 2.267778 -0.2261987 0.03180629 2.383255 -0.3432994 -0.4984476 2.397302 -0.2057883 -0.3945545 2.585231 -0.3448839 -0.8864973 2.385372 -0.2272096 -0.8275004 2.671874 -0.322004 -0.961871 2.355812 -0.157851 -0.8984113 2.727711
-0.3301763 0.7049056 2.237306 -0.3302938 0.5210038 2.261939 -0.3713288 0.404759 2.135644 -0.2084236 0.4861076 2.515972 -0.3897381 0.2521669 1.932694 -0.08980331 0.3990866 2.635036 -0.2735071 0.229914 1.74961 0.1620775 0.4622891 2.655949 -0.1969549 0.2538631 1.612154 0.256845 0.4801077 2.640818 -0.2867734 0.1577607 2.306683 -0.2759403 0.0837604 2.318717 -0.3114824 0.01729871 2.272096 -0.227418 0.03361614 2.378053 -0.343931 -0.4978733 2.396558 -0.2057927 -0.3939654 2.584938 -0.3449073 -0.8864488 2.385434 -0.2260243 -0.8268028 2.672217 -0.3216863 -0.9617108 2.355856 -0.1587791 -0.8953809 2.733306
-0.3284185 0.706623 2.237382 -0.3305416 0.5213082 2.262323 -0.3766631 0.4121304 2.135241 -0.2083907 0.4872744 2.516471 -0.3891487 0.2526622 1.932377 -0.08743048 0.4017316 2.63448 -0.2507415 0.2664 1.740471 0.1636838 0.4793144 2.62951 -0.2027336 0.2697657 1.678634 0.2527534 0.5083265 2.600701 -0.2880521 0.1591553 2.306567 -0.2778241 0.08610538 2.318169 -0.3146381 0.01790792 2.27376 -0.2293881 0.04500681 2.370948 -0.3444992 -0.4974342 2.396122 -0.2065766 -0.3931332 2.582133 -0.344925 -0.8856643 2.385853 -0.2237572 -0.8254681 2.671805 -0.3215804 -0.9603187 2.354865 -0.1589417 -0.8946714 2.734786
-0.3291061 0.7087889 2.237394 -0.3310987 0.5229482 2.263263 -0.3797988 0.4189054 2.137124 -0.20852 0.4902319 2.517493 -0.3863424 0.2553048 1.931446 -0.08199736 0.4080566 2.632662 -0.2489059 0.2741732 1.753518 0.1677179 0.4908899 2.602081 -0.1455592 0.3386053 1.616394 0.2545981 0.5239102 2.570992 -0.2897111 0.1614132 2.306486 -0.2798356 0.08887591 2.317704 -0.317767 0.02007462 2.27537 -0.2306779 0.04940157 2.368191 -0.3443792 -0.4967402 2.396516 -0.2065947 -0.3931448 2.58211 -0.3450184 -0.8859115 2.386089 -0.2240891 -0.8253951 2.672053 -0.3215026 -0.9604663 2.354991 -0.1575045 -0.8965774 2.730844
-0.3283226 0.7117179 2.237301 -0.331311 0.5235624 2.26326 -0.381631 0.4226553 2.137852 -0.20852 0.491401 2.517376 -0.3843594 0.2603951 1.933139 -0.04594944 0.4372069 2.60688 -0.2412698 0.2906323 1.773427 0.1525036 0.4941723 2.580803 -0.1263836 0.3653529 1.630331 0.2328392 0.5302735 2.537815 -0.2902385 0.1652374 2.306205 -0.2803362 0.09390634 2.317248 -0.3184706 0.02205894 2.275433 -0.2297229 0.05437171 2.367996 -0.3446339 -0.4955585 2.395964 -0.2071711 -0.3930986 2.581661 -0.3449931 -0.8868407 2.384737 -0.2240174 -0.8252593 2.672034 -0.3212222 -0.9618466 2.354945 -0.1594996 -0.894889 2.734851
-0.3274161 0.7121401 2.23788 -0.3319675 0.5250167 2.264762 -0.3844201 0.4250163 2.137414 -0.2088452 0.4932894 2.518811 -0.3802245 0.2664834 1.93445 -0.0448997 0.4377252 2.605698 -0.232722 0.2982792 1.779531 0.1500657 0.5001502 2.562604 -0.1081419 0.3959663 1.667024 0.2281895 0.5379559 2.51708 -0.2915594 0.1698104 2.306901 -0.2817529 0.09928763 2.317634 -0.3201072 0.02372801 2.274429 -0.2294413 0.05821656 2.370399 -0.3445202 -0.4952474 2.396291 -0.2072485 -0.3924704 2.581357 -0.3449614 -0.8866261 2.385105 -0.222804 -0.8247318 2.671539 -0.2640349 -0.9333549 2.352476 -0.1607773 -0.8931974 2.738038
-0.3221096 0.7155164 2.239201 -0.3321863 0.5268955 2.266185 -0.3890172 0.434285 2.143903 -0.2087729 0.4955753 2.520195 -0.3805866 0.2777907 1.944759 -0.04122411 0.4376895 2.60045 -0.2266977 0.3088163 1.796634 0.1820022 0.5385331 2.483593 -0.08748031 0.4283185 1.716181 0.2631941 0.5799412 2.445009 -0.2912694 0.1753483 2.307982 -0.2812484 0.1056215 2.31854 -0.3207255 0.02643544 2.272226 -0.2263492 0.06269258 2.376385 -0.3446002 -0.4950407 2.396543 -0.2064565 -0.3899508 2.58266 -0.3451219 -0.8870255 2.385203 -0.2228164 -0.8224103 2.671996 -0.2647295 -0.933839 2.351397 -0.1568549 -0.8962603 2.728141
-0.3195638 0.7131426 2.241292 -0.3326719 0.5270423 2.267367 -0.3915934 0.4321132 2.136585 -0.2090672 0.4958339 2.521203 -0.3408128 0.2947346 1.924664 -0.01949839 0.4542209 2.596828 -0.1547749 0.407339 1.804719 0.1737069 0.5389385 2.470652 -0.06223513 0.463437 1.751701 0.2559448 0.5844802 2.416356 -0.2913004 0.1752397 2.308167 -0.2812375 0.1054566 2.318678 -0.321142 0.02623665 2.271857 -0.2253499 0.06123372 2.377652 -0.3447886 -0.4941871 2.395607 -0.2063284 -0.3892149 2.582452 -0.3451035 -0.8866471 2.385523 -0.2225379 -0.8218741 2.671063 -0.2645642 -0.933392 2.351973 -0.1569932 -0.8961215 2.727172
-0.3166247 0.7136574 2.24244 -0.3331324 0.5303385 2.269589 -0.3908684 0.4355933 2.138272 -0.209297 0.4994262 2.523383 -0.3425729 0.2955844 1.930691 -0.01910111 0.4541546 2.591295 -0.1135526 0.4233766 1.819591 0.1640062 0.5494181 2.422393 -0.03681881 0.4958987 1.78758 0.2178084 0.5792954 2.371948 -0.2915801 0.1759671 2.308203 -0.2814555 0.1058777 2.318559 -0.3215021 0.02770348 2.271002 -0.2256468 0.06111857 2.377525 -0.3450013 -0.494246 2.395558 -0.2063522 -0.3891923 2.582431 -0.3451186 -0.8867095 2.385637 -0.2225527 -0.8218551 2.671034 -0.2644675 -0.9333892 2.352264 -0.1569872 -0.8960899 2.727135
-0.3146031 0.711091 2.24383 -0.3337222 0.5314172 2.273891 -0.3915002 0.4386674 2.137403 -0.2096991 0.5006155 2.527528 -0.3423667 0.2998508 1.942123 -0.02241597 0.4532022 2.575102 -0.1117783 0.4288092 1.836394 0.1546579 0.5465874 2.405352 -0.02144079 0.5087915 1.81918 0.2098258 0.5778281 2.350642 -0.2914135 0.1907754 2.309815 -0.2809081 0.1253884 2.318804 -0.3162208 0.03239915 2.256087 -0.2258265 0.06687367 2.390522 -0.3446587 -0.4941664 2.396474 -0.2066331 -0.3895262 2.582494 -0.3451076 -0.8866919 2.385633 -0.2215143 -0.8219985 2.671991 -0.2642083 -0.9331607 2.352568 -0.1590037 -0.8941472 2.733991
-0.3143621 0.7125714 2.244867 -0.3353783 0.533259 2.276477 -0.396807 0.4356712 2.138627 -0.2112301 0.5025273 2.530054 -0.3400588 0.3034292 1.950664 -0.01447093 0.4567223 2.549493 -0.1016998 0.4381585 1.879326 0.1457458 0.5374039 2.366195 -0.001406333 0.5194624 1.863993 0.2009823 0.5681939 2.298057 -0.2912332 0.1906983 2.31032 -0.2804565 0.1247092 2.319431 -0.3161567 0.03183872 2.257053 -0.2245837 0.06698616 2.390908 -0.344954 -0.4942635 2.396676 -0.2056255 -0.3869604 2.582538 -0.3452826 -0.8863322 2.385881 -0.2184783 -0.8195868 2.671705 -0.2646453 -0.9327766 2.352149 -0.154244 -0.896041 2.726346
-0.3103188 0.7058017 2.247373 -0.3357087 0.5327094 2.278739 -0.4115184 0.4089868 2.156781 -0.2114928 0.5020407 2.532263 -0.3380331 0.3057454 1.95915 -0.01420814 0.4564349 2.548178 -0.09535187 0.4354636 1.894739 0.1287502 0.5200455 2.348024 -0.002195699 0.5044731 1.89127 0.194942 0.5570138 2.272346 -0.2914213 0.1834064 2.312162 -0.2806696 0.1126546 2.321089 -0.3217019 0.02518727 2.264623 -0.2212077 0.0596398 2.386018 -0.3452267 -0.4942706 2.396979 -0.2074762 -0.3906834 2.582834 -0.3453511 -0.8855643 2.3859 -0.2222169 -0.8231619 2.672331 -0.2668642 -0.9324965 2.348026 -0.1558154 -0.8966182 2.728474
-0.3068964 0.7146565 2.249497 -0.3360132 0.534468 2.2796 -0.4082022 0.4182262 2.154263 -0.2117559 0.5038604 2.533129 -0.3353216 0.3059758 1.965737 -0.01414338 0.4503361 2.536306 -0.08661662 0.4295489 1.917732 0.1180158 0.5065923 2.332153 0.001128511 0.4927141 1.91504 0.170957 0.5227052 2.249399 -0.291316 0.1831115 2.312395 -0.2804673 0.1121465 2.321368 -0.3214107 0.02501549 2.26455 -0.2209488 0.0571568 2.387579 -0.3452324 -0.4942611 2.397026 -0.2077026 -0.3914401 2.58279 -0.3456354 -0.8856549 2.386423 -0.2223951 -0.8239074 2.672338 -0.3267356 -0.9624468 2.35771 -0.1557512 -0.8971043 2.728533
-0.3065333 0.711098 2.252207 -0.3363793 0.5341839 2.280775 -0.4080049 0.413851 2.157008 -0.2120882 0.5036007 2.534283 -0.3329074 0.3054572 1.971288 -0.01375389 0.4472922 2.524667 -0.07798302 0.4202752 1.945608 0.1067709 0.4821466 2.288372 0.009848649 0.4719631 1.947936 0.1659933 0.5018013 2.225728 -0.2913975 0.1786495 2.313593 -0.2804313 0.1066825 2.322399 -0.3212658 0.02157794 2.26445 -0.2208012 0.0467489 2.389959 -0.3453426 -0.4944484 2.396885 -0.2077958 -0.391992 2.583246 -0.3457411 -0.8856498 2.386448 -0.2286006 -0.8243455 2.672285 -0.3264955 -0.961734 2.356126 -0.1621616 -0.8935778 2.733521
-0.3048931 0.7111368 2.254696 -0.3365091 0.5341772 2.281071 -0.4073316 0.4151554 2.15554 -0.2125526 0.513393 2.489281 -0.3300918 0.3021001 1.974141 -0.02463719 0.4319406 2.50665 -0.07089061 0.4076022 1.962568 0.09651004 0.4696707 2.277609 -0.01232787 0.4495788 1.970041 0.152317 0.4822955 2.207808 -0.2912706 0.1789509 2.313602 -0.2802554 0.1073395 2.322184 -0.3191253 0.02125482 2.25921 -0.2206891 0.04552861 2.392653 -0.3451753 -0.4944734 2.397264 -0.2078397 -0.3919752 2.582798 -0.3456199 -0.8854223 2.386462 -0.2267044 -0.8249696 2.669751 -0.3261697 -0.9613593 2.355903 -0.1597472 -0.8956626 2.728711
-0.3028286 0.7120268 2.25554 -0.3363861 0.534502 2.281949 -0.4068057 0.4137137 2.155862 -0.209961 0.5122581 2.490458 -0.3282402 0.2998056 1.975761 -0.0247958 0.4276136 2.500656 -0.06399949 0.3776175 1.970498 0.09590811 0.4112287 2.269276 -0.006779127 0.4219504 1.96769 0.1092031 0.4286121 2.19642 -0.2911086 0.1790355 2.313667 -0.2800686 0.1074701 2.322182 -0.3186818 0.02056293 2.25802 -0.219702 0.04394074 2.394353 -0.3439653 -0.4905802 2.395386 -0.2081562 -0.3927079 2.582227 -0.3455896 -0.8854609 2.386419 -0.2267378 -0.8255198 2.669925 -0.3255001 -0.9612093 2.355805 -0.1571686 -0.8975528 2.72404
-0.2968456 0.7151255 2.256418 -0.3358755 0.5346669 2.282276 -0.4045907 0.4132428 2.15742 -0.1981494 0.5055863 2.492988 -0.3272202 0.2977592 1.97789 -0.01487882 0.4132346 2.492511 -0.06924626 0.3672323 1.97278 0.1004855 0.4052948 2.267172 0.02095359 0.3972189 1.996657 0.1036803 0.4177889 2.188799 -0.2875987 0.1857642 2.314831 -0.2755922 0.1172387 2.323522 -0.3152795 0.02437646 2.25706 -0.2146689 0.0474051 2.399073 -0.3438483 -0.4909461 2.396582 -0.2079928 -0.3922822 2.581871 -0.3455318 -0.8854042 2.386326 -0.2261095 -0.8249528 2.670181 -0.3244078 -0.9612049 2.356548 -0.1602008 -0.8933057 2.732958
-0.2937672 0.7161078 2.258394 -0.3356527 0.5347065 2.282141 -0.4019712 0.4127319 2.157988 -0.1913353 0.5005622 2.494233 -0.3264519 0.2956587 1.978742 -0.01181129 0.4033275 2.501088 -0.08324671 0.3425258 1.977493 0.1004545 0.3971726 2.277076 -0.01685381 0.3578116 2.002107 0.1236995 0.3900157 2.145388 -0.2842249 0.2065802 2.31647 -0.2717901 0.1453387 2.326024 -0.309329 0.03763396 2.25486 -0.2091813 0.06552493 2.410887 -0.3443805 -0.4915714 2.396315 -0.2085963 -0.3961613 2.583436 -0.3455553 -0.8853397 2.385892 -0.2262696 -0.8289191 2.671489 -0.3244856 -0.9613387 2.356586 -0.1576081 -0.8981454 2.730229
-0.2902527 0.7093825 2.261234 -0.3354257 0.5344535 2.282029 -0.4013771 0.4112511 2.158086 -0.1874044 0.4969811 2.493851 -0.3254697 0.2948223 1.978541 -0.006646171 0.4025167 2.501977 -0.08019629 0.3402562 1.9796 0.09943289 0.3997946 2.276886 0.008474104 0.3606285 2.01604 0.1408052 0.3832059 2.136768 -0.2838953 0.2077174 2.316455 -0.27161 0.1459249 2.325967 -0.3088454 0.03904476 2.254626 -0.2081406 0.06702151 2.411188 -0.3445164 -0.4916708 2.396166 -0.2085871 -0.3961759 2.583385 -0.3453247 -0.884358 2.385608 -0.2271549 -0.8288631 2.671566 -0.2704188 -0.9316638 2.341464 -0.1566541 -0.8990892 2.726838
-0.2883405 0.7108718 2.261514 -0.3341894 0.5349161 2.281085 -0.3994577 0.410267 2.159239 -0.1859098 0.4957374 2.493307 -0.3246483 0.2944359 1.978705 -0.005112901 0.4016451 2.502234 -0.07857797 0.3390474 1.979785 0.09941754 0.399775 2.276836 0.01046954 0.3607824 2.014477 0.08896965 0.3764763 2.195042 -0.2829601 0.2104518 2.316347 -0.2709759 0.1479248 2.325961 -0.3075278 0.04089359 2.253563 -0.2071965 0.06870546 2.413227 -0.3449478 -0.4923699 2.39622 -0.2086473 -0.3954698 2.582047 -0.3453215 -0.884417 2.385574 -0.2264179 -0.8279139 2.671269 -0.2704831 -0.9317611 2.341357 -0.1575734 -0.8987742 2.727806
-0.2860329 0.7119787 2.262507 -0.3327223 0.5349211 2.280887 -0.3996389 0.4098213 2.159567 -0.1858256 0.4958433 2.4933 -0.3231636 0.2952236 1.97893 -0.01227121 0.399611 2.525287 -0.07911977 0.3394417 1.978263 0.09579933 0.3969223 2.299315 0.009809949 0.3669658 2.008912 0.08552742 0.3739152 2.219385 -0.2825282 0.211329 2.316458 -0.2707428 0.1485312 2.326041 -0.3072438 0.04188273 2.253647 -0.2069298 0.06917617 2.413461 -0.3445948 -0.4930904 2.397335 -0.2085506 -0.3954874 2.581363 -0.3453224 -0.8844184 2.385572 -0.2258961 -0.8278745 2.670866 -0.270538 -0.9318073 2.341311 -0.1568092 -0.899722 2.72584
-0.2845373 0.7122916 2.26368 -0.3317367 0.5352443 2.280882 -0.4000059 0.409297 2.160149 -0.1884624 0.4988582 2.492925 -0.3213476 0.2981569 1.978088 -0.01331776 0.4019803 2.518764 -0.07198596 0.3494009 1.972667 0.09661734 0.4086812 2.248076 0.01645966 0.3827636 1.998549 0.09132501 0.386238 2.156699 -0.282138 0.2141338 2.316574 -0.2705883 0.1513919 2.326098 -0.3067106 0.04410035 2.253211 -0.207132 0.0724015 2.414333 -0.3444282 -0.4932624 2.39794 -0.2083076 -0.3953134 2.581302 -0.3453247 -0.8845078 2.385496 -0.2209815 -0.8278038 2.671027 -0.2704079 -0.93189 2.341452 -0.1579911 -0.8948972 2.738018
-0.2839054 0.7124117 2.264192 -0.3299311 0.5361701 2.281278 -0.400599 0.4121777 2.161229 -0.197551 0.506954 2.493627 -0.321174 0.3028832 1.978254 -0.01902613 0.4117004 2.510173 -0.06633566 0.368211 1.963099 0.09594025 0.4290886 2.242199 0.02026268 0.4057433 1.989514 0.09303816 0.4074323 2.146124 -0.2837815 0.2540265 2.317513 -0.2743976 0.2027524 2.326715 -0.3013818 0.06137931 2.236181 -0.2131819 0.08980285 2.439617 -0.3444559 -0.4933707 2.398025 -0.2081399 -0.3951858 2.581322 -0.345344 -0.8845777 2.385601 -0.2211654 -0.82766 2.671071 -0.2696282 -0.93183 2.342801 -0.1586206 -0.8946024 2.738629
-0.2850349 0.7137288 2.266015 -0.3269849 0.5372064 2.281406 -0.4001607 0.4137408 2.161726 -0.1984681 0.5087091 2.493563 -0.319714 0.3079669 1.976868 -0.01776008 0.4168593 2.508352 -0.0635123 0.3891911 1.951847 0.1189728 0.4776867 2.352139 0.01887608 0.4402971 1.966202 0.1645505 0.4979626 2.304543 -0.2835752 0.1823724 2.311689 -0.2748504 0.1109382 2.319805 -0.3142343 0.03047356 2.250562 -0.2174788 0.04018428 2.395545 -0.341074 -0.485802 2.392861 -0.2080639 -0.3953669 2.580924 -0.345321 -0.8846142 2.385563 -0.2222604 -0.8276707 2.671173 -0.3262759 -0.9617854 2.357983 -0.1593162 -0.89452 2.738452
-0.285016 0.7136207 2.266008 -0.3242659 0.5383283 2.281873 -0.4009912 0.4145084 2.160338 -0.1987109 0.5102062 2.493785 -0.314851 0.3140562 1.972784 -0.01684758 0.4211814 2.509676 -0.0593572 0.4260855 1.937305 0.1190873 0.5028155 2.309225 0.01825725 0.4605838 1.956218 0.1799135 0.5361744 2.223693 -0.2831378 0.182088 2.311825 -0.2742995 0.1105005 2.319959 -0.3144415 0.02751205 2.253922 -0.2157579 0.04149805 2.393957 -0.3422132 -0.4877974 2.392614 -0.2100293 -0.399739 2.580447 -0.3457193 -0.8860869 2.385745 -0.2226231 -0.8316485 2.672332 -0.323909 -0.9622678 2.357469 -0.1520337 -0.9025846 2.726577
-0.2866837 0.7169911 2.267415 -0.321586 0.5406797 2.282411 -0.4019304 0.4100734 2.161399 -0.1986078 0.5132763 2.494185 -0.3133826 0.322835 1.969722 -0.01114705 0.4371308 2.510777 -0.06072146 0.4397133 1.927742 0.1391253 0.5336997 2.310435 0.01777657 0.5079062 1.934525 0.1909326 0.5715787 2.247168 -0.2815213 0.1844141 2.311984 -0.2724257 0.1131695 2.320052 -0.3141679 0.0274541 2.253754 -0.2124531 0.04414816 2.395065 -0.341913 -0.4885646 2.39371 -0.209801 -0.3997276 2.580527 -0.3456738 -0.88684 2.385762 -0.2226702 -0.8316392 2.672378 -0.3219554 -0.9623995 2.357355 -0.1517465 -0.9021727 2.726711
-0.2932614 0.7168608 2.266143 -0.3196116 0.5422637 2.282816 -0.4049298 0.4032674 2.159623 -0.1982574 0.5152715 2.494495 -0.3097722 0.3283161 1.965609 0.01661734 0.4700128 2.50191 -0.06896548 0.4621361 1.903015 0.1559294 0.5676289 2.327211 -0.002091423 0.5332583 1.9117 0.2095947 0.6226437 2.26747 -0.2798762 0.1879824 2.312075 -0.2705962 0.1174416 2.320044 -0.3138015 0.02801644 2.253517 -0.2100325 0.04629634 2.395644 -0.3404335 -0.4844085 2.392176 -0.2044134 -0.3917758 2.581455 -0.3456675 -0.8867899 2.385853 -0.2222693 -0.8242946 2.670405 -0.3217354 -0.9619145 2.356488 -0.1544319 -0.898056 2.724393
-0.2950647 0.7201351 2.267412 -0.3140417 0.5483039 2.28165 -0.4062404 0.4003244 2.157966 -0.1950333 0.5219758 2.493321 -0.3083915 0.3290232 1.963909 0.01693977 0.4700988 2.504434 -0.0842694 0.4886952 1.899622 0.1650822 0.5883471 2.360902 0.02239684 0.5935903 1.874086 0.2110782 0.6483208 2.30622 -0.2749499 0.2040704 2.311769 -0.2656694 0.1362229 2.31999 -0.3117146 0.03043739 2.250637 -0.2035384 0.05925024 2.402995 -0.3394033 -0.4812421 2.390922 -0.2000056 -0.3831882 2.58139 -0.3460339 -0.8891034 2.38568 -0.2219783 -0.8161086 2.668104 -0.3205934 -0.9634633 2.355645 -0.1571056 -0.8929285 2.721466
-0.2946021 0.7241551 2.265898 -0.310087 0.5520277 2.280309 -0.4048956 0.4092344 2.149304 -0.1921855 0.5261543 2.491974 -0.3060991 0.3279192 1.96044 0.0199446 0.4744077 2.512745 -0.09061961 0.4881222 1.868174 0.1707559 0.5980195 2.385486 0.01078461 0.5952117 1.857796 0.2239 0.6702402 2.33299 -0.2741283 0.2113865 2.310411 -0.2654531 0.1440181 2.318611 -0.3096717 0.03388565 2.245317 -0.2042684 0.06357799 2.405022 -0.3374982 -0.4777589 2.389731 -0.2000816 -0.3852262 2.581732 -0.3457053 -0.8896893 2.384898 -0.2217892 -0.8180431 2.668896 -0.320462 -0.9643351 2.355411 -0.1567508 -0.8943849 2.72274
-0.298821 0.7297238 2.267013 -0.3077664 0.5560834 2.277962 -0.4107632 0.3985389 2.159751 -0.1904398 0.5307543 2.489518 -0.3094976 0.3341334 1.964935 0.02424405 0.479754 2.518347 -0.09578969 0.4879605 1.856756 0.1796287 0.6096405 2.414442 -0.006837483 0.5951838 1.832049 0.2479211 0.6916849 2.373335 -0.2740644 0.2126198 2.310033 -0.2655621 0.1447605 2.318386 -0.310095 0.03347513 2.244824 -0.2038456 0.06596965 2.405359 -0.3373559 -0.4775048 2.389724 -0.1996817 -0.3857676 2.582134 -0.3454796 -0.8898 2.384454 -0.2226487 -0.8185687 2.669114 -0.3204815 -0.9647213 2.355461 -0.1569448 -0.8946176 2.722563
-0.2996792 0.7306494 2.266959 -0.3075227 0.5566944 2.277008 -0.3961182 0.4456859 2.1134 -0.1903981 0.5315154 2.488518 -0.3008877 0.3222059 1.951156 0.0256219 0.4814081 2.536508 -0.09784319 0.4838428 1.83305 0.1876742 0.6116492 2.445921 -0.01505267 0.5924285 1.802777 0.2546686 0.6855577 2.401655 -0.2748362 0.2105712 2.308401 -0.2666858 0.1412536 2.316533 -0.3113645 0.03744887 2.246401 -0.2072983 0.06448516 2.395185 -0.336541 -0.476827 2.389022 -0.2002825 -0.3920745 2.583532 -0.3454812 -0.8897915 2.384469 -0.2231824 -0.8248347 2.670686 -0.3199445 -0.9643344 2.354974 -0.1539497 -0.8994483 2.721645
-0.3021285 0.7310629 2.267789 -0.3073885 0.5567809 2.277031 -0.4042293 0.3907167 2.151706 -0.1903363 0.5316238 2.488539 -0.307276 0.3306132 1.952814 0.02372765 0.4783929 2.559717 -0.1016993 0.4754967 1.816677 0.1951076 0.6054947 2.47201 -0.02010828 0.5704892 1.772754 0.2672246 0.6688907 2.452346 -0.2745589 0.2094227 2.308301 -0.2664196 0.1395629 2.316291 -0.3114636 0.03735477 2.246561 -0.2063633 0.0636144 2.394521 -0.3365301 -0.4768828 2.388748 -0.1965496 -0.3866859 2.583475 -0.3454885 -0.8896815 2.384476 -0.2236789 -0.819488 2.669535 -0.3205934 -0.9642922 2.354606 -0.1561004 -0.8960044 2.71989
-0.3032407 0.7301863 2.266384 -0.3068535 0.5563849 2.27745 -0.3910414 0.4225082 2.139433 -0.1899977 0.5313548 2.488894 -0.3148777 0.3185907 1.951271 0.00625493 0.4650459 2.573726 -0.1088089 0.4481952 1.799826 0.1983457 0.5799963 2.50996 -0.01947835 0.5411894 1.74634 0.2697651 0.6401858 2.480241 -0.2741047 0.2090438 2.30821 -0.265895 0.1392458 2.316231 -0.3094315 0.03669676 2.245645 -0.2061405 0.06386524 2.394904 -0.3363363 -0.4792041 2.389077 -0.1970474 -0.3890287 2.58326 -0.3456799 -0.8907102 2.384051 -0.2246566 -0.8215784 2.670175 -0.3199697 -0.9653979 2.355078 -0.1558203 -0.8971151 2.720304
-0.3015998 0.7288234 2.269781 -0.3066416 0.5545557 2.279102 -0.3739884 0.433011 2.144605 -0.1899791 0.5296872 2.49051 -0.3190086 0.3107001 1.948464 -0.02438709 0.4404478 2.586712 -0.1071841 0.4083267 1.780409 0.2054589 0.5578415 2.52631 -0.01628754 0.4880657 1.725195 0.2840771 0.5989 2.512739 -0.2741679 0.1924987 2.307487 -0.2659458 0.1181796 2.314562 -0.3085161 0.03621204 2.247282 -0.2110714 0.05156873 2.385314 -0.33672 -0.482439 2.388811 -0.1980113 -0.3915014 2.584238 -0.3455725 -0.890416 2.383675 -0.2284902 -0.8242524 2.669642 -0.2671808 -0.9377475 2.346098 -0.1657649 -0.8908203 2.737402
-0.2904932 0.7235 2.271398 -0.3059819 0.550423 2.282709 -0.365877 0.4360307 2.145977 -0.1895494 0.5257197 2.494101 -0.3507454 0.2931036 1.969878 -0.02572856 0.4356197 2.592554 -0.13347 0.3559653 1.79168 0.1741189 0.4889102 2.577296 -0.0106292 0.4355107 1.712857 0.2588344 0.5339878 2.557344 -0.2717686 0.1818262 2.308575 -0.2631464 0.1074417 2.31529 -0.3044946 0.03270286 2.250343 -0.2105713 0.04422171 2.383219 -0.3388277 -0.486651 2.38772 -0.1978906 -0.3926615 2.58525 -0.3453788 -0.8911223 2.383194 -0.2291128 -0.8255665 2.669852 -0.2660923 -0.9381683 2.347168 -0.1632444 -0.8931175 2.733535
-0.2880142 0.7215039 2.271908 -0.3060248 0.5487195 2.283384 -0.3571382 0.4316318 2.148002 -0.189676 0.5240606 2.494794 -0.3400794 0.282533 1.951755 -0.01356242 0.4176863 2.622144 -0.1169488 0.331076 1.776568 0.1870323 0.4660304 2.594338 -0.011066 0.3802548 1.711787 0.2752402 0.5001947 2.568668 -0.2708762 0.1803718 2.309324 -0.262005 0.1061801 2.316248 -0.2995629 0.03115622 2.252574 -0.2103123 0.04192405 2.384765 -0.3353615 -0.4828091 2.38666 -0.1974079 -0.3917856 2.585298 -0.3448632 -0.8896657 2.383247 -0.2288868 -0.8247124 2.669746 -0.2648349 -0.9365235 2.348643 -0.1605676 -0.8958242 2.726605
-0.2865103 0.7202318 2.272249 -0.3060326 0.546719 2.283447 -0.347903 0.423497 2.149509 -0.1944654 0.482224 2.500928 -0.3447078 0.2766445 1.952299 -0.0008071274 0.4056593 2.632316 -0.1184283 0.2818116 1.77431 0.1980019 0.4566368 2.59323 -0.001145234 0.3233001 1.714302 0.2936344 0.4713628 2.577597 -0.2554183 0.1747462 2.315547 -0.2399597 0.1001629 2.325543 -0.2601933 0.02641726 2.267382 -0.1919987 0.0393364 2.394573 -0.3344934 -0.4824626 2.386551 -0.1969219 -0.3911574 2.585513 -0.3448688 -0.8904206 2.383103 -0.2288111 -0.8241233 2.669695 -0.2629853 -0.9363714 2.351778 -0.162113 -0.8934252 2.730572
-0.2844151 0.7210071 2.272137 -0.3059229 0.5465219 2.283316 -0.3438634 0.4185351 2.151001 -0.1945287 0.4818602 2.500979 -0.3454365 0.2694479 1.952026 0.01217158 0.3876645 2.63807 -0.1495586 0.2460226 1.799927 0.2137985 0.4171227 2.589132 0.003000747 0.2905167 1.721031 0.3075732 0.4428902 2.576918 -0.2511254 0.172848 2.316912 -0.2361419 0.09828945 2.326874 -0.2589063 0.02635733 2.268876 -0.1888695 0.03917585 2.394591 -0.3333208 -0.4863698 2.389632 -0.195194 -0.3901622 2.586764 -0.345105 -0.8913758 2.38244 -0.2278507 -0.8234342 2.669515 -0.262952 -0.9371961 2.351634 -0.1610598 -0.8941101 2.728687
-0.2812769 0.7193461 2.273252 -0.305461 0.5451439 2.283094 -0.3390447 0.4108925 2.150177 -0.1948853 0.4811978 2.500246 -0.3440679 0.2634832 1.951978 0.007406056 0.381783 2.639745 -0.1137368 0.2487318 1.801934 0.260484 0.40147 2.581437 0.009140975 0.2515906 1.732989 0.3301681 0.42122 2.58301 -0.2495991 0.17466 2.317695 -0.2346603 0.1013122 2.327855 -0.2581035 0.02712789 2.268388 -0.1871731 0.04187886 2.39851 -0.3331656 -0.4862701 2.389599 -0.211665 -0.4428067 2.606278 -0.3450855 -0.8917454 2.382283 -0.2303343 -0.8285366 2.671945 -0.2625554 -0.9374457 2.352317 -0.1605645 -0.8968452 2.730456
-0.2755782 0.7176131 2.273892 -0.3041832 0.543641 2.282977 -0.3350326 0.4060215 2.151027 -0.1954999 0.4788828 2.496664 -0.3423263 0.259747 1.952936 0.003682375 0.3796623 2.64 -0.1017111 0.2244998 1.801042 0.2614666 0.3996599 2.580364 0.01445998 0.2423423 1.741428 0.3329869 0.4111583 2.579345 -0.2486376 0.1755805 2.318362 -0.2340012 0.1026651 2.328587 -0.2572837 0.02720581 2.267551 -0.1867914 0.04180449 2.402845 -0.3327565 -0.4859706 2.389254 -0.2118634 -0.4426855 2.604245 -0.345071 -0.8921348 2.38235 -0.2297217 -0.8292848 2.672276 -0.2623409 -0.9377944 2.352877 -0.1585981 -0.8984984 2.728029
-0.2705918 0.7184095 2.270086 -0.3040392 0.5435591 2.28305 -0.3344901 0.4058979 2.151749 -0.1824612 0.4765738 2.524833 -0.3407052 0.2581725 1.955608 0.02196279 0.3710694 2.657831 -0.1001425 0.2238081 1.803399 0.212478 0.3902692 2.566186 0.02040792 0.2356852 1.752683 0.3093874 0.404235 2.570729 -0.2480562 0.1778513 2.319362 -0.2337367 0.1056899 2.329695 -0.2573643 0.02787095 2.267332 -0.1860416 0.04204387 2.404979 -0.3322623 -0.4870176 2.390154 -0.2111276 -0.4431652 2.605212 -0.3452173 -0.8935096 2.38151 -0.2285369 -0.8282856 2.673134 -0.2625184 -0.9391761 2.351961 -0.1570643 -0.8991542 2.726301
-0.2692762 0.7191075 2.269361 -0.3036234 0.5431646 2.282936 -0.3344327 0.406071 2.15217 -0.190973 0.4713548 2.5035 -0.3395223 0.2583908 1.957207 0.01041351 0.3754665 2.646152 -0.09652011 0.2262547 1.808764 0.2061245 0.3930128 2.56813 0.02375417 0.2360454 1.761292 0.326089 0.4080503 2.563528 -0.2475396 0.1788528 2.319564 -0.2333774 0.1070108 2.32989 -0.2567515 0.02880996 2.266521 -0.185921 0.04215149 2.405933 -0.332223 -0.4868521 2.390136 -0.2055564 -0.4197673 2.598218 -0.3451424 -0.8935831 2.381513 -0.2285545 -0.8279866 2.673354 -0.2624545 -0.939252 2.351937 -0.1564155 -0.8996115 2.724572
-0.2687776 0.7195411 2.269166 -0.3031199 0.5426782 2.282836 -0.3345742 0.4070119 2.152658 -0.1906805 0.471746 2.504118 -0.3384638 0.25926 1.959819 0.01279692 0.3780612 2.645498 -0.08980002 0.2447788 1.818841 0.209209 0.4087038 2.561033 0.03546062 0.2566478 1.776264 0.3175184 0.42823 2.546901 -0.247163 0.1815119 2.319341 -0.2333472 0.1108406 2.329458 -0.2570317 0.03024281 2.26413 -0.1854855 0.04401229 2.407367 -0.3319824 -0.4863984 2.390203 -0.2043429 -0.415185 2.597882 -0.3447372 -0.8926964 2.381158 -0.2283811 -0.8279296 2.673148 -0.2620737 -0.9383674 2.351515 -0.1655953 -0.8931865 2.742119
-0.267149 0.7181876 2.266797 -0.3030087 0.5421571 2.282988 -0.3360575 0.4119365 2.153898 -0.1910058 0.4725276 2.504506 -0.3378986 0.2662627 1.965606 0.01819444 0.3901393 2.644771 -0.08801019 0.2658082 1.826209 0.2213135 0.4497575 2.542981 0.04452166 0.2881795 1.784511 0.3171992 0.4541921 2.544542 -0.2470571 0.1814737 2.319353 -0.2332675 0.1107822 2.329436 -0.2569814 0.02957296 2.263633 -0.1851995 0.04428326 2.407459 -0.3319089 -0.4867597 2.39049 -0.1963153 -0.3923373 2.591874 -0.3444207 -0.8916082 2.382135 -0.2286825 -0.8261347 2.672616 -0.2618411 -0.9372996 2.352291 -0.1616974 -0.8962119 2.73228
-0.265713 0.7157037 2.263159 -0.3038332 0.5405184 2.280788 -0.3409662 0.4197559 2.15776 -0.1896334 0.479255 2.513168 -0.3336624 0.2767895 1.965474 -0.003630335 0.4085861 2.625656 -0.08455664 0.2981549 1.826339 0.1856669 0.469578 2.555396 0.06434812 0.3463508 1.792821 0.2751774 0.5004098 2.530004 -0.257041 0.1719493 2.313176 -0.2473059 0.09741045 2.321659 -0.2779622 0.02287588 2.257252 -0.1998089 0.02866396 2.395187 -0.3321626 -0.4871118 2.390981 -0.1980824 -0.3951074 2.592704 -0.3441647 -0.8907791 2.38228 -0.2284456 -0.8289164 2.673486 -0.2620293 -0.9368848 2.351852 -0.1594283 -0.8985965 2.731269
-0.2637314 0.7193158 2.258754 -0.302977 0.5400189 2.28003 -0.3522723 0.4276298 2.158823 -0.1861643 0.4827392 2.517493 -0.3284867 0.2871946 1.962877 0.04731763 0.4672164 2.599918 -0.080331 0.335798 1.829578 0.264373 0.5305414 2.52825 0.05387838 0.3814614 1.796058 0.3317226 0.5501903 2.510177 -0.2567292 0.1713182 2.312833 -0.2469202 0.09688772 2.321383 -0.2793708 0.02284413 2.258209 -0.195252 0.03004127 2.391701 -0.3322366 -0.4867404 2.390918 -0.1977131 -0.3944387 2.592825 -0.3442136 -0.8912174 2.381565 -0.2280474 -0.8284388 2.673347 -0.2631903 -0.9376152 2.348698 -0.160455 -0.8972268 2.733821
-0.2633286 0.7160001 2.255399 -0.3029925 0.5395781 2.279815 -0.3622714 0.4284235 2.159424 -0.1858697 0.4836576 2.519498 -0.3169549 0.303535 1.953204 -0.02212577 0.4462214 2.613853 -0.06893595 0.3621774 1.824191 0.1841046 0.5376205 2.552906 0.01343469 0.4126856 1.807715 0.2720491 0.5731497 2.52819 -0.2615198 0.1691637 2.311306 -0.2526033 0.09471568 2.319661 -0.2935306 0.02204511 2.259348 -0.1995941 0.02836348 2.387751 -0.3318135 -0.4860328 2.390737 -0.1991409 -0.3982974 2.593254 -0.3441357 -0.890083 2.381872 -0.2281295 -0.8295614 2.674034 -0.2640184 -0.9368376 2.347332 -0.1578405 -0.8990162 2.730541
-0.2625942 0.7180613 2.253508 -0.3023172 0.5394962 2.277759 -0.3845151 0.4074323 2.161565 -0.1851184 0.4848382 2.519425 -0.3106349 0.3131024 1.948093 -0.01351395 0.465115 2.607433 -0.07098219 0.4123164 1.829617 0.1790242 0.5509046 2.555738 0.04208949 0.4829348 1.804525 0.2609018 0.6011046 2.536155 -0.2622959 0.1715529 2.31082 -0.2536157 0.09831061 2.319446 -0.2951939 0.02221612 2.259184 -0.1983046 0.03117875 2.38882 -0.3312366 -0.4853824 2.390997 -0.2008825 -0.400829 2.59267 -0.3441665 -0.890399 2.382169 -0.2260779 -0.8314275 2.674504 -0.2664438 -0.9377214 2.343214 -0.1554537 -0.9011445 2.730265
-0.2630949 0.7177612 2.249587 -0.2987014 0.5427203 2.267956 -0.3893931 0.4057669 2.16216 -0.1814172 0.4902769 2.513812 -0.3071636 0.331396 1.948497 -0.01301754 0.4739967 2.606975 -0.07203308 0.4330655 1.822425 0.1902923 0.6001833 2.562152 0.02365149 0.5093541 1.800862 0.2668119 0.6579005 2.541628 -0.2631805 0.1847963 2.306436 -0.2550203 0.1148295 2.316165 -0.2985427 0.02624721 2.255333 -0.1956084 0.03903571 2.392193 -0.3303601 -0.4833933 2.390377 -0.2009279 -0.4008667 2.591808 -0.3439933 -0.8907328 2.382181 -0.2270747 -0.8308929 2.67461 -0.2675294 -0.9385694 2.341405 -0.160385 -0.8975837 2.738348
-0.2628694 0.7180724 2.245256 -0.2954026 0.5485221 2.260282 -0.3914115 0.4046693 2.160852 -0.1775053 0.4981192 2.507411 -0.3017021 0.3395489 1.940707 -0.01397472 0.4814221 2.606668 -0.08361119 0.4800496 1.822364 0.186401 0.6074319 2.565453 0.01736339 0.5636933 1.784436 0.2571244 0.67515 2.560935 -0.2587624 0.195135 2.304213 -0.2500029 0.1253945 2.315145 -0.2970769 0.02909881 2.254085 -0.1836922 0.0562899 2.395844 -0.3300838 -0.482462 2.390301 -0.2004926 -0.3995382 2.591705 -0.3439108 -0.8910599 2.381878 -0.2251918 -0.8322495 2.674625 -0.2683851 -0.9391519 2.339678 -0.15679 -0.9005622 2.734726
-0.2619003 0.7252694 2.241858 -0.2908896 0.5543465 2.254563 -0.3840723 0.3940183 2.159456 -0.1742801 0.4875015 2.530103 -0.2991501 0.3473237 1.937075 -0.00183101 0.4941791 2.617767 -0.08748642 0.4934594 1.813403 0.1806041 0.6330498 2.58163 7.150602E-05 0.5750512 1.779879 0.2518579 0.6999516 2.574201 -0.2489643 0.1872324 2.309616 -0.2360212 0.110859 2.325322 -0.2795545 0.02091784 2.270286 -0.1751319 0.04676648 2.401644 -0.3293535 -0.481115 2.39018 -0.2003428 -0.3992127 2.591412 -0.3440295 -0.8921537 2.381898 -0.2253833 -0.8331652 2.673503 -0.321587 -0.9696299 2.357967 -0.1560179 -0.901431 2.732544
-0.2741649 0.7275139 2.235855 -0.2954151 0.5563186 2.251307 -0.3827466 0.3900905 2.158292 -0.1804316 0.4845179 2.519727 -0.2977903 0.3529339 1.9309 -0.01309118 0.5009431 2.613834 -0.1046642 0.5092096 1.788668 0.2054566 0.6746393 2.580971 -0.0287946 0.6089782 1.748788 0.2724552 0.7442586 2.597482 -0.2477643 0.1855745 2.310227 -0.2345322 0.1092086 2.325964 -0.2757794 0.02027196 2.270522 -0.172532 0.04280388 2.403997 -0.3290698 -0.4807971 2.389895 -0.1997648 -0.4010342 2.592876 -0.3440098 -0.892145 2.381895 -0.2251199 -0.8352139 2.673984 -0.321206 -0.9693685 2.357493 -0.1538649 -0.9032066 2.731057
-0.2732653 0.7028643 2.238107 -0.28074 0.5077912 2.246269 -0.3904282 0.4427091 2.106988 -0.1633113 0.4292268 2.510463 -0.2960578 0.3579895 1.917238 -0.01958926 0.5038964 2.61769 -0.1106937 0.5201732 1.77097 0.1977455 0.680088 2.610019 -0.05317857 0.6086663 1.729572 0.2373115 0.7400734 2.60078 -0.2473283 0.1812016 2.307383 -0.2353082 0.1081369 2.323188 -0.2774463 0.02301831 2.266744 -0.1749002 0.02865699 2.398063 -0.3288996 -0.4809084 2.389812 -0.2009506 -0.4031788 2.591346 -0.343845 -0.8921704 2.381946 -0.2255902 -0.8348744 2.674431 -0.3202916 -0.9688738 2.356633 -0.1540373 -0.9031322 2.73081
-0.2717046 0.7646224 2.214823 -0.2932283 0.5918028 2.224845 -0.3907173 0.4440745 2.108182 -0.1757995 0.5132383 2.48904 -0.2997309 0.3615044 1.911364 -0.02406458 0.5059947 2.623999 -0.1273395 0.5228162 1.747705 0.1934621 0.6807908 2.631533 -0.08861438 0.5969296 1.701111 0.2309113 0.7401282 2.613485 -0.244753 0.1925315 2.298572 -0.2330623 0.1158099 2.315291 -0.2782064 0.03128701 2.262333 -0.1645964 0.05875895 2.380358 -0.3287805 -0.4809718 2.389853 -0.2003312 -0.4022148 2.591134 -0.3438528 -0.8921993 2.381718 -0.2284071 -0.8320748 2.672782 -0.3199154 -0.9688007 2.356456 -0.159662 -0.8979338 2.735187
-0.2817826 0.7148063 2.226845 -0.2896699 0.5344588 2.236938 -0.3921352 0.4451275 2.109398 -0.1722411 0.4558943 2.501132 -0.3069657 0.3571139 1.90325 -0.02304994 0.5071 2.639781 -0.1472421 0.5134183 1.721398 0.1714614 0.6587251 2.66814 -0.1204691 0.5729835 1.664442 0.2410739 0.7273823 2.661176 -0.2450789 0.1894245 2.2983 -0.2334291 0.1148209 2.314763 -0.2785608 0.03162758 2.262499 -0.1671168 0.0506831 2.380505 -0.3286889 -0.4811699 2.389686 -0.1986727 -0.4003161 2.591261 -0.3438058 -0.8923102 2.381594 -0.2273133 -0.8318683 2.672995 -0.2660187 -0.9400309 2.343256 -0.1558622 -0.9007763 2.728709
-0.2856027 0.7133368 2.224241 -0.2882918 0.5382332 2.230745 -0.3931083 0.45196 2.112387 -0.170863 0.4596688 2.494939 -0.3171469 0.3470725 1.889921 -0.02291645 0.5075541 2.650054 -0.1627897 0.5019289 1.701844 0.1704705 0.6481889 2.694371 -0.1367596 0.5510666 1.651138 0.2450229 0.7109979 2.704626 -0.2452943 0.1899147 2.297164 -0.2341471 0.1164002 2.313137 -0.2796606 0.03264308 2.260668 -0.1678462 0.05066684 2.381725 -0.3291534 -0.4877658 2.391921 -0.1987332 -0.4003087 2.590946 -0.3439607 -0.8925441 2.381965 -0.2268478 -0.8319905 2.673259 -0.2669703 -0.9406404 2.342505 -0.1605958 -0.8969695 2.739183
-0.2940243 0.7518246 2.21517 -0.3020464 0.5774199 2.223657 -0.3525661 0.3783132 2.153282 -0.1846177 0.4988555 2.487851 -0.3311545 0.3317283 1.889535 -0.02649299 0.5020373 2.660002 -0.1960219 0.4662035 1.671254 0.1702245 0.6283421 2.727535 -0.1622396 0.5108817 1.62023 0.2465872 0.6827838 2.744039 -0.2446649 0.1938546 2.298516 -0.2326883 0.1197966 2.315132 -0.2693585 0.03106643 2.258155 -0.1715294 0.05546783 2.406069 -0.3292292 -0.4878995 2.391814 -0.1976342 -0.3981059 2.591727 -0.3439333 -0.892517 2.38154 -0.2259493 -0.8319679 2.673393 -0.2647355 -0.939762 2.345576 -0.1534279 -0.9023776 2.725746
-0.3000424 0.7083576 2.233816 -0.2920141 0.5318313 2.258779 -0.3930385 0.457373 2.110788 -0.1897712 0.4894123 2.528251 -0.3388695 0.3208524 1.880679 -0.04979064 0.4772999 2.668554 -0.2090469 0.4416763 1.650788 0.1605237 0.6032462 2.740799 -0.1703558 0.4886018 1.598557 0.2408669 0.6571114 2.756666 -0.2455103 0.1877515 2.301528 -0.2336077 0.1161459 2.316115 -0.2712424 0.03154856 2.260868 -0.174501 0.0488396 2.394301 -0.3297148 -0.4977286 2.39826 -0.1971291 -0.3968717 2.590967 -0.343962 -0.8925432 2.381592 -0.2241746 -0.8306316 2.673369 -0.2635098 -0.9391639 2.347653 -0.1603537 -0.8991347 2.738113
-0.2487561 0.7167153 2.234736 -0.3123828 0.5207578 2.265522 -0.3923452 0.4573216 2.111644 -0.2116843 0.4770421 2.538169 -0.3506491 0.3024451 1.877416 -0.02110485 0.4802716 2.700593 -0.2185097 0.3834492 1.636174 0.1475706 0.5577729 2.778406 -0.1957086 0.422279 1.584173 0.2303766 0.6019721 2.806656 -0.2623996 0.1773526 2.301872 -0.2501088 0.1078244 2.313167 -0.2804662 0.0338597 2.259135 -0.2039291 0.03983068 2.378149 -0.3295438 -0.4970558 2.397377 -0.1975089 -0.3972771 2.590858 -0.3439135 -0.8925188 2.381663 -0.2250213 -0.8310561 2.67307 -0.2612358 -0.9383186 2.352258 -0.1605238 -0.898801 2.737942
-0.2353072 0.7178155 2.219824 -0.2801111 0.5294078 2.22496 -0.3886546 0.4544192 2.110678 -0.1783506 0.486105 2.498214 -0.362628 0.2923619 1.879596 -0.08310645 0.4491316 2.671763 -0.2311053 0.3496068 1.62589 0.08201288 0.4968335 2.773414 -0.2159171 0.3677489 1.58282 0.1657358 0.5400006 2.800535 -0.2532024 0.1782134 2.300219 -0.2431648 0.1082616 2.313733 -0.2788592 0.03328617 2.26098 -0.1842241 0.04443302 2.384137 -0.3297571 -0.4964979 2.396739 -0.1975489 -0.3972056 2.590732 -0.3438853 -0.8924598 2.381628 -0.2281921 -0.8310585 2.671806 -0.2661618 -0.9413123 2.344609 -0.1629364 -0.8971565 2.737612
-0.2415383 0.7161263 2.22427 -0.2912241 0.5477975 2.237635 -0.3892415 0.452228 2.111356 -0.1894636 0.5044947 2.510888 -0.3701376 0.28914 1.883727 -0.08689813 0.4421804 2.673524 -0.2766184 0.2923881 1.678915 0.1052177 0.4903219 2.787652 -0.2254176 0.322041 1.583781 0.1901345 0.5196407 2.826871 -0.2501036 0.1872215 2.302459 -0.2393055 0.1166044 2.316529 -0.2761996 0.03574936 2.262042 -0.1813817 0.04938074 2.389964 -0.3294849 -0.4958264 2.395604 -0.1981074 -0.3992873 2.592441 -0.3440954 -0.893092 2.382157 -0.2275717 -0.8333622 2.67295 -0.2645197 -0.9405851 2.347372 -0.1575434 -0.9001704 2.73287
-0.2422964 0.7132356 2.225408 -0.2989576 0.523175 2.267459 -0.3348025 0.3829592 2.159668 -0.1945184 0.4483753 2.481274 -0.3880466 0.2869439 1.906905 -0.08993861 0.4327213 2.677535 -0.3142339 0.2335909 1.707773 0.1299128 0.4728462 2.808286 -0.236623 0.2717808 1.592471 0.2180279 0.4980388 2.843066 -0.2473278 0.1767125 2.307359 -0.2354927 0.1063304 2.319742 -0.2651695 0.02626483 2.260825 -0.1825252 0.04193635 2.393893 -0.3291386 -0.4951812 2.394574 -0.1975365 -0.3975159 2.591585 -0.3441611 -0.8931215 2.382045 -0.2264437 -0.8315386 2.67246 -0.2624176 -0.9392043 2.350545 -0.1539938 -0.9012767 2.725801
-0.2433743 0.7132222 2.225835 -0.2989673 0.5230669 2.267419 -0.3348086 0.3913268 2.155731 -0.1944456 0.4484559 2.480841 -0.3920901 0.2845235 1.91785 -0.09596576 0.4224691 2.677265 -0.3160269 0.2064178 1.728653 0.1359121 0.4580119 2.816419 -0.2385722 0.2471641 1.58576 0.2236601 0.4750331 2.856658 -0.2464809 0.1736654 2.308122 -0.2342878 0.1029484 2.320224 -0.2632719 0.02558786 2.261193 -0.1830555 0.03976305 2.393774 -0.3293635 -0.4941568 2.393635 -0.1975651 -0.3979012 2.591577 -0.3442102 -0.8932409 2.382031 -0.2254494 -0.8319349 2.672681 -0.262232 -0.9392464 2.351032 -0.1621988 -0.8971289 2.741288
-0.2458643 0.7130755 2.225815 -0.2991101 0.5223795 2.268094 -0.3352294 0.3927331 2.152858 -0.1986016 0.4528891 2.474218 -0.3942049 0.2812786 1.922607 -0.09666553 0.4122289 2.684972 -0.3340737 0.1842712 1.736683 0.1348318 0.4367727 2.818673 -0.2398059 0.2211529 1.583006 0.2240445 0.4544938 2.855219 -0.2443648 0.1668074 2.311121 -0.231375 0.09500979 2.323018 -0.2592565 0.02197735 2.264651 -0.1829293 0.03821443 2.393883 -0.3293206 -0.4942556 2.39364 -0.1983882 -0.3991382 2.590297 -0.3442435 -0.8934255 2.381934 -0.2291377 -0.8325915 2.672954 -0.2620946 -0.9393533 2.351272 -0.1639617 -0.8966057 2.740866
-0.2466483 0.712594 2.225925 -0.2994348 0.5221369 2.268079 -0.3357942 0.3913919 2.149482 -0.2029198 0.4516099 2.46297 -0.3950158 0.2769646 1.928618 -0.1011679 0.4021691 2.684326 -0.2913699 0.2170582 1.701173 0.1355685 0.4269262 2.818055 -0.2392401 0.2019984 1.586993 0.2286937 0.4417545 2.854674 -0.2443816 0.1622649 2.311978 -0.2311858 0.08950827 2.323864 -0.2580606 0.01852761 2.266343 -0.1839347 0.03498492 2.393563 -0.3291734 -0.4935685 2.39321 -0.1961618 -0.3929124 2.590095 -0.344066 -0.8934997 2.381629 -0.2288802 -0.8264682 2.671771 -0.2618982 -0.9394342 2.351028 -0.1581198 -0.8966836 2.72673
-0.2466314 0.7124076 2.226442 -0.2994227 0.5220023 2.267943 -0.3355422 0.3895362 2.148722 -0.2031884 0.4513241 2.459221 -0.3956137 0.2732986 1.932136 -0.1015102 0.3992814 2.68462 -0.3355094 0.1652975 1.752864 0.1364062 0.4173469 2.817417 -0.241198 0.1901541 1.591758 0.2290854 0.4273039 2.847751 -0.2443058 0.1600613 2.312523 -0.2311531 0.08702072 2.324497 -0.2576358 0.01716046 2.267303 -0.1847716 0.03221412 2.393892 -0.3290385 -0.4932657 2.393262 -0.1962961 -0.3933996 2.590038 -0.3440144 -0.8932161 2.381568 -0.2283371 -0.8269966 2.671754 -0.2619469 -0.9391921 2.35076 -0.160655 -0.8953007 2.732676
