0.01882 0.6687665 2.463025 0.0255885 0.4873253 2.475519 -0.1510085 0.4311253 2.495075 0.1890928 0.4258185 2.472769 -0.3363501 0.5440179 2.366657 0.3772604 0.5461683 2.350517 -0.4136756 0.7040936 2.22647 0.4431798 0.7059474 2.202238 -0.4340889 0.7574319 2.187871 0.4527806 0.759216 2.162518 0.02444046 0.1576842 2.490059 0.02134495 0.09520957 2.452374 -0.05553247 0.01774592 2.446566 0.09643013 0.01874004 2.444326 -0.07752894 -0.4729456 2.584183 0.1154011 -0.4644044 2.543101 -0.08742233 -0.8391233 2.671844 0.1226049 -0.8554002 2.640765 -0.0944064 -0.9119198 2.659163 0.1117446 -0.9236409 2.61367
0.0198676 0.6682686 2.462511 0.02569402 0.4872341 2.475425 -0.1508314 0.4302275 2.495207 0.1890969 0.4248096 2.47221 -0.3380123 0.5450342 2.36844 0.3800231 0.5473286 2.351155 -0.4247489 0.7010368 2.230507 0.4586336 0.7015039 2.203727 -0.4551102 0.7497665 2.193166 0.4724497 0.7543227 2.162222 0.02442063 0.1566898 2.489728 0.02117856 0.09409831 2.452022 -0.05569328 0.01693875 2.446537 0.09613527 0.01775335 2.443589 -0.07741377 -0.4729164 2.583945 0.1170775 -0.4670517 2.543406 -0.0874752 -0.8399838 2.671589 0.1226723 -0.8574927 2.64057 -0.09401668 -0.9130006 2.659981 0.1173227 -0.9028496 2.566145
0.01959421 0.6681776 2.462261 0.02545327 0.4866916 2.474864 -0.1510251 0.4284745 2.495383 0.1891332 0.4235001 2.472131 -0.3412009 0.5442376 2.371009 0.3849142 0.5369451 2.353607 -0.440846 0.6842099 2.237096 0.477127 0.6848491 2.205258 -0.4726305 0.7315377 2.192509 0.4991655 0.7359655 2.158944 0.02404281 0.1556927 2.489175 0.02076996 0.09313074 2.451524 -0.05617141 0.01600688 2.446462 0.09575774 0.01674574 2.44259 -0.07737467 -0.472362 2.583013 0.1169687 -0.4672513 2.543146 -0.08748553 -0.8374137 2.671543 0.121515 -0.8579437 2.642595 -0.09290275 -0.8827712 2.597123 0.1111559 -0.9308096 2.632984
0.01912169 0.6688054 2.461284 0.02489039 0.4863946 2.474384 -0.1514066 0.4279584 2.495579 0.1887578 0.4224885 2.472302 -0.3438894 0.5367329 2.378829 0.3962942 0.5230618 2.362387 -0.4514418 0.6667961 2.243676 0.4895129 0.666993 2.19946 -0.4847358 0.7158544 2.189002 0.5158364 0.7149503 2.148911 0.02375869 0.1549958 2.488881 0.02055731 0.09237453 2.451315 -0.05626884 0.01502132 2.446717 0.09557183 0.01614192 2.44203 -0.07690809 -0.472023 2.582594 0.1163981 -0.4669433 2.542514 -0.08612029 -0.8365669 2.670415 0.1210045 -0.855477 2.641892 -0.09153287 -0.8819278 2.595995 0.1143771 -0.9278623 2.62687
0.01837781 0.6689426 2.460769 0.02480697 0.4862956 2.474383 -0.151992 0.4268984 2.495955 0.189002 0.4222557 2.472629 -0.3512826 0.5052963 2.391907 0.3988323 0.5144768 2.366193 -0.4570751 0.646724 2.250152 0.4940473 0.6412573 2.201093 -0.4927523 0.6953837 2.190755 0.5266567 0.6836845 2.14332 0.0235435 0.1546453 2.488789 0.02032403 0.09202189 2.451247 -0.05652431 0.01445415 2.446871 0.09518395 0.01556495 2.441586 -0.07681829 -0.4721799 2.58249 0.1153213 -0.4669346 2.542013 -0.08515891 -0.8363092 2.671662 0.1208788 -0.8563853 2.642148 -0.09058821 -0.8816699 2.597242 0.1154821 -0.9268905 2.619582
0.0175812 0.6689904 2.46064 0.02345466 0.485837 2.474245 -0.1524251 0.4254515 2.496656 0.189779 0.4206523 2.473845 -0.3515195 0.5044426 2.392587 0.4003041 0.5025856 2.368921 -0.4590578 0.6364208 2.255295 0.495773 0.6287801 2.202623 -0.4974506 0.6837999 2.191196 0.524648 0.668906 2.144809 0.02295532 0.1544046 2.488632 0.01993554 0.09184654 2.451127 -0.05713088 0.01412624 2.4469 0.09506252 0.01532422 2.441287 -0.07747268 -0.4714572 2.581949 0.1136501 -0.4612768 2.537272 -0.08571944 -0.8340299 2.671295 0.1243425 -0.8478361 2.640696 -0.09100346 -0.8793926 2.596866 0.1068758 -0.9168534 2.619698
0.01667702 0.6687698 2.460852 0.02148184 0.4841218 2.475512 -0.1526195 0.4244104 2.497264 0.1891437 0.419261 2.474508 -0.3518317 0.5048121 2.392914 0.4012932 0.4999187 2.370969 -0.4591194 0.6324497 2.257742 0.4961536 0.6237289 2.203921 -0.4980214 0.6810652 2.192088 0.5240847 0.6646681 2.144965 0.02179381 0.1526506 2.488959 0.01893713 0.09030584 2.451194 -0.057548 0.01323111 2.446953 0.09393923 0.01378583 2.440994 -0.07745831 -0.4714685 2.581942 0.1134803 -0.4616075 2.537103 -0.08581723 -0.8367903 2.671179 0.1242051 -0.8485157 2.640291 -0.09108591 -0.882144 2.596742 0.1119926 -0.9163253 2.612683
0.01542468 0.6689811 2.459775 0.02147068 0.4841694 2.475554 -0.1529187 0.4241829 2.497484 0.1889044 0.4188446 2.474748 -0.353034 0.5030656 2.396044 0.4011915 0.4970793 2.373597 -0.4585625 0.6326331 2.258953 0.495077 0.6233584 2.205585 -0.4972372 0.6822546 2.192945 0.5203599 0.6625764 2.149849 0.02165668 0.1525885 2.489008 0.01874717 0.09024171 2.45112 -0.05783821 0.01311662 2.446744 0.09375323 0.01375192 2.440943 -0.07699826 -0.4718864 2.581439 0.1133809 -0.4612218 2.536645 -0.0862638 -0.832189 2.668999 0.1243845 -0.8487412 2.63977 -0.09152217 -0.8775422 2.594561 0.1095303 -0.9180423 2.617718
0.01477349 0.6688246 2.459467 0.02146984 0.48354 2.474924 -0.1532346 0.4237464 2.497252 0.1890584 0.4188024 2.474824 -0.3526666 0.5053608 2.395986 0.4036202 0.4979437 2.376594 -0.4613127 0.6442382 2.25916 0.4943036 0.629231 2.212173 -0.4981019 0.6917763 2.197067 0.5182648 0.6725727 2.156682 0.02160883 0.1525559 2.488937 0.01873584 0.09021838 2.451071 -0.05804639 0.01278634 2.446745 0.0938734 0.01375775 2.440816 -0.07753928 -0.4715101 2.580299 0.1144825 -0.4668363 2.538697 -0.08587446 -0.8350114 2.673506 0.1262378 -0.8476138 2.636816 -0.09681896 -0.907793 2.663878 0.1099851 -0.9168699 2.615624
0.0142467 0.6677783 2.45926 0.0216876 0.4832887 2.474584 -0.153542 0.4234887 2.496844 0.1890102 0.4186325 2.474668 -0.3535637 0.5268572 2.397434 0.404568 0.5092818 2.380344 -0.4609386 0.6622286 2.263188 0.4960561 0.6518877 2.219384 -0.4954961 0.7146451 2.208619 0.5194862 0.702802 2.163867 0.02161527 0.1524194 2.48881 0.01875117 0.0901 2.450979 -0.05810733 0.0126336 2.446684 0.09396161 0.01360765 2.440714 -0.07958504 -0.4680724 2.577675 0.1132288 -0.4671844 2.539743 -0.08569793 -0.8345187 2.673452 0.1256424 -0.8549032 2.637062 -0.09733056 -0.9072924 2.664595 0.116506 -0.9253006 2.615371
0.01418144 0.6672484 2.4584 0.02157751 0.4830733 2.47398 -0.1535278 0.4227619 2.495867 0.1886511 0.4180446 2.474018 -0.353566 0.5330952 2.399563 0.4058223 0.515486 2.3835 -0.4610748 0.6763761 2.27134 0.5001506 0.6662602 2.230216 -0.4974316 0.7286229 2.22106 0.525707 0.7191358 2.178618 0.02144252 0.1519744 2.488511 0.01861073 0.08958113 2.450778 -0.05816567 0.01224722 2.446634 0.09382019 0.01325674 2.440584 -0.07972836 -0.468518 2.577964 0.1140066 -0.4662156 2.539098 -0.08610727 -0.8373966 2.674085 0.1256371 -0.8547971 2.637016 -0.09787483 -0.9098315 2.662923 0.1143036 -0.9243109 2.61358
0.01357166 0.6674502 2.457325 0.0212172 0.4825558 2.472164 -0.1536244 0.4223297 2.495097 0.1885345 0.4179838 2.473619 -0.3545716 0.5395219 2.400211 0.4112901 0.5218787 2.390426 -0.4675519 0.6908107 2.278199 0.5106194 0.6797402 2.243705 -0.5022138 0.7395823 2.231332 0.5345725 0.7354586 2.195687 0.02119813 0.1518406 2.487852 0.01844948 0.08936316 2.450463 -0.05827319 0.01208146 2.446532 0.09370343 0.01309328 2.44035 -0.0798961 -0.4683418 2.578264 0.1160474 -0.4640464 2.537707 -0.08618556 -0.8372232 2.673887 0.1259128 -0.8550135 2.637527 -0.097799 -0.9096764 2.662679 0.1159617 -0.9242852 2.612781
0.0126386 0.6657422 2.454038 0.02096096 0.4818291 2.470832 -0.1536903 0.4224314 2.494697 0.1886538 0.4180243 2.473356 -0.3565695 0.5433992 2.402363 0.4128818 0.5229692 2.392658 -0.4758931 0.6969057 2.289697 0.5221559 0.6872241 2.253241 -0.5122347 0.747678 2.249157 0.5517176 0.7430461 2.214502 0.02102476 0.1517904 2.48721 0.01833989 0.0892779 2.450227 -0.05840471 0.01192093 2.44634 0.09366293 0.01303452 2.440262 -0.08022707 -0.4694863 2.580888 0.1159501 -0.463946 2.537676 -0.08593054 -0.8375104 2.673281 0.1251534 -0.8568082 2.640458 -0.09878977 -0.9096144 2.66121 0.1125314 -0.9269466 2.619689
0.01159155 0.6619464 2.452341 0.02047447 0.4810328 2.470117 -0.1539878 0.4222983 2.494244 0.1888056 0.4186676 2.47281 -0.3587978 0.5394506 2.403695 0.4133658 0.5249078 2.398392 -0.4905067 0.6950887 2.300647 0.5473488 0.6885421 2.273411 -0.5307052 0.7485924 2.261467 0.5813759 0.741357 2.233857 0.0208736 0.1517414 2.486526 0.01823725 0.08927347 2.449889 -0.05869148 0.01173143 2.445938 0.09377845 0.01303326 2.439987 -0.07993158 -0.4693397 2.581664 0.1148671 -0.4639155 2.538129 -0.0864876 -0.8369547 2.673606 0.124994 -0.8571322 2.6415 -0.09146187 -0.8823514 2.599169 0.1131183 -0.9256882 2.615631
0.0112816 0.6623876 2.451374 0.02017703 0.4808507 2.468494 -0.1545342 0.4223183 2.493717 0.1883083 0.4187355 2.471853 -0.3647457 0.530674 2.405721 0.4152756 0.5243567 2.401116 -0.5235168 0.6860938 2.312166 0.5665579 0.6756243 2.284221 -0.5612897 0.7346991 2.281134 0.6036114 0.7297116 2.246578 0.02079522 0.1516756 2.485557 0.01817249 0.08910962 2.449472 -0.05873182 0.01149823 2.445668 0.09377823 0.01294436 2.43978 -0.07949352 -0.4696839 2.581771 0.1141884 -0.4629443 2.538198 -0.08597091 -0.8397307 2.675943 0.1250809 -0.8566518 2.641045 -0.09104794 -0.8851423 2.60152 0.1134076 -0.9247348 2.613865
0.01042741 0.6614866 2.447897 0.0195937 0.4807765 2.467646 -0.154675 0.4222012 2.493542 0.1878924 0.4185686 2.471337 -0.3701538 0.5219415 2.405927 0.4196537 0.5212108 2.404204 -0.5431838 0.6698045 2.322532 0.6022893 0.6616321 2.28964 -0.5865746 0.7119166 2.29286 0.6382507 0.7044935 2.261472 0.02043116 0.1513405 2.484643 0.01784565 0.08868525 2.449024 -0.05890729 0.01119802 2.445335 0.09350322 0.01258583 2.43954 -0.07969742 -0.4697223 2.581546 0.1137409 -0.4635506 2.538377 -0.08562974 -0.8402581 2.673441 0.1254941 -0.8564349 2.639662 -0.09079093 -0.8856754 2.599027 0.1060504 -0.9274386 2.630133
0.01035814 0.6619519 2.447515 0.01941177 0.4806908 2.467517 -0.1550122 0.4215109 2.493183 0.1879101 0.4183215 2.471285 -0.3738703 0.5158516 2.416929 0.4267381 0.5097861 2.409203 -0.5726986 0.643786 2.328229 0.6159347 0.6343166 2.299542 -0.6167054 0.6781629 2.304216 0.6625339 0.6731856 2.271311 0.02012642 0.151029 2.483954 0.01759387 0.08834292 2.448621 -0.05928934 0.01067929 2.444836 0.09338483 0.01220685 2.439163 -0.08010153 -0.4700159 2.581722 0.1137725 -0.463532 2.5382 -0.08560517 -0.8381616 2.671885 0.1244015 -0.8569751 2.639799 -0.0906969 -0.8835765 2.597463 0.1079413 -0.926578 2.619925
0.009554083 0.6612121 2.446571 0.01906016 0.4799253 2.467206 -0.1557234 0.4213124 2.493193 0.1882462 0.4181868 2.471201 -0.3774195 0.5095115 2.42202 0.4293243 0.5027704 2.412596 -0.5789759 0.6290115 2.33236 0.6237989 0.6146695 2.30259 -0.6241345 0.6610556 2.309598 0.6739306 0.6483009 2.276655 0.01997203 0.1510424 2.483517 0.01746747 0.08839441 2.448503 -0.05953323 0.01054652 2.444744 0.09335952 0.0121484 2.439027 -0.08036415 -0.4703307 2.581706 0.116809 -0.4595581 2.534209 -0.08423661 -0.8427396 2.668376 0.1243486 -0.8574258 2.639912 -0.08933621 -0.8881568 2.593955 0.1067961 -0.9265006 2.619146
0.009344791 0.660823 2.445324 0.01871251 0.4795707 2.46698 -0.1563476 0.4207994 2.49314 0.1892732 0.4171934 2.471892 -0.3773664 0.5040864 2.420709 0.4332429 0.4875917 2.416554 -0.5891833 0.6122798 2.335192 0.6268877 0.5985316 2.307605 -0.6334797 0.6430017 2.314694 0.6808056 0.6364978 2.278586 0.01968445 0.1510033 2.483097 0.01732059 0.08837583 2.448392 -0.06002167 0.01017365 2.444413 0.09336628 0.01202431 2.439 -0.08026098 -0.4691323 2.580726 0.115782 -0.4605235 2.53523 -0.08421712 -0.8423812 2.668077 0.1234704 -0.8585593 2.640691 -0.08910773 -0.8878016 2.593643 0.1060544 -0.9282703 2.622042
0.009169852 0.6606529 2.445017 0.01852902 0.4791506 2.466881 -0.1567888 0.4200962 2.492769 0.1902408 0.4164398 2.472583 -0.3816819 0.4992325 2.423979 0.4332178 0.4825572 2.417497 -0.5891038 0.6042379 2.337831 0.6268924 0.5913464 2.30821 -0.6362135 0.6347323 2.317693 0.6832935 0.6312072 2.278998 0.0196465 0.150791 2.482619 0.01746702 0.08820421 2.448125 -0.05999364 0.009572871 2.443569 0.09415364 0.01140119 2.438854 -0.07983096 -0.4691972 2.580512 0.1152221 -0.4613243 2.535666 -0.0856809 -0.8411838 2.670451 0.1252979 -0.8534182 2.638285 -0.09030125 -0.8866042 2.595999 0.1094494 -0.922847 2.617325
0.008916277 0.6612625 2.444317 0.01854066 0.479087 2.466817 -0.1571176 0.4197704 2.492824 0.1903104 0.4159814 2.473132 -0.3821152 0.4972023 2.42526 0.4331996 0.4796884 2.417871 -0.5889318 0.6022971 2.338369 0.6278835 0.5904905 2.305796 -0.6354044 0.6332612 2.317702 0.6824963 0.6293473 2.277853 0.01956584 0.1506566 2.482146 0.01744538 0.08808841 2.447805 -0.06023259 0.009448158 2.442859 0.09429235 0.01106686 2.438678 -0.07883382 -0.4679963 2.579612 0.1131425 -0.4663118 2.539968 -0.08593305 -0.8410267 2.67081 0.1246142 -0.8545522 2.636827 -0.09042941 -0.886445 2.596348 0.1183552 -0.9239485 2.611216
0.009024189 0.6613314 2.444352 0.01756741 0.4781793 2.466902 -0.1572974 0.4196156 2.492778 0.190359 0.4159611 2.473175 -0.3821806 0.4969131 2.425403 0.4333377 0.4795227 2.417587 -0.5891478 0.60348 2.337673 0.6258463 0.591435 2.301852 -0.6344731 0.6347274 2.316625 0.6772255 0.6296663 2.272398 0.01945768 0.1506827 2.48191 0.01739106 0.08821689 2.44769 -0.06029441 0.009471902 2.442702 0.09439418 0.01118932 2.438601 -0.08007956 -0.46378 2.577393 0.1118368 -0.4632866 2.537405 -0.0902667 -0.826883 2.668983 0.1247819 -0.8567907 2.637143 -0.09474165 -0.8722989 2.594517 0.1170935 -0.9252051 2.609368
0.008905964 0.6612334 2.444365 0.01775887 0.4782478 2.467174 -0.1573664 0.4191906 2.492719 0.1907531 0.4158731 2.473504 -0.3807576 0.4962873 2.422762 0.4328646 0.4798785 2.416739 -0.5865531 0.6098272 2.334393 0.618305 0.6007001 2.293261 -0.6310061 0.6425275 2.313878 0.6628016 0.6439469 2.261473 0.01949023 0.1505853 2.481826 0.01747404 0.08811761 2.447696 -0.06020651 0.009324059 2.442512 0.0946461 0.01076983 2.438887 -0.08042499 -0.4638339 2.577398 0.1075445 -0.4645245 2.53949 -0.08922353 -0.8271949 2.669367 0.1263614 -0.8547793 2.635222 -0.09360817 -0.8726086 2.594893 0.1162782 -0.9240428 2.610481
0.008958459 0.6609285 2.444249 0.01748421 0.4783731 2.467401 -0.1576086 0.4191575 2.49254 0.190808 0.4160205 2.473534 -0.3815966 0.4993496 2.422464 0.4316812 0.4814418 2.413739 -0.5760143 0.6246197 2.327326 0.5966008 0.6183293 2.282728 -0.6152323 0.6653737 2.300536 0.640666 0.662814 2.250087 0.01940636 0.1505656 2.481774 0.01744441 0.08810939 2.447708 -0.06026095 0.009255564 2.442524 0.09464978 0.01075487 2.438899 -0.07981157 -0.4664389 2.578299 0.1083437 -0.4676383 2.540372 -0.0883437 -0.8304189 2.671063 0.1265903 -0.8527343 2.6361 -0.0926792 -0.8758311 2.596584 0.1171387 -0.9213893 2.609482
0.008982528 0.6611352 2.444206 0.01745332 0.4784625 2.467492 -0.1575849 0.419149 2.49252 0.1908329 0.4161052 2.473524 -0.378783 0.5014834 2.414114 0.4253848 0.4896337 2.412144 -0.5536908 0.6512293 2.318706 0.5803441 0.6485575 2.265479 -0.5990096 0.6884288 2.292519 0.6036879 0.6885042 2.240096 0.01939543 0.1505627 2.481711 0.01743959 0.08810765 2.447703 -0.06024593 0.009243796 2.442539 0.09461719 0.01076697 2.438851 -0.08068948 -0.4733169 2.580381 0.1089752 -0.4673316 2.540139 -0.08713285 -0.837541 2.675507 0.1266131 -0.8533634 2.636444 -0.1000451 -0.909899 2.665065 0.1176381 -0.921889 2.60933
0.009251586 0.6612793 2.444863 0.01674771 0.478626 2.467821 -0.1575979 0.4192022 2.492519 0.1907235 0.416542 2.473573 -0.3709993 0.5046563 2.409478 0.4210068 0.4950023 2.410687 -0.5189512 0.6566604 2.320471 0.5474161 0.6546651 2.274237 -0.5711246 0.710353 2.286098 0.5810998 0.7046601 2.239132 0.01912501 0.1516938 2.480932 0.01732523 0.08999347 2.446321 -0.06088627 0.01155269 2.440124 0.09556857 0.01299827 2.437278 -0.08091323 -0.4730046 2.580415 0.1094405 -0.4668204 2.539484 -0.08702817 -0.839142 2.676506 0.1249491 -0.8549043 2.63829 -0.1003431 -0.9112254 2.664748 0.1165687 -0.9224437 2.608629
0.009220518 0.6612971 2.444869 0.01639366 0.4786902 2.467697 -0.1578263 0.4194276 2.492166 0.1904591 0.4165231 2.473549 -0.36878 0.5117121 2.403502 0.4191804 0.4967763 2.408745 -0.5059077 0.6822853 2.312101 0.523662 0.6721931 2.270319 -0.5448749 0.7464565 2.273866 0.5426115 0.7393734 2.233772 0.01901355 0.1516945 2.48093 0.01728347 0.08998631 2.446246 -0.06091945 0.01153212 2.44011 0.09558997 0.01300664 2.437205 -0.07941295 -0.4739469 2.580937 0.1102033 -0.4677829 2.539869 -0.0870665 -0.8389043 2.677983 0.125654 -0.8545535 2.638806 -0.1005783 -0.9102619 2.662583 0.1168688 -0.9216702 2.608313
0.008793546 0.661191 2.444868 0.0162005 0.4787408 2.467742 -0.1580999 0.4194699 2.491781 0.1904093 0.4165689 2.473556 -0.3640055 0.5181276 2.399712 0.4119192 0.5103809 2.399888 -0.4812228 0.7147094 2.297539 0.4975794 0.6971483 2.264916 -0.521025 0.7642583 2.269068 0.5154427 0.761584 2.233339 0.0188973 0.1515905 2.481026 0.01721358 0.08984288 2.446257 -0.06095909 0.01115297 2.440127 0.09553415 0.01289755 2.437274 -0.07959136 -0.473975 2.580717 0.1117278 -0.4672988 2.539438 -0.08461712 -0.8401442 2.676757 0.1254041 -0.8544236 2.638665 -0.08904931 -0.9114689 2.656635 0.1163891 -0.9212778 2.607665
0.009056609 0.6610541 2.444694 0.01607454 0.4784322 2.467876 -0.1586304 0.4216387 2.49173 0.190105 0.4195786 2.473731 -0.3512425 0.5486348 2.395678 0.4037576 0.5223724 2.394766 -0.4570672 0.7301126 2.290219 0.4731582 0.7267054 2.260154 -0.4770124 0.794342 2.265552 0.4902762 0.787424 2.230928 0.01892477 0.1518184 2.481197 0.01732195 0.09030391 2.4464 -0.06078173 0.01137607 2.440034 0.09571072 0.01365417 2.437979 -0.07728805 -0.4692056 2.579766 0.1135775 -0.460447 2.536371 -0.0861548 -0.8411165 2.673996 0.1256654 -0.8546939 2.638705 -0.09027275 -0.8865105 2.599489 0.1139642 -0.9235076 2.613414
0.008617975 0.660882 2.444012 0.01583709 0.478377 2.468041 -0.1604927 0.4253453 2.492419 0.1892888 0.4208694 2.473284 -0.3466801 0.5603329 2.391262 0.3945857 0.5361583 2.387323 -0.4172755 0.754869 2.274696 0.4402292 0.7504855 2.260446 -0.4385858 0.8157788 2.25396 0.4445089 0.8175905 2.231844 0.01871492 0.1526064 2.481405 0.01702105 0.0914074 2.446559 -0.06081141 0.01220648 2.440026 0.09525238 0.01464248 2.438306 -0.07755518 -0.4731157 2.581854 0.1157394 -0.4622604 2.535876 -0.08638897 -0.8413814 2.674639 0.125233 -0.8558156 2.638244 -0.09332138 -0.9144266 2.663311 0.1141395 -0.924095 2.611284
0.008556704 0.660901 2.443927 0.01573268 0.4785145 2.468094 -0.1613685 0.428556 2.492882 0.1888577 0.426178 2.472657 -0.3372199 0.571318 2.382815 0.3674211 0.5747784 2.377033 -0.3827461 0.7896687 2.259156 0.4023089 0.7882074 2.250518 -0.3850821 0.8342625 2.245619 0.4094027 0.8348789 2.233338 0.01886037 0.155343 2.481339 0.01716768 0.09499553 2.446362 -0.06082775 0.01463287 2.439575 0.09589102 0.01872467 2.438346 -0.07998741 -0.4693159 2.58004 0.1167721 -0.4538747 2.530082 -0.08632986 -0.8366541 2.672781 0.1256645 -0.8558183 2.63845 -0.1020111 -0.9073674 2.656477 0.1133839 -0.9235032 2.610521
0.008610316 0.6609585 2.443778 0.01581551 0.4785555 2.467937 -0.1609606 0.429375 2.492488 0.1882528 0.428493 2.472204 -0.3248778 0.5787767 2.378392 0.3656301 0.5738249 2.375046 -0.3457242 0.8005633 2.256546 0.3603316 0.7934222 2.251739 -0.3476013 0.8621419 2.229352 0.3555558 0.8575774 2.230143 0.0191367 0.1561774 2.48128 0.01744646 0.09597043 2.446295 -0.06008278 0.01613301 2.43983 0.0958853 0.01990327 2.438202 -0.08050753 -0.4695119 2.579726 0.1170675 -0.4542821 2.530077 -0.08604997 -0.8360393 2.672945 0.1234391 -0.8578542 2.640043 -0.1015957 -0.9070941 2.658055 0.1135904 -0.9248508 2.609601
0.008491428 0.6599537 2.443538 0.01521769 0.4785084 2.467811 -0.1604769 0.4302907 2.492199 0.1871086 0.4297149 2.471394 -0.3063629 0.5888928 2.372891 0.3396294 0.5794064 2.371606 -0.3058348 0.8074687 2.25182 0.3202281 0.8097696 2.246644 -0.2929146 0.868078 2.225469 0.3149368 0.8728862 2.223773 0.01882192 0.1571233 2.481084 0.0171219 0.09716076 2.445998 -0.06011265 0.01800431 2.439531 0.09534788 0.02161792 2.437802 -0.08197403 -0.4672599 2.57882 0.1158052 -0.4532295 2.529912 -0.084208 -0.8399161 2.674798 0.1222076 -0.856656 2.63736 -0.1024142 -0.9096549 2.656985 0.1138684 -0.925118 2.60987
0.008358396 0.6580394 2.443717 0.01507233 0.4786863 2.46824 -0.1594514 0.4309689 2.491626 0.1851939 0.4314248 2.470116 -0.2937703 0.5886797 2.37293 0.3251727 0.5817926 2.367887 -0.2755455 0.7958174 2.255705 0.2871652 0.8103402 2.244733 -0.2529508 0.8630955 2.224403 0.2614916 0.8690726 2.224091 0.01891588 0.1576502 2.48114 0.01714124 0.09780451 2.445828 -0.06011717 0.02028745 2.438489 0.09544776 0.02246484 2.437835 -0.08209939 -0.466895 2.578679 0.115857 -0.4494461 2.528462 -0.08437034 -0.8408735 2.672615 0.1232223 -0.8545601 2.636342 -0.1020478 -0.9114229 2.657695 0.1050957 -0.9263898 2.631418
0.008117297 0.6569203 2.44359 0.01518821 0.4787008 2.468201 -0.1575805 0.4345484 2.491971 0.1841903 0.4335051 2.468663 -0.2795302 0.5989822 2.366214 0.3015415 0.6122866 2.350156 -0.2283662 0.8121338 2.246062 0.2420972 0.8140149 2.241985 -0.212029 0.8708827 2.217493 0.2187348 0.8739523 2.222078 0.01924635 0.158401 2.481174 0.01725681 0.09872765 2.445767 -0.05997774 0.02146655 2.438498 0.0954423 0.02415115 2.437891 -0.08160372 -0.4667432 2.578302 0.1147761 -0.4481466 2.528355 -0.08432073 -0.8411358 2.670187 0.1243339 -0.8503645 2.635611 -0.1014456 -0.9122819 2.657642 0.110596 -0.9215521 2.619611
0.007995956 0.6566301 2.443646 0.01514701 0.4781918 2.467758 -0.1564045 0.4375412 2.491582 0.1821629 0.4344114 2.467319 -0.2712085 0.5979656 2.367435 0.2954429 0.6138713 2.347754 -0.2029136 0.820973 2.238451 0.2188366 0.8093932 2.237644 -0.1790304 0.878458 2.21277 0.1893397 0.865874 2.214494 0.01961823 0.1599283 2.481066 0.01767006 0.1010435 2.445697 -0.05908389 0.0249064 2.438174 0.09578036 0.02766247 2.438632 -0.08161457 -0.4670698 2.578327 0.1139952 -0.4498904 2.5298 -0.08445191 -0.8415169 2.670372 0.1241005 -0.8526 2.635278 -0.1005574 -0.9130033 2.658423 0.1103621 -0.9232862 2.617189
0.008011964 0.6566585 2.443668 0.01477639 0.4791044 2.46631 -0.1554852 0.4404013 2.491023 0.1809566 0.4373435 2.465739 -0.2491182 0.6157808 2.357671 0.2764489 0.6223921 2.340156 -0.1905962 0.8185691 2.237265 0.1947079 0.8077169 2.235102 -0.1551695 0.8709756 2.214182 0.1560477 0.8653595 2.20901 0.01977977 0.1635513 2.480458 0.01781584 0.1049333 2.445451 -0.05880392 0.02976423 2.437739 0.09600668 0.0314208 2.439406 -0.08160916 -0.467089 2.578278 0.1151552 -0.4524751 2.53146 -0.08509565 -0.8409459 2.66906 0.124303 -0.8522742 2.635257 -0.09962018 -0.9132138 2.660176 0.1118805 -0.9231444 2.616936
0.00801211 0.656659 2.443666 0.01430962 0.4823468 2.4651 -0.1540516 0.443579 2.49079 0.1789053 0.4394424 2.464115 -0.2458857 0.6166059 2.356308 0.2604287 0.6271456 2.334529 -0.1748839 0.8161713 2.23481 0.1718597 0.805137 2.228277 -0.1361901 0.8666933 2.212798 0.1349275 0.8610454 2.202468 0.02026369 0.1732776 2.478314 0.01834743 0.115896 2.443094 -0.058897 0.04299419 2.436135 0.09765799 0.04403153 2.435912 -0.07962156 -0.4652566 2.576294 0.1148365 -0.4522585 2.531687 -0.08521776 -0.840897 2.669108 0.1239309 -0.8527455 2.635005 -0.0960541 -0.9136541 2.659028 0.1135295 -0.9230655 2.613568
0.007727088 0.6562169 2.444072 0.01329797 0.4836308 2.464516 -0.1528564 0.4453003 2.490056 0.1780012 0.4416144 2.463142 -0.2412328 0.6058583 2.362292 0.2559099 0.6313338 2.331501 -0.1669422 0.8128856 2.233924 0.1615892 0.802551 2.225149 -0.126259 0.8614703 2.211153 0.1206205 0.8558629 2.19616 0.02098529 0.1806014 2.476192 0.01963915 0.1251942 2.440164 -0.05849507 0.05410065 2.431506 0.1011526 0.05253055 2.433519 -0.07831584 -0.4628965 2.575349 0.108087 -0.4264232 2.527544 -0.08612829 -0.8407071 2.666292 0.1235828 -0.8413818 2.630264 -0.09263126 -0.8860447 2.591913 0.1157733 -0.9138073 2.615903
0.006750669 0.6550488 2.444862 0.01499554 0.4903859 2.462241 -0.14915 0.4518583 2.488334 0.1770987 0.4462851 2.460848 -0.2390312 0.6044856 2.362807 0.2513848 0.6357201 2.328952 -0.1626294 0.8112918 2.232761 0.1513401 0.8005185 2.220833 -0.1213466 0.859552 2.210383 0.1046936 0.8508271 2.190823 0.02245656 0.1873267 2.474996 0.02073209 0.1311274 2.439091 -0.05748152 0.06127432 2.430392 0.1018792 0.05782401 2.432966 -0.07797478 -0.4566076 2.569552 0.1088502 -0.4304406 2.526748 -0.08589168 -0.8403108 2.66624 0.1237707 -0.8447824 2.631521 -0.093279 -0.9133946 2.655427 0.114571 -0.9165386 2.614814
0.006108972 0.6559356 2.444236 0.01487559 0.4912243 2.461391 -0.1489834 0.4523885 2.488552 0.1770196 0.4482444 2.460215 -0.2381655 0.6024215 2.364175 0.2497436 0.63779 2.32706 -0.1613703 0.8095207 2.232301 0.1496329 0.7996631 2.21972 -0.1191006 0.8570961 2.208867 0.1036861 0.8501498 2.18996 0.02245348 0.188241 2.474865 0.02058682 0.1319434 2.439021 -0.05751706 0.06160665 2.430595 0.1015008 0.05879536 2.432778 -0.07790213 -0.4566443 2.569698 0.1140662 -0.4527718 2.533816 -0.08668534 -0.8396078 2.666332 0.1244614 -0.8563865 2.635198 -0.09362902 -0.8849545 2.591998 0.1126387 -0.9251505 2.609811
0.00601279 0.6559451 2.444206 0.01485545 0.4912502 2.461395 -0.1492029 0.4525043 2.488596 0.1765743 0.4489537 2.459741 -0.2354666 0.6183663 2.35542 0.2489537 0.641583 2.325062 -0.1613811 0.8096538 2.231972 0.150929 0.7987003 2.219184 -0.1197773 0.8571301 2.208539 0.103978 0.8495357 2.18825 0.02257744 0.1877848 2.47503 0.02067143 0.1311431 2.43924 -0.05745568 0.06032389 2.430607 0.1016634 0.05761075 2.433522 -0.07873765 -0.4589382 2.57151 0.1150011 -0.4522361 2.533633 -0.0858738 -0.8404034 2.668067 0.1251843 -0.8581627 2.635926 -0.09711289 -0.9127086 2.655479 0.1120152 -0.926353 2.609668
0.005953864 0.6551731 2.443973 0.01463138 0.4902983 2.460653 -0.1493712 0.4528583 2.48847 0.1756908 0.4489764 2.459126 -0.2362421 0.6195526 2.35421 0.2491342 0.6403912 2.325299 -0.1687955 0.8110961 2.231716 0.1615986 0.797051 2.217568 -0.1316448 0.8619127 2.207812 0.1186722 0.851007 2.183451 0.02241084 0.1869029 2.475512 0.02039629 0.1298971 2.440261 -0.0566912 0.05791339 2.433304 0.1003833 0.05662119 2.434667 -0.07946011 -0.4615275 2.573697 0.114787 -0.454251 2.535306 -0.08605329 -0.841022 2.666409 0.1275977 -0.8587164 2.637233 -0.09327453 -0.8863853 2.59211 0.1134851 -0.9278352 2.614075
0.00500006 0.6535651 2.443415 0.01421942 0.4874224 2.46052 -0.150035 0.4532623 2.488414 0.17261 0.4467808 2.457898 -0.2400602 0.6213586 2.353094 0.2518098 0.6391041 2.325624 -0.1815681 0.8171365 2.230308 0.1855012 0.8024545 2.214699 -0.1618572 0.8746546 2.201379 0.1610076 0.8569471 2.183644 0.02151942 0.1846974 2.475588 0.01925649 0.1277776 2.440568 -0.05793285 0.05514956 2.434498 0.09886825 0.05528458 2.434261 -0.07911225 -0.4642436 2.575306 0.1178401 -0.4647239 2.539686 -0.08486635 -0.8424812 2.667389 0.1257606 -0.8577186 2.638701 -0.09237658 -0.887845 2.593119 0.1151962 -0.9254379 2.610145
0.004551954 0.6532848 2.44285 0.01434358 0.4858115 2.460155 -0.1504095 0.4529755 2.488343 0.1723738 0.4464437 2.457584 -0.249061 0.6225049 2.35341 0.2634178 0.6337813 2.328071 -0.2287025 0.8099121 2.237159 0.2156782 0.8031084 2.2186 -0.1978596 0.8628126 2.20916 0.1802801 0.8573835 2.186025 0.02188987 0.1768133 2.476612 0.01964356 0.1176957 2.442566 -0.05704315 0.0415679 2.437113 0.09871934 0.04768054 2.436573 -0.07941413 -0.4667106 2.57625 0.1172445 -0.4652003 2.540982 -0.0849692 -0.8373165 2.669737 0.1287072 -0.8593689 2.639744 -0.09253983 -0.8827176 2.595497 0.1315861 -0.9284525 2.612691
0.002601878 0.6534703 2.440223 0.01039037 0.4833197 2.460781 -0.1523112 0.4512751 2.488783 0.1716112 0.4434518 2.459029 -0.266791 0.5974075 2.366553 0.2778341 0.6228008 2.333044 -0.2535993 0.8058218 2.23632 0.2408966 0.8038478 2.216623 -0.2383667 0.8642381 2.206503 0.2261287 0.8611142 2.184436 0.01894786 0.172522 2.477208 0.01713238 0.1132244 2.443471 -0.0587562 0.03874487 2.437717 0.09588633 0.04067649 2.437712 -0.07967331 -0.4631808 2.575456 0.1195651 -0.4578833 2.538359 -0.0852119 -0.8370999 2.67008 0.1279251 -0.8590213 2.636993 -0.09247962 -0.8825123 2.595817 0.1275957 -0.9280663 2.609691
0.002969881 0.653778 2.4397 0.01061263 0.4833992 2.461205 -0.1523753 0.4443998 2.48773 0.1720336 0.4424764 2.459488 -0.2790821 0.5934207 2.366099 0.2929932 0.6112905 2.337037 -0.29144 0.7987787 2.228673 0.2894017 0.7954338 2.208466 -0.2821023 0.8583807 2.198777 0.2750198 0.852149 2.175151 0.01912281 0.1682071 2.477764 0.01738271 0.1070894 2.444404 -0.05841217 0.03137793 2.439019 0.09577164 0.03594984 2.438116 -0.07925202 -0.4641307 2.575682 0.1195818 -0.4581067 2.538504 -0.0853537 -0.8371854 2.670194 0.1280258 -0.8595027 2.63804 -0.09235033 -0.8826156 2.595915 0.1284135 -0.9297493 2.613996
0.002932219 0.6536881 2.439643 0.01057495 0.4829204 2.461911 -0.1540996 0.4396635 2.488662 0.1728351 0.4400792 2.460682 -0.3018539 0.586018 2.363911 0.306347 0.5976331 2.338806 -0.3260598 0.7829205 2.220253 0.3082307 0.7893538 2.196937 -0.3273974 0.8230112 2.191626 0.3050374 0.8449017 2.159021 0.01914327 0.1659913 2.477912 0.01748394 0.1048357 2.444707 -0.05806543 0.02888276 2.439064 0.09570786 0.03282072 2.438389 -0.07920642 -0.4643293 2.575694 0.119773 -0.4579062 2.538027 -0.08397933 -0.8370671 2.671506 0.1278809 -0.8596159 2.63816 -0.09090316 -0.8824943 2.597218 0.1201609 -0.9291101 2.613183
0.002156501 0.6540644 2.438839 0.01108036 0.4828418 2.462198 -0.1559194 0.4330706 2.489974 0.1746088 0.4382904 2.461354 -0.321164 0.5713955 2.364677 0.3353537 0.576457 2.343084 -0.3693033 0.7303796 2.221662 0.3510383 0.7622159 2.171947 -0.3763547 0.7837831 2.181926 0.3415114 0.8166156 2.133436 0.01951277 0.1640569 2.477873 0.01769648 0.1025147 2.444907 -0.05826865 0.0252686 2.439594 0.09603772 0.02966766 2.438198 -0.07944849 -0.4649895 2.576127 0.1194004 -0.4548165 2.535988 -0.08416295 -0.8372158 2.67117 0.1264662 -0.8591647 2.637602 -0.09126045 -0.8826428 2.596897 0.1014628 -0.9289701 2.633726
0.001552998 0.6552569 2.43914 0.01157033 0.4823967 2.463769 -0.1576343 0.4305956 2.491523 0.1757685 0.4367502 2.462524 -0.3349335 0.5506201 2.371632 0.3461439 0.5642836 2.346105 -0.3979886 0.6938383 2.222701 0.3744729 0.7154504 2.172976 -0.4151062 0.7431389 2.175312 0.37544 0.7560905 2.130113 0.01966979 0.1626329 2.478231 0.01779096 0.1011676 2.445211 -0.05819228 0.02291979 2.439862 0.09607464 0.02812057 2.438142 -0.07913544 -0.4661982 2.577016 0.1197689 -0.4542342 2.535577 -0.08287251 -0.8421197 2.673415 0.1273694 -0.8576552 2.637911 -0.09088814 -0.9151347 2.66257 0.09462762 -0.9242414 2.635206
0.000742737 0.6556624 2.439269 0.01227284 0.4811795 2.465029 -0.1592852 0.4272363 2.492923 0.1773738 0.4340484 2.464768 -0.3439644 0.5272722 2.384218 0.3592941 0.5518385 2.349468 -0.4199583 0.662361 2.233116 0.3897786 0.6826447 2.175251 -0.443308 0.7184615 2.170308 0.3882538 0.7196777 2.124234 0.02004769 0.1606852 2.478894 0.01821769 0.09936028 2.445769 -0.05779053 0.02023564 2.440677 0.09656142 0.02587085 2.43823 -0.0790111 -0.4662324 2.577247 0.1202452 -0.440474 2.525311 -0.08310425 -0.840923 2.6724 0.1270391 -0.8531055 2.636129 -0.0937966 -0.9133226 2.659865 0.1039326 -0.923424 2.630252
0.0005732144 0.6558538 2.43932 0.01272522 0.4804351 2.466112 -0.1600735 0.424555 2.493491 0.1795257 0.4315519 2.467256 -0.3526778 0.5130509 2.386463 0.3661461 0.5423124 2.350835 -0.428071 0.6511327 2.234146 0.3950909 0.6687666 2.170901 -0.463181 0.6997167 2.167879 0.3917734 0.7074686 2.117929 0.02018927 0.1593993 2.479482 0.01854218 0.0981429 2.446208 -0.05770221 0.01836609 2.441413 0.09718325 0.02422049 2.438166 -0.07780219 -0.4670432 2.577636 0.1211649 -0.4462199 2.527997 -0.08479214 -0.8424962 2.670111 0.1260044 -0.859103 2.633957 -0.09118216 -0.8878958 2.595755 0.1095155 -0.9272505 2.609519
0.0007935846 0.6559548 2.439552 0.01336221 0.4798307 2.466598 -0.1601203 0.4237112 2.493842 0.1811345 0.4295632 2.469113 -0.3525802 0.5106208 2.387319 0.3773535 0.5272801 2.354126 -0.4360157 0.6445358 2.236014 0.3973876 0.6601992 2.16947 -0.4706801 0.6951965 2.169076 0.3944657 0.6984506 2.111039 0.02000472 0.1586742 2.47986 0.01841013 0.0974659 2.446514 -0.0579658 0.01793973 2.441607 0.09684122 0.02269382 2.43856 -0.08039822 -0.4665608 2.577513 0.1190177 -0.4454965 2.52797 -0.08482964 -0.8424368 2.670131 0.1260671 -0.8557382 2.633583 -0.09080853 -0.8878371 2.595741 0.1089279 -0.9241934 2.610486
0.0008728363 0.6556668 2.439768 0.01319904 0.4794077 2.466715 -0.1600972 0.4227611 2.493809 0.181298 0.4288871 2.469626 -0.3560324 0.5070696 2.386956 0.3778276 0.525934 2.354583 -0.44603 0.6488202 2.234856 0.3975831 0.6600641 2.169453 -0.4751383 0.6953048 2.172149 0.3945341 0.6983619 2.111199 0.01996743 0.1579335 2.480316 0.01847778 0.09667136 2.447043 -0.05772904 0.01707638 2.441961 0.09685686 0.02203204 2.43939 -0.08042159 -0.4666217 2.577542 0.1196447 -0.4496555 2.529662 -0.08482276 -0.8412452 2.670859 0.1249743 -0.8521514 2.638428 -0.09560851 -0.9140483 2.661021 0.1102701 -0.9200526 2.612225
0.000694895 0.6559597 2.440004 0.0131139 0.479344 2.466759 -0.1609489 0.4227391 2.493834 0.1813716 0.428927 2.469685 -0.3565585 0.5073798 2.38732 0.3778352 0.5261381 2.354815 -0.44787 0.6510845 2.241366 0.397644 0.6641219 2.17143 -0.4829232 0.7045317 2.179811 0.3956503 0.702822 2.115128 0.019864 0.1578623 2.480391 0.01838683 0.09661251 2.44713 -0.05831151 0.01684784 2.442272 0.09695393 0.02184314 2.439405 -0.08280873 -0.4583626 2.570985 0.1156239 -0.4505484 2.532819 -0.08485454 -0.8419074 2.671307 0.1248257 -0.8523629 2.638057 -0.09320473 -0.9149603 2.660963 0.1083233 -0.9205194 2.613648
0.0003945734 0.6560469 2.439977 0.01277662 0.479106 2.466115 -0.1611809 0.4227453 2.493518 0.1815775 0.4293512 2.469563 -0.3553019 0.5100632 2.387351 0.3762221 0.5300004 2.353947 -0.4532083 0.6685207 2.251133 0.401031 0.6863074 2.176319 -0.4889568 0.7205541 2.196931 0.4002028 0.7275314 2.125584 0.01982132 0.1578337 2.480337 0.01838979 0.09651639 2.447206 -0.05825591 0.0167145 2.442337 0.09700681 0.02157055 2.439783 -0.08077855 -0.461749 2.572916 0.1133398 -0.465653 2.541756 -0.08526813 -0.8421193 2.670787 0.125074 -0.8518726 2.640123 -0.09551258 -0.9140189 2.655326 0.1095367 -0.9196577 2.614098
0.0003699387 0.6563318 2.439588 0.01277439 0.479157 2.466044 -0.1612838 0.4227885 2.493261 0.1818681 0.4299905 2.469034 -0.3523882 0.5262996 2.389058 0.3706669 0.548919 2.356281 -0.4538437 0.6758277 2.255624 0.4044081 0.7053482 2.1848 -0.488616 0.7292167 2.207664 0.4070941 0.7489809 2.138886 0.02017056 0.1579867 2.480233 0.01887257 0.09672254 2.447213 -0.05788781 0.01679793 2.44218 0.09825394 0.02197482 2.440084 -0.07809538 -0.4644939 2.576604 0.1169068 -0.4609101 2.537775 -0.08436807 -0.8471309 2.672391 0.1250904 -0.8518637 2.640085 -0.09470299 -0.9191037 2.657334 0.1142144 -0.9200349 2.612735
-0.0002425916 0.6563697 2.437437 0.01274994 0.4791154 2.466083 -0.1614978 0.4228943 2.492813 0.1819476 0.430683 2.468297 -0.3526193 0.5381352 2.38797 0.3686228 0.5585701 2.357399 -0.4564109 0.6876076 2.261916 0.415735 0.723585 2.196229 -0.4929141 0.7413025 2.218431 0.4213851 0.7677559 2.148918 0.0202196 0.1580138 2.480082 0.01891533 0.09681871 2.447046 -0.05809055 0.01686353 2.441683 0.09864493 0.02219553 2.439771 -0.07851921 -0.4649248 2.578298 0.1181271 -0.4636123 2.539858 -0.08491953 -0.8440884 2.672986 0.1249879 -0.8524656 2.638664 -0.09084112 -0.8895048 2.598597 0.1070245 -0.922516 2.621814
-0.001491193 0.6560388 2.435632 0.0121116 0.4785585 2.465857 -0.1618524 0.4229891 2.492284 0.1815439 0.4309759 2.46779 -0.3534959 0.5423161 2.388029 0.3679322 0.562628 2.358888 -0.4693437 0.7037807 2.265087 0.4221336 0.7278466 2.199879 -0.5023255 0.7498904 2.223752 0.4322957 0.7715144 2.158301 0.02016789 0.1577557 2.480048 0.01893002 0.09656449 2.447122 -0.05792215 0.01657246 2.441668 0.09865668 0.02196066 2.440025 -0.07823545 -0.4642646 2.578041 0.1181933 -0.4630236 2.540002 -0.08501417 -0.8439955 2.672826 0.1246281 -0.855434 2.640269 -0.0909328 -0.8894166 2.598439 0.1187095 -0.9008551 2.565882
-0.001622711 0.6559514 2.435089 0.01181135 0.4781951 2.465677 -0.1620112 0.4230405 2.492157 0.181472 0.4311827 2.467158 -0.3555452 0.5447635 2.388225 0.3695834 0.5674869 2.359226 -0.4727317 0.7025775 2.269525 0.4451857 0.7411161 2.201808 -0.5092949 0.748914 2.228138 0.4485159 0.7764488 2.164999 0.02025987 0.1576457 2.48 0.01903459 0.09643567 2.447215 -0.05768716 0.01637644 2.441779 0.09883919 0.021797 2.440228 -0.07785179 -0.4654391 2.578266 0.1178857 -0.4615795 2.539612 -0.08698112 -0.8384565 2.673513 0.1245487 -0.8540534 2.638174 -0.09301871 -0.8838811 2.599137 0.1121355 -0.9256506 2.622889
-0.001596048 0.6559615 2.43458 0.01149843 0.4772712 2.464943 -0.162188 0.4229796 2.492036 0.1812694 0.4312258 2.4666 -0.3590675 0.543539 2.389824 0.3736413 0.5688323 2.358878 -0.482748 0.6773236 2.285079 0.4660417 0.722374 2.21278 -0.5278758 0.7404546 2.232292 0.4781147 0.7719881 2.16704 0.02020231 0.1575368 2.479792 0.01898044 0.09634755 2.44722 -0.05770751 0.01626227 2.441864 0.09875224 0.02171834 2.440233 -0.07745802 -0.4662697 2.579072 0.1177799 -0.4612682 2.539393 -0.08595844 -0.8389512 2.673645 0.124493 -0.8538516 2.637847 -0.09215372 -0.9101994 2.653663 0.1158869 -0.9250681 2.618661
-0.001315759 0.6562505 2.434469 0.01150667 0.4772017 2.464863 -0.1622805 0.4228387 2.492111 0.1813771 0.4306447 2.466371 -0.3666205 0.5258921 2.38755 0.3798343 0.5652633 2.359846 -0.4940727 0.6600155 2.286771 0.4779169 0.7058336 2.216144 -0.5508218 0.7155907 2.233379 0.5086262 0.7482738 2.169176 0.02025861 0.1574769 2.479594 0.01902746 0.09629023 2.44719 -0.05764148 0.01618197 2.441896 0.0988286 0.02162162 2.440114 -0.07720896 -0.4663457 2.57906 0.117603 -0.4609956 2.539081 -0.08567517 -0.8379441 2.673319 0.1242624 -0.8528757 2.63868 -0.09239848 -0.9098579 2.656078 0.1180648 -0.8983104 2.564322
-0.001645764 0.6552396 2.434575 0.01161366 0.4771468 2.465063 -0.162677 0.4223127 2.493112 0.1814218 0.4302602 2.466406 -0.3705752 0.5198895 2.392296 0.3918273 0.5496497 2.358905 -0.5160671 0.6390435 2.28095 0.5053465 0.6773805 2.207457 -0.5720042 0.6853855 2.232987 0.5277423 0.7226272 2.165381 0.01986965 0.1569396 2.479654 0.01834029 0.09558652 2.447414 -0.05842827 0.01579182 2.442543 0.0972828 0.01980821 2.439701 -0.07722045 -0.4663559 2.579075 0.1155742 -0.4633011 2.541584 -0.08537331 -0.8379448 2.674173 0.1272479 -0.848814 2.637995 -0.09321211 -0.9100934 2.658448 0.120828 -0.8942476 2.563654
-0.00172698 0.6554278 2.434524 0.01181711 0.4770489 2.465066 -0.1628093 0.4214059 2.493793 0.181797 0.4286791 2.466761 -0.373098 0.504198 2.39281 0.398106 0.5309942 2.364885 -0.5251732 0.6171427 2.281762 0.5293071 0.6518075 2.195687 -0.5809904 0.6592968 2.232711 0.5557866 0.6845938 2.154631 0.01954984 0.1564167 2.479486 0.01782188 0.09493847 2.447367 -0.05943719 0.01477431 2.443006 0.09662466 0.01915375 2.4392 -0.07740378 -0.4666797 2.579324 0.1171327 -0.4596755 2.538508 -0.08663651 -0.8415568 2.673469 0.1269606 -0.8486018 2.640396 -0.09148481 -0.9137214 2.656647 0.1066702 -0.9182996 2.624752
-0.001647792 0.655468 2.434558 0.01214417 0.4771168 2.46518 -0.1626859 0.4198718 2.494195 0.1832717 0.426779 2.467892 -0.3732524 0.4966885 2.394216 0.4057205 0.5110474 2.373228 -0.5518996 0.6043785 2.266296 0.5326859 0.6318862 2.191794 -0.5890054 0.6383231 2.232338 0.5623221 0.6657336 2.148979 0.01957594 0.155839 2.479391 0.01790708 0.09417428 2.44734 -0.05938476 0.0138272 2.443054 0.09670444 0.018232 2.439013 -0.07743184 -0.4673702 2.579279 0.1191292 -0.4691381 2.542012 -0.08655709 -0.8412388 2.675217 0.1273408 -0.8500693 2.641158 -0.09201173 -0.9131405 2.657476 0.1072334 -0.9177706 2.618211
-0.001551634 0.6572757 2.436253 0.01215036 0.4771159 2.465228 -0.1630354 0.4197407 2.494691 0.1837221 0.4248019 2.469524 -0.375696 0.489517 2.39984 0.4049116 0.5059665 2.373671 -0.5542974 0.602726 2.26466 0.5332638 0.6200887 2.192071 -0.5919158 0.6341987 2.23021 0.5625681 0.6532826 2.144679 0.01951699 0.1553839 2.479499 0.01802107 0.09358104 2.447588 -0.05918916 0.01290448 2.443375 0.09691156 0.01763755 2.439289 -0.07623481 -0.4694541 2.579621 0.1192342 -0.4689004 2.541745 -0.08707246 -0.8388606 2.672281 0.1266606 -0.8524885 2.64 -0.09146065 -0.9112588 2.656353 0.1122152 -0.9197007 2.611924
-0.001415842 0.65781 2.43672 0.01270499 0.4774537 2.465163 -0.1630727 0.419332 2.494902 0.1845169 0.4236366 2.470695 -0.3762438 0.4883054 2.40154 0.4055317 0.5041217 2.374688 -0.544857 0.5969659 2.272143 0.5338056 0.6173438 2.191753 -0.5913117 0.6333078 2.230409 0.5638229 0.6509196 2.144027 0.01950838 0.1550741 2.479488 0.01808047 0.09307552 2.447752 -0.05919657 0.01234359 2.443641 0.0969331 0.01692281 2.4395 -0.07608467 -0.469996 2.579669 0.1188364 -0.4693671 2.542187 -0.08732462 -0.8387985 2.671319 0.1248372 -0.8567291 2.641043 -0.09148531 -0.9115911 2.657231 0.1149251 -0.9232079 2.60947
-0.001324264 0.6576517 2.43675 0.01281693 0.4774067 2.465684 -0.163139 0.4193314 2.494924 0.1846804 0.4234045 2.471049 -0.3766518 0.4887523 2.402132 0.4047642 0.502429 2.375555 -0.5437784 0.601779 2.272083 0.5339282 0.6178026 2.192199 -0.5876482 0.6376635 2.23181 0.5638649 0.6524013 2.145329 0.01944815 0.154793 2.479617 0.01804717 0.09282575 2.447907 -0.05922557 0.01204066 2.443717 0.09689577 0.01668718 2.439631 -0.07596859 -0.4738362 2.580535 0.118572 -0.4721434 2.544863 -0.08692927 -0.8396859 2.670398 0.1254715 -0.8549806 2.638855 -0.09204783 -0.9118893 2.653812 0.1138724 -0.9223081 2.60975
-0.001263156 0.6572946 2.436667 0.01276964 0.4774069 2.465653 -0.163187 0.4194027 2.494955 0.1845023 0.4229683 2.47107 -0.3770986 0.4935214 2.403911 0.4042558 0.501961 2.375834 -0.5333828 0.6162949 2.27986 0.5307613 0.6245345 2.199573 -0.5799288 0.6588275 2.236409 0.5579571 0.6635597 2.15897 0.01950242 0.1545316 2.479591 0.0181638 0.09248455 2.447987 -0.05895371 0.01160604 2.443824 0.09701215 0.01651285 2.439744 -0.07571329 -0.473804 2.580505 0.1181845 -0.4717328 2.544779 -0.08646086 -0.8386534 2.670235 0.1254367 -0.8550074 2.638855 -0.09184673 -0.9110321 2.654517 0.1146532 -0.9224052 2.609598
-0.001374153 0.6558577 2.435683 0.01227855 0.4767205 2.465039 -0.1631665 0.4192514 2.494767 0.1845168 0.4229853 2.471006 -0.377127 0.4994297 2.405282 0.4036646 0.5066754 2.37758 -0.5246006 0.6261737 2.286667 0.5278256 0.6400445 2.213082 -0.5732392 0.6747048 2.239194 0.5568536 0.6810292 2.16715 0.01943104 0.1544714 2.479436 0.01815042 0.09244586 2.44799 -0.05893113 0.01160161 2.443733 0.09703159 0.01634913 2.440085 -0.07646473 -0.4748145 2.580725 0.1176718 -0.4699711 2.544291 -0.08679172 -0.833592 2.671332 0.1251186 -0.8549041 2.639244 -0.09462634 -0.905977 2.656708 0.1152772 -0.9221365 2.609281
-0.00127156 0.6553358 2.434746 0.01215198 0.4764352 2.464647 -0.1631534 0.4192489 2.494716 0.1845544 0.4227751 2.470714 -0.3755293 0.5030923 2.402975 0.4064791 0.5107905 2.381562 -0.5158458 0.6354686 2.294966 0.5333872 0.6525809 2.219425 -0.5692145 0.6880212 2.243706 0.5609637 0.694488 2.178166 0.01928685 0.1542471 2.479167 0.01801585 0.09224598 2.447925 -0.05898774 0.01155143 2.443753 0.09685338 0.01603522 2.439974 -0.07724118 -0.4742057 2.580866 0.1179602 -0.4691217 2.543828 -0.08680406 -0.8335873 2.671325 0.1245273 -0.8547725 2.639114 -0.09243956 -0.8790458 2.596929 0.1137943 -0.9233006 2.612588
-0.0008196121 0.6559755 2.433923 0.01224312 0.4765805 2.464379 -0.1630729 0.4192257 2.494549 0.1848694 0.4226766 2.470427 -0.3750685 0.5062448 2.40158 0.4091298 0.5146726 2.385447 -0.5148038 0.6388905 2.296883 0.5395622 0.6609997 2.228274 -0.5696365 0.6939947 2.246384 0.572136 0.7057642 2.188764 0.01927709 0.1542438 2.47897 0.01800413 0.09220998 2.447903 -0.05900395 0.01152657 2.443715 0.09683967 0.01596765 2.440006 -0.07680845 -0.4722722 2.580678 0.1180497 -0.4686106 2.543515 -0.08688471 -0.8340669 2.671537 0.1253057 -0.8546873 2.63897 -0.09254185 -0.8795297 2.597144 0.1132574 -0.9228621 2.612099
-0.0006285204 0.6555484 2.432595 0.01188551 0.4759536 2.463296 -0.162916 0.4188905 2.49365 0.1851481 0.4223624 2.469933 -0.3752744 0.5063182 2.401437 0.4100899 0.5148554 2.386288 -0.5151804 0.6400757 2.300702 0.5540122 0.6651739 2.237575 -0.5712949 0.6957531 2.251496 0.5839733 0.7068718 2.200871 0.01915447 0.1540993 2.478341 0.01797678 0.09208565 2.447614 -0.05907376 0.01138351 2.443414 0.09693008 0.01589041 2.439855 -0.07788906 -0.4716678 2.579701 0.1167883 -0.4725733 2.546397 -0.08856605 -0.8322925 2.671547 0.1253403 -0.8544249 2.638368 -0.09412379 -0.877769 2.597153 0.1187186 -0.9252716 2.617107
-0.001030113 0.6549436 2.431419 0.01175654 0.4756151 2.462932 -0.1628084 0.4185635 2.4933 0.1849293 0.4222124 2.469437 -0.3780837 0.5075756 2.405735 0.4118107 0.5145549 2.386385 -0.5278157 0.6403457 2.303969 0.5692817 0.6539531 2.253904 -0.5826405 0.6917446 2.260791 0.6137413 0.6977702 2.221119 0.01913182 0.1538139 2.477917 0.01797916 0.09182551 2.447461 -0.05889735 0.01110848 2.443253 0.09689311 0.01583456 2.439812 -0.07650793 -0.4725996 2.5824 0.1160116 -0.4792375 2.550002 -0.08752799 -0.8361204 2.67677 0.1257282 -0.8546737 2.639962 -0.093127 -0.8816006 2.602381 0.1265756 -0.9243811 2.614362
-0.00114944 0.6545919 2.430339 0.01223715 0.4758109 2.462773 -0.1627279 0.4182872 2.493093 0.1850485 0.4222113 2.469234 -0.3806174 0.5043887 2.409849 0.4143317 0.5120409 2.387737 -0.5534886 0.6283053 2.308404 0.5880817 0.6301501 2.274206 -0.6023313 0.6707364 2.273918 0.6387574 0.6764719 2.236214 0.0191156 0.1538301 2.477564 0.01792296 0.09182884 2.44728 -0.05905633 0.01114749 2.442955 0.09679148 0.0158309 2.439652 -0.07721301 -0.4708421 2.581267 0.1166491 -0.4569496 2.535001 -0.08744218 -0.8361183 2.676961 0.1280314 -0.8535738 2.64123 -0.0930445 -0.8815982 2.602571 0.1186612 -0.9246735 2.621933
-0.001142544 0.6542503 2.429919 0.0124133 0.4759803 2.462531 -0.1625357 0.4171968 2.492818 0.185157 0.4218616 2.469094 -0.3836159 0.4953541 2.419283 0.416378 0.5073428 2.388054 -0.5763324 0.611284 2.310493 0.6068738 0.6134878 2.278866 -0.6183876 0.6463224 2.279918 0.6605344 0.6459529 2.249472 0.01906077 0.1533969 2.477204 0.01782758 0.09116439 2.447111 -0.05915237 0.01047546 2.442975 0.0966124 0.01526204 2.439435 -0.07680105 -0.4720469 2.58232 0.1186763 -0.4627613 2.538687 -0.08891547 -0.8325834 2.674627 0.1284357 -0.8520868 2.640714 -0.09449995 -0.8780658 2.600236 0.1192572 -0.9205331 2.613395
-0.000623457 0.6540318 2.429464 0.01273662 0.4761347 2.462623 -0.1625618 0.4171616 2.492805 0.1855845 0.4214373 2.4691 -0.3844738 0.4879116 2.423797 0.41961 0.4983689 2.390646 -0.5810667 0.5881191 2.319314 0.6177419 0.5948405 2.285507 -0.624112 0.6198217 2.287919 0.6743654 0.6236888 2.258166 0.01918803 0.1532023 2.477159 0.01796417 0.09087939 2.447272 -0.05893384 0.009920221 2.443358 0.09668842 0.01495316 2.43953 -0.0768317 -0.4720617 2.582284 0.1231261 -0.4687954 2.543184 -0.08701857 -0.8362665 2.673875 0.1285815 -0.8524044 2.640617 -0.09258429 -0.881751 2.599483 0.1176943 -0.9205809 2.613249
-0.0005061062 0.6536803 2.428684 0.01272175 0.4761769 2.46224 -0.1627075 0.4171073 2.492871 0.1866594 0.4202 2.469562 -0.3856029 0.480191 2.425849 0.4236834 0.4834449 2.396182 -0.5859622 0.5701078 2.325314 0.6231079 0.5767566 2.290198 -0.6345531 0.5875181 2.301586 0.678472 0.610237 2.260347 0.01917207 0.1532492 2.476954 0.01803204 0.09089343 2.447283 -0.05881375 0.00982799 2.443409 0.09685585 0.01490046 2.439619 -0.07652608 -0.4702282 2.581393 0.116482 -0.4609156 2.541231 -0.08622126 -0.8369361 2.673042 0.1295421 -0.8538632 2.636598 -0.09165369 -0.8824288 2.598644 0.1181883 -0.9230906 2.612219
-0.0009817731 0.6534726 2.428339 0.01271028 0.4760247 2.462073 -0.1630852 0.416059 2.492497 0.1861342 0.4192264 2.469784 -0.3873272 0.4757556 2.427384 0.4247662 0.4765471 2.399953 -0.5871116 0.5636023 2.329648 0.6270499 0.5702887 2.290208 -0.6369691 0.5833476 2.305715 0.6860682 0.598878 2.25931 0.01903884 0.1525454 2.476585 0.01794861 0.09009089 2.447118 -0.05880949 0.009002007 2.443464 0.09668813 0.0142245 2.43934 -0.07618562 -0.4702806 2.581005 0.1164743 -0.4608926 2.541246 -0.08596335 -0.8380617 2.672629 0.1293149 -0.8538719 2.636577 -0.09126069 -0.8835564 2.598221 0.1240176 -0.8993666 2.562169
-0.0002653562 0.6537067 2.428249 0.01299962 0.4759636 2.462114 -0.1631089 0.4157369 2.492271 0.1864028 0.4186596 2.470474 -0.3878647 0.4743233 2.427634 0.4249752 0.4730808 2.401423 -0.588868 0.5620671 2.331955 0.6270319 0.569322 2.290176 -0.6455505 0.5840113 2.307797 0.6851403 0.5982086 2.259241 0.01916113 0.1522131 2.476461 0.01814434 0.08971015 2.447153 -0.05871837 0.008690592 2.443331 0.09701936 0.0135561 2.439635 -0.07603148 -0.4683562 2.578915 0.1162026 -0.4600052 2.540822 -0.08583829 -0.8377486 2.675638 0.1289386 -0.8492047 2.635937 -0.09289723 -0.9109873 2.665531 0.1195191 -0.9200733 2.615818
-0.000199724 0.6529787 2.428187 0.01271242 0.4753228 2.461762 -0.1631095 0.4156969 2.492263 0.1863323 0.4182682 2.470827 -0.3871246 0.473105 2.427889 0.4249402 0.4730529 2.401432 -0.5894084 0.5629956 2.331901 0.6263291 0.5706764 2.288151 -0.6449741 0.5850791 2.30747 0.6831266 0.6001868 2.25737 0.01921408 0.151879 2.47624 0.01829374 0.08939659 2.447153 -0.058376 0.008249628 2.44335 0.09716938 0.01335527 2.439695 -0.07578117 -0.4681173 2.579015 0.1160885 -0.4531644 2.537797 -0.08687431 -0.8367655 2.674841 0.1283434 -0.8472763 2.636508 -0.09448755 -0.9096357 2.662677 0.1127072 -0.91685 2.615747
0.0003473886 0.6526333 2.428207 0.01285468 0.4749812 2.461671 -0.1629991 0.4155692 2.492133 0.1867173 0.4180059 2.471107 -0.3866503 0.474057 2.427941 0.4236814 0.4757027 2.398513 -0.5871544 0.5738401 2.328032 0.6121157 0.5859267 2.275253 -0.6336381 0.6072572 2.299959 0.6572164 0.6237708 2.241561 0.01926528 0.1518926 2.476031 0.01841188 0.08945585 2.447103 -0.05824105 0.008369167 2.442994 0.09742084 0.0133814 2.439842 -0.07574127 -0.4690588 2.578175 0.116271 -0.4535002 2.538094 -0.08721469 -0.8352574 2.672252 0.127598 -0.8441905 2.638952 -0.09209896 -0.8807623 2.59782 0.1134111 -0.9134408 2.616165
