0.04886059 0.6775245 2.466469 0.009583193 0.5192363 2.488265 -0.09955553 0.3888631 2.427987 0.1980707 0.5268539 2.646343 -0.1456857 0.5548684 2.245846 0.3275348 0.6814344 2.622616 -0.06979796 0.7544833 2.13979 0.4105688 0.8779609 2.537401 -0.02353902 0.8255632 2.126482 0.4239396 0.9371343 2.508858 0.0511386 0.2070047 2.493864 0.06618322 0.143475 2.488331 0.004643347 0.05862188 2.4511 0.1506721 0.07768938 2.521535 -0.02271569 -0.4216161 2.557512 0.1562286 -0.4476296 2.648695 -0.0379828 -0.8317639 2.678169 0.2190638 -0.839361 2.712415 0.007734135 -0.875221 2.61751 0.2451572 -0.9070883 2.696132
0.05293012 0.6698806 2.46643 0.01616823 0.51154 2.489652 -0.09781116 0.3928904 2.424772 0.2064475 0.5188733 2.655203 -0.155151 0.5493796 2.237647 0.3341455 0.67612 2.638095 -0.08738246 0.7464353 2.114552 0.4296053 0.8683218 2.546159 -0.04590403 0.8120542 2.093961 0.44057 0.905644 2.525518 0.05095544 0.2069731 2.494622 0.06606261 0.144322 2.489186 0.00463995 0.05845549 2.450915 0.1493218 0.07603367 2.525179 -0.02503933 -0.4241404 2.558197 0.1560235 -0.448049 2.648303 -0.03671579 -0.835013 2.677153 0.2211282 -0.8372064 2.715576 0.01041083 -0.8783585 2.6175 0.2480409 -0.9022558 2.691548
0.05387472 0.6690472 2.467198 0.01732487 0.5105537 2.490159 -0.0976134 0.3929987 2.424561 0.2079317 0.5170001 2.659367 -0.1613252 0.5447809 2.231472 0.3479092 0.6753939 2.651622 -0.09273029 0.7401183 2.098981 0.4519167 0.8388358 2.558202 -0.05251886 0.8009098 2.082339 0.468914 0.8811659 2.531282 0.05106765 0.2064846 2.495739 0.06613761 0.1443748 2.489987 0.004830402 0.05747945 2.450641 0.1489672 0.07335193 2.52879 -0.01499973 -0.4324939 2.565192 0.1560998 -0.4481948 2.648283 -0.03500874 -0.8426307 2.680046 0.2251995 -0.8381159 2.717626 0.01265894 -0.8859316 2.620791 0.2410132 -0.9026263 2.684137
0.05460292 0.665863 2.46837 0.01996095 0.5071309 2.491818 -0.09752403 0.3930041 2.424633 0.2146319 0.5108417 2.668019 -0.1682615 0.5403716 2.223115 0.350158 0.6648357 2.660217 -0.09833521 0.7342538 2.085233 0.4647674 0.8200041 2.566078 -0.05957164 0.7911274 2.065039 0.4875296 0.8612581 2.538413 0.05162218 0.2036854 2.497687 0.06638983 0.1427446 2.491358 0.004328257 0.05441553 2.451096 0.1497656 0.06792369 2.530944 -0.01927118 -0.4289451 2.561101 0.1559683 -0.4484039 2.648418 -0.03637919 -0.8391934 2.681303 0.2258407 -0.8380998 2.715942 0.0119373 -0.8824415 2.622535 0.2386848 -0.9025737 2.681136
0.05662011 0.6648619 2.470644 0.02124268 0.5052827 2.491466 -0.09754554 0.3930685 2.424627 0.2147489 0.5036221 2.672265 -0.1732891 0.5382205 2.217092 0.3589148 0.6542643 2.669262 -0.1045625 0.7297387 2.078377 0.4666518 0.8067982 2.573106 -0.06654265 0.7858204 2.058746 0.492874 0.8530998 2.539302 0.05178399 0.2008449 2.498014 0.06640592 0.1403631 2.491699 0.004016473 0.05295344 2.451325 0.1494036 0.06386988 2.530319 -0.01954887 -0.4263096 2.560248 0.1561804 -0.4486191 2.648369 -0.03890629 -0.8357283 2.682493 0.2242243 -0.8388457 2.713768 0.01011021 -0.8789249 2.624269 0.2431155 -0.9039435 2.68313
0.05715821 0.6631405 2.472344 0.02276284 0.5023389 2.490393 -0.09747012 0.393031 2.424608 0.214954 0.5006267 2.674502 -0.1767859 0.5384027 2.2125 0.3611229 0.6502458 2.67202 -0.1130718 0.7284721 2.071872 0.4682848 0.8026916 2.581071 -0.07801908 0.7836001 2.049856 0.4947673 0.8504951 2.547657 0.05316895 0.1972518 2.498782 0.06761894 0.1369779 2.492926 0.005081925 0.04935992 2.45177 0.1509022 0.05868676 2.532734 -0.02078328 -0.4286512 2.561743 0.1562038 -0.4491934 2.648792 -0.03853986 -0.837972 2.684468 0.2240387 -0.8388186 2.712164 0.01085358 -0.8811662 2.626561 0.2429956 -0.9053226 2.684755
0.05938707 0.6602569 2.473358 0.02528192 0.4985761 2.48904 -0.0953445 0.3929753 2.423813 0.2150059 0.4994112 2.674658 -0.1795149 0.5376754 2.210786 0.3645021 0.6495697 2.674579 -0.1230095 0.729476 2.067839 0.4738732 0.8055456 2.593619 -0.09762112 0.7869562 2.04448 0.5037417 0.8603454 2.569143 0.05440699 0.1934629 2.498686 0.06844835 0.1333095 2.493327 0.005844506 0.04577556 2.452615 0.1508915 0.05715815 2.532576 -0.02288254 -0.4297262 2.561881 0.155715 -0.4511224 2.649339 -0.03798318 -0.8393417 2.684097 0.2243694 -0.8394368 2.711977 0.01180589 -0.8825432 2.626534 0.2504665 -0.9031332 2.683778
0.06444168 0.6584013 2.471792 0.02829367 0.4963458 2.489527 -0.09415562 0.3936672 2.423621 0.2149877 0.4986838 2.674578 -0.1818965 0.5375817 2.209045 0.3702745 0.6496618 2.680144 -0.1345467 0.7328938 2.063373 0.4804629 0.8148957 2.611519 -0.110159 0.7912611 2.041175 0.5079331 0.8708006 2.586735 0.05618926 0.1890809 2.499959 0.06967376 0.1283598 2.495188 0.007461529 0.04268514 2.453803 0.1498795 0.04985849 2.535018 -0.02021453 -0.4372967 2.565268 0.1559449 -0.4522211 2.650017 -0.03887089 -0.8457122 2.686663 0.2230348 -0.8420903 2.710195 0.01112493 -0.8889477 2.629305 0.2593561 -0.906141 2.699619
0.06726863 0.6595584 2.469524 0.03013803 0.4958524 2.490133 -0.09412669 0.3938926 2.423515 0.2137034 0.4954334 2.672316 -0.1852967 0.5368505 2.207327 0.371069 0.648297 2.68142 -0.1483017 0.7353837 2.058061 0.4890048 0.8194872 2.627749 -0.1240118 0.7948338 2.038827 0.5171851 0.8771729 2.60845 0.05707167 0.188359 2.499912 0.07020759 0.1276273 2.495276 0.008146964 0.04154421 2.453593 0.1500091 0.04959289 2.535002 -0.02171624 -0.4365248 2.564365 0.1560316 -0.4521524 2.650006 -0.03845477 -0.8319919 2.6806 0.2223071 -0.8415517 2.709291 0.01145454 -0.8752475 2.62318 0.2581011 -0.9058661 2.698515
0.06947036 0.6598724 2.469811 0.03043106 0.4952677 2.490247 -0.09423608 0.3939902 2.423615 0.2134586 0.4944851 2.672279 -0.1908957 0.5351697 2.206758 0.376346 0.6440582 2.691016 -0.1620148 0.7316601 2.048154 0.4960132 0.8155278 2.641441 -0.1439601 0.7903126 2.021169 0.5253198 0.8744292 2.628556 0.05763338 0.1879679 2.499689 0.07063239 0.1272966 2.495196 0.008754681 0.04078746 2.453167 0.1505744 0.04932312 2.534884 -0.02126786 -0.4301752 2.56138 0.1560312 -0.4521547 2.650007 -0.03782012 -0.831203 2.677746 0.2222922 -0.8417328 2.710545 0.01209414 -0.8744522 2.620324 0.2557555 -0.9063227 2.694985
0.07092302 0.6605747 2.470143 0.03040353 0.4951823 2.490206 -0.09359082 0.3939134 2.423958 0.2134821 0.4933343 2.673026 -0.1966113 0.5327189 2.205692 0.3832041 0.6369258 2.699449 -0.1714393 0.7253996 2.037136 0.5115204 0.7920551 2.664762 -0.1544434 0.7826601 2.006699 0.5369902 0.8520226 2.648974 0.05814678 0.1873682 2.499271 0.07120263 0.1265804 2.494847 0.009694989 0.03967934 2.452625 0.151112 0.04909586 2.534412 -0.01542158 -0.4390549 2.565701 0.1560631 -0.4523892 2.650025 -0.03500929 -0.84157 2.681268 0.2217227 -0.8410466 2.71133 0.01501954 -0.8847935 2.623926 0.2458164 -0.9072014 2.687311
0.072385 0.6604174 2.470171 0.03079518 0.4937367 2.491205 -0.09359514 0.3939267 2.423983 0.2120188 0.4879911 2.672078 -0.2034869 0.519913 2.208823 0.3876622 0.6272248 2.708417 -0.1821251 0.7093807 2.023623 0.5214806 0.7783095 2.672685 -0.1620995 0.7644045 1.990982 0.5556554 0.8336307 2.656384 0.05923509 0.1845594 2.499307 0.07240392 0.1235423 2.494658 0.01110942 0.03790776 2.452034 0.1520009 0.04561516 2.533769 -0.0192085 -0.4330571 2.560478 0.1559469 -0.453335 2.650071 -0.03503788 -0.8389885 2.68074 0.2223898 -0.8414966 2.710843 0.01506088 -0.8821746 2.623429 0.2427007 -0.9096938 2.68915
0.07082553 0.6585635 2.47066 0.03077365 0.4920523 2.492421 -0.09344606 0.3928659 2.424749 0.2102212 0.4836356 2.671645 -0.2085805 0.5100049 2.210017 0.3759735 0.5724925 2.716409 -0.1854274 0.6976221 2.011144 0.5254855 0.7174572 2.690495 -0.172464 0.7302374 1.992553 0.5681005 0.7727048 2.671307 0.05957597 0.1823601 2.499377 0.07288586 0.1213043 2.494391 0.01186292 0.03570189 2.451458 0.1522707 0.04442504 2.533175 -0.02035484 -0.4328855 2.559327 0.1558068 -0.453932 2.649668 -0.03589344 -0.8412512 2.682859 0.2224666 -0.841599 2.710668 0.01426745 -0.8843995 2.625573 0.239738 -0.910867 2.689746
0.07085186 0.658612 2.470581 0.03085214 0.4903488 2.493384 -0.09363212 0.392651 2.425425 0.2100476 0.478572 2.672837 -0.2131014 0.500851 2.210513 0.3971891 0.5931442 2.725687 -0.1999905 0.6558675 2.020267 0.5472786 0.7230049 2.685966 -0.1771074 0.7152049 1.986816 0.5886766 0.7660877 2.669199 0.05946499 0.1817223 2.499473 0.07290027 0.1208695 2.494237 0.01183708 0.0351651 2.451151 0.1523293 0.04412483 2.532765 -0.02058087 -0.4345443 2.558981 0.1577112 -0.4543343 2.649497 -0.0374986 -0.8408841 2.68168 0.2204085 -0.8328781 2.708265 0.0127842 -0.8839995 2.624475 0.2706912 -0.8759935 2.65106
0.07082564 0.658645 2.470589 0.03081566 0.4901236 2.49368 -0.09454536 0.392029 2.426536 0.2093759 0.4756908 2.673309 -0.2147132 0.4970391 2.21042 0.398357 0.5860512 2.727555 -0.2144473 0.6332287 2.03248 0.5528756 0.7105428 2.681367 -0.1805452 0.7060018 1.984695 0.5972214 0.7602099 2.660669 0.05957003 0.1808953 2.499673 0.07320122 0.1199586 2.494144 0.01222052 0.03422978 2.450912 0.1527203 0.04320223 2.532442 -0.02113435 -0.4334197 2.557443 0.1578372 -0.4519158 2.648168 -0.03777331 -0.8404054 2.681865 0.2203608 -0.8336568 2.708705 0.01243317 -0.8835207 2.624592 0.2377902 -0.9040388 2.692067
0.07090086 0.6587217 2.470882 0.03007746 0.4889042 2.493501 -0.09468532 0.3920534 2.426986 0.2082939 0.4727365 2.672687 -0.2161983 0.4935069 2.211386 0.3975163 0.5819584 2.727783 -0.2178019 0.627134 2.038727 0.5539863 0.7105788 2.680518 -0.184373 0.6999523 1.984841 0.5977234 0.7593618 2.661156 0.05915969 0.1785046 2.499609 0.07302281 0.1174287 2.493896 0.01229575 0.03333845 2.450772 0.1524332 0.0401247 2.532035 -0.01994188 -0.4373498 2.558953 0.1596077 -0.4580919 2.650322 -0.03637247 -0.8404839 2.680009 0.2226594 -0.8413535 2.707468 0.01383414 -0.8835943 2.622731 0.2393292 -0.911602 2.689535
0.07099594 0.6591843 2.471189 0.02989392 0.4888292 2.493713 -0.09481468 0.3922479 2.427214 0.2079908 0.4720827 2.672662 -0.2176182 0.4914832 2.21327 0.3968432 0.5802512 2.727857 -0.2160926 0.6372178 2.035821 0.5519724 0.7100899 2.680645 -0.1886494 0.6987313 1.987857 0.5978736 0.7594315 2.661147 0.05908807 0.1779445 2.499798 0.0731455 0.1167676 2.493848 0.01242834 0.03286681 2.450573 0.1526559 0.03947493 2.531953 -0.01893461 -0.4401798 2.561092 0.1595022 -0.4581811 2.650357 -0.03836034 -0.8492195 2.684471 0.2226239 -0.8414356 2.708859 0.01184045 -0.8923245 2.627183 0.2408924 -0.9103627 2.687652
0.07165461 0.6574364 2.470914 0.02999245 0.4879148 2.494355 -0.09509287 0.3921091 2.427682 0.2078762 0.4705219 2.672172 -0.2197965 0.4913522 2.213991 0.3989326 0.5857756 2.729419 -0.2176676 0.642291 2.036486 0.5495257 0.7136336 2.683543 -0.1949587 0.6997473 1.991776 0.5944632 0.7622857 2.663975 0.05905384 0.1775175 2.500043 0.07323718 0.1164869 2.493804 0.01252851 0.03232192 2.450158 0.1528284 0.03913468 2.531928 -0.00973792 -0.4569501 2.571269 0.1591565 -0.4581406 2.650594 -0.03809119 -0.850253 2.684326 0.222366 -0.8406189 2.709165 0.01198571 -0.8933608 2.626931 0.2403797 -0.9086804 2.685131
0.07199225 0.6575601 2.470999 0.02996566 0.4877872 2.494385 -0.09558219 0.3923816 2.428156 0.2078366 0.4702784 2.672145 -0.2227691 0.4923389 2.214175 0.3993366 0.5905383 2.730897 -0.2262341 0.6532614 2.032557 0.5472638 0.7231406 2.692617 -0.2075177 0.702924 1.9958 0.5869718 0.7690953 2.680871 0.05864526 0.1767409 2.500723 0.07282403 0.1155739 2.494478 0.01238472 0.03166794 2.45086 0.1516576 0.03729375 2.532992 -0.01660613 -0.4364353 2.562627 0.1590365 -0.4604312 2.651652 -0.03529117 -0.8456701 2.680976 0.2225033 -0.8418943 2.707998 0.01469668 -0.8888035 2.623521 0.2389198 -0.9108611 2.685444
0.07338089 0.6570415 2.471008 0.03016323 0.4872202 2.494632 -0.09555487 0.3920208 2.428729 0.2080014 0.469895 2.672151 -0.2284618 0.4907494 2.216561 0.4000867 0.5938312 2.732137 -0.2382368 0.6499531 2.035082 0.5480056 0.7281302 2.705507 -0.2304793 0.6955971 1.999788 0.586934 0.7797637 2.702046 0.05857437 0.1766864 2.500884 0.07283448 0.1155731 2.494473 0.01237226 0.03149856 2.450701 0.1517343 0.03734007 2.532995 -0.01952258 -0.4364986 2.562064 0.1590862 -0.4601556 2.651637 -0.03526178 -0.8451356 2.681053 0.2220604 -0.841222 2.707991 0.01463841 -0.8882763 2.623526 0.2363292 -0.9099214 2.683263
0.0736459 0.6573299 2.470405 0.03026897 0.4869525 2.494879 -0.09793377 0.3926094 2.429566 0.2078559 0.4696644 2.671937 -0.2341994 0.4892589 2.216234 0.401094 0.5942056 2.733834 -0.2632298 0.6257158 2.041542 0.5510662 0.7268013 2.715666 -0.2533866 0.6799559 1.994779 0.5925938 0.7788435 2.712843 0.05851955 0.1765635 2.50106 0.07283416 0.1155038 2.494427 0.01224771 0.03133934 2.450616 0.1518843 0.03715412 2.532702 -0.02016298 -0.4372833 2.562333 0.1583991 -0.4582676 2.651147 -0.03381092 -0.8431643 2.680233 0.2221676 -0.8367914 2.710151 0.01574337 -0.8863394 2.622433 0.2642272 -0.8980666 2.713483
0.07329111 0.657342 2.468797 0.03001253 0.4865053 2.494548 -0.0981836 0.3924854 2.42958 0.2082499 0.4683931 2.671879 -0.241317 0.4790318 2.22192 0.4049687 0.5921177 2.737298 -0.2756864 0.6184622 2.038135 0.5624396 0.715258 2.735923 -0.2776118 0.6605299 1.99307 0.606778 0.7604834 2.74614 0.05842856 0.1760564 2.501016 0.07286482 0.1150562 2.494267 0.01220579 0.03078763 2.450366 0.1522239 0.03632866 2.532586 -0.02119059 -0.4401218 2.564509 0.1587643 -0.4590531 2.651889 -0.03427912 -0.8441133 2.681799 0.2218348 -0.837163 2.709794 0.0152206 -0.887294 2.623955 0.2713346 -0.8803437 2.65195
0.07228272 0.657575 2.468197 0.02983103 0.4855922 2.494487 -0.09846161 0.392009 2.429613 0.2081319 0.4673773 2.67131 -0.2517987 0.466413 2.223206 0.3978166 0.556162 2.743198 -0.297729 0.5886528 2.040261 0.5613435 0.6798251 2.753057 -0.3012733 0.6379648 1.980969 0.6199746 0.7393401 2.757759 0.05837221 0.1757644 2.501113 0.07288725 0.114899 2.494243 0.0122548 0.03028139 2.450154 0.1523152 0.03619657 2.532629 -0.02093833 -0.4389226 2.56423 0.1586847 -0.4582472 2.652268 -0.03616583 -0.839494 2.680453 0.2219352 -0.8364687 2.709605 0.01324688 -0.8826813 2.622539 0.2713479 -0.879656 2.651691
0.0725835 0.6577582 2.468729 0.029786 0.4851884 2.494117 -0.09907317 0.3904946 2.429315 0.2078707 0.4658806 2.670849 -0.2576482 0.4487991 2.230149 0.3972589 0.5488943 2.744153 -0.3117653 0.5633854 2.044191 0.5642054 0.656448 2.75671 -0.3204783 0.6101747 1.981738 0.6258934 0.6923174 2.761187 0.05839349 0.1752267 2.501105 0.07297212 0.1143822 2.494199 0.01231355 0.02934326 2.449926 0.1525634 0.03559393 2.532855 -0.01903962 -0.4515638 2.571189 0.1588632 -0.4587093 2.652457 -0.03445848 -0.8384222 2.680867 0.2200143 -0.8335042 2.709797 0.01490112 -0.8816192 2.622914 0.2359539 -0.9010553 2.683005
0.07261404 0.6577069 2.468372 0.02979733 0.4846043 2.494099 -0.09968415 0.3884947 2.42905 0.2076286 0.4588478 2.668661 -0.259408 0.4415785 2.23267 0.3986481 0.5381806 2.747846 -0.3242846 0.5320479 2.053087 0.5762591 0.6342232 2.765419 -0.3366983 0.5784274 1.986035 0.6307087 0.6830909 2.764797 0.0578308 0.1723051 2.501911 0.07216816 0.1108406 2.495227 0.01162451 0.02518252 2.452236 0.1512933 0.03315751 2.533266 -0.01955625 -0.4506544 2.570793 0.1593746 -0.460907 2.654118 -0.03408858 -0.8394247 2.680872 0.219616 -0.8332636 2.710253 0.0150804 -0.8826733 2.622797 0.268785 -0.8765122 2.652178
0.07328758 0.6578516 2.468348 0.0303294 0.4839771 2.495288 -0.1004223 0.3872862 2.429642 0.2097937 0.4546728 2.66992 -0.2624387 0.4360837 2.233434 0.400198 0.5224176 2.752727 -0.3272778 0.5272993 2.054244 0.5807842 0.6245627 2.765895 -0.3418359 0.5689002 1.98906 0.6415645 0.6631285 2.771253 0.0580413 0.1715118 2.502354 0.0723557 0.1101077 2.49544 0.01139522 0.02456781 2.452235 0.1521403 0.03148066 2.533406 -0.01982338 -0.4502876 2.570121 0.1592023 -0.4612966 2.65416 -0.03616723 -0.8496238 2.684069 0.2206225 -0.8355566 2.71049 0.01284477 -0.8928782 2.625864 0.2696345 -0.8788109 2.652285
0.07387246 0.6579052 2.468351 0.03036356 0.4835085 2.495519 -0.1009944 0.3865691 2.429807 0.2088373 0.4503303 2.66765 -0.2644507 0.4269651 2.235482 0.3993266 0.516454 2.753402 -0.3334253 0.5164819 2.0518 0.5826085 0.6181588 2.763279 -0.3494281 0.5570915 1.986892 0.6437882 0.6515253 2.767289 0.05770559 0.1693544 2.503444 0.0718517 0.1075477 2.496694 0.01115137 0.02267612 2.453539 0.1508226 0.02839233 2.534836 -0.01996146 -0.4496663 2.569904 0.1590659 -0.4616095 2.654935 -0.03695358 -0.849117 2.684142 0.2208014 -0.8397163 2.711263 0.01184284 -0.8924218 2.625793 0.2502069 -0.9060031 2.694636
0.07385442 0.6579311 2.468821 0.03019607 0.4832772 2.495634 -0.1014233 0.3861502 2.429864 0.2066889 0.4482429 2.664669 -0.2644992 0.41982 2.238741 0.4001184 0.5139555 2.753356 -0.3347986 0.5129963 2.050318 0.5839309 0.6147669 2.760333 -0.3515423 0.5501525 1.986582 0.6451201 0.6482937 2.765598 0.05738993 0.1681567 2.503876 0.07144634 0.1061408 2.497201 0.01113964 0.02172615 2.454087 0.1498584 0.02712893 2.535311 -0.02111317 -0.4401068 2.565217 0.1590414 -0.4614711 2.654829 -0.03609494 -0.8445495 2.681087 0.221235 -0.8380223 2.710614 0.01249676 -0.8878882 2.622591 0.2504865 -0.8989725 2.679556
0.07412135 0.6579302 2.468699 0.02994752 0.482779 2.495966 -0.1027418 0.3848462 2.43053 0.20685 0.4465452 2.664768 -0.2699235 0.4015938 2.24733 0.3998791 0.5126057 2.752163 -0.3332542 0.5104508 2.05189 0.5847322 0.6127024 2.755265 -0.3497157 0.5481788 1.987121 0.6464472 0.6468768 2.759187 0.05744805 0.1681141 2.503863 0.07148082 0.106135 2.497139 0.01107157 0.02169361 2.453663 0.1502468 0.0269378 2.535229 -0.02193251 -0.439868 2.564911 0.1589162 -0.4621994 2.655224 -0.03823154 -0.8389892 2.679749 0.2223072 -0.8405887 2.711495 0.01014097 -0.8823399 2.621079 0.2479582 -0.9025444 2.679265
0.07367668 0.658234 2.468714 0.0295737 0.4822769 2.496625 -0.1030095 0.3842828 2.430676 0.2069406 0.4467263 2.665073 -0.2694096 0.4047695 2.242046 0.4002219 0.5118412 2.750103 -0.3312037 0.5102483 2.051435 0.5850735 0.6130328 2.747596 -0.3445324 0.5515497 1.983199 0.6451339 0.6493775 2.750105 0.05682357 0.1675099 2.504512 0.07082631 0.1055819 2.497739 0.01040065 0.02122766 2.454377 0.1493499 0.02613485 2.535765 -0.02192056 -0.439857 2.564922 0.1584852 -0.4638207 2.655806 -0.03852883 -0.8384411 2.677388 0.2235446 -0.8402805 2.712607 0.00981969 -0.8817973 2.618702 0.2445659 -0.9029136 2.678394
0.07221022 0.6575669 2.468386 0.0292993 0.4823201 2.4975 -0.1040455 0.3834466 2.431394 0.2068506 0.4467521 2.665068 -0.2692774 0.4093333 2.236981 0.4012968 0.5127542 2.747856 -0.3264524 0.5115135 2.050182 0.5851625 0.6183165 2.738542 -0.3363724 0.555601 1.981822 0.652275 0.6633379 2.741626 0.05669384 0.1675575 2.504591 0.07067869 0.1057238 2.497619 0.009898821 0.02096464 2.454139 0.1493661 0.027222 2.534972 -0.02373997 -0.4378884 2.563191 0.158485 -0.4631308 2.655766 -0.03999764 -0.8322922 2.678846 0.2237224 -0.8393018 2.713157 0.008141577 -0.8756522 2.61999 0.2557356 -0.9033878 2.693068
0.07284914 0.65748 2.468842 0.02942223 0.4821353 2.498641 -0.1047071 0.3832229 2.431844 0.2065378 0.4472924 2.665295 -0.2658184 0.4145414 2.234841 0.4028884 0.5156174 2.744608 -0.3195029 0.5165844 2.045007 0.5831999 0.6237768 2.731789 -0.3241517 0.5654657 1.978518 0.64313 0.6708536 2.729939 0.05664729 0.1675223 2.504789 0.07074513 0.1057588 2.497595 0.009891977 0.0209575 2.454088 0.1497959 0.02743355 2.534685 -0.02411515 -0.4381298 2.563228 0.1581263 -0.4634906 2.655776 -0.03988074 -0.8332334 2.67945 0.2230445 -0.8365088 2.7126 0.00817531 -0.8765839 2.620518 0.2409886 -0.8958195 2.67142
0.07105865 0.6574773 2.469301 0.02929614 0.4819261 2.499392 -0.1053038 0.3820801 2.432279 0.2065284 0.4474126 2.665302 -0.2639893 0.4184304 2.233636 0.4045267 0.5228353 2.740025 -0.3100817 0.5280295 2.040428 0.5798334 0.6354109 2.723452 -0.312732 0.5788004 1.974603 0.6456425 0.6872232 2.719985 0.05649748 0.1675365 2.505102 0.07072321 0.1058489 2.497632 0.009748916 0.02096877 2.453991 0.1498884 0.0274877 2.534743 -0.02430274 -0.4386364 2.563273 0.1580942 -0.4630496 2.655547 -0.0404458 -0.8356019 2.68035 0.2233411 -0.8369301 2.713517 0.0074692 -0.8789548 2.621304 0.2374317 -0.8956972 2.670118
0.07154815 0.6587255 2.470462 0.02923107 0.4819389 2.499424 -0.1056287 0.3820216 2.432437 0.2066682 0.4478139 2.665319 -0.2616104 0.4210865 2.23381 0.4036053 0.5306453 2.734588 -0.2989999 0.5417365 2.041595 0.5776652 0.6493595 2.716096 -0.2984967 0.5969655 1.975664 0.6426431 0.6971294 2.715397 0.05645642 0.1676982 2.505344 0.07087383 0.1061521 2.497666 0.009764173 0.02102002 2.454002 0.150499 0.02794832 2.534769 -0.02330785 -0.4407485 2.565663 0.1581828 -0.4628365 2.655449 -0.04003699 -0.8359139 2.680352 0.2223888 -0.8359581 2.708982 0.007805109 -0.8792718 2.62125 0.2377708 -0.898249 2.671313
0.06941956 0.6566839 2.470896 0.0291799 0.4817851 2.499864 -0.105872 0.3813064 2.432729 0.2068214 0.4486248 2.665468 -0.2585135 0.4289898 2.232546 0.4039928 0.5382512 2.728951 -0.2887193 0.561983 2.035154 0.5750476 0.6766233 2.708622 -0.2894042 0.6076217 1.978093 0.6286416 0.7265926 2.707834 0.05640299 0.1676454 2.505716 0.07094701 0.1061589 2.497771 0.009740973 0.02091824 2.454258 0.1508032 0.02808312 2.534744 -0.02380305 -0.4408456 2.56562 0.157994 -0.4626701 2.655401 -0.03986669 -0.8360533 2.68018 0.222855 -0.8358915 2.709068 0.007889267 -0.8794138 2.621009 0.2408791 -0.8980381 2.672343
0.0694526 0.656688 2.470696 0.02926682 0.4818386 2.499915 -0.1060353 0.3815068 2.432984 0.2077682 0.4510253 2.666632 -0.2526785 0.4432483 2.227907 0.4011208 0.5431749 2.723096 -0.2785409 0.5784816 2.035477 0.5701717 0.7013263 2.702665 -0.2729857 0.6327797 1.982354 0.6134237 0.7551052 2.701907 0.05644793 0.1679499 2.506049 0.07112522 0.106588 2.497936 0.009716766 0.02104821 2.454313 0.1512438 0.02836651 2.53499 -0.02434772 -0.4464192 2.568088 0.158116 -0.4628947 2.655361 -0.0383807 -0.8380797 2.680851 0.223764 -0.8387146 2.709372 0.009354979 -0.8814427 2.621665 0.2425957 -0.9015725 2.674299
0.06944349 0.6568301 2.47038 0.029341 0.4818904 2.499929 -0.1061194 0.3815365 2.4332 0.2086683 0.4546928 2.667403 -0.2554791 0.443241 2.232141 0.4037618 0.5847917 2.719105 -0.268941 0.5919883 2.039822 0.546721 0.7241005 2.690015 -0.2607219 0.6478909 1.989215 0.5770655 0.7829587 2.679618 0.05633375 0.1692108 2.507258 0.07091551 0.1082644 2.499486 0.009666977 0.02200613 2.455347 0.1507113 0.02911799 2.537598 -0.02439514 -0.443166 2.566598 0.1575734 -0.4617142 2.655108 -0.03890209 -0.8377275 2.680435 0.2286939 -0.8394453 2.714388 0.008770287 -0.881121 2.621219 0.2763662 -0.8828387 2.655171
0.06976558 0.6568561 2.470677 0.02953423 0.4823545 2.500095 -0.1060775 0.3821289 2.433462 0.2090484 0.4573975 2.667082 -0.2561875 0.4491042 2.232366 0.3984884 0.5890414 2.712544 -0.2392261 0.6385566 2.04518 0.523689 0.7426835 2.670811 -0.2269991 0.6891165 2.002713 0.5580737 0.8075049 2.657982 0.0565408 0.1705931 2.507479 0.07112519 0.1098732 2.499565 0.009599457 0.02273999 2.455319 0.151301 0.03118022 2.537691 -0.02608527 -0.4356128 2.56165 0.1586707 -0.4596438 2.65367 -0.03671278 -0.8264859 2.683923 0.2278734 -0.840394 2.712995 0.01081217 -0.8698902 2.624598 0.2725332 -0.8997207 2.717651
0.07014817 0.6565725 2.470338 0.02995336 0.4825436 2.50039 -0.1059622 0.3829243 2.433536 0.2088446 0.4610242 2.665925 -0.2553261 0.4570736 2.234835 0.3892452 0.6060178 2.696077 -0.2258425 0.6515289 2.052557 0.5054802 0.7667205 2.655318 -0.2111851 0.7027156 2.013934 0.5467407 0.8416005 2.644507 0.05657541 0.1709897 2.508063 0.07105318 0.1102776 2.500138 0.009558292 0.02311653 2.456131 0.150924 0.03161325 2.538261 -0.01696717 -0.4642881 2.584243 0.1576179 -0.4589358 2.653027 -0.03981262 -0.835757 2.685346 0.2277906 -0.8405782 2.712973 0.007539198 -0.8791888 2.625901 0.221518 -0.9066198 2.679281
0.0700257 0.6566199 2.470294 0.02981321 0.4828381 2.500446 -0.1059391 0.3842246 2.433523 0.2093576 0.465266 2.66534 -0.2452407 0.4858084 2.229743 0.3853791 0.6270214 2.684859 -0.2076526 0.6497208 2.087355 0.4935242 0.8118796 2.632455 -0.1743194 0.7380081 2.027953 0.5280496 0.8690587 2.626824 0.05637011 0.1717925 2.508729 0.07077691 0.1111278 2.500961 0.009362549 0.02400018 2.45726 0.1506022 0.03218493 2.539116 -0.02877859 -0.4476142 2.566608 0.1576373 -0.4572677 2.652528 -0.03898039 -0.8353048 2.684213 0.2268734 -0.8403773 2.713241 0.008211643 -0.8787664 2.624662 0.2225546 -0.9057812 2.678031
0.06754538 0.6562554 2.47047 0.02936243 0.4829903 2.500507 -0.1058827 0.3887967 2.432745 0.2090098 0.47124 2.663718 -0.2295065 0.5081227 2.22589 0.3795349 0.6371415 2.678377 -0.1639125 0.7215968 2.060492 0.4687914 0.8359086 2.611793 -0.1457916 0.7752181 2.024581 0.4836558 0.8961079 2.586331 0.05594608 0.1742684 2.508954 0.07035784 0.1144235 2.50123 0.009074884 0.02652681 2.457287 0.1505997 0.03573858 2.539613 -0.02636378 -0.4340069 2.562599 0.155423 -0.4527063 2.649984 -0.0387784 -0.835085 2.683166 0.2251793 -0.8394862 2.714605 0.001932819 -0.9171259 2.687302 0.2783741 -0.8998816 2.715312
0.06572855 0.656173 2.471323 0.02926493 0.4831291 2.500376 -0.1061516 0.3914887 2.431938 0.2099394 0.4782715 2.663598 -0.1984148 0.540516 2.23104 0.3581957 0.649895 2.666184 -0.1475619 0.7306929 2.078204 0.4425638 0.8563145 2.58863 -0.1136418 0.7881607 2.062695 0.4647495 0.917591 2.572945 0.05543699 0.1772916 2.509286 0.06961726 0.1182183 2.501874 0.007482323 0.03081507 2.457855 0.150572 0.03805408 2.54061 -0.02727452 -0.4336605 2.562795 0.1550603 -0.4539793 2.649632 -0.03819701 -0.8349026 2.682653 0.2256452 -0.8409209 2.71482 0.00882031 -0.8783934 2.622984 0.2443486 -0.909843 2.693938
0.06535982 0.6561491 2.471085 0.02935818 0.4837436 2.500162 -0.1050164 0.3928923 2.431876 0.2099692 0.4881795 2.661899 -0.1943244 0.5436568 2.232102 0.3479999 0.6546915 2.65779 -0.1233822 0.7389527 2.103891 0.4200182 0.8758636 2.564789 -0.07560419 0.8095011 2.088471 0.4251655 0.917033 2.541133 0.05510095 0.1801451 2.50905 0.06900449 0.1213603 2.501693 0.006429302 0.03397697 2.456955 0.1500769 0.04069372 2.541154 -0.01910975 -0.4425806 2.570593 0.1553462 -0.4538423 2.649784 -0.0382052 -0.8354858 2.684868 0.225 -0.8414325 2.71419 0.008571599 -0.8790054 2.625031 0.2358813 -0.9095746 2.686361
0.06520636 0.6557472 2.471641 0.0289378 0.4839366 2.500327 -0.1036726 0.3939429 2.43214 0.2097967 0.4933566 2.660247 -0.182503 0.5471819 2.239577 0.3383702 0.6601773 2.642937 -0.09147391 0.7531005 2.131068 0.3798869 0.8772737 2.533554 -0.04839525 0.8187062 2.113409 0.3817288 0.9120724 2.515881 0.05251463 0.1851218 2.50855 0.06579696 0.1277283 2.500768 0.003526921 0.03939975 2.454254 0.1463724 0.04642152 2.541164 -0.02012246 -0.440197 2.569721 0.1552421 -0.4537724 2.650452 -0.03732756 -0.8363008 2.683381 0.2249272 -0.8379794 2.709253 -0.02163966 -0.9167198 2.678331 0.2365858 -0.9076141 2.685772
0.06700844 0.655156 2.471124 0.02565314 0.4907982 2.50113 -0.1015555 0.3958621 2.433599 0.2063757 0.5012464 2.657105 -0.1759186 0.5496327 2.245069 0.3315665 0.6574485 2.636539 -0.07458887 0.7579566 2.144552 0.3597344 0.872336 2.515637 -0.02069716 0.8276796 2.130571 0.3545934 0.9108037 2.490952 0.05190611 0.1860336 2.508528 0.06552786 0.1280189 2.50065 0.002755612 0.04141825 2.456237 0.1451997 0.05088885 2.537197 -0.01814721 -0.4446573 2.574324 0.1550618 -0.4535714 2.650748 -0.03866247 -0.8490672 2.689212 0.225103 -0.8380436 2.709166 -0.02635986 -0.9220316 2.68139 0.2362603 -0.906637 2.68258
0.07130419 0.6565852 2.470343 0.02290157 0.4996603 2.4974 -0.1008474 0.3935633 2.435016 0.1989528 0.5159655 2.651806 -0.165145 0.5501196 2.256186 0.3285328 0.668593 2.622505 -0.06401947 0.7536041 2.158925 0.3321887 0.862847 2.488683 -0.004171908 0.8212287 2.150626 0.3306399 0.9041559 2.465447 0.04909662 0.1997408 2.505213 0.06300103 0.1412888 2.497451 0.001935054 0.05168715 2.452512 0.1426178 0.06242611 2.536385 -0.02230537 -0.4398244 2.568512 0.1552663 -0.4537088 2.650912 -0.03718146 -0.8436559 2.685334 0.2253161 -0.8374868 2.70975 0.008715425 -0.8872245 2.624852 0.2360338 -0.9061109 2.683061
0.07170331 0.6563558 2.470052 0.02286313 0.4995143 2.496885 -0.09982391 0.3911887 2.436302 0.1962448 0.5247405 2.644303 -0.1421189 0.5774866 2.253452 0.3258667 0.6770872 2.609209 -0.01775922 0.7823174 2.172693 0.3240235 0.8548541 2.476575 0.02170874 0.8361269 2.156263 0.3223494 0.8994057 2.450804 0.05270024 0.2269293 2.504569 0.06792299 0.1811145 2.496906 0.01097856 0.0747384 2.439992 0.1493812 0.09569246 2.550407 -0.02386004 -0.4319657 2.56373 0.1554611 -0.4367402 2.648046 -0.04045457 -0.8402114 2.684518 0.2248019 -0.8371237 2.710433 0.003954627 -0.8838085 2.622955 0.2355071 -0.9038263 2.679246
0.07173875 0.6565796 2.470031 0.0223923 0.500378 2.496703 -0.09799436 0.3897139 2.437046 0.1920354 0.5281191 2.640685 -0.1401985 0.571806 2.256902 0.325535 0.676435 2.598234 -0.01387766 0.7816035 2.174865 0.3075956 0.8467633 2.450652 0.05115262 0.8436881 2.163035 0.2957929 0.8868513 2.404094 0.05291253 0.2276425 2.50476 0.06799818 0.1810516 2.496976 0.01238638 0.07687682 2.437543 0.1498478 0.09419847 2.552621 -0.02511805 -0.4300383 2.562009 0.1554694 -0.4385977 2.648553 -0.04041753 -0.8397027 2.684349 0.2241621 -0.8374081 2.710381 0.003815889 -0.8833159 2.622673 0.2386602 -0.905916 2.685226
0.07267548 0.6569945 2.470803 0.0225074 0.5023162 2.496871 -0.09760442 0.3902717 2.437232 0.1908259 0.5380332 2.636637 -0.1388225 0.5694242 2.259939 0.3314036 0.6794378 2.592425 -0.009242748 0.7780021 2.180063 0.3019573 0.8345947 2.438063 0.05427427 0.8408861 2.164747 0.2972154 0.8833082 2.400442 0.05344843 0.2316091 2.505375 0.06817174 0.1825448 2.497291 0.01248967 0.07857846 2.437576 0.150324 0.09857154 2.552728 -0.0248177 -0.4301563 2.561913 0.1554365 -0.4344183 2.647766 -0.04001749 -0.8396855 2.684648 0.2227899 -0.8377111 2.711926 0.003517572 -0.8833658 2.622523 0.2408189 -0.9050653 2.685951
0.07278198 0.6607385 2.469809 0.02052011 0.5068216 2.492948 -0.09699181 0.3914381 2.437205 0.1911178 0.5381367 2.636401 -0.1362039 0.5668693 2.262743 0.330199 0.68064 2.589511 -0.004482922 0.7748649 2.183534 0.2999684 0.8277271 2.426725 0.0584544 0.8380126 2.166963 0.2981466 0.8617144 2.385204 0.05311333 0.2352398 2.50376 0.06790286 0.1844603 2.496553 0.01229191 0.08175383 2.435817 0.1504068 0.09990416 2.552809 -0.02246271 -0.4206901 2.558765 0.1556721 -0.4330933 2.647832 -0.03928855 -0.8301729 2.681463 0.223229 -0.8396891 2.713489 0.004404392 -0.8738692 2.619459 0.2440007 -0.9064543 2.688046
0.0733453 0.6636357 2.468335 0.01774784 0.5111469 2.492095 -0.09731822 0.3892498 2.438815 0.1905115 0.5434396 2.634362 -0.1349122 0.5654232 2.264734 0.3149926 0.6969509 2.576417 -0.002975334 0.7739584 2.184651 0.2985611 0.831368 2.415778 0.05980274 0.8366215 2.165794 0.3006962 0.8583207 2.386673 0.05322703 0.2382742 2.502837 0.06802392 0.1865104 2.495914 0.01271973 0.08310355 2.438709 0.1521261 0.120534 2.540012 -0.02285881 -0.4211934 2.558813 0.1559924 -0.4108164 2.642939 -0.03631523 -0.8311828 2.680464 0.2249161 -0.8411652 2.713073 0.006592888 -0.874935 2.617954 0.2400526 -0.9061412 2.680127
0.0733067 0.663853 2.468361 0.01785691 0.5112545 2.491983 -0.09689466 0.3894563 2.438943 0.1902657 0.5445787 2.633623 -0.134534 0.5647659 2.26583 0.3195591 0.6946352 2.578491 -0.0008573338 0.7732841 2.187277 0.3003022 0.8271298 2.416463 0.06145653 0.8361453 2.167561 0.3013614 0.8569772 2.386312 0.05349872 0.2384445 2.502573 0.06809287 0.1865566 2.49591 0.01300108 0.08350455 2.438167 0.1525032 0.1131617 2.545671 -0.01601593 -0.427706 2.563812 0.1563437 -0.4188372 2.645618 -0.03662182 -0.8385003 2.682374 0.2243994 -0.8413453 2.713376 0.006201774 -0.8822623 2.619812 0.2362357 -0.9081146 2.682744
0.07362789 0.6632471 2.467422 0.01789891 0.5109377 2.491497 -0.09644696 0.3902207 2.439171 0.1897493 0.5446069 2.633503 -0.1346464 0.5645546 2.266053 0.3268668 0.6891816 2.587932 4.694011E-05 0.7748984 2.187014 0.3055925 0.8238436 2.423972 0.06267563 0.8376365 2.167914 0.3080641 0.8609726 2.390237 0.0537419 0.2384666 2.502131 0.06820311 0.1864988 2.49574 0.01159999 0.08532656 2.439908 0.1538036 0.1141007 2.543873 -0.01911582 -0.4288445 2.562663 0.1561916 -0.4175711 2.645384 -0.03700933 -0.8392963 2.682566 0.2233151 -0.8409712 2.712404 0.005883597 -0.8830553 2.620049 0.2360494 -0.9081272 2.683001
0.07535227 0.661058 2.467236 0.01875951 0.5088866 2.490869 -0.09589189 0.390729 2.438948 0.189896 0.5446146 2.633227 -0.1359125 0.564186 2.266013 0.3271952 0.6890683 2.588052 -0.0009831326 0.7807349 2.18536 0.3200776 0.8373203 2.437363 0.06157828 0.844228 2.168693 0.3223998 0.8771452 2.4065 0.05390569 0.2382805 2.501779 0.068154 0.186271 2.495702 0.01167285 0.0858772 2.438003 0.1517043 0.1019199 2.55038 -0.02249847 -0.4187518 2.557934 0.1557138 -0.4304793 2.648442 -0.03740708 -0.8208063 2.676038 0.2198626 -0.8437357 2.715124 0.005583994 -0.864568 2.613592 0.2400368 -0.9106559 2.689607
0.07595492 0.659577 2.465899 0.01922766 0.5078265 2.490425 -0.09416591 0.3932592 2.436126 0.1901065 0.5403818 2.634696 -0.1368742 0.5733992 2.260689 0.3253229 0.6868222 2.589802 -0.004390942 0.7937809 2.1807 0.3382748 0.8548378 2.454026 0.04520179 0.8498428 2.171318 0.3372496 0.8923361 2.426547 0.05399624 0.237215 2.501258 0.06810489 0.1849073 2.495587 0.01192947 0.08503996 2.437689 0.1512027 0.1013545 2.550444 -0.02506221 -0.4150405 2.557285 0.1557934 -0.4310257 2.648598 -0.03248531 -0.8261518 2.676253 0.2234514 -0.844157 2.716735 0.01152582 -0.8698279 2.61446 0.2352557 -0.9109621 2.68617
0.07487812 0.6598742 2.465712 0.01917475 0.507794 2.490352 -0.09544108 0.3906153 2.436484 0.19341 0.5353394 2.637783 -0.1392326 0.5749533 2.256855 0.3243554 0.686013 2.596383 -0.06016262 0.766842 2.167629 0.3707775 0.8727897 2.492164 -0.007878724 0.8406744 2.16147 0.369709 0.9083374 2.468984 0.05271554 0.2490733 2.502303 0.06597114 0.2014765 2.497915 0.01420111 0.08763324 2.426636 0.1495892 0.1040142 2.571427 -0.01493034 -0.4209451 2.563868 0.1557179 -0.4321438 2.649599 -0.03253034 -0.833197 2.678662 0.2245616 -0.8432969 2.716303 0.01159379 -0.8768899 2.616961 0.2362173 -0.9097461 2.684916
0.07382161 0.660187 2.466563 0.01996318 0.5075017 2.49134 -0.09421134 0.3968514 2.429592 0.1994322 0.5231985 2.643923 -0.1503542 0.5633715 2.252099 0.3309357 0.6740895 2.612522 -0.06879187 0.7625554 2.16276 0.3968851 0.8747071 2.520685 -0.02282647 0.8382136 2.153502 0.4105347 0.9363756 2.498261 0.05019477 0.2163668 2.501118 0.06178202 0.150378 2.494749 0.005375667 0.06912953 2.44108 0.1397598 0.07409446 2.536642 -0.01708104 -0.4209258 2.562679 0.1555482 -0.4506439 2.652366 -0.03559976 -0.82671 2.674724 0.2240499 -0.8424346 2.714539 0.01055843 -0.8702881 2.614449 0.2423936 -0.9053124 2.679237
0.07213163 0.6565936 2.468212 0.02408441 0.4999963 2.493064 -0.09393579 0.3971633 2.429273 0.2115536 0.5032912 2.652582 -0.1578149 0.5558825 2.246233 0.3489806 0.6777344 2.629708 -0.09780702 0.7453327 2.138235 0.4259914 0.8745382 2.547276 -0.0519735 0.8229383 2.128277 0.4361036 0.9326569 2.515464 0.05193052 0.206189 2.501956 0.06307789 0.1459968 2.495581 0.004049633 0.0594561 2.445747 0.1424302 0.06721248 2.53739 -0.003366103 -0.447803 2.581038 0.1555309 -0.4507754 2.652412 -0.03578059 -0.8269213 2.675163 0.2246577 -0.8424022 2.713885 0.01083056 -0.8704672 2.615216 0.2525336 -0.9075094 2.691078
0.06887578 0.6537713 2.468007 0.02565493 0.4936731 2.495209 -0.09481333 0.3986736 2.42993 0.2132638 0.4986359 2.65384 -0.1644977 0.5487151 2.238885 0.360181 0.6600224 2.642932 -0.1053777 0.7402527 2.11953 0.4607108 0.8480943 2.578885 -0.06332073 0.8121582 2.100675 0.4803472 0.90856 2.557665 0.0521802 0.2021106 2.502479 0.06355792 0.1434979 2.49591 0.003285954 0.05672294 2.44678 0.1439127 0.06288086 2.537231 -0.01481026 -0.437248 2.56863 0.155483 -0.4500701 2.651697 -0.03506537 -0.8284259 2.67546 0.2251145 -0.8414663 2.715101 0.01143597 -0.8719552 2.615417 0.2626716 -0.9045801 2.703177
0.06797498 0.6534763 2.468746 0.02735907 0.4903369 2.496022 -0.09481617 0.3985986 2.430047 0.2147108 0.4947524 2.656919 -0.1731723 0.5399406 2.228209 0.3667462 0.6526515 2.652208 -0.1100319 0.732319 2.087012 0.4841736 0.8163918 2.595488 -0.06732213 0.7989733 2.064853 0.5097408 0.8748517 2.574977 0.05194188 0.1945833 2.503578 0.06339103 0.1358757 2.497236 0.0006249201 0.0477259 2.450428 0.143773 0.056311 2.53753 -0.01802115 -0.4371445 2.566227 0.15554 -0.4500752 2.651668 -0.03500642 -0.8391976 2.677933 0.2219744 -0.8399414 2.714515 0.01187528 -0.8827313 2.61819 0.266577 -0.899469 2.716263
0.06725068 0.6533962 2.469527 0.02733887 0.4902183 2.496027 -0.09614918 0.3978484 2.430775 0.21598 0.489863 2.659063 -0.1813725 0.5299922 2.217986 0.3771693 0.6403623 2.661503 -0.112313 0.7223662 2.070945 0.4967324 0.7943894 2.59935 -0.07454726 0.7696713 2.042173 0.533008 0.8527548 2.577585 0.05206206 0.1930596 2.503528 0.06381561 0.1341292 2.497134 0.0001667168 0.04470277 2.452682 0.1450857 0.05559371 2.535698 -0.0182396 -0.4358323 2.565636 0.1564284 -0.4510553 2.651585 -0.0348441 -0.8393418 2.678796 0.2224909 -0.8404057 2.713963 0.01203606 -0.88287 2.619051 0.249231 -0.905449 2.689671
0.06620184 0.6541494 2.470599 0.02701243 0.4900207 2.495556 -0.09704647 0.3969119 2.430924 0.2171246 0.4841669 2.662117 -0.1840376 0.5262198 2.214101 0.3828718 0.6325901 2.666652 -0.1354396 0.6711761 2.071669 0.5068947 0.7806358 2.60067 -0.07802615 0.7593632 2.038672 0.5460662 0.8276634 2.573359 0.0524643 0.1893171 2.503733 0.06481671 0.1292347 2.497881 0.0006396898 0.04189563 2.455327 0.147085 0.05002926 2.535256 -0.01963205 -0.4357751 2.564921 0.1565103 -0.4530386 2.652024 -0.03520412 -0.839531 2.6811 0.2235789 -0.8416015 2.714563 0.01195978 -0.8830463 2.621567 0.2459047 -0.9083105 2.690328
0.061547 0.6566259 2.473042 0.02683461 0.4897123 2.495237 -0.09852507 0.397928 2.430941 0.2176168 0.480308 2.664696 -0.2011063 0.509945 2.211212 0.3816462 0.6182267 2.672258 -0.136921 0.6684953 2.07296 0.5089341 0.7727022 2.600831 -0.08233352 0.7509981 2.033165 0.5455364 0.8209759 2.572163 0.05268938 0.1887908 2.503578 0.06515525 0.1287985 2.497835 0.0009476864 0.04115785 2.455852 0.1477974 0.04994915 2.534856 -0.02033312 -0.4305338 2.562632 0.1570532 -0.4528736 2.652189 -0.03956597 -0.8314775 2.67918 0.2231343 -0.8405748 2.713359 0.007822987 -0.8749679 2.61981 0.2705232 -0.8840652 2.65399
0.06180863 0.6558419 2.472923 0.0270347 0.4890277 2.494987 -0.09858736 0.3976228 2.430778 0.2176796 0.4803469 2.668146 -0.2037324 0.5072615 2.212209 0.3813858 0.6165321 2.673268 -0.1393136 0.6709931 2.069877 0.5086282 0.7664344 2.60449 -0.09072176 0.7476364 2.030179 0.5429213 0.8162372 2.575583 0.05322344 0.1880578 2.503464 0.06579367 0.1282146 2.497872 0.001242848 0.04091635 2.455863 0.1490369 0.04903569 2.535142 -0.01993594 -0.4351384 2.565132 0.1572022 -0.4530723 2.652261 -0.03999631 -0.8334931 2.678021 0.2224146 -0.8381728 2.711839 0.007857859 -0.8769348 2.618991 0.2702688 -0.8816145 2.65281
0.06298254 0.6563293 2.471928 0.027279 0.4883266 2.494742 -0.09837389 0.3973897 2.430139 0.2180097 0.4805185 2.668956 -0.2074292 0.5057027 2.211863 0.3830901 0.6171516 2.675774 -0.1430944 0.7018287 2.04968 0.5093949 0.7667616 2.606207 -0.106267 0.7492557 2.028566 0.5433819 0.8166651 2.577115 0.05371954 0.187219 2.503255 0.06631865 0.1275019 2.497775 0.002095815 0.03950084 2.455874 0.149311 0.04882364 2.535062 -0.0199857 -0.4327386 2.563907 0.1571294 -0.4531105 2.652285 -0.03919343 -0.8352246 2.676951 0.2233082 -0.8386165 2.71349 0.008834187 -0.8786469 2.61805 0.2557388 -0.9045561 2.701842
0.06310033 0.6569369 2.472201 0.02783497 0.487919 2.49439 -0.09697767 0.3969921 2.429684 0.2176684 0.4804143 2.668632 -0.2103556 0.5052325 2.212729 0.3847356 0.6197895 2.677823 -0.1470485 0.7072009 2.048254 0.5116489 0.7706631 2.61774 -0.1207063 0.75466 2.027757 0.5450147 0.8261797 2.600528 0.05560236 0.1841137 2.503328 0.06851952 0.1237698 2.498222 0.004711292 0.03754452 2.455738 0.1507507 0.04418458 2.536876 -0.01849716 -0.4378341 2.566269 0.156884 -0.4563379 2.653838 -0.0385989 -0.8380302 2.679188 0.2232602 -0.8435305 2.708156 0.009608373 -0.8814334 2.620419 0.2497118 -0.9113898 2.692958
0.06540001 0.6588479 2.472551 0.02797678 0.4878083 2.494405 -0.09483365 0.3960815 2.429159 0.2164304 0.4801392 2.667237 -0.2151797 0.5055065 2.212686 0.3864143 0.6210078 2.679711 -0.1585374 0.7120296 2.041817 0.5154202 0.7733977 2.629869 -0.1347627 0.7688529 2.01541 0.5484117 0.8297271 2.614703 0.05617004 0.1822266 2.503235 0.06911481 0.1215234 2.498228 0.005697477 0.03647329 2.455544 0.1505698 0.04261217 2.537042 -0.01857036 -0.4383444 2.56666 0.1564839 -0.4598483 2.655413 -0.03850709 -0.8343935 2.676519 0.2233122 -0.8458898 2.711173 0.009902444 -0.8777738 2.617898 0.2482653 -0.9125497 2.689507
0.06743852 0.6594229 2.470282 0.02841019 0.4871902 2.494233 -0.09443351 0.3969273 2.429269 0.2162947 0.4802181 2.667212 -0.2142353 0.5115449 2.209283 0.3882458 0.6186829 2.684119 -0.1726345 0.7015165 2.040624 0.5232778 0.7766465 2.641598 -0.1567458 0.7459271 2.014982 0.5562133 0.8336134 2.628899 0.05644581 0.1816955 2.50303 0.06927823 0.1211091 2.498139 0.005967878 0.03629347 2.455437 0.15053 0.04214219 2.536981 -0.01910298 -0.4405614 2.567725 0.1572089 -0.4610837 2.656188 -0.03817248 -0.8361957 2.67845 0.2232947 -0.8458825 2.711093 0.01028603 -0.8795761 2.619869 0.2464609 -0.9123465 2.686977
0.0674804 0.6594357 2.470088 0.02877563 0.4864014 2.493878 -0.09561338 0.3961088 2.429684 0.2156757 0.4795032 2.66722 -0.2139922 0.5083858 2.21145 0.388604 0.6088809 2.690878 -0.1804451 0.6881577 2.033407 0.5311769 0.7669458 2.654817 -0.1661188 0.7255555 2.007049 0.5668607 0.8219603 2.640984 0.05668966 0.1806808 2.502999 0.06937692 0.1201327 2.498307 0.006708593 0.03448689 2.456467 0.1502035 0.04151246 2.536849 -0.01950133 -0.4401601 2.567215 0.1571822 -0.461099 2.656209 -0.0375618 -0.8391736 2.680775 0.2240421 -0.8453767 2.7115 0.01079643 -0.882579 2.622128 0.2510548 -0.910939 2.688967
0.06622477 0.6591577 2.467699 0.02870112 0.4862125 2.493971 -0.09660303 0.3956105 2.429814 0.2119908 0.4755797 2.664205 -0.2146104 0.5017797 2.211723 0.3897402 0.6034434 2.695552 -0.1830149 0.670943 2.02188 0.5452885 0.7329974 2.677162 -0.1671133 0.7061663 1.996836 0.5863872 0.7830629 2.659969 0.05666599 0.1785736 2.503245 0.06926412 0.1175446 2.49873 0.007231179 0.0328733 2.45716 0.1492458 0.03908471 2.536812 -0.02025556 -0.4399282 2.566279 0.156843 -0.4613119 2.655349 -0.03732155 -0.8377873 2.679386 0.224383 -0.8458861 2.711198 0.01093664 -0.8812153 2.620672 0.2431275 -0.9126698 2.684282
0.06600271 0.6592569 2.466964 0.02856638 0.4860272 2.493535 -0.09955829 0.396731 2.430495 0.2113378 0.4741472 2.663812 -0.215312 0.4923819 2.210843 0.3954249 0.6007214 2.701772 -0.1812808 0.6553292 2.01406 0.5549231 0.7214642 2.68005 -0.1627007 0.6929206 1.98812 0.6016543 0.7695888 2.663274 0.05681 0.1779803 2.50314 0.06927294 0.1168466 2.498884 0.007530628 0.03181465 2.458321 0.1491259 0.03866654 2.536659 -0.02085801 -0.4394461 2.564415 0.1574472 -0.4609572 2.654909 -0.03524705 -0.8487014 2.68816 0.2243264 -0.845816 2.71104 0.01268292 -0.8921745 2.629211 0.2421796 -0.9121485 2.682453
0.06483166 0.6586071 2.46694 0.0281789 0.4854753 2.493116 -0.1000361 0.3919431 2.431036 0.2106943 0.4721223 2.663793 -0.2154049 0.4817757 2.211155 0.4041525 0.5965044 2.707015 -0.1850188 0.6308948 2.015007 0.5663863 0.7116235 2.671075 -0.163073 0.6764226 1.981879 0.611187 0.7596234 2.657072 0.05737113 0.176887 2.502482 0.06994382 0.1156845 2.498325 0.008439445 0.03046267 2.457583 0.1501284 0.03770535 2.536095 -0.0205532 -0.4392266 2.563362 0.1582175 -0.4613423 2.655053 -0.03178087 -0.8346506 2.678888 0.2227653 -0.8416419 2.709016 0.01604259 -0.8781185 2.619847 0.2346716 -0.9100122 2.682187
0.06073788 0.6582237 2.466146 0.02721868 0.4852702 2.492648 -0.1013865 0.388107 2.431815 0.2088687 0.4711072 2.662739 -0.2152463 0.4802811 2.210209 0.4035119 0.5861107 2.707825 -0.1852017 0.6278316 2.015919 0.5624911 0.7053156 2.670028 -0.1668649 0.6639339 1.986097 0.6114771 0.7553357 2.653935 0.05715798 0.1753322 2.502277 0.0697124 0.1137484 2.498378 0.00861683 0.02930306 2.458125 0.1497147 0.03611721 2.535776 -0.02032396 -0.4392784 2.563343 0.1594407 -0.4631763 2.655969 -0.03214753 -0.8310631 2.676178 0.2227342 -0.8416402 2.709009 0.01543712 -0.8745594 2.616965 0.2321994 -0.910334 2.682033
0.06088732 0.6584659 2.466533 0.02629123 0.4856028 2.492452 -0.1015058 0.3881388 2.431879 0.208748 0.4709589 2.662931 -0.2152401 0.4793926 2.210313 0.4011915 0.5806133 2.710962 -0.2087107 0.6048025 2.03519 0.5585606 0.7016012 2.671572 -0.1670782 0.6659951 1.983489 0.6114838 0.7551916 2.653263 0.05725905 0.1754656 2.501907 0.06980957 0.1139463 2.498081 0.008652301 0.02931659 2.457841 0.1504795 0.03693205 2.535056 -0.02190879 -0.4418663 2.564879 0.159649 -0.4614866 2.65497 -0.03289228 -0.8320151 2.676528 0.2256859 -0.838818 2.715722 0.01470212 -0.8754951 2.61731 0.2537387 -0.9053243 2.697662
0.0620748 0.6575924 2.466824 0.02630898 0.4853011 2.492141 -0.1010177 0.3879189 2.431828 0.2084421 0.4705204 2.662681 -0.2154151 0.4796546 2.210098 0.4020848 0.5861453 2.713186 -0.2107345 0.6054861 2.036498 0.5594651 0.7075294 2.675762 -0.1701669 0.6721532 1.981631 0.6097409 0.7586619 2.655856 0.05769555 0.1748687 2.501438 0.07023158 0.1133398 2.497762 0.009132011 0.02890215 2.457483 0.1507825 0.03657868 2.534893 -0.02202042 -0.4419605 2.565113 0.1595922 -0.4619685 2.654861 -0.03325726 -0.8322867 2.677093 0.2266769 -0.8416249 2.716995 0.02354319 -0.9097835 2.70712 0.2503116 -0.9095821 2.698038
0.06282694 0.6574182 2.46614 0.02635461 0.4853976 2.49194 -0.1011418 0.3879272 2.431761 0.2080767 0.4703571 2.662152 -0.2157245 0.480707 2.209866 0.400177 0.5894769 2.715414 -0.2104941 0.6327268 2.031136 0.5536581 0.7165028 2.682261 -0.1839468 0.6817161 1.986366 0.6042807 0.7661577 2.659311 0.05796881 0.1748961 2.501097 0.07045741 0.1133685 2.497521 0.009410532 0.02880738 2.457101 0.1510414 0.03663588 2.534724 -0.02209675 -0.4420468 2.564911 0.1596019 -0.4623758 2.656061 -0.0339956 -0.8365163 2.679192 0.2256426 -0.8415108 2.715539 0.01361004 -0.8799872 2.619975 0.2451566 -0.9081093 2.688704
0.06315363 0.6574854 2.463248 0.02645633 0.4854796 2.491134 -0.1012988 0.3884913 2.431673 0.2076711 0.4701811 2.661374 -0.2176624 0.4842938 2.209352 0.3983681 0.5905399 2.716342 -0.2178306 0.6504943 2.02316 0.5547469 0.7357168 2.694359 -0.1980155 0.6900334 1.989026 0.5958158 0.7868597 2.68062 0.05815023 0.1749261 2.500691 0.07051506 0.1133817 2.497341 0.009462108 0.02879009 2.456998 0.1510608 0.03670639 2.5346 -0.02254033 -0.4426189 2.565395 0.1575649 -0.4597364 2.654552 -0.03399073 -0.8368418 2.679614 0.225601 -0.8416747 2.715863 0.0135644 -0.8803308 2.620369 0.2412752 -0.9074371 2.684783
0.06418528 0.6578203 2.462084 0.02674291 0.4851896 2.491033 -0.1015495 0.3893562 2.431499 0.2074527 0.4703403 2.660853 -0.2213959 0.4866493 2.20931 0.3967312 0.591669 2.717688 -0.2288939 0.6493547 2.02656 0.5563086 0.7398298 2.701382 -0.2165557 0.6911162 1.992509 0.5947032 0.7941443 2.693211 0.05838978 0.1750525 2.500248 0.07066876 0.1136503 2.496894 0.009566629 0.02899053 2.456603 0.1511917 0.03724814 2.533791 -0.02594816 -0.4414399 2.565402 0.1574698 -0.4595816 2.654446 -0.03353838 -0.8450664 2.677284 0.2249866 -0.8404255 2.71641 0.0139726 -0.8885546 2.618001 0.239861 -0.9055914 2.683721
0.06370958 0.6579452 2.459726 0.02706861 0.4843996 2.490566 -0.1015624 0.3892542 2.43112 0.2073025 0.4702479 2.660293 -0.2239313 0.487103 2.208775 0.3967467 0.5937085 2.721851 -0.2418199 0.645156 2.025051 0.5481564 0.7304054 2.718358 -0.2332379 0.6892549 1.98928 0.5905166 0.7814727 2.708946 0.05823349 0.1741591 2.499913 0.07029914 0.112719 2.496753 0.009315398 0.02833498 2.456735 0.1501511 0.0360182 2.533462 -0.02512679 -0.4462208 2.566863 0.1567817 -0.4582782 2.652642 -0.03761437 -0.8463175 2.683335 0.2257358 -0.8399729 2.714629 0.00989579 -0.8898221 2.624063 0.2441101 -0.902532 2.678779
0.06646327 0.6587055 2.459263 0.02773814 0.4839411 2.489414 -0.1013608 0.3892595 2.430998 0.2072747 0.4702696 2.660346 -0.2293729 0.4823902 2.209765 0.3996526 0.5945053 2.726249 -0.2683095 0.6221361 2.027215 0.5588158 0.7268727 2.731091 -0.2652914 0.6713307 1.978955 0.6042815 0.7759808 2.734555 0.05874863 0.1737768 2.499061 0.07065078 0.1123568 2.496173 0.009549694 0.02821888 2.456342 0.1504221 0.03568614 2.533012 -0.01529113 -0.4471186 2.570604 0.1573438 -0.4577186 2.652181 -0.03668617 -0.8470486 2.682795 0.2256569 -0.84047 2.713092 0.0108805 -0.8905632 2.623575 0.2433582 -0.9032924 2.677362
0.06699818 0.6581375 2.458425 0.02794508 0.4831394 2.488986 -0.1014993 0.3888927 2.430244 0.2069343 0.4652269 2.658544 -0.2354593 0.4721488 2.213067 0.4124141 0.5875251 2.737768 -0.2831565 0.6007124 2.026568 0.5755967 0.7001937 2.75241 -0.2853306 0.6426037 1.974843 0.6177245 0.7413312 2.761219 0.05923434 0.1730694 2.498401 0.07105704 0.1116952 2.495649 0.009801703 0.02775435 2.455945 0.1510024 0.03514346 2.532414 -0.01570699 -0.4469066 2.570683 0.1572794 -0.4578418 2.652263 -0.03475768 -0.8477075 2.683681 0.2237481 -0.841789 2.709882 0.01274593 -0.8912231 2.624413 0.2726098 -0.905318 2.723524
0.06721988 0.6574199 2.455735 0.02834846 0.4820417 2.489446 -0.1015055 0.38835 2.43001 0.2072139 0.4635166 2.658734 -0.2419018 0.451763 2.218702 0.3985626 0.5426882 2.740495 -0.2999036 0.5648679 2.025855 0.5662074 0.6547466 2.763914 -0.3049756 0.6090623 1.969535 0.6299144 0.702305 2.776199 0.05915143 0.1710586 2.498884 0.07072335 0.1094562 2.496329 0.009686108 0.02594467 2.456775 0.1498709 0.03218261 2.533015 -0.02123367 -0.4448428 2.567057 0.1576029 -0.458224 2.652334 -0.03434971 -0.8474264 2.683738 0.2236073 -0.8415927 2.709965 0.01320939 -0.890954 2.624521 0.2321202 -0.9092227 2.680128
0.06719834 0.6573913 2.455671 0.02855502 0.4815091 2.489797 -0.1020218 0.3868246 2.42952 0.2052854 0.4504497 2.655002 -0.2485002 0.4402403 2.21882 0.3983112 0.5320367 2.74277 -0.3095376 0.5301989 2.035873 0.5760693 0.6353812 2.770983 -0.3189245 0.5800385 1.967261 0.6351701 0.6842697 2.779447 0.05904499 0.1684421 2.498986 0.07038019 0.1062286 2.496454 0.009568866 0.0233279 2.456666 0.1488384 0.02865637 2.533186 -0.02330536 -0.4464128 2.566492 0.1586383 -0.4609345 2.653256 -0.03727213 -0.845587 2.688073 0.2235555 -0.8428231 2.712393 0.01013793 -0.8891391 2.628754 0.2341303 -0.9078766 2.677855
0.06720492 0.657375 2.455878 0.0285734 0.4808528 2.490162 -0.1019074 0.384506 2.429601 0.206403 0.4471061 2.655967 -0.2527364 0.4305206 2.218024 0.4024218 0.5166872 2.748955 -0.3151028 0.5173978 2.034871 0.5850697 0.6193884 2.773705 -0.3291662 0.5562168 1.964843 0.6454142 0.6481357 2.77847 0.05919588 0.1677059 2.498533 0.07056944 0.1054958 2.495825 0.009494311 0.02231481 2.455412 0.1494703 0.02782912 2.532391 -0.02315327 -0.4426509 2.564669 0.1594361 -0.4601071 2.653174 -0.03769003 -0.8412193 2.683921 0.2228473 -0.8395988 2.713181 0.009751234 -0.8847463 2.624608 0.232389 -0.9046058 2.678255
0.06705493 0.6576443 2.455568 0.02861194 0.4807395 2.490167 -0.1030484 0.3837441 2.429631 0.206549 0.4467684 2.65783 -0.2585959 0.4114103 2.217978 0.4034669 0.5063753 2.750926 -0.3178155 0.4998441 2.035239 0.5893611 0.6006615 2.77254 -0.3312317 0.5382405 1.969465 0.6514166 0.6308817 2.776714 0.05927021 0.1675117 2.498558 0.07064772 0.1053145 2.495897 0.009726902 0.02167602 2.455613 0.1495522 0.02759963 2.532507 -0.02306418 -0.4425358 2.564773 0.1604 -0.4584402 2.652784 -0.03794191 -0.8437526 2.682785 0.2229925 -0.83945 2.712464 0.009620175 -0.8872685 2.623559 0.2444463 -0.9035974 2.681453
0.06750809 0.6579307 2.456153 0.02872343 0.4805504 2.490194 -0.1042016 0.3821584 2.430265 0.2062611 0.4462615 2.658764 -0.2607705 0.405628 2.218268 0.3955844 0.4879856 2.746613 -0.3205382 0.4913334 2.032845 0.5922036 0.594118 2.770493 -0.3328546 0.529971 1.967341 0.6601522 0.6249119 2.776904 0.059604 0.1671489 2.498121 0.07107774 0.1049675 2.495272 0.009926301 0.02082337 2.45454 0.1505921 0.02742249 2.531685 -0.01290703 -0.4502423 2.571003 0.1607813 -0.4581644 2.652622 -0.03922189 -0.8307463 2.678396 0.224473 -0.8399119 2.712171 0.008275278 -0.8742512 2.619112 0.2442009 -0.9047823 2.681523
0.06829737 0.6576557 2.456933 0.02861099 0.4805135 2.490117 -0.1049681 0.3815191 2.430455 0.206024 0.4458599 2.658809 -0.2616373 0.400441 2.221065 0.3988107 0.4872666 2.748115 -0.3205825 0.4854822 2.034772 0.59521 0.5902318 2.768198 -0.3332275 0.5235454 1.967233 0.6647255 0.6237547 2.774565 0.05960257 0.1668023 2.497651 0.07119674 0.1045844 2.494596 0.009891286 0.02010862 2.453509 0.151013 0.0271367 2.531026 -0.02112479 -0.4510661 2.570858 0.1605785 -0.4583648 2.652438 -0.03672276 -0.8365436 2.682368 0.2246986 -0.8396993 2.712751 0.01069493 -0.8800432 2.623016 0.2433403 -0.9043186 2.680914
