0.06358056 0.6563053 2.471256 0.01899724 0.4966291 2.498711 -0.09854274 0.3994922 2.439419 0.1932943 0.5350983 2.629539 -0.1711552 0.5592662 2.274105 0.3223887 0.6841011 2.568948 -0.05968716 0.7495802 2.180275 0.3272039 0.8293166 2.418095 0.00609256 0.8101531 2.165876 0.3204978 0.8612972 2.385094 0.04830767 0.2174319 2.505718 0.05903464 0.1576478 2.499227 0.00360567 0.06945961 2.449685 0.1389858 0.08178418 2.542002 -0.02087796 -0.4374543 2.570101 0.1606424 -0.44439 2.651208 -0.03966281 -0.8487086 2.688891 0.2218343 -0.8346059 2.711823 -0.03012883 -0.9221485 2.681366 0.2441895 -0.8985342 2.68093
0.06404539 0.6552842 2.471214 0.01905142 0.4974706 2.498629 -0.09868704 0.4014414 2.439606 0.1951112 0.5303929 2.630985 -0.1715512 0.5589558 2.273427 0.3303424 0.6771815 2.589553 -0.06386488 0.7589941 2.174578 0.3461789 0.8459282 2.441649 -0.0128059 0.8315485 2.156353 0.3459952 0.8852517 2.416352 0.04803947 0.2139953 2.505723 0.059187 0.1547988 2.499255 0.002465043 0.06596225 2.451985 0.1387205 0.07950441 2.540565 -0.02104756 -0.4361965 2.569381 0.1605376 -0.444935 2.651529 -0.03704995 -0.8458877 2.684618 0.2241509 -0.8353305 2.713878 0.005340155 -0.8897809 2.621804 0.2428691 -0.8989357 2.68004
0.06345618 0.6533521 2.47069 0.01991582 0.497205 2.499024 -0.09855349 0.4020489 2.439348 0.1989697 0.5229962 2.632874 -0.1734964 0.5592491 2.270229 0.3307867 0.6728108 2.591012 -0.07942037 0.7639804 2.160064 0.3716934 0.8610747 2.458667 -0.03253223 0.8315736 2.146207 0.3782521 0.8987792 2.43723 0.04927931 0.2072374 2.506625 0.06069006 0.1482459 2.500201 0.00185979 0.06062891 2.454232 0.1403801 0.0725352 2.540084 -0.02153912 -0.430859 2.566215 0.1596448 -0.4458638 2.651588 -0.03620739 -0.8426743 2.683898 0.2273717 -0.8449072 2.707333 0.006339084 -0.886567 2.621192 0.2699182 -0.8887999 2.644627
0.06239974 0.6507571 2.471159 0.02136527 0.4935281 2.498681 -0.0987346 0.4024474 2.439478 0.2021112 0.5155009 2.636126 -0.1792678 0.5668982 2.256276 0.3318929 0.6672298 2.595731 -0.09677728 0.7588781 2.146207 0.4075173 0.8675227 2.479779 -0.04817878 0.8272923 2.133147 0.4157726 0.9041051 2.459889 0.05017086 0.2001021 2.507208 0.06174688 0.1417093 2.501173 0.00147669 0.05527142 2.4557 0.1422236 0.06265962 2.541537 -0.02378875 -0.4334575 2.565879 0.1602454 -0.4470202 2.652166 -0.03652599 -0.8449905 2.684549 0.2249738 -0.8413345 2.711039 0.006396554 -0.8888831 2.622098 0.2588395 -0.9061615 2.697204
0.06106756 0.6455683 2.469985 0.02251754 0.4905941 2.49984 -0.09978281 0.4037368 2.438986 0.2068025 0.5000509 2.638944 -0.1843568 0.5609415 2.253997 0.3411778 0.657912 2.60579 -0.1184859 0.7468901 2.114884 0.443348 0.8519633 2.493811 -0.07762357 0.8093133 2.091599 0.4579778 0.8879686 2.481155 0.05028846 0.1915226 2.509413 0.06178451 0.1321083 2.503899 -8.544722E-05 0.04679886 2.461618 0.1420045 0.05410323 2.541681 -0.01033827 -0.4528777 2.578762 0.1607782 -0.4491241 2.653198 -0.03546393 -0.8452039 2.68481 0.2245105 -0.8417146 2.710281 0.007763505 -0.8891262 2.62259 0.254974 -0.9079695 2.695342
0.06105712 0.6447324 2.469655 0.02246769 0.4892615 2.500016 -0.100586 0.4040135 2.438858 0.207306 0.4987107 2.640346 -0.1957132 0.5507351 2.251487 0.3585028 0.6558021 2.614852 -0.1222198 0.7439706 2.097457 0.4618044 0.8052381 2.517608 -0.08838792 0.7966202 2.069585 0.4807995 0.8656475 2.481774 0.05084195 0.1898488 2.509411 0.06250838 0.1305117 2.504026 0.0004188335 0.04409894 2.462499 0.1432726 0.05312538 2.541297 -0.01810097 -0.4511529 2.574577 0.1607279 -0.4492628 2.653002 -0.03521054 -0.8448185 2.68524 0.2216542 -0.8376515 2.706832 0.00813954 -0.8887186 2.623092 0.2676594 -0.8956885 2.714312
0.06188802 0.6452907 2.468969 0.02285288 0.4888493 2.500109 -0.1020125 0.4046943 2.438776 0.2088642 0.4967746 2.645654 -0.1994264 0.5484492 2.247624 0.369343 0.6510109 2.628191 -0.1327603 0.7343311 2.07794 0.4699407 0.7968015 2.521774 -0.09825028 0.7868899 2.054969 0.4924573 0.8455477 2.487074 0.0512723 0.1887513 2.509459 0.06301431 0.1293227 2.504269 0.0002829477 0.042928 2.463372 0.1445048 0.05163018 2.540967 -0.01852883 -0.4489103 2.573593 0.1609556 -0.4528785 2.653905 -0.03517657 -0.8455365 2.685379 0.2240335 -0.8424432 2.714183 0.008755188 -0.8893867 2.623605 0.2579519 -0.9077401 2.702929
0.06194662 0.6457236 2.468977 0.02243062 0.4872753 2.499223 -0.1024294 0.404172 2.438788 0.2088039 0.4929814 2.65048 -0.2044232 0.5457232 2.242551 0.3757834 0.6428386 2.641133 -0.1531665 0.7156183 2.077434 0.4787531 0.7842299 2.530623 -0.1248297 0.7676081 2.046209 0.5037618 0.8349639 2.48945 0.05179996 0.187362 2.508937 0.06379396 0.1279861 2.504074 0.001390223 0.04070523 2.463833 0.1454463 0.05113808 2.540587 -0.02312023 -0.4441288 2.569725 0.16149 -0.4527188 2.653899 -0.03542368 -0.844812 2.686152 0.2226304 -0.8402525 2.710746 0.009243019 -0.8885915 2.624856 0.2419734 -0.907065 2.684236
0.06219777 0.6460972 2.468339 0.02253138 0.4867712 2.499135 -0.1027124 0.4041111 2.438792 0.2080238 0.4903938 2.653715 -0.2079663 0.5432417 2.238684 0.3788165 0.6407025 2.644654 -0.1593489 0.7169576 2.071739 0.4860666 0.7824991 2.5395 -0.1333785 0.7709466 2.04188 0.5148236 0.8355075 2.504579 0.05237325 0.1866136 2.50886 0.06449898 0.1272161 2.504278 0.002361075 0.03972249 2.463824 0.1463194 0.05029018 2.54122 -0.02443688 -0.4432096 2.568792 0.161798 -0.4529694 2.653516 -0.03504566 -0.8455546 2.685759 0.2258401 -0.841031 2.712177 0.01018214 -0.8892791 2.624835 0.2393305 -0.9081362 2.682923
0.06268167 0.6466025 2.467407 0.02300324 0.485693 2.499354 -0.1047172 0.405688 2.438237 0.2080026 0.4891627 2.654209 -0.2115353 0.5398434 2.238434 0.3806915 0.6378156 2.649444 -0.1719792 0.7235686 2.066053 0.4941879 0.7833166 2.55869 -0.1532964 0.7802148 2.035675 0.5241867 0.8423444 2.538946 0.0528251 0.1862971 2.50861 0.06490635 0.1270146 2.504092 0.002857903 0.03949411 2.463486 0.1468119 0.04993021 2.540928 -0.02374806 -0.4246836 2.559935 0.1619894 -0.451874 2.653505 -0.03516747 -0.8349032 2.682462 0.2251653 -0.8406318 2.711763 0.01005507 -0.8786198 2.621528 0.2703878 -0.8843484 2.650829
0.06485164 0.6462258 2.465632 0.02415618 0.4846585 2.499972 -0.1048828 0.4046845 2.438154 0.208695 0.486697 2.655031 -0.2151106 0.5360128 2.237942 0.3848622 0.6378695 2.656266 -0.1876078 0.7240027 2.061582 0.4997877 0.7882081 2.577805 -0.168252 0.7807623 2.031846 0.5275677 0.8487339 2.55388 0.0538244 0.1854098 2.508571 0.06589076 0.1262191 2.503999 0.00395178 0.03821896 2.463172 0.1476527 0.04938169 2.540727 -0.0232442 -0.4328571 2.566476 0.1619473 -0.4516578 2.653516 -0.03498579 -0.8382137 2.684041 0.2241021 -0.8397771 2.711513 0.0102975 -0.8819129 2.623138 0.2414697 -0.9089211 2.6901
0.06844325 0.6463537 2.4634 0.02536961 0.4837212 2.499976 -0.1046467 0.4046586 2.438164 0.2097835 0.484801 2.656067 -0.2214027 0.5317859 2.237534 0.3876128 0.6356279 2.663001 -0.2020179 0.7160774 2.060831 0.509959 0.7890369 2.610181 -0.1952988 0.750577 2.036611 0.5471426 0.8528886 2.606318 0.05530779 0.1838398 2.508723 0.06741838 0.1245764 2.504272 0.005208859 0.03721824 2.463395 0.149145 0.04738339 2.541149 -0.02058939 -0.435037 2.568698 0.1621409 -0.4537015 2.653651 -0.03439286 -0.8393296 2.683527 0.2227297 -0.8397627 2.710233 0.01098704 -0.8830224 2.622691 0.2421058 -0.9087817 2.690181
0.06953402 0.6462001 2.46223 0.02548722 0.4834785 2.500053 -0.105866 0.4057239 2.438842 0.2103433 0.483497 2.656872 -0.2265999 0.5294754 2.236607 0.3915 0.623164 2.677911 -0.2316936 0.6830915 2.057108 0.5173616 0.7808064 2.626704 -0.2076115 0.738278 2.024819 0.5528368 0.8405141 2.619987 0.05559702 0.1834399 2.508746 0.06769812 0.1241707 2.50433 0.005258651 0.03715037 2.463461 0.1499909 0.04613783 2.54106 -0.02184774 -0.4382674 2.569153 0.1620025 -0.4539492 2.653869 -0.03531436 -0.839524 2.682523 0.2231548 -0.8409784 2.710022 0.009946588 -0.8832264 2.621605 0.2436118 -0.9083458 2.685848
0.07000241 0.6459759 2.462321 0.02615767 0.4823403 2.500335 -0.1064534 0.4049123 2.439533 0.2104089 0.4813614 2.657586 -0.2330421 0.5238554 2.23472 0.397768 0.6170443 2.686009 -0.2373758 0.6685104 2.058501 0.5297209 0.7697271 2.636371 -0.2188491 0.715215 2.019041 0.5638594 0.8268402 2.629106 0.05617001 0.1826403 2.508806 0.06823587 0.123471 2.504382 0.005599142 0.03662351 2.463675 0.1506021 0.04552672 2.540847 -0.02367221 -0.4413646 2.569194 0.1621425 -0.4539784 2.653822 -0.03635376 -0.8434372 2.685913 0.2228497 -0.8409288 2.710432 0.008865148 -0.8871405 2.624964 0.2449973 -0.9074205 2.68534
0.07132937 0.645331 2.462069 0.02664248 0.4811471 2.500712 -0.1060101 0.4016475 2.439873 0.2115911 0.4773083 2.660503 -0.2424114 0.5039163 2.239174 0.3972157 0.6071628 2.696265 -0.240291 0.6570657 2.051579 0.5463687 0.7512959 2.645313 -0.2234751 0.7009435 2.011037 0.5908936 0.7997281 2.632992 0.05661677 0.179738 2.509299 0.06869125 0.1202026 2.504974 0.006305338 0.03388148 2.464582 0.1504236 0.0417817 2.54112 -0.0149752 -0.445358 2.57302 0.1622749 -0.4548948 2.653748 -0.0364418 -0.8436056 2.686517 0.2237162 -0.8415561 2.709234 0.009094425 -0.887287 2.625788 0.2409824 -0.9083635 2.681306
0.07230867 0.645061 2.461445 0.02662798 0.4808199 2.500955 -0.1071328 0.4006514 2.440631 0.2117341 0.4758254 2.662652 -0.2442832 0.4932956 2.240198 0.4008507 0.6018108 2.702454 -0.2441101 0.6394658 2.047723 0.5626702 0.7153068 2.657513 -0.2273938 0.6848069 2.002683 0.5987794 0.7681047 2.639765 0.05698953 0.1793692 2.509389 0.06918065 0.1198364 2.505073 0.006714971 0.0333769 2.464502 0.1517744 0.0409335 2.541437 -0.0177796 -0.4457281 2.571971 0.1625095 -0.4567953 2.654338 -0.03744629 -0.8334039 2.684059 0.2240077 -0.8407958 2.711855 0.005556346 -0.9180711 2.691005 0.2327502 -0.9088274 2.682934
0.07305481 0.644446 2.461853 0.02657892 0.4802133 2.500743 -0.1083421 0.397911 2.440791 0.2117388 0.4751703 2.664453 -0.2465112 0.4839682 2.242577 0.4056173 0.5983591 2.708466 -0.2466129 0.6276447 2.044823 0.5628031 0.7161068 2.656518 -0.2316467 0.6696278 2.001049 0.6001056 0.7658141 2.641219 0.05728963 0.1790368 2.509151 0.06955881 0.1195617 2.504852 0.007027655 0.03289223 2.464382 0.1526366 0.04070706 2.540965 -0.01973012 -0.4455432 2.571147 0.1636548 -0.4560266 2.654564 -0.03658751 -0.8329018 2.683215 0.2232606 -0.840013 2.711578 -0.0182556 -0.9070185 2.671037 0.2376352 -0.9070382 2.682557
0.07307941 0.644257 2.461734 0.02651292 0.4791511 2.500731 -0.1088565 0.3970402 2.440854 0.2115715 0.4745426 2.665386 -0.2470969 0.4817796 2.243462 0.4054823 0.5947053 2.715647 -0.2484757 0.6249398 2.045254 0.5598439 0.7151894 2.660866 -0.2337735 0.6660734 2.002256 0.6001475 0.7650394 2.642718 0.05729969 0.177758 2.509295 0.06957326 0.1182886 2.505086 0.007249824 0.03171366 2.46502 0.1523277 0.03930544 2.540961 -0.01941573 -0.4458776 2.57119 0.1637439 -0.4562656 2.654707 -0.03642192 -0.8356499 2.68396 0.2241089 -0.8418154 2.711096 -0.02267511 -0.9097002 2.673944 0.2323816 -0.9085783 2.679228
0.07319153 0.6441631 2.461476 0.02655569 0.4788751 2.500295 -0.1087437 0.3964989 2.440977 0.2113966 0.4741466 2.666381 -0.2480142 0.4806945 2.24362 0.4049623 0.5948787 2.716558 -0.2504907 0.6239774 2.046715 0.5585754 0.7185189 2.668859 -0.2351564 0.6660678 2.002787 0.5995777 0.7657509 2.64758 0.05758501 0.1774087 2.509021 0.06989243 0.1179202 2.504922 0.007531637 0.03133798 2.464963 0.1526454 0.03915531 2.540857 -0.02047035 -0.4462149 2.570684 0.1638768 -0.456457 2.654696 -0.03542321 -0.8398167 2.687795 0.224192 -0.8418313 2.71107 -0.02242347 -0.9141952 2.68103 0.2381011 -0.9055742 2.675226
0.0734743 0.6441914 2.460917 0.02674499 0.4786998 2.50006 -0.1096477 0.398275 2.441232 0.2112015 0.4739823 2.666824 -0.2495956 0.4802103 2.245075 0.4047356 0.5962181 2.721362 -0.2584777 0.6247516 2.051885 0.5561785 0.7253042 2.686299 -0.2506237 0.6672291 2.011518 0.5906608 0.7691247 2.673966 0.05763465 0.1771785 2.509027 0.06984664 0.1176242 2.505095 0.007573019 0.03115685 2.465289 0.1521676 0.03841944 2.541242 -0.02256461 -0.4462956 2.569705 0.1634641 -0.4570883 2.654998 -0.03662851 -0.8454169 2.685727 0.2241286 -0.8418928 2.710567 0.009299923 -0.8890619 2.625266 0.2368758 -0.9061537 2.675218
0.07416134 0.6445183 2.459532 0.0270619 0.4784798 2.499913 -0.1101706 0.3997971 2.441673 0.211133 0.4737799 2.666921 -0.251832 0.4810268 2.246062 0.4039744 0.598986 2.726714 -0.269554 0.627915 2.054797 0.5542951 0.7303739 2.69874 -0.2625071 0.6724797 2.014335 0.588724 0.7760673 2.690392 0.05769487 0.1771811 2.50893 0.06982449 0.1176201 2.505085 0.007534379 0.03114805 2.465342 0.1519106 0.03849997 2.541089 -0.01652018 -0.4497378 2.57554 0.1629384 -0.4560131 2.655341 -0.03789376 -0.8445671 2.687062 0.2202702 -0.8346983 2.710653 -0.02538687 -0.9178786 2.681616 0.2427408 -0.9005623 2.684222
0.073626 0.6426172 2.456292 0.02737412 0.4777786 2.499483 -0.1102088 0.3995039 2.441793 0.2111728 0.4736206 2.667042 -0.2549518 0.4823164 2.247038 0.402626 0.5997552 2.731535 -0.2840424 0.6283728 2.058904 0.5528415 0.7320926 2.717009 -0.281581 0.6731548 2.018503 0.5889913 0.7774056 2.710142 0.05795752 0.1770524 2.508693 0.06998862 0.1175488 2.504994 0.007590958 0.03105158 2.46529 0.1522708 0.03848709 2.541013 -0.0193917 -0.4503154 2.577028 0.1628541 -0.4561494 2.655483 -0.03847087 -0.8475082 2.688508 0.2203144 -0.8347493 2.710496 0.007390808 -0.8911742 2.628009 0.2426466 -0.9007185 2.684209
0.07369675 0.6425747 2.455953 0.02736676 0.4772983 2.499067 -0.1102232 0.3991592 2.441866 0.2109588 0.4732773 2.6669 -0.2644036 0.4840154 2.246509 0.4043173 0.6005948 2.73741 -0.3044713 0.6210883 2.061564 0.5565643 0.7301429 2.735163 -0.3062186 0.6681966 2.015727 0.5996968 0.7802811 2.742577 0.0579836 0.1767106 2.508544 0.06991316 0.1172179 2.505043 0.007568787 0.03089087 2.46553 0.1520577 0.03818697 2.54103 -0.01057165 -0.4541415 2.580771 0.1618951 -0.4559171 2.655053 -0.03698739 -0.8439338 2.685648 0.2200896 -0.8347653 2.71028 0.008869 -0.8876104 2.625152 0.2449879 -0.8989297 2.681912
0.07388853 0.6421227 2.4556 0.0276042 0.4760265 2.497584 -0.1101971 0.3977711 2.441351 0.2105396 0.4730287 2.666906 -0.2726749 0.4771248 2.249259 0.4100751 0.5958352 2.750374 -0.326951 0.6045363 2.060395 0.5685553 0.7155298 2.762505 -0.3346433 0.6413443 2.018559 0.6146234 0.7629591 2.772862 0.05802958 0.1749001 2.508404 0.06969027 0.1151039 2.505573 0.007531457 0.02931266 2.467131 0.1512823 0.03638188 2.541493 -0.01366486 -0.4547893 2.580668 0.1612213 -0.4563581 2.655334 -0.03642704 -0.8442284 2.685323 0.2201966 -0.8351806 2.710501 0.009555578 -0.8879425 2.624949 0.2445291 -0.8997881 2.682652
0.074357 0.642087 2.455131 0.02800407 0.4754024 2.49734 -0.1100331 0.3963442 2.441136 0.2120726 0.4694343 2.669653 -0.277287 0.4657967 2.255206 0.398815 0.5578418 2.754193 -0.3378042 0.594938 2.059219 0.5740735 0.680437 2.781844 -0.3553445 0.6105168 2.023585 0.628331 0.7233792 2.794073 0.05844162 0.174271 2.508021 0.06990828 0.1145085 2.505521 0.007412203 0.02858089 2.467329 0.1517567 0.03587093 2.541294 -0.0155996 -0.4538516 2.580087 0.1610512 -0.4568651 2.655746 -0.03668188 -0.8422473 2.683771 0.2209285 -0.8387581 2.712671 0.01052239 -0.9202119 2.690386 0.2375511 -0.9059924 2.685379
0.07433967 0.6420881 2.455072 0.02789712 0.475157 2.497221 -0.1104369 0.3939117 2.441056 0.210937 0.4674698 2.669119 -0.27823 0.4550338 2.259812 0.3996278 0.5503988 2.758168 -0.3607077 0.5359566 2.0832 0.5789567 0.6514254 2.791814 -0.3742283 0.5787147 2.022066 0.6337003 0.6895016 2.797484 0.05837061 0.1729108 2.508046 0.06960224 0.1128244 2.506009 0.007308715 0.02721525 2.468228 0.1511011 0.03435975 2.541715 -0.01967457 -0.4502169 2.576613 0.1613462 -0.4568768 2.655888 -0.03688818 -0.8423504 2.682431 0.2216583 -0.8387044 2.714122 0.009414837 -0.886058 2.622299 0.2349333 -0.9045658 2.682063
0.0744581 0.6418496 2.454572 0.0278707 0.4743586 2.49687 -0.1106558 0.3927458 2.44112 0.2102606 0.4657172 2.669549 -0.2793513 0.4428408 2.264613 0.4028464 0.531255 2.764355 -0.3648395 0.5249841 2.085928 0.583743 0.6204556 2.801602 -0.38754 0.5516176 2.026744 0.6410765 0.6533633 2.812027 0.05873322 0.1720423 2.507538 0.06981786 0.1119847 2.505812 0.007399414 0.02635802 2.468155 0.1514145 0.03387106 2.541521 -0.01580575 -0.4520572 2.582086 0.1611057 -0.4569355 2.656355 -0.03600682 -0.8418335 2.682242 0.2218317 -0.8386374 2.713812 0.01039747 -0.8855311 2.62218 0.2386831 -0.9039694 2.682354
0.07415795 0.6418989 2.453926 0.02748852 0.4734536 2.497277 -0.1117841 0.3915751 2.441212 0.2085835 0.4614064 2.668804 -0.286311 0.4290206 2.259987 0.4064544 0.5232846 2.768189 -0.3756833 0.5060019 2.081271 0.5851556 0.5997465 2.803027 -0.3967598 0.5347693 2.023073 0.6444746 0.6290726 2.81302 0.05808963 0.1700475 2.50789 0.06889872 0.1097761 2.506452 0.006761482 0.02454633 2.469018 0.1498644 0.03131753 2.541932 -0.02325394 -0.4523081 2.579579 0.1611599 -0.457215 2.65646 -0.0357991 -0.8416699 2.682164 0.2218005 -0.8386689 2.713804 0.01058779 -0.8853858 2.622101 0.2375524 -0.9040865 2.681956
0.07332221 0.6399577 2.453944 0.02714517 0.4718724 2.497435 -0.1126011 0.3891407 2.441421 0.2066207 0.4507045 2.66597 -0.2867321 0.4224989 2.261766 0.4074069 0.5130089 2.770238 -0.3780673 0.4951394 2.08287 0.5884572 0.5896258 2.801185 -0.4013286 0.52299 2.020133 0.649327 0.6142318 2.814144 0.05843342 0.1678077 2.507246 0.06923419 0.1074328 2.505812 0.006737275 0.02277656 2.468306 0.150746 0.02928518 2.541155 -0.02227265 -0.4350905 2.569351 0.1614328 -0.4566113 2.656933 -0.03500189 -0.8213826 2.679512 0.2147465 -0.8305175 2.713446 0.01116802 -0.8650934 2.619279 0.2421664 -0.8961676 2.691537
0.0735651 0.6402499 2.453748 0.02681867 0.4717106 2.497611 -0.1132589 0.3886892 2.441921 0.2064719 0.4502844 2.666676 -0.2874672 0.416058 2.263799 0.4037265 0.5025793 2.769122 -0.3806889 0.4838741 2.085598 0.5920542 0.5857553 2.801215 -0.4078894 0.5088037 2.017814 0.653576 0.6094323 2.812744 0.05826192 0.1669695 2.507669 0.06893852 0.1063848 2.506574 0.006629815 0.02135492 2.469557 0.1503318 0.02837255 2.541803 -0.0241885 -0.4361249 2.570526 0.1623378 -0.4568793 2.658578 -0.0352274 -0.8235117 2.679794 0.2149038 -0.8306159 2.713129 0.01092517 -0.8672377 2.61956 0.2393752 -0.8965994 2.68886
0.07369347 0.6403925 2.453613 0.02654791 0.4714798 2.497574 -0.114169 0.3877437 2.442969 0.2067443 0.4499895 2.667458 -0.2879623 0.3931352 2.27522 0.3919821 0.4937569 2.762149 -0.3808061 0.4824945 2.085427 0.5916517 0.5832146 2.798954 -0.4077187 0.5071973 2.017473 0.6536856 0.6061685 2.809117 0.05832272 0.1666197 2.507678 0.06887662 0.1059903 2.506848 0.006624785 0.02091978 2.470046 0.1503014 0.02765482 2.542137 -0.02418174 -0.4362707 2.570693 0.1600323 -0.4581521 2.659315 -0.03708132 -0.8226322 2.678028 0.2178995 -0.8363672 2.717385 0.008913603 -0.8663774 2.61769 0.2424855 -0.8999816 2.687547
0.07376523 0.6406168 2.453516 0.02621905 0.471002 2.498043 -0.1148285 0.3873881 2.443415 0.2072644 0.4498278 2.668752 -0.2872708 0.3892537 2.279628 0.4010203 0.4975117 2.763382 -0.3800956 0.4816537 2.085783 0.5912633 0.5835218 2.796287 -0.4061095 0.507366 2.017789 0.6527568 0.6093074 2.801941 0.05830451 0.1661822 2.508144 0.0687473 0.1055682 2.507556 0.006521708 0.02015968 2.47094 0.1502385 0.02700303 2.542955 -0.02362417 -0.4397289 2.573506 0.1600546 -0.4591553 2.659883 -0.03799341 -0.8256356 2.679049 0.2200357 -0.8363625 2.718921 0.008005124 -0.869382 2.618716 0.2384678 -0.8987209 2.682684
0.07384558 0.6405514 2.453434 0.02611 0.4708655 2.49815 -0.1151765 0.3870465 2.443917 0.2072615 0.4475657 2.668364 -0.2856144 0.3890663 2.28056 0.4074439 0.5036501 2.76371 -0.3795318 0.4818373 2.085404 0.5912672 0.5888584 2.790126 -0.4029199 0.508423 2.019527 0.651878 0.6237874 2.786345 0.05819682 0.1654998 2.508167 0.06846033 0.1047342 2.507788 0.006227748 0.01953145 2.471274 0.1498896 0.02615877 2.543009 -0.02486565 -0.4421411 2.573778 0.1602816 -0.4589286 2.659805 -0.03720692 -0.8383456 2.679 0.2201456 -0.8354415 2.718319 0.008660413 -0.8821124 2.61858 0.2442373 -0.8996548 2.689376
0.07383151 0.6405947 2.453467 0.0259967 0.4707505 2.498157 -0.1151338 0.3863514 2.444318 0.2088403 0.4513192 2.671753 -0.2844738 0.3891451 2.281519 0.4057028 0.5058829 2.761172 -0.3752096 0.4857435 2.08465 0.5875806 0.5999312 2.773513 -0.3958888 0.5151317 2.020397 0.6485186 0.6373751 2.76931 0.05829648 0.16603 2.507806 0.06852464 0.1056422 2.50747 0.006014989 0.02027534 2.47078 0.1504821 0.02695726 2.542664 -0.02520589 -0.4406128 2.574265 0.1590565 -0.4575705 2.658326 -0.03722857 -0.8379732 2.679142 0.2216896 -0.8342923 2.716871 0.008850347 -0.8817072 2.618859 0.2378263 -0.8984686 2.682775
0.07391991 0.6408532 2.454006 0.02554329 0.4707086 2.499003 -0.1153156 0.3861875 2.444582 0.2088565 0.4512921 2.671791 -0.2839334 0.3910207 2.280115 0.403733 0.5075449 2.757836 -0.3664935 0.4938868 2.08454 0.5899667 0.6083766 2.765682 -0.3864114 0.5275373 2.018288 0.6597428 0.6541716 2.770358 0.05822496 0.1658112 2.508599 0.06839104 0.1053549 2.508462 0.006058856 0.01971922 2.472091 0.1503031 0.02676137 2.543452 -0.02520821 -0.4407524 2.57412 0.1592784 -0.4587774 2.658864 -0.0366749 -0.8369743 2.679806 0.2219591 -0.8344232 2.716791 0.001675127 -0.9132429 2.693247 0.2375565 -0.8996535 2.684494
0.07410184 0.6409206 2.454067 0.0258624 0.4705354 2.500316 -0.1153956 0.3860089 2.444791 0.2082194 0.452353 2.671864 -0.281247 0.4002441 2.276461 0.4030806 0.5129882 2.753349 -0.3624649 0.4991707 2.083034 0.587314 0.6177211 2.753747 -0.3803025 0.5365101 2.01679 0.6588935 0.6686098 2.758893 0.05840277 0.1658502 2.508661 0.06854293 0.1054211 2.508474 0.006133369 0.01982385 2.471931 0.1506733 0.02691653 2.543376 -0.02432874 -0.4433547 2.575168 0.158373 -0.457808 2.657899 -0.03718463 -0.8390973 2.681843 0.2197229 -0.8332022 2.715105 0.008850824 -0.8828068 2.621513 0.2365192 -0.8994194 2.685536
0.07408346 0.6412001 2.454141 0.02623412 0.4710157 2.501323 -0.1154956 0.3858936 2.444917 0.2079262 0.4526409 2.671934 -0.2832287 0.4013825 2.279563 0.4038079 0.5173857 2.751074 -0.3556227 0.5050449 2.084589 0.5837272 0.6238856 2.746548 -0.3698643 0.5509558 2.012696 0.6454453 0.6741552 2.746645 0.05846307 0.1658895 2.509499 0.06853582 0.1053825 2.509278 0.006229939 0.01985369 2.47257 0.1502849 0.02676501 2.544274 -0.02654599 -0.4462179 2.575832 0.1582894 -0.4581955 2.657936 -0.0362242 -0.836498 2.682335 0.2189045 -0.8363602 2.718759 0.009816643 -0.8802086 2.622012 0.2432603 -0.9004031 2.689666
0.07377439 0.6418666 2.454868 0.02643744 0.4716004 2.502648 -0.1157069 0.3855486 2.445264 0.2080205 0.4532328 2.672994 -0.2825499 0.4080128 2.275672 0.408016 0.5254732 2.748518 -0.343278 0.5126404 2.090348 0.5818427 0.6331115 2.736791 -0.361469 0.5564219 2.015867 0.6488158 0.6851971 2.741122 0.05840977 0.165883 2.510369 0.06847119 0.1052964 2.510019 0.006153238 0.01968335 2.473298 0.1501041 0.02662132 2.544784 -0.02674789 -0.4696158 2.589148 0.1591845 -0.4595274 2.658918 -0.03540249 -0.8408126 2.685102 0.2196496 -0.835737 2.712119 0.01069382 -0.8845109 2.624811 0.2314838 -0.9038637 2.684553
0.07341672 0.6421923 2.455716 0.02661284 0.4716469 2.503476 -0.1158421 0.3853606 2.445484 0.2083922 0.4533366 2.673207 -0.2793535 0.4163935 2.272727 0.4070062 0.5316336 2.744561 -0.3364669 0.5170934 2.093734 0.5760112 0.6403525 2.728139 -0.3484789 0.5724203 2.013848 0.6405953 0.6976109 2.724284 0.05841386 0.1664277 2.510655 0.06851697 0.1060331 2.510094 0.005786275 0.02020892 2.472862 0.1504981 0.02708713 2.544934 -0.03101807 -0.4431394 2.57503 0.1593411 -0.4593148 2.658622 -0.03788292 -0.8375818 2.684732 0.2193694 -0.8347642 2.712023 0.008154579 -0.8812701 2.624391 0.2415586 -0.9026003 2.690883
0.07274203 0.6419811 2.455864 0.02713663 0.471934 2.505361 -0.1158246 0.3852467 2.445641 0.2089962 0.4545364 2.673881 -0.2757756 0.4287173 2.266591 0.4081565 0.5372716 2.740935 -0.3284823 0.5309104 2.089588 0.5792815 0.657557 2.717568 -0.3319435 0.5952991 2.010164 0.6382737 0.7102461 2.718906 0.0582662 0.1667669 2.511918 0.06839093 0.1063779 2.51103 0.005639295 0.02027426 2.473526 0.1502234 0.02732775 2.545643 -0.03236954 -0.4440023 2.574353 0.160077 -0.4595653 2.65942 -0.03676573 -0.8406873 2.68014 0.2196437 -0.8349634 2.712182 0.00926568 -0.8843651 2.619788 0.2397313 -0.9034542 2.691055
0.07237452 0.6420354 2.455957 0.026992 0.4721733 2.506063 -0.1158781 0.3852429 2.445663 0.2099683 0.4560408 2.67466 -0.2782601 0.4293452 2.268591 0.4058501 0.5435252 2.73515 -0.3112166 0.5560905 2.084756 0.5780697 0.6770378 2.707736 -0.3211899 0.6091367 2.009978 0.6289807 0.7306507 2.703296 0.05849917 0.168436 2.512577 0.06889148 0.1085635 2.511402 0.005689459 0.02079752 2.473278 0.1518848 0.03002864 2.54647 -0.02643295 -0.4518532 2.578206 0.160265 -0.4596161 2.659693 -0.03655875 -0.8417658 2.680893 0.2194783 -0.836047 2.711756 0.009451013 -0.8854258 2.620514 0.2413147 -0.9031489 2.688066
0.07198209 0.6420556 2.456308 0.0266841 0.4726718 2.506813 -0.1160587 0.3853609 2.445652 0.2107541 0.4592439 2.67485 -0.2825562 0.4349497 2.272552 0.4022546 0.549948 2.724532 -0.2967969 0.5825706 2.078573 0.5713455 0.6976703 2.694223 -0.2954683 0.646827 2.010158 0.615851 0.7517475 2.69493 0.05838465 0.1698768 2.513057 0.06896952 0.1102638 2.511519 0.005505904 0.02172957 2.472955 0.1525097 0.03149484 2.546584 -0.02681202 -0.4484096 2.577069 0.1604112 -0.4595882 2.659759 -0.03596871 -0.8401902 2.678331 0.2201762 -0.8377307 2.712106 0.009925883 -0.8838423 2.617857 0.2414644 -0.9046802 2.687502
0.0710324 0.6426193 2.457417 0.0262915 0.4735281 2.50717 -0.1160713 0.3853217 2.44563 0.2104271 0.4618587 2.673714 -0.2836449 0.4395832 2.271694 0.4022591 0.5821423 2.709371 -0.275874 0.6265878 2.062792 0.5529773 0.7119894 2.673839 -0.2742397 0.6694551 2.019525 0.5946385 0.7768474 2.656072 0.05826603 0.1705363 2.51339 0.0690286 0.1108663 2.511581 0.005428434 0.02246699 2.47282 0.1528126 0.03208146 2.546693 -0.02218165 -0.4501585 2.580845 0.1609709 -0.4591395 2.659902 -0.0366125 -0.8368166 2.677916 0.2204992 -0.8373293 2.713048 0.009114161 -0.8804747 2.617318 0.2378119 -0.9045035 2.686052
0.07107765 0.6423388 2.458448 0.02602439 0.4743945 2.508052 -0.1162659 0.3853462 2.445859 0.2104025 0.4646791 2.672851 -0.2523437 0.4931644 2.24704 0.3981953 0.5858103 2.703742 -0.2606878 0.6451647 2.07289 0.536716 0.7496523 2.645258 -0.2430632 0.7042869 2.035484 0.5719516 0.8064502 2.641944 0.05829928 0.1715606 2.514432 0.06924313 0.1118891 2.512378 0.005507443 0.02307399 2.473278 0.1533651 0.03313645 2.547637 -0.0247225 -0.4474919 2.577884 0.1608157 -0.4568485 2.658898 -0.03610248 -0.8449669 2.682094 0.2210478 -0.837585 2.714201 0.009411965 -0.8886383 2.621345 0.2380512 -0.9040557 2.685331
0.07104301 0.6432148 2.460458 0.02572598 0.474847 2.508112 -0.1164474 0.3856293 2.445904 0.2090527 0.4695843 2.669824 -0.2477276 0.4995033 2.246481 0.3917399 0.6074226 2.686974 -0.2315173 0.6805982 2.08126 0.5283124 0.7631639 2.639311 -0.2152189 0.7362452 2.042766 0.5568872 0.8248248 2.634609 0.05801514 0.1729429 2.515386 0.06901497 0.1134697 2.513435 0.005629729 0.02399013 2.474323 0.1527752 0.03561722 2.549239 -0.02201129 -0.4488757 2.581841 0.1609464 -0.4565808 2.659028 -0.03667662 -0.8392213 2.681326 0.2212259 -0.837303 2.713954 0.008463256 -0.882945 2.620335 0.2386861 -0.9039505 2.685771
0.070425 0.6436279 2.461917 0.02565303 0.475625 2.509291 -0.1163698 0.3861164 2.446157 0.208409 0.4740273 2.667375 -0.2478315 0.5022354 2.246808 0.3860228 0.6233823 2.675935 -0.1998122 0.7225493 2.083628 0.4959134 0.7938481 2.618457 -0.1856326 0.7678317 2.058964 0.5298859 0.8679607 2.608918 0.05809473 0.1744415 2.516329 0.06917313 0.1151093 2.51412 0.00571711 0.02548522 2.474631 0.1530965 0.0372913 2.549924 -0.02498917 -0.4447315 2.578633 0.1607717 -0.4556232 2.658875 -0.03673777 -0.8367776 2.680958 0.2211654 -0.8361984 2.712952 0.008018613 -0.8805247 2.6197 0.2461357 -0.9019493 2.68857
0.06836437 0.6421753 2.463778 0.02550881 0.4758911 2.50968 -0.1154206 0.3898201 2.446603 0.2075673 0.4789445 2.664634 -0.2404728 0.5183603 2.246394 0.3799808 0.6454992 2.662238 -0.1827259 0.7363511 2.092706 0.4775785 0.8344568 2.583401 -0.160163 0.7928741 2.064878 0.4976048 0.8976597 2.574307 0.05803007 0.1758645 2.516933 0.0691869 0.1168466 2.514581 0.00602736 0.02772452 2.474434 0.1530127 0.0386943 2.550805 -0.02463845 -0.4392768 2.57581 0.1610252 -0.4552271 2.658931 -0.03719714 -0.8356569 2.680914 0.221056 -0.8403094 2.711406 0.007248778 -0.8794307 2.619449 0.2459919 -0.9052777 2.684975
0.06690478 0.6423109 2.463931 0.02520126 0.4767609 2.509756 -0.1135348 0.3944582 2.446023 0.2073773 0.4858816 2.659016 -0.2098617 0.5466338 2.254805 0.3678629 0.6555736 2.649503 -0.1548268 0.749711 2.117372 0.4542496 0.86778 2.562622 -0.1237331 0.8067541 2.101321 0.4832239 0.9277471 2.556079 0.0575547 0.1798626 2.517496 0.06866296 0.1215841 2.515152 0.005130781 0.03168308 2.474123 0.1530765 0.04485447 2.552744 -0.02709655 -0.4371271 2.574826 0.1594833 -0.4491398 2.655417 -0.03798427 -0.8405078 2.681734 0.2217273 -0.8393929 2.712348 0.005891904 -0.8843403 2.619901 0.2458388 -0.9034267 2.683028
0.06203676 0.6385986 2.467672 0.02528685 0.4770958 2.510417 -0.1120484 0.3957355 2.445968 0.2069717 0.4875534 2.657208 -0.2022182 0.5512698 2.257071 0.3499167 0.6575764 2.634622 -0.1418137 0.7504848 2.131723 0.4248003 0.873851 2.542973 -0.09861103 0.8182533 2.121826 0.4304414 0.9358544 2.518437 0.05704229 0.1833392 2.517972 0.06796931 0.1260247 2.515319 0.003472767 0.03701131 2.473219 0.1526815 0.05010881 2.553139 -0.02693917 -0.4201053 2.567674 0.1610368 -0.447802 2.655626 -0.0389291 -0.8344687 2.678381 0.2208953 -0.8364091 2.713838 0.004851118 -0.8783025 2.61648 0.2460738 -0.9003979 2.685326
0.06141397 0.6381998 2.468456 0.02550087 0.4782276 2.511266 -0.1100763 0.3967091 2.447192 0.2075787 0.4952217 2.654092 -0.1950239 0.5543721 2.259907 0.3413885 0.6596904 2.623666 -0.1159344 0.7554735 2.15536 0.3952627 0.8789141 2.519619 -0.06409264 0.8293091 2.147755 0.3983018 0.9201765 2.50342 0.05657147 0.1855981 2.518209 0.06740353 0.1283695 2.515157 0.003193346 0.03872385 2.473388 0.1510401 0.05399293 2.551735 -0.03001339 -0.423995 2.56941 0.1607984 -0.4474621 2.655354 -0.0383563 -0.8355453 2.679034 0.2202722 -0.8339873 2.712354 0.004784122 -0.879426 2.616718 0.246404 -0.8983534 2.685603
0.06307919 0.6388696 2.471249 0.02492715 0.4789617 2.510855 -0.1095638 0.3966481 2.447131 0.2058862 0.4990716 2.651891 -0.1877774 0.5552383 2.265213 0.3372946 0.6630521 2.617407 -0.08567066 0.7664279 2.170272 0.3698626 0.8780842 2.492223 -0.04477016 0.8346646 2.156904 0.3600067 0.9131669 2.467707 0.0555702 0.1874175 2.51789 0.06646027 0.1302751 2.514709 0.002746977 0.04033105 2.472636 0.1498361 0.05542685 2.551879 -0.02914074 -0.4292797 2.571182 0.1606732 -0.4472419 2.655222 -0.03834679 -0.8343932 2.678465 0.2211253 -0.8340083 2.711521 0.0046174 -0.8782916 2.616039 0.2454333 -0.898944 2.684428
0.06485888 0.6382632 2.471765 0.02315522 0.4838549 2.509896 -0.1075961 0.3962936 2.447996 0.2043327 0.5011252 2.649932 -0.180704 0.5559781 2.271619 0.325671 0.6595095 2.607757 -0.06633013 0.7721151 2.176038 0.3454034 0.8566258 2.46671 -0.01635147 0.8372084 2.168526 0.3439175 0.8993692 2.446156 0.05239159 0.2076491 2.516434 0.06320525 0.1544061 2.512983 0.004830382 0.06299549 2.46257 0.1446101 0.06963266 2.557272 -0.02890807 -0.4243104 2.566694 0.1608545 -0.4476805 2.655216 -0.03960685 -0.8336566 2.678624 0.2247708 -0.8398725 2.720606 0.003163483 -0.8775384 2.616053 0.2417859 -0.8992425 2.679045
0.06596519 0.6401688 2.472723 0.0236141 0.4844182 2.510207 -0.1022591 0.383446 2.45063 0.2014402 0.5063863 2.647327 -0.1757017 0.5565607 2.275342 0.327248 0.6610861 2.603734 -0.02794868 0.7717543 2.189963 0.3305407 0.8395358 2.444085 0.004943267 0.8276634 2.173524 0.3206924 0.8762631 2.412119 0.05308237 0.2073825 2.516213 0.06429631 0.1537278 2.512093 0.005113622 0.06204748 2.462142 0.1471373 0.07176411 2.554386 -0.02767855 -0.4274404 2.568008 0.1609503 -0.4477786 2.655283 -0.03920227 -0.8341399 2.679281 0.2254302 -0.8401158 2.716702 0.003172331 -0.8780314 2.616447 0.2421381 -0.9017468 2.678438
0.06617857 0.6406951 2.473888 0.02420408 0.4850712 2.510823 -0.1003199 0.3761708 2.45249 0.1982887 0.5108818 2.643069 -0.1699815 0.5572165 2.277285 0.3281159 0.6614875 2.594069 -0.01880161 0.7701717 2.192369 0.3182882 0.7936313 2.430886 0.05268376 0.8375705 2.169785 0.3125581 0.8498889 2.387398 0.05403997 0.208113 2.516335 0.06542492 0.1543916 2.511647 0.004974856 0.06199801 2.461934 0.1529368 0.07830995 2.55273 -0.02758421 -0.4287876 2.567943 0.1609995 -0.4477878 2.655369 -0.03839155 -0.8339552 2.678895 0.2251876 -0.8400325 2.716475 0.003206071 -0.877892 2.615575 0.2371147 -0.905184 2.682493
0.06491543 0.6471804 2.476333 0.0263744 0.4854072 2.513346 -0.1016067 0.3751976 2.453382 0.1966895 0.5124136 2.641602 -0.1672875 0.5572997 2.27874 0.32869 0.6602556 2.587639 -0.009879515 0.7645934 2.190711 0.317367 0.7843567 2.417843 0.06040937 0.8254662 2.171667 0.3071625 0.8216718 2.370913 0.0574526 0.2245724 2.51827 0.06912036 0.1767435 2.512411 0.007074048 0.07361571 2.454808 0.1551456 0.09469204 2.559607 -0.02785138 -0.4285817 2.568153 0.1609485 -0.439115 2.653627 -0.03885825 -0.8332766 2.679446 0.2255512 -0.8402085 2.716725 0.002043419 -0.8772015 2.615666 0.237056 -0.9051277 2.682158
0.06462172 0.647092 2.47784 0.03020561 0.4843476 2.518449 -0.102889 0.3734536 2.454428 0.1961373 0.5123887 2.641357 -0.1661995 0.5575058 2.279053 0.3305355 0.6554556 2.576288 -0.05066752 0.7147388 2.201687 0.3143134 0.7659056 2.396993 0.01813617 0.7704457 2.182727 0.3012156 0.7888632 2.354631 0.05814473 0.2264771 2.519941 0.06983643 0.17842 2.512819 0.007835131 0.07422262 2.454483 0.1552059 0.09923038 2.559843 -0.02688357 -0.4349585 2.570145 0.1618133 -0.4344845 2.654306 -0.03913064 -0.8445995 2.680074 0.2254916 -0.8404707 2.716892 0.001248114 -0.8885377 2.61597 0.2343536 -0.9062874 2.683256
0.06414367 0.6475918 2.478249 0.03085173 0.484708 2.519211 -0.1040071 0.3719958 2.454714 0.1962378 0.5114834 2.641038 -0.165562 0.557372 2.279718 0.336156 0.6496512 2.577751 0.002157815 0.7405988 2.187598 0.3170872 0.7576672 2.397165 0.06615595 0.7991099 2.170744 0.3051714 0.7848914 2.353399 0.05777328 0.2264118 2.520754 0.06985763 0.1783806 2.512751 0.007423216 0.0747238 2.454477 0.1554344 0.0993282 2.558927 -0.02473466 -0.4328776 2.569558 0.1620052 -0.4342835 2.653935 -0.03817493 -0.8440483 2.681209 0.2257472 -0.8408021 2.716985 0.001944382 -0.888005 2.616954 0.2293401 -0.9066111 2.68237
0.06440143 0.6477956 2.478451 0.03129552 0.4843865 2.519974 -0.1042709 0.3715984 2.4549 0.1963485 0.5117769 2.640628 -0.1653562 0.5570185 2.280005 0.3363361 0.6495804 2.576281 -0.04850459 0.7121561 2.198552 0.318239 0.7569975 2.395204 0.02272403 0.7651113 2.180694 0.3101307 0.7833702 2.353013 0.05735653 0.2268448 2.521617 0.06977261 0.1788425 2.512685 0.006878459 0.07562657 2.453849 0.155422 0.09967374 2.558845 -0.02472335 -0.4328887 2.569585 0.1620531 -0.4339599 2.653735 -0.03791664 -0.8444452 2.681799 0.2250784 -0.8418762 2.71399 0.002008192 -0.8884139 2.617431 0.2316443 -0.9097412 2.684104
0.06784541 0.6503129 2.477626 0.03213898 0.4844651 2.520021 -0.1041975 0.3716577 2.454877 0.1967919 0.5129356 2.639889 -0.1652973 0.5569293 2.279884 0.3361635 0.6511359 2.574746 -0.04905025 0.7130092 2.197344 0.3239952 0.7621652 2.395495 0.02221904 0.7660077 2.17978 0.32391 0.7922007 2.356322 0.05699623 0.2267698 2.522366 0.06976472 0.1787959 2.512678 0.006889268 0.07594095 2.454308 0.1547486 0.09954667 2.558288 -0.02470752 -0.4331207 2.56964 0.1620261 -0.4339743 2.653719 -0.03801081 -0.8430532 2.683641 0.2251292 -0.8419288 2.71383 0.001756404 -0.8870364 2.619188 0.2571002 -0.9032915 2.686368
0.06703343 0.650856 2.476351 0.03184064 0.4856364 2.518548 -0.1040413 0.3715474 2.454761 0.1971839 0.5133937 2.639221 -0.1654635 0.5568985 2.279617 0.3365836 0.6523701 2.577023 -0.05576949 0.7170506 2.189497 0.3443722 0.790371 2.419094 0.0111905 0.7755622 2.172485 0.3423765 0.8254436 2.37993 0.05499454 0.2064332 2.521068 0.06725759 0.1447552 2.510833 0.004645222 0.06122749 2.460667 0.1485171 0.06103053 2.54923 -0.01582222 -0.4476256 2.581999 0.162583 -0.4509872 2.657641 -0.039444 -0.8439416 2.685965 0.2249526 -0.841466 2.712634 -0.02801908 -0.9171284 2.678555 0.2365854 -0.9102529 2.686657
0.06841207 0.6526177 2.474922 0.03081799 0.4887224 2.516146 -0.1036265 0.3717785 2.454297 0.1975817 0.5133601 2.63983 -0.1664518 0.5561559 2.278713 0.3369328 0.6527823 2.579188 -0.06314131 0.7369281 2.173779 0.3641332 0.8118813 2.437122 -0.002758712 0.8021908 2.156707 0.3558763 0.8413668 2.400584 0.05470636 0.2066147 2.520911 0.06751128 0.1461497 2.509879 0.004743812 0.06113463 2.460582 0.1492231 0.06579082 2.547412 -0.01898831 -0.4431165 2.579341 0.1623312 -0.450379 2.657052 -0.03866481 -0.838424 2.683334 0.2251944 -0.8412433 2.71228 0.001534741 -0.8824338 2.619166 0.2402106 -0.9077969 2.682497
0.06672174 0.6491405 2.472048 0.0266494 0.4906937 2.513365 -0.1031054 0.3788735 2.452226 0.1999484 0.5107239 2.641798 -0.1698049 0.555056 2.274841 0.3371324 0.6531012 2.584687 -0.06866454 0.7491957 2.16241 0.3874244 0.8323215 2.448501 -0.03117152 0.8109616 2.142775 0.3974636 0.8658757 2.42869 0.05261245 0.2001421 2.5204 0.06644597 0.1405289 2.509882 0.003909017 0.05452538 2.462823 0.1485692 0.06056526 2.547688 -0.02479482 -0.4386125 2.574143 0.1623074 -0.450473 2.656949 -0.03903222 -0.8390525 2.684685 0.2258685 -0.8435056 2.71389 0.001957867 -0.8830224 2.620991 0.233557 -0.9075835 2.676785
0.06631984 0.6462826 2.473056 0.02663618 0.4899331 2.512746 -0.1026687 0.3838093 2.451144 0.2047557 0.5068043 2.642152 -0.1759409 0.5541029 2.271043 0.3418066 0.6514589 2.59727 -0.08568273 0.7540123 2.140764 0.4162821 0.8469075 2.471409 -0.03800987 0.8140638 2.133183 0.4185361 0.8789381 2.443715 0.05255586 0.1980421 2.520281 0.06647079 0.1392507 2.509813 0.002901796 0.05226372 2.463871 0.1491228 0.05974448 2.547396 -0.01923454 -0.4545804 2.582414 0.1622957 -0.4503913 2.656835 -0.03748451 -0.8522251 2.691702 0.2261398 -0.8420411 2.714486 -0.02354332 -0.9247561 2.682382 0.2345666 -0.904487 2.674844
0.06628598 0.6456786 2.473353 0.02630178 0.4892457 2.512073 -0.1038426 0.3895111 2.449916 0.2066843 0.5015681 2.642539 -0.1830588 0.5523245 2.266453 0.3528283 0.6561083 2.603582 -0.09752943 0.7496362 2.125661 0.441599 0.8372918 2.489349 -0.05383088 0.8070381 2.105328 0.461716 0.8754016 2.469351 0.05234742 0.1961089 2.520362 0.06639827 0.1376861 2.510052 0.002303608 0.04950134 2.465856 0.1492762 0.05935336 2.547292 -0.02566317 -0.4529786 2.578383 0.1623487 -0.4500358 2.656757 -0.03741406 -0.8526145 2.691648 0.2257032 -0.84127 2.715129 0.003788963 -0.8965881 2.628093 0.2354794 -0.9036087 2.675628
0.06602631 0.6454877 2.473337 0.02578496 0.488753 2.511527 -0.1061067 0.3931057 2.448959 0.2080436 0.4995256 2.644584 -0.1915338 0.5499052 2.262888 0.3674025 0.6510265 2.619439 -0.1123629 0.7382441 2.100014 0.4654921 0.8035234 2.513799 -0.07359339 0.7860671 2.069115 0.4788361 0.8580402 2.477257 0.05212829 0.19461 2.520333 0.06631191 0.1363211 2.510213 0.001653696 0.04777438 2.466749 0.1499514 0.05786377 2.547246 -0.02907841 -0.4467245 2.574718 0.1624954 -0.4501383 2.656775 -0.03544811 -0.8468542 2.687448 0.225445 -0.8410175 2.715772 0.006016336 -0.8908136 2.624054 0.2793359 -0.9020899 2.707482
0.06305745 0.6454183 2.473155 0.02527754 0.4877753 2.509078 -0.1077603 0.3947952 2.44878 0.2093186 0.4937831 2.64814 -0.1979704 0.5463557 2.258107 0.3725493 0.6416198 2.634508 -0.1386286 0.706205 2.091119 0.4839126 0.777656 2.525652 -0.08723422 0.7704213 2.058873 0.5116274 0.8263254 2.489031 0.05202417 0.1925284 2.519749 0.06621834 0.1341013 2.510302 0.001279809 0.04456956 2.468498 0.150131 0.05648627 2.547118 -0.02805354 -0.4461496 2.57481 0.1624449 -0.4505001 2.656479 -0.0356197 -0.8453757 2.688011 0.2267978 -0.8386499 2.710484 0.006360084 -0.8893311 2.624954 0.2482644 -0.9000596 2.67429
0.06303521 0.6454505 2.473178 0.02522054 0.4874332 2.508913 -0.1093203 0.3965096 2.448161 0.2100023 0.4906985 2.653909 -0.2055718 0.5422471 2.253567 0.3761936 0.6281622 2.644664 -0.1443133 0.7082576 2.073782 0.4831428 0.7647991 2.530924 -0.1130492 0.7512998 2.038919 0.5192108 0.8165288 2.488008 0.05211711 0.1907849 2.519435 0.06636079 0.1322564 2.510396 0.00126171 0.04236547 2.469118 0.1505371 0.05493105 2.546872 -0.02761017 -0.4453056 2.573777 0.1641245 -0.4503089 2.656347 -0.03772413 -0.8449699 2.689227 0.2257646 -0.8350582 2.708385 0.005119704 -0.8888544 2.626704 0.2472523 -0.8986885 2.676267
0.06404529 0.6453235 2.472501 0.02518633 0.4872793 2.508966 -0.1097655 0.3968159 2.448185 0.2096393 0.4891774 2.655971 -0.2102519 0.5384402 2.250123 0.3779522 0.6193941 2.652049 -0.1542675 0.7072738 2.066783 0.4891388 0.7540246 2.537598 -0.1238352 0.7494909 2.037951 0.5205304 0.7942852 2.501186 0.05319687 0.1875449 2.519329 0.06771338 0.1282816 2.510533 0.002969905 0.03981793 2.469742 0.1518651 0.0503828 2.546197 -0.02506122 -0.4542131 2.578012 0.1643139 -0.4556328 2.658386 -0.03865838 -0.8460041 2.689999 0.2252015 -0.8415031 2.710742 0.004508451 -0.8898536 2.627672 0.2443592 -0.9063784 2.679656
0.06362542 0.6457268 2.471962 0.02473361 0.4866186 2.508614 -0.1105152 0.396824 2.448188 0.2081176 0.4860206 2.657358 -0.2147815 0.5337412 2.246906 0.382474 0.6135767 2.65587 -0.1631179 0.7093341 2.063843 0.495036 0.7530289 2.546423 -0.142675 0.7498229 2.039515 0.526853 0.7953573 2.517179 0.05325117 0.1863548 2.518746 0.06777081 0.1271715 2.51021 0.003360162 0.03901561 2.469559 0.1518009 0.04933137 2.545779 -0.03033838 -0.4424869 2.57266 0.1640441 -0.4549002 2.657626 -0.03786933 -0.8324431 2.681878 0.2270533 -0.8384458 2.714349 0.005624365 -0.876258 2.619757 0.243905 -0.9030237 2.681369
0.0645216 0.6455052 2.470307 0.02525032 0.4860739 2.508833 -0.1108726 0.3967527 2.448477 0.2094379 0.4828606 2.659329 -0.2182802 0.5301428 2.245876 0.3872172 0.611062 2.659691 -0.1790832 0.7106233 2.059977 0.5049334 0.753619 2.569804 -0.1631553 0.7502773 2.038167 0.5357991 0.8042455 2.548172 0.05375576 0.1847443 2.518897 0.06808397 0.1254477 2.510575 0.003887123 0.03809756 2.470181 0.1515089 0.04604015 2.545725 -0.02877422 -0.4407723 2.570474 0.1639291 -0.4550324 2.657524 -0.03732377 -0.8299314 2.679443 0.223478 -0.8392497 2.710453 0.006321084 -0.8737386 2.617424 0.2525203 -0.9051431 2.691573
0.06364828 0.6434475 2.468749 0.02557927 0.4848811 2.509096 -0.1114285 0.3951708 2.448765 0.2093916 0.4800434 2.659214 -0.2224008 0.5244271 2.246981 0.3903612 0.6096979 2.661865 -0.1927341 0.7024503 2.065071 0.5123981 0.7578515 2.587298 -0.1774212 0.7452968 2.037872 0.5445532 0.8119065 2.564478 0.05469023 0.1827481 2.518541 0.06899674 0.1234535 2.510202 0.005043441 0.03570552 2.469881 0.152429 0.04475959 2.545033 -0.02045366 -0.4520196 2.578949 0.1637482 -0.4549942 2.657397 -0.03468029 -0.8420414 2.684235 0.2237818 -0.8406438 2.710071 0.008858189 -0.8858426 2.622139 0.252417 -0.9059078 2.68857
0.06536431 0.6436115 2.467822 0.02534985 0.4844721 2.508558 -0.1119907 0.3947159 2.449142 0.2095352 0.4782044 2.659102 -0.2284728 0.5174821 2.248697 0.3971066 0.6099366 2.668271 -0.2213982 0.6705866 2.070414 0.5209482 0.759814 2.601207 -0.1937736 0.7292578 2.031741 0.5492218 0.816658 2.580091 0.05462144 0.1801438 2.518515 0.06881391 0.1201373 2.510644 0.005372023 0.03285174 2.471388 0.1518148 0.0412706 2.545141 -0.02218826 -0.4505364 2.576473 0.1636175 -0.455407 2.657857 -0.03615311 -0.8418259 2.68472 0.2218601 -0.8416709 2.71032 0.007291466 -0.885657 2.622578 0.2412218 -0.9095495 2.686668
0.06622781 0.642882 2.466555 0.02516933 0.4835618 2.508542 -0.112763 0.3941467 2.449552 0.2098868 0.4770263 2.659557 -0.2351407 0.5074162 2.250669 0.3975238 0.6031049 2.674318 -0.2248596 0.663449 2.066268 0.5344082 0.7574467 2.617312 -0.2025291 0.7109451 2.026181 0.5636544 0.8152234 2.600492 0.05484017 0.179807 2.518228 0.06893716 0.1199205 2.51049 0.005474722 0.0324241 2.471341 0.1523013 0.04116232 2.544556 -0.01070404 -0.4510092 2.580063 0.1636063 -0.4555877 2.657806 -0.03551162 -0.8413823 2.684326 0.2229153 -0.8400355 2.711581 0.007837348 -0.8852156 2.622118 0.2404525 -0.9054983 2.680777
0.06476506 0.6410407 2.463644 0.02493097 0.4823621 2.507915 -0.1144591 0.3917612 2.44985 0.209034 0.4750842 2.659116 -0.2402464 0.496986 2.252133 0.3994574 0.5952384 2.680161 -0.2358698 0.6396749 2.056302 0.5528334 0.7297177 2.633862 -0.2179042 0.6780152 2.009764 0.5947909 0.7794368 2.618248 0.0550253 0.1781242 2.518291 0.06900343 0.118187 2.510944 0.005911046 0.02994241 2.472839 0.1522381 0.04026461 2.544751 -0.01823172 -0.4488656 2.576499 0.1638301 -0.4559436 2.658425 -0.03464148 -0.8431433 2.684214 0.2229601 -0.8404921 2.712544 0.008528326 -0.8870095 2.621903 0.2426182 -0.9072464 2.686099
0.06503113 0.640983 2.463504 0.02414371 0.4812753 2.506696 -0.1148356 0.3914044 2.449817 0.2090546 0.4742135 2.660083 -0.2435924 0.4880903 2.251407 0.4049135 0.5908119 2.685858 -0.2410432 0.6247482 2.052346 0.56128 0.7106589 2.637254 -0.2243295 0.6637587 2.006296 0.6075594 0.7576965 2.62622 0.05518803 0.1776924 2.517931 0.06905961 0.1178001 2.511015 0.006399938 0.02912961 2.47329 0.1522502 0.04000806 2.544859 -0.01904856 -0.4488845 2.576896 0.1638543 -0.4563494 2.658482 -0.03548376 -0.8382228 2.684741 0.2229368 -0.8398609 2.71232 0.007818919 -0.8820896 2.622523 0.2425922 -0.9066106 2.68586
0.06505536 0.6405606 2.463418 0.02410892 0.4807388 2.507126 -0.1157517 0.3892162 2.450032 0.2084625 0.4732919 2.661248 -0.2469991 0.481258 2.251616 0.4031295 0.567982 2.694088 -0.2452118 0.6170413 2.048623 0.5619188 0.6867037 2.640076 -0.2290495 0.6561195 2.003628 0.614765 0.7432047 2.625251 0.05547032 0.1762214 2.51803 0.06922837 0.1161885 2.511362 0.006846148 0.02741781 2.473857 0.1522107 0.03884848 2.54486 -0.01966678 -0.4463889 2.576097 0.1642423 -0.4566361 2.658501 -0.03746772 -0.8467686 2.687573 0.2232742 -0.8416103 2.715285 0.005925674 -0.8906256 2.62541 0.2428064 -0.9062417 2.683927
0.06580678 0.6411712 2.463876 0.02409516 0.4806258 2.507037 -0.1158069 0.3886023 2.450081 0.208072 0.4728644 2.662244 -0.2475207 0.4781972 2.252144 0.4033839 0.5664256 2.695113 -0.2476936 0.6139756 2.04628 0.5632614 0.6834695 2.640039 -0.2316038 0.6538109 2.001453 0.6207237 0.7354494 2.625003 0.05589637 0.1759705 2.517472 0.0696371 0.115936 2.510986 0.007222243 0.02727878 2.473374 0.1529444 0.03865121 2.544427 -0.02099551 -0.4408591 2.570691 0.1647607 -0.4575336 2.658431 -0.03923865 -0.8280305 2.673638 0.2235416 -0.8428702 2.714871 0.004313573 -0.8718625 2.611571 0.2368512 -0.9098983 2.685342
0.06540292 0.6413726 2.463427 0.02409674 0.4804652 2.506693 -0.116066 0.3883092 2.450093 0.207679 0.4726391 2.662883 -0.2650424 0.4650254 2.264008 0.4028589 0.5645704 2.698009 -0.2511297 0.6114947 2.046425 0.5642449 0.6840264 2.640012 -0.2325559 0.6545372 2.000841 0.6201584 0.7356916 2.623801 0.05606307 0.1755449 2.516497 0.06973328 0.1155 2.510092 0.007131597 0.02702272 2.472637 0.1532575 0.03829944 2.543141 -0.02102431 -0.4409046 2.570474 0.1661462 -0.4594672 2.659896 -0.0391342 -0.8284601 2.673841 0.2233753 -0.8431145 2.713807 0.004511151 -0.8722728 2.611826 0.2355188 -0.9106284 2.684891
0.06492793 0.6411 2.463209 0.024079 0.4802776 2.506741 -0.1160871 0.3883107 2.449871 0.2076051 0.4723358 2.663008 -0.2657274 0.4645398 2.26439 0.4020368 0.5660375 2.700332 -0.2526939 0.6132095 2.047421 0.5631092 0.690877 2.641631 -0.235843 0.6579806 2.002718 0.6152278 0.7428649 2.624958 0.05603561 0.1753453 2.515971 0.06963136 0.1153324 2.509472 0.006845466 0.02699839 2.471601 0.1531996 0.03814259 2.542256 -0.01662932 -0.4563958 2.57988 0.1660383 -0.4588073 2.659358 -0.03734212 -0.833654 2.677147 0.224115 -0.843924 2.714206 0.006353617 -0.8774521 2.615157 0.2409466 -0.909377 2.68299
0.0650457 0.6409023 2.463374 0.02402209 0.4801469 2.506711 -0.1161379 0.3885161 2.449456 0.2076595 0.4718504 2.662916 -0.2659633 0.4650372 2.264747 0.3968902 0.5690182 2.704703 -0.2561095 0.6283367 2.048711 0.550748 0.7007095 2.652247 -0.2423509 0.6741267 2.008704 0.6069902 0.7614129 2.631618 0.05593587 0.1749116 2.515891 0.06947215 0.1148478 2.509505 0.006795444 0.02688497 2.471693 0.152815 0.03738557 2.542236 -0.02116995 -0.4523672 2.576818 0.1659282 -0.4586768 2.659218 -0.0380374 -0.8355255 2.680785 0.2242459 -0.8438728 2.713899 0.005710419 -0.8793218 2.61883 0.2399291 -0.9101895 2.683933
0.06545357 0.6414587 2.462953 0.02430109 0.4799983 2.505319 -0.1158807 0.3904236 2.448923 0.2076175 0.4717886 2.662662 -0.2498286 0.5031444 2.24098 0.3969432 0.5915265 2.712535 -0.2611076 0.6362212 2.053813 0.5535231 0.7291554 2.669691 -0.253283 0.6864703 2.012544 0.5947086 0.7824516 2.639778 0.05608806 0.1750763 2.515122 0.06952176 0.1150257 2.509017 0.006764777 0.0272526 2.471118 0.152853 0.03752155 2.542057 -0.01862364 -0.4554715 2.579236 0.1656491 -0.4580427 2.658331 -0.03697787 -0.8474656 2.686391 0.2254768 -0.842896 2.712553 0.00688614 -0.891268 2.624523 0.2820812 -0.9031549 2.729169
0.06688038 0.6427308 2.461671 0.02417309 0.4798585 2.503686 -0.1153694 0.3919214 2.44801 0.2076679 0.471884 2.662649 -0.2833858 0.473704 2.279106 0.3968371 0.5958654 2.716108 -0.2703779 0.6427257 2.058075 0.5553217 0.7401632 2.682166 -0.265037 0.6916705 2.014637 0.5891118 0.7949508 2.660453 0.05609857 0.1752125 2.51455 0.06941181 0.115127 2.508856 0.00676269 0.02741238 2.471152 0.1524485 0.03778685 2.541868 -0.01971867 -0.4525102 2.578705 0.1657743 -0.4571299 2.658498 -0.03899626 -0.8262856 2.674673 0.2239529 -0.8419224 2.712093 0.005086701 -0.8700935 2.612964 0.2325246 -0.9043096 2.672391
0.06739741 0.6426982 2.459982 0.02442283 0.4782068 2.502043 -0.1148952 0.3930032 2.447476 0.2076467 0.4721999 2.661947 -0.2815367 0.4766786 2.274348 0.3965816 0.5988169 2.721346 -0.2841284 0.6420425 2.061982 0.5568082 0.750997 2.701767 -0.2868319 0.6928823 2.013487 0.5897344 0.809058 2.697271 0.05625801 0.1751774 2.513994 0.06935565 0.1151198 2.508792 0.006765574 0.02743267 2.47127 0.1520562 0.03807643 2.541698 -0.02074399 -0.4528441 2.579225 0.1657826 -0.4571211 2.658488 -0.03925127 -0.8292938 2.677671 0.2232856 -0.838448 2.711598 0.004889145 -0.8731275 2.616021 0.2327925 -0.9023418 2.674595
0.06629729 0.6403047 2.455458 0.02501564 0.4772842 2.501515 -0.1145152 0.3936673 2.446944 0.207463 0.4717491 2.661115 -0.2683334 0.4891638 2.258644 0.3950372 0.5992812 2.730813 -0.3092515 0.63583 2.063152 0.5472323 0.7345956 2.726492 -0.3181644 0.6817095 2.019015 0.5867009 0.7883245 2.720948 0.05670713 0.1750944 2.512874 0.06955113 0.1152037 2.507965 0.006918137 0.02840302 2.470064 0.1521986 0.03801404 2.541094 -0.02175592 -0.4499851 2.57727 0.1645174 -0.4574016 2.657374 -0.03909318 -0.8306888 2.677941 0.2254892 -0.8386939 2.713107 0.005070284 -0.8745177 2.616303 0.2375355 -0.901387 2.674812
0.06673864 0.639367 2.45389 0.02550362 0.4757396 2.49969 -0.1143105 0.3932985 2.446311 0.2077601 0.4715446 2.661491 -0.2695979 0.4881116 2.256716 0.3836139 0.5684546 2.742392 -0.3313979 0.6220458 2.063077 0.5371581 0.7045321 2.746884 -0.3437299 0.6603843 2.024261 0.6012102 0.767638 2.757217 0.05729539 0.1739912 2.511532 0.06986494 0.1142508 2.50726 0.006909679 0.02797052 2.469986 0.1528472 0.03712184 2.54032 -0.02355892 -0.4503745 2.577069 0.1645127 -0.4574017 2.657315 -0.04092032 -0.8372211 2.680994 0.2256262 -0.8381461 2.712991 0.003396351 -0.8810595 2.619471 0.2331866 -0.9032306 2.67765
0.06812034 0.6392335 2.452192 0.02621068 0.4749635 2.498846 -0.113251 0.3920966 2.445821 0.20787 0.4713035 2.661749 -0.2735836 0.481301 2.25558 0.3941595 0.565132 2.751687 -0.3549176 0.5992376 2.067039 0.5709233 0.6926203 2.77994 -0.3651721 0.6375704 2.028113 0.6161317 0.7448429 2.783075 0.05807128 0.1729143 2.510213 0.07039087 0.1131734 2.506346 0.007258361 0.02735045 2.469515 0.1532228 0.03634579 2.53952 -0.02442181 -0.4472972 2.575842 0.1655665 -0.4583615 2.657951 -0.0381965 -0.8353741 2.681667 0.225885 -0.8452008 2.716267 0.006306633 -0.8791965 2.620267 0.2352589 -0.9065016 2.675077
0.06748441 0.6385205 2.451174 0.02671276 0.4741249 2.49795 -0.1129695 0.3904738 2.445121 0.2066724 0.465773 2.660083 -0.2786226 0.4687197 2.255358 0.3963412 0.5507068 2.758293 -0.373775 0.5554085 2.082632 0.5728395 0.6543803 2.789931 -0.3919599 0.5932804 2.031964 0.6294066 0.689469 2.79656 0.05869845 0.1706014 2.508579 0.07082507 0.110548 2.504933 0.007514306 0.02569687 2.468687 0.1534559 0.03434078 2.538174 -0.0244225 -0.4473802 2.575885 0.1662856 -0.4578129 2.657771 -0.0368454 -0.837258 2.682329 0.2261187 -0.8432151 2.716319 0.007707346 -0.8810699 2.620957 0.2325843 -0.9046894 2.674829
0.06797878 0.6388066 2.45095 0.02690487 0.4738823 2.497573 -0.1131259 0.3898185 2.444943 0.2059985 0.448868 2.65709 -0.2966684 0.4455833 2.249465 0.3977868 0.5303904 2.764826 -0.3828024 0.5370961 2.080528 0.5784547 0.6219587 2.793866 -0.4041009 0.5649704 2.027424 0.6315539 0.6622812 2.800723 0.05880832 0.1686473 2.508152 0.07065119 0.108001 2.50489 0.007651062 0.02341663 2.469025 0.1526025 0.03182871 2.538168 -0.02438266 -0.447181 2.575591 0.1666761 -0.4576901 2.657957 -0.03615383 -0.8468806 2.687516 0.2244306 -0.8375443 2.713423 0.008268245 -0.8907213 2.626069 0.235275 -0.902237 2.678215
0.06834421 0.6393169 2.450157 0.02718999 0.4733243 2.497001 -0.1133388 0.3888002 2.444804 0.206191 0.4481814 2.658448 -0.2943165 0.4291809 2.257481 0.405928 0.516365 2.770266 -0.3878348 0.5115908 2.087722 0.5842533 0.5983078 2.796636 -0.4133482 0.5406708 2.027243 0.6464944 0.6219562 2.803091 0.05914119 0.1677394 2.507946 0.07079933 0.1069952 2.505152 0.008104822 0.02215834 2.46971 0.1524673 0.03071889 2.53854 -0.02244527 -0.4482371 2.575202 0.1668509 -0.4577044 2.658032 -0.03505231 -0.8442388 2.68414 0.2265823 -0.8412502 2.714778 0.009552922 -0.8880826 2.622827 0.2332187 -0.9061606 2.678931
0.06843449 0.6394607 2.450098 0.02683199 0.4729766 2.496727 -0.1137195 0.3881026 2.444947 0.2058035 0.4447118 2.658642 -0.2935096 0.420792 2.258904 0.3992558 0.4839544 2.766954 -0.3948219 0.4929605 2.088939 0.5855262 0.5689412 2.797203 -0.4272631 0.5206165 2.019321 0.644181 0.6066715 2.805799 0.05911686 0.165983 2.507769 0.07065851 0.1048555 2.505446 0.008363415 0.02061977 2.469903 0.152014 0.02752493 2.539411 -0.02210817 -0.4468641 2.57448 0.1674514 -0.4581589 2.65795 -0.03500636 -0.8440498 2.683532 0.2273411 -0.8381438 2.717453 0.009647246 -0.8879019 2.622259 0.2333764 -0.9052402 2.685765
0.06799384 0.6391395 2.449787 0.02667095 0.4728171 2.497018 -0.114218 0.387393 2.445285 0.2053732 0.4428204 2.65871 -0.2927116 0.4169858 2.260727 0.4017088 0.4814371 2.767854 -0.3958942 0.4857791 2.090464 0.5886604 0.5620177 2.796093 -0.4324689 0.5113099 2.014948 0.6534353 0.5957985 2.805503 0.0593516 0.1649573 2.507699 0.07078972 0.1036241 2.505587 0.008759659 0.0196905 2.47007 0.1519745 0.02637005 2.539296 -0.02208006 -0.446316 2.573395 0.1676988 -0.4578441 2.65755 -0.03498171 -0.8443487 2.683343 0.2256936 -0.8352971 2.713661 0.009640638 -0.888199 2.622045 0.2332671 -0.9045579 2.687427
0.06790444 0.6391529 2.449914 0.02629835 0.4726412 2.497111 -0.1147443 0.3868568 2.445493 0.2061944 0.4433095 2.662006 -0.2923247 0.4147779 2.261045 0.4044644 0.4787682 2.76754 -0.3962926 0.4825255 2.090845 0.591139 0.5567106 2.793 -0.433966 0.507915 2.014254 0.6663491 0.5883098 2.8057 0.05937188 0.1648697 2.507457 0.07072268 0.103564 2.505587 0.008672413 0.0195201 2.470057 0.151963 0.02623239 2.539274 -0.02155262 -0.4373765 2.568408 0.1677114 -0.457916 2.657485 -0.03539049 -0.8445996 2.684373 0.2260146 -0.8352381 2.713236 0.00953852 -0.8884143 2.623272 0.230842 -0.9051777 2.688178
0.06740521 0.6389613 2.449513 0.02613264 0.47252 2.497156 -0.1150639 0.3860286 2.445867 0.2060672 0.4433349 2.662154 -0.2905195 0.4061235 2.266655 0.4036128 0.4767002 2.766081 -0.3924738 0.4788291 2.097355 0.591173 0.555088 2.788888 -0.4342005 0.5071406 2.014301 0.6675301 0.5887033 2.804903 0.05938121 0.1645182 2.507316 0.07060428 0.1031895 2.505655 0.008665445 0.0189551 2.470134 0.1518092 0.02594164 2.539327 -0.02216692 -0.4402661 2.568648 0.1679167 -0.4586584 2.6579 -0.03616351 -0.8408543 2.682919 0.2247926 -0.8380696 2.711294 0.008702494 -0.8846747 2.621778 0.253365 -0.9054914 2.697859
0.06555498 0.6373584 2.450272 0.02581456 0.4724337 2.497418 -0.1152155 0.3850174 2.445911 0.206002 0.4433585 2.662231 -0.2902647 0.4035368 2.269262 0.403333 0.4765382 2.764859 -0.3954303 0.4786516 2.092795 0.5916936 0.5557684 2.783859 -0.4340958 0.507316 2.014451 0.668046 0.5921965 2.797675 0.05937668 0.1640514 2.507367 0.07051437 0.1026496 2.505887 0.008698654 0.01849888 2.470548 0.1517201 0.02559265 2.539334 -0.02194974 -0.4360428 2.565275 0.1681165 -0.4580198 2.657557 -0.03587716 -0.8417772 2.683394 0.2277797 -0.8357204 2.712225 0.008970179 -0.8855957 2.62224 0.2574693 -0.9024848 2.697962
