0.08921728 0.6535898 2.157305 0.09718044 0.4815536 2.140508 0.03330384 0.2570149 2.073389 0.3008238 0.3919775 2.347624 0.02580962 0.331168 1.831467 0.4972659 0.383485 2.32673 0.2704061 0.4120513 1.884875 0.3246741 0.377791 2.11097 0.3189942 0.4577318 1.887389 0.2454441 0.3369233 2.125286 0.1295105 0.08655289 2.152693 0.1579892 0.01368711 2.13539 0.08995262 -0.06626374 2.094402 0.2465752 -0.05286991 2.169473 0.06047285 -0.514497 2.191643 0.2261089 -0.5380964 2.354146 -0.002789609 -0.8634037 2.268266 0.2132248 -0.8820138 2.420527 0.0276341 -0.9248603 2.291847 0.2862379 -0.9408039 2.419917
0.08982097 0.6513163 2.1574 0.09814777 0.4797918 2.144099 0.03419907 0.2589523 2.073443 0.3038855 0.3992076 2.347192 0.006723844 0.3360676 1.833598 0.5003608 0.3951162 2.32942 0.2508832 0.4317403 1.865589 0.3471488 0.3966303 2.098557 0.3007805 0.4750083 1.875179 0.26825 0.3575146 2.118494 0.1315626 0.09720957 2.154965 0.1593696 0.02756067 2.137599 0.09248081 -0.055565 2.090165 0.2471968 -0.04497615 2.175867 0.05946454 -0.5101137 2.18888 0.2266736 -0.5350325 2.353011 -0.002651341 -0.8632659 2.268182 0.213355 -0.8821009 2.420541 0.02851626 -0.9245299 2.291287 0.2857121 -0.9405302 2.420235
0.09010477 0.6415488 2.158863 0.09940276 0.4714159 2.153231 0.03603034 0.2646078 2.073268 0.3048423 0.3989264 2.348941 0.03192395 0.3590361 1.832384 0.5010524 0.4090818 2.332164 0.2721731 0.4651274 1.862012 0.4442547 0.5123514 2.161409 0.3202905 0.5108882 1.868681 0.4253221 0.5467746 2.108918 0.1314564 0.0996734 2.156152 0.1592519 0.03168482 2.13809 0.09418437 -0.04887249 2.086982 0.2461171 -0.0426061 2.177655 0.05996417 -0.5042927 2.187703 0.2273693 -0.5320091 2.352269 -0.002860339 -0.8637156 2.268661 0.2135756 -0.881989 2.420597 0.02841672 -0.9251245 2.291227 0.2860913 -0.9407003 2.420156
0.09024388 0.6301482 2.161704 0.09907031 0.4599523 2.155883 0.03579716 0.2669117 2.072519 0.3054684 0.3934466 2.350036 0.03201423 0.3602929 1.832058 0.496104 0.4411009 2.332616 0.2343499 0.4822232 1.826096 0.4614058 0.5342981 2.149632 0.3009329 0.5127543 1.860181 0.4498398 0.5653639 2.093066 0.1313828 0.09879196 2.156427 0.1595453 0.0313563 2.137847 0.09486695 -0.04869245 2.086351 0.2463422 -0.04312592 2.177451 0.05916909 -0.5043734 2.187056 0.226848 -0.5341268 2.352925 -0.003238002 -0.8648077 2.269399 0.2140586 -0.8823938 2.420569 0.02873257 -0.9260232 2.291514 0.2871262 -0.9414899 2.418567
0.08709006 0.6376953 2.161142 0.09197542 0.46774 2.15729 0.0358516 0.2672985 2.072518 0.2991342 0.4018006 2.351142 0.03127697 0.3637395 1.829461 0.4906799 0.4451227 2.336068 0.2279797 0.4881151 1.817289 0.4769107 0.5502843 2.157137 0.2812909 0.5307225 1.8345 0.4893809 0.5871882 2.117897 0.136494 0.1054102 2.159132 0.168348 0.03969316 2.140507 0.1139793 -0.04239372 2.078035 0.260252 -0.03565901 2.19343 0.05982903 -0.5047612 2.187867 0.2267049 -0.5350999 2.353402 -0.002460098 -0.8632594 2.267618 0.2133069 -0.8822705 2.420465 0.02752078 -0.925014 2.290985 0.2909924 -0.9421814 2.421507
0.08554669 0.6421981 2.161083 0.09043511 0.4728887 2.160193 0.03586472 0.2677398 2.072693 0.2978647 0.4072945 2.353971 0.03140157 0.3680349 1.824643 0.4904816 0.4458641 2.337821 0.2249241 0.5067648 1.802549 0.4820055 0.557434 2.162773 0.2603711 0.5466125 1.804629 0.493835 0.5938928 2.119181 0.1404174 0.1086782 2.161543 0.1733063 0.04263786 2.14217 0.1185648 -0.0416441 2.078119 0.2639821 -0.03405569 2.195216 0.05962908 -0.5061508 2.188184 0.2266261 -0.5352472 2.353416 -0.002667952 -0.8637143 2.268289 0.2124845 -0.8824432 2.419961 0.02772586 -0.9250897 2.292117 0.2885596 -0.9411258 2.421957
0.0841286 0.6457044 2.160091 0.08938049 0.4762042 2.158304 0.03602621 0.2692154 2.073869 0.2969478 0.4107981 2.351963 0.02745965 0.3694725 1.818809 0.4893891 0.4456409 2.346854 0.2109517 0.5091558 1.786202 0.4995389 0.5640796 2.176866 0.2537815 0.5519593 1.791997 0.5086442 0.604018 2.126751 0.1421969 0.1100771 2.162061 0.1755531 0.04371031 2.14272 0.1219922 -0.0416656 2.078145 0.2657759 -0.03364049 2.196813 0.0593351 -0.5073634 2.188413 0.2261589 -0.537362 2.354108 -0.003498841 -0.8646275 2.268744 0.2125346 -0.8823222 2.420043 0.02822352 -0.9252897 2.292666 0.289195 -0.9410762 2.421682
0.08452883 0.6191674 2.166026 0.09733745 0.4497344 2.162693 0.03573955 0.2704499 2.074993 0.3052022 0.3845441 2.35623 0.02669415 0.3707004 1.812135 0.4879515 0.4546293 2.349593 0.1974684 0.5021299 1.771818 0.5119264 0.5676422 2.177124 0.247493 0.5528932 1.776855 0.5223795 0.6022594 2.13845 0.1447601 0.1009908 2.16231 0.1776893 0.03675269 2.14192 0.1213519 -0.04456669 2.080144 0.2683687 -0.03910775 2.190824 0.05919863 -0.5076334 2.188256 0.2264712 -0.5381451 2.35429 -0.004320016 -0.8658751 2.271553 0.2129033 -0.8823289 2.420616 0.02926923 -0.9265832 2.292642 0.2898711 -0.9415879 2.41993
0.08513693 0.6173587 2.16635 0.09800815 0.4479308 2.163017 0.03579771 0.2716585 2.075445 0.3059016 0.3827284 2.356551 0.02482678 0.3703733 1.80793 0.4880576 0.4532137 2.353672 0.1968887 0.5023314 1.763842 0.5227118 0.5648676 2.182213 0.2432708 0.5489551 1.762356 0.5310621 0.5981075 2.13975 0.1453201 0.09865724 2.162751 0.1784803 0.0348862 2.141681 0.1213106 -0.04549146 2.080727 0.2690905 -0.04052293 2.189376 0.0597658 -0.5085248 2.189003 0.2266814 -0.5405293 2.354891 -0.002493422 -0.8631088 2.269546 0.2123467 -0.8827914 2.420552 0.02775634 -0.9249911 2.292217 0.2898694 -0.9415873 2.419932
0.08543826 0.6175144 2.16741 0.09894307 0.4486094 2.166235 0.03508326 0.2739979 2.075187 0.3068627 0.3834071 2.359764 0.0224793 0.3704358 1.803426 0.4895608 0.4500954 2.363031 0.1970401 0.4992334 1.754077 0.5253806 0.5566888 2.188374 0.2284198 0.5259312 1.742959 0.535158 0.5871284 2.142008 0.1451786 0.09768822 2.163991 0.1788513 0.03411827 2.142034 0.1210521 -0.04624239 2.082303 0.2694046 -0.04105598 2.188509 0.06097329 -0.5094047 2.189979 0.2268544 -0.5405516 2.354817 -0.002419309 -0.8638298 2.270734 0.2135099 -0.8828408 2.421071 0.02826852 -0.925878 2.292338 0.2875373 -0.9411509 2.418193
0.08328071 0.6506119 2.160589 0.08890332 0.4812366 2.159305 0.03455999 0.2760798 2.074589 0.2968875 0.4160194 2.352822 0.02041412 0.3707884 1.800583 0.4769678 0.4316312 2.404298 0.1948197 0.495064 1.747775 0.5173935 0.5312518 2.221464 0.2266714 0.5214789 1.741282 0.5383236 0.5829535 2.137084 0.1452563 0.09875444 2.164275 0.1789574 0.0341145 2.142101 0.1213771 -0.04620056 2.0841 0.2695166 -0.04072315 2.188252 0.06121419 -0.5095547 2.190008 0.2285002 -0.5311664 2.350288 -0.002401398 -0.8638626 2.270756 0.2128838 -0.882199 2.420448 0.02842425 -0.9258571 2.292317 0.2872038 -0.940897 2.418316
0.08061489 0.6559955 2.160517 0.08591999 0.4864247 2.158402 0.03288234 0.27664 2.073285 0.2939053 0.4212151 2.351917 0.01937855 0.3732382 1.799622 0.4742757 0.4299317 2.403798 0.1939223 0.4953116 1.743846 0.516788 0.530996 2.222543 0.2266165 0.5208727 1.740131 0.5381067 0.5822542 2.13678 0.1454937 0.1009131 2.164092 0.1794942 0.03463969 2.142132 0.1222647 -0.04573064 2.085846 0.2708805 -0.038328 2.186886 0.06155653 -0.5095276 2.189868 0.2285005 -0.5346227 2.351007 -0.002134873 -0.8630105 2.269531 0.2128184 -0.882086 2.419938 0.02601798 -0.9255013 2.293211 0.2868086 -0.9408327 2.417899
0.07717427 0.6692541 2.157365 0.08656452 0.4990891 2.151552 0.03200635 0.2787476 2.071808 0.2945535 0.4338865 2.345062 0.01670128 0.3784727 1.799493 0.4703236 0.4290814 2.407126 0.1897767 0.5017676 1.736912 0.5276433 0.548354 2.2091 0.2252525 0.5290151 1.733053 0.53755 0.5856255 2.13707 0.1464313 0.1019839 2.163121 0.1801088 0.03394323 2.141603 0.1220683 -0.04654098 2.088806 0.2724008 -0.03897413 2.182681 0.0616283 -0.5100789 2.189671 0.2283701 -0.5356447 2.351412 -0.002102172 -0.8646456 2.272654 0.2132259 -0.8818581 2.420981 0.02723256 -0.9276658 2.293301 0.2840362 -0.9396518 2.418399
0.07773438 0.6242316 2.165739 0.1045381 0.4417756 2.153572 0.03273089 0.2813296 2.070375 0.3058078 0.3843282 2.360913 0.01373032 0.3852227 1.800049 0.475314 0.4545678 2.405694 0.1729491 0.5162568 1.724686 0.526051 0.5583677 2.222559 0.2106917 0.5521069 1.716757 0.5428513 0.6079615 2.147915 0.1459314 0.1033299 2.161847 0.1798934 0.03910158 2.140766 0.1225996 -0.04130298 2.084162 0.2707939 -0.03650038 2.184661 0.06189721 -0.5107365 2.190205 0.2284978 -0.5359206 2.351871 -0.0006903063 -0.8626353 2.270301 0.2131072 -0.8823703 2.420655 0.02573079 -0.9261639 2.293201 0.2878976 -0.94205 2.421692
0.07632288 0.6220813 2.167925 0.1039545 0.4423907 2.154708 0.03243419 0.2840645 2.070937 0.304475 0.3956572 2.357996 0.005296677 0.3909568 1.802682 0.4725871 0.4808355 2.388219 0.1540602 0.5325855 1.713593 0.5351856 0.5880827 2.222404 0.1978533 0.5838943 1.699812 0.5630114 0.6548467 2.161016 0.1451945 0.1077045 2.162093 0.177757 0.04687665 2.141132 0.1210798 -0.03487405 2.081104 0.2678951 -0.03268101 2.187617 0.06113192 -0.5119593 2.190256 0.2285048 -0.5366434 2.352617 -0.0007954771 -0.8629799 2.270418 0.2128236 -0.881991 2.420733 0.02600736 -0.9263149 2.293411 0.2877183 -0.9419443 2.420466
0.07544473 0.5841793 2.165132 0.1047263 0.4150846 2.15259 0.03433235 0.2641719 2.066677 0.3040558 0.398486 2.356682 -0.0171499 0.3806248 1.806932 0.4723544 0.4804395 2.390986 0.1400253 0.5699322 1.692297 0.5401475 0.606374 2.242681 0.1723991 0.6091087 1.679712 0.5622389 0.6593252 2.187829 0.1460285 0.1040538 2.163836 0.1778614 0.04480414 2.143923 0.1273264 -0.04006202 2.089916 0.2632281 -0.03638842 2.191652 0.06044587 -0.5129657 2.18996 0.228409 -0.5375831 2.353366 -0.001614158 -0.8639434 2.2709 0.2130954 -0.8820908 2.421046 0.02645016 -0.9268755 2.29349 0.2877519 -0.942169 2.421137
0.08509329 0.6262003 2.156218 0.101418 0.4562713 2.148911 0.03183842 0.3025467 2.061656 0.3043737 0.40242 2.356596 -0.01361936 0.4043695 1.793964 0.4719521 0.4864703 2.390014 0.1256429 0.5876489 1.676843 0.547064 0.6288611 2.263729 0.156096 0.643864 1.657707 0.574697 0.6959697 2.199417 0.144769 0.1190114 2.159445 0.1769672 0.05877636 2.140389 0.1219017 -0.01849388 2.081725 0.2635936 -0.0224689 2.188949 0.05976021 -0.5130732 2.18957 0.2283423 -0.538169 2.35435 -0.001839371 -0.8636419 2.270645 0.2133237 -0.8822629 2.421365 0.02630203 -0.9264843 2.293388 0.2868802 -0.9423204 2.42199
0.09049554 0.6316991 2.153442 0.1018861 0.4616507 2.147603 0.03233536 0.3087321 2.060139 0.3045198 0.4032747 2.35647 -0.02368693 0.4007305 1.79469 0.4717749 0.4851457 2.393714 0.101775 0.5888412 1.664839 0.5517798 0.6327392 2.277953 0.1373933 0.6438661 1.652297 0.5848696 0.6961223 2.237263 0.1443327 0.1195142 2.158808 0.1766347 0.05868389 2.140008 0.1209758 -0.01810521 2.082833 0.2614824 -0.02098661 2.185561 0.0587909 -0.5136966 2.189741 0.2279358 -0.5387993 2.354971 -0.001970703 -0.8635097 2.270712 0.2136387 -0.8826522 2.422631 0.0261985 -0.9264102 2.293258 0.2865172 -0.9423453 2.421908
0.09319322 0.6326921 2.15222 0.104017 0.4626823 2.146764 0.0344859 0.3098599 2.059263 0.3030374 0.4010554 2.353626 -0.03023171 0.3959669 1.79582 0.4684007 0.4823386 2.396358 0.07634468 0.5816848 1.649884 0.5611081 0.6335722 2.298104 0.1034746 0.6392161 1.62969 0.593868 0.6916785 2.257548 0.1429784 0.1189934 2.157737 0.1739918 0.05660731 2.138728 0.1183627 -0.01853615 2.083503 0.2539961 -0.02180656 2.182131 0.05776045 -0.5132687 2.189314 0.2277989 -0.5386385 2.355058 -0.002010134 -0.8635712 2.270704 0.2137633 -0.8824712 2.422562 0.02587395 -0.9265099 2.293497 0.2879212 -0.9432911 2.421224
0.09884548 0.6129617 2.153368 0.1163412 0.4437743 2.149216 0.04667229 0.2912763 2.061647 0.3034458 0.4007282 2.354395 -0.03543079 0.3862168 1.800927 0.4686688 0.4783835 2.401514 0.03088061 0.5284591 1.652595 0.5782021 0.6253084 2.316804 0.07772296 0.5975966 1.628815 0.6067783 0.6773156 2.281332 0.1425285 0.1193083 2.157586 0.1730932 0.05730768 2.139113 0.1177656 -0.01876441 2.083419 0.2506478 -0.02005613 2.184517 0.0578815 -0.5128486 2.189469 0.2277736 -0.5385326 2.355081 -0.002451585 -0.863472 2.270591 0.214289 -0.8822476 2.423803 0.02449777 -0.9262682 2.294854 0.2842967 -0.9408765 2.418709
0.100837 0.6213676 2.150547 0.1107547 0.4518412 2.147692 0.0411417 0.2992843 2.060127 0.2939638 0.4157316 2.35455 -0.04722443 0.376515 1.795222 0.4671566 0.4660772 2.406934 0.02253245 0.5095189 1.648528 0.5912406 0.6062248 2.333252 0.06444198 0.5671473 1.615167 0.617159 0.6626475 2.29022 0.1408218 0.1184896 2.157339 0.1712131 0.05586081 2.139197 0.1147751 -0.02094037 2.088947 0.247252 -0.01826194 2.181045 0.05883963 -0.5124624 2.190281 0.2273146 -0.539572 2.355314 -0.002354728 -0.8638627 2.271226 0.2147085 -0.8825447 2.423745 0.0144369 -0.9333985 2.259348 0.2907261 -0.9427125 2.41815
0.1250559 0.616233 2.133754 0.1106149 0.4516 2.147852 0.0410039 0.2990438 2.060286 0.2955731 0.4016414 2.352893 -0.06703725 0.3565393 1.797918 0.4644617 0.4546361 2.412576 0.01744414 0.47602 1.645973 0.598644 0.5861415 2.34109 0.0609942 0.5354053 1.609654 0.6369492 0.6335009 2.292825 0.1395265 0.115559 2.157406 0.1696436 0.05236414 2.139268 0.1135047 -0.02828788 2.086501 0.2455162 -0.02164147 2.182796 0.058491 -0.5126437 2.189773 0.2272883 -0.5395578 2.355304 -0.002327633 -0.8638886 2.271279 0.2139916 -0.8815522 2.423295 0.02464599 -0.9303855 2.281711 0.2906103 -0.9426104 2.418151
0.131817 0.6084872 2.130852 0.1103584 0.4463277 2.149925 0.004090972 0.3432775 2.04774 0.2966796 0.3954098 2.354551 -0.07594052 0.3483352 1.796037 0.4644665 0.4462992 2.417605 0.01401052 0.4565715 1.643817 0.6051215 0.566286 2.337199 0.05958086 0.5062129 1.60502 0.6523476 0.6202116 2.288945 0.138442 0.1151519 2.157941 0.1675006 0.05266492 2.139132 0.1093821 -0.02857843 2.085783 0.2448846 -0.02195929 2.182591 0.05901849 -0.5125076 2.190023 0.2272543 -0.5394953 2.355099 -0.002404859 -0.864013 2.271344 0.2124446 -0.8806516 2.421463 0.02649342 -0.9292097 2.284479 0.2773885 -0.9388073 2.422928
0.1382323 0.6057401 2.133428 0.1092842 0.4438525 2.14997 0.01327907 0.3129051 2.052428 0.2985606 0.3975318 2.359546 -0.09008758 0.331257 1.80795 0.4680169 0.4402837 2.42371 0.005021743 0.433214 1.648263 0.6059009 0.5602465 2.337743 0.05585051 0.4881928 1.60436 0.6354749 0.5786077 2.311654 0.1376432 0.1141705 2.158318 0.1669001 0.05215205 2.13955 0.1081506 -0.03111892 2.085749 0.2451996 -0.02345032 2.184078 0.05990288 -0.5116568 2.189957 0.2276952 -0.538991 2.354802 -0.001940253 -0.8622031 2.269425 0.2126666 -0.8803986 2.421545 0.02591104 -0.9270799 2.285963 0.2806251 -0.939638 2.420119
0.1457043 0.6041795 2.136557 0.1091746 0.4430903 2.150923 0.01381879 0.3120514 2.052578 0.3009776 0.4002936 2.36536 -0.09059929 0.3315299 1.808131 0.4720836 0.4356518 2.42961 0.004494067 0.4326281 1.648257 0.603914 0.5583937 2.337327 0.05418273 0.4855105 1.603995 0.6346298 0.5789179 2.310456 0.1377021 0.1133806 2.158688 0.1670973 0.05160199 2.139925 0.1084018 -0.03288727 2.087555 0.2462224 -0.02347744 2.183615 0.06006289 -0.5116068 2.189868 0.2278813 -0.5390228 2.35448 -0.00223466 -0.8627279 2.270113 0.2114425 -0.879698 2.420688 0.02665738 -0.9271643 2.286587 0.2810937 -0.9396914 2.420221
0.1480366 0.6043317 2.137002 0.1091293 0.4439915 2.151938 0.01629509 0.3052447 2.054556 0.2867758 0.3938038 2.343163 -0.0911781 0.3336918 1.808726 0.448325 0.4282359 2.425069 0.002159709 0.4355752 1.647972 0.5903752 0.5524183 2.342779 0.04624201 0.4895122 1.603578 0.6349088 0.607951 2.281681 0.1373515 0.1101305 2.159228 0.166346 0.04669042 2.140019 0.1084257 -0.03722049 2.086371 0.2450948 -0.02672118 2.184114 0.060404 -0.5115595 2.189825 0.2279627 -0.5389709 2.354097 -0.002428327 -0.8639514 2.270872 0.2114828 -0.8798699 2.420486 0.02881921 -0.9264677 2.290198 0.2820703 -0.9397004 2.420342
0.1566582 0.6222199 2.130781 0.0966178 0.4696374 2.148732 0.01057501 0.3138091 2.051667 0.29853 0.3941165 2.357825 -0.09202677 0.3482632 1.79969 0.4627904 0.4449218 2.427266 -0.005166936 0.4580147 1.643753 0.594468 0.5756078 2.337404 0.03493134 0.5099194 1.603359 0.6307523 0.6228535 2.281521 0.1312054 0.1159706 2.158149 0.161121 0.05108179 2.139322 0.1021387 -0.03483617 2.085086 0.2434718 -0.02551778 2.184129 0.06008638 -0.51131 2.188885 0.2281753 -0.53893 2.353849 -0.002529397 -0.8639784 2.270905 0.2118792 -0.88057 2.420468 0.02886321 -0.9264481 2.290145 0.2873585 -0.9419622 2.424565
0.1318636 0.6499773 2.135264 0.0925955 0.4884859 2.146396 0.004416268 0.3354609 2.047552 0.3008827 0.4046688 2.360921 -0.09256728 0.3582413 1.797846 0.4665076 0.461798 2.424236 -0.02131023 0.4802033 1.64454 0.5922446 0.6034085 2.339535 0.01647572 0.5417023 1.601345 0.6256858 0.6575969 2.293967 0.1262304 0.1275545 2.154771 0.156637 0.06050598 2.136154 0.09461519 -0.02591975 2.085652 0.2407163 -0.008879202 2.174984 0.0603874 -0.5113203 2.189029 0.2283662 -0.5379078 2.353361 -0.004278231 -0.8660985 2.273836 0.2119425 -0.8806405 2.420571 0.03006839 -0.9279076 2.289901 0.2874498 -0.9418733 2.424196
0.1323581 0.6510157 2.135516 0.09249397 0.4898799 2.147315 0.003499936 0.3405772 2.040986 0.315119 0.3881135 2.366669 -0.09444318 0.377501 1.788617 0.4668893 0.4821871 2.423068 -0.03431771 0.5051911 1.638345 0.5895798 0.6214675 2.344717 -0.007200672 0.5637527 1.600104 0.6181804 0.6712559 2.306417 0.1221826 0.1346914 2.154169 0.1513568 0.06920789 2.134937 0.08269009 -0.01865257 2.082766 0.2401486 -0.004610771 2.17476 0.05902948 -0.5117992 2.188344 0.2282461 -0.5383173 2.353802 -0.004354835 -0.8659695 2.273385 0.2119474 -0.8810136 2.421268 0.02818133 -0.9302933 2.281257 0.289104 -0.9415791 2.423117
0.1447245 0.6076711 2.146562 0.1267172 0.4430459 2.159598 0.01686547 0.321841 2.045841 0.3143791 0.3957975 2.364712 -0.0967406 0.3837203 1.788687 0.4625996 0.495529 2.420918 -0.05603454 0.5220672 1.637353 0.5851448 0.6416266 2.359428 -0.04210285 0.5869807 1.596698 0.619042 0.6935521 2.32289 0.1267526 0.1262344 2.155353 0.1534792 0.06407025 2.13535 0.08445315 -0.02424359 2.08122 0.2403175 -0.009942329 2.176047 0.05827313 -0.5113971 2.18807 0.228056 -0.5379084 2.353854 -0.004387666 -0.8659728 2.273389 0.2128318 -0.8815693 2.422018 0.02631272 -0.9299716 2.288212 0.2894884 -0.9423101 2.420329
0.1392858 0.6063622 2.142221 0.1267984 0.4427164 2.159742 0.01923829 0.3214211 2.046211 0.3104654 0.3953114 2.355133 -0.1003485 0.390064 1.792542 0.4620104 0.5006675 2.421844 -0.07654759 0.5352665 1.631455 0.5844012 0.6514356 2.374184 -0.06329709 0.5950359 1.593121 0.6271203 0.7173142 2.340644 0.1305912 0.1175471 2.154837 0.1567068 0.05535494 2.134001 0.08795179 -0.02840777 2.078668 0.2403804 -0.01980281 2.175086 0.05662942 -0.5106386 2.186172 0.227642 -0.5380922 2.353891 -0.004590984 -0.8658779 2.273384 0.2128658 -0.8816765 2.422008 0.02585616 -0.9296776 2.289529 0.286816 -0.9421909 2.420048
0.1385723 0.6058576 2.141745 0.1272119 0.4421976 2.159461 0.02177641 0.3215768 2.046385 0.3105204 0.3994266 2.352874 -0.1048437 0.3944392 1.79789 0.4634809 0.5059398 2.426186 -0.09915106 0.5406804 1.627436 0.5892018 0.6566014 2.399443 -0.09201327 0.5950033 1.588554 0.628938 0.7126367 2.375709 0.139039 0.1080498 2.158286 0.1664456 0.04442416 2.138462 0.1076044 -0.04063036 2.087172 0.2448383 -0.02933402 2.178421 0.05667994 -0.510468 2.186348 0.2273956 -0.5370394 2.353559 -0.004663491 -0.8659038 2.273484 0.2130369 -0.8817208 2.421951 0.02646335 -0.9292676 2.290044 0.2845113 -0.9410238 2.418602
0.1391494 0.6083687 2.139614 0.1277365 0.4412489 2.158193 0.02402424 0.3214792 2.046478 0.3116605 0.4058668 2.353206 -0.1093654 0.3975091 1.803058 0.4656637 0.5071498 2.432861 -0.1345441 0.5419957 1.616012 0.598744 0.6502954 2.441596 -0.1365642 0.5939203 1.574137 0.6418318 0.7049651 2.422434 0.1406533 0.1065193 2.158493 0.1679395 0.04309208 2.138834 0.1089746 -0.04119819 2.087555 0.2459422 -0.03160827 2.179035 0.05677334 -0.5095423 2.186462 0.2273549 -0.5345134 2.353162 -0.003819818 -0.8644341 2.271411 0.2131732 -0.88167 2.422213 0.02544694 -0.9279062 2.29072 0.2834456 -0.9399101 2.418278
0.1399692 0.6099176 2.137312 0.1281029 0.4408172 2.15766 0.02574947 0.3216453 2.04644 0.3130715 0.4092245 2.353951 -0.1150594 0.3972833 1.807612 0.4698026 0.5047134 2.449599 -0.1603947 0.5297507 1.613605 0.6253487 0.6508722 2.459382 -0.1713178 0.5649268 1.579729 0.6689059 0.7002754 2.448622 0.1421082 0.1053534 2.158756 0.169422 0.04199745 2.139217 0.110439 -0.04190475 2.088049 0.2471611 -0.03310581 2.179402 0.05596366 -0.5089751 2.185508 0.2266611 -0.5354245 2.353413 -0.003908624 -0.8642721 2.271472 0.2120752 -0.8812975 2.42142 0.02553679 -0.9279724 2.289728 0.2830921 -0.9399411 2.419107
0.1412245 0.6103865 2.135489 0.1297056 0.4391011 2.155357 0.02632242 0.3212951 2.046309 0.3132907 0.4090553 2.353672 -0.124124 0.3919511 1.812421 0.4738924 0.4962919 2.461867 -0.1940768 0.4963332 1.615851 0.6322348 0.6176142 2.498865 -0.1976563 0.5387629 1.574391 0.6807076 0.6622695 2.48838 0.1435189 0.103688 2.158616 0.1706882 0.04034815 2.139328 0.1112596 -0.0425959 2.088168 0.2483462 -0.03625849 2.180032 0.05526132 -0.5088682 2.184866 0.2264767 -0.5355507 2.353337 -0.004303533 -0.8646268 2.271715 0.2123697 -0.8811149 2.421291 0.0257518 -0.9281344 2.289644 0.282007 -0.9387184 2.419116
0.1503073 0.6121761 2.130205 0.1313034 0.4383779 2.154229 0.0265615 0.3214243 2.046157 0.3127731 0.4052362 2.349541 -0.1417881 0.3738448 1.820775 0.4665794 0.4754836 2.47319 -0.2098429 0.4665443 1.630513 0.6373662 0.5965233 2.519144 -0.2288982 0.5042714 1.573691 0.692009 0.6345732 2.514673 0.1448678 0.1007976 2.158137 0.1717601 0.03690675 2.138825 0.1117179 -0.04388689 2.087922 0.2486921 -0.04046171 2.179561 0.05565478 -0.5091551 2.185345 0.2260966 -0.5364743 2.353487 -0.004469593 -0.8649772 2.272085 0.2129603 -0.8816296 2.420915 0.02669372 -0.9282675 2.288853 0.281927 -0.9398782 2.418619
0.1514094 0.6125256 2.129437 0.134156 0.4363341 2.151901 0.0266633 0.3213592 2.046084 0.3068596 0.3900178 2.330938 -0.1524391 0.359144 1.826858 0.4606765 0.4562438 2.47947 -0.2253224 0.4427059 1.639671 0.6142755 0.5524504 2.542593 -0.2417379 0.4792572 1.581149 0.6872355 0.6055943 2.540426 0.1494329 0.09372449 2.156445 0.1761247 0.02876644 2.136803 0.1152418 -0.0480275 2.087418 0.2513938 -0.04643992 2.177032 0.05702649 -0.5097362 2.187083 0.2252389 -0.5385768 2.353572 -0.00460827 -0.8650021 2.272189 0.2130595 -0.8816294 2.420882 0.02680998 -0.9281971 2.28884 0.2816864 -0.9406633 2.417449
0.1543576 0.6113498 2.125288 0.136377 0.4343114 2.151218 0.02657935 0.3213565 2.046034 0.301015 0.3763569 2.316566 -0.1630949 0.3430815 1.834581 0.4601601 0.4451164 2.485468 -0.2347138 0.4266074 1.642748 0.6162965 0.541361 2.543212 -0.2472746 0.4694449 1.582563 0.6792207 0.5855352 2.542807 0.1513791 0.08877649 2.155511 0.177666 0.02330923 2.135368 0.1169592 -0.0519736 2.086286 0.2520753 -0.05083857 2.175157 0.05702385 -0.5097637 2.187135 0.2251778 -0.5384091 2.353555 -0.003920068 -0.8640212 2.270391 0.211655 -0.8804491 2.419994 0.02611306 -0.927357 2.288953 0.2808225 -0.9396117 2.41676
0.1580069 0.6110073 2.123067 0.1373086 0.4336031 2.151166 0.02591145 0.3212438 2.046221 0.2967102 0.3729553 2.309074 -0.1703762 0.328198 1.840601 0.4563199 0.4327833 2.487351 -0.2374782 0.4178402 1.647919 0.6295286 0.5363792 2.547062 -0.2454451 0.4607506 1.589113 0.6819369 0.5797983 2.544657 0.1515644 0.08584911 2.154793 0.1775733 0.01983895 2.134012 0.1169321 -0.0543023 2.085048 0.2514899 -0.05397814 2.17325 0.0581045 -0.5113404 2.189593 0.2248482 -0.5393266 2.353816 -0.004422581 -0.8643135 2.270442 0.2123462 -0.8808075 2.421026 0.02606738 -0.9271929 2.289793 0.2806697 -0.9395246 2.416831
0.1601796 0.6102337 2.121402 0.1375908 0.4324121 2.150211 0.02500877 0.3206862 2.04739 0.2959314 0.3720329 2.308024 -0.1734896 0.3212284 1.84408 0.4542643 0.4268058 2.487953 -0.2370436 0.4165401 1.649184 0.6329718 0.5353024 2.545917 -0.2403576 0.459324 1.593246 0.6844912 0.5776407 2.543309 0.1514742 0.08359313 2.154167 0.1774563 0.01751334 2.133238 0.1170543 -0.05576028 2.084896 0.2510767 -0.05606924 2.171836 0.05887521 -0.5130134 2.19131 0.2245805 -0.5403841 2.354198 -0.002149381 -0.8610535 2.266667 0.2118561 -0.8811253 2.420801 0.02369186 -0.9247602 2.289724 0.280626 -0.9393873 2.41759
0.1605859 0.6100475 2.120604 0.1379975 0.4311051 2.149528 0.02398727 0.3201544 2.049278 0.2941531 0.3709995 2.306185 -0.1751134 0.3174809 1.846664 0.4516774 0.4212451 2.484846 -0.2293273 0.4168577 1.654934 0.6374485 0.5356978 2.540374 -0.2292034 0.4637372 1.597865 0.6880136 0.5791082 2.536874 0.1524204 0.08251929 2.153497 0.1785342 0.01663538 2.132255 0.1174578 -0.05654823 2.083991 0.2537876 -0.05596918 2.170307 0.05885309 -0.5132209 2.191248 0.2238548 -0.5440761 2.355206 -0.002191481 -0.8609775 2.266456 0.210781 -0.8817269 2.420296 0.02371659 -0.923879 2.291557 0.2807851 -0.9392452 2.417652
0.1607689 0.6095972 2.120209 0.1380747 0.4299025 2.149296 0.02273352 0.3194987 2.051009 0.2950901 0.373337 2.312135 -0.1751424 0.317424 1.847014 0.4506462 0.4186947 2.482004 -0.2075952 0.4239369 1.664744 0.6378955 0.5369068 2.51913 -0.1990885 0.4736806 1.611239 0.6845286 0.5821642 2.503943 0.1520901 0.08214573 2.153539 0.1783678 0.01639934 2.132279 0.1171908 -0.0570677 2.084334 0.2535236 -0.05632453 2.17006 0.05904783 -0.5134655 2.191324 0.2238221 -0.5443633 2.354981 -0.002983632 -0.8618781 2.268309 0.2112851 -0.8806986 2.420407 0.0247435 -0.9247577 2.291445 0.2807128 -0.9392371 2.417393
0.1585325 0.6092294 2.121326 0.1376287 0.4294318 2.150348 0.02190604 0.3189173 2.052852 0.2959535 0.3759301 2.317675 -0.1737399 0.3190677 1.846396 0.44771 0.4141732 2.475906 -0.1855876 0.4394675 1.665048 0.6388341 0.5504159 2.488585 -0.1709732 0.4879191 1.619545 0.6851141 0.6004978 2.462383 0.1518169 0.08182283 2.153919 0.1783364 0.01624379 2.132458 0.1172848 -0.05749015 2.084799 0.2535005 -0.05644288 2.170004 0.05932827 -0.5139811 2.191383 0.2239428 -0.54453 2.354403 -0.002771301 -0.861138 2.268013 0.2112744 -0.8807058 2.420407 0.02591401 -0.9240717 2.289793 0.2801616 -0.9395545 2.417453
0.155477 0.6090369 2.122259 0.1369315 0.4291892 2.150596 0.02075937 0.3183195 2.054447 0.2965393 0.3769067 2.32114 -0.1698932 0.3207862 1.846735 0.443793 0.4096819 2.468006 -0.1607637 0.4555669 1.661981 0.6321793 0.5552776 2.465313 -0.1501655 0.4985159 1.622874 0.6709467 0.603909 2.441115 0.1516184 0.08161876 2.154168 0.1783302 0.01614282 2.13253 0.1173984 -0.05783544 2.085224 0.2535749 -0.05659599 2.169841 0.06010969 -0.5159749 2.192107 0.2242711 -0.5449672 2.354028 -0.003370106 -0.8615438 2.268677 0.2110071 -0.8806322 2.420338 0.02621519 -0.9243015 2.289749 0.280597 -0.9398957 2.417776
0.1530406 0.6078509 2.12312 0.1364786 0.4288723 2.151318 0.0188857 0.3178606 2.056453 0.2969508 0.3774061 2.323697 -0.1650972 0.3217953 1.846366 0.4467751 0.4118049 2.464004 -0.1416424 0.4626018 1.66488 0.6281318 0.5612603 2.445987 -0.1220019 0.5082136 1.632617 0.6646655 0.6133209 2.410813 0.1508596 0.08159193 2.154283 0.1775514 0.01632156 2.132141 0.1132812 -0.05733421 2.085179 0.2539991 -0.05596478 2.167835 0.05985154 -0.5165046 2.19161 0.2267576 -0.534655 2.347887 -0.003584125 -0.8631246 2.270608 0.2108663 -0.8806272 2.420067 0.02712349 -0.9258978 2.289958 0.2819189 -0.9402901 2.417922
0.1496501 0.6062275 2.124273 0.1361174 0.4284132 2.152078 0.01667733 0.3163971 2.058796 0.2977268 0.3784569 2.328006 -0.1602587 0.3222483 1.846288 0.456641 0.4201165 2.456011 -0.1147466 0.4674472 1.675136 0.6072443 0.5641547 2.396439 -0.09014452 0.5193006 1.64428 0.638806 0.6109557 2.360846 0.1504042 0.08113879 2.154811 0.1773075 0.01600156 2.132296 0.1126271 -0.05828023 2.087119 0.2540078 -0.05616687 2.166759 0.0594925 -0.5169854 2.190843 0.2267538 -0.5348645 2.347725 -0.003611703 -0.863185 2.270581 0.2133279 -0.8804069 2.422924 0.02730693 -0.9255622 2.290853 0.2820705 -0.9400644 2.417937
0.1407847 0.6072905 2.128542 0.1357544 0.4281465 2.152775 0.01319144 0.3137897 2.060834 0.2975313 0.3781498 2.328856 -0.1558321 0.3210855 1.848008 0.4599399 0.4223224 2.443979 -0.09805343 0.4656906 1.683301 0.5956228 0.5581456 2.382157 -0.06498227 0.519944 1.656469 0.6340289 0.6099646 2.352934 0.1458311 0.08077553 2.155651 0.1714347 0.0154445 2.132472 0.101687 -0.05947157 2.091502 0.2488632 -0.05537959 2.163003 0.0589069 -0.517771 2.19011 0.2266054 -0.5356234 2.347765 -0.003554524 -0.8638186 2.270858 0.2130965 -0.8797116 2.422352 0.0276783 -0.926033 2.291148 0.2825284 -0.9397515 2.420036
0.1325105 0.6107807 2.13064 0.130315 0.4313198 2.154121 0.006866041 0.3034955 2.062667 0.2977059 0.3797696 2.334045 -0.1498896 0.3202804 1.849809 0.4604402 0.4221543 2.438478 -0.07203709 0.4613823 1.698479 0.5861978 0.5571458 2.357005 -0.02955424 0.5214918 1.673684 0.6116492 0.6064869 2.313076 0.1410137 0.08359309 2.157083 0.1671703 0.01828652 2.133419 0.09831127 -0.05882905 2.093148 0.2465628 -0.05225249 2.162401 0.05783706 -0.5187412 2.189268 0.2265379 -0.5362233 2.348092 -0.003825099 -0.8639735 2.271452 0.213162 -0.8797187 2.422272 0.02804276 -0.9261828 2.290745 0.2825837 -0.9398277 2.419931
0.1309968 0.61372 2.130907 0.1162469 0.4484377 2.156847 0.006113756 0.3022447 2.063229 0.2995787 0.3851548 2.344378 -0.1433664 0.3206847 1.850335 0.4599633 0.4122063 2.428905 -0.04637431 0.4626831 1.706153 0.5724109 0.5510226 2.333324 -0.002938842 0.5215033 1.681494 0.6004086 0.5998569 2.302545 0.1356856 0.09093711 2.159174 0.1636747 0.02483164 2.135318 0.09708714 -0.05646272 2.093229 0.2449182 -0.04756945 2.165197 0.05722365 -0.5192271 2.188988 0.2259542 -0.5397491 2.349536 -0.0040254 -0.8644066 2.271662 0.213165 -0.8808337 2.421653 0.02832469 -0.9262428 2.291348 0.2859834 -0.9428119 2.421598
0.148343 0.6092097 2.129205 0.1160487 0.4482431 2.156821 0.005814393 0.3040294 2.063857 0.2998671 0.3758912 2.342501 -0.1372778 0.3220624 1.848533 0.4586467 0.3955412 2.43084 -0.02121857 0.4598735 1.713725 0.5529706 0.5361981 2.312063 0.02602564 0.5158646 1.692399 0.5704014 0.5783327 2.26658 0.1349143 0.0909759 2.159378 0.1631603 0.02494087 2.135211 0.09664717 -0.05572595 2.092957 0.2443719 -0.04752376 2.165145 0.05649069 -0.5186675 2.188269 0.2259282 -0.5393209 2.349427 -0.001850285 -0.8632598 2.270216 0.2132572 -0.8807819 2.422049 0.02786063 -0.9258755 2.29153 0.2864757 -0.9424731 2.421282
0.1563893 0.605748 2.1322 0.1165316 0.4421141 2.157521 0.005685624 0.3050604 2.064353 0.2937744 0.3944879 2.339929 -0.1307051 0.3215561 1.847099 0.431537 0.3595035 2.462756 -0.01039921 0.4463024 1.722534 0.5432625 0.527818 2.295144 0.0403236 0.5057888 1.700152 0.5529486 0.5725551 2.238942 0.134635 0.09133049 2.160022 0.1630206 0.02639517 2.135865 0.09751023 -0.05395388 2.092985 0.2436577 -0.04588721 2.166586 0.05746702 -0.5183499 2.189869 0.2256734 -0.5400538 2.349891 -0.001926196 -0.8642756 2.271376 0.213557 -0.8809194 2.421983 0.02845567 -0.9269094 2.291666 0.2871462 -0.9422004 2.420729
0.1661309 0.5975726 2.137713 0.1169479 0.434487 2.159695 0.005832764 0.3043129 2.064792 0.2939651 0.392808 2.34126 -0.1232866 0.313128 1.85066 0.4275019 0.3565543 2.462579 0.01731418 0.4430317 1.729482 0.5232726 0.513536 2.258969 0.06068299 0.5054913 1.702083 0.5350769 0.5577189 2.216796 0.1350965 0.0909484 2.161649 0.1640438 0.0269064 2.137459 0.09975766 -0.05316336 2.094236 0.2448436 -0.04522809 2.169058 0.05736456 -0.5183739 2.18989 0.22564 -0.5395141 2.349785 -0.00225479 -0.8650026 2.27198 0.212315 -0.8794053 2.420516 0.02916269 -0.9272128 2.291994 0.2879623 -0.9418153 2.423063
0.1333673 0.6152113 2.151413 0.1154864 0.4302375 2.159872 0.005086195 0.301258 2.065862 0.2756835 0.3810101 2.306717 -0.109357 0.3153921 1.84598 0.4305673 0.3601004 2.408556 0.0372599 0.4308877 1.742341 0.5124559 0.5020592 2.250141 0.1143139 0.4881958 1.734135 0.5154777 0.5353713 2.199511 0.1350306 0.08927831 2.162899 0.163514 0.02595601 2.137548 0.0997993 -0.05320645 2.09418 0.2436326 -0.04587605 2.169292 0.05719828 -0.5182692 2.189922 0.2255512 -0.5388982 2.349716 -0.002430294 -0.8650544 2.271952 0.2121091 -0.8786896 2.419806 0.02924066 -0.9270842 2.292125 0.2877523 -0.9411229 2.421848
0.1333029 0.6156527 2.151447 0.115219 0.4303531 2.159858 0.006697149 0.2965558 2.068885 0.2755529 0.3810992 2.306835 -0.1048839 0.3062608 1.847548 0.4263316 0.3562411 2.410143 0.1004536 0.4338448 1.760028 0.4833008 0.4595272 2.239464 0.1387654 0.4737397 1.747983 0.4889336 0.5008031 2.180834 0.1358074 0.08859529 2.163033 0.1650036 0.02519424 2.137089 0.1020971 -0.05337847 2.091982 0.2462041 -0.04571757 2.169796 0.05606416 -0.5192215 2.189443 0.2255093 -0.5380273 2.34959 -0.002975213 -0.8665682 2.274311 0.2119762 -0.8787874 2.419275 0.02994536 -0.9285766 2.292446 0.2882812 -0.9403455 2.422757
0.1335661 0.61611 2.151574 0.1149724 0.4311605 2.159876 0.01217664 0.2902494 2.073624 0.2727972 0.3800185 2.305076 -0.09767701 0.3005556 1.8475 0.4191654 0.34919 2.408543 0.1039316 0.4236196 1.765919 0.4738409 0.4469303 2.233567 0.1541234 0.4572059 1.763045 0.4688788 0.4834295 2.1584 0.1377906 0.08534841 2.162977 0.1682474 0.02052569 2.136388 0.1062012 -0.05611529 2.08981 0.2478952 -0.04703337 2.170341 0.05607743 -0.5193054 2.189562 0.2254024 -0.5380513 2.349615 -0.002143202 -0.8651103 2.272516 0.212139 -0.8787882 2.419246 0.02897598 -0.9274833 2.292489 0.2884781 -0.9403194 2.422437
0.1333391 0.6226434 2.14957 0.1148598 0.4547284 2.15062 0.01511913 0.2830276 2.076139 0.2702024 0.384737 2.309213 -0.09052397 0.2938385 1.842364 0.4164281 0.3429324 2.407868 0.1155246 0.4039248 1.781604 0.4572383 0.4259204 2.220993 0.1767954 0.4337364 1.783004 0.4534326 0.4623923 2.135774 0.1382254 0.0853838 2.161934 0.1691377 0.01772377 2.136233 0.1067233 -0.05876909 2.089812 0.2488525 -0.04840222 2.171078 0.05612202 -0.5192586 2.189573 0.2254076 -0.5370853 2.34945 -0.00167474 -0.8640838 2.269455 0.212152 -0.8788038 2.419211 0.02799702 -0.9259599 2.292878 0.2885567 -0.9402778 2.421892
0.119981 0.6344349 2.151186 0.1128343 0.4642141 2.145646 0.01580383 0.271286 2.079997 0.2682662 0.383716 2.307162 -0.08224847 0.2861809 1.841733 0.4148679 0.3425149 2.405576 0.118832 0.3778656 1.797262 0.4474071 0.4018075 2.207598 0.174601 0.4049568 1.80156 0.4406717 0.4430431 2.120274 0.1327448 0.07827237 2.158034 0.1593614 0.001824716 2.132658 0.09499049 -0.07123749 2.092912 0.2385993 -0.06079227 2.16424 0.05647534 -0.518803 2.189828 0.2251788 -0.5366312 2.349436 -0.002057442 -0.8648859 2.270576 0.2126892 -0.879107 2.419646 0.0287168 -0.926702 2.292698 0.2894995 -0.9401203 2.420851
0.1129787 0.6428789 2.151095 0.1082844 0.4720311 2.142704 0.01656874 0.2612182 2.08324 0.3021351 0.3842129 2.348714 -0.0738339 0.2818498 1.840061 0.4714094 0.3161102 2.396091 0.1799931 0.3617521 1.825558 0.4216839 0.4026876 2.213343 0.2413689 0.3874883 1.830461 0.4303966 0.404601 2.129017 0.1310825 0.07823637 2.157292 0.1580168 0.001527039 2.133651 0.08681944 -0.0764177 2.099034 0.2390126 -0.06161425 2.164485 0.05667534 -0.5187432 2.189885 0.2259955 -0.5301111 2.348834 -0.002717608 -0.8661252 2.271738 0.2126425 -0.8790625 2.419449 0.02937131 -0.9275274 2.293133 0.2890409 -0.9405855 2.420897
0.1100228 0.6340085 2.152786 0.1053744 0.4641969 2.149657 0.0230627 0.2501349 2.086082 0.2989133 0.3755608 2.343721 -0.06903987 0.2754439 1.840541 0.4857194 0.3271034 2.355619 0.157272 0.3179587 1.830937 0.4159243 0.3726768 2.135812 0.2346044 0.3589344 1.853127 0.3939641 0.3764934 2.102252 0.1295048 0.0714891 2.159255 0.1570567 -0.003583821 2.135598 0.08664618 -0.08071761 2.099956 0.2393547 -0.0671137 2.165453 0.05800352 -0.5190351 2.191341 0.225734 -0.5341309 2.351062 -0.002903481 -0.8664757 2.271904 0.2113605 -0.8802126 2.419036 0.02952757 -0.9277619 2.293114 0.2881726 -0.940719 2.422069
0.1082553 0.6179904 2.157248 0.1040625 0.4491651 2.165419 0.02779713 0.2348102 2.097806 0.299594 0.3675358 2.342961 -0.06684664 0.2751208 1.839803 0.4793909 0.3243828 2.383949 0.192553 0.3269143 1.85555 0.3985488 0.362956 2.120087 0.2516215 0.3530593 1.872305 0.3716014 0.3758138 2.03656 0.1285614 0.06088857 2.163472 0.1565852 -0.01212031 2.13726 0.08526569 -0.09004312 2.101416 0.2414031 -0.07537046 2.163835 0.05674108 -0.5206553 2.19074 0.2256427 -0.5350152 2.351497 -0.002915758 -0.8666885 2.272093 0.2121527 -0.8798156 2.418943 0.02989078 -0.927855 2.29307 0.2884634 -0.9406284 2.421206
0.1072591 0.6179193 2.158208 0.103509 0.4462475 2.167685 0.02648634 0.2347651 2.094601 0.2915797 0.3634976 2.340591 -0.06305541 0.2739215 1.839488 0.4640797 0.3254989 2.40104 0.1962008 0.3244462 1.858557 0.3988104 0.3590657 2.131971 0.2623807 0.3471087 1.87876 0.3948402 0.3722312 2.087125 0.1275116 0.05640126 2.165737 0.1568603 -0.01629569 2.138771 0.08637415 -0.09315057 2.101858 0.2415076 -0.07836668 2.164977 0.05733458 -0.5215375 2.192598 0.2242609 -0.5407635 2.354558 -0.002935643 -0.8666592 2.272102 0.2132263 -0.8809239 2.419606 0.02992004 -0.927799 2.29308 0.2895753 -0.9413921 2.41912
0.1065629 0.617774 2.158805 0.1030261 0.4446403 2.170579 0.02529802 0.2458221 2.091568 0.2889891 0.3626033 2.34107 -0.04233553 0.2739823 1.835192 0.4567456 0.3277346 2.411578 0.2016228 0.3214318 1.863506 0.438866 0.3586473 2.184411 0.2643817 0.3429408 1.882789 0.4758214 0.4103684 2.164098 0.1256068 0.05463108 2.167167 0.1560881 -0.01765917 2.139296 0.08632618 -0.09330519 2.101869 0.2400971 -0.07962468 2.165331 0.05735048 -0.5219671 2.192738 0.2238969 -0.5426012 2.355369 -0.002954773 -0.866715 2.272016 0.2134307 -0.8813831 2.420155 0.03020143 -0.9277653 2.29278 0.2888545 -0.9412476 2.418228
0.1055808 0.6178417 2.159503 0.1026709 0.4452686 2.170786 0.02395277 0.2562459 2.086822 0.2864034 0.3643877 2.339753 -0.03556853 0.2773781 1.835173 0.4524206 0.3311179 2.413766 0.2032671 0.3214244 1.865183 0.4389092 0.3615279 2.183196 0.2666095 0.34273 1.887098 0.4758646 0.4132491 2.162883 0.1240422 0.05434702 2.167979 0.1555025 -0.01794336 2.139647 0.0862937 -0.0932725 2.101907 0.2385357 -0.07997735 2.166024 0.05711238 -0.5226005 2.192474 0.2236868 -0.5324725 2.352657 -0.002738463 -0.8668366 2.272264 0.2136429 -0.8821155 2.42103 0.03046112 -0.928109 2.29229 0.2876759 -0.9408671 2.417886
0.1026833 0.6276329 2.158582 0.1024054 0.4591752 2.161557 0.02443318 0.2798443 2.069537 0.2829574 0.3805904 2.325809 -0.02075576 0.2894258 1.828268 0.443925 0.3427708 2.406247 0.2136993 0.3327532 1.867148 0.4396228 0.3700266 2.179958 0.2731313 0.3497755 1.892277 0.4765782 0.4217478 2.159645 0.1229215 0.05638745 2.167487 0.1550954 -0.01725665 2.140025 0.08614473 -0.09105779 2.103424 0.2375356 -0.07886996 2.166653 0.05564191 -0.5224797 2.190707 0.2243814 -0.5287081 2.352199 -0.002756711 -0.8667161 2.271811 0.2137045 -0.8820714 2.421077 0.03051637 -0.9278218 2.292221 0.2878042 -0.9408411 2.418054
0.1005027 0.6246332 2.160611 0.1034294 0.453223 2.149183 0.0256456 0.272309 2.057827 0.283152 0.3734175 2.312608 -0.01569007 0.2975653 1.826237 0.4724407 0.3909159 2.337023 0.2178826 0.353587 1.86556 0.4285601 0.3925654 2.132019 0.2817141 0.3818902 1.893422 0.4655156 0.4442865 2.111705 0.1233625 0.05844717 2.165509 0.1547592 -0.01554881 2.139868 0.08623622 -0.08950902 2.103396 0.2367905 -0.07644373 2.167808 0.05662382 -0.5218499 2.191739 0.2248173 -0.5241615 2.351629 -0.00377955 -0.8683592 2.272493 0.2142645 -0.8827983 2.421913 0.0314036 -0.9285837 2.29231 0.286014 -0.9415852 2.417615
0.09880171 0.6195498 2.161983 0.1170685 0.4299119 2.147292 0.02493964 0.2643479 2.071342 0.3036267 0.379512 2.344606 -0.009998037 0.3080981 1.826105 0.4987708 0.3989765 2.333539 0.2182039 0.3761152 1.863073 0.4266925 0.4153166 2.137985 0.2908069 0.4116703 1.903276 0.4636478 0.4670376 2.117671 0.1280457 0.06891342 2.165607 0.1583644 0.004978151 2.144125 0.08649025 -0.07951951 2.104583 0.2436234 -0.06151527 2.176265 0.0562777 -0.5187545 2.191268 0.2245746 -0.5261315 2.352233 -0.003109195 -0.8681272 2.272864 0.2142777 -0.8827723 2.421865 0.02365282 -0.9335532 2.256716 0.2864342 -0.9418045 2.416923
0.08986047 0.6371894 2.162181 0.1030093 0.4655097 2.145695 0.03095327 0.2639274 2.07637 0.303675 0.3816212 2.344993 0.03259124 0.3384294 1.831209 0.4974573 0.4022669 2.345513 0.2312027 0.4147086 1.859047 0.4188103 0.4751873 2.16736 0.2918419 0.4488295 1.880341 0.4557657 0.5269083 2.147047 0.1273627 0.08271225 2.164222 0.1571394 0.0121193 2.144259 0.08862922 -0.06805979 2.099759 0.2415319 -0.05672426 2.181105 0.05614558 -0.5164149 2.190632 0.2244318 -0.5275688 2.352887 -0.001104626 -0.8646566 2.269835 0.2146128 -0.8831368 2.422081 0.02635339 -0.9296434 2.286577 0.2867563 -0.9419336 2.416518
0.08815473 0.6407014 2.162756 0.1020542 0.4679906 2.14737 0.03111579 0.2643663 2.076952 0.2705584 0.3910593 2.313522 0.03263722 0.3409386 1.830838 0.4575493 0.4029075 2.347272 0.2213604 0.4268168 1.849373 0.4377586 0.4895163 2.158513 0.2922748 0.4777426 1.872383 0.4341327 0.5296496 2.07152 0.1278807 0.08400561 2.163606 0.1566843 0.01268151 2.14439 0.09050565 -0.06540424 2.098961 0.2369562 -0.05473228 2.183286 0.05369347 -0.5090951 2.186478 0.2245016 -0.526323 2.352565 -0.001275867 -0.8648144 2.269784 0.2140149 -0.8823969 2.421528 0.02652843 -0.9289067 2.28919 0.2868463 -0.9418658 2.416617
0.08749038 0.6407753 2.163698 0.1019502 0.4633808 2.153182 0.03127579 0.2650249 2.077497 0.2711562 0.3830189 2.317308 0.03466246 0.347118 1.83092 0.4567532 0.4132109 2.348914 0.2234069 0.4541194 1.841668 0.4493358 0.5089341 2.163972 0.2961478 0.499842 1.869416 0.4524873 0.5675208 2.08327 0.1291279 0.08839384 2.164735 0.1576305 0.01945941 2.145981 0.09908821 -0.05704508 2.087996 0.2357956 -0.05184463 2.195183 0.05448896 -0.5081065 2.187353 0.2246862 -0.5258157 2.352565 -0.001462847 -0.8650395 2.270096 0.214032 -0.8823283 2.421467 0.0266614 -0.929034 2.289363 0.2828602 -0.9408402 2.418212
0.08681468 0.6392913 2.165976 0.1029087 0.4521059 2.162938 0.0323877 0.2667338 2.07912 0.2687362 0.3873761 2.31677 0.02986058 0.3476292 1.831183 0.4518768 0.4108553 2.358467 0.2189954 0.4653803 1.832927 0.4594404 0.5303502 2.184102 0.2811006 0.5155078 1.853457 0.4589086 0.5766594 2.099233 0.1311003 0.09190991 2.166975 0.160011 0.02622182 2.147619 0.1035174 -0.05152578 2.082695 0.2382052 -0.04838033 2.201617 0.05507638 -0.5065886 2.18729 0.2246319 -0.5264375 2.352856 -0.001920694 -0.8650502 2.270288 0.2137564 -0.8824988 2.421397 0.02681209 -0.929076 2.288524 0.2882704 -0.9423413 2.420242
0.08569847 0.639447 2.168075 0.1021122 0.4526836 2.166452 0.0336009 0.2675529 2.08034 0.264604 0.397005 2.3185 0.02882386 0.3500657 1.830089 0.4494196 0.4227328 2.354602 0.2136506 0.4748675 1.823941 0.4656045 0.5394477 2.183838 0.2722284 0.5222023 1.845787 0.4735863 0.5878648 2.132098 0.1332178 0.09573723 2.169595 0.1627286 0.03047748 2.149406 0.1079266 -0.04907779 2.080746 0.2411785 -0.04541718 2.206498 0.05463969 -0.5063566 2.186356 0.2239529 -0.528966 2.354388 -0.002072424 -0.8650788 2.270429 0.2136438 -0.8836375 2.422178 0.02659035 -0.9287328 2.290026 0.2882851 -0.9426835 2.420779
0.08516867 0.6397159 2.168598 0.1012568 0.4533348 2.167202 0.03703014 0.2694262 2.082889 0.3121486 0.4144507 2.363665 0.02835536 0.3519796 1.828685 0.5080859 0.425698 2.350488 0.2082573 0.4789257 1.813977 0.4727653 0.5482653 2.187493 0.2532914 0.5311168 1.821635 0.4821233 0.5942377 2.132467 0.1376032 0.1057433 2.17327 0.168589 0.04319826 2.153482 0.1106672 -0.04573839 2.081578 0.2543468 -0.03703499 2.213399 0.05392293 -0.5066597 2.185656 0.2236237 -0.5306551 2.354833 -0.0022405 -0.8651491 2.270469 0.2136505 -0.8854986 2.424447 0.02628836 -0.9285681 2.291001 0.2891698 -0.9431071 2.420866
0.08496021 0.6393614 2.17022 0.1024255 0.4524362 2.171676 0.03756929 0.2708526 2.083955 0.3146026 0.412574 2.366852 0.02725329 0.3526857 1.826971 0.5101823 0.4306059 2.351147 0.2064956 0.4790131 1.809892 0.4805223 0.5532532 2.186994 0.250068 0.5290756 1.816865 0.4887216 0.5940427 2.134106 0.1392185 0.1082823 2.175575 0.1699978 0.04608189 2.155089 0.1111327 -0.04394919 2.082823 0.2571609 -0.03560701 2.213965 0.05409443 -0.5066304 2.185713 0.2233373 -0.5327184 2.355208 -0.002867499 -0.8654658 2.270944 0.2137296 -0.8853533 2.424311 0.02649543 -0.9286137 2.291131 0.2891356 -0.9429135 2.420846
0.08445961 0.6391109 2.170403 0.1020771 0.4520628 2.171341 0.03735305 0.2710759 2.084309 0.3115 0.4105927 2.366984 0.02517026 0.3521216 1.824064 0.506366 0.4331826 2.355083 0.2056463 0.4749246 1.802958 0.4910435 0.5530616 2.186629 0.2529406 0.5211297 1.812 0.5031801 0.5891657 2.134637 0.1385795 0.1085081 2.175401 0.1693484 0.04638984 2.154873 0.1102039 -0.04344796 2.082635 0.256802 -0.03568839 2.213852 0.0541403 -0.5063279 2.18496 0.2234793 -0.5334392 2.355257 -0.003152048 -0.8659036 2.271523 0.212947 -0.8841528 2.421328 0.02665841 -0.9289365 2.291413 0.2858906 -0.9416307 2.419364
0.08436621 0.6389977 2.170316 0.1017329 0.4519471 2.170533 0.03704449 0.2712083 2.084335 0.3095127 0.4093633 2.367596 0.01950322 0.3474706 1.820029 0.5030667 0.4268295 2.37178 0.1853249 0.4517285 1.788939 0.4978039 0.5373901 2.195917 0.2509621 0.5043776 1.806129 0.516512 0.5725518 2.137409 0.1379732 0.1088066 2.175174 0.1687139 0.04666066 2.154745 0.1092449 -0.04306519 2.082597 0.2564139 -0.03579112 2.213905 0.05446976 -0.5065622 2.184924 0.2237003 -0.5340436 2.355222 -0.002069718 -0.8645108 2.269051 0.213442 -0.8842978 2.421836 0.02335917 -0.9272158 2.295105 0.2877854 -0.9424205 2.419904
0.08419445 0.6388462 2.170395 0.1014084 0.4517578 2.170312 0.03551817 0.2714463 2.084342 0.3076511 0.4080973 2.368734 -0.03535938 0.3221473 1.829507 0.499963 0.424393 2.38053 0.182993 0.4482355 1.787465 0.4994231 0.5294313 2.200964 0.251051 0.4964864 1.801491 0.519896 0.5626079 2.138765 0.1376948 0.1085721 2.17507 0.1684501 0.04626498 2.154671 0.1078633 -0.04348279 2.084294 0.2564876 -0.03570257 2.212712 0.05490775 -0.5066668 2.184733 0.2241621 -0.5337803 2.354988 -0.00205501 -0.8645116 2.269072 0.2132923 -0.8842688 2.421477 0.02490683 -0.9264726 2.295363 0.2882889 -0.9422574 2.420088
0.08420889 0.6383686 2.17079 0.1015353 0.4510067 2.170552 0.03409645 0.2718901 2.0844 0.3054459 0.405455 2.370365 0.004239575 0.3454937 1.813208 0.488887 0.4191059 2.413908 0.1808084 0.4472105 1.783718 0.498661 0.5112901 2.227161 0.2504373 0.4946218 1.795983 0.5198876 0.5585743 2.136763 0.1376799 0.1083698 2.175088 0.1685522 0.04610091 2.154734 0.1079651 -0.0436335 2.085627 0.2568985 -0.03531031 2.211839 0.0552056 -0.5066497 2.184433 0.2243651 -0.533742 2.354403 -0.002144522 -0.864504 2.26924 0.2137154 -0.8839495 2.421803 0.02587265 -0.9262297 2.294976 0.2884955 -0.9421945 2.419864
0.08256923 0.644218 2.172321 0.09475194 0.4714471 2.170368 0.03276851 0.2730445 2.084101 0.293873 0.4254752 2.371956 0.008029727 0.3535605 1.810542 0.4774485 0.4074068 2.414124 0.1882302 0.461373 1.775368 0.499462 0.5089675 2.233856 0.2360473 0.4963747 1.780391 0.5210798 0.5592099 2.139724 0.138608 0.1164891 2.176229 0.1702944 0.05244392 2.156259 0.1123923 -0.03992875 2.085289 0.2584022 -0.03123422 2.215363 0.05530486 -0.5068995 2.184075 0.224531 -0.5334123 2.353822 -0.002091285 -0.8647681 2.269449 0.2139016 -0.8837013 2.422265 0.02699502 -0.9262888 2.294479 0.2842944 -0.9400361 2.419365
0.08173387 0.6431586 2.172165 0.09419166 0.4567459 2.167771 0.03231488 0.2749873 2.083869 0.2922139 0.4093183 2.369717 0.01174992 0.3677096 1.809226 0.4752212 0.4196687 2.414948 0.1845819 0.4921465 1.758544 0.5084695 0.5254725 2.232904 0.2209775 0.5180385 1.761174 0.5281675 0.5778401 2.150064 0.1398111 0.1092199 2.175307 0.1720855 0.04557073 2.155691 0.1162421 -0.0425768 2.088341 0.25827 -0.03549928 2.21219 0.05526035 -0.508422 2.184103 0.2249806 -0.533097 2.353625 -0.002456341 -0.8654511 2.269942 0.2139811 -0.8834186 2.422481 0.02796093 -0.9263594 2.294888 0.2847528 -0.9401745 2.419484
0.08186703 0.642748 2.171994 0.1042022 0.4407741 2.169036 0.03080084 0.2790307 2.082724 0.2971431 0.4038852 2.371912 0.009858431 0.377776 1.810443 0.4817255 0.436732 2.405282 0.1734519 0.508707 1.748954 0.5198097 0.5555236 2.239943 0.2072638 0.544939 1.744883 0.5358788 0.602137 2.16819 0.1405296 0.1102296 2.175082 0.1728229 0.04866839 2.155176 0.1166244 -0.03967492 2.087126 0.2590142 -0.03405862 2.211801 0.05644035 -0.5109549 2.186305 0.2254206 -0.5275773 2.352074 -0.002579838 -0.8655416 2.269998 0.2139765 -0.8834144 2.422498 0.02799493 -0.9264156 2.294834 0.2853795 -0.9404356 2.418492
0.07210491 0.643927 2.167665 0.09848157 0.4394827 2.166562 0.01420794 0.289218 2.076041 0.2984977 0.4023239 2.372043 0.003424692 0.3885111 1.803327 0.4781133 0.4532551 2.407834 0.1546801 0.5255643 1.737536 0.5332416 0.5875005 2.24006 0.1978303 0.5757821 1.730291 0.5526583 0.6386635 2.176106 0.1387739 0.1127458 2.173665 0.1701813 0.05309541 2.153477 0.1130695 -0.03517449 2.08657 0.2590629 -0.0314457 2.209377 0.05597425 -0.5114514 2.186291 0.2247569 -0.5316573 2.354502 -0.002561692 -0.8655326 2.270017 0.2140003 -0.8831987 2.42251 0.02812097 -0.9267335 2.293898 0.284171 -0.9400216 2.419614
0.06870344 0.6462504 2.166913 0.09594254 0.440505 2.166078 0.02569865 0.2865964 2.080201 0.2834255 0.3928306 2.346786 -0.00213469 0.3889083 1.81007 0.452029 0.4500937 2.40424 0.1227603 0.5366767 1.721028 0.5353575 0.5895154 2.280048 0.1775444 0.5954016 1.714421 0.5636646 0.6513299 2.209315 0.1383941 0.104769 2.171434 0.1703651 0.04127206 2.150472 0.1135471 -0.03659151 2.087117 0.2571782 -0.03582738 2.203667 0.05501286 -0.5130057 2.186362 0.2239324 -0.5335975 2.355778 -0.002655037 -0.8655031 2.26997 0.2138219 -0.8829952 2.422663 0.0280669 -0.9267719 2.293625 0.2836865 -0.940522 2.417046
0.1019521 0.618853 2.169609 0.09662808 0.4489224 2.165821 0.03697622 0.2942632 2.082892 0.2832727 0.3927175 2.345953 -0.01194968 0.391434 1.81398 0.4511981 0.4543534 2.401641 0.0999704 0.5345497 1.711266 0.5401061 0.5959426 2.28477 0.1505412 0.6094576 1.697122 0.5686714 0.6575582 2.226461 0.1379591 0.1062782 2.17053 0.170152 0.0426844 2.14998 0.1148756 -0.03191969 2.08528 0.2548448 -0.03468261 2.203378 0.05524192 -0.5129111 2.187051 0.2231926 -0.5348545 2.357027 -0.002722477 -0.8655071 2.270039 0.2133171 -0.8825456 2.4224 0.02800919 -0.9268358 2.293525 0.2831407 -0.9405448 2.416662
0.1020891 0.6237541 2.16828 0.09895541 0.4538633 2.164942 0.04304093 0.2978995 2.082943 0.2758231 0.398743 2.342754 -0.02101699 0.3905213 1.815779 0.4457245 0.4535891 2.399194 0.06701019 0.5332028 1.699657 0.5466223 0.6007832 2.303229 0.1221903 0.6025061 1.68221 0.5816105 0.662379 2.253095 0.1376476 0.1063582 2.169747 0.1701088 0.04239852 2.149586 0.1153494 -0.03129254 2.08531 0.2512903 -0.03406978 2.201405 0.05433098 -0.5130412 2.186867 0.2229287 -0.5360999 2.35763 -0.002785333 -0.8652792 2.270046 0.2128521 -0.8827034 2.422151 0.02091864 -0.9337857 2.268549 0.287688 -0.9415636 2.419502
0.1031926 0.6284822 2.166137 0.1023439 0.4586474 2.163188 0.04854637 0.3014759 2.081788 0.3041419 0.4001533 2.374721 -0.02866174 0.3880513 1.816236 0.4769992 0.4682662 2.413176 0.05800734 0.5283207 1.695735 0.5702835 0.6194656 2.315516 0.1004946 0.5927901 1.670518 0.5933533 0.6648761 2.270646 0.1376799 0.1106308 2.169594 0.169881 0.04664182 2.150418 0.1158712 -0.02934772 2.085772 0.2496319 -0.03219327 2.203321 0.05452876 -0.5125247 2.18757 0.222785 -0.5361152 2.357759 -0.001878207 -0.8626622 2.266773 0.2127441 -0.8823943 2.42211 0.05640344 -0.9045795 2.220701 0.286652 -0.9417189 2.418161
0.1082332 0.6110914 2.169696 0.1186323 0.4427747 2.171951 0.0694535 0.2815103 2.092635 0.3042865 0.3999273 2.375426 -0.02660871 0.3732614 1.835996 0.4771828 0.4653508 2.416506 0.0503182 0.5193341 1.689851 0.5745102 0.6142753 2.319368 0.09395795 0.5821342 1.660653 0.5978853 0.6510943 2.283024 0.1384665 0.110093 2.170579 0.1700738 0.04659055 2.151178 0.1164506 -0.03031608 2.085526 0.2475764 -0.03347893 2.206701 0.05402087 -0.5125757 2.187419 0.2225862 -0.5365655 2.358053 -0.002751326 -0.863691 2.268365 0.2114465 -0.8820413 2.421674 0.02009739 -0.9298679 2.287227 0.2874952 -0.9423915 2.420373
0.109672 0.6130657 2.168314 0.1173401 0.4445777 2.170471 0.0675622 0.2840254 2.090661 0.3041282 0.394608 2.378096 -0.03229094 0.3696137 1.833264 0.4763481 0.4559775 2.424528 0.04706848 0.5031945 1.679061 0.5786965 0.6004873 2.325661 0.09097993 0.5557745 1.649111 0.6105392 0.6434109 2.284664 0.1383312 0.1083865 2.169703 0.1697355 0.04438812 2.150427 0.115143 -0.03205417 2.086071 0.2473319 -0.03391356 2.204481 0.05435976 -0.5125573 2.187843 0.2226056 -0.5376704 2.358747 -0.00279664 -0.8637265 2.268404 0.2123679 -0.882311 2.421693 0.02106078 -0.9295728 2.287174 0.2876328 -0.9426075 2.420266
0.1123524 0.6106595 2.168113 0.1157648 0.4421316 2.170672 -0.004980913 0.3481855 2.068565 0.3026925 0.3796645 2.384263 -0.05464064 0.3754318 1.795204 0.4734146 0.4395475 2.435332 0.05518297 0.4795858 1.656329 0.5810026 0.5744331 2.327638 0.08884063 0.5170462 1.643372 0.6107653 0.6079803 2.286362 0.137688 0.1096552 2.170252 0.1665209 0.04794445 2.149483 0.1038592 -0.02844456 2.089754 0.2471243 -0.02908316 2.196307 0.05499998 -0.5127555 2.188953 0.2226077 -0.5377596 2.358723 -0.00279982 -0.8637154 2.268414 0.2125985 -0.8821694 2.421915 0.02254378 -0.9287013 2.288206 0.285327 -0.9413818 2.420923
0.1120722 0.6057562 2.166899 0.1116933 0.4371166 2.169146 -0.005033582 0.3479799 2.068682 0.3024134 0.3799668 2.384804 -0.09529092 0.3400085 1.817945 0.4743426 0.4328639 2.438261 0.02854886 0.4448986 1.676194 0.58446 0.5612718 2.324638 0.07895425 0.4930245 1.642172 0.6141268 0.591092 2.284608 0.1366235 0.109263 2.170621 0.1654612 0.04807249 2.150129 0.1031144 -0.02939788 2.09212 0.2465496 -0.02982843 2.196234 0.05505339 -0.5129784 2.189065 0.2228692 -0.5390081 2.358973 -0.003371165 -0.8642513 2.269409 0.2128022 -0.8825267 2.422209 0.02444201 -0.9279398 2.290082 0.2867148 -0.9414915 2.41899
0.1699578 0.59041 2.156983 0.1095076 0.4358826 2.168983 -0.005816281 0.3477417 2.068592 0.3015124 0.3810158 2.385947 -0.09451409 0.3404657 1.817703 0.474005 0.4293938 2.441044 0.02416263 0.4392256 1.67564 0.5836768 0.5538381 2.322081 0.0729932 0.4861704 1.640908 0.6175911 0.5814852 2.279013 0.1350307 0.1100851 2.171073 0.1637066 0.04968151 2.150913 0.1024057 -0.02954532 2.093129 0.2459643 -0.02951198 2.196232 0.0550588 -0.5129343 2.188885 0.2229449 -0.5387794 2.358715 -0.003129078 -0.8637112 2.268744 0.2130833 -0.8823417 2.422048 0.02635357 -0.9293078 2.259525 0.2869042 -0.9412282 2.419214
0.1697286 0.5904079 2.156733 0.1094726 0.4358937 2.169 -0.006568854 0.3479418 2.06835 0.302069 0.3830729 2.387311 -0.09471477 0.3416862 1.817411 0.4751986 0.429389 2.442254 0.01951273 0.4396894 1.673749 0.5832587 0.553327 2.32106 0.06398477 0.4861114 1.637071 0.6169481 0.5791397 2.277345 0.1347989 0.1150038 2.170727 0.1635511 0.05724645 2.150414 0.1015998 -0.02752017 2.091589 0.248491 -0.02508578 2.196473 0.0549329 -0.5131231 2.18817 0.2233415 -0.5390664 2.358209 -0.003187198 -0.8638787 2.268764 0.2133221 -0.8823472 2.42219 0.03045215 -0.9269349 2.280988 0.2908575 -0.9423444 2.4188
0.1685997 0.5974365 2.154098 0.1061832 0.4449445 2.169705 -0.007193335 0.3484131 2.067972 0.2999231 0.3872628 2.384226 -0.09671368 0.3469767 1.817612 0.4710644 0.4292441 2.445507 0.007322721 0.4507564 1.670727 0.5716904 0.5583304 2.323167 0.05008445 0.4997203 1.632636 0.6139178 0.5814461 2.277406 0.1338679 0.1154215 2.170559 0.1626958 0.05706683 2.150155 0.0999022 -0.02729308 2.093642 0.2463224 -0.02314852 2.191909 0.0558399 -0.5132321 2.188422 0.2236116 -0.5392106 2.357855 -0.003387716 -0.8653201 2.270166 0.2148208 -0.8821124 2.422019 0.03161984 -0.9263448 2.287704 0.2901862 -0.9420575 2.417153
0.1715394 0.6298161 2.143182 0.09286693 0.4854366 2.159825 -0.01854627 0.3763663 2.05678 0.2867773 0.424098 2.368062 -0.1009343 0.3586174 1.817093 0.4561068 0.4328939 2.441651 -0.01335319 0.4733507 1.665809 0.5653884 0.5658665 2.333194 0.02530434 0.5249715 1.63074 0.6059384 0.6084337 2.279046 0.1250817 0.1290866 2.168623 0.1555047 0.06507132 2.149081 0.09364781 -0.02083183 2.094486 0.2390679 -0.01403886 2.191116 0.05558908 -0.5135961 2.187739 0.2239221 -0.5389519 2.357669 -0.003651379 -0.8664008 2.271033 0.2146942 -0.8819094 2.422235 0.03084096 -0.927312 2.289933 0.2902581 -0.9418065 2.419163
0.1688154 0.6326364 2.144167 0.09304219 0.4864568 2.160135 -0.01433801 0.3565834 2.05536 0.2869232 0.4252065 2.368271 -0.106543 0.3766496 1.811889 0.4552277 0.4466478 2.441677 -0.03837465 0.5006292 1.661214 0.5606024 0.5880932 2.34138 -0.004539113 0.5546438 1.624908 0.6000301 0.635419 2.283821 0.1239043 0.1296115 2.168218 0.1538237 0.0650344 2.148602 0.08888651 -0.02110323 2.098178 0.2363195 -0.009496097 2.185909 0.05596037 -0.5142428 2.18791 0.2239702 -0.5390425 2.357551 -0.00369433 -0.866579 2.271078 0.2148001 -0.881741 2.422103 0.03091329 -0.9268417 2.291761 0.2900897 -0.9419049 2.419011
0.1581335 0.5929366 2.155759 0.1191616 0.4338816 2.174313 0.005460738 0.3067289 2.067302 0.3042117 0.3988121 2.381877 -0.1102956 0.3852733 1.814874 0.4615892 0.4737925 2.446867 -0.06213447 0.5212623 1.655458 0.566162 0.6199581 2.353695 -0.04331529 0.5780683 1.622018 0.6001276 0.6705763 2.31619 0.1240268 0.122894 2.169232 0.152452 0.0610965 2.148878 0.08240792 -0.02803921 2.096346 0.2364457 -0.01344579 2.186753 0.05623087 -0.5147287 2.18822 0.2240098 -0.5391765 2.357611 -0.001886984 -0.8655076 2.268512 0.2152446 -0.8818699 2.423269 0.02969583 -0.9262392 2.292413 0.2883583 -0.9407705 2.419788
0.1344074 0.6032889 2.152599 0.1192301 0.4342381 2.174171 0.006381854 0.3097116 2.067452 0.3027195 0.3962837 2.375814 -0.1161402 0.392091 1.820003 0.4500973 0.4847351 2.445335 -0.09040975 0.5386187 1.649929 0.5696855 0.6422429 2.385963 -0.07883344 0.5985376 1.611354 0.6093285 0.6921355 2.349053 0.1257247 0.1185334 2.169075 0.1531523 0.05722972 2.148315 0.08382913 -0.03012798 2.094672 0.2363485 -0.01900441 2.187189 0.05624693 -0.5148363 2.188305 0.2240161 -0.5393081 2.357781 -0.00197153 -0.8656262 2.268869 0.2148398 -0.8815619 2.42333 0.02966475 -0.9264942 2.292348 0.2888119 -0.9409129 2.42116
0.1357491 0.6057337 2.151663 0.1196666 0.4347157 2.174154 0.008226302 0.3132493 2.067562 0.3022267 0.3983908 2.372961 -0.1231645 0.3960677 1.825426 0.444946 0.4887277 2.447648 -0.1114999 0.5464532 1.646957 0.5702348 0.6454363 2.401852 -0.1012205 0.6020913 1.611395 0.6137962 0.7022437 2.375147 0.1331687 0.1103601 2.172038 0.1608147 0.04809894 2.151494 0.09940184 -0.03755586 2.100586 0.2402576 -0.02695136 2.189284 0.05562 -0.5151682 2.187701 0.2240053 -0.5393124 2.357793 -0.001918425 -0.8658427 2.269454 0.215202 -0.8815807 2.424047 0.02992378 -0.9268591 2.292259 0.2833975 -0.9389735 2.422194
0.136913 0.6071814 2.150403 0.1201692 0.4353313 2.173847 0.0099774 0.315494 2.067656 0.3026403 0.4000522 2.371408 -0.1300085 0.3976775 1.830739 0.4418688 0.4899925 2.451205 -0.1410667 0.5512256 1.641218 0.5687853 0.6397384 2.450189 -0.1434458 0.6062764 1.603568 0.619805 0.7046261 2.413598 0.1352811 0.108201 2.172746 0.1628529 0.04575769 2.152292 0.1021365 -0.03861164 2.100661 0.2421053 -0.03260303 2.191714 0.05525778 -0.5152643 2.187432 0.2239901 -0.539207 2.357858 -0.001896188 -0.8656738 2.269523 0.2153108 -0.8818874 2.424361 0.02967175 -0.9268332 2.292326 0.2823221 -0.9403062 2.41868
0.1371804 0.6085571 2.149628 0.1206513 0.4359367 2.172946 0.01114482 0.3166942 2.067607 0.303449 0.4036235 2.371091 -0.1384981 0.3957253 1.836189 0.4420719 0.4883998 2.455828 -0.1709931 0.5376966 1.641421 0.5800701 0.6396394 2.463659 -0.1719783 0.5783513 1.60999 0.6275606 0.6911275 2.462629 0.136054 0.1068263 2.173049 0.1639587 0.04432414 2.152279 0.1034388 -0.03948687 2.100716 0.2428371 -0.03415698 2.19173 0.05491599 -0.5154834 2.187253 0.2239457 -0.5392504 2.357893 -0.00209535 -0.8657274 2.269591 0.2149131 -0.8824545 2.424404 0.02971138 -0.9267987 2.292297 0.2811616 -0.9412418 2.416653
0.1381842 0.6090772 2.148127 0.1212286 0.4363502 2.172253 0.01167573 0.3174394 2.067569 0.303143 0.4035023 2.369261 -0.1500116 0.3876302 1.842157 0.4434151 0.4854121 2.464161 -0.2023714 0.4970442 1.652121 0.5822791 0.6212941 2.481458 -0.2032846 0.5508805 1.602335 0.6332965 0.6778759 2.472767 0.1369021 0.1059448 2.173531 0.1650253 0.0434348 2.152561 0.1055272 -0.04065943 2.100655 0.2433605 -0.03503737 2.192462 0.0546252 -0.5158141 2.187142 0.2239856 -0.5391939 2.357894 -0.002056774 -0.865755 2.269613 0.2149136 -0.8824429 2.424421 0.02971113 -0.9268399 2.292337 0.2832201 -0.9412191 2.415767
0.1443749 0.6087799 2.144292 0.1226421 0.436251 2.1712 0.01159377 0.3179104 2.067441 0.3024046 0.3998824 2.365662 -0.1665025 0.3695647 1.85053 0.4443469 0.4751354 2.475894 -0.2154204 0.4719449 1.658141 0.5891256 0.6007495 2.506686 -0.2230226 0.513221 1.602227 0.6540544 0.6427047 2.508421 0.1382609 0.1043983 2.173542 0.1663267 0.04187929 2.152403 0.1068752 -0.04181112 2.100594 0.2440211 -0.03620009 2.192377 0.05423967 -0.5164807 2.186789 0.2239911 -0.5391878 2.357898 -0.002195938 -0.8659091 2.269666 0.2148512 -0.8824779 2.424349 0.02989431 -0.9268395 2.292352 0.2838046 -0.9410127 2.415074
0.1493486 0.6093642 2.142335 0.1245267 0.4359249 2.17101 0.01129371 0.3183826 2.06744 0.300712 0.3965555 2.362421 -0.1751967 0.3563958 1.855404 0.4458557 0.4611424 2.489182 -0.2288577 0.4403183 1.665629 0.5943406 0.5820683 2.520749 -0.2371056 0.4792836 1.604199 0.6619645 0.6283879 2.515656 0.139145 0.1036663 2.172826 0.1672127 0.0412828 2.151151 0.1067675 -0.04211348 2.097833 0.2455307 -0.03675582 2.191282 0.05440102 -0.5165349 2.187016 0.2240369 -0.5393924 2.357976 -0.002137989 -0.8660296 2.269793 0.2148563 -0.882456 2.424229 0.0299008 -0.9266703 2.293312 0.2859389 -0.9413211 2.416394
0.1528313 0.6098408 2.141576 0.1254307 0.4354957 2.170006 0.01147974 0.3181444 2.067724 0.2983845 0.3933592 2.358833 -0.1843651 0.3387443 1.862691 0.452099 0.4610291 2.496001 -0.2365262 0.4158261 1.674383 0.6096299 0.5677693 2.532449 -0.2457492 0.458774 1.598861 0.6699563 0.5962776 2.531143 0.1411498 0.1014468 2.171482 0.1695968 0.03905486 2.149314 0.1082365 -0.04328127 2.09589 0.2484541 -0.03809363 2.189957 0.05713719 -0.5187883 2.190537 0.2241237 -0.539521 2.357961 -0.002416734 -0.8664575 2.270067 0.2148921 -0.8824869 2.424366 0.02996705 -0.9270076 2.293345 0.2864959 -0.9413965 2.416682
0.1530592 0.6100738 2.141308 0.1259709 0.4353676 2.169813 0.01128793 0.3177052 2.068099 0.2967422 0.3893355 2.355524 -0.1958449 0.3115751 1.887133 0.4287622 0.4165688 2.494154 -0.2408967 0.4065188 1.674268 0.5992342 0.5520834 2.52959 -0.2514766 0.4419471 1.601852 0.6756418 0.5906587 2.529146 0.1422354 0.09607823 2.171751 0.1708543 0.03205878 2.149299 0.1096037 -0.04804888 2.097068 0.2486879 -0.04363867 2.188961 0.0562943 -0.5197091 2.189665 0.2241508 -0.539511 2.357988 -0.002546591 -0.8664671 2.269991 0.2148167 -0.8823761 2.424504 0.02977037 -0.9270988 2.293149 0.2847395 -0.9406013 2.417387
0.1552172 0.6101568 2.140626 0.1264437 0.4350877 2.169628 0.01058117 0.3172425 2.068801 0.2957757 0.3876512 2.353826 -0.1938288 0.3148981 1.874174 0.4278551 0.4153557 2.492064 -0.241576 0.4041232 1.673739 0.6020329 0.5506266 2.528604 -0.2494239 0.4382451 1.604166 0.6740402 0.5886801 2.527955 0.1434829 0.09467915 2.171268 0.1724107 0.03085821 2.148276 0.1100962 -0.04892922 2.096344 0.2525454 -0.04440162 2.187063 0.05676381 -0.5202364 2.189778 0.2245518 -0.5407765 2.358181 -0.002883853 -0.8668853 2.270177 0.2148804 -0.8820212 2.4242 0.03003691 -0.927251 2.293178 0.2864953 -0.940725 2.417547
0.155885 0.610028 2.140236 0.1266151 0.4349092 2.169467 0.01003462 0.3171554 2.069437 0.2951092 0.3875322 2.353152 -0.1955298 0.3130132 1.874449 0.4274469 0.4145473 2.490119 -0.2410099 0.4041657 1.673873 0.597797 0.5469918 2.52155 -0.2426983 0.4427036 1.602735 0.6688385 0.5970442 2.500083 0.143963 0.09422551 2.171237 0.1731985 0.03059839 2.147866 0.1104686 -0.04914704 2.096008 0.2542399 -0.04429693 2.186471 0.05684692 -0.5202272 2.189395 0.2249021 -0.5408343 2.357935 -0.002885995 -0.8668931 2.270188 0.2143765 -0.8818747 2.423795 0.03000412 -0.9272646 2.293217 0.2894832 -0.9410938 2.42329
0.1564586 0.6100835 2.140334 0.1266992 0.4349122 2.169507 0.009033951 0.317293 2.070042 0.2950414 0.3869952 2.353774 -0.1919936 0.3159549 1.869635 0.4328299 0.4224502 2.485538 -0.2289294 0.4153225 1.671078 0.6027048 0.5634196 2.494342 -0.2211081 0.4624444 1.606171 0.6656074 0.6147367 2.478177 0.1441706 0.09415238 2.171431 0.1737237 0.03069816 2.147696 0.1106902 -0.04913805 2.095739 0.2555741 -0.04420993 2.186277 0.05683875 -0.5205143 2.189134 0.2248591 -0.5414413 2.357593 -0.002926985 -0.8669711 2.27009 0.2141677 -0.8821378 2.423692 0.02987893 -0.9274344 2.292999 0.2921914 -0.9415907 2.423559
0.1515733 0.610414 2.141799 0.1266644 0.4348761 2.169526 0.008230054 0.3168904 2.070634 0.2949836 0.3869065 2.355549 -0.1902824 0.3187594 1.867373 0.4389051 0.4294777 2.480207 -0.1941402 0.4495112 1.665609 0.5833563 0.5684271 2.462092 -0.1856928 0.4964636 1.612379 0.640686 0.6318699 2.433098 0.1442323 0.09463174 2.171593 0.1742316 0.03178776 2.147544 0.1109858 -0.04878844 2.095263 0.2566041 -0.04296851 2.186432 0.05675779 -0.5211786 2.188751 0.2275161 -0.5312868 2.353192 -0.002742212 -0.8671786 2.270224 0.2139201 -0.8813713 2.423573 0.02999645 -0.9276915 2.293097 0.291841 -0.9409588 2.423636
0.1478823 0.6107377 2.142601 0.126426 0.4348856 2.169484 0.007615503 0.3166669 2.071077 0.2962883 0.3877534 2.360253 -0.189078 0.3222216 1.865874 0.4467953 0.4448363 2.467983 -0.1612855 0.4879052 1.651567 0.5802206 0.5904295 2.422924 -0.1484732 0.5257517 1.621055 0.6251339 0.6544633 2.389223 0.144256 0.09571203 2.171727 0.1747822 0.03362861 2.147559 0.1114401 -0.04798894 2.09462 0.2576262 -0.04190564 2.187066 0.05741043 -0.521416 2.189119 0.2277316 -0.5322715 2.353263 -0.00273863 -0.8671876 2.270502 0.2139644 -0.8814286 2.423518 0.0302143 -0.9286906 2.290207 0.2918703 -0.9410346 2.423843
0.1443847 0.6111174 2.144771 0.1261962 0.4348098 2.1694 0.003759235 0.3150303 2.071642 0.2974561 0.3876036 2.36255 -0.1918998 0.3198747 1.865289 0.4429221 0.4457928 2.457668 -0.1317402 0.4994846 1.665117 0.5658726 0.5930743 2.401095 -0.1093588 0.547605 1.63703 0.6018175 0.6488287 2.366893 0.1442995 0.09574118 2.17195 0.1749363 0.03377334 2.14741 0.1113579 -0.04801959 2.094625 0.2593113 -0.04158289 2.185986 0.05770129 -0.5215876 2.189232 0.227826 -0.5323855 2.353202 -0.002710941 -0.8672013 2.270598 0.2135121 -0.8805966 2.423457 0.03022662 -0.928725 2.290264 0.2909232 -0.9408249 2.42499
0.1430909 0.6103918 2.14534 0.1256026 0.4345828 2.169569 -0.0003494313 0.3118061 2.072257 0.2976236 0.3877209 2.363468 -0.1846297 0.3232027 1.861857 0.4475901 0.4509137 2.447847 -0.0978271 0.502641 1.686729 0.5545816 0.6019741 2.36811 -0.06606172 0.5644679 1.655723 0.5808091 0.658579 2.316291 0.1422182 0.09688149 2.172189 0.1722498 0.0353928 2.147125 0.1045394 -0.04729384 2.093959 0.2583533 -0.04073998 2.185663 0.05905175 -0.5217803 2.190703 0.2285108 -0.5276933 2.351572 -0.002677182 -0.8671876 2.270532 0.2136717 -0.8807536 2.423328 0.03023932 -0.9285344 2.290777 0.2907436 -0.9414271 2.42429
