-0.3703454 0.7320479 2.375731 -0.3640963 0.5448099 2.434278 -0.5501377 0.445767 2.422301 -0.1882249 0.4650171 2.442899 -0.8142301 0.443726 2.367064 0.06402848 0.4723888 2.359285 -1.003905 0.5634357 2.186055 0.2689756 0.5728555 2.202766 -1.067987 0.6028494 2.135102 0.357645 0.6343948 2.15992 -0.348639 0.2004791 2.44739 -0.344069 0.1331548 2.425278 -0.4205947 0.04617978 2.413265 -0.2594686 0.05649655 2.428447 -0.455834 -0.4560269 2.539326 -0.2395005 -0.4279458 2.560735 -0.5070657 -0.8492 2.639456 -0.1951045 -0.8558079 2.623625 -0.5649671 -0.9272695 2.628109 -0.1916775 -0.9061564 2.538475
-0.3722623 0.7244415 2.377794 -0.3640261 0.5441032 2.434887 -0.550245 0.4451106 2.423451 -0.188657 0.4645957 2.443943 -0.8141547 0.4434798 2.367182 0.0640204 0.4722492 2.359279 -1.004113 0.5623419 2.18589 0.2691617 0.5732052 2.20237 -1.06793 0.6017961 2.135209 0.3574534 0.6342099 2.158964 -0.3488552 0.2001265 2.447877 -0.3443576 0.1328481 2.425891 -0.4207582 0.04600548 2.413742 -0.2601287 0.05614619 2.429284 -0.455444 -0.4556588 2.539996 -0.239746 -0.4280009 2.560845 -0.5070077 -0.8490244 2.639616 -0.1948917 -0.8566197 2.62394 -0.5661278 -0.9268253 2.62893 -0.1914903 -0.9069678 2.538789
-0.3728788 0.7251402 2.378088 -0.3640262 0.5438815 2.435374 -0.5503449 0.4447175 2.423967 -0.1890693 0.4645233 2.444702 -0.8144383 0.443496 2.367033 0.06392597 0.4722333 2.359338 -1.004286 0.562287 2.185565 0.2689555 0.5758587 2.199545 -1.067456 0.6009383 2.135002 0.3558059 0.6350805 2.157838 -0.3490376 0.2000032 2.448236 -0.3445654 0.1327444 2.42634 -0.4209191 0.04593663 2.413971 -0.2604933 0.05611153 2.430007 -0.4553305 -0.4554043 2.540428 -0.2409173 -0.4284407 2.561231 -0.5068715 -0.8486324 2.63964 -0.1947389 -0.8564718 2.623845 -0.5670921 -0.9273264 2.629779 -0.1912771 -0.9068195 2.538696
-0.3726079 0.7235398 2.378697 -0.3639615 0.5436428 2.435977 -0.550474 0.4443547 2.42493 -0.1891032 0.4644381 2.445985 -0.8144786 0.4434956 2.367077 0.0639217 0.4722904 2.359319 -1.004103 0.5620295 2.185175 0.2674451 0.5877348 2.192132 -1.065784 0.5995452 2.135129 0.3526014 0.6380789 2.156665 -0.3490382 0.1999266 2.448823 -0.3445579 0.1326971 2.427041 -0.4209288 0.04585414 2.414339 -0.2604763 0.05605784 2.431149 -0.4551823 -0.4550637 2.541242 -0.2406311 -0.4276937 2.561758 -0.5065915 -0.8469524 2.639593 -0.1949112 -0.8564233 2.623718 -0.5666159 -0.9267145 2.629439 -0.1598359 -0.9325466 2.609697
-0.3726891 0.7234718 2.378923 -0.3640062 0.54348 2.436175 -0.550553 0.4440107 2.42567 -0.189451 0.4644192 2.447232 -0.8144597 0.4435039 2.367007 0.06374142 0.4726019 2.359295 -1.004053 0.5619797 2.185028 0.2665509 0.5899726 2.192622 -1.065758 0.5998476 2.13477 0.3504995 0.6408922 2.154792 -0.3492223 0.1997781 2.449374 -0.3447461 0.1325136 2.427877 -0.4211799 0.04569103 2.415242 -0.2606757 0.05591556 2.432217 -0.454241 -0.4539981 2.542389 -0.2405462 -0.426856 2.561763 -0.5062698 -0.8466311 2.639967 -0.1951921 -0.8569513 2.624358 -0.5661774 -0.9259003 2.628833 -0.1915162 -0.9073248 2.539234
-0.3727866 0.7242609 2.379959 -0.3651093 0.5434521 2.436933 -0.5506032 0.4438869 2.426297 -0.1896584 0.4648069 2.448556 -0.814459 0.443494 2.367006 0.06379332 0.4731956 2.358973 -1.003458 0.5618429 2.18427 0.2652927 0.5915566 2.191335 -1.065623 0.6004395 2.133706 0.3474246 0.6449278 2.152818 -0.3496287 0.1997205 2.449992 -0.3450092 0.1324535 2.428632 -0.4213919 0.04565599 2.415928 -0.2607458 0.0558895 2.433044 -0.4534916 -0.4540152 2.54359 -0.241475 -0.4269758 2.562515 -0.5060908 -0.8464224 2.639963 -0.1959531 -0.8547299 2.623026 -0.5644387 -0.9248527 2.625694 -0.1921067 -0.9051036 2.53791
-0.3732006 0.7273281 2.381217 -0.364724 0.5440165 2.437572 -0.550743 0.4438112 2.427041 -0.1899903 0.4650893 2.449145 -0.8144671 0.443416 2.366998 0.06291965 0.4736015 2.35906 -1.003413 0.5618108 2.184234 0.2630813 0.5929067 2.19041 -1.065666 0.6007986 2.133495 0.3447106 0.6482292 2.149324 -0.3496464 0.1998998 2.450832 -0.3451281 0.1325146 2.429754 -0.4215918 0.0456959 2.417247 -0.26103 0.0560951 2.434283 -0.4533206 -0.4540811 2.544589 -0.2413056 -0.4282038 2.563882 -0.5053872 -0.8451895 2.640154 -0.1971398 -0.8555048 2.625022 -0.5617231 -0.9223858 2.627578 -0.1580424 -0.9345004 2.616715
-0.373203 0.7254997 2.382153 -0.3648143 0.5437565 2.437947 -0.5509516 0.4436633 2.428203 -0.1900899 0.4649921 2.45029 -0.8147958 0.4431377 2.367075 0.06222153 0.4738902 2.359096 -1.002994 0.5616906 2.18359 0.2540903 0.5921025 2.183242 -1.061846 0.598837 2.13145 0.3385842 0.6500136 2.146303 -0.3497899 0.199848 2.451395 -0.3452892 0.1324808 2.430583 -0.4218697 0.04555965 2.418157 -0.2610829 0.05612097 2.435174 -0.4531337 -0.4535499 2.545289 -0.2416076 -0.4279454 2.564165 -0.505206 -0.8438469 2.640074 -0.1970092 -0.8559186 2.625028 -0.5641544 -0.9227592 2.628859 -0.1543579 -0.9369836 2.612866
-0.3753492 0.7261202 2.383529 -0.3653367 0.5438197 2.438966 -0.5511734 0.4437139 2.429307 -0.1908742 0.465258 2.451111 -0.8149619 0.4430947 2.366897 0.06036592 0.473791 2.359999 -0.961471 0.5267621 2.233627 0.2525358 0.5925317 2.181149 -1.0603 0.5972011 2.130138 0.3275184 0.6479751 2.139883 -0.3502592 0.2003875 2.452356 -0.3457686 0.1331102 2.431736 -0.4223186 0.04623626 2.419378 -0.261569 0.05705956 2.436282 -0.4529726 -0.4535825 2.546191 -0.2388395 -0.4263345 2.56504 -0.5051168 -0.8437818 2.640258 -0.1970822 -0.8563142 2.62564 -0.5640262 -0.9227097 2.625823 -0.1554597 -0.9353502 2.616047
-0.3767439 0.7293371 2.386075 -0.3657449 0.5442666 2.440596 -0.5515609 0.4436612 2.431009 -0.1913865 0.4656277 2.452091 -0.8151857 0.4426006 2.366861 0.05890212 0.4737306 2.360619 -0.9607337 0.5272724 2.233125 0.2390344 0.5879199 2.180006 -1.05892 0.5960362 2.127539 0.3103249 0.6448526 2.129651 -0.3506353 0.2007656 2.453462 -0.3461875 0.1334949 2.432855 -0.4228148 0.04655325 2.42034 -0.2618891 0.05755933 2.437315 -0.4525328 -0.4536608 2.547596 -0.2379648 -0.4238791 2.565493 -0.5048057 -0.8435326 2.64046 -0.1971016 -0.8559343 2.62518 -0.565123 -0.9234056 2.625598 -0.1560885 -0.9350099 2.61591
-0.3768653 0.7292335 2.386771 -0.366618 0.5444203 2.442884 -0.5519382 0.4437353 2.432586 -0.1920157 0.465935 2.453242 -0.8155606 0.4412498 2.366429 0.05386348 0.470645 2.363887 -0.9559001 0.5275633 2.227771 0.2307446 0.589027 2.168545 -1.047142 0.5915511 2.117336 0.2721686 0.6391869 2.104865 -0.3509949 0.2010802 2.455048 -0.3464896 0.1338839 2.434326 -0.422971 0.04681102 2.421864 -0.2621492 0.05819763 2.438447 -0.4522963 -0.4551237 2.54978 -0.2367303 -0.4228333 2.566029 -0.5045221 -0.8460069 2.640715 -0.1970588 -0.858021 2.625863 -0.5643436 -0.9253409 2.626821 -0.1583816 -0.9331071 2.615889
-0.3770724 0.7293164 2.388013 -0.3681263 0.5448118 2.444699 -0.5525222 0.4441454 2.434816 -0.1925599 0.4656481 2.454736 -0.8146254 0.4375221 2.366399 0.04571301 0.4651845 2.370407 -0.945872 0.5261464 2.219749 0.2003356 0.5878262 2.158371 -1.031172 0.5895501 2.109555 0.2500543 0.6341077 2.096936 -0.3515708 0.2013312 2.456771 -0.3469496 0.1341221 2.436036 -0.4232948 0.0470674 2.423701 -0.2623876 0.05848978 2.439964 -0.452302 -0.4550743 2.550305 -0.2363946 -0.4223622 2.566435 -0.5044443 -0.845453 2.640857 -0.1969136 -0.8565988 2.625335 -0.5649276 -0.925207 2.62658 -0.1593044 -0.9328009 2.615885
-0.377587 0.7289615 2.388893 -0.3698477 0.5448914 2.446582 -0.5532091 0.4442877 2.436511 -0.1934612 0.4653163 2.456015 -0.8101783 0.4318898 2.36758 0.04036594 0.4630097 2.372785 -0.9401002 0.5455325 2.162377 0.1596362 0.5734702 2.16441 -0.9998637 0.5847697 2.0891 0.2127453 0.6334748 2.083284 -0.3524999 0.2015075 2.458478 -0.3477539 0.1343346 2.437669 -0.4238853 0.04731629 2.42515 -0.2630706 0.05879164 2.441618 -0.4521187 -0.4547782 2.551252 -0.2365197 -0.4234265 2.567946 -0.5046176 -0.8446296 2.641529 -0.1965969 -0.8581119 2.624986 -0.5653506 -0.9249946 2.626569 -0.1580955 -0.9345393 2.613973
-0.378065 0.7232839 2.392771 -0.3702876 0.5442702 2.448241 -0.5542628 0.4444605 2.439529 -0.1940074 0.4644373 2.457152 -0.8003669 0.4250517 2.37083 0.02793373 0.4552904 2.3811 -0.9132782 0.533446 2.175565 0.1293667 0.5611851 2.178265 -0.9673162 0.5812091 2.087933 0.1704731 0.6342867 2.071115 -0.3530182 0.2010325 2.460578 -0.3484077 0.1338533 2.43988 -0.4245943 0.04651463 2.428333 -0.2636829 0.05853657 2.443151 -0.4525741 -0.4566828 2.553843 -0.2346312 -0.4213773 2.568228 -0.5049608 -0.8460366 2.641476 -0.1970438 -0.858512 2.625869 -0.5652506 -0.9259474 2.627204 -0.1598438 -0.9341552 2.616103
-0.3783919 0.7248977 2.394328 -0.3706715 0.5447989 2.449934 -0.5561552 0.4449661 2.442673 -0.1944312 0.4646692 2.458421 -0.7938334 0.4189668 2.372016 0.02693467 0.4547606 2.380832 -0.8903965 0.5307682 2.172384 0.1038011 0.5539768 2.184149 -0.9158881 0.5774149 2.090586 0.1237092 0.6291377 2.071495 -0.353462 0.2016547 2.462387 -0.3489938 0.1344706 2.441752 -0.4254352 0.04695469 2.43054 -0.2640398 0.05894127 2.444549 -0.4523747 -0.456079 2.554735 -0.2344048 -0.4207701 2.56849 -0.5046792 -0.8455082 2.641688 -0.1970006 -0.8583716 2.625863 -0.5652243 -0.9256139 2.626852 -0.1597956 -0.9339933 2.616086
-0.37913 0.728918 2.396146 -0.3707065 0.5454719 2.451577 -0.5569897 0.4451795 2.444765 -0.1949216 0.4645023 2.45927 -0.7837226 0.4130061 2.372331 0.02615405 0.4543112 2.379726 -0.8458641 0.5263478 2.166125 0.0692574 0.5729824 2.140085 -0.8732787 0.578032 2.079608 0.06861026 0.6255798 2.059376 -0.3539134 0.2016876 2.463806 -0.3496192 0.1343876 2.443189 -0.4262534 0.04684912 2.431954 -0.2647235 0.05880964 2.44599 -0.4527729 -0.4555861 2.55542 -0.2347262 -0.4209924 2.569195 -0.5048822 -0.8443376 2.641604 -0.1969701 -0.8579018 2.627814 -0.5635949 -0.9231917 2.623565 -0.1596865 -0.9335505 2.620435
-0.3786689 0.7281167 2.396633 -0.3715482 0.5454592 2.452898 -0.5577929 0.4454494 2.44753 -0.1953759 0.4640103 2.460024 -0.7818608 0.4104858 2.370887 0.02503335 0.454748 2.373418 -0.8187619 0.5248366 2.165265 0.05134506 0.5706751 2.141828 -0.8198397 0.5780025 2.081234 0.02733925 0.6205994 2.061782 -0.3547341 0.2015627 2.465567 -0.3505656 0.134183 2.44512 -0.4270124 0.04682417 2.433644 -0.2658834 0.05829544 2.448391 -0.4528415 -0.4550064 2.556812 -0.2344641 -0.4208964 2.569776 -0.5049835 -0.8440914 2.641709 -0.1970993 -0.8582281 2.628114 -0.5638796 -0.9229507 2.623357 -0.1956952 -0.9085883 2.542916
-0.3789344 0.7297744 2.398783 -0.3717247 0.5458923 2.454612 -0.5581262 0.4447158 2.449955 -0.1962648 0.4626971 2.46132 -0.7751617 0.4068569 2.37005 0.02424407 0.4546558 2.372387 -0.779938 0.5263555 2.159528 0.01439214 0.5570087 2.159303 -0.7773896 0.5818246 2.076556 -0.02485821 0.6208137 2.055679 -0.3549285 0.2010785 2.46702 -0.3508468 0.1335067 2.446626 -0.4273594 0.04633163 2.434957 -0.2661291 0.05765661 2.449923 -0.4531441 -0.4550786 2.558419 -0.2395101 -0.4368979 2.581409 -0.5050056 -0.8438383 2.641852 -0.1971376 -0.858443 2.628024 -0.5649806 -0.9235241 2.623986 -0.1577653 -0.9346972 2.62041
-0.3797799 0.7295348 2.402475 -0.3728652 0.5453009 2.456516 -0.5585124 0.4437966 2.45179 -0.1971309 0.4613779 2.463045 -0.7523369 0.3959411 2.370239 0.01220804 0.4588839 2.360058 -0.7502695 0.5261471 2.154951 -0.03992983 0.5814105 2.113333 -0.7330986 0.5855818 2.076545 -0.06022083 0.6161927 2.052346 -0.3555301 0.2009208 2.468661 -0.3513548 0.1334461 2.448222 -0.4277339 0.04604536 2.436792 -0.2665607 0.05793495 2.451243 -0.4531858 -0.4545324 2.559934 -0.241748 -0.4392526 2.583783 -0.504566 -0.8458464 2.644677 -0.1972278 -0.8579664 2.628138 -0.5659413 -0.9239019 2.624685 -0.196123 -0.9083061 2.542924
-0.38429 0.7309737 2.41106 -0.3755402 0.5446225 2.461343 -0.5601251 0.4437017 2.454159 -0.1999325 0.4608918 2.46428 -0.7545968 0.3970868 2.346863 0.006316299 0.458908 2.353201 -0.715489 0.5203509 2.147656 -0.05768094 0.5612769 2.134423 -0.6831138 0.5806689 2.069287 -0.1031645 0.6019517 2.05018 -0.3569568 0.2013961 2.471378 -0.3526636 0.1342631 2.450331 -0.4291132 0.04696111 2.439235 -0.2674901 0.05906221 2.452436 -0.4534015 -0.4542638 2.560711 -0.2468189 -0.4377071 2.585183 -0.5041993 -0.845055 2.644894 -0.1973771 -0.8577393 2.628283 -0.5659761 -0.9238791 2.624635 -0.1965887 -0.9079848 2.54301
-0.3847445 0.7306828 2.41231 -0.376334 0.5439956 2.465769 -0.5602422 0.4435855 2.454953 -0.2008085 0.4605528 2.464761 -0.7414421 0.3985155 2.339364 -0.005931238 0.4610219 2.34198 -0.6988616 0.5153879 2.145686 -0.06809348 0.556394 2.134715 -0.654174 0.5748351 2.065454 -0.1376298 0.5935408 2.042975 -0.3575082 0.2015446 2.474226 -0.3531629 0.1347177 2.45234 -0.4295072 0.04806375 2.441383 -0.2679296 0.05943831 2.453609 -0.4535507 -0.4539661 2.561326 -0.2454229 -0.4412518 2.587036 -0.5041657 -0.8447309 2.644813 -0.1963359 -0.8592352 2.62842 -0.5641472 -0.9218209 2.622083 -0.1542379 -0.9368968 2.613005
-0.3852236 0.7326286 2.414366 -0.3778948 0.5466181 2.469309 -0.5577142 0.4444396 2.457244 -0.2000181 0.4615943 2.465323 -0.7352127 0.393605 2.337415 -0.01700457 0.4648359 2.322635 -0.6518347 0.5176445 2.120498 -0.1309675 0.5578895 2.095118 -0.6128744 0.5685071 2.048019 -0.167947 0.5814643 2.04139 -0.3580233 0.2038811 2.47682 -0.3536098 0.1372161 2.454036 -0.4307528 0.05070557 2.442717 -0.2671655 0.06282824 2.455217 -0.4537385 -0.4533471 2.561492 -0.2469775 -0.4415461 2.587782 -0.5040881 -0.8434406 2.644542 -0.1966761 -0.8587988 2.628663 -0.5644308 -0.9214188 2.623025 -0.1540204 -0.9370372 2.612752
-0.3848775 0.7325448 2.414478 -0.3774994 0.5472947 2.471755 -0.5538659 0.4479965 2.458508 -0.1999529 0.4614599 2.46768 -0.7311944 0.3931572 2.316449 -0.02368797 0.4653201 2.306291 -0.6425152 0.5134615 2.117601 -0.135571 0.5558011 2.094738 -0.6004041 0.5601078 2.050622 -0.216236 0.5696652 2.024471 -0.358199 0.2053398 2.479069 -0.3537499 0.1390233 2.455484 -0.4312004 0.05313265 2.44371 -0.2672236 0.06582092 2.456966 -0.4539385 -0.4530634 2.562014 -0.2361016 -0.3727239 2.563312 -0.5039876 -0.8434621 2.644918 -0.2009664 -0.8104781 2.620909 -0.5645964 -0.9215567 2.623188 -0.2003946 -0.8605686 2.535543
-0.3851373 0.7327579 2.415579 -0.3773268 0.5467647 2.472588 -0.5534899 0.44811 2.458652 -0.2006316 0.4636429 2.469226 -0.7267004 0.3944464 2.309964 -0.02604912 0.4636366 2.302568 -0.625098 0.5053546 2.10876 -0.1975321 0.5362568 2.080068 -0.5681076 0.5444033 2.045597 -0.223917 0.5623831 2.026541 -0.3586808 0.2063336 2.480814 -0.3543141 0.1405904 2.456882 -0.432152 0.05456803 2.445086 -0.2677649 0.06858665 2.45842 -0.4542616 -0.4507462 2.562133 -0.2522865 -0.4241132 2.586005 -0.5039065 -0.8432847 2.644876 -0.1966511 -0.8587951 2.629433 -0.5648416 -0.9216433 2.623266 -0.1554344 -0.9359957 2.615279
-0.386223 0.7334591 2.416303 -0.3769951 0.5469841 2.475266 -0.5522174 0.4476513 2.458686 -0.2019135 0.4667693 2.469931 -0.7223523 0.39475 2.296162 -0.03877314 0.4610567 2.296719 -0.6054693 0.4950218 2.1015 -0.2073565 0.5344235 2.072133 -0.5521872 0.5321455 2.040715 -0.2591749 0.5427742 2.016072 -0.3589235 0.2079576 2.483124 -0.3545882 0.1426397 2.458402 -0.4325198 0.05666394 2.446059 -0.2682111 0.07223144 2.460154 -0.4546824 -0.449828 2.562362 -0.241476 -0.3876451 2.569825 -0.5040579 -0.8423827 2.644433 -0.1998627 -0.8255531 2.623585 -0.5651499 -0.9219095 2.623177 -0.1988502 -0.8756289 2.538215
-0.3872695 0.7346954 2.417785 -0.3770882 0.5478421 2.477999 -0.5516967 0.4475777 2.458512 -0.20677 0.4751689 2.473913 -0.7148219 0.3938567 2.26545 -0.0434151 0.4569716 2.294616 -0.5991163 0.4798161 2.103532 -0.2349134 0.5043267 2.082502 -0.5308943 0.5125955 2.031493 -0.2629233 0.5331544 2.024779 -0.3598275 0.2090033 2.485333 -0.3552648 0.1438396 2.459678 -0.4332063 0.05839708 2.44682 -0.2693184 0.07420328 2.461726 -0.4546809 -0.4498827 2.562842 -0.23928 -0.3893661 2.56981 -0.5026326 -0.8538982 2.646622 -0.1994037 -0.8275754 2.62281 -0.5639611 -0.9225272 2.621891 -0.1974522 -0.8776309 2.537445
-0.3885901 0.7349662 2.419337 -0.3770694 0.5480149 2.478278 -0.5513486 0.4478559 2.45818 -0.21003 0.4758436 2.475751 -0.7122875 0.3932266 2.258234 -0.05085918 0.4523272 2.294284 -0.5905107 0.475481 2.099099 -0.2383668 0.5037655 2.079397 -0.5152611 0.5013418 2.02524 -0.2683644 0.5245734 2.028616 -0.3605431 0.2097351 2.486515 -0.3559344 0.1447406 2.460325 -0.4337851 0.06074758 2.447762 -0.2708697 0.07569975 2.462389 -0.4548373 -0.4496265 2.563371 -0.2388412 -0.3905686 2.570089 -0.5030102 -0.8525758 2.646748 -0.199308 -0.82884 2.622928 -0.5636297 -0.922375 2.621234 -0.1967379 -0.8789126 2.537589
-0.3902481 0.7366068 2.421501 -0.3776074 0.5527889 2.481017 -0.5507504 0.4477904 2.457372 -0.2122538 0.4756222 2.47699 -0.7118829 0.3928096 2.258272 -0.05522858 0.4495529 2.292524 -0.5821666 0.4669404 2.095302 -0.2468498 0.4946832 2.080011 -0.5128288 0.4977003 2.024061 -0.2737752 0.5170863 2.028544 -0.361075 0.2100875 2.487989 -0.3562004 0.1449151 2.460821 -0.4338114 0.06112618 2.44801 -0.2715901 0.07637562 2.463105 -0.4550336 -0.4488271 2.56388 -0.2375938 -0.3905946 2.569753 -0.5036224 -0.849492 2.646402 -0.1992234 -0.8288826 2.623079 -0.5629808 -0.9217006 2.620637 -0.1961037 -0.8789224 2.537739
-0.3903009 0.7370198 2.422053 -0.3770449 0.552471 2.481539 -0.550007 0.4476855 2.456226 -0.2168141 0.4732359 2.476428 -0.7114576 0.3923929 2.252911 -0.05839079 0.448704 2.290936 -0.5813121 0.4660306 2.094858 -0.2490076 0.4940078 2.0775 -0.5098583 0.4938288 2.023372 -0.2779638 0.5127929 2.028509 -0.3615435 0.2093642 2.489359 -0.356816 0.1439348 2.461646 -0.4339902 0.0610319 2.448447 -0.2730398 0.07586519 2.463913 -0.4550709 -0.4484667 2.56441 -0.2369297 -0.390514 2.569924 -0.5040959 -0.8481272 2.645903 -0.1975685 -0.8287898 2.622841 -0.5647541 -0.922267 2.621764 -0.1941518 -0.8788428 2.53752
-0.3902976 0.7378079 2.422539 -0.3741959 0.553663 2.484593 -0.5492601 0.4489749 2.454209 -0.2178788 0.4738466 2.476356 -0.7084846 0.3938493 2.255245 -0.061081 0.4483841 2.291583 -0.5803806 0.4657175 2.094583 -0.1666972 0.5028278 2.108724 -0.5044858 0.4928194 2.020302 -0.2800474 0.51275 2.027265 -0.3615222 0.2097376 2.491075 -0.3568073 0.1443707 2.462245 -0.4340212 0.06205328 2.448879 -0.2733925 0.07663885 2.464494 -0.4552393 -0.4481678 2.565008 -0.236414 -0.3906576 2.570303 -0.5040551 -0.8479515 2.645965 -0.1976386 -0.8290159 2.623062 -0.5635712 -0.9215109 2.62077 -0.1936865 -0.8790327 2.537744
-0.3897479 0.7350277 2.4242 -0.3743408 0.5499872 2.484599 -0.5485034 0.4500238 2.452815 -0.2186483 0.4740603 2.476832 -0.7024711 0.4015298 2.242167 -0.06334595 0.4491452 2.290878 -0.5608788 0.477272 2.076803 -0.24778 0.5029774 2.073793 -0.5002444 0.4965919 2.017324 -0.2858839 0.5214434 2.016577 -0.3619118 0.2098044 2.492018 -0.3571075 0.1448832 2.462641 -0.4346804 0.06311524 2.449196 -0.2736075 0.07765846 2.465068 -0.4553107 -0.4482509 2.565584 -0.2359318 -0.3885007 2.569793 -0.5037544 -0.8480221 2.648305 -0.1978326 -0.8269188 2.622557 -0.5640017 -0.921985 2.621722 -0.1933143 -0.8769447 2.537272
-0.3902475 0.7386507 2.422315 -0.3755642 0.5482128 2.484231 -0.547195 0.451899 2.452029 -0.2192426 0.4745362 2.476332 -0.7017525 0.4068208 2.234209 -0.07010316 0.4600574 2.277112 -0.5604897 0.4846087 2.07457 -0.1725561 0.5354548 2.100454 -0.4960225 0.5137574 2.013442 -0.2870552 0.5383295 2.007794 -0.3619749 0.2097476 2.492708 -0.3569906 0.1449592 2.462823 -0.4337701 0.06337145 2.449542 -0.2735894 0.07827999 2.465384 -0.4555863 -0.4488526 2.566605 -0.2330727 -0.3830074 2.568768 -0.5041912 -0.8501482 2.647682 -0.1981464 -0.8216912 2.621534 -0.5645038 -0.9257289 2.624691 -0.193472 -0.8717248 2.536262
-0.393375 0.744305 2.421111 -0.3800668 0.5484378 2.482263 -0.5469005 0.4529458 2.45153 -0.2213399 0.474833 2.474391 -0.6757702 0.4134725 2.268135 -0.07208169 0.4617427 2.276589 -0.5312314 0.5321627 2.046355 -0.1665314 0.5407968 2.096862 -0.4929381 0.5458447 2.009833 -0.2787865 0.5734884 1.996549 -0.361956 0.2097794 2.493109 -0.3568739 0.1448258 2.463019 -0.4328844 0.06326696 2.449718 -0.2733051 0.0785232 2.466107 -0.4554552 -0.4485446 2.566774 -0.2339598 -0.3783459 2.567374 -0.5042583 -0.8490644 2.647851 -0.1984729 -0.8168868 2.62069 -0.5644683 -0.9251052 2.624712 -0.1941043 -0.8669541 2.535422
-0.4186636 0.7001405 2.413634 -0.3807482 0.548687 2.481696 -0.5464426 0.4508771 2.450484 -0.2191138 0.4712886 2.474126 -0.6733279 0.4218948 2.263235 -0.08307679 0.4848623 2.252312 -0.5338448 0.5475327 2.042084 -0.1742754 0.5588753 2.068501 -0.4928759 0.5910453 1.999858 -0.280024 0.6188413 1.979711 -0.3622819 0.2091598 2.493312 -0.3569509 0.1439077 2.463102 -0.4327643 0.062737 2.449651 -0.2732633 0.07638793 2.466511 -0.4555068 -0.4486348 2.566978 -0.2330237 -0.3777518 2.567345 -0.504029 -0.8483939 2.647711 -0.1987205 -0.8163878 2.620665 -0.5661478 -0.9256522 2.626536 -0.1941187 -0.8664733 2.535419
-0.412041 0.7175578 2.414875 -0.3800952 0.5530692 2.479704 -0.546271 0.4507397 2.450228 -0.216506 0.468734 2.473449 -0.6737895 0.4274723 2.262552 -0.07617372 0.5019799 2.233968 -0.5515999 0.5800669 2.048691 -0.1678468 0.5910214 2.057774 -0.502193 0.6208444 1.997471 -0.2757502 0.6481538 1.977272 -0.3621017 0.2095283 2.49325 -0.3567693 0.143954 2.463104 -0.4323459 0.06273155 2.44943 -0.2730239 0.07625066 2.466784 -0.4556844 -0.4485844 2.567118 -0.2324702 -0.3766865 2.567285 -0.504065 -0.8478161 2.647926 -0.1989589 -0.8152837 2.621163 -0.5659795 -0.925144 2.626858 -0.1944271 -0.8654222 2.535945
-0.4073745 0.7438275 2.413007 -0.3761543 0.5836506 2.451496 -0.5406956 0.45429 2.449183 -0.2161227 0.468228 2.473231 -0.6728178 0.4348617 2.264737 -0.0705234 0.5008277 2.245732 -0.6047797 0.5758678 2.087931 -0.1963959 0.6391085 2.039972 -0.5444738 0.6612352 2.009906 -0.2449566 0.6809314 1.990506 -0.360354 0.2139486 2.487181 -0.3553422 0.1444775 2.461546 -0.4310361 0.06403726 2.448431 -0.2717051 0.07688373 2.466395 -0.4556969 -0.448573 2.567135 -0.2323032 -0.3938726 2.574429 -0.5039384 -0.8470324 2.647879 -0.1977589 -0.8331798 2.62387 -0.5668656 -0.9247161 2.628843 -0.1924965 -0.8843044 2.539283
-0.4041795 0.7388055 2.417317 -0.3798023 0.572225 2.459014 -0.5431708 0.4530666 2.447508 -0.2139604 0.4613866 2.472368 -0.674993 0.4434122 2.261917 -0.06521577 0.5045248 2.245326 -0.6020367 0.6328208 2.055641 -0.1282171 0.6342336 2.083468 -0.5689411 0.6867154 2.011602 -0.198408 0.7039191 2.008761 -0.3602097 0.2136787 2.485305 -0.3550456 0.1448431 2.461189 -0.4311362 0.06421655 2.448215 -0.2695774 0.0767152 2.465716 -0.4556426 -0.4485514 2.567211 -0.2348215 -0.4018881 2.576681 -0.5041793 -0.8435852 2.64663 -0.1976857 -0.8411164 2.625358 -0.567027 -0.9245227 2.628664 -0.1923318 -0.8918896 2.540565
-0.3995312 0.7370918 2.417247 -0.3832653 0.562848 2.464461 -0.5455211 0.4516537 2.445158 -0.2140448 0.4611873 2.472351 -0.6892249 0.4786423 2.236166 -0.05344782 0.5117191 2.248163 -0.6188084 0.6625217 2.044327 -0.1053911 0.6480657 2.087982 -0.6020098 0.7234057 2.005543 -0.1542763 0.7325278 2.009367 -0.3603884 0.211993 2.484253 -0.3547536 0.1435843 2.460933 -0.4301858 0.06253451 2.447905 -0.2692137 0.07465945 2.465306 -0.4557432 -0.4484992 2.567129 -0.2338516 -0.4008579 2.576451 -0.5041841 -0.8436083 2.646615 -0.1968339 -0.8403124 2.62386 -0.5680517 -0.9254403 2.63123 -0.1909468 -0.8908544 2.538964
-0.3954574 0.7377422 2.415824 -0.3828904 0.5594246 2.465175 -0.5468919 0.4522777 2.444258 -0.2142584 0.4614458 2.47197 -0.6933161 0.4814591 2.236517 -0.03875205 0.5144454 2.256662 -0.6553528 0.6815372 2.046837 -0.08274213 0.6872371 2.071505 -0.6348901 0.7384004 2.004242 -0.1158652 0.7471999 2.013867 -0.3604307 0.2097328 2.483252 -0.3546103 0.1413866 2.460611 -0.4289787 0.06008221 2.447571 -0.2701966 0.07138272 2.465121 -0.455488 -0.4507367 2.56797 -0.2335455 -0.4022141 2.576623 -0.504352 -0.8468469 2.647081 -0.1987603 -0.8414816 2.626208 -0.5673801 -0.9266653 2.631734 -0.1927607 -0.8919871 2.541299
-0.3879572 0.7357209 2.413188 -0.382004 0.5569196 2.465135 -0.547653 0.4527553 2.443728 -0.2141792 0.4614553 2.47168 -0.7013938 0.4836829 2.244138 -0.02921436 0.5111277 2.269866 -0.6861485 0.6938551 2.046362 -0.06614971 0.7077349 2.060555 -0.6772934 0.7525198 2.00497 -0.08894492 0.7602478 2.016328 -0.3602831 0.2083538 2.482286 -0.3544356 0.1401075 2.46028 -0.4283077 0.05843009 2.447119 -0.2705655 0.0696881 2.46503 -0.4554737 -0.450715 2.567763 -0.2334017 -0.4018137 2.576305 -0.5043148 -0.8448184 2.646391 -0.1990515 -0.8411007 2.625983 -0.5650135 -0.9244928 2.628388 -0.1930013 -0.8915966 2.541072
-0.3812108 0.7266871 2.4122 -0.3798835 0.5544545 2.464745 -0.5479575 0.4529053 2.443161 -0.2133417 0.4626738 2.470819 -0.7105651 0.4864346 2.251044 -0.02013358 0.5095065 2.279733 -0.7158702 0.6950834 2.050997 -0.0131312 0.6689124 2.103964 -0.7238802 0.754724 2.010846 -0.04152915 0.7387146 2.04151 -0.3598351 0.2071625 2.481187 -0.3541412 0.1390228 2.45974 -0.4277665 0.05672433 2.446472 -0.270745 0.0685939 2.464624 -0.4557436 -0.4519751 2.567671 -0.2333716 -0.4031706 2.576737 -0.5049664 -0.8460931 2.646015 -0.1990292 -0.8424993 2.626184 -0.5648488 -0.92496 2.628587 -0.1543504 -0.9345448 2.616
-0.3779432 0.7251321 2.410854 -0.3786781 0.553502 2.463729 -0.5480003 0.4531293 2.442293 -0.2110155 0.4637398 2.469636 -0.7223985 0.4826832 2.263148 -0.01271355 0.5029013 2.295863 -0.7400757 0.6856172 2.057642 0.00143287 0.6681702 2.098049 -0.7456098 0.736609 2.017028 -0.003134758 0.7362458 2.03374 -0.3594818 0.2067743 2.480172 -0.3539221 0.1386491 2.459374 -0.4274824 0.05587022 2.445933 -0.2706947 0.06812391 2.464523 -0.4555993 -0.4527266 2.56752 -0.2323994 -0.4023762 2.575634 -0.5051526 -0.8472024 2.644525 -0.1990497 -0.8416291 2.625965 -0.5644881 -0.9261323 2.630098 -0.1550176 -0.9347326 2.616242
-0.3770407 0.7252467 2.410052 -0.3771197 0.5525718 2.462799 -0.5480679 0.4526711 2.441358 -0.2094856 0.4639372 2.469008 -0.7296032 0.4795453 2.270578 -0.002829649 0.4977231 2.30386 -0.7607839 0.673404 2.057562 0.03109168 0.6655504 2.089556 -0.7716117 0.7164597 2.017666 0.03099621 0.7204566 2.036774 -0.3590517 0.2061301 2.479082 -0.3536204 0.1379954 2.458908 -0.4272647 0.05480589 2.445375 -0.2705749 0.06717862 2.464303 -0.4556397 -0.4523463 2.566873 -0.2327285 -0.404882 2.576196 -0.5046476 -0.8463423 2.644258 -0.1988941 -0.8438746 2.627802 -0.563722 -0.9251097 2.627305 -0.1930612 -0.8944099 2.5429
-0.3770613 0.7299154 2.408458 -0.3766404 0.5522878 2.462686 -0.5484348 0.4527939 2.44096 -0.20729 0.4652331 2.467647 -0.7580807 0.4699937 2.26613 0.00765352 0.4788056 2.331113 -0.7918549 0.605111 2.099641 0.04999504 0.6455144 2.096768 -0.799799 0.6852031 2.015861 0.05533997 0.7013807 2.037786 -0.358529 0.2058511 2.478296 -0.3531866 0.1377063 2.45855 -0.4268956 0.0542703 2.444562 -0.2698091 0.06599475 2.46429 -0.4556128 -0.4524472 2.566595 -0.2325426 -0.4075049 2.576068 -0.5047011 -0.8465424 2.644631 -0.1988673 -0.8464035 2.628278 -0.5637386 -0.9249446 2.627168 -0.193362 -0.8969281 2.543347
-0.3763342 0.7298377 2.408452 -0.3755538 0.5519557 2.462427 -0.5484493 0.4516597 2.440007 -0.2060308 0.4652997 2.467239 -0.7607459 0.4589292 2.27301 0.01034351 0.4698881 2.340466 -0.7975103 0.5941613 2.100214 0.07292693 0.6185953 2.101502 -0.8136533 0.6594431 2.019359 0.07809909 0.6747559 2.040385 -0.3579874 0.2052068 2.477453 -0.3526965 0.1369786 2.458082 -0.4265424 0.05313488 2.44383 -0.2693999 0.06493378 2.464091 -0.4557281 -0.4526214 2.566135 -0.233056 -0.4107986 2.576227 -0.5040842 -0.845356 2.646025 -0.1986057 -0.8495767 2.62878 -0.5647011 -0.9249454 2.627218 -0.1550937 -0.9362698 2.621716
-0.3760709 0.7295319 2.408203 -0.3749113 0.550817 2.461515 -0.5488533 0.4496922 2.439306 -0.2042578 0.4646567 2.466677 -0.7673491 0.4420457 2.278027 0.01363032 0.463424 2.346284 -0.8139918 0.5576506 2.099417 0.07935256 0.5912091 2.114818 -0.8245643 0.6331061 2.015639 0.08989528 0.6542327 2.041277 -0.357545 0.2040905 2.476351 -0.3523045 0.1358565 2.457438 -0.4264638 0.05141278 2.443328 -0.2687539 0.06318108 2.463428 -0.4558008 -0.4537973 2.565963 -0.2330964 -0.4108335 2.576042 -0.5043991 -0.8485407 2.646092 -0.1981456 -0.8495413 2.628772 -0.5649845 -0.9268447 2.629489 -0.1554847 -0.9362056 2.621915
-0.3735758 0.7223034 2.406547 -0.3743227 0.5493536 2.461031 -0.54864 0.4476092 2.438205 -0.2032344 0.464133 2.466446 -0.7711671 0.4268015 2.287448 0.01328667 0.4573365 2.349752 -0.8139396 0.5429722 2.105434 0.0816696 0.574851 2.118473 -0.8324019 0.5986369 2.013326 0.09683265 0.6312811 2.038732 -0.3573444 0.2029841 2.475307 -0.3521254 0.134826 2.456704 -0.4263532 0.05035422 2.442652 -0.2687492 0.06174392 2.462656 -0.4557114 -0.4537632 2.565618 -0.2337277 -0.4120665 2.576164 -0.504165 -0.8465487 2.645627 -0.1982206 -0.8506935 2.629102 -0.5661188 -0.9265973 2.628709 -0.155832 -0.9358032 2.622439
-0.3712218 0.7254106 2.405066 -0.3741625 0.5491553 2.460971 -0.5489513 0.4456944 2.437772 -0.2023844 0.4638551 2.466309 -0.7699422 0.4107342 2.301544 0.01616801 0.4469151 2.355796 -0.8150655 0.527828 2.097133 0.08472723 0.5441126 2.126277 -0.8333301 0.5737727 2.016557 0.1009221 0.6019244 2.034964 -0.3571374 0.2024302 2.474729 -0.3519147 0.1341908 2.456321 -0.4261812 0.04950695 2.44217 -0.2685445 0.06069027 2.462304 -0.4553961 -0.4539458 2.565316 -0.2335929 -0.4121606 2.575973 -0.5040885 -0.8460082 2.645522 -0.197099 -0.850942 2.627604 -0.5661553 -0.9263429 2.62859 -0.1912933 -0.9014546 2.542686
-0.3712007 0.7252877 2.404576 -0.3737615 0.5479509 2.459996 -0.5490851 0.4446987 2.437438 -0.2015394 0.4633386 2.466169 -0.7669697 0.4026675 2.308769 0.01480694 0.4418293 2.357524 -0.8132917 0.5143276 2.088094 0.08302409 0.5375031 2.124547 -0.8312004 0.5504498 2.016143 0.09885507 0.5915999 2.03117 -0.357025 0.2012045 2.473749 -0.3518538 0.1329454 2.455677 -0.4264239 0.04826704 2.441884 -0.2683514 0.05890602 2.461494 -0.4551739 -0.4540095 2.565168 -0.2336578 -0.4140929 2.575876 -0.5036551 -0.8443206 2.645305 -0.1967513 -0.8528193 2.627628 -0.5665326 -0.9260766 2.627918 -0.1909166 -0.9033446 2.54272
-0.3713602 0.7258149 2.404569 -0.3736826 0.5478593 2.45992 -0.5492343 0.4443683 2.437405 -0.2011517 0.4631021 2.466263 -0.7639693 0.3981353 2.312829 0.01307077 0.438032 2.359197 -0.8083373 0.4994098 2.07995 0.07922418 0.5285454 2.122308 -0.8248067 0.5335873 2.011089 0.0891497 0.571691 2.03213 -0.3569939 0.2011033 2.473296 -0.351846 0.1328457 2.455405 -0.426529 0.04796651 2.441622 -0.2683229 0.05885777 2.461173 -0.4547409 -0.4536295 2.564714 -0.2330194 -0.4161181 2.576742 -0.5034739 -0.8442 2.64496 -0.1967078 -0.8549613 2.628123 -0.5678297 -0.926214 2.629828 -0.190855 -0.90548 2.543213
-0.3710971 0.7258084 2.404342 -0.3735013 0.5474344 2.459883 -0.5492639 0.4441853 2.437424 -0.200698 0.4625535 2.466143 -0.76262 0.3969678 2.31267 0.01293921 0.43768 2.358633 -0.8023286 0.4938328 2.07561 0.07548088 0.5259352 2.117514 -0.8162441 0.5251285 2.006569 0.08305535 0.5688365 2.021892 -0.3569555 0.2006136 2.472835 -0.3518574 0.1323462 2.455052 -0.4266745 0.0474324 2.44124 -0.2683418 0.05823652 2.460806 -0.4544399 -0.4537092 2.564494 -0.2328068 -0.4164332 2.576628 -0.5034472 -0.8439619 2.644951 -0.1965809 -0.8552045 2.62846 -0.5678991 -0.9250984 2.629043 -0.1907738 -0.9057126 2.54354
-0.3702821 0.7247784 2.404237 -0.3733511 0.5473607 2.45994 -0.5494143 0.4439868 2.43764 -0.2003218 0.4623941 2.466095 -0.760786 0.3953309 2.315198 0.01220425 0.4379878 2.356747 -0.7946495 0.4896947 2.076878 0.0710423 0.5259016 2.114613 -0.804698 0.521018 2.006374 0.07551114 0.5698468 2.018113 -0.3568478 0.2004878 2.472631 -0.3517798 0.1322019 2.454946 -0.4266388 0.04730714 2.441127 -0.268249 0.05786926 2.460675 -0.4543375 -0.4539114 2.564333 -0.2323831 -0.4193352 2.577263 -0.503249 -0.8435072 2.644811 -0.1959302 -0.8582523 2.628171 -0.5632 -0.9214619 2.620375 -0.1902052 -0.9087545 2.543242
-0.369998 0.7253486 2.403751 -0.3731264 0.5471306 2.459934 -0.5494726 0.4435291 2.437921 -0.1996493 0.4625582 2.465968 -0.7596149 0.395959 2.314866 0.01063321 0.4417225 2.348095 -0.7835398 0.4927074 2.074273 0.0657404 0.5287877 2.112925 -0.7870291 0.5249927 2.0027 0.06463937 0.5760452 2.016016 -0.3566382 0.2001888 2.472447 -0.3516096 0.1318874 2.45486 -0.4265144 0.04689029 2.441118 -0.2680427 0.05739446 2.46054 -0.454069 -0.4553491 2.564244 -0.231698 -0.4193061 2.576774 -0.5037062 -0.8450831 2.64411 -0.196037 -0.8582213 2.628069 -0.5624051 -0.9245758 2.623179 -0.1577348 -0.9344386 2.621992
-0.3696359 0.7237412 2.403563 -0.3730223 0.5468735 2.459703 -0.5496086 0.4433383 2.438145 -0.1992857 0.4625225 2.465949 -0.7558026 0.4015623 2.312407 0.01100818 0.4514176 2.338658 -0.7757528 0.5001726 2.077939 0.05010693 0.5696105 2.074451 -0.7748919 0.5391785 1.999493 0.04767091 0.6009084 2.006137 -0.3565835 0.2001517 2.472234 -0.3515857 0.1318634 2.454782 -0.4265357 0.0468622 2.441078 -0.2679716 0.05728627 2.460464 -0.4539857 -0.4554164 2.564115 -0.2314261 -0.419838 2.576988 -0.5037723 -0.8450994 2.644137 -0.195174 -0.8576326 2.625904 -0.5626304 -0.9242407 2.623242 -0.1896514 -0.9081357 2.540963
-0.3697986 0.7238944 2.403456 -0.3727086 0.5469185 2.459424 -0.5496793 0.4433538 2.438216 -0.1990948 0.4625685 2.465611 -0.7529432 0.4109088 2.306512 0.01016494 0.4587129 2.334465 -0.7645779 0.515965 2.087393 0.04815693 0.5790064 2.072455 -0.7584169 0.5676267 2.001827 0.04084226 0.6202558 2.007172 -0.3564447 0.2001246 2.471916 -0.3515046 0.1318174 2.45459 -0.4265414 0.04682762 2.440906 -0.2678919 0.05718212 2.460345 -0.4538884 -0.4552674 2.563666 -0.2313788 -0.4196575 2.576893 -0.5037591 -0.8451678 2.644537 -0.1952003 -0.8581026 2.626283 -0.5657975 -0.9247196 2.625973 -0.1897877 -0.9086085 2.541337
-0.3706179 0.7283509 2.403183 -0.3725016 0.5470355 2.459532 -0.5497065 0.4435462 2.438265 -0.1989061 0.462648 2.465156 -0.7603691 0.4288009 2.291223 0.006888978 0.4723799 2.322318 -0.7616475 0.5330679 2.099046 0.04042658 0.6127274 2.068961 -0.7511235 0.5896272 2.009288 0.03576921 0.6570404 2.001402 -0.3562719 0.2003335 2.471768 -0.3513654 0.1320745 2.454478 -0.4264637 0.04700394 2.440758 -0.2677608 0.05748013 2.460265 -0.4538091 -0.4550877 2.563495 -0.2307359 -0.4190296 2.576455 -0.5038871 -0.8449526 2.644654 -0.1952497 -0.858024 2.626446 -0.5646704 -0.9233192 2.623734 -0.1899735 -0.9085211 2.541486
-0.3715155 0.7281052 2.403336 -0.3724507 0.5470404 2.459436 -0.549687 0.4436419 2.438189 -0.1985551 0.4635962 2.464257 -0.762741 0.4525267 2.276771 0.007880216 0.4844265 2.312781 -0.7567268 0.5808432 2.091588 0.04136327 0.628227 2.070483 -0.7453765 0.6389623 2.003016 0.03479069 0.6817858 2.003673 -0.3558556 0.2005447 2.471444 -0.3508967 0.132369 2.454159 -0.4258801 0.04713735 2.440565 -0.2672366 0.0580251 2.45981 -0.4535752 -0.4547597 2.563191 -0.2307819 -0.4188944 2.576207 -0.503971 -0.8441728 2.644326 -0.1955415 -0.8577281 2.626907 -0.5646692 -0.9232064 2.623463 -0.190499 -0.908214 2.541926
-0.3714987 0.7281545 2.403091 -0.3722977 0.5471064 2.459064 -0.5495348 0.4441906 2.437819 -0.1980526 0.4639111 2.463486 -0.7637408 0.4629974 2.273376 0.0130907 0.5003898 2.303336 -0.7583487 0.5976773 2.091437 0.04224105 0.6568469 2.07866 -0.7506609 0.6682472 2.008816 0.03815056 0.7161995 2.016861 -0.3553524 0.2007843 2.470869 -0.3503379 0.1326627 2.453581 -0.4253976 0.04739391 2.439977 -0.2665017 0.05829285 2.459319 -0.4535023 -0.4546954 2.562915 -0.2304739 -0.4206361 2.5773 -0.5038521 -0.8440054 2.644067 -0.1957177 -0.8578269 2.626923 -0.5657813 -0.9237437 2.623818 -0.1907859 -0.9083034 2.54193
-0.3734732 0.7365463 2.402231 -0.3729545 0.547859 2.456703 -0.5500394 0.4459658 2.436663 -0.1978613 0.464306 2.462805 -0.7672302 0.4795546 2.27012 0.01718496 0.5071973 2.301852 -0.7688853 0.6582634 2.079671 0.04694577 0.6719055 2.091689 -0.7633372 0.7091991 2.023004 0.042326 0.7341335 2.032503 -0.3553334 0.2016121 2.469663 -0.3502122 0.1334105 2.452741 -0.4253365 0.04762784 2.439545 -0.2661315 0.05931151 2.458602 -0.4534155 -0.4543264 2.562519 -0.2322115 -0.4217411 2.578337 -0.5038023 -0.8437517 2.644214 -0.1954477 -0.8581548 2.62832 -0.5662905 -0.9237553 2.624247 -0.1903688 -0.9086832 2.543367
-0.3741013 0.7359706 2.40092 -0.3728635 0.5477917 2.456073 -0.5501932 0.4471951 2.435449 -0.1975326 0.4648694 2.462118 -0.7590917 0.4871436 2.2858 0.01931398 0.5132506 2.302843 -0.7772405 0.6743264 2.083134 0.05515621 0.713712 2.097272 -0.7768032 0.7365741 2.026955 0.06035046 0.7696186 2.051651 -0.3551476 0.2020826 2.468791 -0.3499743 0.1340234 2.452001 -0.4252204 0.04786122 2.439022 -0.2657121 0.0601936 2.457797 -0.4532094 -0.4547551 2.562436 -0.2319023 -0.4220047 2.578665 -0.5037443 -0.8454237 2.64434 -0.1947918 -0.8591149 2.626177 -0.5667032 -0.9264322 2.626592 -0.18958 -0.9096389 2.541229
-0.3738089 0.7351289 2.399935 -0.3729387 0.5473204 2.453619 -0.5504743 0.4480568 2.434353 -0.1971677 0.4653447 2.460992 -0.7599036 0.4931379 2.293623 0.02327667 0.5203348 2.306623 -0.7950016 0.7046603 2.100153 0.06759693 0.7241898 2.106466 -0.7939301 0.7574301 2.050676 0.08016732 0.7850313 2.069398 -0.3549356 0.2024566 2.467569 -0.3497532 0.1343869 2.451286 -0.425108 0.04799571 2.438701 -0.2653392 0.06054561 2.457173 -0.4533191 -0.4545833 2.561885 -0.2315345 -0.4185724 2.576967 -0.5036569 -0.845072 2.644236 -0.1954589 -0.857073 2.625065 -0.5667192 -0.9263261 2.62658 -0.1902412 -0.9076572 2.540154
-0.3732749 0.735462 2.398601 -0.3740492 0.5476537 2.450324 -0.5505517 0.4479395 2.432434 -0.1964354 0.4666197 2.459703 -0.7642111 0.4989069 2.300112 0.03319467 0.5295548 2.317352 -0.8098887 0.7120759 2.11101 0.09843364 0.7414838 2.13318 -0.8205027 0.7725816 2.072799 0.1070889 0.8032293 2.089947 -0.3548968 0.2031685 2.465807 -0.3495841 0.1350023 2.450331 -0.4249429 0.04817099 2.438038 -0.2649118 0.06121801 2.456595 -0.4534311 -0.4539075 2.560998 -0.2313627 -0.416277 2.576262 -0.5036474 -0.8449706 2.64432 -0.1953318 -0.8556739 2.62466 -0.5665854 -0.9258306 2.62657 -0.1899533 -0.9063429 2.53981
-0.3726692 0.7346087 2.396372 -0.3745802 0.5474585 2.447708 -0.5506919 0.4481657 2.43053 -0.1954024 0.4678992 2.458619 -0.7700632 0.5029271 2.30843 0.04230062 0.5343597 2.328618 -0.8383958 0.7201566 2.132118 0.1171336 0.7463197 2.148271 -0.8523157 0.7811114 2.095726 0.1349687 0.8066358 2.112528 -0.3548821 0.20393 2.46407 -0.3494873 0.1358104 2.449459 -0.4248058 0.04854054 2.437616 -0.2646943 0.06182275 2.456009 -0.4534105 -0.4538125 2.560899 -0.2310335 -0.4130577 2.575097 -0.5041587 -0.8430718 2.643549 -0.1956717 -0.8523942 2.624173 -0.5639479 -0.9225672 2.622606 -0.190094 -0.9031292 2.539375
-0.3726514 0.7331703 2.394139 -0.3747948 0.5475312 2.446095 -0.5509815 0.4481344 2.429397 -0.1950707 0.4685135 2.458177 -0.7774574 0.505432 2.316973 0.04567945 0.5344336 2.337726 -0.8668455 0.720544 2.14822 0.1431115 0.7472348 2.170636 -0.8891348 0.7815394 2.11634 0.1698557 0.8097131 2.145841 -0.3550098 0.2043409 2.462641 -0.3496022 0.1361887 2.448901 -0.4249223 0.04891034 2.437093 -0.2647131 0.06189737 2.45585 -0.4534833 -0.4537546 2.560784 -0.2313262 -0.4132204 2.575094 -0.5041915 -0.8414836 2.642851 -0.1961108 -0.8524911 2.624626 -0.5644648 -0.9225239 2.623144 -0.1903608 -0.9032686 2.539866
-0.372708 0.7324597 2.392473 -0.3750186 0.5475594 2.44219 -0.5512818 0.4479103 2.42801 -0.1949192 0.468613 2.457453 -0.775938 0.4824377 2.345145 0.05013745 0.5353166 2.349385 -0.8794754 0.6922789 2.177977 0.1713334 0.7233703 2.202672 -0.9221958 0.7476751 2.159542 0.1969073 0.8033289 2.152348 -0.3551173 0.2048263 2.460487 -0.3497087 0.1365429 2.448089 -0.424995 0.04908991 2.436794 -0.2647438 0.06213593 2.455334 -0.4537449 -0.4534316 2.56045 -0.2331189 -0.4132637 2.574084 -0.5042812 -0.8410943 2.642745 -0.1964597 -0.8521755 2.625003 -0.5645412 -0.9224526 2.623222 -0.1905106 -0.9030826 2.540334
-0.3756489 0.7293654 2.390102 -0.3744911 0.5470598 2.439024 -0.5523596 0.448156 2.426996 -0.194977 0.4691782 2.456678 -0.7785403 0.4779147 2.350649 0.05522538 0.5343053 2.357135 -0.9003372 0.6818801 2.189056 0.1890981 0.7173637 2.209191 -0.9690981 0.7656645 2.1392 0.2327988 0.7851023 2.168753 -0.3553093 0.2051567 2.458253 -0.3500318 0.1368541 2.447256 -0.4254228 0.04927284 2.436559 -0.2649756 0.06224318 2.454519 -0.4539421 -0.4540083 2.56035 -0.2331301 -0.4145662 2.573835 -0.5047868 -0.8454969 2.642229 -0.1964189 -0.8534077 2.625134 -0.564509 -0.925204 2.627384 -0.1903994 -0.9044204 2.540534
-0.3759512 0.7287118 2.388747 -0.3739955 0.5464659 2.437064 -0.5528889 0.4479303 2.426211 -0.1948743 0.4700561 2.455353 -0.8047209 0.4880319 2.346078 0.0615171 0.5292229 2.36836 -0.9548209 0.6781442 2.192232 0.2255806 0.7051272 2.218303 -1.003559 0.7475255 2.146068 0.2634499 0.7709939 2.181021 -0.3552396 0.2053805 2.456066 -0.3501394 0.1371505 2.44635 -0.4257601 0.04956194 2.436041 -0.2649428 0.06226567 2.453773 -0.4538719 -0.4531668 2.559911 -0.2331154 -0.4134276 2.573258 -0.5042018 -0.8439669 2.641659 -0.196627 -0.852198 2.625069 -0.5645303 -0.9251053 2.626962 -0.1907452 -0.9032601 2.540489
-0.3776798 0.7299787 2.386331 -0.3729975 0.5472311 2.435855 -0.5535992 0.4478592 2.425811 -0.1952699 0.471708 2.454839 -0.8226195 0.4811342 2.349426 0.06728273 0.5241737 2.374224 -0.9800885 0.6439782 2.206405 0.2493334 0.688565 2.228244 -1.026877 0.7196788 2.148589 0.3104539 0.7465721 2.201478 -0.3551104 0.2061694 2.453891 -0.3502698 0.1379731 2.44519 -0.4262665 0.05018019 2.43526 -0.2650487 0.06299194 2.452499 -0.4538989 -0.4531479 2.559865 -0.2338768 -0.4142951 2.573565 -0.504194 -0.8439141 2.64166 -0.1967004 -0.8530246 2.625287 -0.5648333 -0.9247613 2.627514 -0.1908579 -0.904093 2.540709
-0.3793214 0.731522 2.385184 -0.3730728 0.5468897 2.434902 -0.5546086 0.4479978 2.425345 -0.1958525 0.4724356 2.454164 -0.8295422 0.4742009 2.353742 0.07019839 0.5125307 2.382623 -1.011944 0.6308414 2.196841 0.2624229 0.6486037 2.249503 -1.069256 0.694273 2.144357 0.316626 0.7250438 2.205664 -0.3550514 0.2062785 2.452467 -0.3502874 0.1381217 2.444798 -0.4262786 0.05023113 2.43506 -0.2650568 0.06311196 2.45223 -0.4538747 -0.453032 2.559768 -0.2339367 -0.4143128 2.573515 -0.5041404 -0.8438041 2.641703 -0.1964848 -0.8527527 2.626725 -0.5648917 -0.9244022 2.627482 -0.1906967 -0.9038464 2.542158
-0.380982 0.7318669 2.38393 -0.3733535 0.5467719 2.43435 -0.5548745 0.4477441 2.424996 -0.1960959 0.4720939 2.453829 -0.8323306 0.4534817 2.364721 0.06957269 0.5004631 2.390328 -1.016407 0.6007828 2.200264 0.2685069 0.6302073 2.254044 -1.086434 0.6500883 2.155138 0.3461142 0.6838986 2.21661 -0.3552853 0.2059954 2.451091 -0.3505781 0.1378311 2.444325 -0.4265082 0.05003012 2.434776 -0.2653917 0.06281526 2.451755 -0.4538213 -0.4530528 2.559749 -0.2339507 -0.4144783 2.573431 -0.5041179 -0.8438396 2.641747 -0.1965737 -0.8529208 2.626669 -0.5633804 -0.9233752 2.622601 -0.1907812 -0.9040183 2.542105
-0.380671 0.733032 2.38316 -0.3740797 0.5465611 2.433511 -0.5550664 0.4468722 2.424332 -0.1962605 0.4716963 2.453784 -0.8266938 0.438373 2.373527 0.06928544 0.4887663 2.397563 -1.021803 0.5679975 2.206729 0.2757229 0.6076887 2.254426 -1.083292 0.6018749 2.156779 0.3512405 0.6636277 2.218204 -0.3555463 0.2054685 2.449723 -0.3508162 0.1372606 2.443828 -0.4266825 0.04954268 2.434409 -0.2655403 0.06235993 2.451402 -0.4536953 -0.4539388 2.559944 -0.2338696 -0.4146846 2.5732 -0.5052532 -0.8489984 2.644873 -0.1967423 -0.8529574 2.627488 -0.5629645 -0.9251826 2.625034 -0.1584168 -0.9314911 2.618289
-0.3807778 0.7330975 2.382862 -0.3741967 0.5463867 2.433394 -0.5554017 0.4465316 2.424327 -0.1961872 0.4709553 2.454165 -0.8188182 0.4254746 2.381398 0.06659447 0.4755171 2.403053 -1.019871 0.5403015 2.210537 0.2794633 0.5924376 2.250309 -1.094371 0.5817181 2.157566 0.3578435 0.6368251 2.214818 -0.3558178 0.2050352 2.448625 -0.3511761 0.1367963 2.443365 -0.4273945 0.04902019 2.434047 -0.2657413 0.0615933 2.450628 -0.4537984 -0.453739 2.559578 -0.2353592 -0.4158227 2.573342 -0.5052638 -0.8453128 2.644405 -0.1969655 -0.8539037 2.628084 -0.5635874 -0.9248694 2.625768 -0.1909304 -0.9050008 2.543537
-0.3810112 0.729349 2.382403 -0.3746118 0.5456474 2.43327 -0.5554342 0.4457909 2.424203 -0.1960931 0.4697167 2.454984 -0.8151157 0.4192498 2.385699 0.06591357 0.4689061 2.405272 -1.038828 0.4960484 2.222447 0.2656425 0.5533336 2.265184 -1.093308 0.5442953 2.166622 0.3585657 0.6179885 2.214967 -0.3560696 0.2044721 2.447762 -0.3514266 0.1362873 2.443099 -0.4275922 0.04862044 2.433606 -0.2660387 0.06085769 2.45054 -0.45354 -0.4544874 2.559774 -0.2354095 -0.4208586 2.574739 -0.5058009 -0.8476237 2.643806 -0.1968267 -0.8550305 2.627975 -0.5645416 -0.9279635 2.629323 -0.1564969 -0.9335302 2.621537
-0.381133 0.7295254 2.382285 -0.3748899 0.5451788 2.433836 -0.5561914 0.4456236 2.424566 -0.1966632 0.4684277 2.455642 -0.8109531 0.412424 2.388688 0.06523022 0.464417 2.405881 -0.9884426 0.4580964 2.279142 0.2648518 0.5504766 2.26379 -1.037266 0.4681886 2.236784 0.3583804 0.6085817 2.213383 -0.3565801 0.2038731 2.447251 -0.3520706 0.1356411 2.442932 -0.42865 0.04788636 2.433393 -0.266601 0.06007778 2.450135 -0.4535379 -0.4556381 2.560261 -0.2358164 -0.4194815 2.573717 -0.505584 -0.8520402 2.645499 -0.1973616 -0.855289 2.628972 -0.5604275 -0.9271213 2.629366 -0.1575577 -0.9330043 2.6217
-0.3816408 0.7303879 2.382467 -0.3756011 0.5447661 2.435157 -0.5566969 0.4455284 2.42484 -0.1968495 0.4679119 2.456144 -0.8101762 0.4088433 2.389117 0.06506176 0.4621502 2.405564 -0.9871098 0.4623919 2.28266 0.2676268 0.5482854 2.259055 -1.032694 0.4706767 2.241718 0.3585649 0.6019059 2.208729 -0.3568911 0.2036569 2.447097 -0.3523689 0.1354763 2.442966 -0.4291223 0.04759148 2.433322 -0.2667446 0.05996104 2.450088 -0.4533463 -0.4559873 2.560339 -0.2352414 -0.4170719 2.572881 -0.5055857 -0.8521304 2.644912 -0.1977821 -0.8544005 2.629166 -0.5605026 -0.9271791 2.629499 -0.1576188 -0.9327433 2.621502
-0.3816965 0.7299849 2.38267 -0.3760515 0.5442129 2.436186 -0.5568343 0.4452707 2.425138 -0.1970183 0.4671898 2.456729 -0.8098707 0.4070711 2.38933 0.06409379 0.4603706 2.40512 -0.9865462 0.457467 2.280647 0.2691115 0.5475432 2.25241 -1.029373 0.4678636 2.24349 0.3561117 0.5981814 2.204696 -0.3572615 0.2031594 2.447127 -0.352741 0.1350076 2.443048 -0.4295507 0.04717392 2.433159 -0.2670428 0.05947318 2.450192 -0.4530169 -0.4565114 2.560678 -0.2337703 -0.4173372 2.572116 -0.5055047 -0.8522944 2.64485 -0.1977021 -0.8546011 2.629102 -0.5621962 -0.9289454 2.630511 -0.1534956 -0.9351296 2.619061
-0.381873 0.7297028 2.383086 -0.376362 0.544231 2.437081 -0.5572105 0.4449097 2.425911 -0.1973833 0.4668277 2.457384 -0.8096293 0.4062163 2.389411 0.0623615 0.4592311 2.404941 -0.9859102 0.4556311 2.27949 0.267598 0.5478851 2.249029 -1.027026 0.4664878 2.244179 0.3518394 0.5975544 2.200713 -0.3574117 0.2030068 2.447263 -0.3528766 0.1348664 2.443174 -0.4296436 0.0471102 2.433233 -0.2671435 0.05934691 2.450225 -0.4528237 -0.456292 2.560675 -0.2336479 -0.4169407 2.571953 -0.5055498 -0.850942 2.644874 -0.1970314 -0.8518097 2.62777 -0.5632926 -0.9277859 2.630225 -0.1551687 -0.9342262 2.619341
-0.3821914 0.7307678 2.384114 -0.3762066 0.5444003 2.43763 -0.5576779 0.4444916 2.426628 -0.1975718 0.4668199 2.45769 -0.8085591 0.405352 2.390216 0.06113792 0.4592275 2.404175 -0.994776 0.454692 2.30118 0.2695951 0.5572711 2.231602 -1.050654 0.4735876 2.259295 0.3459697 0.5994679 2.193252 -0.3574108 0.2029935 2.447376 -0.352895 0.1348534 2.443251 -0.4296529 0.04710905 2.433247 -0.2671773 0.05930972 2.450305 -0.4528167 -0.4560341 2.560525 -0.2344476 -0.4160439 2.571772 -0.5053915 -0.8493362 2.644802 -0.1968411 -0.8518547 2.62674 -0.5605771 -0.9218601 2.622728 -0.1548182 -0.9340836 2.617612
-0.3821518 0.7305866 2.384985 -0.3762415 0.5442004 2.437953 -0.5584772 0.4444437 2.428009 -0.1975429 0.4666712 2.458342 -0.8081571 0.4051283 2.390396 0.05976905 0.4597231 2.403132 -1.026063 0.4820518 2.218873 0.2675677 0.5585142 2.230159 -1.102699 0.5154604 2.167971 0.3366583 0.6039761 2.186708 -0.3575419 0.2028524 2.447586 -0.3530568 0.1347325 2.443425 -0.4299058 0.04692956 2.433522 -0.26732 0.05909376 2.450379 -0.4526909 -0.4573801 2.561317 -0.2338542 -0.4207863 2.574221 -0.5049183 -0.8502544 2.644865 -0.1986581 -0.858744 2.631093 -0.5620946 -0.9252032 2.625735 -0.1570156 -0.9357456 2.62035
-0.3831641 0.7321833 2.385446 -0.3766016 0.5446649 2.438653 -0.559258 0.444291 2.429357 -0.1976259 0.4666709 2.459143 -0.8074977 0.40471 2.390648 0.05814393 0.4602487 2.402409 -0.9899598 0.4644147 2.299948 0.2616943 0.5607322 2.226448 -1.066596 0.4978235 2.249047 0.3313624 0.6071151 2.182706 -0.3578007 0.2030046 2.447933 -0.3533016 0.1348576 2.443652 -0.4303147 0.04703677 2.433802 -0.2673781 0.05911367 2.450434 -0.452675 -0.457619 2.561418 -0.2337573 -0.4210051 2.574413 -0.5053732 -0.8515122 2.644168 -0.1986225 -0.8589902 2.631131 -0.5617044 -0.9261894 2.626808 -0.1563735 -0.9350545 2.622492
-0.383389 0.735261 2.386323 -0.3771962 0.5452271 2.43941 -0.5599766 0.4441451 2.430819 -0.1977476 0.4669865 2.459748 -0.8061783 0.4044355 2.391183 0.05709334 0.460965 2.401669 -0.9771766 0.4651144 2.278227 0.2559894 0.5642568 2.220413 -1.030397 0.4765489 2.236972 0.3283525 0.6092588 2.179244 -0.3580063 0.2033185 2.44839 -0.3534619 0.1351451 2.44394 -0.4303787 0.04715337 2.433878 -0.2674578 0.05932748 2.450763 -0.452567 -0.4571135 2.56126 -0.2346026 -0.4211841 2.574623 -0.5052576 -0.8505104 2.644036 -0.1985791 -0.85856 2.631297 -0.5628086 -0.9256314 2.626771 -0.1553774 -0.9353865 2.626975
-0.3832678 0.7351424 2.386827 -0.3772911 0.5450802 2.439955 -0.5600199 0.4439121 2.43169 -0.1977442 0.466985 2.460363 -0.8056322 0.4044254 2.391469 0.05629492 0.4620118 2.400761 -0.9832686 0.4729429 2.29693 0.2511026 0.5662105 2.215323 -1.042481 0.495782 2.269894 0.3245474 0.6109409 2.174032 -0.3581541 0.2034915 2.448796 -0.3536214 0.1353974 2.444203 -0.4305253 0.04727437 2.43393 -0.2675663 0.05963782 2.451147 -0.4526914 -0.4562474 2.561236 -0.2349393 -0.420492 2.574775 -0.5051682 -0.8475087 2.642937 -0.1981649 -0.8582298 2.631043 -0.5632316 -0.9251405 2.626516 -0.1563838 -0.9339511 2.627948
-0.3833434 0.7350527 2.38725 -0.3772335 0.5453393 2.440552 -0.5608155 0.4446546 2.433954 -0.197915 0.4672623 2.461178 -0.8068703 0.4055346 2.391152 0.05426498 0.462339 2.400144 -0.9847143 0.4726827 2.295925 0.2470313 0.5656592 2.211898 -1.043996 0.4950653 2.26866 0.3166603 0.6122263 2.165557 -0.3582257 0.2039144 2.449441 -0.3537438 0.1358617 2.444707 -0.4305918 0.04770368 2.434401 -0.2677363 0.05994319 2.451511 -0.4527748 -0.4558117 2.561319 -0.2349979 -0.4194087 2.57484 -0.505109 -0.8472065 2.64325 -0.1983278 -0.8574212 2.630806 -0.5636137 -0.9245166 2.626025 -0.1564374 -0.933549 2.627905
-0.3838665 0.7370683 2.388534 -0.377354 0.545538 2.440937 -0.5610998 0.4443762 2.435171 -0.1981642 0.4675882 2.461893 -0.8072083 0.4057738 2.390989 0.05279536 0.4623864 2.399524 -0.9849894 0.4726164 2.295376 0.2430268 0.5646795 2.207929 -1.04425 0.4948972 2.267981 0.3111954 0.611648 2.157237 -0.3583444 0.2041222 2.449816 -0.3538609 0.1360772 2.444931 -0.4307656 0.04785758 2.434626 -0.2677752 0.06019353 2.45166 -0.4529409 -0.4547555 2.561157 -0.2336628 -0.4164152 2.574459 -0.5049907 -0.8471401 2.643353 -0.1986885 -0.8546612 2.629925 -0.5642906 -0.9243352 2.626738 -0.1569107 -0.9331916 2.627984
