-0.2888689 0.7871043 2.263734 -0.3122212 0.6188397 2.289497 -0.3754947 0.3973117 2.203888 -0.158826 0.5728087 2.534097 -0.2803854 0.40922 1.955612 -0.1688422 0.7231774 2.687823 -0.1641543 0.5834491 1.963971 -0.256328 0.5115199 2.790076 -0.1335705 0.6436519 1.997323 -0.2750459 0.4395412 2.778207 -0.2685692 0.2045951 2.361989 -0.2600228 0.1227736 2.378781 -0.3140404 0.04168312 2.3378 -0.1903681 0.06415877 2.439641 -0.3354524 -0.4912647 2.389152 -0.2964852 -0.5419922 2.522082 -0.3903395 -0.9017761 2.40217 -0.4141081 -0.8521666 2.453078 -0.3320573 -0.9636972 2.383695 -0.3462533 -0.9386618 2.49521
-0.2836532 0.7819434 2.268174 -0.3022659 0.612287 2.291854 -0.3883951 0.419139 2.190574 -0.1488707 0.566256 2.536454 -0.2642209 0.3941095 1.953696 -0.1584931 0.7135588 2.6882 -0.1485919 0.5673726 1.971038 -0.2531109 0.5010722 2.786117 -0.1313709 0.648778 2.003448 -0.2718287 0.4290936 2.774249 -0.2681878 0.2043134 2.361555 -0.2600016 0.1226442 2.378346 -0.3151453 0.04173192 2.336767 -0.1900973 0.06106881 2.438974 -0.3357254 -0.4919569 2.389334 -0.2881282 -0.5461692 2.523109 -0.3903145 -0.9017757 2.402246 -0.4057505 -0.8563418 2.454105 -0.3322033 -0.963709 2.383279 -0.3437779 -0.9425333 2.50501
-0.2772603 0.7676139 2.27668 -0.2962326 0.5973328 2.298574 -0.389023 0.4204788 2.189887 -0.1428374 0.5513018 2.543174 -0.2816892 0.359427 1.95737 -0.1484489 0.6588032 2.705094 -0.1471623 0.5547393 1.979068 -0.239699 0.4873528 2.772893 -0.119115 0.6164073 2.011967 -0.2584168 0.4153751 2.761025 -0.2671098 0.2001075 2.36219 -0.2597613 0.1197948 2.378522 -0.3162335 0.04136656 2.338376 -0.1892848 0.05508907 2.436135 -0.335721 -0.4919886 2.38933 -0.2884825 -0.5513685 2.523854 -0.3903132 -0.9017625 2.402242 -0.4061042 -0.8615394 2.45485 -0.3324425 -0.9638985 2.3832 -0.3432958 -0.9460074 2.507589
-0.2730381 0.7658919 2.289556 -0.2956757 0.5926662 2.301259 -0.3908951 0.4225311 2.191832 -0.1422804 0.5466352 2.545859 -0.2869383 0.3534341 1.960098 -0.173502 0.6036543 2.719473 -0.133682 0.5500997 1.99544 -0.263841 0.4365773 2.79682 -0.1089042 0.6183713 2.015361 -0.2825584 0.3646009 2.784952 -0.2669871 0.1938996 2.363527 -0.2602497 0.1137954 2.379411 -0.3193694 0.03957392 2.344621 -0.1890807 0.04814893 2.430999 -0.3358235 -0.4924509 2.389244 -0.289019 -0.5572079 2.524395 -0.3903668 -0.9017482 2.402255 -0.4066401 -0.867377 2.455392 -0.3325433 -0.9639527 2.383291 -0.3420156 -0.9500386 2.508795
-0.2721324 0.7638196 2.292273 -0.2960718 0.590303 2.302408 -0.3916466 0.4225328 2.193097 -0.1426765 0.5442719 2.547008 -0.2886759 0.3507394 1.959834 -0.1726924 0.6043571 2.719907 -0.1327292 0.549235 1.995168 -0.2826304 0.3981133 2.804188 -0.1036623 0.6156863 2.015445 -0.3013476 0.3261367 2.79232 -0.2668051 0.1913661 2.363522 -0.260169 0.1113216 2.379152 -0.3199925 0.03884597 2.346513 -0.1885721 0.04605981 2.427283 -0.3357548 -0.492494 2.389313 -0.289216 -0.5586512 2.523675 -0.3903711 -0.9018444 2.402143 -0.4068363 -0.8688186 2.454672 -0.3325859 -0.9641039 2.383242 -0.339589 -0.9519785 2.503901
-0.2708077 0.7632653 2.295905 -0.2954533 0.589054 2.303233 -0.3935699 0.4196023 2.196769 -0.1420581 0.543023 2.547833 -0.2854863 0.3557531 1.959016 -0.1635484 0.6510124 2.70065 -0.1294801 0.5559651 1.9935 -0.2488701 0.4920804 2.795712 -0.1014989 0.6215705 2.017681 -0.2675873 0.4201041 2.783844 -0.2660516 0.1922137 2.363517 -0.2592869 0.1129386 2.378944 -0.3208007 0.03894863 2.34732 -0.1818904 0.055994 2.424111 -0.3358179 -0.4925464 2.389375 -0.296235 -0.5459603 2.522204 -0.3904949 -0.9019631 2.402206 -0.4138547 -0.856126 2.453201 -0.3326425 -0.9642295 2.383526 -0.3485936 -0.9405184 2.503009
-0.2698717 0.7673049 2.296503 -0.2945448 0.5924319 2.301334 -0.38814 0.4000613 2.205265 -0.1411496 0.5464009 2.545934 -0.2914508 0.3673611 1.957426 -0.2340194 0.5554579 2.773279 -0.1336833 0.5720543 1.985502 -0.2722068 0.3712338 2.854282 -0.110569 0.6417713 2.002143 -0.2909239 0.2992581 2.842414 -0.2647285 0.1938495 2.363354 -0.2581073 0.1142725 2.379003 -0.3197635 0.0380054 2.345879 -0.1807803 0.0567068 2.429072 -0.3358259 -0.4924787 2.389349 -0.2906865 -0.5467156 2.523687 -0.3904255 -0.9020087 2.402157 -0.4083056 -0.8568796 2.454684 -0.3325728 -0.9642323 2.38333 -0.3459617 -0.9422819 2.506472
-0.2689012 0.776444 2.293613 -0.2964411 0.601844 2.297848 -0.386612 0.3974357 2.208105 -0.1430459 0.555813 2.542448 -0.2951908 0.3834319 1.95682 -0.2358608 0.5589185 2.772463 -0.1376074 0.5902454 1.975885 -0.2905305 0.3863149 2.866409 -0.1119793 0.6574563 1.998188 -0.3087538 0.3287803 2.902256 -0.2647286 0.1945478 2.363417 -0.2580911 0.1144696 2.379161 -0.3193914 0.03805531 2.345861 -0.1827823 0.05529094 2.431488 -0.3357733 -0.4921942 2.389291 -0.2891501 -0.5489787 2.524947 -0.3904095 -0.9019045 2.402063 -0.4067685 -0.859141 2.455945 -0.332735 -0.9639363 2.382088 -0.3437121 -0.9449184 2.50623
-0.2741523 0.778819 2.291 -0.3062749 0.6048024 2.294451 -0.386923 0.3956371 2.209503 -0.1528797 0.5587714 2.539051 -0.2885895 0.3977969 1.952904 -0.2473101 0.5607289 2.769958 -0.1447512 0.5945544 1.966527 -0.2783882 0.4060861 2.895883 -0.1245543 0.664511 1.98575 -0.2887476 0.3545386 2.94239 -0.2666583 0.196222 2.362791 -0.2591568 0.1155346 2.37896 -0.3201303 0.03603655 2.338543 -0.1862926 0.05698786 2.44024 -0.3357266 -0.4915187 2.3889 -0.2985154 -0.5473322 2.527288 -0.390449 -0.9017359 2.40213 -0.4161332 -0.8574929 2.458285 -0.3323659 -0.9637448 2.383294 -0.3500507 -0.9415547 2.507578
-0.2779295 0.7868852 2.288356 -0.3086244 0.6120243 2.289408 -0.3861004 0.3959085 2.209018 -0.1552293 0.5659934 2.534008 -0.2842324 0.4064226 1.953803 -0.2497735 0.5668026 2.765806 -0.1456949 0.632581 1.96076 -0.2718006 0.4179064 2.899489 -0.1342771 0.7056217 1.975112 -0.2791429 0.3682743 2.948582 -0.2668377 0.2028602 2.362711 -0.2588094 0.1217136 2.379982 -0.3187282 0.03905255 2.339881 -0.1861901 0.0662162 2.442197 -0.3357925 -0.4914726 2.38875 -0.2972628 -0.5384389 2.528557 -0.3903665 -0.9019013 2.402306 -0.4148799 -0.8485978 2.459555 -0.3324564 -0.9639418 2.383038 -0.351595 -0.9355023 2.507578
-0.2778378 0.7887737 2.286938 -0.3090906 0.6140813 2.288296 -0.3842808 0.3944165 2.210207 -0.1556954 0.5680504 2.532896 -0.2840452 0.4089633 1.955422 -0.2503607 0.5687248 2.764807 -0.1453416 0.6341801 1.960597 -0.2699097 0.4230766 2.902045 -0.1346692 0.707281 1.97521 -0.2764261 0.3745272 2.952324 -0.2670727 0.2030756 2.362431 -0.2589444 0.1217277 2.379865 -0.3182096 0.03966891 2.33987 -0.1878531 0.06417696 2.441482 -0.335811 -0.4912847 2.388541 -0.2915158 -0.5420966 2.526033 -0.3903511 -0.9018726 2.402317 -0.4091322 -0.8522538 2.457031 -0.3325003 -0.9639937 2.383127 -0.3462581 -0.9401318 2.503808
-0.2792781 0.7888186 2.286126 -0.309869 0.6140832 2.287804 -0.3806 0.3963287 2.206184 -0.1564738 0.5680522 2.532404 -0.2838686 0.4088798 1.955961 -0.2512485 0.5686966 2.76433 -0.1441479 0.6369247 1.963131 -0.1653226 0.7568514 2.645462 -0.1342289 0.7104218 1.976203 -0.1366806 0.8195696 2.610371 -0.2682992 0.2021803 2.361517 -0.2602311 0.1203965 2.378969 -0.3179519 0.03974834 2.339306 -0.1926433 0.05983599 2.439982 -0.3362116 -0.4919495 2.388362 -0.2926935 -0.5468124 2.526006 -0.3903441 -0.9018533 2.402304 -0.4103092 -0.8569679 2.457004 -0.331804 -0.9639751 2.385332 -0.3451784 -0.9442806 2.501709
-0.2770655 0.7913409 2.284504 -0.3039045 0.6158872 2.28576 -0.3808264 0.4020967 2.202136 -0.1505093 0.5698563 2.530361 -0.2850368 0.4023758 1.959304 -0.2455911 0.5703869 2.76243 -0.1477465 0.5983749 1.962027 -0.1558353 0.7590517 2.64435 -0.1363004 0.6985279 1.976825 -0.1259168 0.8219399 2.609521 -0.267678 0.2039898 2.359982 -0.2601538 0.1221276 2.377575 -0.3184305 0.04077407 2.337786 -0.1921701 0.06049346 2.439469 -0.3367613 -0.4927315 2.388492 -0.2931398 -0.5462278 2.524166 -0.3903726 -0.9018613 2.402249 -0.4107549 -0.8563816 2.455164 -0.3319847 -0.9640681 2.385061 -0.3458109 -0.9434035 2.500703
-0.2687599 0.7822278 2.27902 -0.2992486 0.6094314 2.28816 -0.388316 0.4200607 2.187424 -0.1458534 0.5634004 2.53276 -0.2780936 0.3750231 1.956624 -0.2409693 0.5638942 2.764876 -0.1498659 0.5489641 1.962133 -0.1501199 0.75183 2.647944 -0.1294012 0.6190729 1.980488 -0.1198368 0.8144753 2.613499 -0.2698092 0.2058928 2.354805 -0.2647568 0.1264244 2.368924 -0.3277518 0.04467778 2.320438 -0.1946631 0.0610775 2.434672 -0.3367316 -0.4926762 2.388595 -0.3070421 -0.5457642 2.505286 -0.3904513 -0.9019364 2.402256 -0.4246565 -0.8559163 2.436285 -0.3323057 -0.9645033 2.385552 -0.3575943 -0.9357773 2.490963
-0.2651344 0.7669221 2.280092 -0.2960855 0.5955572 2.293731 -0.3886589 0.4207523 2.18691 -0.1426903 0.5495262 2.538331 -0.2782787 0.3657221 1.957413 -0.2378382 0.5499842 2.770488 -0.1429178 0.5581599 1.972458 -0.1345505 0.7129087 2.672426 -0.1208548 0.6335366 1.99991 -0.1001212 0.7672169 2.644271 -0.2697477 0.2049599 2.354787 -0.2647319 0.1260341 2.368953 -0.3277058 0.04418312 2.320807 -0.1944248 0.06062418 2.434499 -0.3366743 -0.4925719 2.38861 -0.304286 -0.5461349 2.509 -0.3903854 -0.9020461 2.402208 -0.4218998 -0.8562852 2.439998 -0.3322605 -0.9646199 2.385449 -0.3568469 -0.936482 2.496584
-0.2696578 0.7613986 2.280522 -0.2945454 0.5894043 2.295292 -0.3876372 0.4292729 2.183224 -0.1411501 0.5433733 2.539892 -0.2678062 0.3688619 1.961328 -0.1826174 0.6027296 2.754946 -0.1419082 0.5535066 1.974328 -0.08667383 0.7696941 2.656116 -0.1193336 0.6205751 2.000076 -0.05469264 0.8253489 2.627704 -0.2687268 0.19935 2.356397 -0.2637224 0.120884 2.370994 -0.3268507 0.04237437 2.329372 -0.1930209 0.0578155 2.432312 -0.336658 -0.4926088 2.388739 -0.2984509 -0.5483899 2.515586 -0.3903384 -0.9024104 2.402429 -0.4160641 -0.8585385 2.446585 -0.3320727 -0.9647888 2.385425 -0.352501 -0.9391224 2.504306
-0.2701397 0.7597706 2.280845 -0.29374 0.587743 2.296082 -0.3889832 0.4269213 2.184619 -0.1403448 0.541712 2.540682 -0.2409663 0.3902604 1.964709 -0.1825364 0.6028907 2.75502 -0.1290432 0.5660427 1.981463 -0.08659284 0.7698552 2.65619 -0.1007296 0.6311439 2.006577 -0.05461165 0.82551 2.627778 -0.2680579 0.1963239 2.357611 -0.2630422 0.1176497 2.372554 -0.3274386 0.03928107 2.337139 -0.1909965 0.055533 2.429749 -0.33663 -0.49261 2.388808 -0.2977133 -0.5499229 2.516294 -0.3902914 -0.902526 2.402544 -0.4153258 -0.8600698 2.447293 -0.3320917 -0.9649096 2.385326 -0.3517409 -0.9403182 2.505461
-0.2704488 0.7597283 2.281004 -0.2933494 0.5874448 2.295746 -0.390763 0.4245237 2.187366 -0.1399541 0.5414138 2.540346 -0.2344715 0.4031709 1.961089 -0.1608612 0.6766933 2.703272 -0.1231522 0.5784097 1.9828 -0.06491774 0.8436577 2.604442 -0.0946901 0.6435975 2.007515 -0.03293657 0.8993125 2.57603 -0.2678094 0.1959414 2.357703 -0.2627785 0.117253 2.372804 -0.327714 0.03912397 2.339301 -0.1894559 0.05530643 2.428097 -0.3366146 -0.4925667 2.388875 -0.2972597 -0.5496334 2.516563 -0.3903095 -0.9022796 2.402379 -0.4148716 -0.8597785 2.447562 -0.3323356 -0.964837 2.385023 -0.3518842 -0.9403165 2.505984
-0.2710519 0.7609164 2.278189 -0.2944511 0.5889628 2.293754 -0.3883974 0.4113666 2.194806 -0.1410558 0.5429318 2.538354 -0.2348319 0.4273075 1.958004 -0.1629528 0.6790562 2.701744 -0.1186431 0.5994051 1.979477 -0.06700928 0.8460206 2.602914 -0.1220013 0.6478937 1.991835 -0.03502811 0.9016754 2.574502 -0.2677759 0.1960598 2.357559 -0.2627001 0.1173165 2.37278 -0.3265576 0.03861289 2.337846 -0.1894054 0.05545628 2.428895 -0.336722 -0.4919865 2.389021 -0.2971078 -0.549614 2.516739 -0.3903432 -0.9022546 2.402252 -0.414719 -0.8597574 2.447738 -0.3323554 -0.9648048 2.384908 -0.352505 -0.9402822 2.507004
-0.2721369 0.7781359 2.270669 -0.2949537 0.6057329 2.285086 -0.3860878 0.4071192 2.197239 -0.1415584 0.5597019 2.529686 -0.2341012 0.44376 1.954404 -0.2257833 0.6079317 2.7664 -0.1253287 0.621897 1.968799 -0.1242667 0.8051441 2.63126 -0.1067695 0.6918882 1.989462 -0.09042788 0.8708816 2.590745 -0.2678778 0.1979636 2.356824 -0.2627164 0.1180424 2.372694 -0.3254527 0.0388935 2.336001 -0.1905782 0.0552218 2.431381 -0.3367527 -0.4917736 2.388995 -0.2964987 -0.5503937 2.517882 -0.3902238 -0.9021646 2.402258 -0.4141093 -0.8605355 2.448882 -0.3318642 -0.9645673 2.385639 -0.3517539 -0.941188 2.507829
-0.2841596 0.7838864 2.26679 -0.3036323 0.6116275 2.282934 -0.3837392 0.4044597 2.198917 -0.150237 0.5655965 2.527534 -0.2319264 0.4684814 1.946799 -0.2274433 0.6083055 2.766001 -0.1404363 0.6556103 1.964197 -0.1550543 0.7823488 2.658506 -0.1316921 0.7285299 1.980819 -0.1309247 0.8403631 2.627206 -0.2685579 0.2036784 2.358903 -0.2620839 0.1237081 2.376306 -0.3224314 0.04168517 2.338115 -0.1909995 0.06919615 2.440772 -0.3367347 -0.4914402 2.388931 -0.2985407 -0.5345969 2.536206 -0.3901463 -0.9022598 2.402128 -0.4161507 -0.8447369 2.467206 -0.33188 -0.9643555 2.384084 -0.3563112 -0.9378985 2.507311
-0.2903344 0.7965617 2.265163 -0.307403 0.6232408 2.278786 -0.3723059 0.3924764 2.199984 -0.1540077 0.5772098 2.523386 -0.2301775 0.4839506 1.943926 -0.2297364 0.6089737 2.768129 -0.1349609 0.6688336 1.963513 -0.160441 0.8346151 2.671021 -0.1266392 0.7416229 1.980901 -0.1373425 0.9098289 2.643184 -0.2692889 0.2048606 2.358987 -0.2624106 0.1239455 2.376647 -0.3201635 0.04060794 2.334939 -0.1965806 0.06303348 2.450844 -0.3367268 -0.4912647 2.388755 -0.2936924 -0.5450794 2.531036 -0.3900946 -0.9023301 2.402147 -0.4113018 -0.8552178 2.462036 -0.3320737 -0.9646674 2.384138 -0.3664961 -0.9589424 2.495238
-0.293618 0.8015628 2.264207 -0.3078178 0.6273626 2.2758 -0.3721883 0.3908274 2.20124 -0.1544226 0.5813316 2.5204 -0.232275 0.4902525 1.947134 -0.2094596 0.6786587 2.744778 -0.1342463 0.6749395 1.958653 -0.1333922 0.9023264 2.641384 -0.1409633 0.7354468 1.973658 -0.1080363 0.9768823 2.611451 -0.2693448 0.2051817 2.359174 -0.2623761 0.1238345 2.377406 -0.3185849 0.04131031 2.338223 -0.1966029 0.06239994 2.450309 -0.3366916 -0.4910505 2.38862 -0.2935351 -0.545566 2.531684 -0.390192 -0.9024412 2.402193 -0.4111437 -0.8557028 2.462684 -0.332094 -0.9647006 2.384161 -0.3491719 -0.941419 2.514464
-0.299931 0.8022215 2.265407 -0.3124918 0.6277044 2.276364 -0.3729704 0.3895413 2.201855 -0.1590966 0.5816734 2.520964 -0.2826868 0.4254396 1.94855 -0.2338453 0.6098443 2.767771 -0.1542993 0.6409305 1.951462 -0.1668033 0.8438307 2.662949 -0.1437905 0.7290155 1.968165 -0.1444559 0.9218262 2.63254 -0.2697615 0.205114 2.359304 -0.2625373 0.1233867 2.377731 -0.3178336 0.04129055 2.339233 -0.1968471 0.06182614 2.448317 -0.3366624 -0.4909733 2.388501 -0.2938763 -0.5459391 2.530923 -0.3903072 -0.9023926 2.40193 -0.4114844 -0.8560741 2.461924 -0.3321326 -0.9646819 2.384248 -0.3491096 -0.9414467 2.51379
-0.3005158 0.8008258 2.265731 -0.3132472 0.6263316 2.276734 -0.3743095 0.3897407 2.201301 -0.159852 0.5803006 2.521334 -0.2831352 0.422265 1.949175 -0.2331316 0.6101379 2.768363 -0.1542442 0.6400782 1.950584 -0.1448877 0.8245728 2.675982 -0.1451962 0.7143991 1.968054 -0.115473 0.8960511 2.64972 -0.2704909 0.2059889 2.359383 -0.2630327 0.124174 2.377962 -0.3186649 0.04061526 2.336008 -0.1965353 0.06324629 2.450911 -0.3366196 -0.4908289 2.388422 -0.2986502 -0.5433725 2.535516 -0.3903061 -0.9024013 2.401929 -0.4162577 -0.8535058 2.466516 -0.3321343 -0.9644995 2.383571 -0.3490041 -0.9364279 2.51622
-0.2935817 0.7963752 2.261363 -0.3091645 0.6233025 2.276256 -0.4009245 0.4198768 2.194337 -0.1557692 0.5772715 2.520856 -0.2856846 0.4084499 1.949715 -0.2301511 0.6082101 2.767467 -0.1515614 0.6391677 1.95391 -0.1351613 0.809655 2.687089 -0.1412586 0.7115125 1.972068 -0.103498 0.8768032 2.664829 -0.2703606 0.2087254 2.359045 -0.2632382 0.1278872 2.377909 -0.3221157 0.04384195 2.337357 -0.192727 0.06869405 2.4477 -0.3366375 -0.4907313 2.388455 -0.2973731 -0.5370744 2.534907 -0.3903141 -0.9024027 2.401916 -0.4149799 -0.8472061 2.465908 -0.3313103 -0.9642677 2.385524 -0.3521467 -0.9333469 2.515926
-0.2881179 0.7773914 2.267187 -0.3056614 0.6044706 2.281976 -0.3992372 0.4221696 2.190394 -0.1522661 0.5584396 2.526576 -0.290886 0.384555 1.94999 -0.2284647 0.5930111 2.770869 -0.1437075 0.589115 1.962248 -0.1232153 0.804926 2.684931 -0.1307641 0.6614794 1.978539 -0.08813211 0.8755643 2.660816 -0.2705379 0.2080812 2.358947 -0.2634188 0.1276644 2.377761 -0.3230376 0.04393569 2.337574 -0.1923103 0.06859122 2.444865 -0.3366533 -0.4907563 2.388456 -0.2975158 -0.5367098 2.53432 -0.3903095 -0.9023978 2.401901 -0.415122 -0.8468399 2.465321 -0.3317913 -0.9645551 2.384878 -0.3512388 -0.9338261 2.512469
-0.287595 0.7657729 2.273662 -0.30252 0.5925 2.288125 -0.3967558 0.4308462 2.184996 -0.1491248 0.546469 2.532725 -0.2961047 0.3566209 1.952851 -0.2254523 0.5803666 2.775835 -0.1418564 0.5652447 1.963478 -0.1089028 0.7494621 2.715609 -0.1135387 0.6312121 1.986192 -0.07005301 0.8058272 2.700066 -0.2726301 0.1924308 2.360383 -0.2666381 0.112038 2.378095 -0.3260876 0.04080768 2.340724 -0.1962214 0.04580182 2.433088 -0.3365984 -0.4907409 2.388409 -0.2951541 -0.5597423 2.52726 -0.3901103 -0.9023373 2.401894 -0.4127596 -0.8698707 2.458261 -0.3309793 -0.9642302 2.386066 -0.3491581 -0.9537421 2.511091
-0.2884426 0.7585584 2.278191 -0.3026467 0.584765 2.291182 -0.3954947 0.4324136 2.183737 -0.1492514 0.538734 2.535782 -0.2978612 0.350934 1.95458 -0.1926011 0.5994992 2.7468 -0.1326387 0.555231 1.97515 -0.07343848 0.7693419 2.697079 -0.1081699 0.6254243 1.987136 -0.03371761 0.8259562 2.685037 -0.2740922 0.1844159 2.360275 -0.2683534 0.1041016 2.377372 -0.3284116 0.03845669 2.34879 -0.1996844 0.03851976 2.419432 -0.3364698 -0.4908793 2.388345 -0.2977479 -0.5652135 2.524088 -0.3901138 -0.9024741 2.402208 -0.4153529 -0.8753402 2.45509 -0.3311195 -0.9643808 2.385929 -0.3472169 -0.9554169 2.508155
-0.2887103 0.7569135 2.280494 -0.3030172 0.5825955 2.291721 -0.3960954 0.4328756 2.18377 -0.1496219 0.5365645 2.536321 -0.3009478 0.3473411 1.956353 -0.1937285 0.5994275 2.746586 -0.1319748 0.5509733 1.976937 -0.07397585 0.7686273 2.695815 -0.1044304 0.6199244 1.989448 -0.03405831 0.8250273 2.683424 -0.2741357 0.1838114 2.360289 -0.2683625 0.1037294 2.377342 -0.3285922 0.03820373 2.34913 -0.1995527 0.03853107 2.419466 -0.3361963 -0.4906951 2.388199 -0.2975727 -0.5651857 2.52423 -0.3900164 -0.9023552 2.402223 -0.4151771 -0.8753108 2.455231 -0.3306766 -0.9641806 2.386917 -0.3468731 -0.9544502 2.509475
-0.2889338 0.756834 2.281156 -0.3032964 0.5823497 2.291809 -0.3995038 0.4255945 2.187127 -0.1499011 0.5363187 2.536409 -0.316227 0.3299158 1.95724 -0.194794 0.6013531 2.745715 -0.1356236 0.5478701 1.976216 -0.08093499 0.7743254 2.693805 -0.1073277 0.6164485 1.989094 -0.042982 0.8319828 2.681034 -0.2741399 0.1836945 2.360383 -0.2683324 0.1036445 2.377434 -0.3287675 0.03755273 2.349939 -0.1990283 0.03879366 2.419949 -0.3360554 -0.4907174 2.388065 -0.2974468 -0.5649179 2.524449 -0.3897964 -0.902298 2.402142 -0.4150505 -0.8750413 2.455451 -0.3310685 -0.9643756 2.385548 -0.3473347 -0.9535524 2.511322
-0.2892197 0.7569295 2.282044 -0.3060747 0.5819716 2.290259 -0.4056874 0.408507 2.193354 -0.1526794 0.5359406 2.534859 -0.3121688 0.3545009 1.956846 -0.211945 0.5965881 2.753401 -0.1404259 0.5641073 1.969179 -0.09993239 0.7881885 2.689272 -0.1101254 0.6306036 1.987335 -0.06259486 0.8520553 2.672427 -0.2744642 0.1877259 2.359488 -0.26801 0.1097891 2.376532 -0.3282363 0.03607832 2.342314 -0.1946704 0.05111291 2.435013 -0.3360306 -0.4907688 2.387825 -0.2979593 -0.5535753 2.530018 -0.3897865 -0.902205 2.402238 -0.4155623 -0.8636969 2.46102 -0.3311464 -0.9642702 2.385286 -0.3494365 -0.946857 2.511845
-0.2905908 0.7610753 2.278807 -0.3078964 0.5861156 2.286863 -0.4062698 0.4083872 2.192944 -0.1545011 0.5400846 2.531463 -0.3092788 0.3657486 1.951519 -0.2469541 0.5661476 2.773022 -0.1472697 0.5803436 1.963932 -0.1720824 0.7406621 2.668374 -0.1335226 0.6536435 1.9743 -0.1471252 0.7988336 2.638023 -0.2763472 0.1996196 2.355568 -0.269842 0.1229012 2.372733 -0.3311472 0.03775332 2.324209 -0.1950424 0.05711511 2.443388 -0.3359852 -0.4908345 2.38761 -0.3004566 -0.5485228 2.530777 -0.3896881 -0.9022596 2.402333 -0.4180589 -0.8586428 2.46178 -0.3313356 -0.9644699 2.384919 -0.3524025 -0.9425807 2.511935
-0.2953041 0.7678589 2.275417 -0.3147113 0.5928183 2.282381 -0.4085441 0.405699 2.193247 -0.1613161 0.5467873 2.52698 -0.3068621 0.3773633 1.948132 -0.2362454 0.6064208 2.768645 -0.1558614 0.5846163 1.95626 -0.1426695 0.8415 2.624033 -0.1372562 0.6562247 1.970236 -0.1114776 0.9198597 2.580361 -0.2804291 0.2010863 2.350721 -0.2737073 0.1233973 2.367593 -0.3343983 0.03619535 2.315133 -0.1993404 0.05491342 2.441132 -0.3364128 -0.490748 2.387045 -0.3143154 -0.5516946 2.510745 -0.3897105 -0.9022564 2.40234 -0.4319171 -0.8618128 2.441747 -0.3311899 -0.9644452 2.385412 -0.3640322 -0.9400869 2.497758
-0.2997171 0.7745821 2.273059 -0.3171152 0.5989352 2.278543 -0.393708 0.386305 2.202149 -0.16372 0.5529041 2.523143 -0.3025093 0.3917699 1.944764 -0.2358129 0.6065767 2.766837 -0.1612916 0.5900853 1.949752 -0.1437706 0.8433928 2.624794 -0.1486985 0.6632671 1.962201 -0.1130898 0.9223316 2.581979 -0.2795575 0.2024487 2.351639 -0.2721532 0.124461 2.369357 -0.3284354 0.03753712 2.326379 -0.1975927 0.06346227 2.440541 -0.3370912 -0.4897387 2.386483 -0.3088222 -0.5415089 2.525758 -0.3897209 -0.9022746 2.4024 -0.4264233 -0.8516256 2.45676 -0.3316195 -0.9647233 2.384981 -0.3594611 -0.9364928 2.503522
-0.3050702 0.7790205 2.271302 -0.3201039 0.6029435 2.275975 -0.3932503 0.3880485 2.200959 -0.1667087 0.5569125 2.520575 -0.3016615 0.3961623 1.944396 -0.2354172 0.6071224 2.765812 -0.1652469 0.5923413 1.945364 -0.1466216 0.8414979 2.630472 -0.1509549 0.6647426 1.960291 -0.1170231 0.9196231 2.58989 -0.2796733 0.2025391 2.351636 -0.2721837 0.124378 2.369438 -0.328126 0.03748728 2.326186 -0.1987615 0.06297121 2.441142 -0.3383486 -0.4901138 2.385912 -0.3056339 -0.5429576 2.52534 -0.389676 -0.9022647 2.402391 -0.4232344 -0.8530725 2.456343 -0.3310823 -0.9646772 2.386555 -0.3575469 -0.9373643 2.505877
-0.3049647 0.7801721 2.271004 -0.3207647 0.6040013 2.275055 -0.3933823 0.3881549 2.200207 -0.1673694 0.5579702 2.519655 -0.3017543 0.3962412 1.944444 -0.2344434 0.6081693 2.765302 -0.1670495 0.5929361 1.944489 -0.1719826 0.7919694 2.663466 -0.1540095 0.6658423 1.958705 -0.1511624 0.8532361 2.634053 -0.2799763 0.2026509 2.351702 -0.2724499 0.1242509 2.369667 -0.3274617 0.03660937 2.324755 -0.2034487 0.05759128 2.447042 -0.3389888 -0.4892818 2.385213 -0.3007699 -0.5500059 2.530909 -0.3896573 -0.902291 2.402386 -0.4183697 -0.8601192 2.461912 -0.3314296 -0.9647229 2.385317 -0.3613671 -0.9496729 2.512949
-0.3054397 0.7799166 2.270884 -0.3211892 0.6036637 2.274635 -0.4127238 0.4092031 2.187541 -0.1677939 0.5576327 2.519235 -0.3046399 0.390646 1.944558 -0.238148 0.6069895 2.764209 -0.1677265 0.5926734 1.945302 -0.1710557 0.7921954 2.663816 -0.1552709 0.6705022 1.963532 -0.1486915 0.8539307 2.634884 -0.2849816 0.2093006 2.343487 -0.2783368 0.1323768 2.359504 -0.3355294 0.04234491 2.301997 -0.2068331 0.05974987 2.44204 -0.339846 -0.4897966 2.384843 -0.3229564 -0.5482069 2.499567 -0.3897631 -0.9022487 2.402485 -0.4405556 -0.8583186 2.43057 -0.3317226 -0.9646689 2.384739 -0.4046425 -0.9376302 2.509908
-0.2943226 0.7678602 2.254411 -0.3203809 0.5980362 2.275232 -0.413606 0.4105693 2.184431 -0.1669856 0.5520052 2.519832 -0.3042817 0.3839786 1.94244 -0.2367524 0.6062533 2.764025 -0.1672351 0.5896047 1.948526 -0.1677637 0.7917311 2.661351 -0.1538127 0.6616589 1.965754 -0.1447675 0.853557 2.631659 -0.2864162 0.2107686 2.340895 -0.2803611 0.134929 2.355967 -0.3377323 0.0426686 2.295345 -0.2084918 0.05970404 2.440604 -0.340208 -0.4894443 2.384493 -0.3230452 -0.5484138 2.499354 -0.3898222 -0.9023538 2.402446 -0.4406438 -0.8585237 2.430357 -0.3320962 -0.9647475 2.383604 -0.3703226 -0.9324206 2.48926
-0.2954768 0.7601603 2.2574 -0.3209739 0.589792 2.276935 -0.4086183 0.4222522 2.173089 -0.1675786 0.543761 2.521535 -0.2973949 0.3759663 1.939406 -0.23029 0.6031682 2.761718 -0.1630641 0.5728401 1.955825 -0.1517082 0.7729524 2.651415 -0.1462765 0.6433984 1.976033 -0.1255142 0.8295472 2.61918 -0.2867262 0.2122088 2.341087 -0.280633 0.1380632 2.356436 -0.3374272 0.04336609 2.294878 -0.2094543 0.06479689 2.443811 -0.3402631 -0.4889507 2.383829 -0.3132265 -0.5420896 2.525506 -0.3898926 -0.9023145 2.402423 -0.4308244 -0.8521979 2.45651 -0.3314008 -0.9644785 2.385247 -0.4021893 -0.9405568 2.528958
-0.2965502 0.750805 2.262671 -0.3205726 0.5789191 2.278358 -0.4087724 0.4228373 2.171916 -0.1671773 0.5328881 2.522958 -0.2930357 0.36913 1.942302 -0.2194429 0.5957186 2.75196 -0.1576605 0.542092 1.965982 -0.1436853 0.767462 2.642871 -0.1157547 0.6008666 1.987386 -0.1184327 0.8247098 2.61104 -0.2869535 0.2051608 2.342551 -0.2806658 0.1306061 2.358316 -0.3365062 0.03992462 2.296383 -0.2110655 0.05106405 2.445823 -0.3403171 -0.4888862 2.38345 -0.3021354 -0.5583416 2.524427 -0.3898852 -0.9021154 2.402374 -0.4197327 -0.8684483 2.455431 -0.3317185 -0.9642938 2.384173 -0.3486284 -0.9475673 2.506033
-0.3106305 0.7447972 2.265984 -0.320616 0.5713879 2.281241 -0.4079977 0.4261194 2.169986 -0.1672208 0.525357 2.525842 -0.29225 0.3619127 1.947399 -0.2088597 0.5925031 2.74255 -0.152681 0.5248134 1.970442 -0.1335237 0.7642672 2.633165 -0.1218642 0.5921472 1.984049 -0.1084117 0.8215219 2.601235 -0.2938127 0.1974002 2.338224 -0.2895154 0.1221562 2.352003 -0.3448236 0.03626239 2.290461 -0.2252061 0.04000708 2.432656 -0.3409695 -0.4891908 2.3832 -0.3370032 -0.5686768 2.491063 -0.3899079 -0.9021025 2.402323 -0.4545999 -0.8787819 2.422067 -0.331785 -0.9643267 2.384131 -0.3760921 -0.9450717 2.479678
-0.3100484 0.7440168 2.265796 -0.3207614 0.5706023 2.280907 -0.4061376 0.4315928 2.165951 -0.1673662 0.5245714 2.525508 -0.2884376 0.3613837 1.951235 -0.2046685 0.5912864 2.737741 -0.1451376 0.5285304 1.973724 -0.1293399 0.7629411 2.628155 -0.1150845 0.5964042 1.986317 -0.1042304 0.8201593 2.596158 -0.3007441 0.1823035 2.333424 -0.2979538 0.1029417 2.346483 -0.3528696 0.03408855 2.298092 -0.2357115 0.02921851 2.400565 -0.3410751 -0.4891753 2.38314 -0.3428675 -0.5768267 2.483936 -0.3897242 -0.9023051 2.402539 -0.4604636 -0.88693 2.414941 -0.3303191 -0.9640628 2.387108 -0.3915431 -0.9307595 2.499827
-0.3088158 0.7429647 2.265355 -0.3201309 0.5695214 2.280262 -0.4079449 0.4298627 2.167022 -0.1667357 0.5234904 2.524863 -0.28847 0.3614877 1.951079 -0.2040488 0.5924693 2.730863 -0.144601 0.5287885 1.972825 -0.1287223 0.76407 2.621179 -0.1114827 0.5963473 1.975577 -0.1036134 0.8212702 2.58915 -0.3012223 0.1920505 2.331198 -0.2984086 0.1201178 2.343849 -0.3537205 0.03567731 2.284888 -0.2352319 0.03677014 2.423715 -0.3413506 -0.4888197 2.383079 -0.3426393 -0.5723548 2.484971 -0.3897155 -0.9023219 2.402507 -0.4602347 -0.8824564 2.415976 -0.3298232 -0.9639449 2.388484 -0.3916891 -0.9282798 2.50011
-0.3076983 0.7438715 2.264031 -0.3201205 0.5704448 2.278759 -0.4103383 0.4282808 2.167228 -0.1667253 0.5244139 2.523359 -0.2929336 0.3604618 1.941444 -0.2063469 0.5950049 2.729986 -0.1450392 0.5341491 1.966861 -0.1232451 0.764961 2.623855 -0.1160134 0.6035676 1.969536 -0.09554455 0.821613 2.59301 -0.2952947 0.1996907 2.336393 -0.2896304 0.1282638 2.352381 -0.3450333 0.03683127 2.289961 -0.2190306 0.04580665 2.446907 -0.3429326 -0.489401 2.383145 -0.3034211 -0.5639867 2.52929 -0.3900167 -0.902364 2.402211 -0.4210159 -0.8740866 2.460294 -0.3301975 -0.9640821 2.38829 -0.3503525 -0.9510765 2.514667
-0.3059821 0.7467599 2.262805 -0.3210054 0.5730405 2.275944 -0.3952396 0.3817096 2.179707 -0.1676102 0.5270096 2.520544 -0.3115874 0.3626318 1.938583 -0.214276 0.5963076 2.733695 -0.1530007 0.5604774 1.949469 -0.1286812 0.7679633 2.633143 -0.11893 0.6257382 1.965241 -0.1001496 0.8251819 2.604157 -0.2948633 0.2011691 2.336324 -0.2892628 0.1289565 2.352426 -0.3435776 0.03612329 2.289285 -0.2195403 0.04790796 2.446999 -0.3436331 -0.4884484 2.383165 -0.3287116 -0.5615525 2.502817 -0.3899723 -0.9023196 2.402231 -0.4463058 -0.8716508 2.433822 -0.3300943 -0.9639792 2.388303 -0.3718078 -0.9394583 2.49489
-0.3037259 0.7585748 2.25833 -0.3240446 0.5845006 2.268485 -0.3954367 0.379209 2.182842 -0.1706494 0.5384696 2.513085 -0.3121697 0.3763824 1.931728 -0.2243337 0.5975195 2.740433 -0.1550819 0.5845314 1.942279 -0.1605685 0.7824516 2.648813 -0.1302521 0.655261 1.949293 -0.1393134 0.8440956 2.622804 -0.2912881 0.2122792 2.339864 -0.2845068 0.1392063 2.357767 -0.338499 0.036213 2.29124 -0.2138728 0.06809978 2.461852 -0.3442706 -0.4873855 2.382961 -0.3137837 -0.5413353 2.530682 -0.3899812 -0.9023758 2.402208 -0.4313773 -0.8514321 2.461687 -0.3302302 -0.964088 2.387957 -0.3619251 -0.9334491 2.509931
-0.3036339 0.7771143 2.252199 -0.3258842 0.6033131 2.262488 -0.3952276 0.3792874 2.183082 -0.172489 0.5572821 2.507088 -0.309585 0.3938677 1.926865 -0.227233 0.5978092 2.74087 -0.1590257 0.602623 1.935412 -0.1501695 0.7822423 2.653127 -0.1313445 0.6715085 1.947932 -0.1244816 0.84372 2.628412 -0.2893488 0.2194933 2.342857 -0.2821796 0.1445437 2.361712 -0.3347005 0.03744323 2.29426 -0.2126381 0.07300989 2.466453 -0.3447679 -0.4870985 2.382806 -0.3124654 -0.536828 2.532413 -0.3900548 -0.9024148 2.402344 -0.4300583 -0.8469232 2.463418 -0.3300172 -0.963975 2.388637 -0.3662212 -0.9326658 2.512932
-0.3035926 0.7885979 2.247584 -0.3257954 0.6148146 2.257966 -0.390802 0.3762995 2.184423 -0.1724001 0.5687836 2.502565 -0.3079962 0.4017823 1.925801 -0.208728 0.6677201 2.727582 -0.1563759 0.6425729 1.927006 -0.1269995 0.8439856 2.632715 -0.1271957 0.7098761 1.943948 -0.09975661 0.9027407 2.605625 -0.2895754 0.2195207 2.342516 -0.2825821 0.1436844 2.361403 -0.3343107 0.0371655 2.294182 -0.2172241 0.06643679 2.464121 -0.3449463 -0.4870296 2.382728 -0.318372 -0.5448701 2.515943 -0.3901897 -0.9025052 2.402458 -0.4359644 -0.8549637 2.446948 -0.3300135 -0.9639808 2.388972 -0.366636 -0.9340007 2.500107
-0.3107873 0.790031 2.24541 -0.328819 0.6161299 2.257037 -0.3907017 0.3756338 2.185523 -0.1754238 0.5700988 2.501637 -0.3063387 0.4080387 1.926596 -0.2054465 0.6717422 2.726924 -0.1576113 0.6459894 1.924375 -0.1230342 0.8591911 2.664079 -0.1337723 0.7154459 1.940981 -0.0955634 0.921674 2.647663 -0.289464 0.2197205 2.343902 -0.281714 0.142972 2.364445 -0.3307207 0.0369725 2.302218 -0.2159103 0.06895363 2.46575 -0.3453457 -0.4875324 2.382844 -0.3115499 -0.5401256 2.542105 -0.3901977 -0.9025252 2.402242 -0.4291416 -0.8502176 2.473111 -0.3298052 -0.9638902 2.389215 -0.338981 -0.9054419 2.525081
-0.3112872 0.7926092 2.244462 -0.3289869 0.6186306 2.255953 -0.3907153 0.3759666 2.185357 -0.1755917 0.5725996 2.500553 -0.3057652 0.4091612 1.927191 -0.2037577 0.6734111 2.725591 -0.1576104 0.6496266 1.924484 -0.1251389 0.8632184 2.665661 -0.1416276 0.7211087 1.941895 -0.09893265 0.9264874 2.650216 -0.2895154 0.2199471 2.344069 -0.2817529 0.142888 2.364733 -0.3303607 0.03699755 2.302194 -0.2169572 0.06566769 2.468189 -0.3458359 -0.4883365 2.382823 -0.3034242 -0.5454829 2.539703 -0.3901441 -0.9025679 2.402269 -0.4210154 -0.8555733 2.470709 -0.3297091 -0.9640907 2.390216 -0.3534019 -0.940823 2.515884
-0.3115654 0.7911189 2.244848 -0.3288048 0.6171225 2.256442 -0.3957257 0.3839615 2.184921 -0.1754095 0.5710916 2.501042 -0.3053806 0.4074585 1.928629 -0.1596928 0.7444648 2.69457 -0.157903 0.6493011 1.924967 -0.1111138 0.9493855 2.682554 -0.1412807 0.7206299 1.942408 -0.09492081 1.017692 2.683081 -0.2862518 0.2160756 2.348145 -0.2769735 0.1367695 2.370583 -0.3303536 0.05227023 2.369707 -0.1967239 0.08135664 2.413622 -0.346069 -0.4880054 2.382778 -0.3059157 -0.5185727 2.528074 -0.3900557 -0.9024158 2.401928 -0.4235063 -0.8286615 2.45908 -0.3304484 -0.9632519 2.38379 -0.3626204 -0.9181603 2.505591
-0.3111852 0.7763869 2.247853 -0.328732 0.6029342 2.261145 -0.4093589 0.4024023 2.173993 -0.1753367 0.5569031 2.505745 -0.3058751 0.3902988 1.932537 -0.1624385 0.7106057 2.693677 -0.16103 0.5946317 1.937502 -0.08002947 0.9041593 2.670045 -0.1482649 0.6681113 1.947793 -0.05255978 0.9686772 2.6667 -0.2956505 0.2144405 2.336751 -0.291958 0.137249 2.35128 -0.3509251 0.04087961 2.276477 -0.2336725 0.05093966 2.435431 -0.3467047 -0.4886539 2.38296 -0.3430601 -0.5590494 2.486577 -0.3902342 -0.9025714 2.401852 -0.46065 -0.8691366 2.417583 -0.3299802 -0.9638453 2.387764 -0.385178 -0.9329003 2.481766
-0.309853 0.7554066 2.255138 -0.3258408 0.582058 2.269257 -0.4131176 0.4164414 2.168117 -0.1724456 0.536027 2.513857 -0.3061742 0.3562678 1.935097 -0.1508103 0.7117234 2.69141 -0.1590962 0.5839627 1.940541 -0.2353044 0.5361594 2.757771 -0.145035 0.6573359 1.949845 -0.2540152 0.4642076 2.745907 -0.2938408 0.2111509 2.33968 -0.2887923 0.1347972 2.355728 -0.3411026 0.03946045 2.294232 -0.2229936 0.05061145 2.445459 -0.347921 -0.4897722 2.38315 -0.3048748 -0.5587876 2.532768 -0.3902827 -0.902749 2.401818 -0.4224641 -0.8688731 2.463775 -0.3302007 -0.9641418 2.38751 -0.3517838 -0.9484172 2.514357
-0.3103209 0.7525675 2.256839 -0.3258219 0.5790351 2.270517 -0.4074047 0.4409496 2.153578 -0.1724266 0.5330042 2.515117 -0.3027788 0.3579004 1.938173 -0.1471884 0.7040521 2.693209 -0.1574836 0.5474663 1.950441 -0.2406846 0.5309476 2.754769 -0.1214979 0.6109354 1.969004 -0.2593955 0.4589958 2.742905 -0.2924807 0.2039592 2.342228 -0.2865824 0.1278544 2.358967 -0.3389479 0.03892452 2.299804 -0.2219337 0.04934584 2.445019 -0.3479989 -0.489931 2.38328 -0.3045665 -0.5599436 2.532423 -0.3902885 -0.9027979 2.401824 -0.4221551 -0.8700274 2.46343 -0.3303804 -0.9642711 2.387132 -0.3513474 -0.949187 2.514438
-0.3103648 0.749787 2.261378 -0.323943 0.5755941 2.27343 -0.4074117 0.4401276 2.154184 -0.1705478 0.5295631 2.51803 -0.3016514 0.3576149 1.940125 -0.1347979 0.6953806 2.696375 -0.1576673 0.5368046 1.955456 -0.2511383 0.5203984 2.696967 -0.124264 0.602836 1.969311 -0.2698491 0.4484467 2.685103 -0.2910219 0.2017123 2.344264 -0.28496 0.1260443 2.36112 -0.3367698 0.03882966 2.305922 -0.220594 0.04916817 2.444787 -0.3480324 -0.489816 2.383393 -0.3040667 -0.5600182 2.532167 -0.3902147 -0.9027774 2.401675 -0.4216547 -0.8701004 2.463173 -0.330032 -0.9642949 2.38835 -0.3504891 -0.9494705 2.513351
-0.3097234 0.7495077 2.262499 -0.3238922 0.5750859 2.273631 -0.4045777 0.4447061 2.149605 -0.170497 0.5290549 2.518231 -0.3008816 0.358642 1.94046 -0.1346099 0.6953691 2.696373 -0.1578701 0.5369492 1.956999 -0.2542653 0.5293048 2.732378 -0.1234885 0.6025476 1.970513 -0.2729761 0.4573532 2.720515 -0.290805 0.2004379 2.345073 -0.2845975 0.1247743 2.362185 -0.335478 0.04007193 2.309447 -0.220594 0.04903275 2.444445 -0.3480856 -0.4899111 2.383445 -0.3036419 -0.5601315 2.532351 -0.3905571 -0.9029021 2.401687 -0.4212292 -0.8702121 2.463358 -0.3299857 -0.9641464 2.388869 -0.3506138 -0.950725 2.512484
-0.3090451 0.7499861 2.26181 -0.3241411 0.5757231 2.273223 -0.4111935 0.41458 2.170156 -0.1707458 0.5296921 2.517823 -0.3044612 0.3593259 1.940844 -0.1394094 0.6985463 2.687743 -0.1594511 0.5500236 1.959717 -0.2534842 0.5345096 2.740736 -0.1255442 0.6159427 1.972865 -0.272195 0.462558 2.728872 -0.2907159 0.2006384 2.345164 -0.2843668 0.1250847 2.362443 -0.3349144 0.03905797 2.30841 -0.2189433 0.04784099 2.448424 -0.3482005 -0.4899024 2.383588 -0.3037402 -0.5616481 2.532923 -0.3905833 -0.9029065 2.401659 -0.4213269 -0.871727 2.463929 -0.3301486 -0.9641067 2.388007 -0.3473697 -0.9523568 2.507652
-0.3059692 0.7542709 2.257862 -0.3257049 0.5810994 2.271346 -0.4062391 0.3839259 2.189424 -0.1723096 0.5350684 2.515947 -0.30746 0.3720063 1.937655 -0.1448639 0.7129724 2.679495 -0.1635675 0.5864787 1.960211 -0.3165494 0.5931223 2.688598 -0.1409283 0.6572776 1.972156 -0.3352599 0.5211717 2.676735 -0.2902664 0.2030045 2.345913 -0.2834776 0.1275027 2.363764 -0.3337604 0.03766478 2.307571 -0.2165201 0.05107932 2.455708 -0.3481787 -0.4900984 2.383725 -0.3054663 -0.5588205 2.53382 -0.3905168 -0.9029706 2.401723 -0.4230524 -0.8688978 2.464828 -0.3299412 -0.964164 2.388673 -0.3495678 -0.949913 2.508637
-0.3051267 0.766416 2.254838 -0.3273749 0.5925343 2.264951 -0.4058732 0.3839538 2.190023 -0.1739796 0.5465034 2.509552 -0.3111513 0.3769039 1.938169 -0.186148 0.6976145 2.690665 -0.1679073 0.5969082 1.957269 -0.265307 0.5018052 2.753104 -0.1546538 0.6706456 1.964667 -0.2840173 0.4298553 2.741241 -0.2898244 0.205443 2.345942 -0.2828223 0.1291648 2.364345 -0.3334588 0.03739118 2.3075 -0.2150796 0.0545176 2.457498 -0.3480287 -0.4899793 2.383924 -0.3088875 -0.555168 2.53218 -0.3905131 -0.9029726 2.401723 -0.4264731 -0.8652437 2.463187 -0.3298591 -0.9641312 2.388866 -0.3546489 -0.9457411 2.510565
-0.3068758 0.7853199 2.249656 -0.3302586 0.6122313 2.261948 -0.4034688 0.3823308 2.189867 -0.1768634 0.5662003 2.506548 -0.3037562 0.4110575 1.93834 -0.2336363 0.6082546 2.746867 -0.1700245 0.6342685 1.950304 -0.2973683 0.407876 2.745196 -0.1510185 0.7042304 1.975761 -0.3160785 0.3359267 2.733333 -0.2894252 0.2168081 2.347699 -0.2817291 0.1385129 2.367195 -0.3329549 0.03744703 2.306938 -0.2127699 0.07009678 2.469172 -0.3480414 -0.4900809 2.383987 -0.3114222 -0.5396 2.538382 -0.3905014 -0.9028817 2.401638 -0.429007 -0.8496739 2.469389 -0.3304891 -0.9640159 2.385951 -0.3598531 -0.9348855 2.512291
-0.3144688 0.7904569 2.248976 -0.3314085 0.6162383 2.26 -0.4015106 0.381676 2.189457 -0.1780133 0.5702072 2.504601 -0.3030268 0.4151234 1.939142 -0.2335633 0.6080842 2.749207 -0.1707214 0.6357656 1.949635 -0.2980072 0.4075788 2.736285 -0.1531848 0.7051401 1.973025 -0.3167172 0.33563 2.724422 -0.2873179 0.2095761 2.351671 -0.2774285 0.1243083 2.375194 -0.3247925 0.04420619 2.364923 -0.2089813 0.05532841 2.428211 -0.3481175 -0.4901399 2.384135 -0.3012491 -0.5494623 2.533122 -0.3904993 -0.9028858 2.401642 -0.4188333 -0.8595345 2.46413 -0.3301751 -0.9641057 2.387565 -0.35196 -0.9435013 2.512726
-0.3142683 0.7919557 2.247956 -0.3312213 0.6176662 2.258744 -0.4007592 0.3820398 2.189621 -0.177826 0.5716351 2.503344 -0.3021272 0.4173531 1.940223 -0.2337939 0.6066989 2.749727 -0.1717111 0.6376788 1.949279 -0.2988464 0.4064277 2.732155 -0.1601116 0.7192906 1.96845 -0.3175564 0.3344793 2.720291 -0.2876056 0.2106615 2.35105 -0.2782579 0.1269185 2.373898 -0.3268976 0.03720833 2.310833 -0.2149957 0.05575836 2.457654 -0.348212 -0.490251 2.384342 -0.3028711 -0.5540017 2.537916 -0.3904666 -0.9032865 2.402241 -0.4204547 -0.8640722 2.468924 -0.3297731 -0.9641498 2.388205 -0.3910697 -0.9522912 2.541299
-0.3130096 0.7917286 2.246978 -0.331037 0.6175472 2.257775 -0.4155258 0.4100735 2.17628 -0.1776417 0.5715162 2.502375 -0.3065791 0.4053619 1.943878 -0.2321825 0.6063428 2.750814 -0.1718084 0.6379211 1.949447 -0.29769 0.406727 2.72243 -0.1581795 0.719609 1.970337 -0.3163998 0.3347789 2.710567 -0.2894948 0.2172102 2.346301 -0.2816526 0.1384765 2.366628 -0.3295892 0.04030551 2.304473 -0.2153217 0.0564746 2.458874 -0.3479315 -0.4892811 2.384742 -0.303179 -0.5535332 2.53758 -0.3907239 -0.9036383 2.402412 -0.420762 -0.863602 2.468588 -0.3297136 -0.9644731 2.389685 -0.3919045 -0.9519026 2.541075
-0.2975469 0.7806144 2.234509 -0.3286322 0.612556 2.257977 -0.4062681 0.4044577 2.177934 -0.175237 0.566525 2.502577 -0.3087142 0.3974329 1.946973 -0.2319335 0.605606 2.749156 -0.1703031 0.6370431 1.950396 -0.2924305 0.4038724 2.735161 -0.1549718 0.7075554 1.971848 -0.3111401 0.3319251 2.723298 -0.2883748 0.2229983 2.34453 -0.2803557 0.1480653 2.364166 -0.3288836 0.04168665 2.29972 -0.2125003 0.07199517 2.466368 -0.3484146 -0.4898272 2.385242 -0.3096695 -0.5376328 2.538036 -0.3907754 -0.9036172 2.402288 -0.4272518 -0.8477 2.469044 -0.3305969 -0.964915 2.387915 -0.3551605 -0.9346254 2.502684
-0.3023088 0.7683123 2.245352 -0.3255228 0.5965967 2.262076 -0.4097072 0.4123172 2.173246 -0.1721276 0.5505657 2.506676 -0.308788 0.3803752 1.949459 -0.2273961 0.6012996 2.743657 -0.1628044 0.5954323 1.959881 -0.284934 0.4022015 2.767555 -0.1483191 0.6685009 1.970752 -0.3036434 0.3302552 2.755692 -0.288495 0.2218878 2.344214 -0.2806328 0.1471775 2.363746 -0.3293301 0.04163121 2.299276 -0.2131712 0.06676614 2.464711 -0.3484461 -0.4899462 2.385358 -0.3038453 -0.5443193 2.533096 -0.3907961 -0.903551 2.402301 -0.4214271 -0.8543849 2.464104 -0.3308059 -0.9649607 2.387614 -0.3611952 -0.9349425 2.525486
-0.308326 0.7612672 2.252773 -0.3236842 0.5878631 2.266994 -0.4096622 0.4226495 2.166315 -0.170289 0.5418321 2.511594 -0.2969061 0.3705995 1.944283 -0.1972277 0.6249518 2.714666 -0.1589906 0.5696331 1.962861 -0.2741103 0.4454769 2.780026 -0.1210675 0.6296022 1.988012 -0.2928196 0.3735309 2.768163 -0.2886442 0.21928 2.343855 -0.2810687 0.1449997 2.362903 -0.3300275 0.04115218 2.29783 -0.2141152 0.05997118 2.462729 -0.3482437 -0.4897253 2.385587 -0.3042297 -0.5510746 2.532 -0.3907942 -0.9033449 2.402252 -0.4218108 -0.8611385 2.463009 -0.3311225 -0.9650656 2.387568 -0.3525837 -0.9437919 2.510564
-0.2996154 0.7482555 2.256366 -0.3182989 0.5753886 2.271259 -0.409317 0.424418 2.164907 -0.1649037 0.5293576 2.515859 -0.2946371 0.3664187 1.945521 -0.2475478 0.4905049 2.759082 -0.1474055 0.5474855 1.974536 -0.1407438 0.6666771 2.70175 -0.1190924 0.6161463 1.986827 -0.1051425 0.7254012 2.687171 -0.2875892 0.2119217 2.34429 -0.2808057 0.1387637 2.36268 -0.3307991 0.03983882 2.298152 -0.21364 0.05429982 2.459868 -0.3482954 -0.4898999 2.385646 -0.3043934 -0.5562662 2.531984 -0.3905549 -0.9031577 2.402271 -0.4219738 -0.8663284 2.462993 -0.3312526 -0.9649301 2.386354 -0.3508529 -0.9474709 2.510357
-0.3001859 0.7460207 2.257469 -0.3179246 0.5732108 2.272855 -0.4103694 0.4256632 2.165582 -0.1645294 0.5271798 2.517455 -0.2943178 0.3625873 1.947438 -0.1898324 0.5986794 2.709544 -0.1443632 0.5442345 1.97574 -0.2670504 0.4245716 2.785836 -0.1008455 0.6048852 1.985469 -0.2857597 0.3526258 2.773974 -0.2941005 0.2105105 2.337379 -0.2913154 0.1379021 2.351024 -0.3496794 0.04050495 2.27666 -0.2287694 0.04616142 2.443791 -0.3482622 -0.4900937 2.385778 -0.3450907 -0.5638672 2.482194 -0.390587 -0.9031335 2.402247 -0.465033 -0.8750737 2.432804 -0.3314535 -0.9648436 2.385484 -0.3826089 -0.9389235 2.487714
-0.305706 0.7464987 2.259901 -0.3180714 0.5727857 2.273917 -0.4102512 0.4271412 2.16486 -0.1646761 0.5267547 2.518517 -0.2946109 0.3619153 1.947318 -0.1940012 0.5960535 2.710994 -0.1441554 0.5424481 1.975996 -0.2680689 0.4209839 2.788065 -0.1018048 0.6040769 1.98467 -0.286778 0.3490384 2.776202 -0.3298054 0.2119836 2.319017 -0.3368908 0.1404965 2.327595 -0.3976065 0.0533415 2.257325 -0.2835948 0.05043847 2.411942 -0.3479631 -0.4897568 2.385997 -0.4315079 -0.5535389 2.439553 -0.3905884 -0.9031426 2.402208 -0.5514491 -0.8647425 2.390164 -0.3314504 -0.96483 2.385377 -0.4600791 -0.9144824 2.445509
-0.3053817 0.7469312 2.259685 -0.3181891 0.5732509 2.273709 -0.4111552 0.4253381 2.165549 -0.1647939 0.5272199 2.518309 -0.2938862 0.3624094 1.942486 -0.1952291 0.6070384 2.712931 -0.145855 0.5430611 1.973154 -0.2718191 0.4349132 2.793476 -0.1076163 0.6070111 1.983881 -0.2905283 0.3629679 2.781614 -0.3129123 0.2133054 2.323293 -0.3043761 0.1414061 2.338197 -0.3536841 0.04165534 2.269086 -0.2333487 0.04983307 2.435579 -0.3479776 -0.4897915 2.386024 -0.346614 -0.5602918 2.479254 -0.3904075 -0.902992 2.401818 -0.4611337 -0.8740406 2.438642 -0.3314249 -0.9648566 2.385092 -0.3785179 -0.9399227 2.490794
-0.3025912 0.750079 2.256847 -0.3184355 0.5768723 2.271584 -0.3986619 0.4628453 2.14263 -0.1650403 0.5308414 2.516184 -0.2955904 0.3686777 1.937652 -0.2117038 0.6010128 2.72734 -0.1537073 0.5620053 1.960835 -0.2747381 0.4197188 2.800431 -0.1260544 0.631074 1.972309 -0.2934471 0.3477738 2.788569 -0.2975908 0.2163847 2.331858 -0.2906088 0.1435128 2.348133 -0.3371638 0.05009167 2.287477 -0.2242886 0.05934078 2.440376 -0.3480917 -0.4898602 2.385985 -0.3069834 -0.5505553 2.524484 -0.3904556 -0.9034086 2.401906 -0.4215023 -0.8643016 2.483873 -0.3313283 -0.965072 2.384942 -0.3481045 -0.9493951 2.519341
-0.3002146 0.7557352 2.252273 -0.3220896 0.583011 2.266462 -0.4018719 0.3902127 2.185233 -0.1686944 0.5369801 2.511063 -0.3024326 0.3706843 1.937029 -0.2205427 0.5994536 2.736013 -0.1619513 0.5777276 1.950018 -0.2788835 0.411307 2.796934 -0.1433714 0.6506051 1.953235 -0.2975923 0.3393629 2.785072 -0.2932282 0.2166997 2.338319 -0.2846274 0.1429261 2.358471 -0.3339849 0.04354971 2.300603 -0.2124326 0.07395506 2.456032 -0.3481026 -0.4899181 2.385983 -0.3114797 -0.5331514 2.542263 -0.3904314 -0.9033667 2.401923 -0.4259977 -0.8468952 2.501652 -0.3305965 -0.9645625 2.385766 -0.3564133 -0.9372105 2.53144
-0.299446 0.763824 2.248591 -0.3239963 0.5911877 2.261919 -0.398307 0.3781573 2.189338 -0.1706011 0.5451568 2.50652 -0.3034942 0.3877766 1.933973 -0.2237459 0.6011801 2.741711 -0.1687247 0.5818702 1.941085 -0.2809938 0.4066207 2.784906 -0.1429499 0.6513919 1.954085 -0.2997025 0.3346772 2.773044 -0.2903602 0.2177128 2.341221 -0.2815749 0.14322 2.362024 -0.3310623 0.04093108 2.303679 -0.2102061 0.07530232 2.459564 -0.3480264 -0.4900639 2.385958 -0.3101788 -0.5325431 2.540269 -0.3904391 -0.9033046 2.401768 -0.4246958 -0.8462844 2.499658 -0.3307513 -0.9645717 2.385338 -0.3567732 -0.9369813 2.532012
-0.2976885 0.7809092 2.240431 -0.319985 0.6078137 2.253269 -0.397886 0.3778592 2.18945 -0.1665898 0.5617827 2.497869 -0.3030865 0.3955804 1.933891 -0.2188434 0.6279363 2.740113 -0.1716949 0.5877321 1.932685 -0.3156487 0.4409301 2.722814 -0.1528544 0.6599182 1.942718 -0.3343571 0.3689875 2.710951 -0.2867035 0.2155383 2.34304 -0.2771656 0.1376064 2.365321 -0.3281398 0.0390202 2.319857 -0.2061256 0.07261609 2.452572 -0.3478842 -0.4903625 2.385993 -0.3056092 -0.5360736 2.528265 -0.3903193 -0.9033092 2.401806 -0.4201252 -0.8498123 2.487654 -0.3311484 -0.964785 2.384312 -0.3522502 -0.939746 2.522174
-0.2987413 0.7816011 2.237771 -0.3209066 0.609153 2.252737 -0.3963792 0.3775528 2.189325 -0.1675114 0.5631221 2.497336 -0.3001188 0.4020908 1.932862 -0.2204976 0.6222326 2.742763 -0.1648196 0.6350091 1.931451 -0.3234241 0.4408905 2.699538 -0.1558751 0.7086872 1.944022 -0.3421325 0.3689477 2.687676 -0.2866402 0.2154532 2.343087 -0.2771867 0.1372658 2.36538 -0.3272915 0.03861642 2.317664 -0.2087548 0.06745324 2.45471 -0.3475331 -0.4900719 2.38588 -0.3032347 -0.5423681 2.528142 -0.3903108 -0.9033115 2.401799 -0.4177498 -0.8561041 2.487531 -0.3313346 -0.964388 2.382353 -0.3433461 -0.9445631 2.510469
-0.2984272 0.7819073 2.237003 -0.3208339 0.6093806 2.251633 -0.4137848 0.3995328 2.181686 -0.1674387 0.5633497 2.496233 -0.3059721 0.3966296 1.939134 -0.2217722 0.61655 2.744153 -0.164491 0.635271 1.931605 -0.3384951 0.4460189 2.689913 -0.1559389 0.7090384 1.943915 -0.3572033 0.3740773 2.678051 -0.2857165 0.219565 2.340715 -0.2768703 0.1424672 2.362392 -0.3305816 0.04281641 2.310589 -0.2059274 0.07265843 2.45295 -0.3476027 -0.4901695 2.385824 -0.3094273 -0.5354986 2.527815 -0.3903344 -0.9033329 2.401627 -0.4239414 -0.8492321 2.487205 -0.330147 -0.9640396 2.384915 -0.3517899 -0.938004 2.515516
-0.2985761 0.7807252 2.237459 -0.3209297 0.6080086 2.251518 -0.4104546 0.4121947 2.17034 -0.1675345 0.5619776 2.496118 -0.3035181 0.3954424 1.938394 -0.2230899 0.61167 2.744451 -0.1649819 0.6071151 1.933559 -0.1808777 0.7058132 2.547245 -0.1585763 0.6874923 1.941512 -0.1668069 0.7371942 2.486042 -0.2857746 0.2197351 2.339883 -0.2772511 0.1428761 2.360986 -0.3311132 0.04457438 2.306298 -0.2066201 0.07220776 2.451697 -0.3471657 -0.4897361 2.385391 -0.305557 -0.5369152 2.52518 -0.3903397 -0.9033543 2.401635 -0.4200702 -0.8506463 2.484569 -0.3303664 -0.9642628 2.384876 -0.3562152 -0.9443976 2.516534
-0.2989311 0.7698946 2.24087 -0.3200964 0.5971594 2.255352 -0.4075463 0.4175589 2.164454 -0.1667012 0.5511284 2.499952 -0.3049622 0.3764888 1.943567 -0.2208725 0.6046478 2.742651 -0.1620985 0.5944363 1.938054 -0.155734 0.7822687 2.636507 -0.1449382 0.6657566 1.954934 -0.1340212 0.8414757 2.605658 -0.285598 0.2193966 2.339363 -0.2772394 0.1428971 2.359941 -0.3304873 0.04510878 2.30235 -0.2070001 0.07124949 2.450893 -0.3467522 -0.4889284 2.385047 -0.3035924 -0.5382807 2.524212 -0.3903661 -0.9034036 2.401698 -0.4181047 -0.8520093 2.483602 -0.3305444 -0.9645048 2.38509 -0.3525521 -0.9432203 2.519275
-0.2877175 0.7487673 2.232764 -0.3172859 0.5834759 2.263824 -0.4073277 0.4187686 2.16337 -0.1638906 0.5374449 2.508424 -0.3023348 0.3580225 1.941724 -0.2113439 0.602451 2.740888 -0.1551187 0.5710082 1.945315 -0.1341924 0.7948939 2.690269 -0.1335024 0.639406 1.968126 -0.1084753 0.8590415 2.677928 -0.285246 0.2188135 2.339306 -0.2771361 0.142876 2.3596 -0.3282251 0.04271585 2.29524 -0.2081304 0.06052647 2.455518 -0.3465433 -0.4888185 2.384966 -0.296322 -0.5507961 2.525157 -0.3903793 -0.9033137 2.40168 -0.4108335 -0.8645221 2.484546 -0.3308859 -0.964785 2.385255 -0.3442124 -0.9543067 2.521826
-0.2973893 0.7472745 2.242779 -0.3181413 0.5778879 2.267022 -0.4058502 0.422361 2.161895 -0.1647461 0.5318568 2.511622 -0.295226 0.3587897 1.941039 -0.1966258 0.6041362 2.727572 -0.1432349 0.5458717 1.959417 -0.1110297 0.7735856 2.622776 -0.1090698 0.6099591 1.979201 -0.0824976 0.8300686 2.592376 -0.3321308 0.2036349 2.312078 -0.334575 0.1307626 2.323245 -0.3920643 0.04747548 2.255314 -0.282963 0.04177333 2.405737 -0.3464333 -0.4888247 2.384965 -0.4267098 -0.5629269 2.437888 -0.3904672 -0.9032995 2.401823 -0.5412202 -0.8766505 2.397277 -0.3306547 -0.9647266 2.386423 -0.4647062 -0.9251751 2.472646
-0.2982312 0.7403107 2.244695 -0.3180816 0.5712698 2.270123 -0.4050176 0.424038 2.161038 -0.1646864 0.5252388 2.514723 -0.31634 0.3268601 1.948691 -0.1941916 0.5950983 2.728938 -0.1337535 0.5397009 1.967463 -0.1151941 0.7588435 2.609021 -0.0989494 0.6057249 1.977225 -0.08886163 0.8134252 2.573581 -0.2950014 0.1676646 2.335546 -0.2903547 0.08908011 2.350919 -0.354191 0.02761917 2.325087 -0.2195499 0.03162729 2.392435 -0.3462005 -0.4888652 2.384976 -0.3373705 -0.5711318 2.484738 -0.3904703 -0.9033285 2.401858 -0.45188 -0.8848528 2.444128 -0.3306574 -0.9641992 2.384389 -0.3749912 -0.9310809 2.520551
-0.2986637 0.7402956 2.247892 -0.3171797 0.5701088 2.270704 -0.4061229 0.4218071 2.162245 -0.1637844 0.5240778 2.515304 -0.2808593 0.3627192 1.943998 -0.1937402 0.5941676 2.728781 -0.1315302 0.5388168 1.968324 -0.1155625 0.7580006 2.608395 -0.09755427 0.605149 1.97888 -0.08950327 0.8126115 2.572798 -0.2988512 0.1679653 2.333583 -0.2964858 0.08922395 2.348108 -0.363295 0.02760584 2.320401 -0.2274815 0.02787443 2.390127 -0.3455138 -0.488842 2.385013 -0.3640952 -0.5728855 2.470533 -0.3906458 -0.9033651 2.402287 -0.4786038 -0.886604 2.429923 -0.330912 -0.9642844 2.384715 -0.3937168 -0.9428408 2.489262
-0.2995939 0.7396804 2.248406 -0.3174344 0.5692958 2.270883 -0.4072275 0.4195649 2.163382 -0.1640391 0.5232648 2.515483 -0.3165203 0.3478424 1.949225 -0.230649 0.5537295 2.74079 -0.1323709 0.5381986 1.966413 -0.1304636 0.718052 2.641649 -0.1005653 0.6055328 1.977378 -0.09706843 0.7728261 2.613134 -0.3127224 0.2049606 2.307205 -0.3118264 0.1343113 2.316703 -0.3737884 0.04497665 2.247895 -0.2395831 0.04215647 2.395023 -0.3451954 -0.4885591 2.38481 -0.3890569 -0.5611215 2.427488 -0.3906463 -0.903241 2.402297 -0.5035646 -0.8748374 2.386878 -0.3310401 -0.9642144 2.384482 -0.4207006 -0.9261476 2.453138
-0.2986903 0.7426862 2.250264 -0.3164811 0.5709376 2.268928 -0.4099112 0.4110851 2.167816 -0.1630858 0.5249066 2.513528 -0.3092872 0.3491905 1.938368 -0.2328974 0.5549802 2.744031 -0.1522664 0.5291734 1.946013 -0.0897758 0.7082745 2.711096 -0.1151261 0.590678 1.968447 -0.0420686 0.7593726 2.70465 -0.304853 0.2063842 2.313576 -0.3004777 0.1343969 2.327756 -0.3573961 0.04043644 2.263945 -0.2290124 0.04592542 2.416959 -0.3446852 -0.4885738 2.384474 -0.3429228 -0.5628179 2.473177 -0.3906676 -0.9032024 2.402426 -0.4574296 -0.8765312 2.432568 -0.3312455 -0.9643884 2.384714 -0.3777052 -0.9401035 2.491668
-0.297173 0.7468098 2.250827 -0.3175657 0.5742224 2.266106 -0.4101067 0.4110804 2.167717 -0.1641705 0.5281914 2.510706 -0.3091494 0.3600885 1.937273 -0.2123077 0.6004176 2.732576 -0.1466354 0.5788066 1.937877 -0.1362296 0.7840416 2.649328 -0.118367 0.6465361 1.95458 -0.1108703 0.8452497 2.626111 -0.2905837 0.2151288 2.325742 -0.2820062 0.1440099 2.344243 -0.3342331 0.04229633 2.280165 -0.2069083 0.06488826 2.445109 -0.3440958 -0.4886199 2.3841 -0.3024405 -0.5451924 2.515717 -0.3907878 -0.9032114 2.402466 -0.4169464 -0.8589032 2.475108 -0.3314262 -0.9645293 2.385001 -0.3468554 -0.9446566 2.515411
-0.2901182 0.7722346 2.247249 -0.3079939 0.5979726 2.257991 -0.4022269 0.3976552 2.173908 -0.1545987 0.5519415 2.502591 -0.3079655 0.3718635 1.936128 -0.2134344 0.6008983 2.732805 -0.1503701 0.5812001 1.932567 -0.1378394 0.7850998 2.650563 -0.1214511 0.6483182 1.950568 -0.1126411 0.8465003 2.627682 -0.2857721 0.2146055 2.330021 -0.2780859 0.1406159 2.349263 -0.3315028 0.0389617 2.288461 -0.2061719 0.06342123 2.445882 -0.34389 -0.4896564 2.383771 -0.3025591 -0.5464886 2.516805 -0.3907697 -0.9033091 2.402505 -0.417064 -0.8601969 2.476196 -0.3316119 -0.9647357 2.384728 -0.3875397 -0.9525494 2.543206
-0.2900004 0.7736635 2.246474 -0.3099091 0.5992191 2.255829 -0.4011035 0.3972972 2.173396 -0.1565139 0.553188 2.500429 -0.3045065 0.380228 1.934895 -0.2115274 0.6213177 2.724725 -0.1538206 0.5851043 1.928676 -0.1300697 0.8074732 2.655741 -0.133948 0.6568447 1.939788 -0.1029172 0.869525 2.637279 -0.2852156 0.2151184 2.33014 -0.2777753 0.1407235 2.349374 -0.3310708 0.03897725 2.288444 -0.2061544 0.06358117 2.445937 -0.3438181 -0.4899544 2.383521 -0.3035444 -0.546305 2.515938 -0.3907962 -0.9033281 2.402546 -0.4180484 -0.8600107 2.475328 -0.3316682 -0.9647624 2.384691 -0.3882973 -0.9522332 2.54242
-0.2943547 0.7745985 2.243692 -0.3119749 0.6000836 2.253668 -0.3980832 0.3966919 2.172335 -0.1585796 0.5540525 2.498268 -0.298265 0.3882955 1.931957 -0.2143359 0.6123985 2.727327 -0.1579569 0.5865852 1.92448 -0.1483254 0.8016763 2.649127 -0.1474438 0.6758624 1.931392 -0.1263219 0.8647689 2.627592 -0.2844128 0.2160101 2.331355 -0.2768938 0.1412562 2.351078 -0.3297933 0.03894763 2.290464 -0.2057236 0.06778164 2.448584 -0.3439685 -0.4902465 2.383402 -0.3050338 -0.5407048 2.526236 -0.390747 -0.903317 2.402437 -0.4195368 -0.8544079 2.485627 -0.3316905 -0.9649387 2.384989 -0.3502839 -0.9404909 2.526684
-0.2949654 0.7753664 2.243254 -0.3123614 0.6005235 2.252165 -0.3978229 0.3966466 2.17218 -0.1589661 0.5544924 2.496765 -0.2973154 0.3886512 1.931711 -0.2158975 0.608597 2.729327 -0.1592243 0.5879464 1.923937 -0.1303183 0.8287606 2.654187 -0.1485509 0.6741909 1.93102 -0.1017919 0.9021485 2.633673 -0.2840572 0.2157533 2.331512 -0.2764895 0.1404529 2.351461 -0.3293023 0.03886791 2.291193 -0.2059506 0.06622667 2.448295 -0.3441452 -0.4904448 2.383281 -0.2998663 -0.5438281 2.521111 -0.3905047 -0.9033566 2.402058 -0.4143684 -0.8575287 2.480502 -0.3319017 -0.9654466 2.384732 -0.359585 -0.955613 2.51615
-0.2951999 0.7722576 2.243444 -0.3130956 0.5971879 2.251368 -0.4042877 0.4105802 2.157916 -0.1597004 0.5511569 2.495968 -0.2791302 0.4006802 1.935123 -0.2047351 0.6262004 2.72321 -0.1600504 0.5860925 1.924004 -0.1314552 0.8297894 2.654414 -0.1493635 0.6740357 1.931491 -0.1070285 0.8976524 2.636015 -0.2841033 0.2162861 2.330702 -0.2768009 0.141452 2.350148 -0.3300895 0.0406757 2.289009 -0.2064887 0.06622703 2.446655 -0.3442799 -0.490538 2.383171 -0.3012177 -0.543934 2.517882 -0.390673 -0.9035078 2.402026 -0.4157189 -0.857632 2.477273 -0.3319452 -0.9655312 2.384878 -0.3502038 -0.9468099 2.517868
