0.1094315 0.7324206 2.341791 0.1179225 0.5674274 2.354846 0.01383765 0.393995 2.251479 0.2733483 0.4549192 2.651455 0.1171902 0.3912981 2.053396 0.4282104 0.5492273 2.707221 0.2146478 0.5728521 2.01742 0.4434674 0.7104297 2.5775 0.2394212 0.6675063 2.035044 0.4480561 0.7645096 2.527962 0.1591806 0.1916681 2.397308 0.1769597 0.1138027 2.403908 0.1199325 0.03544424 2.339653 0.252966 0.02907965 2.478629 0.08792979 -0.4842088 2.414524 0.2359386 -0.4329869 2.658201 0.04576993 -0.8843858 2.454342 0.1650369 -0.8400055 2.74909 0.1203145 -0.950092 2.411195 0.1953533 -0.9122381 2.731212
0.1095954 0.7339769 2.340858 0.1156065 0.569142 2.354749 0.01897099 0.3892894 2.255038 0.2710378 0.4566118 2.651357 0.1195964 0.4000047 2.051376 0.4226012 0.5687886 2.68887 0.2378936 0.5784323 2.009293 0.451579 0.733487 2.566941 0.258385 0.6743288 2.02566 0.4561677 0.7875671 2.517403 0.1600375 0.1860153 2.399879 0.1786703 0.1071558 2.407137 0.1274389 0.0315216 2.346236 0.2519898 0.02031102 2.481412 0.08803106 -0.4842874 2.414485 0.2361212 -0.4335231 2.658712 0.04554788 -0.884882 2.454776 0.1648594 -0.8465031 2.748525 0.1202294 -0.9497406 2.412742 0.1982337 -0.9184541 2.735667
0.1081529 0.7367237 2.33899 0.1110462 0.5719481 2.353334 0.02915399 0.378571 2.259489 0.266477 0.4593996 2.64994 0.1534283 0.4394201 2.027978 0.4167572 0.5667876 2.697797 0.2785236 0.6717266 2.009473 0.4601427 0.7274452 2.574625 0.2774572 0.7411289 2.033598 0.4647315 0.7815261 2.525086 0.1620962 0.1829429 2.402263 0.1825201 0.1032621 2.41085 0.1369022 0.02695765 2.351977 0.2542575 0.01934022 2.485063 0.08810403 -0.4843395 2.414425 0.2363901 -0.4332713 2.659318 0.045002 -0.8862381 2.455434 0.163847 -0.848238 2.745927 0.1205882 -0.9497051 2.413197 0.2089243 -0.8978877 2.830258
0.1145563 0.7428892 2.353524 0.1078159 0.574029 2.353127 0.03246392 0.3725271 2.263717 0.2632449 0.4614712 2.649732 0.1289256 0.4235408 2.062003 0.4137546 0.5730305 2.690674 0.2791933 0.6150469 1.984159 0.4764388 0.7390915 2.586577 0.3103594 0.7205514 1.993424 0.4810275 0.7931721 2.537039 0.1623725 0.1837397 2.402677 0.183229 0.1048959 2.411383 0.1393337 0.02709649 2.350672 0.2549188 0.02180205 2.488979 0.08812045 -0.4845502 2.414539 0.2363887 -0.433272 2.659475 0.04473216 -0.8866971 2.455605 0.1667003 -0.8416555 2.757152 0.1205894 -0.9497039 2.413195 0.2024962 -0.9133703 2.762811
0.1170009 0.7460526 2.35697 0.1041397 0.5764537 2.351682 0.03441875 0.3719907 2.264512 0.2595662 0.4638892 2.648286 0.1736548 0.4753674 2.031394 0.4083022 0.5838188 2.677894 0.3220114 0.6866335 1.976708 0.4949921 0.8116301 2.54922 0.3416237 0.7574521 1.976872 0.4995809 0.8657115 2.499681 0.1627826 0.1879445 2.403786 0.1844395 0.1111877 2.413014 0.1439308 0.02802962 2.347826 0.2553936 0.02691858 2.499724 0.08836893 -0.4851255 2.414801 0.23647 -0.4336815 2.660023 0.04531173 -0.8866838 2.454634 0.165658 -0.8482105 2.751672 0.1203862 -0.949687 2.413721 0.2068266 -0.900816 2.816938
0.1162181 0.7498248 2.362398 0.09838804 0.5795929 2.351459 0.03489062 0.3725748 2.265363 0.2616666 0.500397 2.649752 0.1737388 0.4769261 2.032471 0.4209144 0.6238044 2.653516 0.3299467 0.6893384 1.96941 0.5160319 0.8535455 2.538151 0.3670117 0.7502274 1.951555 0.5206208 0.9076276 2.488611 0.1633943 0.1934269 2.406294 0.1860981 0.1179582 2.415874 0.1467904 0.02992668 2.349941 0.2583407 0.03421566 2.502786 0.08845191 -0.4863663 2.415093 0.2369567 -0.4308383 2.659567 0.0452893 -0.8875017 2.455008 0.1660656 -0.8501805 2.748716 0.1203556 -0.9497802 2.413703 0.2105516 -0.9036182 2.805842
0.1151462 0.7554461 2.366745 0.09253596 0.5848901 2.350154 0.035303 0.3734808 2.26694 0.2599488 0.5043371 2.649972 0.1737535 0.4808081 2.035308 0.4204744 0.6242616 2.653659 0.3370309 0.6852484 1.956917 0.5371956 0.8473807 2.54388 0.3748148 0.7470554 1.944566 0.5417846 0.9014637 2.49434 0.163242 0.1993677 2.408046 0.186726 0.1241166 2.417895 0.149514 0.03283811 2.35073 0.2592869 0.03798497 2.506555 0.08853976 -0.4860484 2.415039 0.2433981 -0.4111292 2.652635 0.04501028 -0.8869452 2.456226 0.1691119 -0.8267468 2.752595 0.1203421 -0.9497688 2.413648 0.2107216 -0.9043427 2.809029
0.1139157 0.7570804 2.368436 0.0909548 0.5862652 2.349597 0.03572127 0.3741481 2.267744 0.255524 0.5064238 2.647619 0.1746314 0.4849421 2.038276 0.4214865 0.6275247 2.653478 0.3419073 0.682912 1.950631 0.5640738 0.8391913 2.553141 0.3897188 0.7407641 1.93352 0.5686625 0.8932722 2.503603 0.163613 0.2038856 2.409188 0.1876374 0.1293731 2.419384 0.1528867 0.03508538 2.350805 0.2599617 0.04265079 2.511177 0.08861689 -0.486919 2.415254 0.2287908 -0.4738367 2.673615 0.04462468 -0.887738 2.456306 0.1677767 -0.8322466 2.75512 0.1203822 -0.9498214 2.413719 0.1969376 -0.9109101 2.747109
0.1133958 0.7579361 2.369162 0.08966117 0.5870566 2.34899 0.03581072 0.374566 2.268806 0.2533138 0.5070454 2.646679 0.1753376 0.4862137 2.040227 0.4219942 0.6289786 2.653329 0.3439251 0.6810983 1.947527 0.5690815 0.8383195 2.554871 0.3886268 0.737554 1.932902 0.5736701 0.8923981 2.505335 0.1636184 0.2055748 2.409266 0.1878418 0.1311839 2.419505 0.1543846 0.03663908 2.350768 0.2599711 0.04420471 2.511663 0.08883183 -0.4866127 2.415331 0.2396232 -0.4203196 2.657317 0.04459819 -0.8872998 2.45644 0.1651797 -0.8356243 2.752537 0.1207705 -0.9497259 2.413623 0.1969379 -0.9132779 2.747461
0.1082842 0.7116244 2.37488 0.09542581 0.5388022 2.346401 0.035073 0.3770399 2.269568 0.2522473 0.5060159 2.646097 0.1762122 0.4868535 2.041098 0.4220082 0.6295038 2.653746 0.345765 0.6803997 1.947169 0.5738587 0.8369086 2.558994 0.389415 0.7376957 1.932652 0.5784471 0.8909849 2.50946 0.1636565 0.20185 2.409568 0.1876412 0.1300915 2.419708 0.1545294 0.03664772 2.351943 0.2592844 0.0431838 2.51119 0.08890896 -0.4861527 2.415369 0.2396708 -0.4196719 2.655339 0.04532788 -0.8827229 2.454121 0.1643357 -0.8351188 2.750813 0.1206782 -0.9497032 2.413435 0.200206 -0.8995613 2.820391
0.1142218 0.7557727 2.372121 0.08794621 0.584491 2.34394 0.03518186 0.3772407 2.269691 0.2505679 0.5006639 2.644724 0.177247 0.4863726 2.041493 0.4321655 0.6398709 2.655184 0.346838 0.6801457 1.948175 0.5801628 0.8481979 2.555785 0.3926523 0.7403761 1.933612 0.584751 0.9022719 2.506253 0.1631344 0.2008982 2.40856 0.186812 0.1274018 2.418124 0.1540112 0.03653817 2.35199 0.2569337 0.04238804 2.504867 0.088636 -0.4865858 2.415485 0.2395069 -0.4181282 2.653105 0.04539004 -0.8828638 2.454038 0.1646575 -0.8350204 2.748554 0.1206474 -0.9499899 2.413416 0.2167834 -0.9148324 2.76381
0.1060475 0.7082757 2.375674 0.09978457 0.5350922 2.347418 0.03514708 0.3770625 2.269939 0.252102 0.4983944 2.648499 0.1779078 0.4851069 2.041639 0.4303911 0.6349122 2.65661 0.3481832 0.6798908 1.952328 0.5810417 0.8421537 2.559207 0.3902377 0.7386112 1.938862 0.5856296 0.8962253 2.509678 0.1636396 0.1958535 2.408874 0.1868271 0.1248589 2.418496 0.1537551 0.03554164 2.353475 0.2568157 0.03986773 2.504564 0.08873604 -0.4864282 2.41532 0.2393718 -0.4180375 2.653097 0.04525685 -0.8829176 2.454227 0.1649159 -0.8301919 2.760447 0.1205563 -0.9499034 2.413446 0.2100341 -0.9015753 2.813625
0.1086152 0.7527231 2.371609 0.09426159 0.5799229 2.341967 0.0353464 0.3763432 2.270086 0.2515143 0.4958603 2.649349 0.1791918 0.4795199 2.040014 0.4148132 0.6002825 2.668647 0.3474025 0.6781258 1.95622 0.5608137 0.810801 2.571181 0.3877113 0.7387688 1.946432 0.5654017 0.8648735 2.521651 0.1642748 0.1961387 2.408561 0.1876936 0.1244912 2.418326 0.1540636 0.03523786 2.353792 0.2587997 0.04225553 2.503358 0.08872682 -0.486418 2.415318 0.2393627 -0.4182563 2.653361 0.04530336 -0.8825819 2.45417 0.1626328 -0.8384845 2.735559 0.1204274 -0.9497763 2.413412 0.1976931 -0.9183413 2.7493
0.1079317 0.752753 2.370481 0.0942516 0.5799628 2.341926 0.03616576 0.3751067 2.270257 0.2511782 0.4928303 2.651227 0.1795211 0.4759936 2.038695 0.4135349 0.5995924 2.668447 0.3462839 0.6775408 1.960019 0.5599049 0.8099308 2.571172 0.3856687 0.7388752 1.950785 0.564493 0.8640041 2.521641 0.1653713 0.1949454 2.408277 0.1896974 0.1211592 2.418291 0.1545897 0.03399888 2.35537 0.2603177 0.04249712 2.501721 0.08909605 -0.4856488 2.415026 0.239191 -0.4180986 2.653278 0.04533023 -0.8822542 2.454985 0.1627763 -0.8229657 2.770512 0.1203815 -0.9492409 2.413744 0.2106195 -0.8913621 2.84018
0.1081103 0.752461 2.370295 0.09426702 0.5797054 2.342145 0.03625102 0.3749631 2.270239 0.2510306 0.4726816 2.641562 0.1803654 0.4746694 2.038629 0.4020604 0.5921265 2.665939 0.3459845 0.6782408 1.96342 0.5512125 0.8018883 2.572201 0.3833978 0.7411304 1.956811 0.5558007 0.8559628 2.522669 0.1649416 0.1934346 2.407797 0.1887163 0.1182981 2.417568 0.1540877 0.03276011 2.354724 0.2573453 0.03567256 2.500935 0.08909288 -0.4860559 2.41512 0.239072 -0.4185562 2.653941 0.04508952 -0.8839377 2.456251 0.1641594 -0.8344024 2.752971 0.1206217 -0.949512 2.413638 0.2041654 -0.921056 2.764673
0.1089633 0.7520784 2.367116 0.09457264 0.579597 2.341928 0.03649377 0.3747371 2.269932 0.2518777 0.4704812 2.639004 0.1802237 0.4720411 2.036896 0.4072467 0.5933018 2.666209 0.3447864 0.6784778 1.968795 0.5484585 0.8066925 2.567791 0.3797283 0.7427763 1.962201 0.5530467 0.8607679 2.518258 0.1649259 0.1895042 2.406706 0.1882567 0.1122048 2.416491 0.1533832 0.03136407 2.355304 0.2560802 0.03086598 2.497469 0.08907744 -0.4858801 2.415085 0.2271944 -0.4685045 2.67168 0.04497037 -0.8835165 2.456934 0.1534737 -0.8880891 2.758432 0.1203457 -0.9489625 2.413854 0.2210947 -0.9312469 2.763175
0.1105786 0.7517294 2.366195 0.09527627 0.5794593 2.342502 0.03733569 0.3729641 2.270008 0.2525386 0.4695749 2.638906 0.1798663 0.4672171 2.034732 0.4070941 0.5908899 2.668593 0.3404382 0.6793655 1.977804 0.5342978 0.8094032 2.561486 0.355128 0.7181066 1.976913 0.5388861 0.8634791 2.511952 0.1647088 0.1885998 2.405943 0.1877364 0.1110252 2.415421 0.1518097 0.03032612 2.354638 0.2554451 0.03074646 2.494756 0.08911043 -0.4855647 2.415006 0.2320676 -0.452459 2.672787 0.04494192 -0.8832477 2.456732 0.165594 -0.8245825 2.753664 0.1207045 -0.9487849 2.414475 0.1986004 -0.9095038 2.74719
0.1118593 0.7504823 2.365707 0.09704052 0.5782884 2.343254 0.03769582 0.3720313 2.269467 0.2544166 0.4671519 2.63874 0.1784444 0.4553471 2.028403 0.4074668 0.5830969 2.671833 0.3315998 0.6754625 1.987257 0.5229744 0.8064318 2.561009 0.3456783 0.7128843 1.985485 0.5275628 0.8605086 2.511474 0.1641395 0.1882693 2.404665 0.1865268 0.1108382 2.413547 0.1492918 0.02981654 2.352473 0.2537699 0.03084456 2.491661 0.08909604 -0.4855736 2.415013 0.2367932 -0.4280604 2.668026 0.04487428 -0.8832825 2.456736 0.1651623 -0.8228551 2.755437 0.1206007 -0.9487877 2.414358 0.216715 -0.8943156 2.812577
0.1135903 0.7487918 2.363066 0.1002707 0.5768837 2.344221 0.03737254 0.37183 2.268281 0.2574778 0.464889 2.638817 0.1768858 0.4476387 2.027906 0.4066311 0.5146041 2.734406 0.3217007 0.6746988 2.002691 0.4808599 0.7391261 2.591368 0.329018 0.7004007 2.003064 0.5129256 0.8678495 2.502684 0.1633346 0.1857196 2.403012 0.1847519 0.1076892 2.411345 0.1430469 0.02712846 2.351702 0.2529263 0.02954871 2.486568 0.08918732 -0.4859861 2.415048 0.238857 -0.4246332 2.667017 0.04491788 -0.884299 2.456279 0.1655316 -0.8234941 2.754875 0.120665 -0.9495516 2.413539 0.2154052 -0.8856747 2.828824
0.1135881 0.7452248 2.361274 0.1045016 0.5736378 2.346792 0.03506654 0.3736616 2.266884 0.2614609 0.460916 2.640553 0.1716276 0.4371554 2.030176 0.4176006 0.5381331 2.710468 0.2841948 0.6140521 2.019344 0.4792575 0.7664477 2.567474 0.3106123 0.6866904 2.023985 0.4838459 0.8205239 2.51794 0.1581028 0.1840009 2.401081 0.1757353 0.1059793 2.408145 0.1208438 0.03083838 2.343818 0.2448347 0.02270044 2.484101 0.08928455 -0.4855723 2.414864 0.2392772 -0.422148 2.664068 0.0447236 -0.8840241 2.45687 0.1658951 -0.8225669 2.757196 0.1202069 -0.9491643 2.413491 0.2093732 -0.9000614 2.807565
0.1151378 0.7396969 2.359912 0.1046431 0.5692113 2.351484 0.02740221 0.3802589 2.263949 0.2614441 0.4559948 2.644667 0.1412324 0.396891 2.044082 0.419592 0.5456854 2.699347 0.2811153 0.6134935 2.023405 0.4793202 0.7130579 2.59563 0.3064212 0.6856245 2.035174 0.4839084 0.7671327 2.546098 0.1585331 0.1808121 2.401186 0.1767254 0.1031293 2.407933 0.1221315 0.03028094 2.34434 0.2486584 0.01799415 2.482176 0.09013736 -0.4843613 2.414511 0.2392056 -0.4223711 2.663285 0.04531849 -0.8808245 2.455884 0.1661399 -0.8231794 2.757176 0.1198356 -0.9483205 2.414475 0.2138869 -0.906582 2.79953
0.1189577 0.7357404 2.358408 0.1067859 0.5662 2.354159 0.02288878 0.3885238 2.262369 0.2634953 0.4527144 2.647035 0.1337074 0.3900559 2.049155 0.4204726 0.547428 2.698208 0.2525285 0.5605428 2.025316 0.4765396 0.7147177 2.592027 0.2800063 0.6327494 2.040119 0.4811277 0.7687913 2.542495 0.1581819 0.1804677 2.400391 0.1762049 0.1031102 2.406516 0.1220332 0.03000051 2.343517 0.2484111 0.01830587 2.479376 0.0900772 -0.4833559 2.413835 0.2391217 -0.4217953 2.662555 0.04502547 -0.8790923 2.454613 0.167288 -0.8239714 2.768344 0.1190411 -0.9477532 2.414227 0.2126632 -0.9024844 2.800041
0.1198536 0.732491 2.357788 0.1086046 0.5634208 2.355979 0.0226382 0.3858687 2.262046 0.265273 0.4497359 2.648676 0.1314154 0.3876402 2.051597 0.4209198 0.5479962 2.698097 0.2503005 0.5631278 2.026771 0.4719998 0.715257 2.589031 0.2777783 0.6353343 2.041574 0.4765878 0.7693294 2.5395 0.1588084 0.1772054 2.400566 0.176914 0.1001092 2.406543 0.122856 0.02827887 2.34422 0.2496517 0.01578235 2.478762 0.09004886 -0.4834128 2.413876 0.2387062 -0.4242072 2.662829 0.04486608 -0.8800164 2.454921 0.16691 -0.8268574 2.76737 0.1191752 -0.9479862 2.413906 0.2111323 -0.9011812 2.802692
0.1192909 0.7282919 2.358602 0.1095795 0.5593272 2.357683 0.01831575 0.3915973 2.262763 0.2662151 0.445449 2.650247 0.1305781 0.3865515 2.051955 0.420347 0.547384 2.697889 0.2457156 0.5624978 2.028038 0.4564054 0.7139959 2.581146 0.2731934 0.6347044 2.042841 0.4609933 0.7680671 2.531616 0.1587176 0.1764748 2.400246 0.1768229 0.09974733 2.406097 0.1227788 0.02815577 2.344377 0.2501888 0.01573114 2.476074 0.08994757 -0.4836871 2.413822 0.2390688 -0.4189884 2.6578 0.04410732 -0.8832929 2.454969 0.1678602 -0.8323051 2.762532 0.1202675 -0.94901 2.413676 0.2105852 -0.9004338 2.80379
0.127676 0.7274716 2.357776 0.1106955 0.5592436 2.35756 0.01756718 0.3915789 2.262605 0.2673075 0.4453267 2.650068 0.1293657 0.3858924 2.053113 0.4210786 0.5477537 2.697769 0.2435822 0.561964 2.028783 0.452545 0.7140418 2.579027 0.27106 0.6341705 2.043586 0.4571328 0.7681119 2.529499 0.1580057 0.1786285 2.398448 0.1754727 0.1033735 2.403401 0.121922 0.02883372 2.340283 0.2498208 0.01605407 2.475939 0.08995023 -0.4841673 2.413835 0.2378716 -0.4267919 2.656866 0.04429652 -0.8838878 2.455055 0.1679543 -0.8334705 2.759837 0.1203707 -0.9493732 2.413233 0.2112032 -0.8941121 2.829722
0.1293922 0.7272712 2.357345 0.1110994 0.5592442 2.357417 0.01699213 0.3923349 2.26194 0.2677059 0.4453067 2.649893 0.1285876 0.3854235 2.053533 0.4221939 0.5477432 2.696071 0.2422481 0.5618905 2.029005 0.4501846 0.7144597 2.577033 0.2697259 0.634097 2.043808 0.4547723 0.7685285 2.527506 0.1583083 0.1785627 2.398648 0.175967 0.1032559 2.403825 0.1234239 0.02850975 2.340901 0.2506576 0.01423351 2.477941 0.08992562 -0.484156 2.413822 0.2368603 -0.4292864 2.655997 0.04408148 -0.8834592 2.455129 0.167647 -0.8321539 2.758623 0.1200148 -0.9490829 2.413262 0.1863992 -0.9206143 2.707421
0.1295167 0.7264237 2.356547 0.1109194 0.5586494 2.357537 0.01788295 0.3893321 2.261484 0.2675102 0.4446706 2.649983 0.1283757 0.3856958 2.053689 0.422614 0.548735 2.692444 0.2398373 0.5602028 2.027061 0.4511304 0.7167883 2.575704 0.2673152 0.6324094 2.041865 0.455718 0.7708559 2.526178 0.158264 0.1786184 2.398583 0.1759717 0.1034389 2.403755 0.1241665 0.02841246 2.339714 0.2505154 0.01435037 2.478516 0.08952528 -0.4839815 2.413602 0.2366288 -0.4301597 2.657491 0.04409304 -0.8834486 2.455176 0.1640046 -0.8370812 2.753575 0.119914 -0.9490593 2.413084 0.2003802 -0.8959457 2.805613
0.1282209 0.7266461 2.356115 0.1106811 0.558862 2.357544 0.01809078 0.3889282 2.262513 0.267269 0.444868 2.64997 0.1395531 0.3999442 2.044312 0.4227804 0.5512655 2.687806 0.2559958 0.5604163 2.011403 0.4302624 0.7753803 2.524654 0.2682036 0.6115789 2.028732 0.4348499 0.829447 2.475129 0.1579586 0.1787614 2.398338 0.1757497 0.1035539 2.403525 0.1240979 0.02870772 2.339656 0.2498429 0.01488307 2.477723 0.08946961 -0.4845214 2.413621 0.2379178 -0.4219245 2.654928 0.04423536 -0.8846214 2.455454 0.1658306 -0.8405777 2.746352 0.1202182 -0.9496231 2.412927 0.2008076 -0.8951447 2.806438
0.1283188 0.7279553 2.355671 0.1091697 0.560338 2.357083 0.01939017 0.3857325 2.262546 0.2657425 0.4463144 2.649458 0.1400313 0.4030174 2.043999 0.4237718 0.5521844 2.681806 0.2625056 0.5937406 2.013369 0.4697303 0.7227195 2.576043 0.2909861 0.6872635 2.031292 0.4743178 0.7767861 2.526517 0.1579442 0.1779642 2.398472 0.1761409 0.1019184 2.40397 0.124498 0.02815631 2.340701 0.2500471 0.01479255 2.477699 0.08932283 -0.4840147 2.413503 0.2371649 -0.4253281 2.655598 0.04421242 -0.8820207 2.454885 0.1646069 -0.8436168 2.748052 0.1191799 -0.9487483 2.413019 0.2034287 -0.8963344 2.803084
0.1234202 0.7303505 2.356528 0.1077623 0.5615347 2.354452 0.02000034 0.3795913 2.264132 0.2643059 0.4474944 2.64675 0.1607725 0.4328195 2.036208 0.4185345 0.565917 2.663181 0.2886855 0.6699605 2.016886 0.4836083 0.738949 2.575342 0.300451 0.7352892 2.048363 0.4881959 0.793016 2.525817 0.1581519 0.1778684 2.398548 0.1768119 0.1016213 2.404404 0.1272772 0.0265644 2.341204 0.2512342 0.01396656 2.480418 0.08926937 -0.4840114 2.413548 0.2366186 -0.4221238 2.649915 0.04418806 -0.8820477 2.454891 0.1643917 -0.8298413 2.753614 0.1190628 -0.9485906 2.412565 0.1975263 -0.9186203 2.74153
0.1224541 0.7322302 2.355838 0.1014989 0.5634303 2.351251 0.02351762 0.3748095 2.266434 0.2580178 0.4493566 2.643498 0.1765043 0.4611361 2.035249 0.4411803 0.6405736 2.629549 0.3018847 0.6795495 2.006207 0.4913225 0.8404018 2.517952 0.3219405 0.7239521 1.997796 0.4959102 0.8944696 2.468426 0.1582082 0.1774518 2.398477 0.1775799 0.100795 2.40472 0.1312485 0.02504856 2.343013 0.2513708 0.01458729 2.480465 0.08907378 -0.484118 2.413613 0.236963 -0.4244078 2.651604 0.04414352 -0.8811773 2.454482 0.1644726 -0.8317583 2.754206 0.1187802 -0.9483384 2.412709 0.2100674 -0.8957565 2.816438
0.1199192 0.7396073 2.357158 0.09418765 0.5697626 2.343379 0.02495232 0.3739328 2.267536 0.254118 0.470003 2.636227 0.1767996 0.4686058 2.039211 0.4233209 0.6148995 2.637478 0.3173696 0.6850435 1.991027 0.5111831 0.8438669 2.528932 0.3449747 0.7525079 1.981867 0.5157709 0.8979354 2.479405 0.158627 0.1865093 2.398573 0.1800171 0.1122559 2.406689 0.1368589 0.02617037 2.341956 0.2542761 0.03076119 2.494228 0.08896656 -0.4842744 2.41361 0.2360567 -0.4280523 2.650951 0.04420477 -0.880087 2.453858 0.16477 -0.8326211 2.754519 0.1186298 -0.9482119 2.41328 0.2092613 -0.8958275 2.811618
0.1150936 0.746647 2.36194 0.09007569 0.5753963 2.337921 0.02654329 0.3735043 2.268264 0.2494135 0.481448 2.635633 0.1772195 0.4786621 2.044299 0.4227869 0.6157583 2.637324 0.3278777 0.6903522 1.978126 0.5476432 0.8400425 2.541545 0.3737228 0.7541894 1.954628 0.5522307 0.894109 2.49202 0.1585984 0.1878358 2.398806 0.1804157 0.1131675 2.407508 0.1397428 0.02757087 2.343731 0.2541216 0.03139052 2.495012 0.08882913 -0.4843054 2.413663 0.2359763 -0.4281659 2.650984 0.0439808 -0.8802955 2.454361 0.1629971 -0.8369957 2.749774 0.1184571 -0.9480863 2.413315 0.2094996 -0.8981332 2.814516
0.1109115 0.7510219 2.36497 0.08677428 0.5792004 2.335456 0.0280414 0.3750979 2.268688 0.2460102 0.4891795 2.633551 0.1765423 0.4858424 2.04613 0.423758 0.6221777 2.63758 0.3348401 0.6885124 1.967471 0.5650325 0.8362008 2.541009 0.3812036 0.7525573 1.948683 0.56962 0.8902656 2.491486 0.1582025 0.1899846 2.399183 0.1805586 0.1147522 2.408435 0.1420007 0.02992589 2.345908 0.2533332 0.03350001 2.49553 0.08884039 -0.4839022 2.413862 0.2344951 -0.4345082 2.656676 0.04437175 -0.8783466 2.454072 0.1626284 -0.8362778 2.749079 0.1179823 -0.9474506 2.413656 0.1909623 -0.9163046 2.725503
0.1066585 0.7552351 2.365503 0.08421317 0.582991 2.332477 0.02918168 0.3767243 2.2687 0.2431108 0.49703 2.630963 0.1764946 0.4917268 2.0477 0.4231701 0.623558 2.637341 0.3375376 0.6856735 1.958994 0.5686785 0.834576 2.540375 0.3900727 0.7490386 1.939278 0.5732657 0.8886389 2.490854 0.1582484 0.19154 2.399708 0.1811208 0.1160033 2.409687 0.1446434 0.03215731 2.349092 0.2531835 0.03525135 2.496316 0.08865649 -0.4848818 2.414373 0.2359161 -0.4282907 2.653636 0.04426306 -0.8829448 2.455672 0.1652972 -0.8149105 2.734557 0.1193492 -0.9489508 2.412855 0.196285 -0.892751 2.803901
0.1038217 0.7570565 2.365852 0.08184229 0.5846776 2.331028 0.02994175 0.3767123 2.269016 0.2422792 0.4985681 2.630286 0.1763717 0.4933082 2.04829 0.4239992 0.626034 2.637381 0.3404243 0.6847616 1.954671 0.5726227 0.8349367 2.540566 0.3926258 0.747546 1.935801 0.5772097 0.888998 2.491046 0.1579951 0.1919564 2.39972 0.1811113 0.116153 2.409851 0.1451256 0.03249471 2.349733 0.2527851 0.03588739 2.496141 0.0884307 -0.4854544 2.414739 0.2370068 -0.4256435 2.654599 0.04437533 -0.8828571 2.455389 0.166634 -0.8285643 2.743155 0.1192133 -0.9491005 2.412491 0.2124682 -0.8918812 2.818781
0.09875071 0.7048249 2.370338 0.09215837 0.5312244 2.337008 0.0300165 0.3765137 2.269735 0.2422118 0.4985226 2.630985 0.1759683 0.4929383 2.048539 0.4249557 0.6261426 2.637512 0.3424903 0.6836185 1.951935 0.5802827 0.8303882 2.541366 0.3936844 0.7463405 1.933642 0.5848697 0.8844475 2.491847 0.1586462 0.1898796 2.400612 0.1814472 0.1158556 2.410466 0.1466349 0.03260111 2.352721 0.2526802 0.03594126 2.495878 0.08875468 -0.4849437 2.414738 0.2370583 -0.4298582 2.660243 0.04440256 -0.8825982 2.455634 0.1651702 -0.8307753 2.743854 0.1193996 -0.9488382 2.413005 0.1916515 -0.9172063 2.713102
0.1018618 0.7529145 2.365002 0.08186925 0.5805652 2.335938 0.03060683 0.3734905 2.271748 0.2421387 0.4982271 2.631326 0.1746746 0.4908487 2.0497 0.4444877 0.6378314 2.636492 0.3436295 0.6823915 1.950628 0.593376 0.8442062 2.533993 0.3938596 0.745858 1.932921 0.5979629 0.8982636 2.484476 0.1590946 0.188904 2.401683 0.1826802 0.1133233 2.412614 0.1482668 0.0313312 2.356127 0.252825 0.03512044 2.495741 0.08873262 -0.4849866 2.414823 0.2379069 -0.4267597 2.661073 0.04419007 -0.8856031 2.45623 0.1649477 -0.8330033 2.747172 0.1201735 -0.9495245 2.41265 0.1890263 -0.915464 2.709766
0.1005025 0.7528647 2.363668 0.08191836 0.5804435 2.335923 0.03086589 0.3726678 2.272054 0.2421969 0.4958059 2.631275 0.1735986 0.4852779 2.046255 0.4494734 0.6401555 2.636809 0.3361643 0.6656677 1.951865 0.5952227 0.842768 2.533839 0.393233 0.7448943 1.933367 0.609912 0.8478262 2.520943 0.1590822 0.1888149 2.401656 0.1827105 0.1130605 2.412555 0.148148 0.03117448 2.356225 0.2526976 0.03586259 2.493804 0.08878236 -0.4840104 2.414792 0.2377898 -0.4256406 2.661059 0.04422953 -0.8850373 2.456469 0.163804 -0.8352401 2.74743 0.1201263 -0.9491856 2.412558 0.2068726 -0.9156566 2.759571
0.1000465 0.7532668 2.363299 0.08253287 0.580707 2.335287 0.03111045 0.3723478 2.271861 0.2433342 0.4883868 2.631428 0.1732235 0.4803115 2.043054 0.4513963 0.6407273 2.636894 0.3421834 0.6727085 1.952426 0.5934963 0.8422215 2.534117 0.3874673 0.7373272 1.937699 0.6437874 0.8712782 2.48915 0.1597605 0.1869048 2.401926 0.1838233 0.1093927 2.413232 0.1487232 0.02992009 2.357224 0.2529119 0.03299534 2.492947 0.08866818 -0.484029 2.414828 0.2378094 -0.4252756 2.660272 0.04487196 -0.8852885 2.454946 0.164028 -0.8351482 2.747569 0.1201711 -0.9494299 2.412231 0.2164766 -0.8897889 2.825636
0.09985474 0.7523743 2.362679 0.08292389 0.5798053 2.335412 0.03167471 0.3712106 2.272074 0.2461915 0.4839425 2.632449 0.1736779 0.4775287 2.042309 0.4529822 0.6414333 2.637576 0.3420935 0.6750106 1.955842 0.5886535 0.8434529 2.533978 0.3821273 0.7353904 1.943707 0.6330807 0.8843213 2.492125 0.1594136 0.1866642 2.401697 0.1833043 0.1091765 2.412819 0.1470647 0.02927462 2.355517 0.2525199 0.03221956 2.492624 0.08795969 -0.4865751 2.415374 0.237744 -0.4253748 2.660376 0.04478152 -0.8856065 2.455205 0.1655958 -0.844869 2.749065 0.1191518 -0.9495766 2.411546 0.2089876 -0.896724 2.81274
0.09972001 0.7517101 2.362499 0.0837859 0.5790558 2.335449 0.03172947 0.3712139 2.272095 0.2485085 0.4817799 2.632847 0.1726679 0.4695536 2.037618 0.4113676 0.5832367 2.659734 0.3380076 0.6728696 1.96079 0.5500485 0.7953979 2.554317 0.373795 0.736304 1.951239 0.5913074 0.8431365 2.516705 0.1595701 0.1859286 2.401708 0.1833932 0.108377 2.412763 0.1470259 0.02882556 2.355715 0.2526162 0.03072336 2.491809 0.08757939 -0.4854785 2.415172 0.2371371 -0.4212546 2.656697 0.0446184 -0.885441 2.455435 0.164363 -0.8381603 2.751841 0.1191778 -0.949577 2.411549 0.2162167 -0.8968319 2.827346
0.09844936 0.7497921 2.361316 0.08492644 0.5770649 2.335951 0.03064815 0.369902 2.272593 0.2505292 0.4786205 2.63376 0.1710908 0.4582473 2.033334 0.459994 0.6376936 2.643225 0.3311242 0.6694353 1.970102 0.5591527 0.8365422 2.532637 0.350986 0.7129551 1.966094 0.5960945 0.8885899 2.496273 0.1591994 0.1866547 2.401302 0.1825424 0.1100446 2.411819 0.144846 0.02937311 2.351831 0.2526448 0.03067037 2.492038 0.08717504 -0.4844468 2.414813 0.2371141 -0.4173159 2.651956 0.04460284 -0.8851207 2.455338 0.1646254 -0.8341652 2.74971 0.1189623 -0.9493116 2.412001 0.1907991 -0.9155924 2.738851
0.09884921 0.7476237 2.360817 0.08544236 0.5750939 2.337721 0.03023725 0.3695156 2.272124 0.2513987 0.476155 2.635882 0.1698211 0.4528442 2.030287 0.4193746 0.5744556 2.666834 0.3243515 0.6706422 1.979838 0.5114392 0.8033658 2.544584 0.342521 0.7104659 1.975729 0.5484132 0.8565783 2.509977 0.1506029 0.1879959 2.398 0.1699145 0.1125592 2.406214 0.1256547 0.03221045 2.342538 0.2393331 0.0302509 2.48603 0.08704523 -0.4846676 2.414838 0.2370365 -0.41744 2.651689 0.0449803 -0.8852816 2.455094 0.1669299 -0.8344078 2.750435 0.1189133 -0.9494593 2.412027 0.2123118 -0.8999637 2.820472
0.09989849 0.7448221 2.359037 0.08728217 0.5727314 2.340388 0.02855024 0.3691863 2.270465 0.2535765 0.4735007 2.638764 0.1639853 0.4432059 2.031404 0.4619876 0.6425899 2.637387 0.311885 0.6671146 1.992004 0.5121472 0.8329595 2.52932 0.3210792 0.6980641 1.992009 0.5488645 0.8864101 2.494806 0.147824 0.1843688 2.396859 0.1666803 0.1078467 2.404506 0.1206329 0.03071832 2.344513 0.2361915 0.02640607 2.477583 0.0868883 -0.4849995 2.414753 0.2339216 -0.430012 2.653571 0.0446916 -0.8851157 2.455526 0.1653748 -0.8431349 2.752876 0.1189298 -0.9494441 2.411976 0.2179696 -0.9036465 2.826397
0.100073 0.7395443 2.358151 0.0905989 0.568103 2.345456 0.02660296 0.3695301 2.268768 0.2571233 0.4687026 2.643914 0.1604919 0.435667 2.032416 0.4420305 0.6646036 2.606669 0.3029683 0.6642327 2.007137 0.5041881 0.8386821 2.518604 0.309379 0.6880012 2.00715 0.5408391 0.8922405 2.484183 0.1470696 0.183587 2.396778 0.1658697 0.1072268 2.404198 0.1154231 0.03009802 2.346779 0.2366282 0.02872393 2.473716 0.08678238 -0.485366 2.41481 0.2344189 -0.4324541 2.656149 0.04463726 -0.8851561 2.455157 0.1661003 -0.8482355 2.752821 0.1188736 -0.9495171 2.412285 0.2149828 -0.9028183 2.823136
0.1006972 0.7354568 2.359095 0.09205424 0.5642555 2.34814 0.01885071 0.374488 2.267411 0.25865 0.4648208 2.646582 0.1514184 0.4215696 2.037007 0.4468895 0.6576903 2.612901 0.2928577 0.6510796 2.022863 0.4805905 0.8310434 2.506951 0.3058307 0.7209548 2.041462 0.5171701 0.8846589 2.47254 0.1460022 0.1819415 2.396333 0.1646475 0.1058014 2.403296 0.1118147 0.0293833 2.348147 0.2369195 0.02901201 2.468758 0.08688984 -0.4856111 2.4148 0.2373669 -0.4258847 2.657106 0.04470383 -0.885151 2.455157 0.165498 -0.827172 2.770213 0.1191896 -0.9497411 2.41209 0.1900235 -0.918057 2.715692
0.1019237 0.72737 2.360472 0.09239709 0.5572687 2.35512 0.0148908 0.3757592 2.265791 0.2590533 0.4578307 2.65352 0.1469621 0.4108048 2.03983 0.4461277 0.6516136 2.615136 0.2696828 0.6017708 2.03498 0.4756622 0.8243728 2.506671 0.2953371 0.672092 2.040213 0.5122362 0.8779964 2.472265 0.1436313 0.1742084 2.396301 0.1621528 0.09790328 2.402052 0.1086902 0.02631018 2.350048 0.2361832 0.02264316 2.461989 0.08720963 -0.4858857 2.414737 0.2382476 -0.429244 2.66114 0.0454466 -0.8832572 2.453729 0.1661704 -0.8494422 2.747499 0.1191256 -0.9494067 2.412423 0.2122868 -0.9031953 2.823967
0.1040252 0.7248994 2.360758 0.09274791 0.5550705 2.356228 0.01111101 0.3781266 2.266605 0.2594219 0.4556239 2.654624 0.1408415 0.3989409 2.043996 0.4494408 0.6468159 2.622973 0.2697103 0.6010388 2.03668 0.4350977 0.8117169 2.498368 0.2903861 0.6702687 2.04998 0.4716573 0.8653512 2.46396 0.1429556 0.1710517 2.396229 0.1614079 0.09476348 2.401647 0.1069718 0.02518765 2.350539 0.2367654 0.01852231 2.460401 0.08758678 -0.4870473 2.414888 0.2380179 -0.4369381 2.665634 0.04527309 -0.883646 2.45382 0.1630024 -0.8566637 2.750048 0.1190633 -0.9495887 2.41182 0.1985337 -0.9228445 2.721364
0.1068136 0.7202645 2.360968 0.09351914 0.5512664 2.359551 0.009827799 0.378174 2.266276 0.2602121 0.4518144 2.657938 0.1409067 0.3949232 2.043932 0.4327667 0.5381513 2.680926 0.2698056 0.5986352 2.041451 0.4618008 0.7001575 2.554944 0.2858525 0.6683662 2.058099 0.4983628 0.753792 2.52054 0.1432382 0.1705346 2.39653 0.1616559 0.09457426 2.401742 0.1066886 0.02467438 2.350417 0.2389415 0.0185703 2.461072 0.08828209 -0.4861596 2.414602 0.2395977 -0.4273992 2.660039 0.04530148 -0.8829103 2.453523 0.1628478 -0.8447946 2.752867 0.1191397 -0.9496822 2.411834 0.208195 -0.8960393 2.812703
0.1093586 0.7183312 2.360946 0.09393132 0.5497441 2.360528 0.008712532 0.3787538 2.265385 0.2606322 0.4502893 2.658913 0.143134 0.3948668 2.043441 0.4327776 0.5375854 2.68163 0.2667253 0.5921111 2.046962 0.461628 0.6993845 2.555309 0.282563 0.662582 2.06038 0.4981899 0.7530186 2.520904 0.1431742 0.1678972 2.39652 0.1615895 0.09195031 2.401407 0.1056153 0.02340313 2.350423 0.2397636 0.01559991 2.460004 0.08840901 -0.4862606 2.41452 0.2492298 -0.3817906 2.631014 0.04514265 -0.8839333 2.454068 0.1747299 -0.7962379 2.735642 0.1194916 -0.9495862 2.412645 0.2087449 -0.8725832 2.805279
0.1097555 0.7177442 2.361573 0.09446484 0.5490703 2.360861 0.007803416 0.379607 2.264884 0.2611715 0.4496129 2.659244 0.122289 0.3748097 2.052531 0.4330106 0.5374466 2.682057 0.2603217 0.5799148 2.046156 0.4612537 0.6993232 2.5557 0.2694296 0.6492454 2.068681 0.4978154 0.7529573 2.521296 0.1428356 0.1660056 2.396308 0.161065 0.08983274 2.400965 0.1041325 0.02202371 2.350296 0.2395503 0.01280057 2.45899 0.08844202 -0.4872813 2.414397 0.2339359 -0.4468309 2.662074 0.04459631 -0.8855809 2.45571 0.1650474 -0.843916 2.750851 0.1192499 -0.94964 2.412174 0.2026126 -0.9213133 2.756005
0.1095291 0.7172837 2.361764 0.09512976 0.5486325 2.361498 0.005398089 0.3825088 2.263553 0.2618411 0.4491739 2.65988 0.100403 0.3495274 2.064087 0.4334995 0.5374702 2.682475 0.250326 0.5699932 2.044432 0.461253 0.6993815 2.556056 0.2666468 0.6387209 2.06461 0.4978146 0.7530157 2.521652 0.1428043 0.1665724 2.396171 0.160903 0.09100656 2.400527 0.1036725 0.02201442 2.349352 0.2396041 0.01350732 2.459017 0.08846001 -0.4872538 2.414396 0.2311653 -0.4554541 2.66285 0.04417939 -0.8853077 2.456486 0.1628676 -0.8502979 2.749262 0.119249 -0.9496394 2.412176 0.2032195 -0.908923 2.786684
0.1094871 0.7175299 2.361327 0.09611875 0.549006 2.361955 0.005475055 0.3835349 2.263969 0.262835 0.4495476 2.660336 0.1199673 0.3786081 2.057549 0.4343275 0.538236 2.682785 0.2487466 0.5690219 2.044432 0.4611671 0.7001435 2.556149 0.2649825 0.6378413 2.064361 0.4977282 0.7537769 2.521745 0.1368244 0.1856523 2.392693 0.1515714 0.118131 2.395024 0.09251472 0.03283377 2.33533 0.2313931 0.04251178 2.463545 0.08846555 -0.4872194 2.414412 0.2314299 -0.4557757 2.664249 0.04486658 -0.8833218 2.455511 0.1643007 -0.8460041 2.751881 0.119233 -0.9496002 2.412415 0.205268 -0.8967791 2.798882
0.1092116 0.7177201 2.360361 0.09638706 0.5493817 2.36193 0.006171955 0.3832997 2.264028 0.2631053 0.4499237 2.66031 0.1195932 0.3791643 2.057374 0.4345161 0.5388328 2.682627 0.2454629 0.5682642 2.0414 0.4609601 0.7016645 2.557241 0.261294 0.6372716 2.061001 0.4975212 0.7552981 2.522837 0.1381677 0.1825133 2.393112 0.1549274 0.1099446 2.396374 0.09561738 0.03069316 2.33808 0.2336493 0.03292717 2.461819 0.0887273 -0.4871434 2.414413 0.231608 -0.4555175 2.662775 0.04489082 -0.8828128 2.454887 0.164158 -0.8433362 2.752572 0.1192897 -0.9495403 2.412465 0.2179896 -0.8908991 2.834278
0.1099081 0.7211189 2.359191 0.09691086 0.5528381 2.360956 0.007485884 0.3835521 2.264311 0.2636332 0.4533797 2.659333 0.1235066 0.3922375 2.056448 0.4352146 0.5408697 2.683547 0.2398652 0.5634331 2.030617 0.4611289 0.703787 2.55817 0.2583972 0.6329325 2.045559 0.4976901 0.7574208 2.523767 0.1446615 0.1813627 2.394143 0.1646733 0.1072655 2.398391 0.1132934 0.02906193 2.34121 0.2434056 0.02860428 2.464815 0.08872897 -0.4871477 2.414416 0.2288817 -0.4670371 2.670248 0.04501853 -0.882836 2.454481 0.164382 -0.8432015 2.752883 0.1192977 -0.9497467 2.412215 0.2058342 -0.8889992 2.816552
0.1098459 0.7220863 2.360111 0.09669601 0.5535268 2.360717 0.00857557 0.3820421 2.265181 0.2634197 0.4540676 2.659093 0.1419157 0.4222219 2.043791 0.427686 0.5611084 2.667718 0.2569986 0.5988071 2.023108 0.4650796 0.7376313 2.55004 0.2755663 0.6773062 2.033412 0.4553912 0.8037752 2.503132 0.1420059 0.1805746 2.393726 0.1601775 0.1058418 2.397801 0.1032453 0.03108212 2.33979 0.2373792 0.02493871 2.464078 0.08884627 -0.486087 2.41423 0.2298928 -0.4635294 2.667762 0.0447387 -0.8827216 2.45498 0.1645114 -0.8410562 2.755512 0.118993 -0.9495282 2.411988 0.2073435 -0.8889014 2.817751
0.1106091 0.731715 2.360689 0.0965961 0.5617695 2.354804 0.0124213 0.3781534 2.266248 0.2633239 0.4623103 2.653176 0.147172 0.4310725 2.040042 0.4522359 0.639118 2.629639 0.2625632 0.6069032 2.015208 0.4939388 0.8073083 2.517657 0.2855068 0.690427 2.024253 0.511613 0.8601251 2.469756 0.1509279 0.185026 2.395634 0.1726375 0.1108803 2.401785 0.1240775 0.03218687 2.342075 0.254658 0.03189522 2.476818 0.08888088 -0.4858828 2.414165 0.2375723 -0.426535 2.650513 0.04445979 -0.8830432 2.455656 0.1656718 -0.8388869 2.756335 0.1187874 -0.9494599 2.412059 0.1982176 -0.9131944 2.765487
0.1114184 0.7342104 2.360923 0.09430265 0.5638501 2.351442 0.02342259 0.3678682 2.271183 0.2610322 0.4643902 2.649813 0.1650182 0.4590353 2.033902 0.4524053 0.639102 2.630186 0.2779287 0.6218168 1.999001 0.530095 0.8271654 2.527354 0.3137178 0.7135041 1.992874 0.5386038 0.8898209 2.489957 0.1542367 0.1817209 2.397559 0.1776429 0.1052137 2.405534 0.1354715 0.02790511 2.346394 0.2553338 0.01986083 2.483525 0.0889245 -0.485847 2.414098 0.2382412 -0.4192956 2.647086 0.04475654 -0.8847812 2.45631 0.1671147 -0.8344228 2.751577 0.1194264 -0.949828 2.412272 0.2092321 -0.9016971 2.783775
0.1043662 0.741713 2.364627 0.08815525 0.5697417 2.345146 0.02476425 0.3681705 2.270769 0.2548866 0.4702809 2.643516 0.1664101 0.4660886 2.036568 0.452673 0.6397899 2.631644 0.2844801 0.6222274 1.985765 0.5488809 0.8292077 2.53475 0.329155 0.7104301 1.97567 0.561586 0.8348998 2.527594 0.1543228 0.1819938 2.397268 0.1777606 0.1054086 2.405392 0.1361082 0.02779832 2.346237 0.2540866 0.0228285 2.482531 0.08912539 -0.485736 2.413967 0.2383009 -0.421012 2.647813 0.04476257 -0.8848145 2.456353 0.1666804 -0.8362733 2.751638 0.1194601 -0.9498818 2.412165 0.1933847 -0.9156323 2.734145
0.1023985 0.7461979 2.36602 0.08557112 0.573908 2.343226 0.02569365 0.368823 2.270947 0.2472004 0.486269 2.63688 0.1676861 0.4755346 2.041363 0.435293 0.6289353 2.637043 0.3296967 0.6805637 1.961471 0.5611446 0.7768654 2.578896 0.3668558 0.7420477 1.946137 0.6055714 0.8529592 2.532923 0.1556832 0.1847235 2.398294 0.1796554 0.1083627 2.407038 0.141082 0.02935288 2.348665 0.2541774 0.02835237 2.484897 0.08915909 -0.4857477 2.413931 0.2373076 -0.4240836 2.648669 0.04472991 -0.8848093 2.456401 0.1660312 -0.8385793 2.755113 0.1193655 -0.9496754 2.412318 0.2199379 -0.8920536 2.833037
0.09958233 0.752393 2.366749 0.07915529 0.5799134 2.337005 0.02610973 0.3701069 2.271899 0.2415695 0.4976701 2.633975 0.1675788 0.4837959 2.045762 0.4338459 0.6301227 2.638596 0.3340575 0.6804358 1.952782 0.5973848 0.8303344 2.548486 0.384674 0.7441915 1.930231 0.6059837 0.8861622 2.501521 0.1588298 0.1928348 2.399368 0.1847826 0.118156 2.409693 0.1479165 0.03426128 2.349942 0.2610386 0.04398096 2.492963 0.08912909 -0.4854865 2.41382 0.237131 -0.4253839 2.650353 0.04505004 -0.8830366 2.455126 0.1660885 -0.8388132 2.755405 0.1193372 -0.9494592 2.412513 0.212381 -0.887747 2.819616
0.09853503 0.7582092 2.365909 0.0761321 0.585756 2.331903 0.02630805 0.3717611 2.272833 0.240453 0.5012513 2.633053 0.168458 0.4915339 2.050776 0.4328104 0.6306973 2.639059 0.3413978 0.6740413 1.939852 0.5989617 0.829123 2.549908 0.4012179 0.7356806 1.909235 0.652029 0.8223108 2.499568 0.1604064 0.2240185 2.406381 0.1872766 0.1559002 2.420977 0.1472463 0.03976155 2.35331 0.2709938 0.1150175 2.515938 0.08862754 -0.4861027 2.413798 0.2371868 -0.4269946 2.65036 0.04499326 -0.8840809 2.455323 0.1667653 -0.8396208 2.757596 0.1194201 -0.9497726 2.412049 0.1942322 -0.9138708 2.743467
0.09713475 0.7597101 2.365559 0.07608025 0.5870266 2.329909 0.02707756 0.3733768 2.273891 0.2396308 0.5031871 2.633025 0.1686304 0.4932595 2.051459 0.4328336 0.6323273 2.6418 0.3451874 0.6685476 1.933959 0.6073059 0.8237047 2.553202 0.4035024 0.7286584 1.902863 0.6626933 0.8456199 2.510204 0.1578552 0.2208196 2.402195 0.1826047 0.1485941 2.413906 0.1425093 0.04522045 2.347159 0.2551021 0.06562696 2.498029 0.08870493 -0.4856833 2.413769 0.2370404 -0.4273221 2.650417 0.0449248 -0.883792 2.455809 0.1650078 -0.8340627 2.760253 0.1201812 -0.949371 2.412641 0.1855145 -0.9074833 2.711467
0.09634782 0.7604406 2.365654 0.07591189 0.5876793 2.330122 0.02820319 0.3766743 2.272938 0.2388371 0.5061367 2.634038 0.1703826 0.4944201 2.049656 0.4335373 0.6309229 2.643248 0.3487464 0.6657908 1.928743 0.6070597 0.8233516 2.555113 0.3962528 0.7161108 1.904084 0.6639977 0.8506266 2.517547 0.1575092 0.2053023 2.401238 0.1827564 0.125069 2.412532 0.1438536 0.04465542 2.347231 0.2538108 0.01722817 2.499904 0.08860053 -0.4859918 2.413808 0.2366007 -0.4289659 2.652505 0.04482513 -0.8844435 2.455908 0.1649682 -0.844662 2.755058 0.1200477 -0.9492396 2.412961 0.1980416 -0.9178159 2.759725
0.09650087 0.7603089 2.365669 0.0762184 0.5875385 2.330672 0.02821757 0.3764876 2.273075 0.239967 0.5041653 2.635183 0.1706284 0.4929045 2.04916 0.4330661 0.6268522 2.644643 0.34979 0.663242 1.927914 0.604952 0.8208089 2.556653 0.3968053 0.714501 1.904264 0.6634504 0.8409811 2.517051 0.1577025 0.2032147 2.400825 0.1828578 0.1240452 2.412108 0.145187 0.04222237 2.348902 0.2537721 0.0298994 2.492681 0.08857618 -0.4860056 2.413815 0.2366946 -0.4315073 2.656568 0.04470107 -0.8840175 2.454963 0.1651762 -0.8465279 2.755847 0.1199866 -0.9493787 2.413565 0.2072657 -0.8890968 2.830894
0.09676667 0.7586036 2.364651 0.0760055 0.5860573 2.333682 0.02789012 0.3757878 2.273482 0.2422283 0.500747 2.636787 0.1703324 0.4875281 2.046891 0.4339681 0.62454 2.646396 0.3491978 0.6599451 1.928486 0.6044555 0.8197485 2.558437 0.3957139 0.7119499 1.905482 0.6577262 0.8082789 2.509161 0.1576861 0.2003224 2.400671 0.1828884 0.1221021 2.411529 0.1457287 0.04017838 2.350061 0.2540703 0.03164783 2.490117 0.08843376 -0.4852036 2.413629 0.2371313 -0.4279076 2.655323 0.04460058 -0.8817735 2.454002 0.1661126 -0.8311793 2.755641 0.119795 -0.9490572 2.413291 0.2133487 -0.8925854 2.830655
0.09143855 0.7116508 2.366794 0.09209092 0.5314852 2.342796 0.02844431 0.3750806 2.273639 0.2424206 0.4945198 2.635108 0.1704573 0.4819482 2.044089 0.4337133 0.6195472 2.64994 0.3485947 0.6574888 1.92969 0.6015627 0.8165138 2.560603 0.3950905 0.7102913 1.908532 0.6567302 0.8113842 2.512355 0.15916 0.1892628 2.399994 0.183098 0.1175726 2.410492 0.1468029 0.03648803 2.351008 0.253565 0.03165131 2.488655 0.08799322 -0.4860651 2.413912 0.2366115 -0.4294798 2.655885 0.04469111 -0.8834164 2.454605 0.1668171 -0.8311108 2.756521 0.1198355 -0.9495624 2.412743 0.2115661 -0.8951375 2.822313
0.09245635 0.7104031 2.36747 0.09220691 0.5311096 2.34289 0.02864973 0.3747976 2.273594 0.2429268 0.4897826 2.634502 0.1710079 0.4757471 2.041267 0.4159062 0.5898263 2.659969 0.3473564 0.6552972 1.930853 0.5796345 0.7900246 2.57007 0.3932486 0.7098489 1.913085 0.6337051 0.7741638 2.522927 0.1517464 0.1809051 2.394254 0.1718811 0.1089468 2.401621 0.1361606 0.03164259 2.343221 0.2344711 0.02107687 2.473816 0.08754639 -0.48659 2.414049 0.2364639 -0.4295582 2.655695 0.04452503 -0.8848806 2.455835 0.1667965 -0.8312672 2.75611 0.1194537 -0.9495562 2.412583 0.2158674 -0.8974058 2.827226
0.09426619 0.7562881 2.363896 0.08973159 0.5828927 2.338047 0.02886422 0.3746746 2.273206 0.2406228 0.5309192 2.627981 0.1707997 0.4657989 2.036049 0.4199577 0.5891349 2.665745 0.3263695 0.6268517 1.942605 0.5679621 0.7692249 2.597165 0.3842029 0.7045534 1.920276 0.6208601 0.8347071 2.548139 0.154764 0.210453 2.397039 0.176561 0.1393189 2.406098 0.1379451 0.0363845 2.341218 0.2514169 0.06437295 2.501024 0.08765481 -0.484577 2.413474 0.2348536 -0.4180266 2.642039 0.04532438 -0.8805537 2.454564 0.1669245 -0.8306823 2.755939 0.119164 -0.9487126 2.412824 0.2159672 -0.8978938 2.802233
0.09776814 0.7531039 2.364342 0.09021216 0.5799007 2.339565 0.02877462 0.373996 2.273272 0.2409272 0.5294995 2.628956 0.1697807 0.4556456 2.031646 0.4197154 0.5878 2.668145 0.3262269 0.6279733 1.944152 0.5679437 0.7691972 2.597123 0.3791344 0.7082412 1.930324 0.6175082 0.8348601 2.548421 0.152503 0.2090371 2.396661 0.1732081 0.1371844 2.405301 0.1314429 0.03823708 2.34058 0.2446346 0.05929819 2.493145 0.08762863 -0.4842397 2.413431 0.234312 -0.4274098 2.649462 0.04516233 -0.8790157 2.453834 0.1666294 -0.8316292 2.75625 0.1187894 -0.9480743 2.413209 0.2126487 -0.896657 2.802056
0.09935734 0.7512021 2.36418 0.09043487 0.5781032 2.339885 0.02842347 0.3734713 2.273044 0.2410907 0.5284701 2.629189 0.1685518 0.449641 2.028847 0.4198944 0.584316 2.670428 0.321685 0.6266617 1.950927 0.5637937 0.7702497 2.594454 0.3602229 0.6979951 1.94516 0.5952613 0.8299066 2.548593 0.1506454 0.2051528 2.396221 0.1708354 0.1319579 2.404692 0.1285697 0.03716916 2.34106 0.2429242 0.05493814 2.489329 0.0877426 -0.4840373 2.413284 0.2342791 -0.4270262 2.648821 0.04405535 -0.8800479 2.455292 0.1665629 -0.8301775 2.755677 0.1183079 -0.9476188 2.413322 0.1905033 -0.9117892 2.715668
0.1003096 0.7462846 2.362992 0.09337881 0.5734721 2.342377 0.02802635 0.3707906 2.272992 0.2438445 0.5246526 2.63152 0.167253 0.4421805 2.026604 0.4218714 0.5730631 2.680096 0.295035 0.5982419 1.971067 0.5546087 0.7684366 2.592854 0.3429581 0.690971 1.957911 0.5786805 0.8200837 2.546471 0.1505115 0.1963555 2.397013 0.1702797 0.1213931 2.405207 0.1243038 0.03333138 2.345826 0.243907 0.04826778 2.48215 0.08764422 -0.4853287 2.413479 0.2346663 -0.4300554 2.650346 0.04430887 -0.8809767 2.455933 0.16773 -0.834821 2.755037 0.1184167 -0.9479347 2.412742 0.2004808 -0.8866075 2.807136
0.101665 0.7425355 2.360793 0.09765976 0.5706317 2.347556 0.02750781 0.3700435 2.271718 0.2481978 0.5221013 2.636757 0.1635262 0.4338346 2.029458 0.431823 0.5786917 2.682101 0.2965704 0.6143657 1.98051 0.5360678 0.7662401 2.588847 0.3259754 0.6832299 1.978142 0.5516103 0.8142453 2.535446 0.1493838 0.1929778 2.397378 0.168327 0.1174224 2.404967 0.120342 0.03229139 2.347647 0.2405299 0.04181844 2.476243 0.08756822 -0.4855038 2.413458 0.2350768 -0.4319676 2.653782 0.04449794 -0.880825 2.455478 0.1675664 -0.8340635 2.755581 0.1179014 -0.94827 2.411843 0.2036128 -0.9066929 2.775045
0.1041414 0.7346716 2.360362 0.1002979 0.5641275 2.354685 0.01958002 0.3735471 2.268225 0.2508751 0.5158512 2.643881 0.1552764 0.4175031 2.036919 0.4346241 0.5805866 2.683746 0.2819182 0.5963424 1.993245 0.5167601 0.7516884 2.591163 0.3055696 0.6665291 1.996744 0.5342445 0.8061588 2.545068 0.1488298 0.1903141 2.397995 0.1675498 0.1154017 2.404889 0.1176638 0.03169778 2.34835 0.2406841 0.03900959 2.474054 0.08757382 -0.4850384 2.41327 0.234507 -0.4356483 2.654287 0.04456522 -0.8807113 2.455594 0.1634754 -0.8547944 2.745787 0.1180138 -0.9479934 2.411787 0.2035392 -0.9237688 2.756087
0.1170378 0.7297153 2.358211 0.1016402 0.5607118 2.356637 0.01595924 0.3810514 2.265054 0.2522376 0.5125124 2.645857 0.1562133 0.4123899 2.037012 0.4363142 0.5774791 2.696266 0.2749202 0.5920621 2.003547 0.5029942 0.7393724 2.58508 0.2903978 0.6637343 2.011956 0.5092916 0.7829699 2.545879 0.1490003 0.1889602 2.398271 0.1675793 0.1145951 2.404865 0.1163006 0.03147643 2.348967 0.2417756 0.0391071 2.472851 0.08764954 -0.4849086 2.413125 0.2345677 -0.4357811 2.654165 0.04433966 -0.8813522 2.457048 0.1662007 -0.8254717 2.762701 0.1181091 -0.9476502 2.412275 0.2197542 -0.8834366 2.837628
0.1182585 0.7304586 2.357747 0.1008443 0.5614158 2.355156 0.01255272 0.3882867 2.26132 0.2514611 0.513236 2.644404 0.1257658 0.3702154 2.063423 0.4272457 0.5455115 2.705779 0.2502221 0.5523328 2.024391 0.4918628 0.7336479 2.582644 0.2614612 0.6244303 2.032897 0.4940774 0.7887356 2.534093 0.1474081 0.1913915 2.395763 0.1655987 0.118007 2.401626 0.1149773 0.03147953 2.347756 0.2383105 0.05415973 2.464141 0.08773229 -0.4850479 2.413099 0.2346295 -0.4355999 2.65387 0.04380191 -0.8835387 2.458001 0.1675301 -0.8285094 2.761343 0.1183717 -0.9481022 2.412034 0.2072006 -0.8859432 2.802948
0.1191242 0.7157855 2.357276 0.1087391 0.5482119 2.362923 0.0100977 0.3908998 2.259222 0.259382 0.5001062 2.652205 0.1251058 0.3670863 2.064309 0.4337649 0.5415159 2.712529 0.2468554 0.5531099 2.027391 0.4711123 0.7220376 2.573638 0.2580941 0.6252049 2.035897 0.4737683 0.77854 2.526769 0.1503122 0.1906997 2.395933 0.1683671 0.1183536 2.401085 0.1164891 0.03061606 2.347244 0.2444812 0.05323234 2.462757 0.08827408 -0.4830527 2.412178 0.2346139 -0.4354419 2.653936 0.04377814 -0.8801835 2.456412 0.1672989 -0.8289096 2.762012 0.1177318 -0.9469219 2.412605 0.1963432 -0.9080801 2.760843
0.1193479 0.7241616 2.355595 0.1062825 0.5557204 2.357242 0.008723938 0.3916802 2.257464 0.2569389 0.5076284 2.646539 0.1159736 0.3424657 2.065999 0.430603 0.5348521 2.713615 0.2412891 0.5532911 2.030865 0.4628854 0.7180675 2.572364 0.2525274 0.6253836 2.039371 0.465021 0.7746193 2.525532 0.1512209 0.1906887 2.395824 0.1697776 0.1180301 2.401124 0.1185588 0.03070145 2.346482 0.2482364 0.04718072 2.466788 0.08813119 -0.4834999 2.412206 0.2344306 -0.4365365 2.652676 0.04352695 -0.8830882 2.4567 0.1673409 -0.8316864 2.761269 0.1191012 -0.9482209 2.413241 0.2046909 -0.8926305 2.80886
0.1222831 0.7159514 2.344347 0.1065736 0.5514581 2.35878 0.008574391 0.3921523 2.256401 0.2572347 0.5033749 2.648082 0.1157049 0.3419099 2.066146 0.4297851 0.5339695 2.716157 0.235848 0.5499631 2.03186 0.4551619 0.7081985 2.574686 0.247086 0.6220534 2.040365 0.4571846 0.7648345 2.527953 0.1526559 0.1887779 2.396136 0.1711842 0.1166606 2.401239 0.1201132 0.03037609 2.345603 0.2498335 0.04221444 2.46823 0.08826047 -0.4831978 2.412053 0.2349396 -0.4355714 2.651822 0.0438296 -0.8812928 2.455564 0.1668671 -0.832817 2.760036 0.1187367 -0.9478745 2.413159 0.2026079 -0.8917913 2.801439
0.1219228 0.713326 2.344828 0.1088278 0.5492877 2.361285 0.007812733 0.392605 2.255204 0.2594938 0.501206 2.650593 0.115539 0.3411321 2.066051 0.4317421 0.5319261 2.719163 0.2342059 0.5500734 2.0327 0.4508373 0.7060824 2.575318 0.2454435 0.6221614 2.041205 0.4528336 0.7627482 2.528625 0.154129 0.1882494 2.396751 0.1724169 0.116443 2.40156 0.1206052 0.03038128 2.345231 0.2518148 0.04035577 2.469313 0.08872606 -0.4818373 2.411725 0.2355758 -0.4358904 2.653229 0.04386454 -0.880989 2.455714 0.1672052 -0.8315911 2.755318 0.1193034 -0.9471051 2.413522 0.2095722 -0.8939824 2.803574
0.1271995 0.7168781 2.352872 0.1108188 0.5505215 2.361176 0.007883022 0.393436 2.253655 0.2614881 0.5024429 2.650486 0.1153689 0.3411532 2.065979 0.4332611 0.5321074 2.720229 0.2334363 0.5509358 2.033225 0.4486918 0.7055068 2.57443 0.2446736 0.6230215 2.04173 0.4506867 0.7621882 2.527759 0.1553243 0.1890615 2.396893 0.1734342 0.1172516 2.401675 0.1214034 0.03073602 2.34429 0.2525489 0.0398442 2.470523 0.08956939 -0.4810875 2.411216 0.2371176 -0.4329963 2.65166 0.04466822 -0.8802391 2.454755 0.1653405 -0.8401556 2.752202 0.1196213 -0.9473587 2.413287 0.1986039 -0.9093484 2.728209
0.1270536 0.7173938 2.354615 0.1110174 0.5504894 2.361145 0.008941392 0.3965099 2.254699 0.261687 0.5024112 2.650454 0.1161206 0.348563 2.065733 0.4326652 0.532954 2.721316 0.2330367 0.5524977 2.032242 0.448656 0.7003286 2.581522 0.2442737 0.6245813 2.040746 0.4506398 0.7570337 2.534883 0.1556796 0.1888145 2.396887 0.1737717 0.1170148 2.40166 0.1217527 0.03084123 2.344115 0.2525597 0.03929199 2.470556 0.08987331 -0.4816603 2.411327 0.23726 -0.4344257 2.651273 0.04699853 -0.8808833 2.452387 0.1668662 -0.8411583 2.751787 0.1204711 -0.9482771 2.412794 0.2216126 -0.8882706 2.787184
0.1282219 0.7186524 2.35437 0.1119964 0.5521081 2.362114 0.01193004 0.3944729 2.256227 0.2626676 0.5040324 2.651426 0.1216427 0.3692745 2.06503 0.4335669 0.5360875 2.721929 0.234061 0.5534583 2.029538 0.4490489 0.6996096 2.582045 0.2452977 0.6255398 2.038043 0.4510295 0.7563174 2.535413 0.1559956 0.188798 2.397169 0.1740256 0.1168922 2.401883 0.1222071 0.03120926 2.343994 0.25216 0.03766765 2.471391 0.09034424 -0.4826351 2.411621 0.2367699 -0.4453676 2.656425 0.04648507 -0.8845285 2.453572 0.1629114 -0.8527938 2.747127 0.1203531 -0.9486026 2.412533 0.2179377 -0.8954144 2.78744
0.1252811 0.7196645 2.353957 0.1109909 0.5531308 2.362363 0.01451804 0.3913567 2.25754 0.2616622 0.5050558 2.651676 0.1225322 0.3768148 2.063954 0.4343602 0.5369459 2.718993 0.240128 0.5555661 2.021434 0.4526212 0.702432 2.583746 0.2674657 0.6508868 2.02781 0.4546016 0.75915 2.537125 0.1565715 0.1879977 2.397697 0.1751461 0.1154579 2.402654 0.1241538 0.03189645 2.346081 0.252323 0.03733898 2.471118 0.09063141 -0.4840141 2.411953 0.2372369 -0.4444218 2.656607 0.04627343 -0.8856199 2.453979 0.1650682 -0.8429687 2.751281 0.1203073 -0.9490682 2.412195 0.2143157 -0.894385 2.788704
0.1235809 0.7254182 2.353999 0.1078399 0.5580345 2.358948 0.02409666 0.3792865 2.264388 0.2585118 0.5099602 2.648262 0.1541067 0.4217326 2.040151 0.4308292 0.5353467 2.71821 0.264006 0.5870165 2.005986 0.4609281 0.703949 2.588449 0.2796853 0.6703876 2.023632 0.4629029 0.760672 2.541837 0.1575036 0.1887165 2.398012 0.1768397 0.116153 2.403488 0.128982 0.03274228 2.346087 0.2535234 0.03804567 2.47384 0.09067354 -0.4839311 2.411913 0.2373708 -0.4452715 2.657389 0.04648061 -0.8821406 2.452209 0.1651983 -0.8424304 2.751075 0.1202546 -0.9490956 2.412158 0.2007625 -0.909067 2.723432
0.1223622 0.7326099 2.354891 0.1073067 0.5637982 2.354494 0.02830445 0.3757394 2.264795 0.257979 0.5157245 2.643809 0.1572927 0.4269156 2.038371 0.429757 0.5844938 2.690898 0.2859569 0.6298236 1.993199 0.4785815 0.8075231 2.53395 0.2991826 0.6883466 2.000525 0.4805493 0.8642557 2.487348 0.1583754 0.1891852 2.3983 0.1780998 0.1162065 2.404304 0.1309972 0.03260958 2.34656 0.2543504 0.03796146 2.476394 0.09183457 -0.4821099 2.411479 0.2379004 -0.4439592 2.657159 0.04645808 -0.8820289 2.452373 0.1654413 -0.8384998 2.752448 0.1206491 -0.9490746 2.412259 0.1988888 -0.9071535 2.725191
0.120126 0.7393185 2.358457 0.1023895 0.5688457 2.348905 0.02982045 0.3743877 2.266117 0.2530622 0.5207723 2.638221 0.1752346 0.4579991 2.028316 0.4254888 0.5834681 2.689104 0.3122855 0.6738567 1.980543 0.507336 0.7478335 2.598121 0.323365 0.7091855 1.979625 0.5093039 0.8045667 2.551519 0.1597981 0.1899641 2.39938 0.1810651 0.1166481 2.407003 0.1408961 0.03151562 2.351463 0.2556673 0.03884491 2.481371 0.0919965 -0.4826356 2.411623 0.2379001 -0.4429844 2.656832 0.04710868 -0.8821471 2.45202 0.1654303 -0.8383647 2.752258 0.1206246 -0.9492694 2.412079 0.2080046 -0.8946741 2.790806
0.1174068 0.7441357 2.362891 0.09856105 0.5726812 2.346534 0.03110735 0.3746344 2.267076 0.2513546 0.4878586 2.644779 0.1759227 0.4664383 2.032283 0.4372616 0.6400422 2.65087 0.3221473 0.6807789 1.971092 0.5477492 0.850734 2.532151 0.359289 0.7405413 1.950035 0.549717 0.907468 2.485548 0.160099 0.1899111 2.399455 0.1821216 0.1160672 2.407687 0.1437262 0.03105705 2.350636 0.2560028 0.03597512 2.485312 0.09219894 -0.4834212 2.411866 0.2380985 -0.4428506 2.657554 0.04768074 -0.8834262 2.451526 0.1664965 -0.844135 2.755074 0.1206549 -0.9496737 2.412249 0.1990334 -0.917672 2.753412
