0.1748711 0.6369214 2.175388 0.1442004 0.4786038 2.209888 0.04541419 0.3226761 2.110733 0.3289127 0.3872474 2.388933 -0.07461691 0.3795166 1.913681 0.476628 0.4458609 2.45968 0.01413449 0.5383524 1.862944 0.5086766 0.6123047 2.370521 0.05370523 0.5983273 1.86257 0.4908239 0.6576575 2.351629 0.1702145 0.1279786 2.207849 0.1917132 0.0564819 2.193567 0.1312024 -0.01975122 2.148003 0.2701533 -0.01338044 2.229424 0.0946501 -0.5153785 2.245215 0.2623682 -0.5331836 2.407586 0.03247189 -0.8713613 2.309901 0.2467173 -0.8770083 2.477879 0.05468659 -0.9475996 2.287832 0.3386047 -0.9383876 2.492819
0.1766178 0.6351707 2.175403 0.1443169 0.478408 2.209944 0.04530471 0.3230392 2.111692 0.3294516 0.3877318 2.39032 -0.07408448 0.3775231 1.914483 0.4778796 0.448498 2.458579 0.01632667 0.5351061 1.862518 0.508574 0.6148583 2.368715 0.05382111 0.5984796 1.862583 0.4906495 0.6572865 2.351248 0.171484 0.1269051 2.20897 0.1938011 0.05640415 2.194129 0.133634 -0.02021028 2.14973 0.272943 -0.01322358 2.229064 0.09478897 -0.5168695 2.245554 0.2620221 -0.5335174 2.407158 0.03214704 -0.8712528 2.309406 0.246626 -0.8769782 2.477834 0.060069 -0.9487166 2.312699 0.3389003 -0.937104 2.495189
0.1772359 0.6410067 2.172723 0.140935 0.485851 2.20886 0.04321942 0.3168881 2.114074 0.3303652 0.3903848 2.393027 -0.07360086 0.3779896 1.914577 0.4806746 0.4575857 2.453559 0.01641491 0.5356517 1.86208 0.5112318 0.6250956 2.366209 0.05472925 0.6026697 1.860916 0.4902216 0.6691368 2.34591 0.17355 0.1317408 2.210792 0.1976544 0.06362852 2.196471 0.1365224 -0.01842857 2.150397 0.2795174 -0.005670052 2.234081 0.09524839 -0.5159243 2.24492 0.262069 -0.5341284 2.407197 0.03256205 -0.8720486 2.311348 0.2466527 -0.8769211 2.477776 0.06007242 -0.9445978 2.283622 0.3390037 -0.9369187 2.495049
0.1764868 0.6559156 2.16779 0.1331094 0.5032718 2.205375 0.04153768 0.3131672 2.115024 0.316639 0.4099263 2.381608 -0.06818439 0.3902534 1.910782 0.4741684 0.4581712 2.450052 0.01611129 0.5497976 1.853537 0.5098552 0.6300005 2.376066 0.05456772 0.61868 1.852905 0.4950187 0.7053181 2.34095 0.1715987 0.1376327 2.210631 0.1959824 0.068423 2.196341 0.1364302 -0.01684427 2.150139 0.2764755 0.001081834 2.234806 0.0954354 -0.5159469 2.244823 0.2618794 -0.5347775 2.406553 0.03257376 -0.8720967 2.311291 0.2464651 -0.8768893 2.477469 0.0570559 -0.9435155 2.278326 0.3389373 -0.9366024 2.494964
0.1756636 0.653828 2.168997 0.1339913 0.5010061 2.207236 0.04190627 0.312183 2.11521 0.3258118 0.3831124 2.384768 -0.07073682 0.3905194 1.908107 0.4942508 0.5079573 2.458805 0.007488372 0.5615406 1.84722 0.5161232 0.6752933 2.368076 0.05235884 0.6585831 1.839719 0.5053207 0.7540182 2.329992 0.1709835 0.1389746 2.211027 0.1951037 0.07103866 2.196285 0.1337102 -0.01467111 2.149827 0.2771319 0.007520399 2.233995 0.09549755 -0.5164014 2.244584 0.2620353 -0.5322691 2.405518 0.0325844 -0.8719427 2.311086 0.2466506 -0.8768806 2.477492 0.05441335 -0.9509641 2.303084 0.3390205 -0.9368463 2.494561
0.179122 0.6759599 2.15993 0.1271373 0.530372 2.205637 0.04248533 0.3143515 2.114841 0.3337526 0.3857855 2.390208 -0.07435152 0.4095916 1.898684 0.4936097 0.5581289 2.443773 0.00591283 0.585506 1.839075 0.523533 0.7248504 2.354368 0.04710975 0.6717997 1.831083 0.5081653 0.7760552 2.32497 0.164938 0.1487978 2.208378 0.1898384 0.07768381 2.193369 0.128355 -0.009628537 2.145671 0.2735314 0.009731078 2.232446 0.09569878 -0.5158875 2.244114 0.261938 -0.5300676 2.404495 0.03251827 -0.8720267 2.310889 0.2464044 -0.8769282 2.477803 0.09192272 -0.9201426 2.251351 0.3363517 -0.9389647 2.49434
0.1791224 0.677297 2.160218 0.1281275 0.5327006 2.208257 0.04345804 0.3164943 2.113466 0.3566133 0.4340268 2.405907 -0.0604334 0.4543992 1.90517 0.4938344 0.5735883 2.439243 0.0133468 0.6344524 1.827363 0.5266991 0.7403291 2.351069 0.04939844 0.6954813 1.825062 0.5172787 0.810133 2.320302 0.1658489 0.154517 2.210649 0.19061 0.08329043 2.194486 0.1283822 -0.008756915 2.144771 0.2751674 0.01172141 2.234629 0.09462247 -0.5164886 2.242708 0.2621742 -0.5292327 2.403479 0.03253551 -0.8706295 2.310291 0.2462867 -0.8774929 2.478168 0.05613339 -0.9464096 2.288352 0.3365812 -0.9387211 2.494549
0.1701363 0.6393696 2.181175 0.160605 0.4457002 2.21907 0.04451268 0.3195633 2.11237 0.3533839 0.4352862 2.403369 -0.05154419 0.4671789 1.907377 0.4892514 0.5807949 2.433176 0.01259126 0.6349426 1.826873 0.5261322 0.749639 2.351834 0.03988359 0.699942 1.819213 0.5229456 0.8311044 2.315708 0.1672334 0.1532841 2.212846 0.1920479 0.08620766 2.195455 0.1291644 -0.007863004 2.14289 0.2757914 0.0132193 2.236707 0.09452904 -0.5166051 2.242378 0.2627584 -0.5289029 2.402353 0.03208326 -0.870813 2.30846 0.2461554 -0.8776574 2.477876 0.0613974 -0.9477186 2.310668 0.3353496 -0.9386843 2.493867
0.1742612 0.6288238 2.186044 0.1580709 0.4510483 2.216856 0.04509827 0.3218641 2.111237 0.3524414 0.4414453 2.400393 -0.04578262 0.4776185 1.910448 0.48523 0.5887548 2.426621 0.009664033 0.6388848 1.823529 0.5280746 0.7672983 2.349553 0.03448118 0.704319 1.812158 0.5250708 0.8444133 2.316863 0.1669904 0.1534332 2.2137 0.1924193 0.08952062 2.195344 0.1283584 -0.005840387 2.141156 0.2768231 0.01520291 2.237331 0.09317166 -0.5133407 2.238119 0.2634701 -0.5265786 2.400892 0.03204696 -0.8714491 2.308818 0.2461321 -0.8776507 2.477856 0.0581152 -0.9450324 2.282701 0.3375685 -0.9389946 2.493999
0.1756104 0.6269979 2.185966 0.1580728 0.4517242 2.21679 0.04658191 0.3247454 2.1102 0.3519666 0.442764 2.399078 -0.0440417 0.4826848 1.911217 0.4814694 0.5909446 2.423269 0.006440438 0.6440064 1.820902 0.5287718 0.7732098 2.348908 0.03176151 0.7089609 1.808087 0.525923 0.8438575 2.319113 0.1667196 0.1532912 2.214458 0.1925744 0.09054849 2.195332 0.1278268 -0.004587889 2.139714 0.2769882 0.0156567 2.237644 0.09287047 -0.5124116 2.236599 0.2635647 -0.5261799 2.400572 0.03200348 -0.8713155 2.308905 0.2461783 -0.8776689 2.478025 0.09045541 -0.9194846 2.248582 0.335064 -0.9384274 2.491646
0.1746361 0.6264695 2.185609 0.1582469 0.4513606 2.216608 0.04765353 0.3267949 2.109384 0.3450801 0.4179419 2.389076 -0.04357673 0.4851934 1.911088 0.4816078 0.591513 2.422655 0.003511004 0.6469125 1.819409 0.5286632 0.7734002 2.348411 0.02974605 0.7112308 1.805378 0.5261391 0.8454019 2.318741 0.1670843 0.151424 2.214774 0.1927012 0.09036928 2.195161 0.1277771 -0.004155192 2.138011 0.2769854 0.01532603 2.237797 0.09286733 -0.5125293 2.236608 0.2638459 -0.5257568 2.400523 0.03198494 -0.8712776 2.308828 0.2464713 -0.8773626 2.477753 0.04690594 -0.9496832 2.288797 0.3361771 -0.9379974 2.49142
0.176339 0.6249543 2.183529 0.1590148 0.4501778 2.216044 0.04779459 0.327384 2.109103 0.3485404 0.4260717 2.392977 -0.04375862 0.4854867 1.910666 0.483163 0.5914809 2.42301 0.00200865 0.6472704 1.818292 0.5286255 0.7676187 2.348998 0.02840994 0.7115101 1.804281 0.5259458 0.843688 2.318402 0.1673955 0.1503045 2.215303 0.1928032 0.09031182 2.195119 0.1273907 -0.004070048 2.138157 0.2774203 0.01525315 2.237421 0.09251229 -0.5132002 2.236779 0.2638712 -0.5251716 2.400394 0.03181592 -0.8706709 2.308579 0.2457356 -0.8777652 2.476823 0.04219699 -0.9497092 2.288228 0.3383137 -0.937775 2.491604
0.1755185 0.6242729 2.182762 0.1589788 0.4500979 2.21517 0.04769871 0.327556 2.10891 0.3493686 0.4273222 2.394488 -0.04579513 0.4823094 1.908455 0.4886858 0.5864266 2.426497 0.001580175 0.645287 1.819492 0.5282784 0.7554339 2.346823 0.027118 0.7099499 1.805917 0.5196297 0.8130807 2.32195 0.1677295 0.1467635 2.215227 0.193096 0.08777566 2.194657 0.1268924 -0.00557469 2.139674 0.2777621 0.01295802 2.234926 0.09213452 -0.514321 2.237725 0.2638678 -0.5252031 2.400394 0.03181035 -0.8709477 2.308954 0.2455238 -0.877983 2.476845 0.04218437 -0.9490094 2.285174 0.3387584 -0.9369712 2.491469
0.1750467 0.6236809 2.181785 0.1598999 0.4486828 2.214165 0.0475988 0.3274118 2.108834 0.3503805 0.4238331 2.398159 -0.05129587 0.473084 1.903599 0.4967446 0.5103397 2.469131 0.0003742985 0.6384906 1.82314 0.5225669 0.7242392 2.356394 0.02516441 0.7037986 1.811486 0.5131409 0.7928844 2.323284 0.1676489 0.1460225 2.215497 0.1931508 0.08759333 2.194678 0.1269515 -0.005814395 2.139715 0.2773966 0.01238507 2.235109 0.09180976 -0.5151569 2.238071 0.2639644 -0.5251444 2.400326 0.03180501 -0.8710222 2.308897 0.2453587 -0.876528 2.476569 0.05856975 -0.9487826 2.307933 0.3263204 -0.9341218 2.489982
0.1756355 0.622867 2.179854 0.1611789 0.4470367 2.212787 0.04689981 0.3264883 2.109429 0.3438892 0.3997034 2.38928 -0.07659006 0.4303586 1.895622 0.4947016 0.4862192 2.471974 0.001284646 0.6375489 1.824163 0.5180129 0.6589061 2.372769 0.02776353 0.7026958 1.815782 0.5116505 0.7537159 2.32746 0.1677526 0.141715 2.215004 0.1928373 0.08362398 2.193941 0.1243985 -0.007691645 2.140899 0.277526 0.01110168 2.233662 0.09097692 -0.5160179 2.237834 0.2630954 -0.5271851 2.40061 0.03173747 -0.871069 2.308961 0.2454001 -0.8765251 2.476499 0.06112465 -0.9476947 2.314115 0.3319515 -0.935204 2.489655
0.1773718 0.6206252 2.178172 0.1608731 0.4461467 2.211249 0.04632047 0.3246808 2.110336 0.3435415 0.3790045 2.392843 -0.07576578 0.4257125 1.895937 0.4890565 0.4453621 2.518203 0.00311543 0.5865386 1.83296 0.5138976 0.6233439 2.381555 0.03147465 0.6774337 1.821952 0.5066977 0.7260836 2.331129 0.1618864 0.1302227 2.212831 0.1853298 0.06880049 2.191397 0.117829 -0.01222222 2.144809 0.2644195 -0.006540556 2.222722 0.09133448 -0.5174948 2.239833 0.2627581 -0.5296634 2.401898 0.03112844 -0.871456 2.309519 0.245691 -0.8770502 2.477153 0.06179513 -0.9476048 2.314023 0.3317546 -0.9357237 2.489839
0.1799564 0.6188502 2.176465 0.1615517 0.4447352 2.210221 0.04523824 0.3149438 2.111086 0.3326971 0.3680595 2.375126 -0.0753486 0.407779 1.899158 0.4775039 0.4642424 2.453899 0.002716534 0.5677632 1.83234 0.5177297 0.6322973 2.37216 0.0398237 0.6453063 1.831982 0.502405 0.7028316 2.337024 0.1600583 0.1230069 2.211738 0.182854 0.06111041 2.189383 0.1147067 -0.01849994 2.144042 0.2613446 -0.0100786 2.221208 0.09101294 -0.5186665 2.240543 0.2623663 -0.5316715 2.402338 0.03100612 -0.8717347 2.310085 0.2456791 -0.8767669 2.47693 0.05755828 -0.9485624 2.322345 0.337088 -0.9378254 2.493846
0.1826693 0.6303868 2.170903 0.1487397 0.471387 2.199828 0.04505151 0.3131566 2.111326 0.3109393 0.3993634 2.359713 -0.07565691 0.3929403 1.902166 0.4782552 0.4617486 2.45294 0.006359257 0.5501505 1.833087 0.5163754 0.6269854 2.363583 0.04423883 0.6270981 1.834459 0.4965477 0.6753015 2.336113 0.160681 0.122549 2.211239 0.1843238 0.05780837 2.189861 0.1190194 -0.02143051 2.145825 0.2617008 -0.01158862 2.222249 0.09080573 -0.5195308 2.240932 0.2621 -0.5314614 2.402157 0.03103862 -0.871708 2.310098 0.2453298 -0.8766366 2.476182 0.0554779 -0.9486057 2.325788 0.3372052 -0.9365645 2.494495
0.1862413 0.6255183 2.164519 0.1484944 0.47028 2.199932 0.04462233 0.3133215 2.111197 0.3108285 0.3968494 2.36013 -0.08282639 0.3657575 1.90523 0.4520022 0.3851267 2.46484 -0.0002741218 0.5242504 1.840754 0.5066472 0.58095 2.378104 0.04579863 0.5926989 1.839755 0.4967841 0.6552431 2.336528 0.1622771 0.1207939 2.211146 0.1867628 0.05492827 2.190815 0.122683 -0.02303277 2.147714 0.2638659 -0.01345332 2.223579 0.0913463 -0.5208649 2.242396 0.2620882 -0.5324633 2.402441 0.03065305 -0.8721588 2.309532 0.2449775 -0.8766609 2.476184 0.05702786 -0.9482988 2.325739 0.3370183 -0.9364815 2.493954
0.1878558 0.6198233 2.15985 0.1483543 0.4670797 2.199483 0.04404656 0.3139982 2.110996 0.3137872 0.3950253 2.360375 -0.08145335 0.3631398 1.905978 0.4526772 0.37767 2.469162 0.005499303 0.5190465 1.840876 0.5061956 0.5754303 2.376319 0.04589115 0.5844616 1.839964 0.4972142 0.6497524 2.336989 0.1643076 0.1209317 2.210694 0.1893017 0.05565064 2.190957 0.1273805 -0.02215959 2.147617 0.2671677 -0.01319284 2.224786 0.09121745 -0.5212379 2.242332 0.2618769 -0.5332246 2.402397 0.03064113 -0.8718991 2.308565 0.2450866 -0.8769545 2.476607 0.05683072 -0.9479243 2.325552 0.3364483 -0.9380735 2.493365
0.1887923 0.6192681 2.158592 0.1485098 0.4673108 2.199407 0.04312489 0.3163631 2.111376 0.3195443 0.392235 2.36567 -0.08248349 0.3560579 1.908428 0.4546193 0.3760186 2.470828 0.005427457 0.5109999 1.842104 0.5045503 0.5720953 2.375273 0.04673924 0.5821891 1.83961 0.4948262 0.6485745 2.33626 0.1664334 0.1211538 2.209733 0.1915317 0.05578648 2.190345 0.1295369 -0.0218537 2.147725 0.2702321 -0.01320318 2.223503 0.09127457 -0.5212741 2.242557 0.2616376 -0.5328054 2.401831 0.03078793 -0.8720223 2.308931 0.2450432 -0.8769056 2.476811 0.05452729 -0.9446505 2.278708 0.336842 -0.9372795 2.493747
0.1893753 0.6201022 2.15628 0.1456299 0.4688585 2.196679 0.0432204 0.3168755 2.110949 0.321352 0.3956406 2.369635 -0.08126857 0.3568502 1.907585 0.4566014 0.3772385 2.471194 0.007800654 0.5111226 1.841277 0.5042068 0.5728008 2.37495 0.04797728 0.5816892 1.83872 0.4934845 0.6499034 2.335929 0.1671025 0.1219147 2.208769 0.192097 0.05648125 2.190257 0.1313499 -0.02113619 2.148026 0.2706216 -0.01261301 2.223724 0.09163863 -0.5215612 2.242924 0.2614829 -0.5314844 2.400203 0.03072356 -0.8721037 2.308792 0.2446946 -0.8740194 2.47638 0.06557877 -0.9457826 2.298474 0.3352261 -0.9361482 2.493684
0.189758 0.6280417 2.151783 0.1395804 0.4786186 2.191878 0.04301419 0.3148254 2.111721 0.3193181 0.4005136 2.366964 -0.07712629 0.3640115 1.904112 0.4595408 0.3881428 2.469221 0.01153395 0.5186721 1.838275 0.5042106 0.5746466 2.374684 0.05228382 0.5920244 1.835614 0.4935628 0.6604798 2.329933 0.1687744 0.1234429 2.207158 0.1935132 0.05731765 2.189731 0.1331944 -0.02051968 2.148389 0.2735707 -0.01004937 2.22289 0.09117863 -0.5214546 2.241982 0.2612301 -0.5307059 2.399055 0.03039955 -0.8725803 2.309632 0.2445768 -0.8731631 2.475835 0.06621829 -0.9457616 2.299164 0.3348673 -0.9356034 2.493178
0.1883873 0.6329385 2.149834 0.1372218 0.4854605 2.192965 0.04137995 0.3094391 2.112649 0.3178079 0.4013373 2.367061 -0.07616678 0.3698394 1.902622 0.4659982 0.4198287 2.4625 0.008907676 0.5259221 1.835118 0.5068939 0.5856205 2.375942 0.0536395 0.6060042 1.830377 0.4949381 0.6920166 2.321269 0.1679346 0.1260384 2.205914 0.1925628 0.05870299 2.189214 0.1310566 -0.01923334 2.147997 0.273154 -0.007945593 2.222362 0.09133636 -0.5216061 2.24199 0.2611534 -0.5306558 2.398615 0.03038495 -0.8727122 2.309355 0.2444205 -0.8730072 2.475875 0.06749513 -0.9459465 2.306985 0.333504 -0.9375287 2.489507
0.1924464 0.6677072 2.136012 0.1335442 0.532248 2.193548 0.04190142 0.3084467 2.112506 0.3015896 0.4176607 2.354437 -0.07914039 0.3711571 1.895956 0.4705655 0.4629495 2.446023 0.007780483 0.5475516 1.829895 0.5135524 0.6323458 2.369555 0.05165321 0.6313404 1.821151 0.5036184 0.7396062 2.310915 0.1668152 0.1312856 2.205488 0.1917596 0.06007982 2.189374 0.1310745 -0.01747111 2.147158 0.2697977 -0.006396213 2.225074 0.09144834 -0.5213948 2.241829 0.2613371 -0.5309186 2.398367 0.03042991 -0.8725624 2.30931 0.2445509 -0.872764 2.475761 0.05486169 -0.9504397 2.30025 0.3349178 -0.9357291 2.490373
0.1892428 0.6637337 2.141821 0.1335838 0.5213003 2.190874 0.04317653 0.3070827 2.112304 0.3419665 0.3812966 2.398557 -0.07766756 0.3894189 1.888236 0.4880533 0.4926009 2.446596 0.01082022 0.5803476 1.820488 0.5232967 0.6906357 2.34607 0.05279104 0.6614159 1.813075 0.5088607 0.7568183 2.307442 0.1630066 0.1392519 2.202679 0.1866913 0.07005413 2.187651 0.1261277 -0.01223355 2.14596 0.2664444 0.0004364075 2.223867 0.09300631 -0.5187571 2.240337 0.2616473 -0.5312105 2.398367 0.0308833 -0.8720685 2.309049 0.2455177 -0.8734258 2.475485 0.05728794 -0.9496736 2.304109 0.3395158 -0.92781 2.49897
0.1843245 0.6209164 2.164741 0.1497766 0.4688987 2.208442 0.04492273 0.3105954 2.111594 0.3579592 0.4246463 2.4054 -0.05800878 0.4352368 1.893339 0.5025645 0.5211627 2.445797 0.01040539 0.5956971 1.81598 0.5275656 0.7133294 2.339279 0.0490527 0.6726221 1.808369 0.5192905 0.785159 2.302441 0.1648116 0.1547153 2.207683 0.1875733 0.1015651 2.192217 0.1256375 -0.008467576 2.145398 0.2690926 0.04549665 2.229263 0.09405769 -0.5168858 2.239397 0.2621249 -0.5005255 2.38852 0.03102755 -0.8720761 2.308973 0.2456077 -0.8735716 2.475256 0.05787843 -0.9496608 2.307169 0.3376618 -0.9319291 2.496803
0.1875818 0.6175182 2.168722 0.1524322 0.4632227 2.209109 0.04596831 0.310328 2.110496 0.3581076 0.4264605 2.404492 -0.04724329 0.4504015 1.897974 0.4971649 0.534078 2.439421 0.0141191 0.6249536 1.809296 0.5300267 0.7261412 2.335836 0.04402205 0.6889319 1.802348 0.526096 0.8000662 2.300941 0.1665663 0.1555569 2.209229 0.1891458 0.1019247 2.192774 0.1263277 -0.008547943 2.144892 0.2721699 0.04452141 2.230775 0.09515516 -0.5149199 2.23907 0.2628968 -0.5019311 2.388834 0.03140526 -0.8720193 2.30911 0.2462383 -0.8741835 2.475577 0.0606891 -0.9487058 2.306952 0.3382293 -0.9327176 2.496888
0.182886 0.6185521 2.171135 0.1544525 0.4610744 2.209563 0.04740755 0.3125708 2.109596 0.3557418 0.4296898 2.399319 -0.04500054 0.4562786 1.89943 0.488685 0.5569627 2.417222 0.01329767 0.6265153 1.808664 0.5377764 0.7641959 2.324112 0.0403155 0.6915382 1.799971 0.5339812 0.8284822 2.293355 0.16787 0.156458 2.209924 0.1904103 0.1025274 2.192627 0.1268843 -0.008051695 2.14269 0.2742372 0.04492018 2.231336 0.09542126 -0.5148727 2.239186 0.2636558 -0.5018249 2.388721 0.03139357 -0.8720312 2.309135 0.2461585 -0.8739544 2.475531 0.06131519 -0.9484713 2.307351 0.3367516 -0.9355003 2.494108
0.1819444 0.6182207 2.172135 0.1549185 0.4590611 2.208798 0.04825062 0.3135471 2.108996 0.3551313 0.4335648 2.396018 -0.04282121 0.4615703 1.901575 0.4892903 0.5596795 2.416007 0.009732575 0.6259046 1.809009 0.5378095 0.7641798 2.324104 0.03579028 0.6910855 1.798816 0.534606 0.8321091 2.290971 0.1678752 0.1560802 2.210026 0.1907331 0.1018236 2.191947 0.1263302 -0.008332685 2.141952 0.2753636 0.04358042 2.229689 0.09543653 -0.5148844 2.239152 0.2639868 -0.5027594 2.388659 0.03147123 -0.8720281 2.309185 0.2460314 -0.8737811 2.475404 0.06225932 -0.9481158 2.307609 0.3366504 -0.9363297 2.489985
0.1820899 0.6179959 2.17226 0.1569425 0.4557128 2.209096 0.04946595 0.3152871 2.108289 0.345014 0.4109648 2.3816 -0.0416994 0.4650539 1.902306 0.4896537 0.560365 2.415875 0.006165031 0.6260048 1.809357 0.5378361 0.764157 2.324116 0.03213737 0.6910553 1.798249 0.5348641 0.832853 2.290539 0.1710419 0.1383403 2.209446 0.1944996 0.07651592 2.189358 0.1273264 -0.01088215 2.140744 0.2754744 -0.003082465 2.225589 0.09446574 -0.5141628 2.237935 0.2639243 -0.526358 2.396238 0.03152335 -0.8718919 2.30936 0.2455046 -0.8744541 2.475614 0.05564468 -0.9478012 2.289523 0.337149 -0.9355283 2.489897
0.182337 0.6179977 2.172327 0.1573457 0.4555439 2.208867 0.04973007 0.3168027 2.107556 0.3509383 0.4259617 2.386946 -0.04220771 0.4663306 1.901737 0.4902765 0.5599301 2.416888 0.004244994 0.6276546 1.808671 0.5361283 0.7547586 2.327099 0.03052635 0.6924599 1.796926 0.5343584 0.8328064 2.290447 0.1706054 0.1385673 2.209888 0.1942381 0.07757618 2.189222 0.126539 -0.01094533 2.140075 0.2762056 0.001156447 2.225904 0.09452105 -0.5138744 2.238113 0.2638058 -0.5277349 2.397396 0.0313555 -0.8719073 2.30922 0.2458207 -0.8760558 2.476028 0.06386401 -0.9468367 2.301187 0.3379185 -0.9360504 2.491779
0.1828683 0.6178389 2.172282 0.1600577 0.45105 2.209346 0.05006064 0.3176177 2.107336 0.3487748 0.4147177 2.3857 -0.04262592 0.466416 1.901265 0.4927447 0.5461225 2.427032 0.003229767 0.628119 1.808577 0.5348322 0.7508211 2.326787 0.02702074 0.6938728 1.796847 0.5311838 0.8210449 2.292957 0.1703682 0.1361695 2.210149 0.1942197 0.07610545 2.189066 0.1265963 -0.01198407 2.139434 0.2758892 0.0005220458 2.225872 0.09439331 -0.5134509 2.237967 0.2637362 -0.5277404 2.397569 0.03118132 -0.8719439 2.309239 0.2457359 -0.8768896 2.47621 0.05493377 -0.9492455 2.295306 0.338249 -0.9362547 2.491801
0.1832756 0.6175335 2.172289 0.1608983 0.4507087 2.208274 0.05047707 0.3179648 2.107316 0.3510337 0.4141571 2.388773 -0.04531871 0.4630105 1.899797 0.4949954 0.5268686 2.437383 0.003154196 0.6260963 1.81157 0.5301299 0.7152395 2.334399 0.02579976 0.6923896 1.800669 0.5257801 0.7939236 2.295351 0.1701821 0.1363027 2.210457 0.1944242 0.07640915 2.189198 0.1267768 -0.0120159 2.139346 0.276172 0.001083133 2.226702 0.09473534 -0.5130352 2.238843 0.2633117 -0.529069 2.398591 0.03118346 -0.8718782 2.309514 0.245525 -0.8767052 2.476295 0.06190427 -0.9476102 2.302262 0.3369493 -0.9381171 2.490158
0.1855053 0.6168046 2.171483 0.1619421 0.4498045 2.208786 0.05108142 0.3188421 2.10767 0.3528397 0.4141917 2.391584 -0.067766 0.4312106 1.89087 0.4940929 0.5158085 2.436697 -0.0008463308 0.6135976 1.816964 0.5282562 0.6807145 2.34467 0.02630356 0.6902347 1.805126 0.5181152 0.7660991 2.299135 0.1691444 0.1359349 2.210841 0.1931183 0.07613498 2.189259 0.1237025 -0.01216054 2.139241 0.2744467 0.0008326666 2.226391 0.0948061 -0.512836 2.239637 0.2631162 -0.5291332 2.399111 0.03099744 -0.8713503 2.309203 0.2451794 -0.875196 2.475331 0.05583617 -0.9468595 2.288937 0.3365136 -0.9366052 2.489637
0.185374 0.6188502 2.171777 0.1613626 0.4503014 2.208424 0.05065248 0.3176655 2.107682 0.3567527 0.3976661 2.397348 -0.06844145 0.427367 1.889508 0.5042651 0.471496 2.457847 0.000144273 0.5922008 1.824261 0.5207444 0.6379504 2.360355 0.02928794 0.679431 1.813488 0.5094667 0.7360122 2.305492 0.1676636 0.134822 2.210933 0.1918544 0.07466324 2.189317 0.1217686 -0.0127716 2.140549 0.2737107 -0.0005424389 2.22552 0.0937849 -0.5120242 2.238834 0.2627231 -0.5304481 2.400904 0.03053426 -0.8704808 2.308182 0.2456601 -0.875206 2.475607 0.05999389 -0.946956 2.304832 0.3365211 -0.9368343 2.491753
0.1850411 0.6196136 2.171206 0.1628127 0.4475805 2.208296 0.05047886 0.3134459 2.108487 0.3009409 0.4203303 2.341291 -0.07082039 0.4095308 1.890404 0.4834289 0.4618168 2.444453 0.006498829 0.5715637 1.82867 0.5235206 0.6265558 2.354897 0.04120641 0.6477759 1.82783 0.5025942 0.694016 2.314268 0.1680339 0.1260773 2.211299 0.1915146 0.06502031 2.188941 0.1241338 -0.01669716 2.13933 0.2689579 -0.006879929 2.226496 0.09360293 -0.5122123 2.239434 0.2616639 -0.5310628 2.401468 0.03043258 -0.8702117 2.307638 0.2457955 -0.875698 2.475574 0.06184455 -0.9459577 2.308884 0.335194 -0.9392775 2.489829
0.1842149 0.6215678 2.167855 0.1621618 0.4446229 2.203397 0.04961781 0.3139104 2.108609 0.3363479 0.4029477 2.377589 -0.07287611 0.3908392 1.89454 0.4868644 0.4617174 2.444282 0.001866907 0.5540743 1.83282 0.5208659 0.6262607 2.351443 0.04208397 0.6290678 1.830707 0.4993727 0.6807119 2.318617 0.1688304 0.1240979 2.210714 0.1929273 0.06281981 2.189419 0.1273495 -0.02010321 2.143758 0.27061 -0.008389646 2.225992 0.09332858 -0.5158859 2.243581 0.2609428 -0.531853 2.402553 0.03031747 -0.871185 2.308636 0.2457853 -0.8758314 2.475761 0.06274399 -0.9464793 2.310381 0.3337739 -0.9390818 2.488842
0.1857682 0.6211932 2.163397 0.1605097 0.4442663 2.199999 0.04930757 0.3130208 2.109184 0.3343483 0.4045283 2.375856 -0.0831321 0.3586924 1.903307 0.4874732 0.4601731 2.440147 -0.005457751 0.5203824 1.841054 0.5177874 0.6228784 2.342237 0.04114326 0.5934418 1.836771 0.4953743 0.6601661 2.319278 0.1695671 0.1221871 2.210054 0.1937066 0.06028877 2.189677 0.1288339 -0.02186161 2.145253 0.271377 -0.01045813 2.225947 0.09341182 -0.5156302 2.244174 0.2608626 -0.5322599 2.403275 0.0309219 -0.8660374 2.306269 0.2457608 -0.8763437 2.47578 0.05339036 -0.9386006 2.275428 0.3348648 -0.9388812 2.49006
0.1865225 0.6213959 2.162107 0.1618051 0.4425006 2.197527 0.04924497 0.3130492 2.109157 0.3338011 0.4040894 2.373909 -0.0835929 0.3535311 1.904586 0.4884236 0.4552497 2.438283 -0.00471513 0.5142112 1.840994 0.516064 0.6186552 2.340827 0.04093717 0.5889472 1.837125 0.4946091 0.6568196 2.319212 0.172232 0.1198689 2.209131 0.196058 0.05787621 2.189787 0.1320373 -0.02363664 2.146745 0.2733632 -0.01250218 2.225606 0.09360182 -0.5146247 2.244668 0.2608327 -0.5324122 2.403751 0.03086403 -0.8660602 2.306255 0.2457347 -0.8763468 2.47577 0.06449625 -0.9407892 2.308353 0.335044 -0.9388829 2.490066
0.189892 0.6214029 2.162106 0.1618212 0.4425507 2.197325 0.04988568 0.3125126 2.109637 0.332169 0.4050052 2.3719 -0.08394723 0.349183 1.905078 0.4888811 0.4508353 2.435513 -0.004948594 0.5095407 1.84069 0.5157215 0.6163227 2.34196 0.03644681 0.5811754 1.835346 0.494575 0.6536173 2.31889 0.1728149 0.1192088 2.208666 0.19618 0.05693481 2.18998 0.1324939 -0.02439607 2.14752 0.2732668 -0.01266191 2.225535 0.09332675 -0.5164562 2.246714 0.2602996 -0.5329937 2.404364 0.03082128 -0.8661669 2.30624 0.2456812 -0.8764244 2.475755 0.06447264 -0.940866 2.308708 0.3344688 -0.9389427 2.489899
0.1917283 0.6209363 2.162175 0.1594277 0.4494786 2.195785 0.05022531 0.3114549 2.109998 0.3322408 0.4043431 2.37061 -0.08349746 0.3478191 1.905585 0.4948776 0.4515831 2.434851 -0.005298845 0.5079967 1.839463 0.5151416 0.6172086 2.33969 0.03380127 0.5789301 1.832675 0.4958932 0.6520806 2.318607 0.1732314 0.1191133 2.207992 0.1960396 0.05620231 2.189832 0.1325493 -0.0249177 2.147763 0.2730251 -0.01321292 2.225022 0.09424874 -0.514026 2.246475 0.2601416 -0.5332991 2.404922 0.03071009 -0.8662887 2.306517 0.2450431 -0.8737549 2.475921 0.05666955 -0.9427276 2.292383 0.334617 -0.937491 2.490363
0.1916904 0.6209643 2.162481 0.1566788 0.4581122 2.196105 0.05242584 0.3104914 2.110256 0.3315027 0.4044805 2.368157 -0.08065415 0.3510923 1.902845 0.4955995 0.4518069 2.434113 -0.003766961 0.5114337 1.835339 0.5179753 0.6166655 2.337975 0.03217986 0.5801856 1.828463 0.4985366 0.6529112 2.316489 0.1735675 0.118846 2.207472 0.1959939 0.05481212 2.189807 0.1328597 -0.02510466 2.148415 0.2726635 -0.01401356 2.224188 0.09442956 -0.5140012 2.246813 0.2602338 -0.5334976 2.405308 0.02992839 -0.8693413 2.310196 0.244968 -0.8750155 2.476616 0.06028831 -0.9446127 2.298931 0.3334737 -0.9382399 2.490516
0.1904822 0.6249697 2.162961 0.1519706 0.4690447 2.196585 0.05329784 0.3100445 2.110433 0.3346317 0.4070151 2.370524 -0.07552242 0.3629681 1.896644 0.4930522 0.4449821 2.434779 -0.001465976 0.5236641 1.826355 0.5227805 0.610473 2.342294 0.03136768 0.5978466 1.815422 0.50679 0.668874 2.309695 0.1734542 0.1224671 2.20748 0.1960886 0.05723532 2.190283 0.1332243 -0.02343359 2.148665 0.2734031 -0.01195213 2.224896 0.09455062 -0.5139622 2.247415 0.2602453 -0.5339499 2.405802 0.02981438 -0.8691388 2.309598 0.2445734 -0.8749652 2.476569 0.06066017 -0.9446779 2.302196 0.3329543 -0.9381964 2.490046
0.1931219 0.6258951 2.165676 0.151633 0.4697232 2.197141 0.05275863 0.3085536 2.110386 0.3374035 0.4133067 2.375785 -0.07186784 0.3769898 1.890711 0.4997388 0.455708 2.432741 -0.003677711 0.5381265 1.814678 0.5311927 0.6269872 2.342164 0.03028392 0.6086463 1.807939 0.5169444 0.6973698 2.298779 0.1720552 0.1293675 2.207894 0.1944923 0.06526841 2.191258 0.1289471 -0.01912633 2.148034 0.2763749 -0.00318442 2.227221 0.09551902 -0.5122784 2.247464 0.2604134 -0.5343973 2.406768 0.0302381 -0.8697236 2.310427 0.2445644 -0.8749827 2.47663 0.05540778 -0.9362716 2.269833 0.333786 -0.9377862 2.489953
0.1930364 0.625686 2.165909 0.1512435 0.4696305 2.197506 0.05273719 0.3081113 2.109936 0.3613014 0.422137 2.390431 -0.0760837 0.3744517 1.889614 0.5249044 0.4753458 2.452618 -0.001065679 0.5633762 1.801857 0.5407968 0.6720704 2.326797 0.02937919 0.6333784 1.790251 0.5253111 0.7360665 2.287514 0.1718515 0.1307578 2.208198 0.1937724 0.06676096 2.191837 0.1275466 -0.01893315 2.148267 0.2765962 -0.003221804 2.227574 0.09550338 -0.5122777 2.247474 0.2604587 -0.5350879 2.407546 0.02999441 -0.8700826 2.310551 0.2455136 -0.8755926 2.477065 0.06605243 -0.9429417 2.300581 0.3336143 -0.9379138 2.489856
0.1935585 0.6180609 2.169069 0.1550317 0.4602931 2.198743 0.05233594 0.3105984 2.108876 0.3649528 0.4211972 2.390389 -0.07930534 0.38305 1.887189 0.5227207 0.4935816 2.440393 -0.001971065 0.5746536 1.796821 0.5438047 0.6908731 2.321273 0.02902568 0.6532726 1.780227 0.5337758 0.7626229 2.28304 0.1724878 0.1468235 2.209732 0.1931513 0.09441021 2.194799 0.1223887 -0.009275644 2.145242 0.2838158 0.02325508 2.237734 0.09544531 -0.5122021 2.2474 0.2614585 -0.5219094 2.403497 0.02998989 -0.8701323 2.310537 0.2455184 -0.8755572 2.477033 0.06611234 -0.9434752 2.305852 0.3328236 -0.9380829 2.489585
0.1912347 0.6191722 2.169709 0.1548782 0.4608967 2.199459 0.05190295 0.3138251 2.106904 0.3657379 0.4220043 2.387541 -0.05704717 0.436387 1.890555 0.5187288 0.5211383 2.424158 -0.003782619 0.5914441 1.789741 0.5508182 0.7136166 2.315643 0.0280148 0.6603754 1.775919 0.5423517 0.789292 2.275355 0.1720455 0.1460994 2.209175 0.1914819 0.08977903 2.193563 0.1215844 -0.009951857 2.144711 0.2789878 0.01399051 2.233378 0.09555898 -0.511817 2.247827 0.2629696 -0.5290098 2.406528 0.02978691 -0.8698782 2.310654 0.2459433 -0.87578 2.476952 0.0604036 -0.945774 2.313188 0.3328569 -0.9384171 2.490053
0.1893505 0.6182196 2.171831 0.1557454 0.4590858 2.201058 0.05081378 0.3180335 2.104802 0.36582 0.4244344 2.383797 -0.05402199 0.4452455 1.889167 0.5172366 0.5384456 2.414132 -0.003815137 0.5996053 1.785345 0.5543062 0.7406733 2.302117 0.02487452 0.666641 1.770941 0.5464503 0.8124382 2.269182 0.1721637 0.1461394 2.209139 0.1914177 0.08974829 2.193563 0.1215195 -0.009763522 2.144315 0.2783265 0.0136777 2.233521 0.09467812 -0.5110681 2.246578 0.2633973 -0.5267609 2.405678 0.02971435 -0.8693978 2.310187 0.2459858 -0.8754531 2.47679 0.05967278 -0.9455232 2.313265 0.3333468 -0.9385056 2.490154
