0.02784257 0.6528733 2.305161 0.03944423 0.467498 2.333291 -0.145985 0.3720749 2.359917 0.218083 0.3754562 2.335791 -0.3416071 0.3290208 2.332992 0.4225483 0.3700065 2.301769 -0.3047173 0.5228415 2.211719 0.3876047 0.5390512 2.192337 -0.288248 0.5740064 2.20098 0.3702241 0.5878381 2.180633 0.04997682 0.1230179 2.346942 0.04976165 0.0560842 2.318901 -0.02903384 -0.02863115 2.312769 0.1329141 -0.02231796 2.314471 -0.05758528 -0.5140911 2.462569 0.1454334 -0.5127549 2.465302 -0.05748636 -0.8720677 2.527452 0.1470398 -0.8666081 2.556813 -0.08682484 -0.9334092 2.493526 0.1858432 -0.9307995 2.531444
0.02827697 0.6516408 2.304624 0.04003564 0.466847 2.333343 -0.145892 0.3719578 2.359808 0.2177899 0.375193 2.335929 -0.3450928 0.3343178 2.330353 0.4180782 0.3821088 2.295665 -0.3037869 0.526303 2.213416 0.3848419 0.5455338 2.191477 -0.2860727 0.5801699 2.200493 0.366046 0.5952393 2.181384 0.05053089 0.1221895 2.346989 0.05032621 0.05526546 2.319047 -0.02833885 -0.02948186 2.312659 0.1332313 -0.02278646 2.31479 -0.05612633 -0.5146636 2.462458 0.1450533 -0.5163654 2.467432 -0.05764092 -0.8723385 2.527759 0.1470795 -0.8669022 2.556892 -0.08688817 -0.9335858 2.493589 0.1859841 -0.9310262 2.532108
0.02823214 0.6515937 2.304615 0.04005175 0.4666167 2.333315 -0.1457615 0.3720059 2.359669 0.2177121 0.375311 2.336013 -0.3491706 0.3361126 2.333065 0.4187399 0.3911373 2.290597 -0.3046732 0.5367458 2.212529 0.3836973 0.5547949 2.187515 -0.285296 0.6030185 2.194856 0.3608398 0.6139675 2.176298 0.05068445 0.122006 2.346939 0.05054516 0.05508884 2.319108 -0.02793405 -0.02972586 2.312704 0.1333825 -0.02285347 2.314876 -0.05671877 -0.5138073 2.461626 0.1451283 -0.5166342 2.467337 -0.05745153 -0.872357 2.527767 0.1470303 -0.8665435 2.559491 -0.0868674 -0.9336045 2.493746 0.1860081 -0.9305778 2.533283
0.02829494 0.6512183 2.304786 0.04004981 0.4666327 2.333344 -0.1455842 0.3723305 2.359032 0.2184385 0.377682 2.336906 -0.3568969 0.3552147 2.371273 0.4164375 0.4061652 2.284487 -0.3091657 0.5511017 2.208686 0.3884025 0.572855 2.184579 -0.2902842 0.6184679 2.186927 0.3653224 0.6365573 2.171657 0.05071155 0.1221355 2.346872 0.0507601 0.05528435 2.319104 -0.02769483 -0.02961605 2.312435 0.1337812 -0.02259476 2.315101 -0.05794268 -0.5130796 2.460683 0.1455685 -0.5168764 2.467247 -0.05702831 -0.8722499 2.527853 0.1451637 -0.8658367 2.556704 -0.08647523 -0.933318 2.49354 0.1860197 -0.9307938 2.533542
0.02862845 0.6489712 2.304968 0.04007673 0.4662441 2.333578 -0.1456864 0.3737139 2.358269 0.2200485 0.3830041 2.337775 -0.3336616 0.3792716 2.30483 0.413772 0.4195698 2.27954 -0.3167786 0.5840225 2.200925 0.3925448 0.5921322 2.175595 -0.2954856 0.6486378 2.178924 0.370105 0.6680514 2.153011 0.0509095 0.122512 2.34691 0.05125524 0.05603739 2.319181 -0.02723837 -0.02919558 2.311958 0.1345353 -0.02191291 2.315628 -0.05760418 -0.5136319 2.460527 0.14546 -0.516669 2.466963 -0.05702088 -0.8722128 2.5279 0.1444946 -0.8680691 2.55584 -0.08681418 -0.9333302 2.493981 0.18518 -0.9315698 2.533866
0.02878739 0.6489348 2.305367 0.04007265 0.466249 2.333589 -0.1458812 0.3782857 2.356721 0.2216792 0.3890837 2.338165 -0.3312106 0.436047 2.292022 0.4314215 0.4468024 2.252948 -0.3227884 0.6062805 2.192386 0.3959478 0.6178036 2.164999 -0.3049042 0.6719905 2.171293 0.3729928 0.6942844 2.139488 0.05217643 0.1255574 2.347067 0.05325691 0.0603383 2.319436 -0.02505895 -0.0257 2.311353 0.1370031 -0.01820053 2.316524 -0.0576136 -0.5119593 2.459373 0.1454252 -0.5159384 2.466576 -0.0564619 -0.8708302 2.529884 0.1445579 -0.8680393 2.555561 -0.08653443 -0.9330171 2.494592 0.1853104 -0.9318998 2.53357
0.02880979 0.6491518 2.305914 0.04007595 0.466258 2.333617 -0.1458854 0.3814005 2.355327 0.2219074 0.3946623 2.337775 -0.3311555 0.4529008 2.283561 0.4277804 0.4576609 2.250072 -0.3284153 0.6316212 2.183586 0.3998744 0.6433699 2.151937 -0.3122817 0.6888027 2.165931 0.3842067 0.7136582 2.126052 0.05237686 0.1270602 2.346952 0.05352451 0.06220533 2.319297 -0.02469636 -0.02401383 2.311032 0.1372696 -0.0164201 2.316348 -0.05626016 -0.5112203 2.459223 0.145143 -0.5166997 2.466887 -0.05660048 -0.8709778 2.530271 0.145337 -0.869605 2.556952 -0.08630763 -0.9327421 2.49508 0.188186 -0.9328932 2.533624
0.0290424 0.6503381 2.307302 0.04012587 0.4668826 2.33393 -0.1465272 0.3860946 2.353445 0.2228152 0.4013603 2.336493 -0.3291995 0.4736481 2.27389 0.407503 0.5113806 2.235335 -0.336656 0.6683185 2.171584 0.4018118 0.6832501 2.134296 -0.3267556 0.7300863 2.155244 0.3937732 0.7516484 2.110462 0.05375533 0.1308348 2.347051 0.05520766 0.06654463 2.319281 -0.02308398 -0.02049153 2.310805 0.1396228 -0.01219843 2.316075 -0.05619282 -0.511458 2.459032 0.1455817 -0.5160476 2.46643 -0.05687023 -0.8712879 2.529387 0.1451106 -0.8701349 2.556564 -0.08951096 -0.9353924 2.492289 0.1862797 -0.9318962 2.533203
0.02916991 0.6510159 2.309783 0.04002239 0.4670916 2.334234 -0.1469715 0.3921769 2.351586 0.2225918 0.4066445 2.335282 -0.326224 0.4946592 2.264177 0.4041429 0.5245697 2.233307 -0.3403383 0.6831255 2.169582 0.4040612 0.7025301 2.125588 -0.3351331 0.7450879 2.152796 0.3973853 0.7671975 2.099989 0.05365361 0.1333116 2.347065 0.0551092 0.06961104 2.319107 -0.02312969 -0.01718187 2.310345 0.139624 -0.009414252 2.315703 -0.05628855 -0.511568 2.458935 0.1454382 -0.5158425 2.46638 -0.05711789 -0.8708168 2.529082 0.1449421 -0.8703405 2.556209 -0.08846705 -0.9340524 2.49208 0.1865804 -0.9321154 2.53322
0.02899471 0.6513791 2.310213 0.04046221 0.4677275 2.334677 -0.1470294 0.3982107 2.349295 0.2220097 0.4121997 2.333351 -0.3240612 0.5186187 2.255498 0.3943717 0.5428157 2.231704 -0.3458817 0.6957304 2.165709 0.4081599 0.7378278 2.106347 -0.3476022 0.7672181 2.145269 0.4029013 0.8008544 2.079062 0.05417764 0.136001 2.347558 0.0555604 0.0725782 2.31957 -0.02258483 -0.01386466 2.310839 0.1398813 -0.006521036 2.316042 -0.05588848 -0.5113391 2.45911 0.147015 -0.5098716 2.462846 -0.05706529 -0.8727065 2.527553 0.1447824 -0.8686607 2.555003 -0.08813979 -0.9341018 2.492279 0.1867433 -0.9320768 2.532875
0.02943712 0.6526976 2.311805 0.04290914 0.4706107 2.336373 -0.1465854 0.4033106 2.347264 0.22214 0.4178773 2.331643 -0.3200658 0.5326526 2.250424 0.3849171 0.5640658 2.224682 -0.3538675 0.7142428 2.162691 0.4085544 0.7406479 2.104734 -0.3598754 0.7931946 2.14481 0.4088018 0.8022894 2.074 0.05606392 0.1409539 2.348709 0.05723044 0.07780129 2.320514 -0.02108763 -0.00917536 2.311872 0.1412868 -0.0006478161 2.316509 -0.0557917 -0.5111284 2.458913 0.1473152 -0.5095986 2.462933 -0.05693616 -0.8735856 2.527429 0.1441245 -0.8684658 2.554318 -0.08901647 -0.9350035 2.491621 0.1869557 -0.9321766 2.53298
0.02947631 0.6525687 2.311714 0.04319592 0.4720424 2.33744 -0.1461398 0.4073331 2.344948 0.2199759 0.4205249 2.329723 -0.3152494 0.5432734 2.245468 0.3775169 0.5753626 2.220712 -0.3572843 0.7197559 2.161717 0.4087476 0.7430986 2.103383 -0.3680576 0.8004087 2.142751 0.4105179 0.8040448 2.071342 0.05586132 0.1426172 2.349221 0.05694247 0.0795377 2.320746 -0.02118764 -0.006538119 2.312284 0.1404094 0.002004917 2.316399 -0.05575219 -0.5110958 2.458982 0.1471433 -0.5095162 2.463011 -0.05675817 -0.873751 2.527485 0.14565 -0.8681483 2.554112 -0.08886011 -0.9348995 2.491745 0.1839737 -0.9309697 2.531987
0.02949516 0.6523302 2.312119 0.04304186 0.4725208 2.337421 -0.1459458 0.410252 2.342857 0.2183743 0.4232843 2.328288 -0.309549 0.5552367 2.243115 0.3660138 0.5884767 2.213837 -0.3783502 0.7621921 2.145451 0.4085904 0.7454896 2.102536 -0.3802297 0.8305945 2.137617 0.4133436 0.8055531 2.069166 0.05544062 0.1442726 2.349439 0.05650565 0.08142652 2.320878 -0.02143707 -0.003980866 2.312611 0.1397128 0.004210303 2.31653 -0.05692897 -0.5089025 2.457847 0.1467949 -0.5058594 2.462518 -0.05574625 -0.8675744 2.529302 0.1440248 -0.8622626 2.553039 -0.08788668 -0.9324719 2.492728 0.1827506 -0.9284261 2.531225
0.02938719 0.6515495 2.312357 0.04290624 0.4726237 2.337418 -0.1450843 0.4126481 2.341393 0.2175254 0.4238443 2.327318 -0.3070737 0.5579166 2.241789 0.3601036 0.5920663 2.210229 -0.3740578 0.7462586 2.148639 0.4085086 0.7485642 2.100825 -0.3825263 0.8138562 2.13852 0.4156025 0.8081918 2.067094 0.05538526 0.1450563 2.34961 0.05654292 0.08239205 2.320962 -0.02101187 -0.00225317 2.312906 0.1396605 0.005451776 2.316567 -0.05725574 -0.5090131 2.457826 0.1468269 -0.5055471 2.462492 -0.05541976 -0.8691658 2.529064 0.1439702 -0.8640594 2.55289 -0.0874 -0.9330621 2.492338 0.1834647 -0.9292028 2.52996
0.02913967 0.6517898 2.312577 0.0427644 0.4733081 2.337062 -0.1450419 0.4139675 2.340552 0.2166786 0.4248684 2.326788 -0.3067861 0.5582457 2.241513 0.3561879 0.5945501 2.2075 -0.3731752 0.7404388 2.149405 0.4080693 0.7508553 2.099606 -0.3855482 0.8106564 2.135206 0.4166182 0.8101659 2.065658 0.05527769 0.1461034 2.3497 0.05646165 0.08342895 2.321092 -0.02090213 -0.0008831988 2.313368 0.139437 0.006589056 2.316692 -0.05743462 -0.5084174 2.457759 0.1464372 -0.5059524 2.462756 -0.05569261 -0.8688625 2.52954 0.1441483 -0.8641285 2.553312 -0.08702196 -0.9323937 2.493513 0.1840077 -0.9293344 2.530355
0.02933575 0.6516304 2.312488 0.04281776 0.4739415 2.337068 -0.1450208 0.4145005 2.340571 0.2164197 0.4249048 2.326567 -0.3067066 0.5566338 2.240887 0.3557925 0.5948925 2.207093 -0.3724533 0.7328778 2.149862 0.4070659 0.7513831 2.099173 -0.3873309 0.8090107 2.133581 0.4167636 0.8103791 2.064989 0.05529588 0.1469518 2.349756 0.05644017 0.08426555 2.321105 -0.02099916 -9.047869E-05 2.313508 0.1394677 0.007603672 2.316574 -0.05740735 -0.5082719 2.457672 0.1467514 -0.5049449 2.462701 -0.05583128 -0.8676255 2.529204 0.1442059 -0.8640085 2.552078 -0.08716107 -0.9324878 2.493412 0.183662 -0.92901 2.53039
0.02939741 0.6511809 2.312436 0.04284502 0.4740825 2.337237 -0.1449791 0.4144261 2.340727 0.2164419 0.4249277 2.32653 -0.3096815 0.5493691 2.240815 0.3584422 0.5929788 2.208326 -0.3724045 0.7277896 2.149066 0.4066008 0.7498463 2.099398 -0.3878351 0.8048663 2.132557 0.4162002 0.8090739 2.065591 0.05539364 0.147176 2.34986 0.05652641 0.0845117 2.321127 -0.02087588 0.0001348121 2.313543 0.139532 0.007755087 2.316522 -0.05778274 -0.5081965 2.457641 0.1466195 -0.5049803 2.462728 -0.05569035 -0.8675544 2.529108 0.1441505 -0.8653103 2.556197 -0.08662166 -0.9303957 2.494508 0.1841162 -0.9291872 2.53098
0.02953316 0.6510339 2.312011 0.04331193 0.4744828 2.337166 -0.1448031 0.4132339 2.341436 0.2165433 0.4249005 2.326531 -0.3139105 0.5228372 2.250355 0.3667856 0.5841956 2.209131 -0.3721069 0.7131455 2.150116 0.4066207 0.7476605 2.097987 -0.3866862 0.7905089 2.13099 0.4140922 0.8071943 2.064183 0.0554737 0.1472325 2.349899 0.05651926 0.08453268 2.321127 -0.0209434 0.0001522502 2.313597 0.1395083 0.007751049 2.316495 -0.05792082 -0.507691 2.45758 0.1462429 -0.5057448 2.4628 -0.05613323 -0.867799 2.529422 0.1438063 -0.8647664 2.554793 -0.08702161 -0.9308065 2.494385 0.1843902 -0.9294361 2.532342
0.03036368 0.6507252 2.311172 0.04385749 0.4746628 2.337381 -0.1450231 0.4114529 2.344328 0.2174382 0.4240008 2.327009 -0.3188602 0.50855 2.254525 0.3806342 0.5556709 2.222226 -0.3720386 0.7047191 2.150539 0.4069273 0.74589 2.095443 -0.3837889 0.7781417 2.131647 0.4123103 0.8056345 2.061617 0.05574411 0.1471299 2.350018 0.05655535 0.08436877 2.321205 -0.02107783 -0.0002598055 2.313689 0.1395902 0.007252203 2.316621 -0.05749027 -0.5097355 2.459123 0.1467846 -0.5078056 2.464375 -0.05635382 -0.8680052 2.529241 0.1444389 -0.8674873 2.554039 -0.08681814 -0.9309015 2.494369 0.1848686 -0.9301433 2.531275
0.03056343 0.6502743 2.311026 0.04433004 0.4747399 2.337977 -0.1452192 0.4074893 2.346944 0.2179784 0.423683 2.327521 -0.3243051 0.4943022 2.259142 0.3861776 0.5455211 2.222736 -0.3695074 0.6863295 2.152524 0.4048613 0.7388527 2.091544 -0.3748763 0.7485449 2.133087 0.4070867 0.7996991 2.059373 0.05629984 0.1466214 2.350373 0.0569196 0.08368229 2.321457 -0.02082482 -0.001464097 2.313699 0.1401442 0.006258338 2.317015 -0.05726453 -0.5098263 2.459182 0.1468268 -0.5079314 2.464399 -0.05620929 -0.8685994 2.529102 0.1445977 -0.8678576 2.554674 -0.08617163 -0.9312384 2.493607 0.1851232 -0.930487 2.531652
0.03045326 0.6501423 2.310805 0.04357009 0.4736314 2.337594 -0.1456841 0.4038254 2.349559 0.2186924 0.4213434 2.329199 -0.3300492 0.472824 2.268036 0.3938937 0.5292898 2.224834 -0.3659963 0.6540083 2.16043 0.4026462 0.6954926 2.101748 -0.3702108 0.7296824 2.134851 0.400081 0.7736549 2.066662 0.05656455 0.145641 2.350485 0.05727338 0.08255041 2.321647 -0.02024434 -0.003541379 2.313854 0.1409481 0.004961543 2.317525 -0.05694922 -0.50798 2.458624 0.1467905 -0.5078721 2.464445 -0.05626846 -0.8684262 2.528988 0.1447253 -0.8676502 2.554529 -0.08603932 -0.9311585 2.493904 0.1802804 -0.9296701 2.528849
0.03066203 0.6476399 2.30955 0.04351476 0.4730243 2.337519 -0.1459875 0.3983853 2.35159 0.2189879 0.4174863 2.331671 -0.3353711 0.4448617 2.28325 0.3966135 0.4849257 2.246111 -0.3590481 0.6304129 2.163803 0.4001015 0.6697451 2.110968 -0.3572935 0.6922693 2.139133 0.392086 0.743666 2.075227 0.05704744 0.1436642 2.350754 0.05793704 0.08013029 2.322063 -0.01949413 -0.006564206 2.314073 0.1418432 0.002554996 2.318375 -0.05708282 -0.5076659 2.458492 0.1467673 -0.5093513 2.465138 -0.05555077 -0.8654441 2.528531 0.1444339 -0.8676522 2.554147 -0.08583716 -0.9310635 2.494144 0.1820107 -0.9298173 2.531937
0.03024895 0.6478357 2.309069 0.04232283 0.4714109 2.336542 -0.1466194 0.3955891 2.353611 0.220006 0.4130263 2.334458 -0.3378706 0.4345578 2.287559 0.4260948 0.4441186 2.253947 -0.3548632 0.6116629 2.170248 0.3991644 0.6363848 2.125569 -0.3527989 0.6800914 2.142517 0.3879923 0.7088701 2.088451 0.05655314 0.14168 2.350419 0.05763162 0.07795186 2.321966 -0.01978268 -0.008859074 2.314078 0.1417902 -0.000443891 2.318473 -0.05796083 -0.5091879 2.458813 0.1465987 -0.509616 2.46525 -0.05576943 -0.867653 2.528856 0.1447126 -0.8680923 2.554749 -0.08575608 -0.9312865 2.494664 0.182879 -0.9299431 2.532673
0.02977355 0.6483564 2.307592 0.04228695 0.4712702 2.336349 -0.1468091 0.3917728 2.35523 0.2202235 0.4079825 2.337637 -0.3403822 0.4200829 2.296874 0.4262621 0.4437036 2.253775 -0.3500571 0.580139 2.18181 0.3982448 0.6105342 2.137176 -0.3407299 0.6471091 2.153826 0.3823269 0.684876 2.099339 0.05575818 0.1400742 2.350171 0.05671788 0.07584162 2.321884 -0.0209852 -0.01110813 2.313395 0.1405282 -0.002927335 2.319217 -0.0578008 -0.5092037 2.4589 0.1460604 -0.5096747 2.465607 -0.0549226 -0.866762 2.529728 0.1441875 -0.866954 2.552861 -0.08521368 -0.931047 2.495263 0.1833383 -0.9289883 2.533157
0.0293646 0.6487595 2.307469 0.04136875 0.4704832 2.336024 -0.1471821 0.3857546 2.356967 0.2201671 0.4014508 2.340051 -0.3406635 0.4048446 2.303646 0.435872 0.4216401 2.272341 -0.3458017 0.5690507 2.187104 0.394706 0.5911689 2.148667 -0.3309563 0.6362333 2.160258 0.3678156 0.654461 2.118452 0.05377962 0.1365743 2.349828 0.05458917 0.07168572 2.321684 -0.02367489 -0.01528684 2.312224 0.1385948 -0.007355097 2.320071 -0.05793626 -0.5116224 2.460482 0.1459485 -0.5097277 2.465816 -0.05493949 -0.86593 2.529642 0.1442584 -0.8669317 2.552842 -0.08512682 -0.9308614 2.495672 0.1831075 -0.9290393 2.53278
0.02870004 0.6494957 2.307139 0.03937633 0.4688106 2.335052 -0.1473355 0.3826899 2.357524 0.2162045 0.394169 2.341593 -0.3367833 0.3675025 2.325738 0.4157167 0.4121707 2.283428 -0.3355707 0.5528896 2.190958 0.3914701 0.5677096 2.159306 -0.3191118 0.6125816 2.164622 0.3688996 0.6266253 2.130731 0.05216175 0.1322309 2.349284 0.05321322 0.06670645 2.321446 -0.02434992 -0.01896629 2.312142 0.137254 -0.01077229 2.320157 -0.05869664 -0.5117101 2.460599 0.1458907 -0.5098779 2.465876 -0.05558643 -0.8669074 2.529644 0.1445048 -0.8666372 2.55138 -0.08529946 -0.9317231 2.495099 0.184035 -0.9300914 2.532362
0.02873574 0.6485767 2.30588 0.03901789 0.4683049 2.334981 -0.1478078 0.3797286 2.357918 0.2153491 0.3899397 2.342322 -0.3595731 0.3297538 2.343745 0.4351262 0.3808293 2.305489 -0.3287569 0.543102 2.192739 0.3855654 0.5539153 2.167549 -0.3150729 0.6028863 2.16772 0.360893 0.6161696 2.137551 0.05160617 0.1297677 2.349275 0.05269138 0.06379807 2.321679 -0.0250114 -0.02186039 2.312135 0.1367286 -0.01375557 2.320772 -0.05895281 -0.5110777 2.460557 0.1463537 -0.5118431 2.466067 -0.05734712 -0.8678767 2.530859 0.1441965 -0.8666196 2.551357 -0.08562235 -0.9318128 2.494961 0.18231 -0.9297018 2.532347
0.02807685 0.6474966 2.304583 0.03827051 0.4677736 2.334168 -0.1481787 0.3770991 2.357949 0.2143697 0.3863323 2.342607 -0.3590349 0.3295291 2.346461 0.4348452 0.3760829 2.306985 -0.3212683 0.5354307 2.196934 0.3835227 0.5511268 2.172952 -0.3071017 0.5963044 2.171973 0.3586854 0.6080256 2.148379 0.05084264 0.1275237 2.348776 0.05195796 0.06107307 2.321557 -0.02577067 -0.02484323 2.312159 0.1359953 -0.015966 2.320927 -0.05894604 -0.5115138 2.460972 0.1457762 -0.5137578 2.466919 -0.05697079 -0.8702103 2.530643 0.1447478 -0.8665216 2.552653 -0.08607152 -0.9320104 2.49579 0.1836187 -0.9301112 2.533344
0.02723634 0.6470873 2.303065 0.03802551 0.4674489 2.334097 -0.148607 0.3758298 2.358135 0.213675 0.3844946 2.34304 -0.3592545 0.3296663 2.346153 0.4189588 0.3904445 2.304514 -0.3147025 0.5337445 2.200703 0.3806359 0.5492696 2.179476 -0.2904074 0.5949562 2.180395 0.3548747 0.6045206 2.158496 0.0510144 0.1264879 2.348601 0.05228779 0.05991028 2.321625 -0.02537307 -0.02611414 2.312223 0.1364134 -0.01697343 2.32104 -0.05774381 -0.5107436 2.460521 0.1459445 -0.5137163 2.466779 -0.05697013 -0.8692151 2.530469 0.1447614 -0.866402 2.552799 -0.08471012 -0.9301268 2.494576 0.1838469 -0.9301114 2.53374
0.02728064 0.647356 2.302536 0.03783445 0.4671203 2.333929 -0.1486606 0.3751701 2.35818 0.2133411 0.3838518 2.343334 -0.3592145 0.3303679 2.34621 0.4264746 0.3825951 2.307809 -0.3124544 0.5347063 2.202757 0.3797859 0.5500368 2.184379 -0.2876332 0.597864 2.183868 0.3533179 0.6062116 2.161644 0.05053136 0.1254652 2.348407 0.05176602 0.05876862 2.321707 -0.02574519 -0.02681201 2.31235 0.135482 -0.0184661 2.321195 -0.05782996 -0.5114808 2.460975 0.1459731 -0.5136498 2.466907 -0.05763951 -0.8709168 2.529433 0.1462253 -0.8657141 2.553715 -0.08705035 -0.9332238 2.494503 0.183601 -0.9301205 2.533452
0.02699713 0.6477646 2.302125 0.03734016 0.4669033 2.334101 -0.1486624 0.3751218 2.358202 0.2132261 0.3836733 2.343543 -0.3652399 0.3407036 2.382541 0.4148679 0.4014485 2.305407 -0.3126453 0.5331696 2.207352 0.3791313 0.5553113 2.186687 -0.2861009 0.6019473 2.185813 0.3517393 0.6169158 2.167754 0.05001816 0.1249949 2.348248 0.05127227 0.05829445 2.321691 -0.02621433 -0.0271913 2.312257 0.1348972 -0.01895896 2.321153 -0.05782046 -0.5114827 2.460976 0.1451702 -0.5146688 2.467026 -0.05761894 -0.8708096 2.529402 0.1464724 -0.8655721 2.555323 -0.08733189 -0.9333432 2.494547 0.1843556 -0.9300021 2.533822
0.02679723 0.6480206 2.302358 0.03702558 0.4665563 2.334057 -0.1486568 0.3751162 2.35822 0.2144816 0.3848529 2.345054 -0.3654956 0.3430609 2.38332 0.4118482 0.4133713 2.301672 -0.314963 0.5376385 2.210011 0.3798138 0.5743031 2.189276 -0.2890472 0.6087143 2.185692 0.3525855 0.6297783 2.169585 0.04989186 0.1250106 2.348085 0.05126965 0.05833895 2.321712 -0.02622279 -0.02719359 2.312253 0.1349508 -0.01894477 2.321215 -0.05900983 -0.5128744 2.461133 0.14465 -0.514136 2.467071 -0.05792974 -0.8717826 2.529357 0.1452457 -0.8674097 2.554089 -0.08775244 -0.9348503 2.494723 0.1851993 -0.9313659 2.532584
0.02711798 0.6495226 2.302938 0.03702107 0.4665527 2.334061 -0.1486483 0.3753233 2.358184 0.2155037 0.3879272 2.346076 -0.3635192 0.3710025 2.323468 0.4104812 0.4247472 2.297326 -0.3183114 0.558215 2.203064 0.3823763 0.5918928 2.187098 -0.2959769 0.6280023 2.178056 0.3583344 0.660495 2.164535 0.04990338 0.1253063 2.347947 0.0514075 0.05883439 2.321726 -0.0261544 -0.02684186 2.312019 0.1351696 -0.01863156 2.321419 -0.05881109 -0.5128363 2.461064 0.1445051 -0.5151011 2.467555 -0.05736329 -0.8721908 2.528907 0.1452936 -0.8673951 2.554128 -0.08758939 -0.9348174 2.494674 0.185048 -0.9312757 2.532953
0.02703074 0.6505914 2.304753 0.03654285 0.4665997 2.334294 -0.1489803 0.3783185 2.357926 0.2165055 0.3909296 2.346619 -0.3592247 0.3855927 2.355904 0.4074276 0.4472701 2.289893 -0.3267573 0.5789077 2.199446 0.3839748 0.6179975 2.177875 -0.3070987 0.6527014 2.172672 0.3623818 0.6836548 2.153431 0.04999965 0.1273352 2.348188 0.0518563 0.06179604 2.322174 -0.02546573 -0.02461681 2.311839 0.1358642 -0.01619778 2.32224 -0.05876795 -0.5125982 2.460989 0.1448786 -0.5119467 2.466065 -0.05730316 -0.8725652 2.52944 0.1436045 -0.8638178 2.553398 -0.08753856 -0.9347018 2.494949 0.1851354 -0.9309049 2.533434
0.02687536 0.6506211 2.30486 0.03502459 0.4664258 2.33436 -0.1493541 0.3817929 2.356967 0.2172043 0.3964893 2.347335 -0.3375372 0.4409074 2.291936 0.4177796 0.4620387 2.278907 -0.3346693 0.6084681 2.18931 0.3875387 0.6276509 2.173476 -0.3162641 0.6713655 2.167407 0.3739973 0.7107551 2.137833 0.0494464 0.128668 2.348038 0.05155043 0.06360825 2.322115 -0.02558668 -0.02281103 2.311644 0.1358931 -0.01494433 2.322196 -0.05870908 -0.5126485 2.460705 0.1445474 -0.5118575 2.466108 -0.05717207 -0.8730054 2.530432 0.1428795 -0.8656696 2.553811 -0.08806746 -0.9353238 2.494638 0.1846281 -0.9309973 2.533529
0.02702607 0.6506866 2.305602 0.03497696 0.4664897 2.334661 -0.1499129 0.3858223 2.355761 0.2173328 0.401584 2.346876 -0.3375054 0.4490569 2.286151 0.4113191 0.4776412 2.266029 -0.3402385 0.6269621 2.182199 0.3966705 0.6860008 2.143034 -0.326272 0.7039967 2.159748 0.3879868 0.7307871 2.128267 0.04928423 0.1302432 2.348127 0.05139944 0.06561301 2.322199 -0.02574339 -0.02100112 2.311528 0.1357043 -0.01311932 2.32213 -0.05825958 -0.5113743 2.460011 0.1446749 -0.512169 2.466078 -0.05739403 -0.8721334 2.530308 0.1425561 -0.8649977 2.554121 -0.08871674 -0.9349126 2.49375 0.1844723 -0.9308729 2.533642
0.02681912 0.652221 2.307814 0.03501762 0.4674194 2.334997 -0.1515724 0.3902591 2.35482 0.2174277 0.4076013 2.345999 -0.3362956 0.4774919 2.270605 0.3965208 0.5285546 2.250515 -0.3446658 0.6597694 2.171034 0.3978318 0.6916776 2.138667 -0.3338292 0.7168896 2.152744 0.3948318 0.758937 2.106856 0.04904683 0.1350704 2.348306 0.05103817 0.07123064 2.322364 -0.02658657 -0.01592548 2.311169 0.1356382 -0.008557811 2.322426 -0.05907102 -0.510112 2.458992 0.144311 -0.5103259 2.465079 -0.05716344 -0.8702164 2.530502 0.144058 -0.8680753 2.555516 -0.08872593 -0.9345719 2.49385 0.1850457 -0.9316254 2.533143
0.02653741 0.6519009 2.308214 0.03503032 0.4681915 2.336081 -0.1531766 0.3960664 2.353508 0.2172639 0.4130621 2.343925 -0.3340825 0.4892218 2.264076 0.3917461 0.5371719 2.247586 -0.3507479 0.678773 2.162086 0.4052713 0.7173956 2.12368 -0.3489577 0.7475891 2.142701 0.4035402 0.7952872 2.087193 0.04940891 0.1387924 2.349006 0.05142204 0.0756412 2.322914 -0.02638127 -0.01146767 2.311943 0.136325 -0.004485202 2.322121 -0.05926357 -0.508707 2.457676 0.1447607 -0.509563 2.464938 -0.05759284 -0.8700671 2.531017 0.1448977 -0.8680055 2.558572 -0.08936778 -0.9342417 2.4979 0.1854569 -0.9313169 2.534445
0.02669945 0.6491071 2.308818 0.03527913 0.4687806 2.338249 -0.1530928 0.4008158 2.352115 0.216132 0.4168386 2.341895 -0.3298732 0.500303 2.258507 0.3797878 0.5574391 2.238071 -0.3543522 0.6906666 2.157028 0.4113211 0.739926 2.10941 -0.3538773 0.7577809 2.139401 0.409252 0.8029312 2.081739 0.04952573 0.1405464 2.349835 0.05144083 0.07773431 2.323368 -0.02619724 -0.009446276 2.312474 0.1359828 -0.0009572238 2.321822 -0.05927626 -0.5085898 2.457769 0.1446876 -0.5090693 2.464722 -0.0577338 -0.8701307 2.530936 0.1430265 -0.8653877 2.555058 -0.09060802 -0.9362941 2.496518 0.1859875 -0.9313213 2.534646
0.02687435 0.648784 2.309031 0.03563566 0.4696463 2.338858 -0.1526565 0.4040626 2.350315 0.2154118 0.4191032 2.340186 -0.3253555 0.5191264 2.249109 0.3749124 0.5710998 2.231359 -0.3606341 0.7007695 2.152397 0.4127199 0.7428018 2.107567 -0.3686446 0.7719257 2.132617 0.4174596 0.8045276 2.077452 0.04981102 0.1421153 2.350282 0.05168842 0.07934523 2.323551 -0.02586995 -0.007658097 2.312724 0.1360916 0.00127361 2.32182 -0.05899834 -0.5098895 2.458335 0.1444733 -0.507914 2.46472 -0.05889532 -0.8730906 2.532336 0.1438974 -0.865867 2.555027 -0.09128745 -0.9367049 2.49588 0.1863775 -0.9317673 2.534863
0.0263398 0.6481403 2.309021 0.03575178 0.4716359 2.339759 -0.1523343 0.4067186 2.348141 0.2127323 0.4218205 2.337397 -0.3201575 0.5313557 2.244137 0.3676406 0.5863127 2.220474 -0.365069 0.7102833 2.146063 0.4130213 0.7451072 2.105835 -0.3725385 0.780041 2.127124 0.4215254 0.8054863 2.073878 0.0501093 0.1436846 2.350537 0.05193315 0.0808288 2.323409 -0.02517494 -0.004862742 2.312706 0.136095 0.003297753 2.321239 -0.05889583 -0.5102544 2.458617 0.1445527 -0.5076628 2.464792 -0.05830656 -0.8732733 2.532243 0.1458807 -0.8634433 2.554205 -0.09070067 -0.93608 2.496382 0.1856973 -0.9320562 2.533102
0.02543489 0.6472247 2.309678 0.03655001 0.473213 2.3411 -0.1520403 0.4095752 2.346719 0.2115314 0.4231455 2.336356 -0.3172074 0.5365156 2.242342 0.3640309 0.5892233 2.21841 -0.3679733 0.7143922 2.142414 0.4128473 0.7453061 2.105078 -0.3804244 0.7901464 2.120468 0.42612 0.8038829 2.071438 0.05004949 0.1448676 2.351125 0.05176449 0.08205533 2.323475 -0.02552043 -0.002976953 2.312822 0.1355849 0.004880744 2.320967 -0.05901533 -0.5095965 2.458184 0.1445229 -0.5077735 2.465154 -0.05805122 -0.8732334 2.532199 0.1445934 -0.863812 2.552245 -0.08847664 -0.9348027 2.495482 0.1858086 -0.9319772 2.531777
0.02563934 0.6462266 2.309135 0.0365525 0.4732554 2.341313 -0.1515062 0.4110351 2.345716 0.2102376 0.42413 2.335176 -0.3157928 0.5378335 2.240965 0.3598091 0.5907778 2.216393 -0.370287 0.7157971 2.140202 0.4134759 0.7464468 2.103163 -0.3858342 0.7939871 2.116247 0.4287347 0.8041102 2.068796 0.05016302 0.1450766 2.351539 0.05187009 0.08233839 2.323505 -0.0253885 -0.002420973 2.312828 0.1357753 0.005469654 2.320976 -0.05940831 -0.5090417 2.458114 0.1449512 -0.5071688 2.464956 -0.0580269 -0.8732303 2.532178 0.1460394 -0.8640953 2.554304 -0.08763315 -0.9339508 2.495365 0.1858412 -0.9319866 2.531564
0.02535137 0.6463685 2.309284 0.03554088 0.4734624 2.341174 -0.1515857 0.412524 2.345218 0.2088288 0.4249257 2.334295 -0.3146745 0.5399345 2.238567 0.3584328 0.5911778 2.214978 -0.3731609 0.7171771 2.137236 0.4136934 0.7471206 2.101019 -0.3908705 0.7952964 2.10971 0.4307426 0.8040197 2.066224 0.05015799 0.145845 2.351874 0.05200111 0.08329853 2.323585 -0.02491918 -0.0009728875 2.313347 0.136157 0.006900231 2.320851 -0.05798864 -0.5080283 2.457899 0.1451759 -0.5067444 2.465009 -0.05752102 -0.8718569 2.531838 0.1464647 -0.8642055 2.555138 -0.08722625 -0.9334144 2.495642 0.1862345 -0.9317962 2.533156
0.02478462 0.646811 2.309681 0.03554069 0.4735643 2.341153 -0.1517944 0.4132623 2.345181 0.208186 0.4250923 2.33377 -0.3149132 0.5399858 2.237677 0.3583447 0.5894638 2.214918 -0.3766477 0.7180156 2.134026 0.416407 0.7481546 2.097504 -0.3930363 0.7954328 2.108588 0.4334013 0.8051066 2.06277 0.04994778 0.1462406 2.352046 0.05167023 0.08375711 2.323462 -0.02534539 -0.0003336545 2.313449 0.1355633 0.007421203 2.320432 -0.05793276 -0.5081556 2.458021 0.1451165 -0.5075243 2.465783 -0.05794547 -0.8699067 2.530875 0.1467497 -0.8641644 2.555331 -0.08747754 -0.933584 2.495467 0.1855942 -0.9317646 2.532136
0.02424886 0.6483533 2.308654 0.0355171 0.4737956 2.341051 -0.1518957 0.4133829 2.345226 0.2079584 0.4253278 2.333676 -0.3171145 0.5374287 2.235967 0.3624226 0.5809788 2.216453 -0.3786898 0.7139548 2.13311 0.4181343 0.7478085 2.094525 -0.3948734 0.7904735 2.107363 0.4345016 0.8058182 2.061275 0.04993137 0.1462979 2.352291 0.05163651 0.08379018 2.323479 -0.02535335 -0.000330136 2.313611 0.1354151 0.007498798 2.320396 -0.05786248 -0.5079451 2.458148 0.1451622 -0.5073368 2.465831 -0.05768251 -0.8695781 2.530749 0.1462407 -0.8642801 2.554016 -0.08718438 -0.9331645 2.495159 0.1860545 -0.9321151 2.531404
0.02454697 0.6487712 2.309026 0.03550991 0.4738585 2.341284 -0.1520237 0.4125233 2.345893 0.2080751 0.4253417 2.33371 -0.3211533 0.5174316 2.241646 0.3679206 0.5621005 2.221881 -0.380375 0.7037308 2.131486 0.4197194 0.7432688 2.091054 -0.3959079 0.7749728 2.105852 0.4340248 0.8028503 2.059688 0.05000881 0.1462208 2.35259 0.05165613 0.08369546 2.323547 -0.02529918 -0.0004953524 2.31362 0.1354152 0.007177949 2.320568 -0.05833784 -0.5081511 2.458209 0.1451777 -0.5073168 2.465761 -0.05767548 -0.8726889 2.52972 0.1454118 -0.8645169 2.553782 -0.0870826 -0.9337382 2.493873 0.186126 -0.932235 2.532599
0.0245917 0.6486248 2.308974 0.03526935 0.4735039 2.341325 -0.1525132 0.4107575 2.34767 0.2093091 0.4246852 2.334425 -0.327478 0.5009604 2.246055 0.3778658 0.5520871 2.226047 -0.3818083 0.6882523 2.130505 0.4223098 0.7296728 2.090717 -0.3915443 0.7523329 2.106538 0.4304594 0.7913257 2.061209 0.05009225 0.1460671 2.352873 0.05167393 0.08353948 2.323648 -0.02533053 -0.001010096 2.313731 0.1356865 0.006533649 2.320868 -0.05826761 -0.5075991 2.458367 0.1451075 -0.5068592 2.465652 -0.05726766 -0.8713233 2.528834 0.1454861 -0.8644985 2.553756 -0.08639412 -0.9327968 2.493701 0.1866307 -0.932653 2.53194
0.02479923 0.6482232 2.308336 0.03481183 0.4726285 2.341256 -0.1526392 0.4057506 2.34973 0.2111786 0.4209337 2.336311 -0.3329813 0.4761817 2.256744 0.3896433 0.5304427 2.230441 -0.3790556 0.6505962 2.137943 0.4213383 0.710318 2.092121 -0.3871138 0.7328224 2.107884 0.4252889 0.7752627 2.063356 0.05015582 0.1454809 2.353117 0.05180118 0.08291703 2.323758 -0.02514275 -0.002400529 2.313551 0.1361614 0.005447643 2.321375 -0.05865092 -0.5072929 2.458316 0.1448893 -0.5101554 2.467902 -0.05666382 -0.8670869 2.531655 0.145667 -0.8648667 2.553604 -0.08467202 -0.9292121 2.497749 0.186587 -0.9325935 2.531662
0.02455995 0.6473677 2.307122 0.03474229 0.4719859 2.341365 -0.1517628 0.4004114 2.351209 0.2124667 0.4180914 2.338742 -0.336924 0.4573649 2.264834 0.3961715 0.4984888 2.24472 -0.3756969 0.6288375 2.141686 0.4197957 0.6833227 2.099805 -0.3786579 0.7029975 2.111111 0.4145313 0.7486846 2.067711 0.04988816 0.1442709 2.353184 0.05154873 0.08155396 2.323581 -0.02549802 -0.004320516 2.312986 0.1358248 0.003963625 2.321296 -0.05869636 -0.5071564 2.458369 0.1449018 -0.5101573 2.467915 -0.05634384 -0.8704795 2.531032 0.144871 -0.8644873 2.552868 -0.08654989 -0.9317789 2.496979 0.186844 -0.9325678 2.531925
0.02448167 0.6474684 2.306808 0.03469636 0.4715171 2.340996 -0.1521005 0.3973795 2.353067 0.2133667 0.4148158 2.340819 -0.3420795 0.4354184 2.276217 0.4001631 0.4702553 2.259471 -0.3727754 0.6060581 2.147892 0.4169563 0.6413711 2.114929 -0.3734006 0.6767786 2.116471 0.4083232 0.7052516 2.07879 0.04967333 0.142731 2.353167 0.0513116 0.07963238 2.323518 -0.02587072 -0.006723369 2.313345 0.1355491 0.001578545 2.321059 -0.05859671 -0.5073674 2.45861 0.1451951 -0.5096375 2.467315 -0.0562025 -0.8699658 2.531081 0.1458059 -0.8636084 2.554574 -0.08649863 -0.9315578 2.496749 0.1864512 -0.9315505 2.531305
0.02471088 0.6450835 2.304254 0.03432276 0.4710691 2.34081 -0.1525293 0.3921196 2.355641 0.2132643 0.4091648 2.342952 -0.3435079 0.4184456 2.284716 0.4241366 0.4555578 2.254479 -0.3677606 0.5832394 2.151313 0.4153175 0.6266534 2.120669 -0.3619621 0.6332637 2.119493 0.4050152 0.69115 2.084515 0.04929319 0.1394349 2.353096 0.05095915 0.07540707 2.323356 -0.02614318 -0.01130033 2.313385 0.1352971 -0.002392096 2.320858 -0.05811921 -0.5074919 2.458559 0.1451861 -0.5096397 2.467454 -0.05635755 -0.8696408 2.531128 0.1469335 -0.8632717 2.555894 -0.08597504 -0.9305192 2.496776 0.1850805 -0.9307808 2.529977
0.02487025 0.6452993 2.303308 0.03380038 0.4704785 2.340134 -0.1514801 0.3873025 2.356257 0.2140625 0.4057965 2.344584 -0.3437287 0.3967835 2.295556 0.4295382 0.4295716 2.268301 -0.35899 0.5602083 2.158617 0.4087602 0.5919296 2.134728 -0.3570692 0.626265 2.121453 0.3964961 0.6575814 2.099846 0.04865934 0.1365487 2.352582 0.05041277 0.07196543 2.322801 -0.02670867 -0.01438261 2.313204 0.1348335 -0.006010405 2.320206 -0.05786773 -0.5086649 2.459124 0.1449623 -0.5104419 2.467842 -0.05628873 -0.86979 2.530874 0.1474325 -0.8634408 2.5584 -0.08791855 -0.9332457 2.495592 0.1854426 -0.930189 2.529927
0.02480058 0.6448353 2.302298 0.03363234 0.4693525 2.339651 -0.15054 0.3843592 2.357168 0.2141724 0.4022501 2.345727 -0.3411851 0.3820794 2.303502 0.4287348 0.4123795 2.279029 -0.3534393 0.5466956 2.160004 0.4063023 0.5781705 2.140302 -0.3451657 0.605013 2.12749 0.3932139 0.6420524 2.107851 0.04866334 0.1335198 2.352296 0.05048294 0.06864285 2.322495 -0.02644276 -0.01757817 2.312818 0.1347004 -0.00873871 2.320157 -0.05789214 -0.5087054 2.459146 0.1449555 -0.5107462 2.467812 -0.05596669 -0.8687974 2.53178 0.1468935 -0.8631254 2.556481 -0.08724555 -0.9323112 2.497179 0.1853859 -0.9301698 2.530179
0.0244727 0.6445808 2.30075 0.03199537 0.4658707 2.338564 -0.1501714 0.3804532 2.357609 0.2128507 0.396445 2.346159 -0.3383943 0.3572482 2.321406 0.4080009 0.4013911 2.295851 -0.346678 0.5324865 2.164923 0.40177 0.56556 2.148132 -0.3360792 0.5901455 2.134786 0.3850951 0.6208442 2.120903 0.04794402 0.1288548 2.351979 0.04996768 0.06378178 2.322355 -0.02653557 -0.02174151 2.312808 0.1341493 -0.01304585 2.320262 -0.05840756 -0.5086049 2.459263 0.1447986 -0.5111446 2.467715 -0.05587993 -0.8688447 2.531574 0.1468773 -0.8639868 2.55721 -0.08691947 -0.9318367 2.495718 0.1852697 -0.9307956 2.530205
0.02408084 0.6435727 2.299551 0.03152688 0.4637992 2.336862 -0.1500698 0.3774227 2.357853 0.2127497 0.3916907 2.346382 -0.3558 0.3226053 2.336288 0.4256718 0.3810849 2.308309 -0.3378496 0.5211672 2.168389 0.3978003 0.5499009 2.156345 -0.3298513 0.5777706 2.138945 0.3816407 0.6102092 2.124744 0.04734664 0.126453 2.351294 0.04934344 0.06120206 2.322041 -0.02735376 -0.02415287 2.31276 0.1335308 -0.01605869 2.320179 -0.05819258 -0.5086802 2.459395 0.1448706 -0.5111404 2.467676 -0.05619337 -0.8680127 2.529763 0.1470915 -0.86395 2.556976 -0.08719242 -0.9324381 2.495177 0.1852435 -0.9305885 2.530191
0.02414271 0.6441004 2.298419 0.03182273 0.4637287 2.335707 -0.1498983 0.3757853 2.35814 0.2121602 0.3883591 2.346196 -0.3571331 0.3204167 2.335447 0.4191051 0.3833956 2.309678 -0.3327026 0.5200536 2.168702 0.3947714 0.5473068 2.160228 -0.319001 0.5720464 2.145685 0.3770094 0.6047756 2.131515 0.04702898 0.1251453 2.350399 0.04880033 0.05942217 2.321394 -0.02796671 -0.02556349 2.312367 0.1326277 -0.01795004 2.319651 -0.0591474 -0.5118014 2.460527 0.1442085 -0.5127852 2.468667 -0.05813271 -0.8737756 2.528238 0.1456292 -0.863316 2.555883 -0.08862547 -0.9344217 2.494256 0.18521 -0.930267 2.530428
0.02418924 0.6440304 2.298071 0.03120372 0.462442 2.335122 -0.1495657 0.3733183 2.358029 0.2120219 0.3866115 2.346198 -0.3571998 0.3263561 2.32656 0.4238974 0.3808104 2.31172 -0.329652 0.5195514 2.170184 0.3919545 0.5453993 2.164984 -0.3158022 0.5705755 2.149303 0.3700262 0.6052806 2.137217 0.04686251 0.1237829 2.349859 0.04874179 0.05809262 2.321124 -0.0279134 -0.02666631 2.312036 0.1326149 -0.01931698 2.319543 -0.05859296 -0.512723 2.460615 0.1441181 -0.5142052 2.468335 -0.05814129 -0.8738332 2.528112 0.144992 -0.8639122 2.5559 -0.08890598 -0.9346569 2.494701 0.1853188 -0.93027 2.530774
0.0243761 0.6433023 2.297359 0.03167428 0.4623199 2.335074 -0.1494908 0.3724971 2.358065 0.2118513 0.385662 2.346394 -0.3571558 0.3211956 2.333365 0.4190187 0.3938451 2.310194 -0.3280153 0.5198336 2.172422 0.3903351 0.5466204 2.167335 -0.3148895 0.5707049 2.15207 0.3665942 0.6074491 2.141194 0.0471412 0.1233583 2.349596 0.04900948 0.05761189 2.321045 -0.02755606 -0.02733533 2.311574 0.1327289 -0.01967405 2.319697 -0.05864355 -0.5108714 2.459065 0.1445808 -0.5135473 2.467447 -0.05827504 -0.8719786 2.528217 0.1449424 -0.8636828 2.55488 -0.08789593 -0.9333841 2.494839 0.1847374 -0.9297673 2.530766
0.02408477 0.6431534 2.297101 0.03183612 0.4620872 2.334808 -0.1495304 0.3723582 2.358077 0.2118026 0.3857027 2.346593 -0.3573471 0.3371169 2.316889 0.4151694 0.402284 2.307324 -0.3265383 0.522875 2.174325 0.3874708 0.5564666 2.170808 -0.3136454 0.5745978 2.154085 0.3613817 0.6179861 2.145391 0.04710113 0.1233276 2.349313 0.04897485 0.0575853 2.320971 -0.02769012 -0.02746873 2.311181 0.1326763 -0.01969221 2.31973 -0.05838495 -0.5116857 2.459211 0.1446016 -0.5137709 2.467535 -0.05814896 -0.8703488 2.531381 0.1451801 -0.8642309 2.554581 -0.0879367 -0.9318097 2.496731 0.1849864 -0.9297948 2.530662
0.02433315 0.6436819 2.296606 0.03199739 0.4622573 2.334441 -0.1495118 0.3723797 2.358096 0.212353 0.3864678 2.347116 -0.364393 0.3414392 2.375586 0.4099063 0.4117817 2.302732 -0.327974 0.5219067 2.18311 0.3859126 0.5670584 2.169473 -0.3104986 0.5884937 2.153714 0.3612933 0.6245597 2.143762 0.04711404 0.1234432 2.348971 0.04902012 0.05767654 2.320851 -0.02771774 -0.02747062 2.310894 0.1327395 -0.01963465 2.319742 -0.05855173 -0.5129759 2.459482 0.1447102 -0.5141813 2.467322 -0.05820514 -0.8724383 2.531814 0.1451462 -0.8641744 2.554601 -0.08958083 -0.9350433 2.4951 0.1850633 -0.9296378 2.530854
0.0242181 0.6435192 2.296439 0.03201207 0.4622809 2.334401 -0.1493997 0.3725488 2.358111 0.213684 0.3891204 2.348014 -0.3623637 0.3591356 2.309026 0.4215142 0.4181075 2.295343 -0.3298904 0.5355369 2.178153 0.386878 0.5803583 2.167905 -0.3130644 0.6114357 2.150196 0.3615023 0.6516581 2.13774 0.04785931 0.1238474 2.34878 0.0501635 0.05824613 2.320884 -0.02642023 -0.0273505 2.310615 0.1346264 -0.01877721 2.320323 -0.05872999 -0.5130975 2.459324 0.1449399 -0.5138355 2.466823 -0.05776077 -0.8752896 2.531667 0.1448625 -0.863986 2.554535 -0.089366 -0.936529 2.495812 0.1850436 -0.9296111 2.530875
0.02382695 0.6416048 2.296007 0.03230012 0.462226 2.334745 -0.1494247 0.3726646 2.357981 0.2147917 0.3911722 2.348237 -0.3640173 0.3664358 2.310194 0.4231222 0.4294052 2.286513 -0.3367086 0.5716101 2.171108 0.3884701 0.6014418 2.158746 -0.3170323 0.6351339 2.148215 0.3679028 0.667804 2.129843 0.04856479 0.124259 2.348732 0.05102156 0.05885291 2.320892 -0.02556328 -0.02710651 2.310196 0.1356065 -0.01831513 2.320517 -0.05972259 -0.5106908 2.457552 0.145585 -0.5125905 2.465674 -0.05822038 -0.8758585 2.529943 0.1452569 -0.8640157 2.553792 -0.08967236 -0.9368684 2.495626 0.1858718 -0.9300286 2.53115
0.02384134 0.6411802 2.296768 0.03268124 0.4624335 2.335106 -0.150165 0.3753451 2.357324 0.2152025 0.3943323 2.3478 -0.3570486 0.4057746 2.291101 0.4243599 0.4554539 2.271059 -0.3399513 0.5780392 2.168748 0.3924374 0.6175169 2.150611 -0.3273968 0.6446917 2.141968 0.3745195 0.6920659 2.115309 0.04948499 0.1254677 2.348992 0.05207102 0.06036338 2.32126 -0.02478272 -0.02627681 2.310238 0.1368379 -0.01691293 2.321039 -0.0589233 -0.5118839 2.457738 0.1455469 -0.5126401 2.465608 -0.05782046 -0.8739439 2.528695 0.1442274 -0.8649175 2.553459 -0.08901006 -0.9361343 2.495483 0.186304 -0.9305737 2.531429
0.02427253 0.6425705 2.297521 0.03285865 0.4625781 2.33534 -0.1507976 0.3773578 2.356266 0.2159078 0.4012799 2.347229 -0.3423579 0.4416835 2.27553 0.4119177 0.4723769 2.257815 -0.3472844 0.6124104 2.152797 0.3963616 0.6452022 2.136128 -0.3399943 0.672701 2.130864 0.383736 0.7133254 2.103986 0.04919829 0.1268981 2.348835 0.05155322 0.06235024 2.321015 -0.02563339 -0.02450273 2.309859 0.1363969 -0.0155574 2.320613 -0.05840112 -0.5095693 2.456417 0.1454841 -0.5124714 2.465516 -0.0575404 -0.8754845 2.528079 0.1440935 -0.8640756 2.55398 -0.08930342 -0.9362769 2.495579 0.1859364 -0.929985 2.531697
0.02387215 0.6428568 2.298039 0.03326269 0.4625636 2.336087 -0.1518121 0.3808818 2.355422 0.2159157 0.4039515 2.346457 -0.341769 0.452425 2.269187 0.4080913 0.4764785 2.25433 -0.3543095 0.6262628 2.146733 0.3960404 0.6732153 2.115874 -0.351209 0.6952186 2.120076 0.387934 0.7339011 2.086588 0.04999207 0.129136 2.349165 0.05248392 0.06542681 2.321211 -0.02487861 -0.0221551 2.310093 0.1375821 -0.01241283 2.320118 -0.0572333 -0.5088205 2.455672 0.1454909 -0.5122045 2.465285 -0.0572116 -0.872442 2.52841 0.1511653 -0.8698167 2.5574 -0.0885519 -0.9350368 2.495726 0.1874117 -0.9315321 2.532142
0.02440156 0.6418323 2.298602 0.03380569 0.4628614 2.33656 -0.1526705 0.3845975 2.354584 0.2169484 0.4078418 2.343995 -0.3375342 0.4679912 2.260415 0.3988853 0.4945358 2.240993 -0.3642438 0.6494098 2.139284 0.3996892 0.6838504 2.11001 -0.3623427 0.7112263 2.115479 0.3941104 0.7520897 2.074721 0.05196736 0.1323527 2.349758 0.05461502 0.0692894 2.321832 -0.02314311 -0.01957344 2.310557 0.140499 -0.008350641 2.320608 -0.05697823 -0.5070242 2.454095 0.1458949 -0.5118618 2.465013 -0.05690261 -0.871215 2.528523 0.1507187 -0.8688559 2.557059 -0.08804428 -0.9339277 2.49613 0.1870845 -0.9308382 2.532644
0.02465732 0.6416709 2.299381 0.03417052 0.4633367 2.337199 -0.153032 0.3894647 2.353027 0.2165189 0.4108236 2.34216 -0.3316467 0.4858865 2.250881 0.3817541 0.5111932 2.235036 -0.3687307 0.6613519 2.134771 0.4057447 0.7121472 2.091417 -0.3727498 0.7290632 2.107003 0.4043561 0.7652837 2.06516 0.05242233 0.1337927 2.350058 0.05502931 0.07083094 2.322022 -0.02245251 -0.01755936 2.310731 0.1408068 -0.006991962 2.320647 -0.05687504 -0.5068913 2.454057 0.1457551 -0.5122803 2.465111 -0.05660246 -0.8678291 2.528739 0.1491163 -0.8691418 2.556644 -0.08708823 -0.9323642 2.495671 0.1866162 -0.9308503 2.533278
0.02515683 0.6419958 2.299899 0.03695398 0.4662901 2.339873 -0.1524331 0.3930784 2.351116 0.21606 0.4142743 2.339154 -0.3257193 0.495374 2.245938 0.3721258 0.523321 2.230508 -0.373089 0.6753544 2.128541 0.4085483 0.7269787 2.082091 -0.3804006 0.7410225 2.101456 0.410524 0.7883447 2.051033 0.05305116 0.1356955 2.350609 0.05524795 0.07269889 2.322031 -0.02245721 -0.01528899 2.310591 0.1406892 -0.004745108 2.320205 -0.057121 -0.5067178 2.454045 0.1457589 -0.508803 2.464229 -0.0567376 -0.8675077 2.529232 0.14777 -0.8667558 2.555228 -0.08718318 -0.9322925 2.495623 0.1865876 -0.9307907 2.533363
0.025179 0.6424875 2.301236 0.03777497 0.4675055 2.340747 -0.1520936 0.3974016 2.348207 0.2150426 0.4166544 2.336701 -0.3212646 0.5266141 2.229448 0.3654614 0.5788926 2.206559 -0.3793879 0.6905577 2.122029 0.4116735 0.7344636 2.077961 -0.3935152 0.7614064 2.094418 0.4214985 0.7941978 2.045261 0.05327606 0.1372073 2.351012 0.05534535 0.07429591 2.321909 -0.02243025 -0.01247425 2.310128 0.1405631 -0.003373373 2.319975 -0.05710095 -0.5075188 2.454061 0.1457131 -0.5088462 2.464302 -0.05640622 -0.8666638 2.529074 0.1474231 -0.867339 2.555708 -0.0875942 -0.9323713 2.49457 0.1866796 -0.9307544 2.533426
0.0256106 0.6420529 2.30213 0.03781006 0.468017 2.340792 -0.1511018 0.402526 2.34506 0.2125923 0.4198776 2.333836 -0.3205734 0.5282768 2.228506 0.3619432 0.5819575 2.204063 -0.38223 0.6945233 2.120585 0.4136279 0.737293 2.075672 -0.3977608 0.765472 2.091802 0.4270069 0.795545 2.041591 0.05339589 0.1389934 2.351137 0.05545689 0.07635773 2.321585 -0.02207757 -0.009946832 2.310332 0.140394 0.0005088099 2.318718 -0.05674054 -0.5068051 2.453907 0.1463721 -0.5084535 2.463912 -0.05619393 -0.8651645 2.529659 0.1473184 -0.8671104 2.555818 -0.08751848 -0.9323241 2.494566 0.186212 -0.9305941 2.534114
0.02540138 0.6423081 2.30255 0.03757809 0.4688074 2.340292 -0.1505307 0.4051443 2.34337 0.2101149 0.4220212 2.331716 -0.3183937 0.5308884 2.22664 0.356326 0.5852839 2.200754 -0.3865997 0.6991934 2.116638 0.4143717 0.7390645 2.07445 -0.4032383 0.7679815 2.089665 0.4296876 0.7967802 2.040276 0.05286261 0.1403493 2.3509 0.05477033 0.07779553 2.321019 -0.02264959 -0.007393088 2.310468 0.1389639 0.002519223 2.317395 -0.05660433 -0.5060408 2.453834 0.1464559 -0.5084426 2.463875 -0.05575271 -0.8660262 2.529566 0.1477852 -0.8672503 2.555727 -0.08696394 -0.9326162 2.494978 0.1861237 -0.93038 2.534565
0.02510492 0.6417202 2.302753 0.03744525 0.4692069 2.340292 -0.1495949 0.406303 2.342088 0.2087862 0.4228845 2.330181 -0.3174177 0.5315755 2.225343 0.348626 0.5797527 2.202926 -0.3896763 0.7007223 2.11479 0.4147242 0.7400237 2.073721 -0.4100814 0.7701055 2.087582 0.430894 0.7974936 2.039529 0.05273572 0.1406819 2.3511 0.05459313 0.07812268 2.320887 -0.0227339 -0.00680799 2.310534 0.1384817 0.003344206 2.316961 -0.05639864 -0.5062864 2.45413 0.1460238 -0.5085735 2.464221 -0.05587389 -0.865888 2.529259 0.1473718 -0.867297 2.554551 -0.08685071 -0.9325176 2.495171 0.186304 -0.9303253 2.534229
0.02561696 0.6428998 2.303718 0.03866107 0.4710654 2.33996 -0.1490434 0.4078118 2.34118 0.2088085 0.4238344 2.329856 -0.316818 0.5320447 2.22406 0.3501521 0.5818555 2.200514 -0.3921012 0.7028602 2.113396 0.4154213 0.7402474 2.073015 -0.4124808 0.7714791 2.086874 0.4323331 0.7972861 2.038465 0.05318601 0.1416561 2.35114 0.05494846 0.07890744 2.320679 -0.02247155 -0.006126706 2.310482 0.1387985 0.004197944 2.316736 -0.05625659 -0.5070591 2.454627 0.1456901 -0.5081667 2.464227 -0.0558741 -0.8665096 2.529658 0.1453895 -0.86687 2.552417 -0.08693173 -0.9320856 2.495161 0.1864976 -0.9307376 2.534596
0.02579387 0.6429305 2.304044 0.03892099 0.4712044 2.340095 -0.1488882 0.4080033 2.340982 0.2078313 0.4236677 2.329125 -0.3168684 0.5314068 2.223703 0.3520328 0.5809144 2.200043 -0.3926467 0.7003887 2.113224 0.4159172 0.7401407 2.072249 -0.4141488 0.7683904 2.085461 0.4330589 0.7973636 2.038124 0.05312257 0.1417342 2.351321 0.05469269 0.07905886 2.320507 -0.02272698 -0.005729889 2.310512 0.1378274 0.004616431 2.315956 -0.05620323 -0.5072569 2.454758 0.1457112 -0.5067075 2.463687 -0.05656967 -0.8673389 2.529344 0.145024 -0.8664816 2.552311 -0.08678249 -0.932209 2.495108 0.1853386 -0.9293872 2.534759
0.0259318 0.6439335 2.303738 0.038817 0.4715125 2.339754 -0.1489453 0.4077601 2.34102 0.2077107 0.423539 2.329018 -0.3193673 0.5267795 2.224141 0.35899 0.5748823 2.201545 -0.3937013 0.6930894 2.113575 0.4164841 0.739759 2.070965 -0.4139685 0.7598349 2.086552 0.4331379 0.797504 2.037488 0.05315576 0.141736 2.351512 0.05471861 0.07901657 2.320491 -0.02261144 -0.005799172 2.310536 0.137863 0.004535615 2.316005 -0.05595218 -0.5075 2.454849 0.1461048 -0.5058243 2.463416 -0.05663236 -0.8673216 2.529343 0.1452124 -0.867375 2.553892 -0.08640227 -0.9312356 2.495193 0.1840893 -0.929989 2.535822
0.02563983 0.6433985 2.303072 0.0388341 0.471445 2.339652 -0.1493236 0.4071479 2.341743 0.2079602 0.4233728 2.329038 -0.3242406 0.4991214 2.236638 0.3692045 0.5566736 2.20837 -0.3918366 0.6762217 2.118023 0.4169384 0.7352153 2.069896 -0.4080695 0.7447768 2.086418 0.4312251 0.7943426 2.037769 0.0533006 0.1417142 2.351627 0.05480697 0.07900246 2.320426 -0.02240154 -0.005983553 2.310482 0.1380073 0.004440091 2.315952 -0.05629232 -0.5082386 2.455516 0.1458897 -0.5082087 2.464904 -0.05649114 -0.8675042 2.529757 0.1449925 -0.8670229 2.555193 -0.08648828 -0.931411 2.495015 0.1841053 -0.9294518 2.535259
0.02525478 0.6432598 2.302881 0.0394118 0.4713702 2.338978 -0.1495609 0.4045364 2.343319 0.2097471 0.4223925 2.329675 -0.3280981 0.4799483 2.24729 0.3793731 0.5455621 2.212405 -0.3877662 0.6571062 2.123103 0.4165 0.7223658 2.073425 -0.4022124 0.7335221 2.090024 0.4253157 0.7829324 2.042022 0.05347481 0.1416479 2.351641 0.05485506 0.07887387 2.320379 -0.02244089 -0.006300426 2.310409 0.1382158 0.003570592 2.316194 -0.05687473 -0.5079217 2.455281 0.1450523 -0.5107641 2.466451 -0.05627585 -0.8672165 2.528756 0.1446937 -0.8668411 2.555418 -0.08604744 -0.9307578 2.49495 0.1843798 -0.929647 2.535394
0.02532173 0.6430593 2.302783 0.03946871 0.4708377 2.338682 -0.1499306 0.4016397 2.345241 0.2125116 0.419433 2.331262 -0.3400966 0.4498936 2.251763 0.3924078 0.5272118 2.219358 -0.3788632 0.6281121 2.135019 0.4135247 0.7016589 2.082196 -0.3928043 0.7187088 2.096212 0.4145138 0.763072 2.053536 0.05345255 0.1413147 2.351553 0.05478604 0.07853399 2.320235 -0.02278193 -0.007148446 2.309901 0.1383303 0.002285129 2.316394 -0.05656023 -0.5078104 2.45555 0.1449856 -0.5108992 2.466654 -0.05640456 -0.8660538 2.528946 0.1448805 -0.8665801 2.555166 -0.08598853 -0.9306511 2.495003 0.184798 -0.9290407 2.534817
0.02552702 0.6434174 2.302531 0.03958092 0.4705887 2.33814 -0.1501625 0.3981092 2.347294 0.2141667 0.4164693 2.333312 -0.3406401 0.4441541 2.259907 0.4102696 0.4813422 2.229743 -0.3753243 0.6196541 2.13699 0.4089564 0.6696002 2.092396 -0.3757605 0.6879811 2.107057 0.4023108 0.7147659 2.067939 0.05371825 0.1408138 2.351428 0.05510384 0.07785264 2.320169 -0.02241183 -0.008337706 2.309971 0.1390094 0.0009783048 2.316602 -0.05647764 -0.5078925 2.455527 0.1449809 -0.5107999 2.466535 -0.05625275 -0.8659332 2.528888 0.1447213 -0.8664219 2.555077 -0.08687317 -0.9308991 2.496418 0.1848818 -0.929143 2.534835
0.02540924 0.6438739 2.30208 0.0387738 0.4699131 2.336972 -0.1509094 0.3948988 2.349853 0.214692 0.4128469 2.335806 -0.3427554 0.4307988 2.269763 0.4018456 0.4673069 2.248451 -0.3668743 0.6023558 2.140436 0.4030326 0.6357704 2.109326 -0.365196 0.6673511 2.112331 0.3984372 0.7106364 2.070024 0.05319866 0.1399492 2.350945 0.05459721 0.07679838 2.319871 -0.02305034 -0.009826431 2.310076 0.1386182 -0.0003425227 2.316306 -0.05582381 -0.5086815 2.45656 0.1451602 -0.5104978 2.466355 -0.0564187 -0.8660822 2.529044 0.1447434 -0.8656206 2.554494 -0.08744752 -0.9310179 2.495874 0.1849995 -0.9291961 2.534859
0.02563031 0.6434387 2.301232 0.03795537 0.4684205 2.335523 -0.1508559 0.3906029 2.352131 0.2153835 0.407172 2.337396 -0.3427646 0.4184284 2.27774 0.4185286 0.4448373 2.247802 -0.3554343 0.580682 2.148189 0.401509 0.6067486 2.125559 -0.3504875 0.6429011 2.119714 0.3879137 0.6742153 2.091965 0.05176454 0.1366943 2.349754 0.05292046 0.07296194 2.31893 -0.02508051 -0.01351393 2.30921 0.136988 -0.005142216 2.315935 -0.05576379 -0.5084952 2.456669 0.1452915 -0.5105513 2.46615 -0.0565838 -0.8658098 2.528802 0.1440399 -0.8644217 2.553238 -0.08714336 -0.9300728 2.494007 0.1855974 -0.9302253 2.536016
0.02545635 0.6437094 2.300485 0.03539114 0.4664409 2.333022 -0.1509897 0.3836798 2.35431 0.2160164 0.4017324 2.339597 -0.3411711 0.4039155 2.2862 0.4257606 0.4179576 2.265378 -0.3461686 0.5633991 2.150709 0.3975335 0.5907773 2.133453 -0.3357963 0.6221468 2.123055 0.3822556 0.658668 2.100919 0.05157449 0.1343255 2.348688 0.05313414 0.07014052 2.318391 -0.02447057 -0.01722546 2.308907 0.1378629 -0.007703052 2.315859 -0.05619807 -0.5086128 2.456303 0.1452541 -0.5107996 2.465509 -0.05668823 -0.8659164 2.52877 0.1444953 -0.8653901 2.552812 -0.0865822 -0.9296613 2.494446 0.1826978 -0.9300352 2.532652
0.02423199 0.640864 2.295949 0.0346262 0.4657477 2.332039 -0.1505715 0.3817322 2.354581 0.2158787 0.3951046 2.340543 -0.3383606 0.3785018 2.300516 0.4140511 0.4103396 2.277283 -0.3373232 0.5455121 2.155966 0.3937303 0.5685562 2.144064 -0.3248108 0.601313 2.129414 0.3727184 0.6182879 2.122662 0.05100198 0.1314079 2.34793 0.05278061 0.06647906 2.318198 -0.02453679 -0.02023425 2.308926 0.1375968 -0.01128825 2.316215 -0.05640721 -0.5088695 2.456663 0.1450738 -0.5117489 2.465594 -0.05675714 -0.8659517 2.528993 0.144299 -0.8659934 2.552929 -0.08672825 -0.9298797 2.494711 0.1843672 -0.9306744 2.53314
0.02459211 0.6397516 2.29349 0.03421894 0.4650915 2.331499 -0.150351 0.3778908 2.354399 0.2154315 0.3855058 2.341403 -0.3385367 0.3607349 2.309589 0.4120851 0.4037899 2.281522 -0.3232381 0.5262088 2.165506 0.386975 0.5509926 2.150967 -0.31086 0.5779641 2.141275 0.3669435 0.6110287 2.127698 0.05014459 0.1283319 2.347075 0.05200835 0.06285441 2.317726 -0.02543167 -0.02351239 2.308407 0.1369467 -0.01495276 2.316156 -0.0560876 -0.5097935 2.456646 0.1456661 -0.5116397 2.464979 -0.05655543 -0.8656578 2.529482 0.1437629 -0.8647345 2.552842 -0.08628638 -0.929372 2.495039 0.1840716 -0.9303104 2.532916
0.02396634 0.6419981 2.292465 0.03368353 0.4638447 2.330051 -0.1502993 0.3747004 2.353776 0.2148622 0.3808817 2.34149 -0.3485861 0.3213159 2.319252 0.4110608 0.3831379 2.296141 -0.3130724 0.5131437 2.171857 0.3811482 0.5397317 2.16079 -0.2992997 0.562111 2.15479 0.3601606 0.5918208 2.143389 0.04928527 0.1255754 2.346008 0.05117631 0.05974868 2.317226 -0.02634465 -0.0266309 2.308215 0.136093 -0.01771099 2.315924 -0.05609399 -0.5088149 2.456176 0.1456302 -0.5114696 2.464359 -0.05653912 -0.8657936 2.529192 0.144712 -0.8636398 2.552234 -0.08630938 -0.9294257 2.494926 0.1847839 -0.9297087 2.532031
0.02418099 0.6432973 2.291672 0.03331736 0.4630151 2.329339 -0.1499499 0.3727254 2.353067 0.214292 0.3785952 2.340747 -0.3479058 0.3206422 2.320384 0.4110091 0.3789048 2.300259 -0.3046191 0.5087737 2.175263 0.3758283 0.531503 2.1684 -0.2891347 0.5587653 2.161331 0.3549451 0.5809707 2.149477 0.04900148 0.1233469 2.345088 0.05094248 0.0572346 2.316722 -0.02640184 -0.02856535 2.307841 0.1357194 -0.02007859 2.315576 -0.0568031 -0.5091074 2.455893 0.1456257 -0.5117157 2.464371 -0.05732776 -0.8683485 2.529108 0.1424584 -0.8630919 2.551561 -0.08596819 -0.9313938 2.494903 0.1849488 -0.9301284 2.534938
0.02443022 0.6435552 2.291366 0.03368829 0.4630269 2.328451 -0.1495227 0.3709273 2.352424 0.214156 0.3777649 2.340549 -0.34474 0.3160431 2.3281 0.4090712 0.3741848 2.303561 -0.2998132 0.5024003 2.178586 0.3709279 0.5272771 2.173624 -0.2829238 0.5484759 2.165767 0.3505688 0.5770438 2.155626 0.04914708 0.122081 2.344174 0.05108793 0.05553898 2.316208 -0.02628192 -0.03026983 2.307383 0.1356568 -0.02145897 2.315292 -0.05708358 -0.5091154 2.455776 0.1453379 -0.5126237 2.464391 -0.0579907 -0.8692669 2.529743 0.1427806 -0.8635616 2.552171 -0.08823019 -0.9343268 2.493578 0.1850426 -0.9300649 2.534841
0.0246945 0.6437656 2.291235 0.03397552 0.4622534 2.327826 -0.149356 0.3701639 2.352182 0.213813 0.3772333 2.340339 -0.3445654 0.3142668 2.330115 0.4091918 0.3741452 2.303569 -0.2982016 0.502763 2.179211 0.3695184 0.5269766 2.175041 -0.2812414 0.5481491 2.167255 0.3486089 0.5765422 2.157727 0.04902478 0.1205969 2.343287 0.05087795 0.05397453 2.315682 -0.02654137 -0.03153742 2.306958 0.1352366 -0.02295255 2.314768 -0.05703549 -0.508978 2.455686 0.1453687 -0.5130735 2.464018 -0.05895943 -0.8683896 2.529768 0.1428112 -0.8653232 2.552174 -0.08825252 -0.9336989 2.493856 0.1858531 -0.9309974 2.534283
0.02490476 0.6439356 2.291026 0.03384834 0.4616409 2.327093 -0.149275 0.3697968 2.352139 0.2135968 0.3770146 2.340316 -0.3458884 0.3131456 2.332474 0.4080381 0.3801022 2.300093 -0.2972108 0.5051844 2.180649 0.3684062 0.5302141 2.176043 -0.2784557 0.5523021 2.168161 0.3467005 0.5839367 2.159713 0.04924022 0.1198124 2.342658 0.051178 0.05312807 2.315482 -0.02606067 -0.032455 2.306881 0.1354717 -0.02355588 2.314621 -0.05686262 -0.5085008 2.454588 0.1454447 -0.5132053 2.463721 -0.05862328 -0.8669664 2.530055 0.1441825 -0.8648237 2.553366 -0.0879557 -0.933308 2.493773 0.1854203 -0.9306288 2.534029
0.02531992 0.6440661 2.291021 0.03427319 0.460982 2.326906 -0.1492608 0.3698026 2.352135 0.2135876 0.3770284 2.340321 -0.3497798 0.3164881 2.331316 0.4065949 0.3876373 2.295868 -0.2980039 0.5119029 2.18223 0.3697228 0.5394868 2.174742 -0.2757402 0.5719461 2.16537 0.3459189 0.5942899 2.15643 0.04936628 0.1197075 2.342284 0.05127249 0.05307128 2.315458 -0.02594297 -0.03251199 2.306811 0.1355204 -0.02362495 2.314627 -0.05680383 -0.5088966 2.454325 0.1455841 -0.5152056 2.464441 -0.0578791 -0.8647108 2.530855 0.1439272 -0.8648965 2.553134 -0.08498441 -0.9293896 2.494699 0.1855557 -0.9309704 2.535282
0.02575866 0.6431925 2.290578 0.03427551 0.4608579 2.32688 -0.14907 0.3699947 2.35206 0.2135352 0.3775842 2.340436 -0.3596653 0.3336177 2.358689 0.4055626 0.395465 2.293391 -0.3021695 0.5241566 2.183002 0.3727732 0.559718 2.17147 -0.2767409 0.5906706 2.163451 0.3454466 0.6240065 2.150339 0.04929793 0.1197204 2.341944 0.05120147 0.05310668 2.315398 -0.02602201 -0.03240113 2.306655 0.1353479 -0.02360496 2.314567 -0.05697767 -0.5085607 2.453967 0.1454449 -0.5154876 2.464103 -0.05813991 -0.8651696 2.531499 0.1443342 -0.8648177 2.553459 -0.08556078 -0.9300517 2.494518 0.1853633 -0.9305323 2.534755
0.02753368 0.6380677 2.289495 0.03433003 0.460408 2.326988 -0.1489765 0.3701974 2.351942 0.2142952 0.3815548 2.340401 -0.3602465 0.3529771 2.308423 0.4149683 0.4016413 2.280392 -0.3102599 0.5384418 2.175654 0.374131 0.5708513 2.163078 -0.2903572 0.6074814 2.148686 0.3468423 0.6361655 2.138754 0.04936846 0.1198521 2.341699 0.05132753 0.05345801 2.315405 -0.02589034 -0.03216091 2.306409 0.1355063 -0.02329171 2.314745 -0.0560111 -0.5072477 2.452491 0.1456665 -0.515128 2.463742 -0.05813988 -0.8651285 2.53128 0.1445899 -0.8652911 2.55391 -0.08649765 -0.9302066 2.495286 0.1851723 -0.9301762 2.534397
0.02745055 0.6379766 2.289508 0.03427896 0.460189 2.327061 -0.1489965 0.3719656 2.351194 0.2147636 0.3854091 2.340162 -0.3520155 0.3684285 2.300622 0.4208047 0.4169354 2.265991 -0.322624 0.5675121 2.165747 0.3785105 0.589313 2.154872 -0.3016038 0.6308547 2.135917 0.355441 0.6657313 2.127182 0.04957698 0.1203512 2.341566 0.0517396 0.0543635 2.315539 -0.02541589 -0.03157305 2.306291 0.1360312 -0.02239465 2.315069 -0.05634736 -0.5069994 2.452378 0.1456467 -0.5152314 2.463742 -0.05799078 -0.865386 2.531552 0.144523 -0.8652631 2.554033 -0.08649782 -0.9302349 2.495284 0.185077 -0.9306048 2.532398
0.02753276 0.6378857 2.289715 0.03440623 0.4601072 2.327313 -0.1491902 0.374323 2.350152 0.2161942 0.389465 2.339603 -0.3606749 0.3965425 2.337829 0.421582 0.4412124 2.248796 -0.3288247 0.5874045 2.157638 0.3829901 0.6092538 2.144691 -0.3109481 0.6576412 2.130387 0.3628164 0.6886951 2.117244 0.05011304 0.1221555 2.341534 0.05245001 0.05700776 2.315609 -0.0248961 -0.0296299 2.306015 0.1369307 -0.02040998 2.315062 -0.05690523 -0.5066992 2.451816 0.1449157 -0.5136526 2.462247 -0.05814692 -0.8652351 2.531537 0.1448954 -0.8661688 2.554985 -0.08565135 -0.9296346 2.495099 0.1850088 -0.9306281 2.531955
0.02785754 0.637973 2.29036 0.03454918 0.4601701 2.327655 -0.1500007 0.3775658 2.348897 0.217022 0.3946607 2.338303 -0.3382117 0.4475136 2.262734 0.3980186 0.4653539 2.247614 -0.3381819 0.6282172 2.14009 0.3869 0.6296239 2.130953 -0.3246348 0.6764742 2.12401 0.3708793 0.7045103 2.095399 0.0502804 0.1248404 2.341556 0.05253134 0.06054118 2.315636 -0.02500651 -0.02660054 2.305748 0.137177 -0.01771472 2.314862 -0.0577593 -0.5056925 2.450931 0.144769 -0.5138926 2.46209 -0.05811993 -0.8654313 2.53141 0.1448255 -0.8680471 2.554854 -0.08590186 -0.9296574 2.494804 0.1867653 -0.9309884 2.531344
0.02792829 0.6379875 2.290517 0.03561876 0.4603631 2.329455 -0.1504626 0.3809037 2.347028 0.2177045 0.3997456 2.336526 -0.3376449 0.4589317 2.258082 0.40097 0.4685136 2.243277 -0.3425492 0.6473258 2.135184 0.3887598 0.6767393 2.1045 -0.3401666 0.7152306 2.119842 0.3791005 0.7337146 2.079911 0.05146295 0.1273888 2.342057 0.05374667 0.06372334 2.315829 -0.02399323 -0.02405655 2.305287 0.138618 -0.01442095 2.314808 -0.05991857 -0.5097832 2.451429 0.144725 -0.5139217 2.461915 -0.05768313 -0.8662629 2.530307 0.1461782 -0.859942 2.553184 -0.08826577 -0.9331391 2.494104 0.1853213 -0.9306427 2.533005
0.02766013 0.6382096 2.291293 0.03581985 0.4605882 2.329336 -0.1516006 0.3865814 2.344179 0.2177592 0.4025359 2.334862 -0.3319502 0.482675 2.247513 0.394008 0.4829715 2.23241 -0.3479661 0.6630505 2.133559 0.3896192 0.6798475 2.103083 -0.3478054 0.7297716 2.112758 0.3830758 0.7482839 2.072212 0.0514573 0.1294394 2.341696 0.0537266 0.06607999 2.315392 -0.02427 -0.02153365 2.305005 0.1387327 -0.01258674 2.314232 -0.05959665 -0.5084387 2.450968 0.1445529 -0.5127938 2.461237 -0.05803597 -0.8663683 2.529277 0.1461475 -0.8604208 2.553173 -0.08651221 -0.9308921 2.494217 0.1855027 -0.9307556 2.53302
