0.245177 0.6486606 2.188007 0.1435872 0.5156046 2.180915 0.0107453 0.4700355 2.051357 0.3082839 0.4822051 2.440312 0.02639279 0.4409889 1.83971 0.394774 0.7195855 2.451627 0.1033619 0.6445877 1.811423 0.4456546 0.8902244 2.375888 0.1305854 0.7056853 1.801077 0.4360081 0.9556938 2.361683 0.1616394 0.2066746 2.216672 0.1649519 0.1462295 2.226303 0.0920506 0.06150233 2.194071 0.24504 0.09405141 2.261511 0.1117718 -0.4539683 2.280478 0.2463145 -0.4245587 2.473323 0.06922501 -0.8636014 2.355097 0.2404003 -0.8536977 2.601427 0.1204684 -0.9440911 2.388991 0.2184929 -0.938046 2.577649
0.2451632 0.6484997 2.188015 0.1437324 0.5153928 2.181204 0.0108904 0.4698237 2.051646 0.3084291 0.4819933 2.440602 0.02698554 0.4435728 1.839624 0.3909718 0.721107 2.449704 0.1003123 0.6450059 1.814776 0.4342425 0.8953814 2.378421 0.1284598 0.7053846 1.802816 0.4290655 0.9615328 2.365076 0.1611568 0.2084142 2.215614 0.1642939 0.148386 2.224886 0.09158161 0.06174774 2.194525 0.2444165 0.09699404 2.258638 0.1102589 -0.4561524 2.279612 0.246587 -0.4211612 2.471478 0.06871489 -0.8653762 2.355136 0.2402688 -0.8537357 2.601167 0.1210669 -0.9452229 2.388863 0.2855823 -0.9223156 2.660305
0.2451931 0.6484606 2.188006 0.1437296 0.5154007 2.181292 0.01088751 0.4698316 2.051734 0.3084263 0.4820012 2.440689 0.02739975 0.4450472 1.83955 0.3804744 0.6805957 2.466218 0.09896432 0.645706 1.816452 0.4222694 0.8569198 2.39184 0.1272325 0.705972 1.804221 0.4170908 0.9230787 2.37854 0.160807 0.2102639 2.214627 0.1639312 0.1504283 2.22372 0.0913192 0.06235337 2.194942 0.2441581 0.09918053 2.256637 0.1099615 -0.4547624 2.279144 0.2467916 -0.4187396 2.470004 0.06835777 -0.865155 2.355105 0.2370961 -0.8419353 2.590655 0.1181583 -0.9450861 2.389946 0.2151248 -0.9119688 2.576018
0.2453045 0.6485909 2.18817 0.1439439 0.5154018 2.181254 0.01110169 0.4698327 2.051696 0.3086406 0.4820022 2.440652 0.02730908 0.4451331 1.839474 0.3832301 0.7257808 2.429486 0.09911198 0.6463121 1.817143 0.4346396 0.9045899 2.3846 0.1272212 0.7069325 1.806395 0.4286608 0.9707838 2.371829 0.160915 0.212073 2.213664 0.1639938 0.1524602 2.222692 0.09129933 0.06290061 2.191384 0.2442843 0.09930503 2.258835 0.1087659 -0.4557036 2.279018 0.2466857 -0.4197812 2.469514 0.06826208 -0.8652243 2.355185 0.2395405 -0.8442377 2.591996 0.1185714 -0.9455277 2.389819 0.303214 -0.8874589 2.549207
0.2458078 0.6498741 2.188747 0.1439307 0.5171161 2.181988 0.01108833 0.4715471 2.052431 0.3086274 0.4837166 2.441386 0.02654568 0.4367847 1.841759 0.3806675 0.6861929 2.466716 0.09948473 0.6464925 1.817494 0.4240028 0.8599091 2.393845 0.1277155 0.7070956 1.806977 0.4182478 0.9260958 2.380941 0.161707 0.2190708 2.213795 0.1651293 0.1601835 2.222817 0.0947068 0.06534605 2.183205 0.2450893 0.1011619 2.273592 0.1094226 -0.4594814 2.280782 0.2467146 -0.4232205 2.471565 0.06748003 -0.864903 2.355504 0.23992 -0.8477165 2.596052 0.1185242 -0.9454694 2.389528 0.2112331 -0.9394717 2.581908
0.2456433 0.6509678 2.189103 0.1439188 0.5180807 2.1823 0.0110763 0.4725116 2.052742 0.3086155 0.4846812 2.441698 0.02340003 0.4200068 1.846068 0.3825788 0.6866969 2.469474 0.1006096 0.6467066 1.817363 0.4305945 0.8586038 2.394976 0.1290492 0.7072393 1.807005 0.4460038 0.9225992 2.379246 0.1618054 0.2191061 2.21387 0.1652963 0.1601003 2.222943 0.09518985 0.06594187 2.186872 0.2457744 0.1014264 2.271582 0.1087822 -0.4600299 2.280041 0.2469152 -0.4224166 2.470885 0.06719038 -0.8654221 2.355695 0.2405676 -0.8555542 2.604379 0.1187152 -0.945619 2.389409 0.2248909 -0.932506 2.58808
0.2457987 0.6513513 2.189136 0.1437527 0.5187213 2.182383 0.01091012 0.4731523 2.052826 0.3084494 0.4853218 2.441781 0.02185078 0.4061804 1.850906 0.3867265 0.6867391 2.473222 0.1044062 0.6467993 1.81565 0.442456 0.8561972 2.398441 0.131161 0.7082049 1.805965 0.4533684 0.9214179 2.384038 0.1616935 0.2186878 2.213587 0.1651555 0.1590703 2.222485 0.09531309 0.06613065 2.187395 0.2440828 0.09759773 2.266473 0.1105826 -0.4516853 2.277862 0.2472784 -0.423771 2.47175 0.06706339 -0.8655431 2.355672 0.2364265 -0.8495876 2.598509 0.1170437 -0.9449996 2.388264 0.2707668 -0.911301 2.623291
0.2445817 0.6469272 2.189525 0.1420724 0.5146865 2.18291 0.009229677 0.4691174 2.053352 0.3067691 0.481287 2.442308 0.02018605 0.3987389 1.852769 0.3898633 0.6826846 2.47797 0.1034404 0.6389097 1.815393 0.4636211 0.8567394 2.403718 0.1304829 0.7003307 1.806652 0.4882071 0.9147577 2.38335 0.1604089 0.2133354 2.213059 0.1639848 0.1531608 2.221889 0.09615422 0.06009854 2.182947 0.2393614 0.07686523 2.273098 0.1090065 -0.4571686 2.278152 0.2470886 -0.4440056 2.479469 0.06679579 -0.8658463 2.355712 0.2397285 -0.8527586 2.600236 0.1171172 -0.945411 2.387874 0.2717574 -0.9160671 2.624071
0.2443792 0.6463472 2.189676 0.141788 0.5141845 2.183128 0.008945243 0.4686155 2.053571 0.3064847 0.480785 2.442526 0.01638921 0.3823254 1.86008 0.3974608 0.6845362 2.482093 0.1018621 0.6208844 1.815577 0.472343 0.8440079 2.401265 0.136327 0.677878 1.803571 0.4695204 0.9111255 2.393049 0.1598337 0.2121392 2.212925 0.1633485 0.1517545 2.221718 0.09596676 0.05782452 2.178833 0.2378758 0.0718417 2.276734 0.1094102 -0.4556265 2.276962 0.2474997 -0.4490916 2.4829 0.0667864 -0.8658656 2.35544 0.2365558 -0.8498783 2.5996 0.1172718 -0.9456996 2.387887 0.3003349 -0.8929074 2.556772
0.2377316 0.6357278 2.192318 0.1426198 0.4982053 2.18627 0.009776849 0.4526364 2.056712 0.3073165 0.4648058 2.445668 0.0128563 0.3737042 1.859502 0.4204637 0.6667401 2.488914 0.1045462 0.6097667 1.813709 0.5047469 0.817803 2.400301 0.1193261 0.6419715 1.809321 0.5328413 0.8681573 2.375145 0.1603865 0.1903777 2.214833 0.1639059 0.1286493 2.22358 0.09540541 0.04595264 2.184031 0.2400794 0.0595062 2.272934 0.1103794 -0.4484648 2.274688 0.2699938 -0.4008228 2.494057 0.06703011 -0.8656206 2.355145 0.2460015 -0.8167589 2.588883 0.1178648 -0.9462857 2.389252 0.2207503 -0.913619 2.573561
0.251146 0.6112143 2.187193 0.1436825 0.4846788 2.186726 0.01083942 0.4391098 2.057168 0.3083792 0.4512793 2.446124 0.01084789 0.3627003 1.858793 0.4309248 0.6563452 2.487931 0.1059124 0.5974253 1.813015 0.5148624 0.8083919 2.400928 0.1393406 0.6557631 1.805305 0.480234 0.7602818 2.428935 0.1612016 0.1888934 2.215761 0.1646623 0.1280416 2.224508 0.09833077 0.03981078 2.183365 0.2422353 0.05593541 2.280028 0.1111639 -0.4495637 2.275231 0.2438738 -0.4657134 2.484692 0.06737973 -0.8660412 2.355191 0.2439914 -0.8543501 2.599154 0.1179591 -0.9469467 2.38911 0.2145264 -0.9369433 2.570829
0.2485868 0.6077313 2.188114 0.143198 0.479085 2.186379 0.01035496 0.433516 2.056821 0.3078947 0.4456855 2.445777 0.006859801 0.3420309 1.865981 0.4205202 0.5858398 2.507937 0.08487836 0.5092129 1.81307 0.5152771 0.7344558 2.42732 0.1044825 0.5729204 1.8153 0.5301753 0.7973296 2.407188 0.1614944 0.1783279 2.216917 0.1651657 0.1178167 2.226091 0.09761334 0.03048592 2.185718 0.2434902 0.0465133 2.280005 0.1111464 -0.4496009 2.275221 0.2487415 -0.4713615 2.493455 0.06708859 -0.8652646 2.355003 0.2434752 -0.8545471 2.599323 0.1177109 -0.9450769 2.386643 0.2938634 -0.9110118 2.643795
0.2480818 0.5973808 2.18961 0.1428114 0.4535617 2.189825 0.009968353 0.4079928 2.060268 0.3075081 0.4201623 2.449223 -0.00319637 0.3078594 1.875033 0.4172158 0.5516065 2.523379 0.07031736 0.476729 1.820703 0.5103442 0.6966841 2.433441 0.1008469 0.5371416 1.820742 0.492539 0.6929539 2.447369 0.1681417 0.1521437 2.220943 0.1732624 0.09178903 2.230336 0.105815 0.008472846 2.1932 0.2533774 0.02192862 2.279232 0.1110452 -0.4495907 2.275105 0.2491434 -0.4913251 2.502991 0.06694972 -0.861298 2.353722 0.2429803 -0.8558754 2.600611 0.1168074 -0.9433737 2.385852 0.218896 -0.9220817 2.575334
0.2492251 0.5922463 2.190008 0.1451104 0.4444064 2.192084 0.01226725 0.3988374 2.062526 0.3155116 0.432266 2.526364 -0.01882923 0.2711219 1.901301 0.4618149 0.5504615 2.5161 0.06118123 0.442412 1.829807 0.5066336 0.69072 2.384906 0.09805797 0.5213779 1.822775 0.5234741 0.7555947 2.375529 0.1717696 0.148861 2.223455 0.1772133 0.08927943 2.232994 0.1114492 0.003445341 2.197089 0.2586906 0.01939733 2.282403 0.1118143 -0.4542161 2.277925 0.2508341 -0.4902079 2.508687 0.06726042 -0.8603807 2.353395 0.2415519 -0.8450087 2.593927 0.116731 -0.942619 2.38571 0.2181265 -0.9178728 2.573885
0.2503406 0.5849529 2.191668 0.1511364 0.4264218 2.198208 0.01829335 0.3808528 2.06865 0.3154123 0.4307158 2.526495 -0.02317497 0.2113195 1.922193 0.488441 0.4882172 2.549374 0.0659612 0.4367084 1.831499 0.4294608 0.6054396 2.400596 0.09263773 0.488545 1.826785 0.4925947 0.6037754 2.460806 0.1761006 0.1336063 2.229661 0.181111 0.07504068 2.239075 0.1166628 -0.01005572 2.202266 0.2597967 0.002853864 2.289338 0.1117883 -0.4645263 2.280423 0.2508961 -0.4903099 2.508555 0.06580562 -0.8607668 2.352767 0.2418882 -0.8445885 2.59391 0.1169355 -0.9418631 2.385387 0.2808517 -0.91243 2.639047
0.2505144 0.5815855 2.193202 0.1544035 0.4193937 2.200758 0.08327729 0.2848117 2.126471 0.3166515 0.4264529 2.527506 -0.0290597 0.1885535 1.937294 0.4913792 0.4847283 2.542795 0.06595509 0.4102005 1.84027 0.3887297 0.5395366 2.381076 0.08629304 0.4497429 1.829557 0.4886803 0.5711271 2.462844 0.1947297 0.1061887 2.242163 0.2043233 0.04189772 2.254568 0.1521424 -0.04857769 2.215898 0.2725289 -0.01094601 2.30387 0.1088718 -0.4697502 2.280053 0.2503006 -0.4908694 2.508466 0.06480662 -0.8647481 2.355115 0.2367856 -0.8406389 2.590089 0.1186709 -0.9444631 2.386724 0.2212605 -0.9141933 2.575412
0.2502275 0.5797029 2.19364 0.1547244 0.4187676 2.20131 0.08112765 0.2852818 2.125893 0.316696 0.4260359 2.527776 -0.03462714 0.1728093 1.954362 0.4942985 0.4611252 2.555259 0.0700898 0.383743 1.842575 0.3799665 0.4986564 2.39674 0.08568029 0.4358391 1.831839 0.4879236 0.5448842 2.46839 0.1934996 0.103863 2.24294 0.2022188 0.03953168 2.255135 0.1501941 -0.04894023 2.216346 0.2687734 -0.02174909 2.307136 0.1085588 -0.4710667 2.280093 0.2490224 -0.4921062 2.50651 0.06484752 -0.8648587 2.355138 0.2395815 -0.8452656 2.594016 0.1188984 -0.9443684 2.386951 0.3086756 -0.8865542 2.558298
0.2470082 0.5809202 2.191082 0.1546679 0.4193566 2.201023 0.07902954 0.2856309 2.125416 0.316397 0.4267847 2.527273 -0.03453387 0.1651751 1.960348 0.4940468 0.4606324 2.555387 0.05955141 0.3403997 1.856197 0.3696952 0.4441016 2.401259 0.08393271 0.4234413 1.832517 0.4794545 0.4993503 2.46718 0.1936513 0.103984 2.242806 0.2023601 0.03972339 2.254938 0.1501079 -0.04888083 2.216307 0.2712013 -0.02017302 2.306709 0.1085167 -0.4735956 2.282483 0.2480911 -0.4938076 2.506315 0.06429316 -0.8645753 2.355142 0.2403252 -0.8444118 2.59408 0.1186218 -0.943868 2.387027 0.3092849 -0.8857293 2.558134
0.2455435 0.5829181 2.190009 0.1555276 0.4227754 2.201262 0.07644098 0.2859072 2.124708 0.26329 0.3453993 2.34113 -0.03894067 0.1483583 1.996928 0.3598843 0.3659412 2.55077 0.0398161 0.2822531 1.876626 0.4817047 0.4891774 2.462889 0.08101702 0.4088954 1.832673 0.4789814 0.4951163 2.466446 0.1922647 0.08183215 2.235024 0.1989565 0.005343886 2.242633 0.1494344 -0.06448077 2.20247 0.2629272 -0.03985869 2.297644 0.1089912 -0.4752541 2.283347 0.2469817 -0.5033182 2.508544 0.06429143 -0.8641952 2.355829 0.2428922 -0.8486564 2.597289 0.1185711 -0.9436681 2.387349 0.3037888 -0.8914702 2.550242
0.2435681 0.5807453 2.187304 0.1555789 0.4225864 2.20121 0.07370737 0.2860168 2.124243 0.2628947 0.3422725 2.340758 -0.03850725 0.1485292 1.997527 0.3592274 0.3621444 2.550565 0.05122914 0.3287148 1.861329 0.4848484 0.479968 2.460283 0.07963816 0.4039763 1.833546 0.4789688 0.4930354 2.466381 0.1910755 0.07621016 2.233371 0.1981114 0.002866387 2.241879 0.148218 -0.06802175 2.200107 0.2607171 -0.04457004 2.295609 0.1091504 -0.4758205 2.283082 0.2470745 -0.5004146 2.506387 0.06330802 -0.8592238 2.354741 0.2404602 -0.8482392 2.595995 0.1161028 -0.9398696 2.385806 0.2181481 -0.9311877 2.573452
0.2426171 0.5802497 2.184245 0.1553988 0.4226134 2.200975 0.07274391 0.2856947 2.12381 0.2621937 0.3412612 2.340202 -0.03956142 0.1484192 1.997647 0.3589547 0.3621763 2.549743 0.04856723 0.3233629 1.862896 0.4833076 0.4820657 2.460598 0.0785422 0.4031354 1.833579 0.47898 0.4922552 2.466347 0.1886073 0.07004504 2.232943 0.1953901 -0.002981286 2.241997 0.1473042 -0.06994233 2.200012 0.2536852 -0.05635062 2.294282 0.1085848 -0.4761319 2.282962 0.2461303 -0.5028757 2.505617 0.06487221 -0.8614979 2.354018 0.2417747 -0.8503865 2.59841 0.1174493 -0.9419952 2.385832 0.2166122 -0.9317114 2.577825
0.2420104 0.5808722 2.183912 0.1554089 0.4229576 2.200341 0.07144985 0.2856519 2.122903 0.2620336 0.3409465 2.339561 -0.04720625 0.1532224 1.979676 0.3586329 0.3657539 2.548791 0.04714968 0.3259049 1.861466 0.4846256 0.4836806 2.459274 0.07766645 0.4033913 1.8333 0.4786653 0.4950213 2.466301 0.1881335 0.06876492 2.232762 0.1948078 -0.004173775 2.242044 0.1468098 -0.07109511 2.199974 0.252996 -0.05747899 2.29424 0.1085364 -0.476489 2.283122 0.2460674 -0.5057181 2.506954 0.06479716 -0.8633148 2.354768 0.2398036 -0.8507438 2.599555 0.1181683 -0.9433914 2.386323 0.2155787 -0.9328679 2.586778
0.2404462 0.5800921 2.183708 0.1550002 0.4219913 2.200217 0.07141213 0.2856456 2.12288 0.2610474 0.3381562 2.339351 -0.04821727 0.1564844 1.974947 0.3623267 0.3791155 2.544315 0.04570316 0.3275144 1.861124 0.4895645 0.4955187 2.454523 0.07682087 0.4060104 1.832579 0.4774816 0.5158909 2.463237 0.1851172 0.06502701 2.232176 0.1912773 -0.007640613 2.241513 0.1442974 -0.07270959 2.199344 0.2478852 -0.06142328 2.292964 0.1082198 -0.4775256 2.28325 0.2458479 -0.5055593 2.506843 0.06538855 -0.8645582 2.355108 0.2418175 -0.850513 2.600385 0.1188256 -0.9444845 2.386931 0.274443 -0.9156366 2.617639
0.2397706 0.5795333 2.183691 0.1537983 0.4166439 2.199342 0.07200925 0.2846437 2.123035 0.2593687 0.330668 2.338346 -0.04850604 0.1668174 1.969233 0.3597483 0.3826092 2.541487 0.04342686 0.3442158 1.853583 0.483658 0.5063818 2.45805 0.07644454 0.4203321 1.830284 0.4768398 0.5291787 2.462029 0.1854357 0.06423927 2.231678 0.1916295 -0.007879414 2.241144 0.1454001 -0.0741697 2.197291 0.2484085 -0.0609642 2.292986 0.1081601 -0.4783374 2.283441 0.2462595 -0.49926 2.502168 0.06549574 -0.8688635 2.357121 0.2423181 -0.849726 2.598192 0.1205033 -0.9472907 2.38869 0.303051 -0.8927724 2.551141
0.2389287 0.5792143 2.183015 0.1531685 0.4162989 2.198841 0.0762848 0.2813717 2.124754 0.2586757 0.3301844 2.337844 -0.0576647 0.1897437 1.943805 0.355234 0.400859 2.537589 0.03970747 0.3503754 1.851171 0.4710416 0.5366716 2.463138 0.07594359 0.4338671 1.825684 0.4789273 0.5724584 2.458951 0.1844539 0.06354591 2.230763 0.1906936 -0.008312302 2.240262 0.1446438 -0.07464682 2.195196 0.2469092 -0.06057224 2.292702 0.1082227 -0.4783248 2.283625 0.2477708 -0.4940863 2.50202 0.06530066 -0.8691377 2.358305 0.2414121 -0.8518455 2.600265 0.1205524 -0.9474928 2.389145 0.2121239 -0.9377513 2.588592
0.238859 0.5797209 2.182737 0.1502273 0.4186629 2.197726 0.07858431 0.2802524 2.126003 0.2445034 0.3809412 2.353746 -0.05139089 0.2182348 1.925268 0.3607049 0.4145937 2.55279 0.06037791 0.4258925 1.825902 0.4690825 0.5487736 2.463059 0.08144237 0.4776583 1.814959 0.4788479 0.586458 2.458385 0.1829498 0.06775589 2.229389 0.1893972 -0.002766488 2.238714 0.1448906 -0.07100026 2.193134 0.243923 -0.04979214 2.291956 0.1090829 -0.4752575 2.282818 0.2488494 -0.4914156 2.501705 0.0659903 -0.8690049 2.357984 0.2365306 -0.8495858 2.597759 0.1200643 -0.9470069 2.387617 0.2123279 -0.9359146 2.58935
0.2373624 0.5820175 2.182368 0.1406439 0.427066 2.196184 0.08074903 0.2817838 2.125696 0.2409814 0.3842003 2.353688 -0.05246217 0.2429879 1.910083 0.378418 0.4770016 2.522028 0.05973968 0.4309339 1.823549 0.4920211 0.6159555 2.450557 0.08557441 0.4960208 1.811046 0.5152144 0.6783438 2.438358 0.180533 0.07606153 2.228532 0.1880972 0.006114164 2.238015 0.1469668 -0.06252944 2.191427 0.2407862 -0.03746938 2.292453 0.109576 -0.4723146 2.281434 0.248833 -0.4839102 2.499042 0.070408 -0.8617526 2.353461 0.2369875 -0.8497527 2.59818 0.1190689 -0.9442748 2.386312 0.3023979 -0.8916556 2.55669
0.2349485 0.5884327 2.183107 0.1318036 0.4418914 2.197773 0.07907461 0.2891161 2.12226 0.2333832 0.3978225 2.355974 -0.0538215 0.257444 1.907951 0.3880478 0.5120708 2.49816 0.05169735 0.4348798 1.821298 0.5005557 0.6622483 2.464885 0.08599416 0.5141186 1.807451 0.4816797 0.6746876 2.450375 0.176907 0.08845527 2.228301 0.1855789 0.01787797 2.237577 0.1461755 -0.04933645 2.191352 0.2384037 -0.02686835 2.291124 0.1095807 -0.4709968 2.281225 0.2487907 -0.4837985 2.499092 0.07036996 -0.8618051 2.353469 0.2372536 -0.8418497 2.594052 0.1173413 -0.9453456 2.386204 0.3038327 -0.8832897 2.553982
0.231523 0.5968025 2.184071 0.1263789 0.4577398 2.198354 0.07701086 0.2985682 2.119407 0.2280568 0.413959 2.356954 -0.05676796 0.2801025 1.903166 0.3790596 0.5288863 2.501988 0.04066508 0.4413544 1.818536 0.4910881 0.6796237 2.470267 0.08225249 0.5386658 1.799428 0.4819328 0.6824313 2.449861 0.1529657 0.1145005 2.226233 0.156902 0.0462405 2.234777 0.1211766 -0.02860386 2.181575 0.2046726 -0.005012723 2.295678 0.1098223 -0.4646499 2.279557 0.2482347 -0.4850606 2.499415 0.07015904 -0.8629045 2.35358 0.2418913 -0.8468372 2.596385 0.1182567 -0.9456419 2.386722 0.210039 -0.9383245 2.585402
0.2292314 0.6077287 2.18517 0.1248497 0.4726886 2.199581 0.07022662 0.3053789 2.113189 0.2266053 0.4289088 2.358334 -0.02205146 0.3738366 1.881832 0.3757583 0.570475 2.483889 0.07549399 0.5072596 1.777576 0.4830768 0.7246934 2.452926 0.09042437 0.5946158 1.787552 0.4789678 0.7398291 2.439092 0.1551119 0.1218947 2.226722 0.1601069 0.05255342 2.235261 0.1218688 -0.02579944 2.18167 0.2118091 0.003951204 2.296305 0.1092425 -0.4630326 2.277864 0.2473312 -0.4873773 2.499256 0.07039559 -0.8631945 2.353644 0.2402726 -0.8481755 2.598675 0.1181716 -0.9463236 2.386271 0.2100504 -0.9388266 2.587045
0.2297187 0.6071784 2.185481 0.1317352 0.4622167 2.200015 0.07444904 0.2910867 2.109351 0.2335352 0.4184159 2.358831 -0.04142483 0.359173 1.885134 0.3727285 0.5720602 2.482083 0.07044344 0.5739372 1.790992 0.4688661 0.733608 2.452239 0.08984433 0.59947 1.785557 0.4838173 0.7961897 2.431273 0.1588107 0.1390041 2.228378 0.1645848 0.08185502 2.237786 0.1222542 -0.01908579 2.177703 0.2192855 0.04167129 2.313906 0.1079094 -0.4635336 2.277316 0.2473995 -0.4868881 2.499367 0.0694034 -0.863645 2.354577 0.237033 -0.8494501 2.597729 0.1182602 -0.9464859 2.386329 0.2124428 -0.9358392 2.585488
0.2296788 0.6106473 2.185263 0.131345 0.4744922 2.198088 0.07231384 0.3029163 2.10565 0.2331548 0.4307021 2.356934 -0.04112024 0.3650988 1.88507 0.3693124 0.5862107 2.48106 0.06908704 0.581014 1.791705 0.4547669 0.7533832 2.448661 0.09033354 0.625471 1.782704 0.4728984 0.814832 2.426871 0.1608779 0.1553483 2.228741 0.1664157 0.09149332 2.238229 0.1245616 -0.006058978 2.177051 0.2213957 0.04967413 2.313082 0.1078004 -0.4632459 2.277448 0.2471534 -0.479658 2.49679 0.06939657 -0.8638155 2.355161 0.2366145 -0.8453616 2.595298 0.1183365 -0.946542 2.387085 0.2146621 -0.9261731 2.579556
0.2296508 0.6121985 2.185086 0.1312087 0.4765998 2.19738 0.07179353 0.3049752 2.104534 0.2330207 0.4328097 2.356232 -0.03793572 0.3811152 1.887761 0.3637955 0.5934648 2.479726 0.06860901 0.5969601 1.789405 0.4463004 0.7621523 2.447659 0.09720783 0.6581907 1.78591 0.453445 0.8207368 2.423223 0.1607584 0.155353 2.228749 0.1662642 0.09137693 2.238275 0.1214852 -0.0009263712 2.18576 0.2206968 0.05366431 2.302688 0.1070233 -0.459988 2.276684 0.2462833 -0.4726501 2.494342 0.06956785 -0.8661136 2.356573 0.2366639 -0.8430966 2.594905 0.1216942 -0.9433727 2.39622 0.2785751 -0.8913699 2.633856
0.2305019 0.6111849 2.185323 0.1394149 0.4567837 2.197026 0.07913224 0.284769 2.103306 0.2412316 0.4129984 2.355894 -0.01443736 0.4290926 1.896795 0.3500958 0.6140045 2.443876 0.07673886 0.6252673 1.779769 0.4364001 0.7811584 2.445953 0.1048954 0.6864895 1.773584 0.4474104 0.8676274 2.417955 0.1585544 0.149464 2.226584 0.1629116 0.08649561 2.23574 0.1168681 -0.001076657 2.187026 0.215607 0.04851334 2.289881 0.1063441 -0.4589139 2.276308 0.2460639 -0.4726012 2.493793 0.07159913 -0.8651965 2.356059 0.2358448 -0.8421369 2.593512 0.1208701 -0.9445362 2.395246 0.268549 -0.9067541 2.612463
0.2304741 0.6173565 2.184624 0.1342836 0.4846078 2.192163 0.07363471 0.3125011 2.098093 0.2361029 0.4408216 2.351038 -0.01337198 0.4296196 1.898504 0.354167 0.626116 2.45535 0.07473385 0.629886 1.780694 0.4340007 0.8284747 2.421387 0.1040889 0.6905909 1.775002 0.4415714 0.8936619 2.404879 0.1562575 0.1503295 2.223912 0.1602163 0.0859263 2.232681 0.1140392 0.003303638 2.187981 0.2097051 0.04762217 2.277193 0.1062739 -0.4592692 2.276752 0.2460327 -0.4683761 2.492141 0.07128377 -0.8646874 2.355985 0.2361999 -0.8423593 2.593476 0.1212029 -0.9447422 2.392831 0.2160937 -0.9293628 2.586368
0.2298915 0.6187041 2.18405 0.1340747 0.4852428 2.191377 0.07340746 0.3131346 2.097283 0.2358941 0.4414569 2.350252 -0.01169948 0.4309919 1.901342 0.3500792 0.6448511 2.428361 0.07231715 0.6324071 1.782327 0.4313757 0.8346496 2.418844 0.1015027 0.6931539 1.776227 0.4314162 0.9005888 2.403639 0.1552912 0.1516326 2.222336 0.1593347 0.08667772 2.231369 0.1130764 0.003648036 2.181917 0.2090627 0.04665113 2.280266 0.1056912 -0.4593696 2.276642 0.2463062 -0.4702376 2.493034 0.07054153 -0.8679309 2.357962 0.2390388 -0.844431 2.593426 0.122555 -0.9472393 2.393504 0.306355 -0.8867149 2.555512
0.229645 0.6230553 2.184613 0.1336309 0.4898375 2.191157 0.07293643 0.3177011 2.097039 0.2354504 0.4460522 2.350033 -0.01053249 0.4325091 1.90265 0.3502145 0.6484247 2.4295 0.07050642 0.6335393 1.783808 0.4298102 0.8365744 2.417729 0.1005578 0.6937026 1.776294 0.4310305 0.9024554 2.402322 0.1582192 0.1565293 2.222413 0.1629741 0.09088428 2.23163 0.1169442 0.008740986 2.187444 0.2216672 0.0639447 2.277917 0.1055172 -0.4594801 2.276939 0.2459686 -0.4551573 2.487344 0.07000359 -0.8689448 2.358321 0.240295 -0.8485456 2.596848 0.1227105 -0.9481758 2.393006 0.3075783 -0.890676 2.558704
0.2336099 0.6335777 2.182685 0.1344868 0.5030656 2.190383 0.07375734 0.3309029 2.096235 0.2363066 0.4592807 2.349259 -0.00946526 0.4335004 1.903632 0.3540619 0.6582633 2.431848 0.06969465 0.6342302 1.7852 0.427466 0.8387866 2.417347 0.09726198 0.6955129 1.77724 0.4306964 0.904509 2.401567 0.1620428 0.1638216 2.22268 0.1672242 0.09675911 2.232136 0.1199633 0.01334111 2.190189 0.2263446 0.07084886 2.278254 0.1049929 -0.4592129 2.276974 0.2459674 -0.4498202 2.484453 0.07009982 -0.8689415 2.358262 0.2383736 -0.8491309 2.598787 0.1191591 -0.946404 2.38937 0.305634 -0.8911712 2.560503
0.2331066 0.6332941 2.182697 0.1338369 0.5027862 2.190089 0.07309952 0.330622 2.095936 0.2356567 0.4590014 2.348965 -0.008911399 0.4336285 1.904258 0.3534823 0.658149 2.431181 0.06904124 0.6345644 1.785823 0.4269753 0.840715 2.41659 0.09582333 0.6962108 1.77801 0.4312 0.9066734 2.402091 0.1608546 0.1622881 2.221528 0.1659511 0.09460596 2.230743 0.1195673 0.01311513 2.189842 0.2219 0.06212219 2.275693 0.1049805 -0.4591694 2.276939 0.2459188 -0.4569518 2.485205 0.0692196 -0.8682312 2.358164 0.237576 -0.8492811 2.598749 0.1187281 -0.9463395 2.389174 0.3048358 -0.8913202 2.560462
0.2327068 0.6326506 2.182709 0.133313 0.5021525 2.189857 0.07257104 0.3299868 2.0957 0.2351329 0.4583677 2.348733 -0.008627472 0.4334839 1.904385 0.3517619 0.6475459 2.448714 0.06906894 0.635821 1.786094 0.4287504 0.8390727 2.415944 0.09626777 0.6972299 1.777862 0.4336652 0.9045652 2.39966 0.1590558 0.1611906 2.220548 0.163899 0.09332348 2.22963 0.1180547 0.01282655 2.189049 0.2183097 0.05906433 2.274888 0.1053575 -0.4591841 2.2776 0.246783 -0.4575634 2.4895 0.06904334 -0.8683354 2.357731 0.240404 -0.8479255 2.59662 0.1196135 -0.9470154 2.389891 0.3076726 -0.8900017 2.558389
0.2303871 0.6305047 2.183843 0.1304279 0.5009323 2.192357 0.06968061 0.3287678 2.098193 0.2322477 0.4571475 2.351233 -0.008492168 0.432146 1.904239 0.3537881 0.6516159 2.437785 0.0696612 0.6377729 1.786065 0.431313 0.8372713 2.415713 0.09730028 0.6989784 1.777785 0.4350745 0.9030253 2.400194 0.1574833 0.1615229 2.220277 0.1624152 0.09382679 2.229024 0.1159577 0.01110494 2.179244 0.2144838 0.05442599 2.281319 0.1049564 -0.459013 2.278038 0.2463531 -0.4636444 2.492168 0.06707671 -0.8679065 2.358512 0.2367742 -0.8402078 2.592785 0.1198459 -0.9474826 2.390746 0.2823152 -0.9052572 2.629475
0.2292349 0.6296041 2.18431 0.1290243 0.5002111 2.192779 0.06827348 0.3280465 2.098613 0.2308441 0.4564262 2.351655 -0.008116268 0.4313984 1.902519 0.3554193 0.6506226 2.435325 0.06995852 0.6381578 1.785976 0.4351408 0.836491 2.4153 0.09861919 0.6988827 1.777631 0.4390131 0.9025396 2.401116 0.1570918 0.1613638 2.22041 0.1622086 0.09372757 2.229113 0.1158252 0.01091652 2.179896 0.2145048 0.05452872 2.281372 0.1047613 -0.4590889 2.27814 0.245484 -0.464257 2.49068 0.06690416 -0.8680562 2.358582 0.2459413 -0.8509412 2.597211 0.1196495 -0.9474513 2.390547 0.2169742 -0.9187955 2.584513
0.2288477 0.6303114 2.18441 0.1275831 0.5018553 2.193182 0.06682929 0.3296924 2.099014 0.2294029 0.4580704 2.352058 -0.009768831 0.4252074 1.899361 0.3588855 0.6457179 2.44132 0.0703356 0.6381896 1.785825 0.443051 0.8257128 2.416113 0.09932927 0.6987004 1.777086 0.4486396 0.8915706 2.401619 0.158061 0.1640987 2.221681 0.1640622 0.09696485 2.23074 0.1182221 0.0127422 2.183163 0.2209418 0.06575913 2.28406 0.1048325 -0.4589564 2.27819 0.2448731 -0.4560487 2.487075 0.06695927 -0.868137 2.358671 0.2434104 -0.853636 2.600831 0.119653 -0.9474165 2.390584 0.2165178 -0.9218899 2.585909
0.2286169 0.6299211 2.184327 0.1273581 0.5013598 2.192822 0.06660324 0.3291963 2.098653 0.229178 0.4575748 2.351699 -0.01143932 0.4193246 1.896007 0.3667469 0.6418373 2.436987 0.07121889 0.6381203 1.786133 0.4535007 0.8167162 2.422686 0.105825 0.6959566 1.780139 0.4562497 0.8827002 2.407952 0.1593925 0.1648343 2.222836 0.1662376 0.09821053 2.232637 0.1214391 0.01255328 2.186129 0.2239127 0.06776182 2.287123 0.1051448 -0.4595111 2.278501 0.245247 -0.4553661 2.487194 0.06647359 -0.8677882 2.358741 0.2434601 -0.8520159 2.600591 0.1197043 -0.9474645 2.39073 0.2885349 -0.8952478 2.641867
0.2288661 0.6302561 2.184164 0.1271929 0.5020021 2.192601 0.06643712 0.3298395 2.09843 0.2290127 0.4582171 2.351477 -0.01310556 0.4123851 1.892221 0.3688138 0.6373775 2.442199 0.07205993 0.635071 1.787546 0.4638302 0.8195481 2.419815 0.1096966 0.6911011 1.782787 0.4629141 0.8855935 2.405128 0.159131 0.1651057 2.223358 0.1658797 0.09834605 2.233289 0.1209875 0.01294467 2.187628 0.2231664 0.06755345 2.287684 0.1058858 -0.4551661 2.277525 0.2452821 -0.4550762 2.488888 0.06724968 -0.8668073 2.358323 0.2440562 -0.8529649 2.601075 0.1195284 -0.9471273 2.3911 0.2798761 -0.9094712 2.638994
0.2285029 0.6278057 2.184543 0.1272433 0.4976835 2.193164 0.06648602 0.3255217 2.098991 0.2290631 0.4538985 2.35204 -0.01535353 0.4011509 1.88969 0.3725433 0.6282802 2.445514 0.07203104 0.6256706 1.791831 0.4680507 0.8014351 2.423149 0.1117248 0.6804605 1.79083 0.5153665 0.8091819 2.470896 0.1587378 0.163698 2.22453 0.1653477 0.09713511 2.23448 0.1206124 0.01157022 2.188524 0.2216909 0.06444132 2.290272 0.1066352 -0.4588573 2.2791 0.2449019 -0.4587203 2.490052 0.06845511 -0.8683552 2.358711 0.2447437 -0.8481345 2.596171 0.1202316 -0.9482375 2.391042 0.2191688 -0.9180706 2.568284
0.2281764 0.6270977 2.184736 0.1266224 0.4962352 2.193902 0.0658645 0.3240736 2.099728 0.2284422 0.4524502 2.352778 -0.01783635 0.3915447 1.886872 0.3784473 0.6188593 2.449575 0.07626131 0.6159251 1.796124 0.5076569 0.7562942 2.443434 0.08360296 0.6257974 1.796144 0.4771791 0.753796 2.424554 0.1578194 0.1558702 2.227488 0.1642848 0.0872454 2.237866 0.1190411 0.005260332 2.194593 0.2208314 0.05563034 2.289857 0.106618 -0.4589818 2.279396 0.2442134 -0.4673543 2.490047 0.06779898 -0.8667287 2.358672 0.2446546 -0.8483812 2.595896 0.1199751 -0.9474261 2.390679 0.311882 -0.8902977 2.557416
0.2268825 0.6249429 2.185143 0.1253791 0.4894946 2.194409 0.06462006 0.3173328 2.100234 0.227199 0.4457097 2.353286 -0.01779953 0.3776801 1.88491 0.3871766 0.6029232 2.449618 0.07566891 0.5996077 1.802093 0.506956 0.748224 2.449661 0.1116413 0.6569048 1.803332 0.478149 0.7487958 2.426224 0.1590218 0.1515277 2.228256 0.1657747 0.0835285 2.238527 0.1222593 -0.004294064 2.190371 0.2243211 0.04575141 2.297478 0.1072792 -0.4575349 2.279017 0.2448683 -0.4784954 2.494838 0.06850889 -0.8654574 2.35722 0.2446396 -0.8489034 2.596027 0.11945 -0.9465175 2.390285 0.2133306 -0.9323853 2.593823
0.2253553 0.6231074 2.185845 0.1232291 0.4840946 2.196784 0.07417828 0.3149623 2.110552 0.225049 0.4403098 2.35566 -0.01998199 0.3556358 1.888308 0.3909644 0.556735 2.485242 0.06089279 0.5075947 1.797694 0.506409 0.7060882 2.471788 0.07526407 0.558221 1.816 0.4819508 0.7082325 2.44002 0.1548005 0.1293171 2.229374 0.1611298 0.05698195 2.238789 0.1223986 -0.01106398 2.189324 0.2082819 0.00579076 2.296886 0.108232 -0.4582497 2.281106 0.2475246 -0.4923417 2.503873 0.06779025 -0.8657416 2.356869 0.2469826 -0.8520491 2.599893 0.1193196 -0.9464189 2.389962 0.2153069 -0.9325567 2.588037
0.2252121 0.614659 2.186382 0.1235681 0.4686697 2.198656 0.0822719 0.3077976 2.117949 0.2253881 0.4248848 2.357533 -0.0257305 0.3209661 1.900428 0.3817154 0.528891 2.504857 0.0453728 0.4795904 1.813684 0.4899083 0.6792809 2.455497 0.07013219 0.5357876 1.819267 0.484215 0.6868239 2.443435 0.1566223 0.1083284 2.228957 0.1632103 0.03653284 2.238062 0.1258537 -0.02495517 2.190521 0.2092122 -0.008315763 2.293064 0.1083425 -0.4579251 2.280842 0.2475888 -0.4930068 2.503439 0.06908333 -0.8648415 2.356815 0.240861 -0.845476 2.597115 0.1187412 -0.9466333 2.390032 0.2753616 -0.9099202 2.613282
0.2272821 0.6081517 2.185508 0.1277511 0.4592811 2.197518 0.08550955 0.3004582 2.122253 0.229571 0.4154962 2.356395 -0.04141494 0.2721958 1.916731 0.3639052 0.4728498 2.540102 0.03784844 0.4424068 1.832366 0.4786834 0.6010059 2.449261 0.06911297 0.5178154 1.823097 0.4813427 0.6295874 2.451689 0.1684209 0.0966607 2.229365 0.1771622 0.02400603 2.238987 0.1407308 -0.04159417 2.19484 0.2274923 -0.01913044 2.290861 0.1084267 -0.4580224 2.280674 0.2475848 -0.4929521 2.503775 0.06899944 -0.8655499 2.35722 0.2427989 -0.8448432 2.596001 0.1168307 -0.9462764 2.389261 0.2110299 -0.9260037 2.569941
0.2294395 0.6029511 2.18576 0.1323129 0.4484934 2.198474 0.08655042 0.2979606 2.123576 0.2341328 0.4047086 2.357351 -0.03897509 0.2235818 1.932262 0.3580638 0.4496649 2.550295 0.04435571 0.4341892 1.838359 0.4860083 0.5585428 2.451065 0.06731884 0.5084609 1.827878 0.4775665 0.5805351 2.453115 0.1715197 0.09143663 2.229237 0.1797394 0.01978911 2.238709 0.1426893 -0.04714333 2.193741 0.2304836 -0.0232695 2.29096 0.1081772 -0.4598808 2.280824 0.2478922 -0.4925649 2.504314 0.06895705 -0.8657374 2.357314 0.236072 -0.8458035 2.600927 0.1168135 -0.946228 2.388937 0.2706481 -0.9150015 2.624921
0.2326939 0.597279 2.186216 0.1380024 0.4391206 2.19737 0.0865813 0.2947514 2.123915 0.2398223 0.3953358 2.356247 -0.03938337 0.2228158 1.930225 0.3578753 0.433084 2.553759 0.05742659 0.4365254 1.83946 0.4871402 0.5279536 2.440987 0.07170001 0.5022615 1.832151 0.4781466 0.5628434 2.453808 0.175568 0.08491754 2.230024 0.1832997 0.01395813 2.239734 0.1446684 -0.05498851 2.194896 0.2354586 -0.02920784 2.292529 0.1092557 -0.466211 2.283703 0.2475032 -0.4928363 2.503719 0.06880639 -0.8659356 2.35724 0.2368902 -0.8477871 2.601409 0.1169977 -0.946429 2.38843 0.2108958 -0.9300693 2.580134
0.2368366 0.5880643 2.189154 0.148965 0.4206944 2.202576 0.08807102 0.2877344 2.124887 0.2507848 0.3769096 2.361453 -0.04011937 0.2236773 1.932451 0.3631848 0.4080433 2.557822 0.06834541 0.4369588 1.842657 0.4763788 0.5234596 2.447201 0.07902543 0.5034759 1.836357 0.4780995 0.5475983 2.455665 0.1816138 0.0746369 2.232112 0.1884009 0.005149128 2.241345 0.1476108 -0.06238176 2.197029 0.2414533 -0.03910347 2.292813 0.110001 -0.4664628 2.283813 0.2475399 -0.4899721 2.50171 0.06918762 -0.8668391 2.35812 0.238473 -0.8490155 2.602376 0.1176884 -0.9465211 2.389158 0.3044982 -0.8909912 2.561923
0.2371734 0.5877945 2.189039 0.1492604 0.4211201 2.201545 0.08336193 0.2876225 2.12438 0.2510803 0.3773353 2.360421 -0.04259424 0.2180552 1.941805 0.3627899 0.3978913 2.557094 0.07157947 0.4309734 1.845837 0.4826756 0.5007827 2.440623 0.08147675 0.4976902 1.84044 0.4784055 0.532092 2.454362 0.1823717 0.074268 2.231794 0.1892962 0.004626949 2.241111 0.1477455 -0.06310542 2.197223 0.2441407 -0.04029417 2.29194 0.1109109 -0.467252 2.283614 0.2472104 -0.4903388 2.501619 0.07109812 -0.8664552 2.356918 0.2374727 -0.8489228 2.601115 0.1185932 -0.9465072 2.389366 0.3028093 -0.8910313 2.559692
0.2379798 0.5879484 2.1892 0.1501017 0.4224713 2.201109 0.08103908 0.2879889 2.123952 0.2519216 0.3786865 2.359985 -0.04577193 0.2145911 1.945572 0.3604312 0.386109 2.559787 0.05797984 0.3551021 1.860817 0.4800036 0.4944315 2.44864 0.07487774 0.4145315 1.850083 0.4781639 0.4945836 2.464235 0.1831068 0.07394516 2.231687 0.1901136 0.004017545 2.241025 0.1477274 -0.06387703 2.197906 0.2462382 -0.04124565 2.290708 0.1101624 -0.4683529 2.282679 0.245732 -0.4934782 2.500897 0.06921093 -0.8651053 2.356374 0.2381709 -0.8499018 2.601215 0.1183725 -0.9464058 2.388499 0.3030987 -0.8921003 2.559243
0.2393847 0.5862568 2.189136 0.1511613 0.4222926 2.201176 0.07820842 0.28762 2.12342 0.2529812 0.3785078 2.360053 -0.04703004 0.2130177 1.947397 0.3588358 0.3801351 2.560452 0.05649881 0.3536826 1.86262 0.4827423 0.4597298 2.429207 0.07508411 0.4145519 1.850294 0.4777087 0.4935381 2.464195 0.1841971 0.07363281 2.231576 0.1910954 0.003727628 2.240883 0.1478293 -0.06459135 2.197975 0.2485344 -0.04208758 2.290273 0.1098437 -0.4692449 2.281853 0.2463129 -0.4989961 2.505447 0.06894014 -0.8649851 2.356727 0.2374046 -0.8498138 2.60017 0.1190383 -0.9469225 2.388922 0.2148827 -0.9312237 2.588548
0.2395132 0.5864509 2.189146 0.1529724 0.4241033 2.200096 0.0767734 0.2877499 2.122991 0.2547923 0.3803185 2.358973 -0.04821503 0.2111661 1.9499 0.358551 0.3779504 2.561551 0.05523122 0.3511894 1.86376 0.48095 0.4601821 2.430541 0.07531434 0.4145503 1.850519 0.477631 0.4933726 2.46412 0.1850475 0.07407675 2.23142 0.1917607 0.004024847 2.240828 0.1478365 -0.06460571 2.198133 0.2496221 -0.04197966 2.290034 0.110367 -0.4700724 2.282202 0.2460997 -0.4993049 2.503752 0.06928332 -0.8607677 2.35681 0.2388333 -0.8454714 2.596465 0.1167702 -0.944702 2.387797 0.2801417 -0.908158 2.631788
0.2393539 0.5863283 2.189204 0.1529742 0.4241174 2.200106 0.07592588 0.2872937 2.122866 0.2547942 0.3803325 2.358982 -0.04898266 0.2109506 1.95066 0.3601053 0.3796366 2.559865 0.05464143 0.3508689 1.86457 0.4827251 0.474744 2.439226 0.07528149 0.4145557 1.850469 0.4776851 0.4943615 2.464411 0.1856285 0.07408454 2.231516 0.1925195 0.004022655 2.240954 0.1483124 -0.06499226 2.198268 0.2505885 -0.04213095 2.290359 0.1107795 -0.4724509 2.283031 0.2463327 -0.4990439 2.50388 0.06811622 -0.860988 2.356228 0.2397968 -0.8467507 2.595536 0.1164093 -0.9443576 2.387495 0.2766281 -0.9118221 2.632557
0.2393215 0.5862316 2.189231 0.1531179 0.424138 2.200037 0.07561935 0.2873555 2.12298 0.2549378 0.3803531 2.358913 -0.04889729 0.2112012 1.951291 0.3623574 0.3846479 2.557575 0.05453438 0.3508487 1.864412 0.4827528 0.4881769 2.442338 0.07517267 0.4161438 1.850028 0.4799031 0.5192918 2.460881 0.1858517 0.07407414 2.231499 0.1927177 0.004009841 2.240952 0.1483197 -0.06506601 2.198288 0.2508626 -0.04224514 2.290423 0.1110194 -0.4739547 2.283424 0.2475192 -0.4955545 2.505225 0.06492053 -0.8676702 2.358943 0.2403814 -0.8481734 2.59713 0.1175824 -0.9470388 2.388823 0.2771157 -0.9150629 2.635684
0.2387572 0.5848331 2.189388 0.1533031 0.4231099 2.200149 0.07569089 0.2867012 2.122909 0.255123 0.379325 2.359025 -0.04783921 0.2155346 1.948582 0.3626052 0.3910578 2.558382 0.0563968 0.3547468 1.862012 0.4792751 0.5011743 2.445745 0.07502932 0.4180538 1.850212 0.4793937 0.5246117 2.460774 0.1856318 0.07358392 2.231295 0.192381 0.003562442 2.240686 0.1471833 -0.06586929 2.197894 0.2505103 -0.04257518 2.290164 0.1108481 -0.4741729 2.282866 0.246737 -0.4963466 2.504502 0.06546728 -0.8676102 2.358747 0.2433109 -0.8457794 2.594951 0.1177957 -0.9472705 2.38879 0.2112817 -0.912189 2.553609
0.2386331 0.5845834 2.189504 0.153321 0.422844 2.200347 0.08434807 0.2806129 2.126504 0.2551409 0.3790591 2.359223 -0.04642172 0.209693 1.945864 0.3258337 0.349607 2.577079 0.04992377 0.3560458 1.862469 0.4404615 0.4741887 2.480409 0.07538138 0.4269035 1.84884 0.4783332 0.5354555 2.459318 0.1856781 0.07352101 2.231324 0.1924136 0.003528866 2.240699 0.1478255 -0.06645016 2.197048 0.2499359 -0.04268143 2.291215 0.1108388 -0.4741782 2.28295 0.2474931 -0.4934368 2.502317 0.06568801 -0.8679566 2.358562 0.2423457 -0.8462044 2.594618 0.1179988 -0.9473143 2.388902 0.3069303 -0.888513 2.552222
0.2384759 0.5845553 2.189593 0.1532707 0.4228835 2.200375 0.08496955 0.2801751 2.127116 0.2550907 0.3790987 2.359251 -0.04755617 0.208575 1.942629 0.3191197 0.3491561 2.578885 0.0462992 0.3580529 1.862517 0.4591661 0.5144545 2.467474 0.07556389 0.432197 1.846384 0.4807188 0.5501386 2.45956 0.1857274 0.07363466 2.231344 0.1924835 0.003682942 2.24072 0.1482002 -0.06660552 2.196454 0.2496883 -0.04228256 2.292163 0.1112191 -0.4745897 2.282968 0.2482955 -0.4931654 2.503145 0.06571597 -0.8642647 2.355689 0.2418317 -0.8461481 2.594552 0.1177971 -0.9447079 2.388514 0.3064436 -0.8884478 2.552187
0.2386272 0.5850644 2.190286 0.1514733 0.4225726 2.200247 0.08615591 0.2808778 2.127949 0.2532932 0.3787877 2.359124 -0.04692212 0.2105463 1.941468 0.3104965 0.3497005 2.580542 0.03956839 0.363577 1.859486 0.457863 0.5201384 2.471418 0.08502144 0.4770441 1.83404 0.480208 0.570924 2.457263 0.1841401 0.07324966 2.23123 0.1908518 0.003293206 2.240609 0.1478129 -0.06610791 2.195437 0.2427732 -0.04607227 2.294544 0.1145687 -0.4734376 2.284924 0.2483963 -0.4930397 2.502873 0.06775811 -0.8611188 2.35264 0.242976 -0.8507986 2.597569 0.1166701 -0.9427037 2.387464 0.3078869 -0.8930384 2.555601
0.2387891 0.5849225 2.190742 0.1499348 0.4231991 2.20096 0.0870259 0.2809617 2.128758 0.2517547 0.3794143 2.359836 -0.04219684 0.2320711 1.9251 0.3092391 0.3506671 2.58123 0.06156354 0.436477 1.83663 0.4447839 0.5483613 2.479892 0.086437 0.4921823 1.829995 0.4739393 0.6080995 2.467231 0.1839597 0.07377962 2.231001 0.1907883 0.003935164 2.240213 0.1481685 -0.06418163 2.195113 0.2428827 -0.04242838 2.292058 0.1132506 -0.4683288 2.282258 0.2484705 -0.49301 2.503051 0.06900643 -0.8602498 2.352525 0.2436398 -0.8464965 2.5953 0.1164766 -0.9419001 2.389145 0.2116148 -0.9107116 2.573931
0.2382496 0.5911833 2.191833 0.1420914 0.4350091 2.19981 0.08728482 0.2812768 2.128948 0.2439113 0.3912243 2.358686 -0.04563909 0.2417968 1.919388 0.3060956 0.3655382 2.579281 0.06051315 0.437153 1.835396 0.4470308 0.5598833 2.478948 0.08728467 0.5005088 1.825463 0.4864891 0.631234 2.459898 0.1822277 0.08015165 2.229936 0.1898553 0.009507205 2.239174 0.1486844 -0.05907407 2.193096 0.2420311 -0.03596112 2.292045 0.1140982 -0.4647701 2.282931 0.2502077 -0.487774 2.502026 0.069222 -0.8601494 2.352459 0.2429003 -0.8456848 2.594132 0.1170441 -0.9416936 2.388858 0.213466 -0.9121673 2.576256
0.2364038 0.5952713 2.192261 0.1368589 0.442409 2.200355 0.08747905 0.2828339 2.128687 0.2386788 0.3986241 2.359231 -0.04726039 0.2542007 1.914864 0.3050477 0.3758152 2.579017 0.0535647 0.4384592 1.831854 0.4418826 0.5759554 2.485526 0.08595979 0.5163584 1.817832 0.490741 0.670267 2.457702 0.1801869 0.08646739 2.229575 0.1885101 0.0154453 2.238667 0.1488252 -0.05248757 2.19242 0.2403225 -0.02871175 2.291386 0.1141602 -0.4646876 2.282947 0.2476401 -0.494401 2.503257 0.0679458 -0.8490346 2.348481 0.242932 -0.8453574 2.594378 0.1124655 -0.9325523 2.384596 0.2151025 -0.9122874 2.57562
0.2335399 0.601766 2.193653 0.1300928 0.4559236 2.202499 0.08466174 0.2930323 2.126362 0.2319128 0.4121388 2.361376 -0.04841684 0.2692111 1.908993 0.3014216 0.3905821 2.580408 0.04599114 0.440366 1.82805 0.4410418 0.5882546 2.485604 0.08441771 0.5301486 1.810532 0.4929207 0.6800652 2.456697 0.1690274 0.1003248 2.229624 0.1766766 0.029191 2.238232 0.1394487 -0.03939964 2.189931 0.2270456 -0.01846816 2.292583 0.1128944 -0.4613844 2.281374 0.2464683 -0.5000597 2.505653 0.06679938 -0.8540925 2.351374 0.2443462 -0.8523734 2.598728 0.1147528 -0.9375265 2.383011 0.2778333 -0.9084918 2.645304
0.2314885 0.6098955 2.196663 0.127388 0.4644336 2.203223 0.08091422 0.3004206 2.122149 0.2292079 0.4206487 2.362099 -0.01783366 0.3654196 1.881726 0.3023489 0.4042941 2.579833 0.0821007 0.5061298 1.792072 0.4305606 0.6096349 2.485237 0.07222328 0.5118749 1.806957 0.451334 0.6728268 2.472823 0.1569557 0.131928 2.229904 0.16208 0.06716391 2.238311 0.1279713 -0.02055358 2.178048 0.2125477 0.01241378 2.308238 0.1124247 -0.4463404 2.275076 0.2468783 -0.4981432 2.505803 0.06800384 -0.8539091 2.351231 0.2415442 -0.8454691 2.595251 0.1160927 -0.9370613 2.383403 0.2766039 -0.907928 2.626962
0.2306975 0.6192802 2.198928 0.1270784 0.4843372 2.203642 0.07985293 0.3184288 2.118583 0.2288983 0.4405524 2.362519 -0.01690749 0.374857 1.8828 0.3090056 0.4620845 2.567621 0.07973018 0.5970303 1.788796 0.4432756 0.6619232 2.469188 0.1112362 0.6552188 1.774643 0.4617946 0.7247845 2.452326 0.1589692 0.1460388 2.229839 0.1647151 0.07865967 2.23824 0.1278721 0.0004282063 2.185828 0.218243 0.04964181 2.294362 0.1118817 -0.4472538 2.275024 0.2456101 -0.4728617 2.495409 0.06809519 -0.8549827 2.351398 0.2414696 -0.8482359 2.596722 0.1169368 -0.9375547 2.383931 0.2761339 -0.9103165 2.627134
0.2307631 0.6196665 2.199464 0.1272736 0.4844875 2.203672 0.08002497 0.3185946 2.118421 0.2290935 0.4407026 2.362549 -0.01597255 0.3896383 1.888313 0.3054092 0.4612106 2.560424 0.07761712 0.6082308 1.786137 0.4232292 0.6739459 2.469173 0.08271049 0.6193689 1.783869 0.4856768 0.8077102 2.423521 0.1591467 0.1474183 2.229763 0.1649702 0.08037879 2.23813 0.1275531 0.0004008707 2.18494 0.2182221 0.0495373 2.295667 0.1118206 -0.4478439 2.274859 0.2460682 -0.4732132 2.496043 0.06774464 -0.8560306 2.351651 0.2420255 -0.852433 2.597431 0.1161579 -0.9393301 2.38295 0.2811545 -0.9108794 2.640041
0.2305502 0.6232784 2.200017 0.1273437 0.4874282 2.203323 0.07997508 0.3216717 2.117455 0.2291637 0.4436433 2.3622 -0.01990609 0.3915789 1.887665 0.3445856 0.5573421 2.490729 0.06770907 0.614984 1.787042 0.4545466 0.7825363 2.428236 0.08833711 0.678836 1.77831 0.4640243 0.8481772 2.414809 0.1575196 0.1525727 2.22888 0.1631332 0.08579411 2.237157 0.1243293 0.004430722 2.184889 0.2160949 0.05319741 2.294465 0.112504 -0.4490418 2.276447 0.246595 -0.4690136 2.49579 0.06768823 -0.8565537 2.352644 0.2405203 -0.8510219 2.596827 0.1162868 -0.9398552 2.383651 0.2729062 -0.9135364 2.634045
0.2314039 0.6223276 2.20081 0.1345246 0.4735801 2.205847 0.05513456 0.3207445 2.116033 0.2363446 0.4297952 2.364724 -0.003834819 0.4413547 1.900273 0.3580619 0.6367589 2.42605 0.06933707 0.6354235 1.782307 0.4589513 0.8195837 2.418423 0.09217246 0.6983506 1.772431 0.467179 0.8853523 2.404799 0.1592461 0.1545731 2.227795 0.1654043 0.09092204 2.234967 0.1216667 0.006146928 2.185415 0.2275666 0.06228799 2.284729 0.1118393 -0.4490573 2.276216 0.2466653 -0.4583828 2.491052 0.06739958 -0.8582556 2.353575 0.2414846 -0.8508562 2.597696 0.11691 -0.9412006 2.384095 0.2148619 -0.9341345 2.585795
0.2306998 0.6244556 2.202336 0.1313837 0.4795142 2.207501 0.03758428 0.3397015 2.117393 0.2332036 0.4357294 2.366378 -0.003979316 0.4410861 1.902414 0.3568806 0.6421983 2.426103 0.0649564 0.638364 1.784533 0.4452983 0.8385944 2.405404 0.08865564 0.7008076 1.773674 0.4512436 0.9048943 2.393249 0.1585812 0.1571174 2.226565 0.1647394 0.09311807 2.233415 0.1166741 0.01136095 2.187341 0.2274687 0.06318324 2.278939 0.1106582 -0.4518532 2.276422 0.2467949 -0.4553817 2.490167 0.06597927 -0.8639376 2.355945 0.236627 -0.8444663 2.593253 0.1191621 -0.9449841 2.385361 0.2996775 -0.8867948 2.548614
0.2323318 0.6241366 2.199329 0.1323036 0.4800243 2.203611 0.0381298 0.3394352 2.112258 0.2341236 0.4362395 2.362488 -0.003466332 0.4442776 1.902328 0.3531295 0.6455721 2.421889 0.06098439 0.639704 1.788108 0.4349508 0.8451192 2.400656 0.08726568 0.7004801 1.774169 0.4326524 0.9095193 2.380014 0.1586109 0.1580166 2.225082 0.1645446 0.09394764 2.232301 0.1142839 0.01300503 2.189332 0.2276212 0.06404085 2.274689 0.1101921 -0.4522797 2.276974 0.2459807 -0.4532778 2.488848 0.06526626 -0.8643916 2.355963 0.2365954 -0.8447129 2.593298 0.1192155 -0.9447799 2.38579 0.2997354 -0.8871434 2.548881
0.2334295 0.6170096 2.197869 0.1356543 0.4678465 2.202598 0.04106862 0.325487 2.110633 0.2374742 0.4240616 2.361474 -0.003209611 0.446013 1.90277 0.3490594 0.6383167 2.418651 0.05847794 0.6411285 1.791995 0.4286532 0.8481582 2.399162 0.0847367 0.7017077 1.777184 0.4301413 0.9131739 2.380468 0.1589748 0.1572218 2.224025 0.1646365 0.09376924 2.231308 0.1128412 0.01288661 2.189649 0.2289544 0.06311591 2.271493 0.1124542 -0.4558446 2.281458 0.2456711 -0.4535566 2.487237 0.06550317 -0.863225 2.354689 0.2357508 -0.8414282 2.592572 0.1184109 -0.943928 2.38552 0.2989052 -0.8839564 2.548266
0.2336194 0.6177806 2.197589 0.1362511 0.4737519 2.199885 0.04139265 0.3313808 2.107765 0.2380711 0.429967 2.358761 -0.0027079 0.447693 1.902977 0.348686 0.644217 2.417253 0.05751812 0.6430246 1.795873 0.4169047 0.8552589 2.391525 0.08297217 0.7038426 1.780643 0.4158581 0.9194581 2.37017 0.158935 0.1577703 2.222916 0.1644002 0.09409639 2.230323 0.1112258 0.01419986 2.190506 0.22877 0.06286538 2.268877 0.1121599 -0.4538748 2.280949 0.2459655 -0.4526254 2.487228 0.06607924 -0.8635627 2.355554 0.2395514 -0.8433737 2.593411 0.1187322 -0.9446198 2.38589 0.3027007 -0.8859966 2.549188
0.2340542 0.6152886 2.197123 0.1370637 0.4661079 2.200325 0.04201518 0.3237077 2.108106 0.2388836 0.422323 2.359202 -0.002614022 0.4469465 1.90443 0.3455982 0.6396374 2.414827 0.05839482 0.645213 1.799358 0.4152294 0.8560101 2.391059 0.08422638 0.7067404 1.788143 0.4143841 0.9204503 2.370434 0.158879 0.1559082 2.22258 0.1641473 0.0930232 2.230036 0.1097932 0.0133774 2.191378 0.2288329 0.06055172 2.268287 0.1103078 -0.4550568 2.280444 0.2457523 -0.4545693 2.487474 0.06648288 -0.8678167 2.357971 0.2430134 -0.8511103 2.597775 0.1201132 -0.9471276 2.386876 0.3061504 -0.8937445 2.553546
0.2332588 0.6260137 2.195654 0.1362991 0.4738984 2.199975 0.04113379 0.3314841 2.107695 0.2381191 0.4301136 2.358852 -0.003121505 0.4440954 1.905977 0.3470713 0.6458092 2.415818 0.05918035 0.6460259 1.801676 0.4149141 0.8576632 2.389292 0.08636924 0.7074611 1.793606 0.4140275 0.9223605 2.36949 0.1583442 0.158631 2.221729 0.1634115 0.09545313 2.22914 0.1081658 0.01420581 2.186749 0.2280905 0.06141049 2.271299 0.1101651 -0.4550373 2.280303 0.2469598 -0.454923 2.48762 0.06658075 -0.8676986 2.357975 0.2414353 -0.8510616 2.597924 0.119929 -0.9472035 2.387206 0.3045627 -0.8936869 2.553673
0.227266 0.6363069 2.199366 0.1308903 0.4881467 2.203853 0.03562148 0.3457286 2.111524 0.2327102 0.4443618 2.36273 -0.003799536 0.4409919 1.905845 0.3493917 0.6560818 2.419436 0.06174191 0.6468598 1.804233 0.4159909 0.8557526 2.388596 0.08825184 0.7086414 1.796561 0.4160975 0.9195525 2.366053 0.1579891 0.1625204 2.222529 0.163358 0.09817848 2.229648 0.1085891 0.01619124 2.187388 0.2279361 0.06319214 2.272289 0.1101528 -0.4546119 2.280225 0.2459584 -0.454504 2.485581 0.06588019 -0.8669541 2.356984 0.2399702 -0.850454 2.597028 0.1199138 -0.9472113 2.387017 0.3030493 -0.8928135 2.552453
0.2271999 0.636768 2.199125 0.1296998 0.489711 2.203458 0.03441151 0.347295 2.111118 0.2315197 0.4459262 2.362335 -0.005708161 0.4310002 1.906446 0.3529651 0.6480531 2.43474 0.06431648 0.6483759 1.806162 0.4220008 0.8443034 2.387548 0.09152589 0.710124 1.801122 0.4218004 0.9079738 2.364644 0.1586027 0.164346 2.222687 0.1643762 0.0999712 2.229889 0.1099611 0.01674824 2.18738 0.2294224 0.06535228 2.274055 0.1092173 -0.4546828 2.27967 0.2493773 -0.4525272 2.486758 0.06514557 -0.8657572 2.355307 0.2401389 -0.8507602 2.5973 0.1189751 -0.9460757 2.385543 0.3032058 -0.893064 2.552655
0.2269369 0.6370853 2.199105 0.1267357 0.4927475 2.203282 0.04170809 0.3197435 2.117985 0.2285557 0.4489626 2.362159 -0.006473682 0.4247055 1.904259 0.3561838 0.645301 2.438399 0.06867974 0.6510875 1.81042 0.4286348 0.8207133 2.390418 0.09303574 0.7137552 1.802796 0.4311891 0.8721833 2.376894 0.1597939 0.1666142 2.224217 0.1665459 0.1022661 2.231942 0.1145167 0.01554556 2.188263 0.2327708 0.07020335 2.281706 0.1086881 -0.4545979 2.279341 0.2493308 -0.4509696 2.48698 0.0649322 -0.867101 2.356472 0.2351969 -0.8435029 2.594786 0.1194935 -0.946862 2.385873 0.2732992 -0.9128073 2.622935
0.2263066 0.6384443 2.198852 0.1259909 0.4957355 2.202297 0.05004557 0.3102459 2.117622 0.2278109 0.4519506 2.361174 -0.00788164 0.4147119 1.90096 0.3614364 0.6412199 2.442951 0.07198321 0.6463247 1.815522 0.4339569 0.8114902 2.392452 0.09576979 0.7095685 1.811916 0.4358308 0.8446932 2.381182 0.162929 0.1690032 2.226867 0.1710266 0.104415 2.235749 0.1219107 0.01387824 2.191937 0.23735 0.07418126 2.288576 0.1085975 -0.4545256 2.279586 0.2495732 -0.4498676 2.487148 0.06521212 -0.8673434 2.355911 0.2420266 -0.8442235 2.598182 0.1195699 -0.9469722 2.385956 0.3062811 -0.8861692 2.554917
0.2254888 0.6388499 2.199071 0.1257436 0.4957161 2.202483 0.0530159 0.3027448 2.119615 0.2275636 0.4519312 2.361359 -0.009538131 0.403566 1.894761 0.3665498 0.6332978 2.449761 0.07430381 0.6367317 1.819528 0.4714176 0.7888634 2.415414 0.08159068 0.6474668 1.820818 0.4488598 0.8090618 2.397068 0.1645534 0.1681241 2.229106 0.173229 0.1030183 2.238472 0.1256238 0.01097774 2.195304 0.2386751 0.07303768 2.290901 0.1082902 -0.4505779 2.277645 0.2490039 -0.451349 2.488734 0.06519542 -0.8637522 2.355713 0.2422309 -0.8451985 2.597729 0.1182811 -0.9448341 2.385213 0.306632 -0.8871057 2.554644
0.2254422 0.6371884 2.200381 0.1244055 0.4935259 2.204859 0.05393644 0.2946332 2.12377 0.2262254 0.449741 2.363736 -0.01108025 0.3883667 1.891852 0.3739802 0.6243344 2.451691 0.07395604 0.6188562 1.826994 0.4701749 0.7851066 2.415156 0.0790989 0.626431 1.827492 0.4512198 0.8017755 2.398622 0.1646437 0.1670232 2.230343 0.1733445 0.1020343 2.239374 0.1293544 0.001229168 2.183957 0.236731 0.05535441 2.313389 0.1083618 -0.4506509 2.27796 0.249566 -0.473616 2.499324 0.06509335 -0.8643776 2.356255 0.2422397 -0.8465592 2.598315 0.1184227 -0.9454691 2.385293 0.3027417 -0.9027311 2.651306
0.2258438 0.6333733 2.200279 0.123609 0.489728 2.204434 0.07770094 0.3130097 2.127125 0.225429 0.4459432 2.363311 -0.01279189 0.3673488 1.892481 0.3847167 0.6118886 2.448621 0.06449182 0.5240223 1.807718 0.4906671 0.7675546 2.421629 0.09367409 0.6106358 1.802482 0.4675129 0.746921 2.414192 0.1637346 0.1530823 2.232231 0.1720942 0.08490933 2.241634 0.1309075 -0.001167011 2.183915 0.2277616 0.03945517 2.311882 0.1088224 -0.4498847 2.278034 0.2495573 -0.4869694 2.503717 0.06756537 -0.8629767 2.356433 0.2451088 -0.8504984 2.601049 0.1185432 -0.945556 2.385517 0.3235052 -0.8919616 2.650026
0.2254777 0.6230364 2.199165 0.1243172 0.4724466 2.203357 0.08554463 0.3040463 2.128548 0.2261371 0.4286617 2.362234 -0.02441218 0.317598 1.904713 0.403405 0.5654384 2.45942 0.04427159 0.4820139 1.829125 0.46073 0.7421664 2.404275 0.0687281 0.5016656 1.838581 0.4710044 0.7124425 2.41604 0.1608123 0.1021511 2.233812 0.1680253 0.03050738 2.243257 0.1333163 -0.02630117 2.191036 0.2132713 -0.01705463 2.300061 0.1111265 -0.4567195 2.286657 0.2481281 -0.4922101 2.504548 0.06717173 -0.8653343 2.358053 0.2413713 -0.8436276 2.595512 0.1198399 -0.9469531 2.386838 0.2162162 -0.9236689 2.571783
0.2282167 0.6168422 2.199497 0.1291811 0.4597369 2.203039 0.08800152 0.2987028 2.130443 0.2310011 0.415952 2.361916 -0.03213466 0.2865085 1.915117 0.3757392 0.4967229 2.530503 0.04223626 0.449509 1.842395 0.4653219 0.6440872 2.440493 0.07840422 0.5063008 1.835687 0.4759243 0.6879982 2.424737 0.1616563 0.1011847 2.233647 0.1686311 0.02987178 2.243088 0.134326 -0.03220374 2.190473 0.2146605 -0.01869334 2.300462 0.1111668 -0.4566136 2.286252 0.248135 -0.4925079 2.504847 0.06728255 -0.8651275 2.356751 0.2447175 -0.8502781 2.5997 0.1195064 -0.9465627 2.386837 0.3126608 -0.8919357 2.562156
0.2281721 0.5981494 2.193793 0.1341793 0.446109 2.203448 0.08967835 0.2915229 2.133099 0.276685 0.4138164 2.446697 -0.03284036 0.276715 1.918624 0.4217869 0.5259467 2.504933 0.04758471 0.438097 1.849468 0.5086052 0.6723405 2.410052 0.07720952 0.4999003 1.842615 0.4778388 0.6586771 2.432546 0.1688303 0.09999882 2.234971 0.1768439 0.03026451 2.24467 0.1380615 -0.03837569 2.195621 0.2397465 -0.01889834 2.300624 0.109654 -0.4608641 2.287538 0.2477999 -0.4924964 2.505106 0.06636049 -0.8674477 2.359285 0.2420678 -0.8508918 2.599208 0.1204229 -0.9478996 2.38748 0.3108197 -0.8922595 2.562833
0.2288262 0.5929927 2.193261 0.1424441 0.4333766 2.207331 0.0911157 0.2864425 2.133717 0.2534521 0.3974136 2.395302 -0.03490909 0.2597916 1.924253 0.4231631 0.517432 2.503479 0.05227302 0.418638 1.858034 0.5099817 0.6638263 2.408599 0.07684651 0.4774044 1.848777 0.4795026 0.6083501 2.441769 0.1741834 0.09080201 2.236119 0.1810381 0.02227149 2.245265 0.141681 -0.04988895 2.196443 0.2395166 -0.02500792 2.30092 0.1096841 -0.4614905 2.287374 0.2480134 -0.4906585 2.505165 0.0662505 -0.8676291 2.359547 0.2431834 -0.851549 2.598996 0.1153871 -0.9455605 2.383928 0.311162 -0.893145 2.561449
0.2290897 0.5927392 2.193656 0.1460299 0.427726 2.206647 0.08576383 0.2853941 2.131709 0.2539764 0.3965507 2.394515 -0.03756727 0.2363722 1.93573 0.4253463 0.5082195 2.505028 0.04868275 0.4074585 1.87024 0.5520777 0.5914661 2.379374 0.07935803 0.4683063 1.851622 0.4790902 0.5830348 2.445979 0.1785515 0.08746658 2.236315 0.1853425 0.01938012 2.245555 0.1439541 -0.05336816 2.197838 0.2437395 -0.02842152 2.300483 0.1094698 -0.4631938 2.287482 0.2476352 -0.4911353 2.50501 0.06560762 -0.8677959 2.359054 0.2406452 -0.8505389 2.598331 0.1158569 -0.9458331 2.384361 0.3080441 -0.892247 2.559874
0.2293041 0.5926161 2.193736 0.1468669 0.4275664 2.206097 0.07937677 0.285826 2.130108 0.2543823 0.3972335 2.393381 -0.03871865 0.2269258 1.942191 0.4328751 0.4959391 2.51228 0.07327108 0.4079049 1.86202 0.5274529 0.574532 2.355861 0.079172 0.4325445 1.857861 0.4813206 0.5648847 2.447972 0.1793071 0.08735257 2.236019 0.1860259 0.01928187 2.245298 0.1439572 -0.05398143 2.197793 0.2447295 -0.02893157 2.300112 0.1083815 -0.4660818 2.285966 0.2483124 -0.4903674 2.506016 0.06601424 -0.869643 2.359545 0.2389931 -0.8511332 2.599151 0.1157399 -0.9459768 2.384269 0.2834509 -0.9111112 2.635401
0.2291957 0.592465 2.193918 0.1472671 0.4273372 2.205924 0.07735771 0.285962 2.129494 0.2544791 0.3974289 2.392993 -0.04026341 0.218984 1.947939 0.4356135 0.4865641 2.516356 0.06556168 0.3604843 1.868246 0.4979429 0.4654656 2.32624 0.08041401 0.4261119 1.857876 0.4829329 0.5535213 2.449039 0.1814857 0.08586385 2.236138 0.1886516 0.01743438 2.245522 0.1457016 -0.05599127 2.199506 0.2475586 -0.03086827 2.299074 0.1092037 -0.4677653 2.286816 0.2482455 -0.4909984 2.506381 0.06537766 -0.8695284 2.359637 0.2404506 -0.8482549 2.597843 0.11621 -0.9464675 2.385141 0.2127168 -0.9129021 2.572172
0.2290527 0.591239 2.193913 0.1477061 0.4264836 2.205586 0.07228781 0.2856805 2.128005 0.2545162 0.3972276 2.392545 -0.04128785 0.2131202 1.952284 0.4365469 0.4827394 2.516963 0.06208988 0.3555101 1.870669 0.4979099 0.4736175 2.325492 0.08163222 0.4235249 1.858061 0.485027 0.5493866 2.448879 0.1822335 0.08529659 2.236063 0.1894028 0.0169488 2.245478 0.1459272 -0.05727844 2.199739 0.2489254 -0.03173131 2.298946 0.1092552 -0.469891 2.285985 0.2461204 -0.4935646 2.503564 0.06598772 -0.8687327 2.358963 0.2374506 -0.8430457 2.591498 0.1161102 -0.9468629 2.385762 0.3033787 -0.8849893 2.550815
0.2291225 0.5908317 2.193842 0.14788 0.4265677 2.205528 0.06937178 0.2861 2.127423 0.2545645 0.3977372 2.392221 -0.04214555 0.2095705 1.955638 0.4380862 0.4778855 2.518028 0.05970521 0.3521749 1.872205 0.4931875 0.4881158 2.324584 0.08244503 0.4218079 1.857984 0.4880949 0.5434618 2.449136 0.1821222 0.08417255 2.236417 0.1890858 0.01525313 2.246015 0.1451899 -0.05854557 2.200894 0.2474733 -0.037682 2.299391 0.1097358 -0.4709076 2.286484 0.2452018 -0.4949943 2.503301 0.06737062 -0.8682551 2.357298 0.2402571 -0.8461112 2.595491 0.1182804 -0.9473238 2.386638 0.3058753 -0.88815 2.554407
0.2293996 0.5910383 2.193824 0.1484562 0.4272733 2.204824 0.06785002 0.2865976 2.127093 0.2548895 0.3992468 2.390934 -0.04258933 0.2094792 1.955845 0.4376507 0.4767354 2.519572 0.05953304 0.3518447 1.872321 0.4938413 0.4919098 2.326814 0.08290739 0.4206262 1.857627 0.4888674 0.5427156 2.448892 0.1835607 0.08511327 2.236059 0.1907794 0.01637597 2.245694 0.1455421 -0.05855405 2.200945 0.2514493 -0.03434379 2.298561 0.1082611 -0.4735965 2.285416 0.2452592 -0.4970698 2.504635 0.06723388 -0.8683017 2.357389 0.2402958 -0.847438 2.596839 0.1182511 -0.947319 2.386604 0.3056136 -0.8895048 2.555306
0.2300167 0.5892966 2.194337 0.1506287 0.4240691 2.206464 0.06702756 0.2863936 2.126673 0.2561662 0.3971891 2.391957 -0.04273139 0.2097538 1.955386 0.4390388 0.478864 2.519529 0.0594521 0.3518944 1.871497 0.5372314 0.5362104 2.355656 0.0830851 0.4208377 1.857213 0.4914495 0.5425403 2.450005 0.1842316 0.0850312 2.235853 0.191425 0.01658998 2.245264 0.145624 -0.05880749 2.200416 0.2526058 -0.03392317 2.297893 0.1090311 -0.4736325 2.285533 0.245524 -0.497337 2.504596 0.0676628 -0.8676302 2.356933 0.2406168 -0.8476498 2.596334 0.1183856 -0.947292 2.386381 0.3058267 -0.8897313 2.554647
0.2305638 0.5874726 2.194967 0.1523885 0.4179885 2.208396 0.06698219 0.2860797 2.126674 0.2574544 0.3918502 2.393559 -0.03994369 0.2206782 1.944903 0.4377376 0.4821398 2.519247 0.06588898 0.3624177 1.865731 0.5392632 0.5367023 2.356554 0.08457993 0.424488 1.853527 0.4929029 0.5455527 2.448707 0.1853239 0.0840271 2.235847 0.1922937 0.0161659 2.245062 0.1463478 -0.05961758 2.199918 0.2533505 -0.0341596 2.297724 0.1083394 -0.4745722 2.285303 0.2458863 -0.4974506 2.504585 0.06756638 -0.865575 2.356107 0.2407975 -0.8481008 2.596616 0.1186767 -0.9463149 2.38597 0.2879704 -0.9100853 2.661401
0.2311207 0.5865259 2.195108 0.1526512 0.4169264 2.208685 0.08575615 0.2680867 2.133264 0.257625 0.3908643 2.393798 -0.04105766 0.2147657 1.943578 0.3754291 0.4311611 2.559964 0.05742275 0.3608441 1.862515 0.4934189 0.5347871 2.441987 0.08414003 0.4299199 1.849723 0.497557 0.5671833 2.450894 0.1859935 0.07804378 2.237548 0.1928692 0.009562117 2.246866 0.1484567 -0.06356907 2.200889 0.250165 -0.04332734 2.300864 0.1086795 -0.4762497 2.286019 0.2459012 -0.4975135 2.504527 0.06704491 -0.8646336 2.356048 0.2432951 -0.8492012 2.597172 0.1215249 -0.9422373 2.391743 0.3100184 -0.8909954 2.55764
0.2312344 0.5859483 2.19511 0.1524403 0.4168038 2.2087 0.0861703 0.2681707 2.133421 0.2573569 0.3907379 2.3938 -0.03820827 0.2554132 1.922382 0.3863415 0.4465128 2.552043 0.07861158 0.3890998 1.844961 0.4970575 0.5666462 2.444241 0.07602674 0.4137226 1.844644 0.4993101 0.5835755 2.446948 0.1860131 0.07852273 2.237351 0.192962 0.0105348 2.246473 0.1493343 -0.06315678 2.199059 0.2497615 -0.04120612 2.301417 0.10968 -0.4748061 2.285991 0.2472273 -0.4959635 2.505722 0.06651161 -0.8652384 2.356613 0.2437335 -0.8490533 2.598071 0.1199117 -0.9440838 2.391194 0.3105164 -0.8908113 2.558607
0.231802 0.5871343 2.194885 0.1496723 0.4217212 2.20599 0.08619282 0.2691009 2.133374 0.2554333 0.3920979 2.39315 -0.03965648 0.2599993 1.920906 0.3829879 0.4614692 2.543975 0.07141639 0.3959389 1.838237 0.4940397 0.5883653 2.445889 0.1044385 0.4793614 1.820059 0.5017503 0.6293239 2.442302 0.1859161 0.08093373 2.236567 0.1931406 0.01278216 2.245861 0.1502319 -0.06149483 2.197715 0.2495952 -0.03776741 2.301965 0.1096899 -0.4747759 2.285964 0.2509105 -0.4758176 2.50298 0.066117 -0.8708578 2.359313 0.2435531 -0.8490332 2.598059 0.1215094 -0.9464797 2.392618 0.2198516 -0.9351131 2.587368
0.2315786 0.5888194 2.1944 0.1423264 0.4321976 2.202044 0.0862432 0.2761225 2.131444 0.2480642 0.3995312 2.39085 -0.04127186 0.2701107 1.919435 0.3900969 0.4926763 2.534144 0.05970194 0.4435786 1.830499 0.5008746 0.621128 2.438061 0.09541906 0.5102414 1.825492 0.5000149 0.6514779 2.440794 0.183955 0.08472333 2.235266 0.191862 0.01563752 2.244921 0.1499238 -0.05713829 2.197483 0.2464067 -0.03089621 2.299545 0.1090227 -0.4749971 2.285495 0.2507679 -0.4770242 2.503737 0.06598115 -0.8704342 2.359353 0.2435392 -0.8502057 2.598437 0.1217113 -0.9468315 2.392485 0.3112694 -0.8916014 2.560223
0.2281187 0.5941473 2.194186 0.1337318 0.444618 2.203799 0.08237018 0.2868476 2.126981 0.2384515 0.4114205 2.393182 -0.04686975 0.2713085 1.913774 0.393827 0.5380109 2.522837 0.0502362 0.4411965 1.83007 0.5089112 0.6638426 2.42862 0.09049606 0.521291 1.819686 0.4989763 0.6738876 2.43621 0.1775327 0.09912435 2.234669 0.1862011 0.030026 2.243964 0.14747 -0.04414169 2.195022 0.2401017 -0.01847224 2.300326 0.1085942 -0.4713782 2.283474 0.2485862 -0.4938627 2.506834 0.06565143 -0.8706473 2.359608 0.243379 -0.8495472 2.598255 0.1217202 -0.9470537 2.392608 0.3121927 -0.8905522 2.561586
0.2219438 0.6049212 2.194204 0.1258657 0.462185 2.203901 0.08018266 0.298074 2.123124 0.2302337 0.4284597 2.39355 -0.04949912 0.2836634 1.91069 0.3906406 0.5420943 2.52103 0.03920706 0.4438377 1.827733 0.4878532 0.6909424 2.444284 0.08600703 0.5480254 1.810502 0.5029436 0.7528139 2.421426 0.157734 0.1401564 2.231259 0.1639867 0.0758745 2.239733 0.1331939 -0.01753122 2.175287 0.215308 0.01349232 2.315002 0.108998 -0.4699989 2.28366 0.2489949 -0.4931893 2.506995 0.06523684 -0.8706622 2.360322 0.2435651 -0.8511355 2.599116 0.1201189 -0.9469779 2.392137 0.2083801 -0.9407952 2.58834
0.2197605 0.6136115 2.193988 0.1247995 0.4774404 2.202905 0.08054355 0.3145842 2.119725 0.2289886 0.4436278 2.39265 -0.03937179 0.3155665 1.90595 0.3813894 0.5499216 2.518095 0.05161444 0.5215352 1.813039 0.4741182 0.7032248 2.44536 0.08466547 0.5690897 1.804284 0.4878174 0.7650301 2.421474 0.1574833 0.1412553 2.230978 0.1638782 0.07609981 2.239609 0.1289403 -0.01014321 2.180331 0.2138337 0.02766176 2.303749 0.1087194 -0.4696861 2.283655 0.2489914 -0.4931882 2.507006 0.06504254 -0.870939 2.360449 0.2441223 -0.8496525 2.599315 0.1196199 -0.9468904 2.39026 0.3142592 -0.8907056 2.5653
0.2204643 0.6164336 2.193418 0.1263903 0.4823373 2.201233 0.08257563 0.3195339 2.117428 0.2305238 0.4485056 2.391008 -0.02252407 0.3920399 1.886693 0.3853878 0.6079226 2.491173 0.07732984 0.606534 1.79363 0.4757053 0.7675474 2.433141 0.0827939 0.6209239 1.794255 0.4943717 0.8297995 2.414317 0.1562239 0.1460869 2.23057 0.1622702 0.07991656 2.23951 0.12293 0.001136532 2.186399 0.2104862 0.03938071 2.299297 0.1085292 -0.4583717 2.283031 0.2474158 -0.4819201 2.501899 0.06390988 -0.8688803 2.359917 0.2328544 -0.8317842 2.589881 0.1096341 -0.9379955 2.387956 0.2760796 -0.9135528 2.625735
0.2206625 0.6176058 2.193213 0.1270219 0.4832041 2.201016 0.08334319 0.3203759 2.117042 0.2311376 0.4493699 2.3908 -0.02066098 0.39673 1.887843 0.3771244 0.6343916 2.463589 0.07480541 0.6150729 1.790615 0.4878853 0.7867712 2.437549 0.08043225 0.6256718 1.791284 0.4725353 0.8008764 2.423047 0.1576063 0.1502912 2.230081 0.1637035 0.08444485 2.239033 0.1236234 0.002967908 2.187149 0.2143042 0.05028537 2.29639 0.1078819 -0.4587368 2.282509 0.2462563 -0.4726295 2.495853 0.06547017 -0.8675272 2.35884 0.2357192 -0.8418751 2.600209 0.1118233 -0.9399001 2.38587 0.2739853 -0.9160759 2.624952
0.2195965 0.6214795 2.192419 0.1263447 0.4865907 2.1996 0.08281813 0.3236278 2.115403 0.2881023 0.4830366 2.47437 -0.02362452 0.3944723 1.886575 0.406982 0.6752403 2.483589 0.06637444 0.6192652 1.792004 0.4611363 0.8417614 2.399796 0.0885946 0.6829416 1.786554 0.4605567 0.909176 2.394047 0.1557762 0.1769923 2.230814 0.1616901 0.1174806 2.240908 0.1147551 0.01538442 2.192014 0.2247857 0.07564053 2.298484 0.107111 -0.459353 2.281633 0.2459285 -0.4518107 2.487877 0.06474522 -0.8674901 2.359151 0.2351588 -0.8449408 2.600121 0.1160896 -0.9443991 2.388696 0.2703081 -0.9174697 2.623043
0.2180872 0.6193843 2.193342 0.1269726 0.4826569 2.201661 0.08356415 0.3196067 2.117277 0.2900416 0.4720199 2.479671 -0.01485999 0.4200215 1.892195 0.396663 0.6769263 2.478027 0.06794529 0.6349261 1.786779 0.4541918 0.8450817 2.401103 0.09017762 0.6983857 1.779247 0.4542634 0.9122113 2.392632 0.155881 0.1767048 2.230906 0.161788 0.1171287 2.240853 0.1126622 0.01676796 2.193945 0.2265848 0.07493822 2.295964 0.1069892 -0.4597811 2.282379 0.2457578 -0.4517415 2.487575 0.06477132 -0.8676406 2.359158 0.2350299 -0.8457476 2.59966 0.1163924 -0.944845 2.388985 0.2164903 -0.9372085 2.58218
0.2176619 0.6200801 2.193253 0.1268033 0.4828879 2.201427 0.08341564 0.3198257 2.117 0.2899602 0.4720617 2.47955 -0.01403969 0.4214272 1.894773 0.3912143 0.6787556 2.473065 0.065221 0.6373059 1.786821 0.4502232 0.8481221 2.400871 0.08937915 0.7000048 1.778859 0.4536084 0.9152286 2.392907 0.1545679 0.175475 2.229538 0.1597781 0.1145658 2.238578 0.1092917 0.01836831 2.194403 0.2230816 0.06871963 2.286952 0.1068894 -0.4597955 2.282712 0.245692 -0.4542263 2.487607 0.06483257 -0.867707 2.359136 0.2374269 -0.8457578 2.598636 0.1173045 -0.9461681 2.389939 0.2149813 -0.9321058 2.577945
0.2171725 0.6218595 2.19301 0.1264578 0.4837592 2.201018 0.08310845 0.3206661 2.116537 0.2897433 0.4725309 2.479286 -0.01318634 0.4230564 1.89648 0.3943762 0.7055765 2.450853 0.06325964 0.6396295 1.787454 0.4578563 0.8779151 2.393842 0.08961482 0.7012998 1.778486 0.463151 0.9445759 2.38352 0.1548375 0.1765629 2.229412 0.1602301 0.1156078 2.23848 0.10886 0.02027654 2.195187 0.2260998 0.07325265 2.287006 0.1070251 -0.4598774 2.28281 0.246883 -0.450026 2.48706 0.06477994 -0.867656 2.35904 0.238708 -0.8452947 2.59808 0.1183462 -0.9471346 2.391893 0.2144309 -0.9266692 2.575591
0.2177039 0.6202154 2.192785 0.1274457 0.4740515 2.199224 0.08420243 0.3107963 2.114566 0.2909172 0.4616326 2.477515 -0.0119679 0.4239704 1.897788 0.3907349 0.6967956 2.450643 0.06172463 0.640679 1.788324 0.4531797 0.8700796 2.395922 0.08684726 0.7029263 1.779813 0.4584603 0.9362587 2.382855 0.1552325 0.1760996 2.229284 0.1605842 0.115512 2.238415 0.1085116 0.02032864 2.195848 0.2283325 0.07442622 2.286591 0.1072157 -0.4584036 2.282175 0.2470066 -0.4489518 2.486623 0.0653277 -0.868546 2.360768 0.2394828 -0.8506255 2.600755 0.1190274 -0.9482316 2.392321 0.3089972 -0.8920274 2.565886
0.2168065 0.6283368 2.192168 0.1271441 0.4793155 2.197414 0.08393563 0.3160896 2.112691 0.2906484 0.4667804 2.475811 -0.01181589 0.4238533 1.898392 0.3826675 0.692679 2.457378 0.06118892 0.6417341 1.789351 0.4471828 0.8629062 2.394074 0.08582237 0.7041737 1.780817 0.4341245 0.8904734 2.388724 0.1568862 0.1781238 2.22872 0.162809 0.1175803 2.237979 0.1100982 0.02117549 2.194146 0.2323831 0.0768038 2.290028 0.1067331 -0.4584575 2.281759 0.2472236 -0.4480919 2.486628 0.0656618 -0.8687948 2.361079 0.2394926 -0.8511696 2.601118 0.1189309 -0.9482742 2.391354 0.3090118 -0.8925031 2.566177
0.2165108 0.6308302 2.192458 0.1257879 0.4834944 2.198287 0.08260564 0.3202518 2.113529 0.2893097 0.4709474 2.476725 -0.01169683 0.4237671 1.898378 0.3861052 0.7006121 2.456849 0.06130766 0.6435691 1.790987 0.4493914 0.8703994 2.390572 0.08600928 0.7064277 1.786862 0.4522846 0.9359304 2.373968 0.1580676 0.1794662 2.228665 0.164564 0.1188344 2.237828 0.1116047 0.02312403 2.195368 0.235855 0.0799767 2.28796 0.1054692 -0.4601716 2.281284 0.2473516 -0.4446945 2.485358 0.065951 -0.8689269 2.361579 0.2401 -0.851449 2.601751 0.118952 -0.9482641 2.391203 0.3096113 -0.8926364 2.566622
0.2162998 0.6339802 2.191694 0.1254421 0.4884226 2.196845 0.08227424 0.3251903 2.112061 0.2889768 0.475857 2.475319 -0.01116198 0.4238359 1.897838 0.3890051 0.702805 2.455647 0.06188886 0.6450099 1.792037 0.4499691 0.873252 2.388769 0.08663023 0.7078266 1.787526 0.4560647 0.9382964 2.371148 0.158924 0.1827468 2.228743 0.1656095 0.1218365 2.238176 0.112039 0.02436238 2.195616 0.2369877 0.08460838 2.289715 0.1057797 -0.4588427 2.280235 0.2486223 -0.4403881 2.486321 0.06596828 -0.8689784 2.361638 0.2402956 -0.8506278 2.601229 0.119397 -0.948654 2.391318 0.3098091 -0.8918064 2.566094
0.2164077 0.6354684 2.191243 0.1219113 0.496538 2.196122 0.07875881 0.3333006 2.111319 0.2854582 0.4839694 2.474624 -0.01137968 0.4200481 1.896035 0.3899621 0.7017252 2.456269 0.06437057 0.6467407 1.793911 0.4545856 0.8701169 2.387228 0.08725446 0.7101393 1.787961 0.4632008 0.9356943 2.372951 0.1594472 0.1852359 2.228847 0.1665287 0.1237154 2.23839 0.1132093 0.02582077 2.196192 0.2379724 0.0871142 2.290014 0.1060992 -0.4584683 2.280298 0.2488142 -0.4383415 2.485507 0.06464005 -0.8684192 2.360714 0.2402101 -0.8517126 2.599783 0.1197642 -0.9479665 2.390699 0.3097102 -0.8927602 2.56447
0.2160598 0.6366081 2.190897 0.1218373 0.4974188 2.195817 0.07868697 0.3341831 2.11101 0.286384 0.4866182 2.473951 -0.01157243 0.4137406 1.893761 0.3972174 0.684452 2.468042 0.06583834 0.6426194 1.797613 0.4610745 0.8494126 2.388818 0.09297298 0.7045856 1.799143 0.4651999 0.9158605 2.37673 0.1605955 0.187342 2.22931 0.1681587 0.1259766 2.23915 0.1144937 0.02654842 2.196778 0.2401974 0.08997838 2.291903 0.1060777 -0.4589224 2.280338 0.2496622 -0.4362173 2.485585 0.06440899 -0.8686738 2.360398 0.2406875 -0.8525428 2.599924 0.1196421 -0.9481361 2.390407 0.2204015 -0.9239793 2.590255
0.2163334 0.6367458 2.190761 0.1220436 0.4973028 2.195824 0.07889497 0.3340668 2.111015 0.2872143 0.4867652 2.473938 -0.01249292 0.4054548 1.891662 0.3995819 0.681879 2.470207 0.06992976 0.6347909 1.801841 0.4699882 0.8434381 2.389256 0.07701544 0.6471539 1.801737 0.4792164 0.9096954 2.379094 0.1620422 0.1872404 2.229892 0.170096 0.1257707 2.239972 0.11686 0.02599571 2.197618 0.2426563 0.0890917 2.293579 0.1071839 -0.4607347 2.282359 0.2497408 -0.4377383 2.485732 0.06425955 -0.8685705 2.360301 0.2378114 -0.8402387 2.589499 0.1201544 -0.9476877 2.389997 0.2182289 -0.9199518 2.581303
0.216264 0.6369718 2.190718 0.1220354 0.4972616 2.195847 0.07888716 0.334026 2.111036 0.2873567 0.4868347 2.473969 -0.01210525 0.3977618 1.88927 0.4054409 0.676495 2.474212 0.07151408 0.627149 1.805593 0.478809 0.8464454 2.389104 0.0769036 0.6369541 1.805368 0.4658752 0.8164853 2.401792 0.1626587 0.1855857 2.230379 0.1710022 0.123282 2.240635 0.1174653 0.02493621 2.199112 0.2436827 0.08539596 2.293151 0.1083251 -0.4584677 2.280928 0.2502732 -0.4407745 2.487 0.06439889 -0.8686941 2.360137 0.2377165 -0.8399731 2.589776 0.1201033 -0.9478517 2.390085 0.3070271 -0.8809664 2.554026
0.2162173 0.636912 2.190664 0.121907 0.4959816 2.19581 0.07876086 0.3327465 2.110996 0.2875694 0.4861881 2.47392 -0.0143435 0.3847129 1.88636 0.4184124 0.6695424 2.475927 0.07041188 0.598038 1.812511 0.492896 0.8279037 2.391859 0.09867647 0.6591706 1.806001 0.4698704 0.8002787 2.405733 0.1638275 0.1797294 2.231348 0.1725434 0.1160756 2.241889 0.119628 0.01790046 2.197698 0.2457738 0.06874749 2.300637 0.1083073 -0.4597777 2.281015 0.2508863 -0.4577568 2.493696 0.06512833 -0.8680962 2.358338 0.2405934 -0.8454801 2.595781 0.119919 -0.9476834 2.38883 0.3098696 -0.8864675 2.559957
