0.1131226 0.7534933 2.365714 0.09126618 0.5833168 2.342515 0.03693606 0.3807281 2.271178 0.2428889 0.4603577 2.627676 0.1836438 0.4564512 2.031578 0.4091828 0.5870835 2.665423 0.3479832 0.658357 1.948853 0.5272875 0.8050191 2.546417 0.3801257 0.723832 1.940157 0.5642146 0.8535712 2.505492 0.1594808 0.187461 2.402038 0.1822051 0.1088164 2.411689 0.1453837 0.03025558 2.345636 0.2490403 0.02994079 2.493036 0.09305641 -0.4861604 2.41337 0.239564 -0.4226913 2.662713 0.04450397 -0.8832246 2.455458 0.1644539 -0.8337859 2.761402 0.1191252 -0.9485034 2.411574 0.1921364 -0.909104 2.739401
0.1117876 0.7509842 2.36509 0.09471673 0.5803904 2.343189 0.03686358 0.380071 2.270498 0.2459413 0.4562743 2.627868 0.1824863 0.4473997 2.027358 0.4103244 0.5851682 2.668499 0.3233765 0.6255373 1.966933 0.5170406 0.8050388 2.541647 0.3626261 0.7034109 1.958781 0.5539665 0.8535893 2.500724 0.1537096 0.1806613 2.39896 0.1728143 0.100163 2.407052 0.1287854 0.02632762 2.342733 0.2378147 0.0189549 2.484428 0.09304227 -0.4861343 2.413368 0.2406633 -0.4184628 2.659973 0.04412027 -0.8870889 2.458104 0.1661092 -0.8322442 2.760144 0.1197774 -0.9490462 2.411278 0.1961618 -0.9078931 2.751395
0.1115024 0.7476167 2.365118 0.09707762 0.5769407 2.344708 0.03511258 0.3797102 2.267825 0.2479437 0.4520854 2.62909 0.1827235 0.4373879 2.023246 0.4143122 0.583496 2.668684 0.3214802 0.6246269 1.971012 0.4942451 0.8045713 2.523567 0.3479565 0.6909221 1.972013 0.5311718 0.8531226 2.482643 0.1527631 0.1790717 2.398259 0.1718225 0.0990781 2.406235 0.1267597 0.02602414 2.342648 0.2374946 0.018496 2.482744 0.0928684 -0.486228 2.41324 0.242948 -0.408883 2.654176 0.04425963 -0.8864 2.456612 0.168013 -0.8223347 2.755222 0.1198819 -0.9492032 2.410868 0.1990297 -0.9086913 2.749226
0.1143908 0.7401916 2.363088 0.09832039 0.5705897 2.349452 0.02880385 0.3815107 2.26496 0.2487625 0.4451231 2.633575 0.1790824 0.4231073 2.024833 0.4069181 0.5588368 2.680586 0.3089154 0.609021 1.986458 0.4780148 0.7223519 2.578383 0.328475 0.6646638 1.990121 0.5149416 0.7709034 2.537459 0.1510995 0.1716733 2.396853 0.1700458 0.0919548 2.403771 0.1201193 0.02083244 2.351233 0.2385543 0.01997918 2.457987 0.09288846 -0.4863414 2.413201 0.2427606 -0.4107761 2.654575 0.04378918 -0.8875792 2.456644 0.1690905 -0.823827 2.757668 0.1201057 -0.9493576 2.411382 0.1944574 -0.8889295 2.799545
0.1146666 0.725641 2.363156 0.09934794 0.558158 2.360906 0.02604045 0.3810105 2.264899 0.2493997 0.4323327 2.644693 0.1742899 0.408254 2.026792 0.4071551 0.5056779 2.714686 0.30198 0.6027392 1.995593 0.4662037 0.7082984 2.57622 0.3234547 0.6625672 1.999101 0.4439627 0.7728381 2.476609 0.1505626 0.1574301 2.400402 0.1696638 0.07789338 2.406102 0.1167077 0.01740675 2.356017 0.2415498 0.01017631 2.458187 0.09305396 -0.4864948 2.41329 0.2360635 -0.4408941 2.664468 0.04363541 -0.8871747 2.45646 0.1653805 -0.8347967 2.758808 0.1201092 -0.9493644 2.411388 0.2032961 -0.8952633 2.818804
0.1154171 0.7201902 2.36348 0.10095 0.5534142 2.364537 0.02469379 0.3806174 2.264408 0.2509002 0.4275122 2.648228 0.1746206 0.4036475 2.027261 0.42032 0.5718569 2.658562 0.291599 0.5875534 2.010724 0.4635461 0.739883 2.547281 0.3097166 0.6560724 2.030027 0.4517919 0.7995713 2.468695 0.1550083 0.1507441 2.402287 0.1749658 0.07091874 2.407586 0.1220661 0.01185085 2.362159 0.2470025 0.004744371 2.457175 0.09371877 -0.4852313 2.412757 0.2424879 -0.421952 2.648015 0.04382012 -0.8863467 2.456398 0.1658729 -0.8320129 2.758699 0.1198834 -0.9491768 2.41142 0.2142579 -0.8908964 2.835822
0.1162681 0.7183857 2.363673 0.1018355 0.5519061 2.365936 0.02334865 0.3806669 2.263586 0.2517434 0.4259771 2.649586 0.174837 0.4021126 2.028088 0.4193773 0.5715983 2.658186 0.2883412 0.5848585 2.016584 0.4510313 0.7420449 2.546663 0.3029619 0.6542249 2.035825 0.4392772 0.801733 2.468077 0.1560544 0.1511402 2.402426 0.1763254 0.0718537 2.40754 0.1252877 0.01115155 2.358206 0.2502941 0.003019177 2.462342 0.0939937 -0.4840611 2.412361 0.2431066 -0.4177561 2.648769 0.04451939 -0.8846687 2.455413 0.1667077 -0.828482 2.757599 0.1198394 -0.9491538 2.41153 0.212198 -0.8892754 2.835007
0.1196127 0.714263 2.361233 0.102909 0.5492347 2.368077 0.02227758 0.3804145 2.263653 0.2527795 0.42327 2.651694 0.1744699 0.4003116 2.02928 0.4100991 0.5525767 2.66934 0.2838051 0.5826758 2.021598 0.4455703 0.7209045 2.555486 0.2961863 0.6523416 2.041321 0.4338162 0.7805923 2.476901 0.1563993 0.1509147 2.402374 0.1766196 0.07180232 2.407332 0.1256437 0.01016709 2.357225 0.2506343 0.002686052 2.462399 0.09400678 -0.4840288 2.412338 0.2433316 -0.4141468 2.645562 0.04551805 -0.8826076 2.452933 0.1665445 -0.8242832 2.755971 0.1201417 -0.949446 2.41144 0.2120883 -0.8944507 2.824964
0.1210107 0.7149355 2.361797 0.104252 0.5496018 2.367558 0.02126145 0.3818605 2.262721 0.2540923 0.4236158 2.651165 0.1825038 0.3854006 2.020208 0.4073386 0.5484188 2.672612 0.2804003 0.5810667 2.023083 0.4447485 0.7168497 2.559639 0.2914518 0.6517909 2.039563 0.4329945 0.7765375 2.481054 0.1574133 0.1544552 2.401501 0.1774028 0.07684636 2.406151 0.1261714 0.0130796 2.351572 0.2512708 0.003309047 2.465268 0.09402794 -0.4840343 2.412342 0.2403852 -0.4260604 2.654472 0.04560794 -0.8806503 2.452067 0.1619778 -0.8441529 2.737183 0.1195591 -0.9489434 2.411748 0.2095976 -0.8942318 2.820746
0.1221059 0.7147596 2.361392 0.1050281 0.5495718 2.367579 0.02063631 0.3825101 2.262199 0.2548514 0.4235761 2.651177 0.1669984 0.3945062 2.03118 0.41434 0.501073 2.71489 0.2798093 0.5816538 2.024299 0.4353386 0.6657912 2.591424 0.2910065 0.6521726 2.041544 0.4235845 0.7254792 2.512838 0.158333 0.1582575 2.401039 0.1781921 0.08209626 2.405435 0.1274909 0.01443613 2.349104 0.2514197 0.005070773 2.46729 0.0952808 -0.4804134 2.411312 0.2479438 -0.4005107 2.64973 0.04538352 -0.880525 2.452379 0.1656117 -0.8124297 2.75136 0.1194973 -0.9486057 2.411995 0.1851372 -0.9115134 2.718673
0.1227466 0.7150621 2.361085 0.1058886 0.5501998 2.368512 0.0206192 0.3824903 2.26221 0.2556922 0.4241843 2.652088 0.1599575 0.3915325 2.035808 0.4062355 0.5428075 2.679129 0.2796692 0.5819485 2.02434 0.4220622 0.7112978 2.560634 0.2922092 0.6546434 2.042073 0.4103079 0.7709866 2.482047 0.1566995 0.1602014 2.401148 0.175634 0.08430149 2.405296 0.1223987 0.01662611 2.344598 0.2487338 0.005172154 2.470637 0.09517294 -0.4808577 2.411212 0.2499475 -0.3898485 2.644788 0.0453852 -0.8847308 2.454204 0.1702482 -0.8016152 2.748586 0.1203769 -0.9495374 2.411434 0.205986 -0.8824967 2.811357
0.1236324 0.7171814 2.360998 0.1050502 0.5519297 2.366428 0.02054631 0.3825319 2.262324 0.2548453 0.4259034 2.649992 0.158666 0.394007 2.037606 0.4077115 0.5079991 2.72079 0.2806543 0.5845214 2.022041 0.4298158 0.6940268 2.578414 0.2966155 0.6604645 2.038957 0.4160174 0.764096 2.486161 0.1573508 0.1606436 2.401284 0.1767866 0.08458493 2.405783 0.1262046 0.01768254 2.345152 0.2505265 0.004097588 2.473454 0.09522869 -0.481594 2.41129 0.2323114 -0.4464678 2.658675 0.04535946 -0.8858543 2.454964 0.162011 -0.8423954 2.747778 0.1205695 -0.9496845 2.411575 0.197235 -0.9158424 2.75573
0.1232242 0.7210016 2.360711 0.1054178 0.5547955 2.36291 0.02424276 0.3798805 2.265235 0.2552054 0.4287562 2.646465 0.1619044 0.4029636 2.037099 0.413948 0.5741333 2.670898 0.2849116 0.5852988 2.011796 0.4444458 0.7399597 2.551408 0.3067999 0.6730313 2.023716 0.432691 0.7996513 2.472818 0.1556945 0.1611065 2.400958 0.1744583 0.08446005 2.40585 0.1235677 0.01808768 2.344938 0.2456567 0.003218401 2.475454 0.09524027 -0.4817205 2.411384 0.2437527 -0.3960328 2.640444 0.04526841 -0.8855346 2.455062 0.1722183 -0.8091304 2.744823 0.1205593 -0.9496694 2.41149 0.2041885 -0.8947495 2.80319
0.1228198 0.7274655 2.361362 0.1049511 0.5596888 2.35689 0.02724632 0.3787019 2.266021 0.254732 0.4336386 2.640436 0.1750764 0.4247091 2.030345 0.4139646 0.5736304 2.669745 0.3006925 0.6062309 1.99411 0.4632704 0.7534847 2.545177 0.3274237 0.692893 1.998437 0.449472 0.8235539 2.452924 0.1579752 0.1702993 2.399294 0.1775611 0.0942414 2.405328 0.1279854 0.0188749 2.346346 0.2487015 0.03447878 2.474198 0.09512852 -0.4818657 2.41136 0.2364431 -0.4467221 2.66764 0.04507727 -0.8852972 2.454719 0.1624366 -0.8505925 2.747659 0.1206793 -0.9497215 2.411656 0.2007084 -0.9209605 2.744858
0.1214091 0.7333996 2.361435 0.1040106 0.5649767 2.354091 0.03004057 0.3786877 2.267264 0.2481735 0.4428851 2.6284 0.1830232 0.4391557 2.027201 0.4240577 0.6120667 2.647601 0.3023719 0.6042929 1.987832 0.4872437 0.8181845 2.502634 0.3413637 0.7061459 1.984707 0.4734452 0.8882537 2.410381 0.1580998 0.1776751 2.398068 0.1779618 0.1015397 2.404528 0.1312373 0.02015084 2.345038 0.2471475 0.03790203 2.475476 0.09505942 -0.4818355 2.41139 0.2356136 -0.4499663 2.667835 0.04519896 -0.883472 2.453818 0.1639281 -0.8447354 2.74998 0.1203156 -0.9493465 2.411654 0.2082728 -0.8996258 2.830135
0.1221546 0.7389381 2.361217 0.1006752 0.5706963 2.352399 0.0321193 0.3785238 2.267993 0.2435284 0.447642 2.625243 0.1865554 0.4546476 2.03407 0.4235239 0.6124641 2.647584 0.3119265 0.6104295 1.974725 0.499236 0.826449 2.505796 0.3563381 0.6982962 1.961067 0.4854376 0.8965182 2.413543 0.1582837 0.1830964 2.398707 0.1788488 0.1070634 2.405683 0.1360417 0.02184322 2.344903 0.24615 0.04260955 2.479428 0.09505199 -0.4818026 2.411397 0.2481814 -0.3861659 2.641991 0.04511312 -0.88364 2.454312 0.1689032 -0.8018448 2.733182 0.120178 -0.9492139 2.411583 0.1989748 -0.8764797 2.805885
0.1221078 0.7466157 2.362752 0.09587511 0.5777866 2.346343 0.03348616 0.3790833 2.268722 0.2376943 0.4540071 2.617909 0.1883521 0.464699 2.038856 0.4235969 0.6268458 2.643702 0.3165959 0.6127937 1.966578 0.537016 0.835376 2.525586 0.3659903 0.6975552 1.950594 0.5232176 0.9054452 2.433333 0.1581805 0.1847023 2.398304 0.1790814 0.1081045 2.405707 0.138253 0.0224499 2.345364 0.2456026 0.044677 2.479894 0.09426596 -0.4851185 2.413167 0.2479375 -0.3869244 2.644294 0.04501895 -0.8845457 2.454205 0.1708249 -0.8005458 2.743891 0.120356 -0.9496238 2.41119 0.2014582 -0.8791507 2.812037
0.1220913 0.7507458 2.364177 0.09215166 0.5821379 2.344865 0.03552511 0.3822531 2.269246 0.2337693 0.4578302 2.616143 0.190294 0.481562 2.045625 0.4227304 0.6338862 2.641449 0.3198314 0.6147996 1.960512 0.5489462 0.8360845 2.530428 0.3745145 0.6950861 1.939439 0.5351478 0.9061537 2.438175 0.1581227 0.1853016 2.398555 0.1794111 0.1084797 2.406303 0.1418735 0.02385661 2.348692 0.2450953 0.0460543 2.480175 0.09395496 -0.4859325 2.41334 0.242337 -0.4121436 2.651758 0.0448336 -0.8844436 2.454422 0.1666762 -0.8257768 2.75222 0.1201736 -0.9493803 2.411191 0.2074203 -0.8959263 2.824197
0.1218105 0.7530046 2.365177 0.09107964 0.5843747 2.344573 0.03660414 0.3839096 2.269754 0.2326201 0.4598011 2.615728 0.1912581 0.4864303 2.047683 0.421887 0.6353984 2.640875 0.3252681 0.618851 1.953301 0.5680385 0.8430914 2.537414 0.3835978 0.6957359 1.929491 0.5542406 0.9131612 2.445161 0.1585586 0.1849226 2.399732 0.1807859 0.1069105 2.408846 0.1441297 0.02496938 2.349054 0.2469072 0.03199505 2.492698 0.09293664 -0.4874376 2.413233 0.2398718 -0.4215938 2.657086 0.04480455 -0.8844517 2.454479 0.1654334 -0.831063 2.754625 0.1202018 -0.9492626 2.411155 0.1954063 -0.9119427 2.709632
0.1214589 0.7557167 2.365892 0.089872 0.5871395 2.34444 0.03694771 0.3843889 2.270297 0.2313315 0.4623559 2.615479 0.1918109 0.4878204 2.04886 0.4257431 0.6419642 2.638823 0.3276345 0.6195765 1.95074 0.572575 0.8444307 2.539021 0.3862274 0.6962895 1.927012 0.5587766 0.9144998 2.446768 0.1573218 0.190183 2.4007 0.1797875 0.1122801 2.410001 0.1457231 0.0287967 2.343726 0.2450747 0.03141098 2.499555 0.09259692 -0.4879893 2.41332 0.2321106 -0.4677666 2.688471 0.04476796 -0.8854326 2.454129 0.1617014 -0.8528231 2.775162 0.1205436 -0.9497201 2.410845 0.2206093 -0.8907036 2.8471
0.1207241 0.7566245 2.367366 0.08962537 0.5877705 2.344248 0.03711197 0.3844721 2.270448 0.2310429 0.4629352 2.615245 0.1920201 0.4880053 2.049086 0.4255996 0.642428 2.638494 0.371573 0.6619399 1.935032 0.5740974 0.8422295 2.540063 0.4171239 0.7344283 1.914453 0.5602989 0.9122986 2.447809 0.157389 0.1899816 2.401072 0.1799925 0.1117472 2.410661 0.1460547 0.02894157 2.344117 0.2450212 0.03093409 2.499783 0.09255826 -0.4879893 2.413348 0.2422189 -0.4201121 2.665035 0.04467842 -0.8850689 2.454488 0.1599669 -0.8035592 2.76116 0.1202764 -0.949429 2.410826 0.2027049 -0.9032438 2.761003
0.1205455 0.7568106 2.367596 0.08947783 0.5879132 2.344174 0.03716769 0.3844563 2.270533 0.2308638 0.4630626 2.615143 0.1920391 0.4877677 2.04901 0.425568 0.6423649 2.638556 0.3715753 0.6618553 1.935164 0.5741513 0.8415349 2.540148 0.4080428 0.7238439 1.92013 0.5603529 0.9116039 2.447894 0.1572646 0.1885674 2.401754 0.1799483 0.109465 2.411667 0.1459095 0.02891872 2.345264 0.2446896 0.02987708 2.49929 0.09235862 -0.4882988 2.413629 0.2421221 -0.4207034 2.665651 0.04510636 -0.8850431 2.454126 0.1647873 -0.823406 2.759279 0.120466 -0.9497308 2.41064 0.2156917 -0.8786548 2.837518
0.1199351 0.7567182 2.367832 0.08937928 0.5876923 2.344129 0.03723713 0.3839606 2.270952 0.2307275 0.4627871 2.615067 0.1918915 0.4837053 2.047393 0.4258288 0.6415611 2.638876 0.3702268 0.6603373 1.935855 0.5745039 0.8391749 2.540045 0.4068536 0.722263 1.920944 0.5607055 0.9092441 2.447791 0.1576958 0.1856822 2.402174 0.1806297 0.1058555 2.412127 0.1461779 0.02817959 2.345981 0.2450084 0.0272911 2.49794 0.09235238 -0.4887865 2.413883 0.2421119 -0.4207256 2.665487 0.04511978 -0.885864 2.454419 0.1652979 -0.8281916 2.759013 0.1202948 -0.9498122 2.410529 0.2061652 -0.8842311 2.814035
0.1197677 0.7563255 2.368134 0.08914161 0.5872422 2.343779 0.03693796 0.3834381 2.271553 0.230438 0.4622693 2.614655 0.1915826 0.4803881 2.04658 0.4258693 0.6405976 2.638817 0.369143 0.6588495 1.936941 0.5506077 0.8006712 2.56651 0.4057288 0.7208154 1.92209 0.5368093 0.8707404 2.474257 0.1572833 0.1851026 2.4022 0.1801833 0.1053227 2.412168 0.1459169 0.0281155 2.34591 0.243962 0.02481947 2.498178 0.09234519 -0.488699 2.413949 0.2384212 -0.43582 2.668992 0.04469525 -0.8857359 2.454693 0.1650776 -0.8286537 2.760679 0.119981 -0.9496011 2.410145 0.1806567 -0.9058304 2.71022
0.1201677 0.756285 2.369884 0.08916106 0.587101 2.343721 0.03698041 0.3828559 2.271815 0.230446 0.4621041 2.614578 0.1914201 0.4741596 2.044007 0.4265713 0.6394162 2.639667 0.3672324 0.6564683 1.938436 0.5703219 0.8380821 2.514377 0.4037819 0.7188014 1.925107 0.5648819 0.9197029 2.415632 0.1575781 0.1838653 2.402582 0.1805406 0.103892 2.412623 0.1458102 0.02729013 2.34716 0.2442916 0.02473884 2.497735 0.09314664 -0.4874815 2.413698 0.2461255 -0.4008065 2.655118 0.0447939 -0.8853276 2.454888 0.1669638 -0.8127474 2.759042 0.1203887 -0.9492848 2.410596 0.2132764 -0.8789569 2.831418
0.1195105 0.7556106 2.369824 0.08923624 0.5862861 2.343649 0.03664643 0.3826771 2.27178 0.2304959 0.4612457 2.614479 0.1914807 0.4691473 2.042132 0.4271589 0.6376061 2.640813 0.3663071 0.6553335 1.942623 0.5556128 0.8338854 2.529274 0.4023291 0.7187045 1.933373 0.5418144 0.9039546 2.437021 0.1576821 0.1831876 2.402771 0.1806313 0.1033359 2.412792 0.1457079 0.02718694 2.347378 0.2445761 0.02432466 2.497575 0.0930715 -0.4875929 2.413729 0.242464 -0.4178272 2.661915 0.0447497 -0.8851565 2.454652 0.1661529 -0.8301393 2.761442 0.1201643 -0.9493478 2.41039 0.2074604 -0.8880888 2.806062
0.1180181 0.7537478 2.368948 0.0899317 0.5841958 2.344521 0.03635545 0.3822453 2.271696 0.2311516 0.4591292 2.615313 0.1917737 0.4625973 2.039976 0.4286633 0.6341915 2.64283 0.3644854 0.6544462 1.949051 0.5393552 0.7911874 2.576591 0.3981544 0.7196521 1.945359 0.5167399 0.8487514 2.488526 0.1519025 0.1812955 2.40069 0.1718666 0.1013994 2.409255 0.1310138 0.02712754 2.341712 0.2342619 0.02086905 2.491914 0.09266195 -0.4878872 2.414023 0.2387431 -0.4393808 2.664429 0.04480957 -0.885728 2.454684 0.1673998 -0.8312669 2.755806 0.1202022 -0.9496318 2.41013 0.2012056 -0.9080428 2.707817
0.1167732 0.7514828 2.369265 0.09124371 0.5815665 2.345325 0.03592943 0.38227 2.271377 0.2324274 0.4564781 2.616083 0.1908559 0.4468062 2.033772 0.4209684 0.5846052 2.661034 0.3572371 0.6501155 1.960189 0.5233876 0.8059655 2.532845 0.3890685 0.7090483 1.953944 0.5150073 0.887745 2.434532 0.1494904 0.1777836 2.399898 0.1690234 0.09767722 2.408219 0.1275618 0.02580442 2.341192 0.2321663 0.01660838 2.489918 0.09271508 -0.4877708 2.414107 0.2420394 -0.4234097 2.66158 0.04477904 -0.8856984 2.454719 0.1666091 -0.8293051 2.755856 0.1202135 -0.9496359 2.410112 0.2046289 -0.8979638 2.830747
0.1155588 0.7479616 2.36872 0.09270983 0.5778853 2.34698 0.03599255 0.3813593 2.270819 0.2338617 0.452777 2.617708 0.1905461 0.4400906 2.031247 0.4223272 0.5822898 2.66192 0.3275281 0.6112031 1.978655 0.5173718 0.8063637 2.532646 0.3637843 0.6917773 1.972649 0.5082591 0.8874798 2.434692 0.1486547 0.1758958 2.398798 0.168076 0.09596694 2.406723 0.1251524 0.02309092 2.344214 0.2299221 0.02587942 2.472271 0.09268519 -0.4877825 2.414149 0.2512605 -0.3705387 2.642369 0.0444755 -0.8867036 2.455204 0.1785339 -0.7849281 2.742337 0.1202501 -0.9495504 2.411168 0.2063626 -0.8688488 2.805198
0.1143704 0.7428517 2.368241 0.09394153 0.5728195 2.349508 0.03439233 0.381165 2.269316 0.2350684 0.4476913 2.620213 0.186698 0.4258617 2.032107 0.4174221 0.5637711 2.668532 0.3230827 0.609924 1.98544 0.4898722 0.7563082 2.555957 0.3453261 0.6742216 1.988516 0.5030969 0.8148538 2.513573 0.1474748 0.1567992 2.399925 0.166737 0.07329692 2.407412 0.1190872 0.01749704 2.353732 0.2331621 0.008339614 2.465593 0.09261884 -0.4877988 2.414183 0.249504 -0.3831945 2.646372 0.04412593 -0.8861676 2.455667 0.1751077 -0.797088 2.747025 0.1201762 -0.9494888 2.411211 0.21001 -0.8764043 2.812297
0.1152767 0.7338697 2.365978 0.09430208 0.565289 2.356231 0.02826585 0.3822316 2.267492 0.2354068 0.4401466 2.626913 0.1766161 0.4088887 2.037717 0.4231026 0.5684774 2.666134 0.3082955 0.6010066 2.006121 0.4642891 0.7857953 2.517524 0.3275551 0.664057 2.012048 0.4775135 0.8443394 2.475142 0.1478442 0.1517312 2.401065 0.1672737 0.06919121 2.407902 0.1175715 0.01464892 2.357556 0.2355753 0.003257896 2.463531 0.09248029 -0.4880032 2.414258 0.2447284 -0.4106945 2.65257 0.04426932 -0.8871174 2.455667 0.1707484 -0.8243707 2.754198 0.1202448 -0.949669 2.410913 0.2039786 -0.9121829 2.731
0.1145577 0.7217731 2.36671 0.09749934 0.5552751 2.368589 0.02522177 0.3821397 2.266259 0.2385876 0.430124 2.639254 0.1727063 0.3857524 2.039706 0.4237156 0.5685662 2.6657 0.2959838 0.5904986 2.0198 0.4615444 0.783106 2.516477 0.3131259 0.6610502 2.031084 0.3939725 0.7852172 2.487697 0.1488288 0.1476977 2.402853 0.1681178 0.06631581 2.408647 0.1162801 0.01128919 2.363168 0.2379678 0.001213876 2.460528 0.09253763 -0.487943 2.414248 0.2460867 -0.396476 2.643575 0.04350868 -0.8883981 2.457011 0.1702568 -0.8151546 2.726609 0.1202595 -0.9496717 2.410932 0.2026913 -0.8864678 2.801659
0.1179129 0.7185478 2.365936 0.09939547 0.5528598 2.370329 0.02277562 0.3823639 2.265563 0.240481 0.4277053 2.640992 0.1877591 0.3644252 2.026466 0.4115407 0.5369428 2.673107 0.2863231 0.5884649 2.03391 0.435574 0.7376655 2.525797 0.3007626 0.6589628 2.048752 0.375243 0.7655122 2.494436 0.1500546 0.1455019 2.403626 0.1691714 0.06449693 2.408958 0.1159646 0.009812886 2.364634 0.2407573 -0.0008154819 2.459047 0.09251169 -0.4870912 2.414245 0.2483593 -0.3894617 2.646081 0.04358743 -0.8877344 2.456618 0.1730408 -0.8009198 2.753978 0.1201479 -0.9495807 2.410968 0.204726 -0.8908626 2.805715
0.1194594 0.7143818 2.365655 0.1012405 0.5487368 2.370347 0.02226304 0.382668 2.264812 0.2423245 0.4235779 2.641008 0.1786221 0.3384195 2.023057 0.4074365 0.5314869 2.673006 0.2717273 0.5680742 2.04046 0.3999821 0.6982149 2.55065 0.2864434 0.638714 2.054324 0.3347903 0.7165892 2.522169 0.1536707 0.1412604 2.404263 0.1731994 0.06050644 2.409427 0.1189287 0.006369081 2.366444 0.2454589 -0.003728789 2.458212 0.09272426 -0.4862585 2.4143 0.2473432 -0.3927081 2.645587 0.04356661 -0.8871173 2.456733 0.1675506 -0.8070176 2.741688 0.1199897 -0.9493417 2.411353 0.2059487 -0.8744533 2.817515
0.1190879 0.7120656 2.367106 0.1016663 0.5459297 2.370301 0.02163917 0.3828627 2.264257 0.2427489 0.4207686 2.640962 0.1738198 0.3301486 2.021414 0.4017467 0.5258182 2.673406 0.2669476 0.5649049 2.043153 0.4009051 0.6942982 2.553526 0.2822839 0.635538 2.056364 0.3357132 0.7126728 2.525045 0.1546129 0.1422044 2.403708 0.1747601 0.06285591 2.408336 0.125169 0.006538995 2.356856 0.2465685 -0.004153487 2.46115 0.09275538 -0.4865901 2.414398 0.2474517 -0.3964319 2.646116 0.04354641 -0.8875537 2.456819 0.1706295 -0.8092793 2.748883 0.1201345 -0.9494985 2.411328 0.207603 -0.8881729 2.813545
0.1192746 0.7115823 2.367385 0.1023156 0.5452146 2.3699 0.02094651 0.3831442 2.2639 0.2433975 0.4200531 2.64056 0.1735342 0.3297103 2.02152 0.4015255 0.5252118 2.673842 0.2633995 0.5619522 2.042921 0.3919389 0.7393829 2.52304 0.2707983 0.6334306 2.058251 0.3267464 0.7577575 2.494558 0.155931 0.1414908 2.403499 0.1761447 0.06211016 2.408134 0.1257266 0.005635989 2.357371 0.2485333 -0.005008285 2.461105 0.09320977 -0.4847978 2.413993 0.2464602 -0.3996383 2.643706 0.04453457 -0.8805612 2.453722 0.1691487 -0.8127264 2.745443 0.1181863 -0.9480063 2.411309 0.1948314 -0.9115787 2.757366
0.1197734 0.7103528 2.365885 0.1030113 0.544423 2.37016 0.02043882 0.3838684 2.263118 0.2440925 0.4192613 2.64082 0.1715596 0.3279752 2.020329 0.4013015 0.5256772 2.6743 0.2622366 0.5609388 2.042126 0.385326 0.7436281 2.502985 0.2693503 0.6324354 2.05751 0.3201327 0.7620029 2.474503 0.1565004 0.141028 2.403301 0.1766657 0.06166208 2.407832 0.1258158 0.005385019 2.357482 0.2491453 -0.005667258 2.460629 0.09320425 -0.4853716 2.413936 0.2462988 -0.4002271 2.642841 0.04444165 -0.8877945 2.456805 0.1714799 -0.8138212 2.74446 0.1190511 -0.9492349 2.410607 0.2032646 -0.8853619 2.819589
0.1206825 0.7102777 2.365989 0.1033015 0.5443906 2.370211 0.01946244 0.3835127 2.262894 0.2443822 0.4192287 2.640871 0.1837784 0.3569338 2.024181 0.4010024 0.5260839 2.675105 0.2638248 0.5608397 2.040434 0.3852706 0.7436396 2.503219 0.2728153 0.6320762 2.056045 0.3200764 0.7620147 2.474736 0.1553434 0.1418185 2.402611 0.1746129 0.06282948 2.40668 0.1201883 0.005739363 2.356292 0.2478592 -0.004620491 2.459843 0.09476236 -0.4819973 2.412994 0.2361324 -0.4495373 2.664219 0.04485058 -0.8832756 2.455695 0.1674286 -0.8284149 2.7535 0.1189789 -0.9486687 2.410951 0.2073269 -0.8943369 2.829891
0.1212061 0.7108739 2.366689 0.1031425 0.5448077 2.369992 0.01929191 0.3834744 2.262815 0.2442229 0.4196456 2.640651 0.1774376 0.3898693 2.035617 0.4003215 0.5270882 2.675786 0.2966281 0.6309525 2.03898 0.3859522 0.7446495 2.50378 0.3363582 0.7113135 2.044651 0.3207568 0.7630249 2.475297 0.154396 0.1447193 2.400661 0.1735544 0.06625858 2.404317 0.1195324 0.005640707 2.35714 0.2447638 0.0173026 2.444908 0.09479059 -0.4823608 2.413083 0.2465526 -0.402929 2.644095 0.045138 -0.8831496 2.454647 0.1700401 -0.8150641 2.749398 0.1192283 -0.9491401 2.410716 0.2049459 -0.8879641 2.821793
0.1219598 0.7118051 2.367621 0.1028227 0.5455921 2.369915 0.01898625 0.3832428 2.263159 0.2439029 0.4204296 2.640574 0.1733948 0.3882714 2.036142 0.4033238 0.5334226 2.67914 0.2914912 0.5852888 2.017879 0.4542621 0.7022449 2.572888 0.3080429 0.6537619 2.038778 0.3890671 0.7206202 2.544405 0.1541127 0.1447617 2.400718 0.1732505 0.06617351 2.404413 0.1184778 0.006066431 2.357868 0.2443335 0.01189165 2.448555 0.094672 -0.4823618 2.413111 0.2447672 -0.4087979 2.64957 0.04491974 -0.8834527 2.454916 0.1682338 -0.8219559 2.751653 0.1192334 -0.9490443 2.41076 0.2078193 -0.8949463 2.816503
0.1230712 0.7182499 2.366394 0.1008345 0.5515845 2.365309 0.01885697 0.383488 2.263375 0.2419137 0.4264214 2.635968 0.1714266 0.3914454 2.036114 0.4106167 0.5472629 2.683331 0.2952459 0.5886006 2.011246 0.4591617 0.7159836 2.575619 0.3102069 0.6400772 2.01671 0.3939669 0.734359 2.547136 0.1524076 0.1515981 2.399746 0.1716868 0.07295458 2.404185 0.1187367 0.01058977 2.353351 0.2421878 0.01120107 2.459497 0.09407053 -0.4827255 2.413189 0.2413637 -0.4169271 2.65129 0.04484707 -0.8821572 2.453722 0.1654152 -0.8301213 2.75363 0.1190285 -0.9487273 2.410822 0.2076499 -0.8956261 2.81553
0.1230656 0.7262075 2.365448 0.101945 0.5584359 2.360065 0.02422088 0.3806117 2.265268 0.2430236 0.4332723 2.630725 0.1799936 0.4158443 2.025359 0.4150811 0.572783 2.681315 0.3079693 0.6029369 1.993607 0.48518 0.7581348 2.567007 0.3328781 0.6662288 1.990286 0.419985 0.7765101 2.538524 0.1506369 0.1571495 2.39872 0.1694613 0.07823095 2.403862 0.1184366 0.01322808 2.349329 0.2376835 0.01090146 2.466985 0.09361946 -0.4832595 2.413209 0.239338 -0.4247026 2.654471 0.04472652 -0.8821571 2.453996 0.1657147 -0.831203 2.753296 0.1189126 -0.9485291 2.410794 0.2087179 -0.8960831 2.809951
0.1202966 0.7327379 2.365105 0.1008375 0.5641348 2.35658 0.02589537 0.3800213 2.266341 0.2419158 0.4389711 2.627239 0.1823777 0.4276127 2.025383 0.4135024 0.5762861 2.682251 0.3093291 0.5999022 1.983804 0.4983276 0.7751199 2.574345 0.3530427 0.6929241 1.974774 0.4331346 0.7934946 2.545863 0.1546592 0.1646333 2.399767 0.1750128 0.08651613 2.406216 0.1300123 0.01811242 2.347265 0.2428204 0.01456191 2.476664 0.09317257 -0.4822053 2.412992 0.2391773 -0.4234521 2.654821 0.04473472 -0.8803652 2.452688 0.1664227 -0.830385 2.758822 0.1186122 -0.9481445 2.411174 0.2025864 -0.9033088 2.757946
0.1188371 0.7393298 2.366349 0.09837245 0.5699061 2.35243 0.0295564 0.3791282 2.268428 0.2394506 0.4447424 2.623089 0.1846265 0.4555032 2.03489 0.4210314 0.6319976 2.66404 0.3262369 0.6245678 1.959941 0.5096045 0.7935145 2.574609 0.3735137 0.7112716 1.948568 0.5391289 0.8473535 2.549348 0.1554277 0.16643 2.399995 0.1760831 0.08789039 2.406904 0.133436 0.01893437 2.347298 0.2432242 0.01510071 2.479138 0.09283868 -0.4827318 2.412971 0.237155 -0.4305346 2.656852 0.04483192 -0.8832189 2.453126 0.1650265 -0.8365694 2.753216 0.119586 -0.949203 2.41031 0.1993937 -0.9090332 2.752256
0.1172288 0.7461109 2.368323 0.09456985 0.5760062 2.347369 0.03149093 0.3794276 2.269878 0.2454563 0.4965489 2.647559 0.183005 0.4660642 2.037747 0.4195538 0.6335057 2.661884 0.3488253 0.6624159 1.943 0.5535744 0.8532841 2.568466 0.3834533 0.7271634 1.940261 0.598248 0.9265436 2.541876 0.1568379 0.1781242 2.402702 0.1788861 0.1010158 2.411992 0.1376384 0.02451252 2.350442 0.2465717 0.02428509 2.489475 0.09243575 -0.4829564 2.413149 0.2372207 -0.4296438 2.656623 0.04452439 -0.8831944 2.453349 0.1649981 -0.8291728 2.753756 0.1193932 -0.9489858 2.410433 0.2061856 -0.8981832 2.803168
0.1158462 0.7528486 2.369202 0.09048755 0.5827163 2.34435 0.03324071 0.38289 2.270243 0.2445944 0.498004 2.647495 0.1836605 0.4819729 2.042987 0.420485 0.6444155 2.657255 0.3544321 0.6693638 1.93795 0.5628945 0.8519981 2.574032 0.3948025 0.7290854 1.923718 0.6103643 0.9211923 2.55084 0.1571836 0.1870709 2.40406 0.1799921 0.109796 2.414111 0.1409874 0.0298062 2.350236 0.2481301 0.02965116 2.496778 0.09210361 -0.4833086 2.41341 0.236791 -0.4299933 2.656454 0.04463814 -0.8827988 2.454122 0.1649165 -0.8298601 2.754665 0.1195411 -0.948505 2.411134 0.1892105 -0.9080108 2.733308
0.1153446 0.7571863 2.370106 0.08860173 0.5869855 2.341904 0.03420909 0.3839772 2.270529 0.2437514 0.5002346 2.646715 0.183709 0.4865577 2.044339 0.4220724 0.6517453 2.654966 0.3562031 0.6705962 1.935776 0.5707976 0.8538912 2.576637 0.3978079 0.7289349 1.919504 0.6203727 0.9212732 2.555077 0.1582175 0.1934213 2.405025 0.1816273 0.11649 2.415802 0.1449338 0.03385176 2.350869 0.2497378 0.03417379 2.501692 0.0916064 -0.4842124 2.413859 0.2375451 -0.4277508 2.656923 0.04464908 -0.8827541 2.454161 0.1646545 -0.8295572 2.755638 0.119501 -0.9484858 2.411116 0.213592 -0.8912632 2.830297
0.1146959 0.7586424 2.37082 0.08755162 0.5884184 2.341449 0.03458019 0.3842302 2.270947 0.2428678 0.5002375 2.646275 0.1833877 0.4878711 2.04478 0.4216471 0.6521651 2.654576 0.3562308 0.670784 1.934673 0.575453 0.8592703 2.577823 0.3980925 0.7289665 1.918495 0.6267217 0.9283054 2.556789 0.1581261 0.1957849 2.405556 0.1817045 0.1188978 2.4165 0.1462965 0.03488977 2.350688 0.2495867 0.03510731 2.504333 0.09130839 -0.4849051 2.414469 0.2384593 -0.4253247 2.658782 0.04479145 -0.8815112 2.453817 0.1663653 -0.8274028 2.762218 0.1074722 -0.9432945 2.411801 0.1944289 -0.9095301 2.734073
0.1145126 0.759075 2.370943 0.08771142 0.5887704 2.341267 0.03483503 0.3842928 2.271245 0.2429226 0.5000763 2.646076 0.1829926 0.4880819 2.044664 0.4213098 0.6525484 2.654296 0.3554779 0.6711236 1.934146 0.575996 0.8591408 2.578713 0.3991727 0.7319704 1.916757 0.6275581 0.9280049 2.558069 0.1584121 0.195873 2.406427 0.182021 0.1188014 2.417775 0.1473022 0.03462102 2.352213 0.249785 0.03365085 2.507436 0.09117663 -0.4857574 2.414794 0.2384092 -0.4226121 2.659088 0.0441135 -0.8841254 2.455064 0.1667144 -0.8281178 2.761394 0.1128965 -0.9454311 2.412488 0.2112072 -0.8904208 2.813005
0.1145083 0.7593263 2.374356 0.0876485 0.5888412 2.341235 0.03496327 0.3842092 2.271307 0.2427054 0.4996999 2.645935 0.1826709 0.4878468 2.044307 0.420225 0.6508774 2.654711 0.3551583 0.6711687 1.934309 0.5757895 0.8580182 2.579693 0.3963795 0.7298676 1.918342 0.6276444 0.9270652 2.559236 0.1585577 0.1952026 2.406561 0.182257 0.1176427 2.417944 0.1472611 0.03445683 2.353192 0.2500466 0.0338942 2.506093 0.09096529 -0.4869173 2.415047 0.2383998 -0.4222243 2.658947 0.04403216 -0.8843635 2.45507 0.1667796 -0.8287066 2.762022 0.113815 -0.9460343 2.412034 0.2108265 -0.8900155 2.812873
0.1132275 0.7592737 2.373703 0.08753353 0.5886289 2.341176 0.03500606 0.3840873 2.271366 0.2427775 0.4995185 2.645901 0.1816117 0.4845623 2.041951 0.4202531 0.6503457 2.654725 0.3537231 0.6700493 1.935473 0.5756116 0.8562535 2.580009 0.3946109 0.7294291 1.921258 0.6273978 0.9248894 2.559653 0.1584737 0.1968392 2.406533 0.1821329 0.1202558 2.417837 0.1476107 0.03507788 2.352056 0.2503939 0.03493746 2.507564 0.09084712 -0.4874266 2.415115 0.2388688 -0.4213478 2.660324 0.04442119 -0.8861476 2.455082 0.1671644 -0.8286329 2.76104 0.1165703 -0.9479769 2.412007 0.2021372 -0.9124174 2.752081
0.1112573 0.7590954 2.373977 0.0875728 0.588125 2.34081 0.03504845 0.3836445 2.271477 0.243136 0.4989808 2.645534 0.1805028 0.4810975 2.039761 0.4214124 0.6492423 2.656899 0.3519862 0.668853 1.936729 0.5743313 0.8545039 2.580754 0.3923281 0.7288914 1.92377 0.6253042 0.9229244 2.559922 0.1587039 0.195996 2.406542 0.1823951 0.1191241 2.417883 0.1473199 0.03440088 2.353556 0.2510332 0.03571455 2.505526 0.09087128 -0.4874028 2.41517 0.2390497 -0.421162 2.660335 0.04448536 -0.8859361 2.455208 0.1618921 -0.8387403 2.74718 0.1168531 -0.94798 2.411675 0.187076 -0.9156663 2.703281
0.1101419 0.759034 2.373959 0.08817706 0.5877981 2.340065 0.03490701 0.3829401 2.271892 0.2416328 0.4915636 2.637861 0.1792077 0.4781358 2.0383 0.4211653 0.6450819 2.659576 0.3502037 0.6681131 1.939092 0.5736383 0.8535455 2.580284 0.3889762 0.7296308 1.928489 0.6244627 0.9230334 2.558403 0.1591574 0.1945464 2.406028 0.1827621 0.1171132 2.417273 0.1471379 0.03393506 2.353915 0.2513046 0.03581237 2.502895 0.09112255 -0.4872075 2.415202 0.2407437 -0.4135407 2.659352 0.04450224 -0.8857617 2.455309 0.1633549 -0.8319802 2.742859 0.1170687 -0.9480249 2.411559 0.1859142 -0.918601 2.701658
0.1088133 0.7591636 2.373026 0.08823347 0.5877804 2.339908 0.03500859 0.3822947 2.271918 0.2406811 0.4900723 2.636331 0.1786035 0.474991 2.036698 0.4214622 0.6428097 2.661345 0.3483611 0.6687255 1.943652 0.5710719 0.8516083 2.57919 0.3858938 0.7314233 1.935865 0.6209418 0.9212078 2.556355 0.1591057 0.1927545 2.405557 0.182595 0.1145159 2.416673 0.146718 0.03324094 2.354336 0.2507558 0.03527462 2.500447 0.09129979 -0.487175 2.415165 0.2409199 -0.413462 2.659402 0.04449553 -0.8857325 2.455323 0.1637402 -0.8318166 2.743414 0.1172289 -0.9479599 2.411711 0.1977208 -0.894005 2.780985
0.1093601 0.7581441 2.370097 0.08862998 0.5869191 2.339855 0.03469145 0.3820707 2.271492 0.2403254 0.4873558 2.635524 0.1786187 0.4694372 2.034201 0.4219583 0.6401221 2.662394 0.3454969 0.668735 1.94921 0.562683 0.8500308 2.572201 0.3815161 0.7324681 1.942788 0.6095912 0.9200003 2.546687 0.1590276 0.1923995 2.405239 0.1824288 0.114231 2.416272 0.1458957 0.03294935 2.354271 0.2506154 0.0369123 2.498116 0.09140102 -0.4878009 2.415442 0.2366519 -0.4492158 2.668789 0.04462434 -0.8872259 2.456059 0.1604126 -0.8489113 2.747543 0.1174885 -0.9485498 2.411561 0.2037137 -0.8910097 2.805275
0.1098337 0.7565303 2.369197 0.08864852 0.5854544 2.340516 0.03476921 0.3811634 2.271085 0.2436026 0.4705584 2.636641 0.1788352 0.4655706 2.032676 0.4224045 0.6362465 2.664644 0.3421364 0.6717876 1.960132 0.5417185 0.8537539 2.563408 0.3739735 0.7380006 1.958418 0.5814899 0.9262563 2.534213 0.1599447 0.1888768 2.40519 0.1835396 0.1103526 2.415952 0.146614 0.03036211 2.354481 0.2516969 0.03422779 2.497016 0.09133933 -0.4882669 2.415706 0.2366253 -0.4480309 2.669911 0.04469073 -0.8875526 2.456041 0.1639735 -0.8399184 2.754303 0.1178335 -0.9490071 2.411424 0.2040104 -0.8958353 2.795581
0.1083629 0.7533717 2.368718 0.08964941 0.5820805 2.341141 0.03383137 0.379811 2.270463 0.2458468 0.4638764 2.63668 0.1767529 0.4539726 2.027487 0.4042848 0.5853084 2.685913 0.3322378 0.6707259 1.975044 0.5089911 0.813562 2.574288 0.3499663 0.7138178 1.974564 0.4437869 0.8319399 2.545801 0.1559001 0.1882873 2.403209 0.1771007 0.1104242 2.412754 0.1324933 0.02951901 2.348205 0.246925 0.03431034 2.494458 0.09136624 -0.4880503 2.415587 0.2377845 -0.4431916 2.669222 0.04639465 -0.8820536 2.451785 0.1633449 -0.8402637 2.753294 0.1178937 -0.9490246 2.411409 0.1898486 -0.9164183 2.730802
0.1075003 0.7500265 2.366028 0.09119002 0.5788633 2.342787 0.03397487 0.3777146 2.268518 0.2478485 0.4597575 2.637983 0.1769144 0.4490319 2.02459 0.437295 0.6441766 2.663779 0.3240487 0.673694 1.987611 0.4864514 0.8367687 2.545675 0.3331627 0.7042124 1.990055 0.4212459 0.855147 2.517187 0.1523616 0.1820907 2.40193 0.172523 0.1032047 2.410875 0.128932 0.02896655 2.348333 0.2402401 0.02216685 2.487799 0.09146915 -0.4873416 2.415582 0.240821 -0.4222653 2.658406 0.0463043 -0.882032 2.451874 0.1644375 -0.8343927 2.754829 0.1182312 -0.9490634 2.410745 0.1870294 -0.9152681 2.714081
0.10613 0.7456164 2.364466 0.09578978 0.5744532 2.345404 0.03364716 0.3770102 2.2669 0.2527862 0.4548475 2.640179 0.17208 0.4382631 2.02512 0.4348829 0.6421522 2.662261 0.2886095 0.6240767 2.012973 0.4804887 0.8279878 2.546106 0.3092507 0.6945249 2.016459 0.4152825 0.8463661 2.517618 0.1517036 0.1809665 2.401637 0.1714619 0.1022093 2.410337 0.1258554 0.02873288 2.34719 0.2394989 0.0198912 2.487498 0.09147643 -0.4876141 2.41559 0.2407733 -0.4218653 2.658453 0.04577968 -0.884137 2.453352 0.1667062 -0.8366488 2.757164 0.1183279 -0.9493701 2.410569 0.2120281 -0.8866656 2.800497
0.1075857 0.7427736 2.362063 0.09687375 0.5721571 2.346889 0.0285782 0.3824462 2.26132 0.2539195 0.4524315 2.641453 0.1615011 0.4228158 2.030815 0.4198385 0.6638357 2.635872 0.2808886 0.6165776 2.016674 0.4691636 0.8312945 2.526173 0.2992534 0.6870449 2.026595 0.4039565 0.8496732 2.497685 0.1534192 0.1840336 2.401315 0.1741748 0.1084558 2.409423 0.1308475 0.03171279 2.339705 0.2450704 0.01890604 2.494176 0.09144665 -0.4875454 2.41558 0.2409782 -0.4213576 2.659682 0.04578013 -0.8840821 2.453306 0.16682 -0.8357559 2.757257 0.1182865 -0.9493998 2.410566 0.2101879 -0.8875098 2.817872
0.1113164 0.7361313 2.358152 0.09898973 0.5670031 2.351008 0.02711136 0.3833509 2.25985 0.2560787 0.4471712 2.645303 0.1264201 0.385052 2.055657 0.4179628 0.6620705 2.63535 0.2462702 0.5590355 2.023371 0.4117065 0.8276708 2.511071 0.2697645 0.6544848 2.038343 0.3464997 0.8460493 2.482583 0.1539491 0.1827951 2.400851 0.1745965 0.1071999 2.408526 0.1307611 0.03095997 2.339359 0.2461432 0.01759231 2.491487 0.09159865 -0.4873966 2.415319 0.2385189 -0.4336539 2.662531 0.04529247 -0.8853362 2.454177 0.1640856 -0.8466696 2.748617 0.1185972 -0.94947 2.410779 0.2084004 -0.8903555 2.815767
0.1141059 0.7325529 2.356187 0.1023494 0.5640948 2.352493 0.02644708 0.3839684 2.259136 0.2594906 0.4441694 2.646673 0.1261306 0.3853514 2.055683 0.4155204 0.6636449 2.63244 0.242307 0.561688 2.028122 0.4100239 0.8295416 2.508564 0.2614798 0.6574427 2.046831 0.3448175 0.8479202 2.480076 0.1543371 0.1821612 2.400156 0.1746553 0.1065837 2.407418 0.1300179 0.0299217 2.338782 0.2464289 0.0173363 2.4883 0.09152213 -0.4872348 2.415167 0.2491831 -0.3869488 2.642036 0.04543825 -0.8855988 2.454113 0.1742383 -0.8026692 2.737163 0.1187238 -0.9496349 2.410848 0.2052921 -0.8812259 2.80529
0.1189084 0.7321362 2.354068 0.1108024 0.5642914 2.354014 0.02286431 0.3876403 2.256593 0.2679603 0.4443045 2.648073 0.1267131 0.3854439 2.054873 0.4187104 0.6675576 2.631555 0.2373929 0.561004 2.03204 0.3875097 0.8254009 2.500372 0.2556227 0.6568047 2.051439 0.3223038 0.8437791 2.471884 0.1573981 0.1844424 2.400456 0.1767753 0.1090308 2.407423 0.1305864 0.02975409 2.338933 0.2482004 0.01809122 2.488649 0.09151094 -0.4872258 2.415176 0.2428556 -0.4048949 2.646493 0.04549873 -0.8862901 2.454666 0.1716811 -0.8204143 2.744562 0.1187269 -0.9497422 2.410761 0.2114837 -0.8933659 2.813086
0.1182106 0.7318292 2.354299 0.1135138 0.563791 2.353992 0.01915057 0.3882494 2.253291 0.2706897 0.4437816 2.648011 0.123503 0.3809827 2.054591 0.4176767 0.541301 2.713874 0.2286322 0.5633907 2.038877 0.4085581 0.704799 2.586712 0.2467102 0.6592112 2.058316 0.3433529 0.7231771 2.558225 0.1553337 0.2143407 2.390549 0.170438 0.1537501 2.392662 0.1190782 0.04330148 2.326203 0.2488061 0.07737644 2.475934 0.09134749 -0.486774 2.415161 0.2433203 -0.4055053 2.648592 0.04566397 -0.8862258 2.454234 0.1688671 -0.8206164 2.746138 0.1187478 -0.9498441 2.410583 0.2113891 -0.8940448 2.813215
0.1114321 0.7300488 2.349281 0.115615 0.5633527 2.354288 0.01824003 0.3889453 2.252924 0.2727949 0.4433296 2.648281 0.1233171 0.379696 2.053712 0.4184913 0.5421982 2.714738 0.2261312 0.5640737 2.04233 0.4088828 0.7047669 2.5863 0.2441826 0.6598997 2.061763 0.3436783 0.7231448 2.557812 0.1555988 0.213489 2.390649 0.1712298 0.1485722 2.393644 0.1182807 0.04382085 2.325807 0.2508409 0.06432632 2.47751 0.09146229 -0.485737 2.414923 0.238528 -0.4256037 2.649948 0.04531302 -0.8855029 2.454653 0.1657679 -0.8333299 2.753761 0.1192949 -0.94958 2.410661 0.2043196 -0.9076645 2.746516
0.1104069 0.7306418 2.348045 0.1170101 0.5643786 2.354342 0.01680324 0.3885007 2.253263 0.2741875 0.4443432 2.648316 0.1234544 0.3792298 2.053319 0.4190479 0.5442467 2.714961 0.2253484 0.5638994 2.042258 0.4102615 0.7062554 2.585678 0.2433582 0.659732 2.061692 0.3450576 0.724633 2.557191 0.1559518 0.2122243 2.390773 0.1719148 0.1440696 2.394337 0.1172787 0.04415308 2.325557 0.2526201 0.05791805 2.478002 0.09158818 -0.4852209 2.414669 0.2374113 -0.4320139 2.65794 0.04519686 -0.8853694 2.455004 0.1651681 -0.8319433 2.754431 0.1192872 -0.9495606 2.41065 0.2001891 -0.9109616 2.741699
0.1090428 0.7307426 2.346807 0.1170626 0.5649081 2.354407 0.01515708 0.3939237 2.255714 0.2742405 0.444864 2.648371 0.12345 0.3791187 2.053469 0.4184545 0.5459318 2.714751 0.2257897 0.5639705 2.041552 0.4144942 0.7083905 2.585845 0.2437919 0.6598028 2.060989 0.3492909 0.726768 2.557358 0.1568873 0.2089416 2.3924 0.1737087 0.13755 2.397394 0.1203277 0.04384122 2.324306 0.2510156 0.009097225 2.499234 0.0914062 -0.48474 2.414549 0.2375134 -0.4292989 2.658002 0.04518458 -0.8853232 2.455057 0.1645514 -0.8262171 2.755715 0.1194656 -0.9496256 2.410476 0.2167826 -0.8877093 2.828305
0.1067505 0.7305971 2.344084 0.1160203 0.5655141 2.354008 0.01593328 0.3929503 2.255167 0.2731996 0.4454653 2.64796 0.121277 0.3875389 2.059367 0.4175748 0.5503859 2.709704 0.2304549 0.5650643 2.037504 0.4250965 0.7146629 2.583596 0.2484229 0.6608973 2.056963 0.359894 0.7330403 2.555109 0.156105 0.1816794 2.394037 0.1738337 0.09855689 2.400182 0.1200769 0.03837532 2.330899 0.2496588 0.004808064 2.484058 0.09120728 -0.4840304 2.413947 0.2374035 -0.428719 2.657966 0.04513939 -0.8853235 2.455065 0.1647773 -0.8258373 2.755758 0.1197269 -0.9498325 2.410378 0.2142186 -0.892777 2.816725
0.1081745 0.7329699 2.346558 0.1108077 0.567019 2.354394 0.02035341 0.3885496 2.255555 0.2679958 0.4469603 2.648325 0.1387357 0.4069088 2.045283 0.4095746 0.5711912 2.68643 0.2569246 0.6062638 2.024278 0.4299903 0.7997022 2.531307 0.2610293 0.6750506 2.050569 0.3647865 0.8180799 2.502821 0.1560281 0.1827607 2.394564 0.1745511 0.1031351 2.401325 0.1238382 0.03383984 2.335127 0.2490399 0.0315957 2.479574 0.09086865 -0.4846297 2.413904 0.2367906 -0.4312597 2.660069 0.04514523 -0.8853043 2.455144 0.1649173 -0.8283813 2.756871 0.1196833 -0.9498941 2.410266 0.2040061 -0.88978 2.790596
0.1086517 0.7362763 2.350155 0.1071777 0.5689002 2.352866 0.02313223 0.38389 2.258982 0.2643636 0.4488381 2.646785 0.1596659 0.4308026 2.036346 0.4085338 0.5711599 2.682769 0.2631941 0.6061715 2.019965 0.4764147 0.7428115 2.59418 0.2932134 0.6989973 2.032203 0.411213 0.7611886 2.565694 0.1563042 0.1838187 2.394935 0.1755729 0.1057592 2.402029 0.1269851 0.03153941 2.337364 0.2494918 0.03343036 2.479733 0.09079557 -0.4849975 2.413713 0.2364603 -0.4324944 2.660388 0.04451827 -0.8877082 2.456462 0.1634997 -0.8403612 2.748429 0.1197502 -0.9499246 2.410386 0.1923308 -0.9109212 2.723224
0.108847 0.7389374 2.353735 0.100962 0.570404 2.350919 0.02533421 0.3797916 2.263686 0.2581471 0.450338 2.644827 0.1636243 0.4359809 2.036714 0.403357 0.5720034 2.679674 0.2749637 0.6052965 2.00423 0.4841531 0.7423303 2.601619 0.3065066 0.6994879 2.008534 0.4978191 0.828517 2.553968 0.1565444 0.1844604 2.395294 0.1766498 0.1073356 2.402751 0.1326064 0.02924409 2.340856 0.2497979 0.03579875 2.479733 0.09044963 -0.4858234 2.413929 0.2368961 -0.4288668 2.656941 0.04461457 -0.8881741 2.456598 0.1643299 -0.839497 2.749448 0.1197941 -0.9500834 2.410322 0.2099918 -0.8958123 2.811413
