0.1694241 0.6060157 2.225857 0.1246549 0.4415013 2.266562 -0.007751253 0.3372558 2.17852 0.3124139 0.4630309 2.374702 -0.1094366 0.4631375 1.966136 0.4429066 0.5901952 2.292955 -0.06198549 0.6507123 1.832375 0.5039733 0.7498079 2.177029 -0.04077539 0.7116434 1.810727 0.5163701 0.8101626 2.148137 0.1471916 0.1460889 2.277293 0.1594251 0.08892104 2.269963 0.09033923 -0.006985358 2.218749 0.2458129 0.007654067 2.317511 0.04705392 -0.4766242 2.316164 0.2196341 -0.4969786 2.489151 0.02797151 -0.8715993 2.391256 0.1799801 -0.8563518 2.569649 0.05836502 -0.9395882 2.400819 0.2196657 -0.9228019 2.578905
0.1687761 0.6064647 2.226353 0.1251286 0.4416332 2.266728 -0.007176331 0.3381956 2.178266 0.3124665 0.4633048 2.374512 -0.1093593 0.4631901 1.966554 0.4420985 0.5907764 2.293068 -0.06189521 0.6508365 1.834031 0.5026996 0.7513001 2.177133 -0.04134161 0.7122552 1.813148 0.5147559 0.8123404 2.149574 0.1481245 0.1469195 2.277378 0.1602101 0.08972574 2.270256 0.09160893 -0.006120778 2.218785 0.2463051 0.008270342 2.317832 0.04710622 -0.4764918 2.316023 0.2202589 -0.489621 2.485582 0.02834366 -0.8712527 2.390201 0.1787291 -0.8670282 2.575265 0.06974434 -0.9154896 2.325922 0.2225189 -0.9279177 2.578786
0.168525 0.6064092 2.226563 0.1252822 0.4415108 2.266578 -0.00728372 0.3385298 2.1782 0.3137583 0.4658289 2.374749 -0.1094015 0.4624013 1.967257 0.4428991 0.5919507 2.29296 -0.06185555 0.6506341 1.834382 0.5022137 0.7518085 2.177431 -0.04156937 0.7121902 1.813651 0.5138127 0.8130107 2.150041 0.1480871 0.1476914 2.277149 0.1598672 0.0907213 2.270282 0.09102975 -0.005700185 2.218731 0.246175 0.008856592 2.31792 0.04643929 -0.4749558 2.314711 0.2203712 -0.4862983 2.483346 0.0277649 -0.8731367 2.390816 0.179402 -0.8672118 2.575963 0.05754618 -0.9418508 2.396169 0.2230492 -0.9281543 2.580223
0.1682389 0.6066769 2.226793 0.1254771 0.441816 2.266539 -0.007361341 0.3387899 2.178368 0.3137133 0.465858 2.374688 -0.111093 0.4590914 1.968318 0.4430465 0.5920002 2.293394 -0.06150537 0.6498642 1.834408 0.5023258 0.7517427 2.177185 -0.04173109 0.7116644 1.81392 0.51432 0.8125164 2.149029 0.1513648 0.1490665 2.277173 0.1639723 0.09220905 2.270555 0.09732313 -0.00478641 2.219096 0.2519807 0.011576 2.318134 0.04695136 -0.4730715 2.31347 0.220951 -0.4794872 2.479287 0.0291124 -0.8734495 2.389507 0.1821586 -0.8674222 2.575809 0.05772163 -0.9426988 2.3943 0.2236787 -0.9299695 2.576716
0.1694146 0.6069794 2.227124 0.1255913 0.441902 2.266726 -0.00748302 0.3390627 2.178565 0.3122351 0.4661279 2.374632 -0.1151942 0.4515929 1.968457 0.4469451 0.5884631 2.297797 -0.0700365 0.6044268 1.846553 0.5035865 0.7513527 2.175733 -0.04633548 0.6891661 1.819488 0.5152641 0.812483 2.148225 0.1533781 0.1493904 2.277485 0.1662896 0.09245647 2.271127 0.1012049 -0.005106115 2.219202 0.254229 0.01236051 2.319037 0.04730683 -0.4737351 2.313472 0.2214268 -0.4779331 2.478643 0.0299968 -0.8743036 2.390027 0.1797263 -0.8666441 2.571341 0.05885822 -0.9435546 2.392854 0.2230596 -0.9281629 2.578249
0.1704392 0.6073556 2.227896 0.1255914 0.4419178 2.266708 -0.008842552 0.33861 2.179575 0.3121083 0.4656663 2.375348 -0.1208225 0.4395469 1.970623 0.4511705 0.5840873 2.301023 -0.07078999 0.5957886 1.848143 0.5103648 0.7265224 2.178674 -0.04194535 0.6742351 1.821006 0.5193943 0.7859101 2.151049 0.1534865 0.1493641 2.277184 0.1661789 0.09233156 2.270974 0.1002786 -0.005686801 2.218975 0.2542229 0.01222991 2.318662 0.04731245 -0.4738643 2.31321 0.221716 -0.4767059 2.478104 0.02991362 -0.8739312 2.389697 0.1813854 -0.8659267 2.572031 0.05899832 -0.9431074 2.391964 0.2244648 -0.9285759 2.579124
0.1715989 0.6053356 2.22844 0.1255526 0.4409503 2.267321 -0.00926818 0.3377569 2.180545 0.313798 0.4121241 2.397832 -0.1266443 0.4273291 1.971559 0.4423795 0.556391 2.318241 -0.07065317 0.5850874 1.849622 0.5117775 0.7028712 2.187295 -0.03946525 0.6655308 1.822506 0.5278255 0.757697 2.148808 0.1516207 0.1454083 2.276018 0.1641712 0.0871716 2.269485 0.09741011 -0.008695928 2.217194 0.2512249 0.005156331 2.315807 0.04725017 -0.4740148 2.313074 0.2220132 -0.4753408 2.477469 0.03019629 -0.8696439 2.386776 0.1765986 -0.8498387 2.569242 0.0575136 -0.9394961 2.390054 0.2249378 -0.9272902 2.579206
0.1725551 0.6039885 2.22923 0.1255223 0.4401855 2.267677 -0.01178248 0.3359864 2.182713 0.3055544 0.4517703 2.388822 -0.1311749 0.4153628 1.972898 0.4534408 0.5598779 2.31657 -0.0678802 0.5812406 1.846888 0.5189667 0.691408 2.184581 -0.03652434 0.6518028 1.823958 0.5289928 0.7450801 2.146514 0.1493452 0.1445317 2.275898 0.1607424 0.08627491 2.26893 0.0910665 -0.009755916 2.21642 0.2463523 0.003661298 2.314483 0.0479088 -0.4750457 2.31407 0.2223299 -0.4767903 2.478585 0.0306582 -0.8689812 2.386944 0.1775686 -0.8464593 2.568207 0.05654828 -0.9394474 2.387615 0.2256923 -0.926011 2.580375
0.172662 0.6027718 2.2292 0.1255499 0.439722 2.268255 -0.01637691 0.3322866 2.184623 0.305909 0.4515798 2.389064 -0.1353702 0.4006433 1.974789 0.4635779 0.5471384 2.321754 -0.07122844 0.5400367 1.851319 0.5266151 0.6723405 2.181848 -0.03383425 0.6244413 1.824959 0.5344546 0.71214 2.150297 0.1483544 0.1439372 2.276003 0.1594616 0.0856606 2.268711 0.08846257 -0.01102308 2.216339 0.2452354 0.002754862 2.313659 0.04764908 -0.475931 2.313896 0.2224497 -0.4770915 2.478681 0.03077315 -0.8701683 2.387104 0.1789037 -0.8519742 2.568171 0.05697255 -0.9405163 2.388026 0.225482 -0.9261563 2.579576
0.1725135 0.6027561 2.229462 0.1251944 0.4391432 2.269196 -0.01678417 0.3303415 2.186312 0.3070865 0.4510704 2.389762 -0.1419214 0.374261 1.982273 0.4706615 0.5373001 2.324969 -0.07223592 0.5212163 1.854203 0.5351056 0.6542984 2.178123 -0.03341522 0.5926965 1.823635 0.5408043 0.6892094 2.150851 0.1482951 0.143935 2.276306 0.1595051 0.08577616 2.268793 0.08863728 -0.01100979 2.216473 0.2455376 0.002983081 2.313603 0.04777853 -0.4757155 2.313604 0.2224211 -0.4770026 2.478629 0.03132264 -0.8719163 2.387563 0.1810646 -0.8574869 2.569503 0.05749903 -0.9422772 2.38781 0.2249277 -0.928767 2.583063
0.1730823 0.6027347 2.229579 0.1251887 0.4391637 2.269249 -0.01466474 0.3214543 2.190897 0.3076859 0.4481039 2.392321 -0.1429758 0.3606035 1.986741 0.4940705 0.4772504 2.355654 -0.06972091 0.5082022 1.852837 0.5313298 0.619238 2.19548 -0.0314355 0.5790998 1.824943 0.5462785 0.6666503 2.153644 0.1483153 0.1437904 2.276394 0.1596891 0.08559998 2.268589 0.08915828 -0.01151699 2.216382 0.2460022 0.003281286 2.312839 0.04810411 -0.4757139 2.312609 0.2217733 -0.478034 2.47896 0.030929 -0.8723018 2.387514 0.1817079 -0.8588797 2.56807 0.05792991 -0.9423171 2.389623 0.2071308 -0.9295114 2.567374
0.1735457 0.6029499 2.229724 0.1248185 0.4392514 2.269385 -0.01468508 0.3215095 2.192719 0.3143016 0.4423884 2.396688 -0.1454387 0.3449088 1.990433 0.4989368 0.477862 2.351949 -0.0673473 0.4820937 1.852506 0.5375546 0.5955831 2.189711 -0.03315403 0.5459277 1.823271 0.54868 0.6294078 2.155377 0.1473553 0.1434978 2.27626 0.1588092 0.08528369 2.268113 0.08804261 -0.01186852 2.216265 0.2452493 0.002698643 2.311524 0.04854054 -0.4749214 2.311711 0.2222156 -0.4768149 2.478185 0.03082239 -0.8711751 2.387429 0.1816173 -0.8588397 2.567147 0.05718663 -0.94146 2.38683 0.218569 -0.9281968 2.574258
0.1743451 0.6030135 2.229425 0.1231059 0.4399983 2.269295 -0.0142628 0.3232931 2.19427 0.3158785 0.4369761 2.400384 -0.1467822 0.3293702 1.999058 0.5031846 0.4577047 2.360735 -0.06130274 0.4546005 1.850563 0.5390655 0.5577382 2.191313 -0.03027722 0.5117313 1.825089 0.5509954 0.5876342 2.158914 0.1461734 0.1427359 2.27634 0.1578994 0.08429639 2.268053 0.08799943 -0.01190799 2.21635 0.2433737 0.000253014 2.311224 0.04969061 -0.4754196 2.313131 0.2212294 -0.4826733 2.480745 0.0317316 -0.8740016 2.389969 0.1813235 -0.859256 2.567441 0.05803106 -0.9442197 2.386374 0.2201302 -0.928516 2.575042
0.1757239 0.6028258 2.229381 0.121051 0.4394789 2.270437 -0.01192923 0.3266653 2.19465 0.31864 0.4304118 2.405816 -0.1639441 0.2936182 2.004338 0.5065078 0.4446671 2.365649 -0.05890531 0.4384925 1.849001 0.5431194 0.5362375 2.191289 -0.03059119 0.4932997 1.824242 0.5525273 0.5643378 2.161887 0.1442536 0.1414631 2.276852 0.1564401 0.08304001 2.26827 0.08755184 -0.01205155 2.216515 0.2416589 -0.001360283 2.311222 0.0492284 -0.4762369 2.312589 0.2231969 -0.4785569 2.478842 0.03085118 -0.8735315 2.389972 0.1811885 -0.8461764 2.564543 0.05773097 -0.9435138 2.386101 0.2230725 -0.9261572 2.576946
0.1798155 0.6021987 2.228423 0.1199928 0.4389359 2.271111 -0.01097367 0.3265519 2.194197 0.3223188 0.4256786 2.409445 -0.1648399 0.2882474 2.00478 0.510995 0.4241693 2.373598 -0.07026794 0.3879661 1.861928 0.5441899 0.5084159 2.194575 -0.03066003 0.4564885 1.826163 0.554996 0.5416574 2.162183 0.1439864 0.1405887 2.277009 0.1566292 0.08210099 2.268026 0.08760443 -0.01231835 2.216482 0.2429938 -0.002521342 2.310313 0.0496943 -0.4766366 2.312616 0.2221256 -0.4785482 2.478126 0.02978678 -0.8711773 2.38929 0.1818016 -0.8504097 2.565372 0.05791907 -0.9407574 2.387859 0.2175481 -0.9263605 2.575997
0.181319 0.6027069 2.227705 0.1180896 0.4399235 2.270995 -0.008313804 0.3299343 2.195961 0.3196423 0.4228024 2.408589 -0.168685 0.2750852 2.0101 0.506075 0.3960831 2.397794 -0.07574429 0.3764773 1.86737 0.5351123 0.470966 2.213582 -0.031963 0.4373696 1.825886 0.5557431 0.5068825 2.172937 0.1434022 0.1399768 2.27675 0.1564516 0.08126628 2.267271 0.08787154 -0.01194393 2.215555 0.2428861 -0.002987339 2.309872 0.04977986 -0.4758503 2.312057 0.2220877 -0.4781141 2.478296 0.02973635 -0.8707931 2.3877 0.1820342 -0.854561 2.567584 0.05788612 -0.9403794 2.38776 0.2165582 -0.9264628 2.57533
0.1821644 0.6028211 2.226879 0.117202 0.4400072 2.271365 -0.007493685 0.3312237 2.196935 0.3179199 0.4198299 2.40835 -0.1687792 0.2703038 2.010918 0.5025427 0.3860796 2.404213 -0.07642858 0.3684732 1.86532 0.5335186 0.4626467 2.221094 -0.0336134 0.4273871 1.82497 0.5567828 0.4997151 2.171904 0.1434067 0.1374769 2.277294 0.1572098 0.07776871 2.267545 0.08950254 -0.012948 2.216855 0.2431607 -0.004879172 2.309244 0.04964148 -0.4769138 2.312566 0.2218729 -0.4773201 2.477886 0.03020434 -0.8725885 2.389165 0.1795065 -0.8506632 2.56485 0.05858748 -0.9420631 2.387693 0.2177364 -0.9261918 2.575702
0.1830006 0.6030456 2.226376 0.1167903 0.4402795 2.271382 -0.005820554 0.3278863 2.195488 0.3190725 0.4156809 2.411 -0.1689146 0.2635276 2.013648 0.5048006 0.3846949 2.400659 -0.07696028 0.3562854 1.86394 0.5346254 0.4572754 2.2156 -0.03813533 0.4006655 1.826675 0.557942 0.4886446 2.173332 0.1445723 0.1361102 2.27727 0.1596288 0.07593644 2.267186 0.09252655 -0.01439713 2.216904 0.2475237 -0.006511673 2.30845 0.04972944 -0.4767913 2.311988 0.2216924 -0.4775424 2.47809 0.03112057 -0.8758925 2.389767 0.1798876 -0.8537718 2.566222 0.06043312 -0.9449862 2.390837 0.2215721 -0.9270428 2.577927
0.1830339 0.6027659 2.225956 0.1163512 0.4398336 2.272187 -0.005688077 0.3253905 2.195471 0.3158154 0.4107654 2.409487 -0.1691105 0.257911 2.016825 0.5000689 0.3754463 2.405935 -0.07918658 0.34758 1.863747 0.532963 0.4482216 2.221522 -0.03965548 0.3957859 1.826146 0.5593564 0.4847172 2.17073 0.1442455 0.1340999 2.277456 0.159559 0.07388451 2.266778 0.09258876 -0.01592554 2.216233 0.2473449 -0.007561876 2.308054 0.04918646 -0.4775006 2.311902 0.221049 -0.4784171 2.47822 0.03093157 -0.8758736 2.38958 0.1804507 -0.8534232 2.566216 0.05968874 -0.9452065 2.389925 0.2291403 -0.9230765 2.587339
0.183052 0.6023987 2.225545 0.1158107 0.4397178 2.272787 -0.005691958 0.3251432 2.195373 0.3143697 0.409856 2.408552 -0.1748903 0.2433217 2.021218 0.4983991 0.3741194 2.406134 -0.08572534 0.3409763 1.870686 0.5333825 0.446103 2.221803 -0.04043402 0.3937473 1.824898 0.5598111 0.4815581 2.169569 0.1450384 0.1326911 2.278018 0.1610376 0.07233341 2.266884 0.09482746 -0.01723969 2.216378 0.2487689 -0.008277911 2.307964 0.04919594 -0.4777181 2.311905 0.2213069 -0.4790316 2.478451 0.03004005 -0.8768939 2.390817 0.1826636 -0.8585925 2.567185 0.05988181 -0.9457643 2.390263 0.2327011 -0.9267926 2.585886
0.1831067 0.6023912 2.225554 0.1156187 0.4395998 2.272992 -0.006176749 0.3263225 2.196402 0.3168475 0.4094194 2.411015 -0.1742336 0.2477442 2.019963 0.5021265 0.3764187 2.401754 -0.08566616 0.3414452 1.86868 0.5341384 0.4481587 2.216743 -0.04157344 0.3934928 1.823913 0.5601009 0.4812931 2.169408 0.1443768 0.1318127 2.279279 0.1603716 0.07138466 2.26815 0.09384063 -0.01870153 2.220056 0.2479251 -0.009357059 2.30854 0.04922986 -0.4776802 2.311947 0.2216966 -0.4763944 2.477127 0.02966031 -0.8768923 2.390603 0.1826338 -0.8543545 2.566688 0.06002676 -0.9455224 2.38934 0.2336802 -0.9270679 2.586856
0.1830842 0.6022882 2.225439 0.1153499 0.4392035 2.273332 -0.006880087 0.3254475 2.196174 0.315632 0.4096187 2.409954 -0.1732799 0.2539893 2.017252 0.5006744 0.37659 2.403071 -0.08450385 0.34526 1.864487 0.535895 0.4506609 2.219688 -0.04121416 0.4007375 1.82044 0.560995 0.4840165 2.169835 0.1435491 0.1297367 2.280114 0.1594767 0.0690923 2.268832 0.09324887 -0.02038414 2.221337 0.246411 -0.01133227 2.308434 0.04869968 -0.4799727 2.311824 0.2214676 -0.4768366 2.477335 0.03032154 -0.8750405 2.391316 0.1817345 -0.8545401 2.566152 0.05925516 -0.9442485 2.388713 0.2308437 -0.9262529 2.587986
0.1831154 0.6021369 2.225389 0.1132184 0.4366483 2.272392 -0.007878163 0.3265146 2.196925 0.3152962 0.410695 2.409472 -0.1730033 0.2577274 2.017379 0.5023471 0.3883622 2.397903 -0.08564249 0.3579856 1.862136 0.5371984 0.4604617 2.213603 -0.04318403 0.4188411 1.814787 0.5611432 0.4901693 2.170549 0.1430167 0.1293672 2.279901 0.1591009 0.06902198 2.268558 0.09266907 -0.02042035 2.221046 0.2463665 -0.01137903 2.308224 0.04914652 -0.4812241 2.31315 0.2214354 -0.4769005 2.477077 0.02941901 -0.8731195 2.390455 0.1849492 -0.863206 2.568528 0.05680554 -0.9429939 2.389472 0.2280097 -0.9264079 2.580074
0.1822396 0.6055754 2.227119 0.1135412 0.4367575 2.273079 -0.01027716 0.331908 2.199821 0.3151741 0.4121724 2.409469 -0.1724854 0.2582938 2.018188 0.5037647 0.4031274 2.390105 -0.08867855 0.3643533 1.864903 0.5378197 0.4854148 2.210303 -0.04619431 0.4295666 1.812946 0.5598173 0.5153561 2.166876 0.1428886 0.1292842 2.280838 0.1587805 0.068983 2.269428 0.09240963 -0.02017063 2.22316 0.2456668 -0.01157163 2.308604 0.04893758 -0.4812783 2.313013 0.2209571 -0.4776868 2.477528 0.02849523 -0.8743094 2.390225 0.1819323 -0.850436 2.565287 0.05750602 -0.9434588 2.38706 0.2282831 -0.925528 2.581429
0.1812708 0.6064293 2.227873 0.113623 0.4367776 2.273379 -0.01094097 0.3327418 2.20024 0.3138508 0.4132454 2.407836 -0.1750444 0.2619063 2.019722 0.5023635 0.4058417 2.391845 -0.07041378 0.4214044 1.836411 0.5376475 0.4935792 2.215111 -0.04351537 0.4645837 1.810626 0.5586405 0.5290855 2.166072 0.1425493 0.1294745 2.280892 0.1582215 0.06942261 2.269162 0.09134649 -0.01961721 2.222247 0.2450011 -0.01107805 2.308255 0.04916673 -0.4804178 2.312599 0.2205534 -0.4794616 2.478652 0.02897758 -0.8706092 2.387696 0.18233 -0.8585193 2.568211 0.05653582 -0.9404163 2.386911 0.2276343 -0.9262488 2.581286
0.1802049 0.6074079 2.228695 0.1136903 0.4367281 2.273305 -0.01178048 0.3323689 2.201014 0.3125309 0.4179764 2.407923 -0.1831465 0.2767363 2.021024 0.5009131 0.4086936 2.392751 -0.07142749 0.4295293 1.836079 0.5355124 0.5316965 2.210016 -0.04410715 0.4783533 1.811132 0.5553707 0.5717353 2.16251 0.1431423 0.1298935 2.281256 0.1591075 0.07019672 2.269651 0.09338887 -0.0190602 2.223331 0.2457683 -0.01026739 2.308709 0.04927565 -0.4796709 2.312335 0.2212033 -0.4806769 2.479677 0.02931143 -0.8701475 2.387976 0.1795697 -0.8582103 2.571255 0.0562092 -0.9401838 2.385911 0.2224812 -0.9020783 2.507769
0.1753182 0.6086333 2.229919 0.1137508 0.4368662 2.273322 -0.01351012 0.330831 2.201229 0.3128943 0.4248257 2.407502 -0.1792627 0.3015746 2.005898 0.4944775 0.4683222 2.352915 -0.07432512 0.4581804 1.838006 0.5433353 0.5644529 2.184613 -0.0435841 0.527334 1.807738 0.5562382 0.5925694 2.159045 0.1439433 0.1313578 2.282008 0.1600201 0.07217937 2.270644 0.09425485 -0.01873142 2.223759 0.2469772 -0.008756143 2.310288 0.04972037 -0.4779474 2.312325 0.221311 -0.4810169 2.479897 0.04162677 -0.8685218 2.40163 0.1791438 -0.8579774 2.570313 0.05601029 -0.9404219 2.385628 0.2198427 -0.9211017 2.583169
0.1741314 0.6086801 2.230917 0.1153487 0.4375926 2.274239 -0.01514523 0.3286927 2.199752 0.3122765 0.4260093 2.406276 -0.1784938 0.3178282 2.001664 0.4951394 0.4672063 2.356911 -0.0763237 0.483 1.841288 0.5368693 0.5876704 2.192974 -0.04319239 0.5443383 1.811352 0.5486183 0.6199676 2.160586 0.1439769 0.1318076 2.282156 0.1598996 0.07268433 2.270628 0.09325353 -0.01883661 2.22305 0.2470771 -0.00811347 2.310452 0.04891588 -0.4790633 2.312708 0.221416 -0.481497 2.48043 0.03962414 -0.8688124 2.401486 0.1790944 -0.8614884 2.572613 0.05662905 -0.9407521 2.388528 0.224652 -0.9252172 2.586535
0.17054 0.6087427 2.231037 0.1154936 0.4376995 2.274295 -0.01858637 0.3280113 2.197639 0.3108938 0.434148 2.403517 -0.1735294 0.3488851 1.99187 0.472407 0.5218877 2.334016 -0.07526654 0.5187063 1.840088 0.5432434 0.6196085 2.175502 -0.0427033 0.5818866 1.815329 0.5421176 0.6671398 2.160006 0.1436876 0.1352928 2.282228 0.1591754 0.07749548 2.270418 0.09193981 -0.01665636 2.222208 0.2473381 -0.004467658 2.310614 0.05003791 -0.475077 2.313217 0.2227 -0.4761757 2.478725 0.03248528 -0.8681771 2.394934 0.1810658 -0.847499 2.568208 0.05607812 -0.9388695 2.386091 0.2268459 -0.923206 2.583602
0.1691587 0.6090335 2.231111 0.1156772 0.4379936 2.27471 -0.02018507 0.3292153 2.196696 0.3098156 0.44208 2.399744 -0.167228 0.3742033 1.983339 0.4742656 0.525864 2.333571 -0.07007106 0.5559318 1.837858 0.5291761 0.6461078 2.185428 -0.04164758 0.6147523 1.816435 0.5364172 0.6816193 2.15945 0.1427025 0.1361299 2.282942 0.1576707 0.07831715 2.271047 0.08956622 -0.01623649 2.222657 0.245552 -0.003876124 2.31135 0.04978715 -0.4762271 2.313859 0.2227572 -0.4774004 2.479996 0.03184552 -0.8701253 2.393715 0.1813444 -0.8542848 2.572518 0.05737905 -0.94091 2.390373 0.2280159 -0.9240071 2.584073
0.1684059 0.6098073 2.2313 0.1170496 0.439465 2.274901 -0.02059888 0.33135 2.195155 0.3105013 0.444762 2.398006 -0.1615436 0.3880804 1.97892 0.4622828 0.5474473 2.326245 -0.07325728 0.56387 1.842838 0.519603 0.6782673 2.189417 -0.04428875 0.6381354 1.819874 0.5218679 0.7287812 2.161929 0.143925 0.1390003 2.28338 0.1588311 0.08124852 2.271451 0.0899509 -0.01516717 2.22234 0.2477007 -0.0002394076 2.312879 0.04984374 -0.4757517 2.31377 0.2226016 -0.477147 2.479825 0.03166257 -0.8707606 2.394885 0.1812139 -0.8493003 2.572312 0.0575607 -0.9410298 2.390038 0.228363 -0.9239712 2.583972
0.1681926 0.6098246 2.231379 0.1173346 0.4398746 2.275113 -0.02024299 0.3346892 2.192589 0.3106375 0.4502909 2.395383 -0.1469017 0.4165266 1.971891 0.4598249 0.5566413 2.323465 -0.07221575 0.59499 1.8478 0.5094595 0.696945 2.193927 -0.04472399 0.6694217 1.82251 0.5195825 0.7405099 2.163205 0.1463028 0.141694 2.284528 0.1618019 0.084482 2.272941 0.09408771 -0.01320431 2.222665 0.2517494 0.003902923 2.316283 0.04947154 -0.4767539 2.314335 0.2225375 -0.4765846 2.47965 0.03085003 -0.8704173 2.393178 0.1834272 -0.8622709 2.573564 0.0574754 -0.9404676 2.389203 0.2247356 -0.9270817 2.577795
0.1675924 0.6105225 2.231686 0.1173285 0.4405865 2.274656 -0.01963088 0.3364639 2.191305 0.3079929 0.4541124 2.392479 -0.1302644 0.4461411 1.979759 0.4527063 0.5674433 2.323003 -0.07145461 0.6059965 1.851598 0.5061023 0.708253 2.195765 -0.04518717 0.6802429 1.825917 0.5132228 0.7643527 2.165176 0.148329 0.1443496 2.285057 0.1643261 0.08754754 2.274104 0.0979743 -0.01104088 2.222665 0.2554863 0.008936966 2.320579 0.04935065 -0.47721 2.314693 0.2226374 -0.4762122 2.479735 0.03269376 -0.8679106 2.39037 0.1793015 -0.8510436 2.568384 0.05702575 -0.940043 2.388438 0.2255021 -0.9259498 2.57773
0.1671776 0.6101406 2.231896 0.1173473 0.4408551 2.27422 -0.01881866 0.3387466 2.190107 0.3048294 0.4576142 2.390033 -0.1257214 0.4522127 1.980907 0.4479531 0.57354 2.322165 -0.06124633 0.6527579 1.84869 0.4970025 0.7213326 2.202032 -0.03717884 0.7096056 1.820106 0.5079126 0.7780569 2.167347 0.1491944 0.145118 2.285 0.165242 0.08833428 2.274484 0.0996758 -0.01017015 2.222903 0.2563338 0.01035096 2.32156 0.0490751 -0.4807554 2.317483 0.2228427 -0.4789116 2.481367 0.03225197 -0.8688275 2.391673 0.1805444 -0.8526422 2.569561 0.05700033 -0.9400133 2.388045 0.2264214 -0.9265406 2.579801
0.1668594 0.6104929 2.232242 0.1176668 0.4411111 2.273938 -0.0170285 0.3394109 2.189938 0.3019996 0.4587735 2.387259 -0.1217161 0.457595 1.982293 0.4405649 0.5802633 2.319835 -0.06146177 0.653141 1.849109 0.4909313 0.7619283 2.189249 -0.03947111 0.7131386 1.825771 0.4982804 0.8048306 2.171159 0.1501103 0.1457553 2.284926 0.1660209 0.0889143 2.274778 0.1015509 -0.009217658 2.222714 0.2565248 0.01128329 2.322463 0.04909399 -0.4795513 2.31661 0.2228961 -0.4787704 2.481352 0.03196611 -0.8693335 2.391876 0.1804349 -0.8513719 2.568784 0.0571132 -0.9401007 2.387631 0.2267173 -0.9259357 2.581247
0.1661616 0.610907 2.232452 0.1180946 0.4414629 2.273062 -0.01588095 0.3394665 2.189858 0.3018907 0.4653855 2.385904 -0.1190619 0.4614828 1.983524 0.4380585 0.5895618 2.31691 -0.06169602 0.6536331 1.850431 0.4905314 0.7618397 2.190963 -0.04050758 0.714883 1.829756 0.4973421 0.8070958 2.172415 0.1513428 0.1468267 2.284796 0.1671425 0.0900355 2.275234 0.1029529 -0.008388474 2.223238 0.2574649 0.01259549 2.323357 0.04911648 -0.4794878 2.316544 0.2229645 -0.4770237 2.480992 0.03163784 -0.8699883 2.393746 0.180503 -0.8513425 2.568719 0.05693945 -0.9403148 2.387015 0.2276942 -0.9249895 2.581695
0.1658089 0.6112614 2.233491 0.1182175 0.4417321 2.272753 -0.01499675 0.3401877 2.189738 0.3058898 0.4668812 2.386422 -0.1181382 0.462776 1.983983 0.4389939 0.5933321 2.316056 -0.06149087 0.6542804 1.852348 0.490214 0.7622539 2.191351 -0.04003073 0.7164364 1.834911 0.4964831 0.8077176 2.17323 0.1510898 0.147962 2.284336 0.1663999 0.09129778 2.275126 0.1011743 -0.007041594 2.222924 0.2570724 0.01295014 2.323332 0.04884108 -0.4789286 2.316186 0.2226954 -0.4773673 2.481234 0.03212929 -0.8694397 2.393558 0.1818217 -0.8528348 2.568431 0.05756043 -0.9401397 2.38776 0.2295284 -0.9254543 2.582394
0.1654143 0.6118699 2.234712 0.1182738 0.4419846 2.272593 -0.0147 0.3403687 2.189662 0.3037379 0.4656419 2.385968 -0.1177806 0.4632469 1.984055 0.4366395 0.5926006 2.316455 -0.06146148 0.6544956 1.853045 0.4900467 0.7624292 2.191582 -0.03982046 0.7168834 1.836693 0.4958743 0.8081363 2.173282 0.1496771 0.1480488 2.283689 0.164058 0.09108986 2.274658 0.09803694 -0.006228636 2.221684 0.2513208 0.01172379 2.323004 0.04852775 -0.4785396 2.315934 0.2226027 -0.4773627 2.481206 0.03325394 -0.8691086 2.392447 0.1824418 -0.8558655 2.568891 0.0576655 -0.9398561 2.38698 0.2296472 -0.9258857 2.580974
0.1645479 0.6110319 2.234784 0.1184179 0.4418766 2.272574 -0.01482363 0.3404466 2.189708 0.3040008 0.4668722 2.386518 -0.1180559 0.463028 1.984069 0.4370974 0.5934942 2.316625 -0.06133464 0.6543038 1.853372 0.4900923 0.7613677 2.192353 -0.03995275 0.7167279 1.836819 0.4958413 0.8083061 2.173244 0.1508862 0.1491263 2.283913 0.1654871 0.09260614 2.275424 0.09965658 -0.005583994 2.222341 0.2541219 0.01355742 2.32426 0.04852265 -0.4785356 2.315901 0.222396 -0.4773965 2.481128 0.03389738 -0.8707893 2.395877 0.1819847 -0.856269 2.568663 0.05810435 -0.9412004 2.38654 0.2316305 -0.9266108 2.583127
0.1642427 0.6112956 2.23537 0.1185732 0.4420551 2.272577 -0.01522046 0.3410001 2.190043 0.3041017 0.4669933 2.387037 -0.1188379 0.4615093 1.983967 0.4380544 0.5933589 2.31905 -0.06535643 0.6349296 1.861342 0.4915642 0.760188 2.191775 -0.04466584 0.7019767 1.84055 0.4976605 0.8072801 2.173163 0.1498691 0.1497492 2.283448 0.163745 0.09322973 2.275082 0.09647231 -0.004347361 2.222201 0.2518033 0.01358606 2.323133 0.04890615 -0.4781201 2.315996 0.2227843 -0.4753082 2.479599 0.03696394 -0.8691919 2.395862 0.1819283 -0.8559077 2.568314 0.05825403 -0.9403622 2.385266 0.2321109 -0.9264805 2.58424
0.1647367 0.612241 2.236815 0.1185139 0.4425228 2.272756 -0.01565311 0.3410171 2.190442 0.3049316 0.4672813 2.387938 -0.1210342 0.4560536 1.984274 0.4430726 0.5898189 2.322236 -0.06861599 0.6203852 1.864124 0.5042273 0.7305721 2.198902 -0.04397773 0.6984918 1.840006 0.5062912 0.782564 2.171128 0.149923 0.1498893 2.283176 0.1636868 0.09329044 2.274993 0.0964371 -0.00434662 2.222176 0.2519057 0.01346912 2.322559 0.04896582 -0.4781564 2.315954 0.2229381 -0.4752617 2.479784 0.03300178 -0.8717704 2.393283 0.182168 -0.8569871 2.568868 0.05876453 -0.9418573 2.385886 0.2320802 -0.9263301 2.584496
0.1644614 0.6116661 2.237514 0.1184906 0.4424218 2.273182 -0.01685198 0.3402383 2.191773 0.304885 0.4655162 2.390072 -0.1257651 0.4458692 1.984971 0.4506402 0.5800316 2.327787 -0.07193944 0.6019233 1.86575 0.5057827 0.7195445 2.199801 -0.04342169 0.6852965 1.839173 0.5118861 0.7633285 2.169595 0.1485367 0.1494012 2.283128 0.1617386 0.09250437 2.274919 0.09310824 -0.005423652 2.221718 0.2498265 0.01183621 2.322121 0.05064414 -0.4714927 2.313257 0.222588 -0.4763499 2.480246 0.03954094 -0.870791 2.391556 0.182175 -0.8577238 2.56903 0.08078353 -0.9148675 2.327141 0.2285674 -0.9265277 2.582604
0.1660276 0.6125381 2.238643 0.1187948 0.4425981 2.273808 -0.0193733 0.3402378 2.193605 0.3069413 0.4640214 2.393247 -0.1309046 0.4335515 1.985013 0.4572978 0.5715789 2.328541 -0.07088384 0.5931423 1.864394 0.5152432 0.7032464 2.192926 -0.03915995 0.6721318 1.838152 0.5201358 0.7478238 2.166283 0.1467448 0.1499486 2.283293 0.1591459 0.09307089 2.274997 0.08791094 -0.005018855 2.221529 0.2476125 0.01107163 2.321807 0.05074781 -0.4709315 2.312094 0.2224446 -0.4765362 2.480524 0.03836478 -0.8728061 2.391674 0.1821299 -0.8572834 2.568889 0.07946977 -0.916914 2.327194 0.2326984 -0.9281896 2.585954
0.1660317 0.6124976 2.239926 0.1192656 0.4427522 2.274843 -0.02139798 0.3374048 2.19635 0.3072521 0.4613112 2.395981 -0.1361335 0.4169822 1.987736 0.4675088 0.555289 2.33592 -0.06742303 0.5862423 1.860466 0.5248024 0.6750987 2.188401 -0.03688937 0.6572112 1.839614 0.5325151 0.7001974 2.166664 0.1468362 0.14976 2.283463 0.1592366 0.0927965 2.275096 0.08801414 -0.00561946 2.221709 0.2480657 0.01062274 2.321643 0.05098907 -0.4695831 2.311416 0.2230825 -0.476933 2.481528 0.0370993 -0.8744006 2.392122 0.1816096 -0.8558893 2.570257 0.05868319 -0.9458688 2.384604 0.2326233 -0.928149 2.585784
0.1663545 0.6122128 2.241582 0.1195716 0.4427329 2.277649 -0.02398929 0.3341932 2.198533 0.3073648 0.4548951 2.401194 -0.1409106 0.4017532 1.990801 0.4813769 0.52269 2.346942 -0.07099213 0.5363899 1.865074 0.5263024 0.6465527 2.198402 -0.03172228 0.6137327 1.840532 0.5378625 0.6857483 2.166571 0.1452206 0.1490625 2.283937 0.1573515 0.09189608 2.274914 0.08575118 -0.006385899 2.221314 0.2449716 0.008185181 2.319744 0.05074612 -0.4698659 2.310944 0.2232721 -0.4768414 2.481936 0.0361812 -0.8724524 2.391207 0.1811155 -0.8551332 2.569294 0.05828062 -0.9438348 2.384415 0.2314128 -0.9271086 2.584605
0.1661908 0.612247 2.241764 0.1196654 0.442837 2.278327 -0.02415277 0.3243565 2.201807 0.3069565 0.4498164 2.404084 -0.1461446 0.3781491 1.997854 0.4932519 0.4800057 2.370278 -0.07047524 0.5253018 1.867654 0.5289837 0.6043313 2.209775 -0.03049632 0.6005974 1.840017 0.5461702 0.6495662 2.163428 0.1453491 0.1486885 2.284352 0.1578521 0.0913665 2.274924 0.08743794 -0.007964782 2.221619 0.2456698 0.008084729 2.319295 0.05101485 -0.469045 2.31083 0.2225092 -0.4786538 2.482423 0.04239505 -0.872646 2.394355 0.1823389 -0.8594769 2.57193 0.08333067 -0.9167084 2.329742 0.230387 -0.9275301 2.583905
0.1657324 0.6126692 2.241882 0.119578 0.4435887 2.278498 -0.02288326 0.3203287 2.204059 0.3070399 0.4409544 2.40641 -0.1482615 0.3635327 2.00087 0.4936945 0.4695978 2.376175 -0.06775223 0.4934218 1.867354 0.5387821 0.5764179 2.202703 -0.02927294 0.5614386 1.836431 0.5548402 0.6195874 2.160736 0.1454437 0.1479499 2.284559 0.1584917 0.08997779 2.274717 0.08888379 -0.009871543 2.221328 0.2462393 0.00743951 2.319091 0.05046026 -0.4742788 2.313479 0.2225431 -0.4785613 2.482406 0.03848852 -0.8726674 2.393522 0.1823768 -0.8600686 2.572457 0.07960257 -0.9167053 2.329008 0.2279598 -0.9249454 2.582312
0.1674757 0.611944 2.242324 0.1193546 0.4439193 2.278483 -0.02215239 0.3185815 2.205352 0.3135749 0.4345575 2.413098 -0.1524429 0.3385028 2.007805 0.5020369 0.445043 2.394309 -0.06471871 0.4777825 1.864253 0.5342389 0.5389591 2.214955 -0.02587482 0.5456026 1.835452 0.5570109 0.5838264 2.162358 0.1445887 0.1474865 2.284539 0.1577813 0.08935888 2.274327 0.08798938 -0.01043241 2.22128 0.245611 0.006367004 2.317992 0.0504319 -0.4753117 2.313286 0.2216167 -0.4806566 2.483097 0.03450584 -0.8743702 2.394721 0.1825749 -0.8606594 2.575647 0.06253664 -0.9439186 2.392151 0.2277218 -0.9255168 2.582361
0.1723281 0.6132226 2.245147 0.1187296 0.4440295 2.278872 -0.01631642 0.3274782 2.20714 0.3155397 0.4313952 2.416831 -0.1645344 0.313196 2.011309 0.5043389 0.4356302 2.387218 -0.05955172 0.4450455 1.860524 0.5384255 0.5150321 2.206073 -0.02710344 0.4942974 1.833691 0.5582644 0.5425537 2.169019 0.1442226 0.1464245 2.285244 0.1579241 0.08803432 2.274943 0.08913828 -0.01063988 2.222196 0.2453531 0.004542194 2.318575 0.05072966 -0.4753925 2.313184 0.2204789 -0.4993225 2.490356 0.03447334 -0.8752822 2.395121 0.1821831 -0.8628871 2.57431 0.0618875 -0.9448855 2.389384 0.2283288 -0.926064 2.582491
0.1726339 0.6137221 2.245268 0.1173736 0.4446791 2.279327 -0.01387688 0.3332646 2.20767 0.3126747 0.4274026 2.417091 -0.1658255 0.3045941 2.011345 0.5014766 0.4245304 2.386575 -0.05477842 0.4352494 1.859123 0.5393481 0.5021701 2.205421 -0.02548322 0.4841028 1.835573 0.5597562 0.5299059 2.168148 0.1415449 0.1415358 2.286316 0.1552205 0.08109476 2.276061 0.08850999 -0.01188293 2.223339 0.2408257 -0.001896912 2.319102 0.05036744 -0.4762885 2.31418 0.2195027 -0.4951208 2.488132 0.03411678 -0.8741014 2.395797 0.1808951 -0.8642828 2.571064 0.06007025 -0.9437641 2.385685 0.1983502 -0.9369517 2.564487
0.1754018 0.6130689 2.243674 0.1125015 0.44805 2.280366 -0.0116171 0.3324161 2.206215 0.3152663 0.4235274 2.421076 -0.1642558 0.291457 2.012731 0.5024843 0.3989758 2.390568 -0.06480955 0.3843928 1.868594 0.5391113 0.4702898 2.206364 -0.0230317 0.4547749 1.834972 0.5607877 0.4996125 2.170079 0.1410991 0.1413169 2.286419 0.1552057 0.08102386 2.275984 0.08854318 -0.01195156 2.222852 0.2413266 -0.002258673 2.319247 0.04975231 -0.4768946 2.314354 0.2222565 -0.4820004 2.485512 0.03351882 -0.8735563 2.395314 0.1811776 -0.8639606 2.571516 0.05956276 -0.9431549 2.38499 0.2072121 -0.934242 2.568113
0.1787313 0.6100618 2.243743 0.111204 0.4482259 2.280665 -0.008264596 0.328373 2.204681 0.3175736 0.4178779 2.42341 -0.1687578 0.2705218 2.022589 0.501751 0.3767914 2.405545 -0.07272624 0.3713492 1.877303 0.5302616 0.4444296 2.218332 -0.02262984 0.438938 1.831606 0.5608174 0.4851409 2.1675 0.1406459 0.1402771 2.286568 0.1553861 0.079827 2.275844 0.08875044 -0.01291604 2.222525 0.2423505 -0.003625019 2.319415 0.0493868 -0.477437 2.314529 0.2219449 -0.4824097 2.485623 0.03331722 -0.8737971 2.395908 0.1812339 -0.864171 2.571432 0.05940124 -0.9432203 2.384548 0.2100622 -0.9333375 2.567702
0.1790133 0.610142 2.243764 0.1110044 0.44803 2.280742 -0.006579854 0.3263452 2.203933 0.3132071 0.4125828 2.420885 -0.1732258 0.246635 2.026773 0.4956428 0.3660537 2.410003 -0.07374419 0.3540083 1.875656 0.5296673 0.4336431 2.223766 -0.02702466 0.4055198 1.831717 0.5605502 0.4547285 2.172101 0.1404367 0.1368115 2.286181 0.1558968 0.07566877 2.274812 0.08929534 -0.0140457 2.221902 0.242643 -0.006607129 2.318555 0.04897566 -0.4777661 2.31522 0.221905 -0.4820266 2.485339 0.03291333 -0.8730037 2.395009 0.1794376 -0.8506341 2.569425 0.05879841 -0.9425852 2.384184 0.2221338 -0.9235756 2.580064
0.1831069 0.6082206 2.244457 0.1114699 0.4475875 2.28121 -0.004920536 0.3244218 2.203472 0.3149241 0.409099 2.421999 -0.1729852 0.2467248 2.027469 0.4988174 0.3672265 2.406196 -0.07501821 0.344935 1.875356 0.5307695 0.42829 2.217165 -0.0288211 0.3936056 1.830819 0.5598376 0.4525785 2.17162 0.1425817 0.1341909 2.286853 0.1589741 0.07281639 2.275107 0.09296937 -0.01699541 2.222069 0.2465246 -0.009438864 2.318806 0.04925773 -0.4783787 2.315222 0.2165569 -0.4998225 2.490402 0.03256349 -0.8743946 2.39761 0.1808647 -0.8658037 2.576805 0.05901959 -0.9431742 2.383541 0.2222989 -0.9283259 2.578448
0.18363 0.6057596 2.243661 0.1118069 0.4458849 2.282353 -0.003873678 0.3218239 2.20304 0.3156723 0.4068278 2.422666 -0.1729663 0.2466993 2.027794 0.5003264 0.3677991 2.403869 -0.07500516 0.3390218 1.874521 0.530058 0.4238363 2.21279 -0.02890169 0.3865504 1.830074 0.5569225 0.4442053 2.170619 0.1441922 0.1321369 2.28784 0.1612246 0.07101665 2.275703 0.09609701 -0.01930171 2.222277 0.2495276 -0.01123576 2.319656 0.04925022 -0.4784888 2.315262 0.2177013 -0.4948111 2.489955 0.03199095 -0.872372 2.394316 0.1804372 -0.8548675 2.574564 0.05881819 -0.9414347 2.382527 0.2226975 -0.925459 2.580551
0.1828479 0.606037 2.243352 0.1121024 0.444939 2.283157 -0.005416372 0.3209484 2.20325 0.3142675 0.4049063 2.421135 -0.1777526 0.2385049 2.033844 0.4998187 0.370201 2.401237 -0.07512903 0.3358704 1.87331 0.5300978 0.4222028 2.209031 -0.02975201 0.3819469 1.829546 0.5561565 0.4426268 2.169995 0.1443132 0.1301912 2.28901 0.1614806 0.06909608 2.276528 0.09667182 -0.02094587 2.223438 0.2492568 -0.01340268 2.320154 0.04927811 -0.4781149 2.315389 0.2203308 -0.4866728 2.487599 0.03177304 -0.8700206 2.393528 0.1804918 -0.8547661 2.57321 0.05731969 -0.939558 2.381694 0.2182738 -0.9213971 2.572607
0.1828763 0.6052822 2.242806 0.1120997 0.4447768 2.283325 -0.005047487 0.3206685 2.2031 0.314753 0.405278 2.421749 -0.1780779 0.2379627 2.033978 0.5005534 0.3715149 2.398468 -0.07537704 0.3354603 1.872798 0.5295711 0.4227086 2.205823 -0.03043236 0.3816342 1.828715 0.5550566 0.4420626 2.168714 0.1440266 0.1301387 2.289205 0.161345 0.06915073 2.276385 0.0962529 -0.02084024 2.222798 0.2491773 -0.01343867 2.320094 0.04823763 -0.4827525 2.317533 0.2200805 -0.4863217 2.487446 0.0313326 -0.8707805 2.393459 0.1799165 -0.8571417 2.573251 0.05554172 -0.9420201 2.384693 0.2229329 -0.9237798 2.579911
0.1834216 0.6065421 2.242708 0.1120598 0.4447418 2.284569 -0.004741002 0.3207193 2.203031 0.3143519 0.4066414 2.421234 -0.1794187 0.2365315 2.03767 0.5002525 0.3733512 2.395737 -0.07715838 0.3361818 1.872069 0.5299265 0.4250639 2.203352 -0.03176118 0.3843216 1.826945 0.5536739 0.4517576 2.163926 0.1440904 0.1300251 2.28962 0.1617783 0.06919098 2.276321 0.09714883 -0.02044227 2.222959 0.2498355 -0.01289455 2.319259 0.04816984 -0.4831856 2.317661 0.2195161 -0.4861989 2.487157 0.03139945 -0.8705446 2.393592 0.1805385 -0.8572155 2.573034 0.05565928 -0.9412819 2.384486 0.2258486 -0.924237 2.581577
0.1835782 0.6072111 2.242684 0.1117302 0.4447313 2.285027 -0.005539683 0.3270475 2.205573 0.3141575 0.4078207 2.420755 -0.1783766 0.2400956 2.038339 0.5005612 0.3775459 2.393006 -0.07910451 0.3446361 1.870376 0.5260888 0.441863 2.2041 -0.03286611 0.4028707 1.819526 0.5513668 0.4637407 2.163631 0.1427358 0.1304723 2.289703 0.1602372 0.07001454 2.27558 0.09395377 -0.01778373 2.222125 0.2480215 -0.01223036 2.3175 0.0478988 -0.4831045 2.317639 0.2188059 -0.4938503 2.489691 0.0316081 -0.8730617 2.392507 0.1811019 -0.8573824 2.573053 0.05662999 -0.9434536 2.385691 0.2270813 -0.9250612 2.582859
0.1833064 0.607112 2.242138 0.1112057 0.4441747 2.285178 -0.006548098 0.3263248 2.205471 0.3138805 0.4112902 2.420566 -0.1766154 0.2496387 2.031594 0.5019032 0.4054606 2.377986 -0.08137266 0.3562162 1.870395 0.5306119 0.4751633 2.191646 -0.03247321 0.4215071 1.816174 0.5523489 0.4895149 2.160901 0.1415973 0.1311825 2.289918 0.1591291 0.07135272 2.27522 0.09300411 -0.01727359 2.221937 0.2472826 -0.01114206 2.316926 0.04767104 -0.4834021 2.317584 0.2180809 -0.491295 2.487756 0.03049634 -0.8734729 2.395087 0.1805498 -0.8548871 2.573717 0.05661495 -0.9430886 2.385145 0.2268459 -0.9246491 2.582897
0.1804304 0.6073918 2.240951 0.1102488 0.4432091 2.285329 -0.008492135 0.3260491 2.205085 0.312103 0.4150827 2.41688 -0.1777669 0.2567345 2.033455 0.4998801 0.4215703 2.371972 -0.06528279 0.4073049 1.847188 0.5319267 0.487598 2.184782 -0.03450732 0.4534345 1.812907 0.5502228 0.5188106 2.154349 0.1391745 0.1316183 2.2911 0.1564254 0.07213772 2.276253 0.09057321 -0.01743408 2.223168 0.2435924 -0.01057308 2.31838 0.04734419 -0.4826489 2.317866 0.218106 -0.4911197 2.487757 0.03036903 -0.8735125 2.395011 0.1794619 -0.8564817 2.570999 0.0558491 -0.9437471 2.388298 0.2277892 -0.9251433 2.583091
0.1777311 0.6103283 2.241608 0.110346 0.443136 2.285539 -0.01212439 0.3284791 2.206993 0.3106911 0.417249 2.414753 -0.1804487 0.274689 2.02981 0.4977363 0.4355154 2.370331 -0.06378802 0.4190726 1.841059 0.5272388 0.5200402 2.190868 -0.03608916 0.4707643 1.812065 0.5494404 0.5464517 2.151902 0.1389534 0.1319519 2.291755 0.1561234 0.07260419 2.27655 0.09038473 -0.01729525 2.223605 0.2430165 -0.01007975 2.318507 0.04704671 -0.48362 2.318405 0.2198133 -0.4878593 2.487592 0.02963519 -0.8733968 2.39555 0.17987 -0.8570114 2.57217 0.0558214 -0.9433238 2.388371 0.229734 -0.9251997 2.584277
0.1715128 0.6085743 2.241586 0.1114573 0.4427548 2.285474 -0.01414456 0.330163 2.208314 0.3033787 0.425157 2.40836 -0.1520581 0.3360017 2.003407 0.4839084 0.472577 2.353796 -0.06873229 0.4556372 1.836662 0.5330316 0.5515485 2.176255 -0.038326 0.5253235 1.804888 0.5489245 0.593426 2.142696 0.1383779 0.1324417 2.291911 0.1549948 0.07340365 2.276193 0.08854275 -0.01649944 2.222834 0.2406811 -0.00911887 2.318293 0.04687983 -0.483056 2.318006 0.2199917 -0.487671 2.487586 0.02987705 -0.8715452 2.395412 0.1800874 -0.8562958 2.569421 0.05239215 -0.9430274 2.392211 0.230156 -0.9254289 2.584231
0.1682911 0.6070485 2.240668 0.1122312 0.4426723 2.285334 -0.01631044 0.3282502 2.208164 0.3022748 0.4316575 2.406192 -0.1632964 0.33345 2.00057 0.4826472 0.4809305 2.353865 -0.07200728 0.4707499 1.837486 0.5235826 0.5923063 2.183833 -0.03934319 0.5343774 1.804355 0.541384 0.6226023 2.143789 0.1384639 0.1338971 2.29208 0.1550059 0.07539871 2.276034 0.08833581 -0.01627698 2.222547 0.241075 -0.007122316 2.318638 0.04711349 -0.4817932 2.317976 0.2199253 -0.4877246 2.487705 0.02902684 -0.8709748 2.394856 0.179953 -0.8561308 2.568836 0.05323235 -0.9418629 2.390893 0.2301828 -0.9254324 2.584253
0.1653074 0.6076334 2.240214 0.1130379 0.4423478 2.28498 -0.01937862 0.3285711 2.206146 0.3012286 0.4364145 2.402817 -0.1660804 0.341272 1.99918 0.4812698 0.4903769 2.358661 -0.08002885 0.4959024 1.841704 0.5197133 0.61048 2.185688 -0.04427131 0.5671592 1.803795 0.531273 0.6678026 2.141979 0.138627 0.1350257 2.292161 0.1551359 0.0769476 2.275873 0.08820081 -0.01585183 2.222589 0.2415273 -0.005218965 2.318283 0.04669433 -0.4803267 2.317298 0.220398 -0.4865587 2.487509 0.0285457 -0.8705868 2.393534 0.1801833 -0.8566746 2.568955 0.05348201 -0.9412878 2.391054 0.229836 -0.9255023 2.584629
0.1650466 0.6076091 2.240325 0.1144427 0.4425316 2.285157 -0.02073469 0.3297313 2.204306 0.3023242 0.4424005 2.40021 -0.1431911 0.3973942 1.983145 0.4792305 0.5058535 2.355945 -0.07275093 0.5530186 1.826985 0.5114882 0.6335374 2.19104 -0.04847188 0.6141216 1.801329 0.5256348 0.6817661 2.144111 0.1381942 0.1368238 2.292629 0.1543036 0.07914206 2.276166 0.08646706 -0.01468719 2.222473 0.2409258 -0.003829735 2.318807 0.04670551 -0.4803385 2.317243 0.220458 -0.4865138 2.487543 0.02621249 -0.8737421 2.398907 0.1798044 -0.8560752 2.568777 0.05375184 -0.9430457 2.390842 0.229398 -0.9251852 2.587361
0.1650078 0.6087852 2.240616 0.1154217 0.4429132 2.284536 -0.02284097 0.3343713 2.201672 0.3024928 0.4490498 2.396186 -0.1410055 0.4041267 1.981303 0.4476795 0.5592391 2.32092 -0.07312271 0.5598142 1.827825 0.5080864 0.681699 2.177297 -0.04853692 0.6225015 1.802625 0.5133575 0.727412 2.14907 0.1378751 0.1385593 2.292411 0.1537232 0.08103761 2.275801 0.08546585 -0.01354909 2.222118 0.2403466 -0.002400379 2.318676 0.04670434 -0.4801807 2.317123 0.2209526 -0.4849147 2.486762 0.02816284 -0.8751537 2.397472 0.1777453 -0.8584241 2.566876 0.06840197 -0.9191954 2.332446 0.2311409 -0.9285629 2.589441
0.1645092 0.609086 2.240551 0.1153686 0.4429718 2.283625 -0.02220053 0.3375202 2.198525 0.3005878 0.4547909 2.393162 -0.1372908 0.4154185 1.981753 0.4479254 0.5636341 2.32141 -0.0769039 0.5733901 1.833997 0.4992258 0.69661 2.18435 -0.05269109 0.6493228 1.803958 0.5080076 0.747155 2.153946 0.1385201 0.1412372 2.292242 0.1548594 0.08447728 2.275937 0.08710712 -0.01004503 2.222593 0.2422685 0.002755104 2.319593 0.04661417 -0.4797915 2.316946 0.2221453 -0.4796768 2.484828 0.02807294 -0.8746668 2.396386 0.1778534 -0.8567344 2.567236 0.06851129 -0.9186919 2.331473 0.2304614 -0.9275397 2.588975
0.1639183 0.6098671 2.241003 0.1161293 0.4434019 2.281492 -0.02131547 0.3391277 2.196674 0.2988428 0.4585783 2.38904 -0.1322702 0.4283175 1.979966 0.4416744 0.5736967 2.318371 -0.07830771 0.595536 1.835561 0.4857251 0.7244849 2.1896 -0.05586709 0.6588746 1.805842 0.4963658 0.7813554 2.159173 0.1414116 0.1426292 2.291897 0.1584416 0.08587327 2.276202 0.09330628 -0.009025035 2.223423 0.2463369 0.005416272 2.320977 0.04656111 -0.4797187 2.316937 0.223391 -0.4762444 2.483793 0.02824552 -0.8743406 2.396271 0.18056 -0.8534553 2.569356 0.05273063 -0.9452203 2.394661 0.2308049 -0.9273418 2.588898
0.1631513 0.6104314 2.240602 0.1167554 0.443989 2.279682 -0.01964848 0.3406644 2.194762 0.2992684 0.4652183 2.387193 -0.1293829 0.4360458 1.979359 0.4392622 0.5833651 2.315467 -0.079885 0.5981061 1.840325 0.4831028 0.7451802 2.182153 -0.05851895 0.6749648 1.807636 0.4935627 0.7919284 2.160221 0.1446106 0.1455257 2.291764 0.1621533 0.08913272 2.277068 0.09744549 -0.007101379 2.225066 0.2514614 0.01110872 2.322901 0.04652559 -0.4797747 2.316938 0.2230779 -0.4767964 2.483883 0.02847454 -0.8734048 2.395306 0.1799807 -0.8508292 2.568879 0.05410707 -0.9438429 2.392592 0.2307489 -0.9263506 2.58799
0.1605772 0.6110935 2.24086 0.1172111 0.4444218 2.279057 -0.01882217 0.3410812 2.193523 0.2967678 0.4643811 2.38393 -0.1279348 0.4399333 1.97946 0.4343376 0.6036233 2.304636 -0.08035697 0.6079234 1.842382 0.4814193 0.7514927 2.182426 -0.05957025 0.680434 1.809594 0.4903784 0.7985826 2.161923 0.1443616 0.1452964 2.291038 0.1612234 0.08833275 2.276538 0.09641749 -0.007368639 2.224543 0.2481106 0.009612166 2.321882 0.04622496 -0.4802639 2.316581 0.2231295 -0.4776209 2.484488 0.02764188 -0.8740402 2.39485 0.1799114 -0.8505218 2.569296 0.05633678 -0.9431068 2.389174 0.230281 -0.9255746 2.58685
0.1581917 0.6091092 2.240553 0.1175166 0.4436384 2.278528 -0.01829621 0.3415805 2.192556 0.2973804 0.4669994 2.383392 -0.1266585 0.4423848 1.979311 0.4335757 0.6040344 2.304585 -0.0802514 0.6134809 1.843894 0.4785862 0.7578249 2.182955 -0.05986562 0.6841757 1.812684 0.4833512 0.822031 2.161034 0.1453628 0.145706 2.290604 0.1622557 0.0889324 2.276549 0.09782384 -0.007278522 2.224391 0.2495074 0.01038385 2.322174 0.04644679 -0.4801125 2.316725 0.2232027 -0.4774585 2.484169 0.02935292 -0.8734315 2.396111 0.1801367 -0.8515495 2.569117 0.05668271 -0.9426279 2.386592 0.2296268 -0.9262072 2.585395
0.1580101 0.6092061 2.240397 0.1179125 0.4435907 2.278345 -0.01765672 0.3420897 2.192265 0.295913 0.4665444 2.381989 -0.126593 0.4431426 1.97934 0.4332452 0.604066 2.305253 -0.08062993 0.6139364 1.844723 0.4770629 0.7612898 2.182251 -0.06019499 0.6863156 1.814224 0.4821145 0.825415 2.160162 0.14628 0.1459959 2.290116 0.163004 0.08918891 2.276405 0.09953856 -0.006639766 2.22379 0.2497558 0.01061483 2.322197 0.04656446 -0.4804226 2.316435 0.2228209 -0.4774072 2.483511 0.03025415 -0.8740246 2.3964 0.1785293 -0.8522678 2.569317 0.05695329 -0.9431441 2.384773 0.2294552 -0.9261091 2.585701
0.1579551 0.609314 2.240355 0.1183089 0.4437096 2.278008 -0.01713049 0.3420868 2.191988 0.2935804 0.4651482 2.38073 -0.1268192 0.4430456 1.979653 0.4307261 0.6005096 2.30687 -0.08085429 0.6142164 1.845373 0.4772586 0.7608485 2.182523 -0.06039034 0.6873538 1.815437 0.484013 0.8245553 2.159693 0.1471908 0.145587 2.289407 0.1638891 0.08850294 2.275952 0.1007004 -0.007031657 2.223258 0.2500222 0.01049603 2.321965 0.04812023 -0.4772729 2.314934 0.2226529 -0.47701 2.482814 0.04647947 -0.8824022 2.418007 0.1801225 -0.855592 2.570553 0.05682826 -0.9469253 2.381197 0.2231931 -0.9253879 2.576743
0.1582729 0.6104898 2.240258 0.1184025 0.4439768 2.277663 -0.01698246 0.3421023 2.19183 0.2955691 0.4677325 2.381562 -0.1278821 0.4415758 1.980382 0.4305321 0.5990856 2.307393 -0.08125324 0.6115775 1.847019 0.4787058 0.7599176 2.181934 -0.06029018 0.6833141 1.817819 0.4879536 0.8228996 2.157998 0.1464563 0.1464315 2.288877 0.1625817 0.08941596 2.275707 0.09905119 -0.00606551 2.223043 0.2479418 0.01038208 2.321651 0.04854688 -0.4729261 2.311983 0.2228336 -0.4775421 2.483044 0.0394486 -0.8792716 2.403415 0.1800948 -0.8521111 2.570119 0.06420781 -0.9487979 2.390068 0.226695 -0.9242248 2.581826
0.1580714 0.6105531 2.240835 0.1186678 0.4441838 2.277536 -0.01694987 0.3420522 2.191891 0.297599 0.4682343 2.382524 -0.1301508 0.4374113 1.980762 0.4334978 0.5908018 2.310097 -0.08125856 0.606678 1.847337 0.485146 0.735662 2.187343 -0.05972048 0.6773223 1.81888 0.4978331 0.7965418 2.163046 0.1473082 0.1470027 2.2885 0.1633696 0.0899914 2.275563 0.09950379 -0.006019852 2.222983 0.2494742 0.01098707 2.321253 0.04841838 -0.4741853 2.312362 0.2232859 -0.4772941 2.482605 0.03189246 -0.8788989 2.398999 0.1778493 -0.8496201 2.568611 0.06342645 -0.94558 2.385429 0.2291518 -0.92433 2.584608
0.1620388 0.6103498 2.242619 0.1187777 0.4444857 2.277437 -0.01783958 0.3421445 2.1923 0.2977713 0.4669229 2.382894 -0.1333316 0.4290598 1.981544 0.4394702 0.5839235 2.313544 -0.08171943 0.5890847 1.848791 0.4933024 0.7215888 2.182853 -0.05617247 0.6630716 1.820356 0.5060827 0.7630834 2.154499 0.1477375 0.1470919 2.288152 0.1637269 0.08998881 2.275389 0.09971833 -0.006030831 2.223068 0.2504295 0.01106403 2.320255 0.04826454 -0.4750861 2.312114 0.2233256 -0.4755116 2.480519 0.02766466 -0.8746588 2.392075 0.1781599 -0.8488098 2.568265 0.06116322 -0.9414722 2.385859 0.2293276 -0.923947 2.584605
0.1618761 0.6104085 2.242466 0.1189989 0.4443689 2.277573 -0.0192093 0.3417134 2.193241 0.2992296 0.4629246 2.38542 -0.1389064 0.4150812 1.983797 0.4486784 0.5697722 2.315888 -0.07831083 0.58331 1.845502 0.5004203 0.7042902 2.180703 -0.05201819 0.6486531 1.820642 0.5089245 0.7533152 2.151081 0.1464923 0.1467349 2.287572 0.1616105 0.08939558 2.274592 0.09413175 -0.006881035 2.221786 0.2478484 0.009381584 2.318513 0.04953282 -0.4701133 2.310547 0.2238601 -0.4761863 2.481131 0.03761725 -0.8749421 2.391665 0.1781989 -0.8496088 2.567863 0.06192867 -0.9456141 2.385414 0.2245969 -0.9229969 2.575083
0.161475 0.6102437 2.242106 0.1189268 0.4440365 2.277591 -0.02236297 0.3392871 2.195314 0.3000415 0.4593063 2.386941 -0.1443179 0.3986463 1.987274 0.4595893 0.552122 2.321238 -0.08562684 0.5325427 1.853562 0.5140507 0.6701652 2.171103 -0.05111868 0.6213478 1.818623 0.5228852 0.6997331 2.144461 0.14414 0.1457679 2.2867 0.1584982 0.08822088 2.273365 0.08877046 -0.008881615 2.220204 0.2448668 0.007234304 2.316676 0.04976049 -0.4713774 2.31051 0.2238887 -0.4764513 2.481193 0.03261817 -0.8732439 2.391122 0.1779402 -0.8545882 2.56583 0.06019696 -0.9426352 2.384146 0.2124357 -0.9257185 2.570173
0.1612472 0.6101633 2.2419 0.1189935 0.4434921 2.277948 -0.0247009 0.3348113 2.197704 0.3023544 0.455426 2.39015 -0.1498595 0.3777152 1.993174 0.4636013 0.5432651 2.320236 -0.08488959 0.5246235 1.852255 0.5188257 0.6546416 2.164923 -0.04731916 0.6011403 1.816868 0.5252922 0.6906776 2.141059 0.1440471 0.1456823 2.286684 0.1583661 0.08819032 2.27321 0.08854266 -0.008984605 2.220161 0.2450622 0.006919107 2.315838 0.05015594 -0.471303 2.310424 0.2245296 -0.476513 2.481351 0.03173081 -0.8742002 2.390504 0.1786152 -0.8455863 2.562113 0.05898717 -0.9438317 2.384775 0.2246277 -0.9217324 2.577121
0.1611579 0.6103163 2.241767 0.1188728 0.4430957 2.278614 -0.02491032 0.3237979 2.203197 0.3001009 0.4493691 2.392121 -0.1512364 0.3654212 1.995437 0.4815983 0.4956626 2.342369 -0.07946959 0.5021269 1.848123 0.5210215 0.6006048 2.177241 -0.04412314 0.5700956 1.814385 0.5358431 0.6364623 2.138453 0.1442383 0.1448566 2.286782 0.1586903 0.08719201 2.272964 0.08946619 -0.01036805 2.219566 0.245614 0.006041776 2.315524 0.05109416 -0.4743405 2.312065 0.2244769 -0.4768004 2.481081 0.03156808 -0.8725294 2.391654 0.1785918 -0.8468499 2.562963 0.05820187 -0.9422743 2.384549 0.2303362 -0.9251384 2.586731
0.16228 0.6100109 2.241074 0.1179795 0.442794 2.27888 -0.02360133 0.3211297 2.204526 0.3000625 0.4432767 2.394475 -0.1524652 0.3462237 2.00168 0.481714 0.4439577 2.420136 -0.07494035 0.4751178 1.840381 0.525402 0.5602013 2.183703 -0.04296724 0.5338738 1.806144 0.5403371 0.6031871 2.138318 0.1437589 0.142948 2.286427 0.1586677 0.08481905 2.272224 0.08983235 -0.0118586 2.219119 0.2460487 0.004251241 2.314539 0.050978 -0.4749304 2.311443 0.2246175 -0.477211 2.481007 0.03155264 -0.8736521 2.392651 0.1773956 -0.8563873 2.565629 0.05873112 -0.9431272 2.385001 0.2153667 -0.9250906 2.575117
0.1639752 0.6085809 2.240615 0.1159716 0.4420455 2.279413 -0.0233313 0.3208964 2.204893 0.3025 0.4307154 2.399002 -0.1541507 0.3339937 2.008082 0.4906455 0.4259234 2.388327 -0.06920759 0.4396475 1.837649 0.5258688 0.518207 2.194444 -0.03749123 0.4895922 1.805598 0.5473464 0.5548318 2.140909 0.1420075 0.1409107 2.28605 0.1574054 0.08270522 2.27146 0.08934548 -0.01270524 2.218998 0.2448304 0.002052915 2.312703 0.05123493 -0.4745232 2.310914 0.2233965 -0.4799419 2.481733 0.03169324 -0.8712244 2.390276 0.1775953 -0.8564553 2.565727 0.05819153 -0.9411596 2.384735 0.2191565 -0.9261028 2.57681
0.1645117 0.6091665 2.239908 0.1149208 0.441674 2.279753 -0.02164802 0.3226538 2.204462 0.3091325 0.4225321 2.407775 -0.1691541 0.2996418 2.009565 0.4976027 0.4212307 2.370544 -0.06435268 0.423429 1.830166 0.5290925 0.4948142 2.18635 -0.03632487 0.4717789 1.801364 0.5486061 0.5177725 2.144785 0.1393698 0.1396322 2.285841 0.1550672 0.0813694 2.270923 0.08641815 -0.01301802 2.218779 0.2425261 -9.212061E-05 2.311457 0.05121768 -0.4751148 2.310837 0.2234263 -0.4796138 2.481537 0.03159587 -0.8712772 2.390192 0.177729 -0.8509471 2.565985 0.05805612 -0.941242 2.384868 0.2120664 -0.9183257 2.571705
0.1655812 0.6097487 2.239945 0.1089466 0.4442385 2.278286 -0.01972101 0.3240293 2.203516 0.3088025 0.4201323 2.407241 -0.172197 0.2692313 2.027681 0.4955786 0.3934615 2.374031 -0.08361956 0.362605 1.856499 0.5254939 0.4602394 2.186791 -0.03260672 0.4316183 1.798862 0.5515639 0.4979596 2.141984 0.1379944 0.1387523 2.285239 0.1542986 0.08027431 2.270172 0.08631954 -0.01293665 2.21874 0.242123 -0.00105596 2.310388 0.05127006 -0.4751045 2.310796 0.223733 -0.4780125 2.480577 0.0308116 -0.8724009 2.391371 0.1800244 -0.8455892 2.567153 0.05825539 -0.9418617 2.384632 0.221217 -0.9195353 2.57762
0.1653441 0.608113 2.239286 0.1084029 0.4441259 2.278597 -0.01575514 0.322004 2.203053 0.3075712 0.4136382 2.405046 -0.1736219 0.258437 2.032681 0.4916152 0.3715053 2.377755 -0.08271378 0.3533706 1.854887 0.5257368 0.4419363 2.192746 -0.03211853 0.4117056 1.795673 0.5540806 0.4726717 2.140178 0.1370115 0.1356193 2.284936 0.1537744 0.0760145 2.26929 0.08629669 -0.0142294 2.218234 0.2416094 -0.004199447 2.309464 0.05142027 -0.475125 2.310768 0.2237244 -0.4780027 2.480562 0.03101743 -0.8728485 2.391372 0.1792127 -0.8572026 2.568083 0.05838557 -0.9423304 2.384561 0.2205634 -0.9214317 2.576249
0.1646131 0.6081865 2.238684 0.1084146 0.4440216 2.278649 -0.01245703 0.3181141 2.202142 0.3051144 0.4061175 2.401025 -0.1834831 0.2382755 2.045096 0.4907681 0.3718982 2.37834 -0.0763988 0.3402513 1.845442 0.5246404 0.4180171 2.18523 -0.03404894 0.3760445 1.797414 0.553572 0.4287715 2.146535 0.1410972 0.1280858 2.284834 0.1600078 0.06612916 2.268816 0.0935694 -0.02187477 2.219247 0.2470594 -0.00979515 2.308087 0.05129416 -0.4764944 2.310633 0.2237643 -0.4780558 2.480236 0.03101819 -0.8730204 2.391399 0.1802526 -0.8598301 2.569574 0.05831174 -0.9426302 2.385708 0.219056 -0.9239309 2.572446
0.1662292 0.6072915 2.237632 0.1084333 0.4439258 2.27876 -0.01284055 0.3174001 2.201768 0.3037457 0.4032548 2.399404 -0.1808445 0.2382707 2.031735 0.4896674 0.3705934 2.377243 -0.07785669 0.3159291 1.849538 0.5242518 0.3901815 2.179487 -0.03337186 0.362144 1.798935 0.5511012 0.4211633 2.149193 0.1420147 0.1273471 2.28511 0.1612125 0.06563928 2.268763 0.09617945 -0.02311937 2.218483 0.2490973 -0.01073683 2.308417 0.05133388 -0.4764951 2.310524 0.2229864 -0.4792969 2.480403 0.03014914 -0.8720708 2.390944 0.1783365 -0.8573132 2.568744 0.05771204 -0.9416004 2.385599 0.2239634 -0.9217217 2.583156
0.166654 0.6078491 2.236607 0.1087181 0.4437163 2.279216 -0.01369799 0.3155846 2.201669 0.3038304 0.4021399 2.399708 -0.1820076 0.2378103 2.028738 0.4894907 0.3678641 2.375207 -0.07714652 0.3105369 1.849548 0.5226512 0.3850664 2.176956 -0.03377126 0.3505798 1.799847 0.5478896 0.4098139 2.149061 0.1422619 0.1267857 2.285476 0.1615411 0.06529741 2.268759 0.09647492 -0.0241064 2.218251 0.2499453 -0.01142133 2.308401 0.05128771 -0.4766058 2.310529 0.2226053 -0.4801733 2.480487 0.02826653 -0.8725439 2.390025 0.1784656 -0.8569456 2.568709 0.05766396 -0.9413881 2.385698 0.2237447 -0.9224321 2.58341
0.1681059 0.6094182 2.236536 0.1086886 0.4438545 2.279381 -0.01611376 0.3134331 2.2016 0.3054655 0.4011557 2.40107 -0.1821777 0.237862 2.028217 0.4908321 0.365338 2.373896 -0.07627217 0.3068448 1.848137 0.5215875 0.3805835 2.175062 -0.03306776 0.3460161 1.799334 0.5456007 0.4052297 2.1486 0.142365 0.1263819 2.286652 0.1617444 0.06482518 2.270044 0.09696638 -0.02567563 2.220702 0.2503962 -0.01329223 2.310194 0.0510525 -0.4769848 2.310508 0.2227014 -0.4804117 2.480586 0.02897718 -0.8722349 2.390418 0.1773952 -0.8596475 2.568865 0.05769619 -0.9413416 2.385752 0.2251155 -0.9238214 2.583609
0.1688691 0.6101181 2.236081 0.1096902 0.4438414 2.280515 -0.01660885 0.3116867 2.201721 0.3054292 0.4006696 2.400974 -0.1806059 0.2456766 2.019958 0.4907642 0.3647072 2.373669 -0.07749664 0.3043421 1.849064 0.5210804 0.3800048 2.17477 -0.03289878 0.3441534 1.798651 0.5447293 0.4040295 2.149333 0.1434166 0.1252672 2.286918 0.162897 0.06378645 2.269794 0.09751017 -0.02675897 2.22057 0.2524584 -0.01408757 2.308821 0.0505575 -0.4798132 2.311831 0.2226271 -0.4814508 2.481422 0.02999476 -0.8728299 2.393292 0.1772688 -0.8598735 2.568654 0.05793567 -0.9419813 2.385585 0.211957 -0.9253142 2.580327
0.1691949 0.610599 2.235783 0.1098664 0.4438185 2.280566 -0.01667335 0.3116429 2.201735 0.3054214 0.40034 2.400952 -0.1817375 0.2471716 2.018203 0.4907112 0.3641546 2.373781 -0.07808656 0.3044542 1.849137 0.5206548 0.3802118 2.174889 -0.03295556 0.344362 1.798266 0.5443065 0.4039645 2.14942 0.1435536 0.1246357 2.287033 0.163152 0.06319907 2.269588 0.09749631 -0.02715503 2.220526 0.2528851 -0.01464503 2.308229 0.05152714 -0.4810914 2.312992 0.222547 -0.4817204 2.481562 0.0299722 -0.8726681 2.392615 0.1776407 -0.8509815 2.56649 0.05786064 -0.9418743 2.38523 0.2160149 -0.920707 2.579834
0.1695899 0.6108912 2.235087 0.110315 0.4439689 2.280785 -0.01655904 0.3116851 2.201746 0.3054776 0.400823 2.400684 -0.1812335 0.2501579 2.017142 0.490649 0.3640428 2.373734 -0.08511294 0.3077462 1.852018 0.5192499 0.38996 2.175749 -0.03411351 0.3505342 1.793995 0.5430415 0.409147 2.148203 0.1435199 0.1239 2.288228 0.1630376 0.06220406 2.270943 0.09751271 -0.02844711 2.223982 0.2521791 -0.01522745 2.308882 0.05175268 -0.4811597 2.313488 0.2222546 -0.4821354 2.481675 0.03037124 -0.8756914 2.392708 0.1784801 -0.8507165 2.567373 0.05863139 -0.9446814 2.384747 0.2220507 -0.9216862 2.583943
0.1709391 0.6124002 2.235328 0.110445 0.4454049 2.281157 -0.01576959 0.3159254 2.201722 0.3056372 0.4006675 2.400485 -0.1800013 0.2540755 2.021061 0.4914548 0.3676193 2.370028 -0.0962219 0.3216522 1.852781 0.5196921 0.4114295 2.175396 -0.03560053 0.3746466 1.788938 0.5439911 0.4323031 2.144573 0.1427929 0.1244959 2.288872 0.1621649 0.06283075 2.271608 0.09660024 -0.02705153 2.224575 0.2501135 -0.0150905 2.309988 0.0519178 -0.4791333 2.312608 0.2226104 -0.4814021 2.481863 0.03034667 -0.8750631 2.392246 0.1786988 -0.8490956 2.568964 0.05889372 -0.943975 2.384651 0.2239567 -0.9222142 2.583746
0.1718445 0.6138626 2.23557 0.110388 0.4455366 2.281152 -0.01483047 0.3267803 2.204586 0.3068516 0.4028063 2.40077 -0.1824032 0.260689 2.027083 0.4923329 0.3676872 2.372981 -0.1100876 0.3453268 1.861432 0.5184199 0.4264367 2.182295 -0.03658982 0.3963369 1.784464 0.5449225 0.4591422 2.138951 0.1426668 0.1269799 2.288358 0.1620864 0.06657878 2.270494 0.09643593 -0.02287381 2.222567 0.2504858 -0.01173353 2.308701 0.05226715 -0.4792089 2.312832 0.2227236 -0.4797905 2.480871 0.03044115 -0.875131 2.392035 0.1785065 -0.8505247 2.569467 0.05898675 -0.9440461 2.384475 0.2253469 -0.9222685 2.582885
0.1717258 0.615101 2.236046 0.1105161 0.4454246 2.280999 -0.01641127 0.3309817 2.205204 0.3077171 0.4083526 2.400896 -0.1808516 0.2771644 2.019774 0.4936591 0.3760368 2.379565 -0.06210514 0.3918556 1.811707 0.5198032 0.4495226 2.194467 -0.03515119 0.4183545 1.785033 0.5455799 0.4762874 2.138115 0.1414379 0.1284325 2.289157 0.1600876 0.06866381 2.271662 0.09390781 -0.01988775 2.224951 0.2476996 -0.01060223 2.309553 0.05279209 -0.480101 2.313494 0.2227079 -0.4796581 2.480695 0.03020934 -0.8758301 2.392354 0.1789322 -0.8570755 2.569524 0.05921577 -0.944532 2.384621 0.2245172 -0.9232855 2.582181
0.1719079 0.6154367 2.23613 0.110741 0.4446431 2.280682 -0.01710581 0.332236 2.205367 0.3084151 0.4127638 2.401496 -0.1819703 0.2854763 2.014648 0.4960003 0.3916419 2.377622 -0.06584467 0.4042851 1.8125 0.5216233 0.4784335 2.198765 -0.03913275 0.4529175 1.782545 0.5454563 0.5132734 2.136273 0.1398606 0.1301152 2.289144 0.1577787 0.07122445 2.27163 0.09151585 -0.0179708 2.22447 0.2451327 -0.009200525 2.309737 0.05372702 -0.4789599 2.313549 0.2231654 -0.4801704 2.481092 0.03264434 -0.8696244 2.386213 0.179216 -0.862294 2.571949 0.05828825 -0.9400054 2.383079 0.2224888 -0.9251565 2.572453
0.1714748 0.6148601 2.236862 0.1110448 0.4444402 2.280739 -0.01776702 0.3326439 2.205361 0.3107486 0.4241106 2.40098 -0.1820162 0.3026301 2.012936 0.4972113 0.4430595 2.35253 -0.07336815 0.4271925 1.816949 0.522249 0.5239577 2.170631 -0.04175067 0.4804416 1.779296 0.5432508 0.5544794 2.129558 0.1395119 0.1310082 2.289426 0.1571473 0.07228451 2.271806 0.09091881 -0.01753097 2.224854 0.2442835 -0.008446536 2.30941 0.05340395 -0.4783232 2.313363 0.2228073 -0.4797472 2.480395 0.02858478 -0.8616382 2.386959 0.1776204 -0.8514152 2.57356 0.05801973 -0.9393315 2.38373 0.2241902 -0.9235016 2.575317
0.1688503 0.6140208 2.237983 0.1123624 0.4444119 2.280249 -0.01824524 0.3315901 2.205009 0.3084439 0.4294779 2.397726 -0.1761116 0.3234392 2.006315 0.4872601 0.4756419 2.33274 -0.07622258 0.4577475 1.823744 0.5285019 0.5646603 2.158281 -0.04203571 0.5260958 1.780847 0.5387374 0.5974744 2.122818 0.1397784 0.1317514 2.289253 0.1572474 0.07299526 2.271571 0.09082908 -0.01738671 2.224728 0.2443617 -0.007284755 2.30902 0.05303842 -0.4785254 2.313054 0.2235679 -0.4785932 2.479915 0.02890174 -0.8628721 2.387712 0.180763 -0.8572876 2.577937 0.05800735 -0.9392698 2.383724 0.2242216 -0.9236003 2.575384
0.1637908 0.6093183 2.239788 0.1142265 0.443932 2.279902 -0.01945906 0.3299475 2.203088 0.3091175 0.4353899 2.396909 -0.1679295 0.3473575 1.993296 0.4713224 0.5160612 2.317956 -0.07825007 0.4876331 1.828653 0.5286179 0.5996403 2.145504 -0.04315514 0.5563836 1.783874 0.5329777 0.63459 2.122163 0.1399823 0.1327838 2.289325 0.1572659 0.07422455 2.271741 0.09057789 -0.01734497 2.224615 0.2444468 -0.006429104 2.309531 0.05297698 -0.4784856 2.313271 0.2236606 -0.4780131 2.479465 0.02883479 -0.8644481 2.386402 0.1828644 -0.8616288 2.57594 0.05795484 -0.9394884 2.384068 0.2224961 -0.9252572 2.574423
