0.04951777 0.6560967 2.260215 0.07334477 0.4863617 2.249999 0.07162671 0.3185254 2.160212 0.09092144 0.3397599 2.150064 0.3192859 0.416685 2.14575 0.07567989 0.2287343 2.286123 0.3950582 0.5748687 2.26752 0.2400604 0.4375592 2.294668 0.3970445 0.6500649 2.318078 0.2948538 0.5071675 2.301944 0.1452781 0.02161354 2.282112 0.1615613 -0.07231326 2.29132 0.1557585 -0.08327992 2.291738 0.1700981 -0.07404335 2.291178 0.1322593 -0.5048453 2.260211 0.03482171 -0.4469375 2.568105 0.03774189 -0.9138244 2.241124 -0.0188567 -0.7525452 2.544929 0.002074961 -0.9789707 2.177917 -0.04743661 -0.8006585 2.480346
0.04933173 0.6575714 2.259785 0.07450621 0.4880252 2.249532 0.07280236 0.3214098 2.161134 0.09368241 0.338188 2.153338 0.3207178 0.4185905 2.149161 0.07844087 0.2271626 2.289397 0.3945997 0.5747019 2.269399 0.2409779 0.4372641 2.299439 0.3954914 0.6474752 2.323415 0.2951569 0.5072979 2.307214 0.1457893 0.02206986 2.281801 0.1617522 -0.07194814 2.291115 0.1558586 -0.08269819 2.291591 0.1703089 -0.07358739 2.290888 0.132303 -0.5042702 2.260287 0.03427397 -0.445641 2.56808 0.03765535 -0.913218 2.241245 -0.01940438 -0.7512484 2.544905 0.008815989 -0.9783714 2.175394 -0.0412892 -0.7993315 2.477736
0.04960026 0.6583486 2.259816 0.07516643 0.4887855 2.249121 0.0734531 0.323856 2.161821 0.09467396 0.3375382 2.154748 0.3207533 0.4215349 2.155906 0.06452166 0.2523254 2.303818 0.3923999 0.5967588 2.303382 0.2362549 0.4552063 2.311795 0.3946247 0.6579795 2.338088 0.2934994 0.5228332 2.318882 0.1459412 0.02236261 2.281558 0.1617022 -0.07162596 2.290915 0.1557046 -0.082075 2.291688 0.1702053 -0.07318471 2.290263 0.1324608 -0.5036573 2.260214 0.03361781 -0.4439602 2.568066 0.03801801 -0.9126494 2.241319 -0.02006046 -0.7495671 2.54489 0.0105809 -0.9777478 2.175046 -0.0404288 -0.7976364 2.477235
0.04964464 0.6585447 2.260007 0.07516154 0.4889254 2.249023 0.07373563 0.3246028 2.162327 0.09532879 0.3375196 2.155474 0.3214299 0.4214732 2.15545 0.06434755 0.252169 2.304333 0.3867703 0.5644917 2.265872 0.2355335 0.4553549 2.313759 0.3888543 0.6310065 2.3123 0.2925955 0.5230835 2.321328 0.1463983 0.02264265 2.281522 0.1620779 -0.07127423 2.290945 0.1560171 -0.08158425 2.291866 0.1705976 -0.07286489 2.290211 0.1318433 -0.5031137 2.260374 0.03372383 -0.4438103 2.568251 0.03787612 -0.912217 2.241344 -0.01995439 -0.7494167 2.545076 0.01155156 -0.9774805 2.174732 -0.03957035 -0.7974884 2.4772
0.04954705 0.6588029 2.259911 0.07522847 0.4891952 2.248848 0.0739255 0.3250369 2.162434 0.09553801 0.3372561 2.155816 0.3217063 0.4215806 2.156078 0.0641681 0.2519841 2.304643 0.3862553 0.5649444 2.266061 0.2351227 0.4553285 2.314391 0.3882703 0.6309835 2.312048 0.2921076 0.52311 2.322068 0.1471874 0.02311225 2.281356 0.1628001 -0.07071649 2.290848 0.1567663 -0.08095074 2.291541 0.1712728 -0.0720998 2.290383 0.1317206 -0.5024423 2.260347 0.03378926 -0.4429471 2.568658 0.03819319 -0.9116484 2.241168 -0.01988887 -0.7485532 2.545482 0.01259394 -0.9770293 2.174334 -0.03896974 -0.7966295 2.477458
0.04956059 0.6593537 2.259951 0.07521798 0.4897304 2.248819 0.07395927 0.3253891 2.162596 0.09573706 0.337196 2.156023 0.32153 0.4222976 2.157071 0.06404279 0.2519353 2.304797 0.3856991 0.5654305 2.266101 0.2347844 0.4554552 2.314573 0.3982927 0.6345664 2.323338 0.2916982 0.5232952 2.322259 0.1473572 0.02331801 2.281266 0.1629045 -0.07051921 2.290772 0.1568034 -0.08072707 2.291563 0.1714209 -0.0718658 2.290203 0.1315758 -0.5022042 2.260277 0.03290893 -0.4410405 2.568615 0.03825707 -0.9114568 2.241128 -0.02076915 -0.7466462 2.545439 0.0128513 -0.9768618 2.174247 -0.03970487 -0.794719 2.477372
0.04948454 0.659516 2.260042 0.07524756 0.489897 2.24884 0.07426701 0.3254695 2.162569 0.09614228 0.3369512 2.156218 0.3216215 0.4229068 2.157146 0.06398083 0.2517894 2.304955 0.3907889 0.6195263 2.31018 0.2343145 0.4556726 2.314537 0.4024858 0.6713858 2.350941 0.2910925 0.5236336 2.322158 0.1480568 0.0235731 2.281332 0.1636055 -0.07021035 2.290871 0.1574878 -0.08028232 2.291642 0.1720515 -0.07154815 2.290359 0.13155 -0.5017136 2.260288 0.03298678 -0.4410546 2.568675 0.03869939 -0.9110729 2.241101 -0.02069123 -0.7466599 2.5455 0.01407477 -0.97656 2.174013 -0.03897178 -0.7947345 2.477255
0.04933657 0.6596717 2.260157 0.07514854 0.4900669 2.248997 0.07421334 0.3255726 2.162769 0.09634291 0.3369056 2.1561 0.3222053 0.4220276 2.154046 0.06387485 0.2516899 2.304754 0.3791553 0.5665478 2.262073 0.2331756 0.4565236 2.313494 0.3902593 0.6364312 2.318708 0.2896092 0.5248016 2.320835 0.1497284 0.02444118 2.281511 0.1657246 -0.06901973 2.29106 0.1589654 -0.07961257 2.291745 0.1747928 -0.06992452 2.290732 0.1312972 -0.5009254 2.260188 0.03559707 -0.4375646 2.568885 0.0390648 -0.9104139 2.241563 -0.01808086 -0.7431694 2.54571 0.01393251 -0.9760745 2.174698 -0.03709849 -0.7912801 2.477691
0.04584286 0.659425 2.261028 0.0750214 0.4902188 2.248967 0.07392119 0.3256197 2.163029 0.1007086 0.3435469 2.152058 0.320261 0.4193762 2.1494 0.06693701 0.2588732 2.300729 0.380782 0.5655866 2.258155 0.2363739 0.4636653 2.308797 0.3892256 0.6359609 2.31464 0.2928528 0.5319293 2.315914 0.1515209 0.02687599 2.281675 0.1680216 -0.06567394 2.291368 0.1596089 -0.0785754 2.291831 0.1790471 -0.06715772 2.291481 0.131292 -0.4998457 2.260284 0.0371836 -0.4362401 2.569128 0.03916576 -0.9093583 2.241618 -0.01649426 -0.7418446 2.545953 0.008731345 -0.9752239 2.176545 -0.0410355 -0.7900711 2.479811
0.04504447 0.659295 2.261327 0.07461308 0.4901062 2.248953 0.07364947 0.32571 2.163138 0.1029361 0.34567 2.150694 0.3131106 0.4114968 2.137487 0.06854466 0.2609166 2.299205 0.3831563 0.5676321 2.255491 0.237045 0.4669995 2.301475 0.3860994 0.6415448 2.307862 0.2932118 0.5356938 2.306659 0.1522571 0.02804941 2.28182 0.1690129 -0.06396782 2.291599 0.1598262 -0.07804321 2.292155 0.1811362 -0.06574314 2.291496 0.1316543 -0.4993109 2.260318 0.03796307 -0.4356112 2.569389 0.03941707 -0.9087979 2.241659 -0.01571472 -0.7412153 2.546214 0.008158522 -0.9746663 2.176937 -0.04098016 -0.7894859 2.480377
0.04427956 0.6591916 2.261542 0.07449707 0.4900962 2.249031 0.07313297 0.3252065 2.163273 0.1029481 0.3453284 2.150321 0.3036126 0.3999119 2.116833 0.06835312 0.260471 2.29874 0.389383 0.5665078 2.238504 0.235954 0.467742 2.29273 0.3807583 0.6418996 2.288064 0.2918209 0.5368324 2.295154 0.1522664 0.02806935 2.281847 0.1690044 -0.06395504 2.291623 0.1597871 -0.0780436 2.29208 0.1811747 -0.06584163 2.291882 0.1323224 -0.499366 2.26042 0.03755993 -0.4366402 2.569538 0.03959443 -0.9087499 2.241282 -0.0161178 -0.7422439 2.546363 0.007251555 -0.9744498 2.176927 -0.04196566 -0.7905188 2.480756
0.04418908 0.6587622 2.26197 0.07398873 0.4894966 2.248842 0.07111205 0.3219814 2.163521 0.1010209 0.3391483 2.149743 0.3004854 0.3941836 2.106105 0.06586033 0.2541949 2.298003 0.3914654 0.5683424 2.233071 0.2776068 0.4142791 2.259413 0.3779202 0.6457987 2.278143 0.348189 0.4676405 2.250977 0.1528698 0.02714559 2.28204 0.1697492 -0.06510134 2.291938 0.1605764 -0.07896262 2.292062 0.1819297 -0.0674016 2.292684 0.1320864 -0.5002165 2.26039 0.03783711 -0.4390938 2.569906 0.0394561 -0.9096217 2.241272 -0.01584055 -0.7446972 2.546731 0.005007518 -0.9753979 2.177841 -0.04374008 -0.7930242 2.482008
0.04439349 0.6580015 2.262236 0.0739259 0.4886392 2.24878 0.0686217 0.3182983 2.163669 0.0990181 0.328992 2.147966 0.2984974 0.3839894 2.088724 0.06343196 0.2440514 2.296145 0.4024558 0.5718151 2.229988 0.277589 0.402885 2.279326 0.3872778 0.6413505 2.231427 0.321479 0.4225079 2.232676 0.1522797 0.02529181 2.282414 0.1687133 -0.06738736 2.292465 0.1595047 -0.08102407 2.291944 0.180763 -0.07031969 2.294074 0.1322713 -0.5023733 2.260553 0.03844962 -0.4408458 2.570033 0.03920928 -0.9116762 2.241659 -0.01522798 -0.7464488 2.546858 -0.000315845 -0.9772435 2.180574 -0.0476471 -0.794786 2.484285
0.04461108 0.6547529 2.263043 0.07445125 0.4857191 2.251319 0.06614814 0.3143156 2.164148 0.09373026 0.3245973 2.147434 0.2909413 0.3668748 2.067884 0.05788474 0.2396178 2.29554 0.3911151 0.5480077 2.156206 0.2745953 0.3945085 2.294469 0.3983968 0.615072 2.189414 0.3118675 0.4296492 2.2513 0.1516846 0.0222049 2.283643 0.1676762 -0.07062431 2.29347 0.1591422 -0.08328266 2.292031 0.1788038 -0.07354687 2.296021 0.1321073 -0.5046361 2.260438 0.03834498 -0.4439938 2.570134 0.03889088 -0.9139037 2.241517 -0.01533254 -0.7495964 2.546959 -0.005400296 -0.97922 2.182954 -0.05213077 -0.797809 2.486757
0.04420305 0.6521267 2.264447 0.07373384 0.4831664 2.25349 0.06184703 0.310389 2.164663 0.0757266 0.3237863 2.146314 0.2855807 0.3539348 2.052636 0.03961399 0.2388491 2.294385 0.3977853 0.5395919 2.134687 0.2595589 0.3851877 2.317336 0.4063635 0.6016321 2.158458 0.2993661 0.4224291 2.278399 0.1459814 0.01700226 2.284549 0.1599713 -0.07672716 2.293903 0.1553187 -0.08678705 2.291186 0.1656004 -0.08128823 2.298211 0.1312478 -0.5083543 2.260393 0.03943796 -0.4476868 2.571177 0.03804807 -0.9176233 2.24158 -0.01423948 -0.753289 2.548002 -0.0245821 -0.9807346 2.199717 -0.07005429 -0.8005245 2.503771
0.04727809 0.6500444 2.2645 0.07288071 0.4807232 2.255157 0.05790242 0.3064257 2.164973 0.07360192 0.3199797 2.147795 0.2413941 0.3088127 2.021712 0.03750734 0.2350664 2.295882 0.4017763 0.507742 2.084639 0.2565274 0.3794383 2.330456 0.4175301 0.587836 2.113037 0.3048448 0.4236949 2.316515 0.1416027 0.01249036 2.285072 0.1548633 -0.08150835 2.294097 0.1498045 -0.09156324 2.290827 0.1616202 -0.0848432 2.298489 0.1311221 -0.5134127 2.260254 0.03960743 -0.4534576 2.571591 0.03726029 -0.9225231 2.241807 -0.01406994 -0.7590593 2.548416 -0.02259736 -0.985217 2.195497 -0.06575987 -0.8063223 2.499454
0.04799446 0.6472631 2.264926 0.07098697 0.4780316 2.258095 0.05486491 0.3023713 2.165221 0.07074025 0.3179123 2.147973 0.2358704 0.3028048 2.017273 0.03465314 0.2330022 2.296062 0.4117559 0.4943438 2.054024 0.251936 0.3713188 2.35177 0.4323098 0.5717897 2.064983 0.2952581 0.4148663 2.325043 0.141246 0.01077963 2.28573 0.1547825 -0.08299388 2.294502 0.1497705 -0.09288546 2.291099 0.1615321 -0.08590951 2.29882 0.1306901 -0.5147084 2.26031 0.03985865 -0.4566686 2.572085 0.03646027 -0.92374 2.241512 -0.01381866 -0.7622699 2.54891 -0.02283278 -0.9864469 2.194499 -0.06482995 -0.8095455 2.499254
0.04843925 0.6451956 2.265258 0.07028101 0.4759811 2.259294 0.04724953 0.29733 2.166756 0.06744023 0.3143266 2.149384 0.2277015 0.2875087 2.003929 0.03135665 0.2294187 2.297475 0.4222882 0.4678212 2.012447 0.2492726 0.3632797 2.359669 0.4348881 0.5347427 2.019972 0.2925944 0.406827 2.332942 0.1409581 0.007121557 2.286844 0.1547541 -0.08687812 2.295565 0.1490266 -0.09726475 2.292025 0.1623113 -0.0899758 2.300001 0.1306325 -0.5190691 2.26009 0.04020097 -0.4593559 2.572319 0.03576192 -0.9279492 2.241446 -0.01347627 -0.7649568 2.549143 -0.01873824 -0.9909232 2.189273 -0.05846162 -0.8124906 2.494191
0.04948384 0.6426498 2.265893 0.07071978 0.4734295 2.260285 0.04358876 0.2935498 2.168131 0.05489928 0.3436287 2.143501 0.2188382 0.2722079 1.992249 0.01880955 0.2587211 2.29159 0.4252559 0.4407715 1.969985 0.2416069 0.3756426 2.366588 0.4397407 0.4905008 1.96955 0.2849288 0.4191898 2.339861 0.141326 0.00742224 2.286878 0.1554303 -0.08595611 2.295507 0.1495726 -0.09782761 2.291411 0.1637527 -0.09009815 2.300664 0.1311914 -0.5196629 2.260174 0.0421318 -0.4636605 2.572951 0.03572187 -0.928405 2.241417 -0.01154535 -0.7692611 2.549776 -0.03072654 -0.9895723 2.202671 -0.06929643 -0.816121 2.507682
0.05090801 0.6407158 2.266123 0.07064352 0.4715365 2.261612 0.0409409 0.2905821 2.169721 0.05394662 0.343261 2.142482 0.1940236 0.2441546 1.980422 0.01785704 0.2583524 2.290571 0.3743694 0.333759 1.928546 0.2052803 0.3563903 2.439657 0.4366775 0.4491819 1.926352 0.2486022 0.3999376 2.41293 0.1431613 0.006255418 2.286689 0.157954 -0.08708861 2.294939 0.1530349 -0.102184 2.288876 0.1682434 -0.09301545 2.301347 0.1299326 -0.5238867 2.260155 0.04346946 -0.4679412 2.57309 0.03433757 -0.932588 2.241998 -0.01020763 -0.7735415 2.549914 -0.03214329 -0.9937572 2.203311 -0.06781381 -0.8204591 2.507686
0.05590533 0.6381271 2.265313 0.07140664 0.4690402 2.263299 0.04094151 0.2905768 2.169718 0.05282385 0.3400432 2.141115 0.1917996 0.2311773 1.971638 0.01673458 0.255133 2.289202 0.3700218 0.2763686 1.887372 0.2080829 0.3466629 2.437507 0.4353712 0.4137482 1.877994 0.2514048 0.3902102 2.41078 0.1470335 0.003176288 2.287356 0.162572 -0.09023733 2.295336 0.1576054 -0.1049682 2.289217 0.1716699 -0.09558015 2.301784 0.1291706 -0.5263267 2.259998 0.04208079 -0.469294 2.572836 0.03346913 -0.9350026 2.241831 -0.01159623 -0.7748938 2.54966 -0.03522459 -0.9960476 2.207006 -0.07175446 -0.8217343 2.511061
0.06082087 0.6369058 2.264971 0.07202565 0.4676644 2.263782 0.04209797 0.2936442 2.17122 0.056493 0.3374535 2.14432 0.1984688 0.2013083 1.949892 0.02040466 0.2525424 2.292407 0.3719029 0.2586424 1.862599 0.2069716 0.3297245 2.453302 0.417067 0.3341346 1.836845 0.2502934 0.3732717 2.426576 0.1550508 -0.001927013 2.287636 0.1727391 -0.09618773 2.295481 0.1652049 -0.1088398 2.290009 0.183038 -0.1012906 2.30119 0.127649 -0.5294461 2.259831 0.04335958 -0.4762157 2.574327 0.03282396 -0.9383228 2.241811 -0.01031734 -0.7818152 2.551151 -0.03218089 -1.000733 2.2026 -0.06672964 -0.8292525 2.507904
0.0642593 0.6330998 2.265877 0.0758748 0.4636283 2.263524 0.0459687 0.3020945 2.171652 0.06281438 0.3331446 2.145675 0.1280304 0.1806999 1.963472 0.02672676 0.248233 2.293761 0.3199421 0.1947344 1.850075 0.196522 0.321009 2.472769 0.4045174 0.2839087 1.803032 0.2398438 0.3645562 2.446042 0.1545123 -0.001642635 2.286323 0.1709517 -0.09500431 2.293259 0.1618888 -0.1111576 2.274785 0.1815717 -0.1016218 2.303422 0.127755 -0.5323945 2.261656 0.05064833 -0.4769163 2.576476 0.03207534 -0.9410983 2.242135 -0.003028505 -0.7825153 2.5533 -0.03290069 -1.002327 2.201058 -0.05932147 -0.8297043 2.509628
0.06721286 0.6313156 2.265552 0.07757379 0.4619778 2.264169 0.05697737 0.3037723 2.173864 0.06527951 0.3316145 2.147073 0.1266275 0.1752674 1.960983 0.02919193 0.2467028 2.295159 0.3025362 0.1559526 1.833416 0.1936564 0.3120838 2.481323 0.3921286 0.2309986 1.76545 0.4930074 0.4226711 2.799612 0.1792403 -0.006742809 2.286126 0.2026216 -0.1004705 2.29322 0.2079533 -0.1094769 2.296583 0.2064109 -0.1043153 2.293669 0.1236646 -0.5229174 2.259467 0.0552433 -0.478819 2.577414 0.03307759 -0.9327523 2.241471 0.001566529 -0.7844176 2.554238 -0.03475618 -0.9987597 2.215019 -0.0623547 -0.8324705 2.524107
0.07185999 0.630794 2.265074 0.07899515 0.4613304 2.26387 0.06624943 0.304204 2.173383 0.06704441 0.3311698 2.147106 0.1205459 0.1738538 1.963726 0.03095695 0.2462582 2.295192 0.2673261 0.1252861 1.828212 0.1894996 0.3010418 2.489189 0.3535887 0.1569396 1.763081 0.4873472 0.4078278 2.820177 0.1792465 -0.004723042 2.285438 0.2013618 -0.09707849 2.292371 0.2040476 -0.1044126 2.29285 0.2047296 -0.1005504 2.293659 0.1252927 -0.519182 2.260334 0.04830395 -0.5196852 2.594315 0.03364345 -0.9287928 2.241663 -0.005372792 -0.8252835 2.57114 -0.03992777 -0.9931087 2.231229 -0.07544241 -0.8723966 2.557967
0.0751363 0.6303011 2.263944 0.07990822 0.4609156 2.263447 0.07525206 0.3042691 2.171403 0.06810606 0.3309144 2.146904 0.1129189 0.1598196 1.960415 0.03201868 0.2460028 2.29499 0.2584711 0.1095661 1.824117 0.1847667 0.2957317 2.494537 0.3431276 0.1352225 1.752126 0.4675002 0.3712036 2.85525 0.1721926 0.0004907437 2.282397 0.1885191 -0.08912133 2.288309 0.1931671 -0.09751651 2.28424 0.1863705 -0.09440175 2.293357 0.1268749 -0.5147877 2.261154 0.04775336 -0.5253872 2.594587 0.03442299 -0.924233 2.241579 -0.005923301 -0.8309851 2.571412 -0.04157741 -0.9854118 2.253378 -0.07813057 -0.8754111 2.582153
0.07723368 0.6299943 2.262865 0.08183598 0.4607097 2.262823 0.0794359 0.3046331 2.170873 0.07027606 0.330897 2.146526 0.1097202 0.1524296 1.958803 0.03418875 0.2459854 2.294612 0.2477285 0.08738431 1.820755 0.1797611 0.2893325 2.500489 0.338843 0.1118905 1.71708 0.4614755 0.3640166 2.867557 0.1552972 0.003632589 2.279514 0.164879 -0.08627049 2.28546 0.1700182 -0.09596014 2.2771 0.1616689 -0.09485086 2.294365 0.1286883 -0.516549 2.262072 0.02820389 -0.5451168 2.594736 0.0338108 -0.9254549 2.241367 -0.02547267 -0.8507142 2.57156 -0.04323895 -0.9828247 2.262108 0.04254586 -0.8498744 2.642489
0.07815499 0.6297582 2.262269 0.08326106 0.4605814 2.262625 0.08199709 0.3046699 2.169666 0.07187086 0.3308959 2.146505 0.106915 0.1466763 1.957442 0.03578359 0.2459845 2.294591 0.242476 0.07944968 1.817877 0.1773994 0.2844573 2.503942 0.3300652 0.1004204 1.717503 0.2309752 0.2947059 2.542827 0.1490402 0.007224181 2.278189 0.1586513 -0.08246392 2.284199 0.1608685 -0.08872954 2.278374 0.1561118 -0.09075851 2.290575 0.1298503 -0.5101978 2.26213 0.02685787 -0.5489081 2.594029 0.03476709 -0.9190565 2.241322 -0.02681864 -0.8545052 2.570854 -0.0414454 -0.9756842 2.266682 0.04119577 -0.853674 2.641787
0.07985757 0.629519 2.261408 0.08411676 0.4604703 2.262402 0.08365226 0.3045202 2.16948 0.07279821 0.3308672 2.146395 0.1051408 0.1430104 1.95715 0.03671099 0.2459558 2.294481 0.2363646 0.06937829 1.81658 0.1766 0.2830335 2.505156 0.3061389 0.06546675 1.73529 0.2253344 0.2938372 2.549829 0.145249 0.006190948 2.277855 0.154491 -0.08402491 2.283979 0.1569726 -0.09045729 2.278129 0.1525925 -0.09232254 2.290317 0.1298792 -0.5121976 2.262105 0.02546078 -0.5512189 2.593549 0.03439563 -0.9209634 2.241227 -0.02821567 -0.8568155 2.570374 -0.04156579 -0.9766034 2.269373 0.03965608 -0.8562797 2.641446
0.0808652 0.6188847 2.263601 0.1021592 0.4059439 2.262833 0.08573438 0.3035698 2.168619 0.09114412 0.2768803 2.147582 0.1044911 0.1415914 1.957461 0.05505685 0.1919687 2.295668 0.2353963 0.06737237 1.816904 0.1873548 0.2496088 2.506608 0.305968 0.06495955 1.736181 0.4444942 0.3434009 2.901795 0.1659633 0.008172347 2.277201 0.1850934 -0.07275877 2.283098 0.1891952 -0.07192493 2.280126 0.1857229 -0.08393194 2.286313 0.1295838 -0.494691 2.262496 0.115533 -0.5651794 2.573704 0.04993321 -0.854528 2.240219 0.06185658 -0.8707756 2.550529 0.09643643 -0.9097821 2.248018 -0.0112424 -0.9149668 2.553105
0.08089187 0.6282463 2.261373 0.08850189 0.4586553 2.259495 0.0862982 0.3036723 2.168409 0.07748685 0.3295916 2.144244 0.1003243 0.1558667 1.971162 0.04139963 0.2446802 2.292329 0.2298199 0.07042411 1.823622 0.1791113 0.2810392 2.504467 0.3063897 0.06537688 1.739784 0.4428433 0.3422898 2.896007 0.1476846 0.0209833 2.276156 0.1566502 -0.06197006 2.282332 0.1604597 -0.06481516 2.280535 0.153036 -0.07042246 2.284201 0.1292424 -0.496507 2.262617 0.02948256 -0.5352102 2.580172 0.04984637 -0.8542352 2.240085 -0.02419376 -0.840806 2.556997 0.09622166 -0.909579 2.248009 0.04111764 -0.8454771 2.630282
0.08159864 0.6282189 2.261126 0.08852751 0.4586678 2.259557 0.08626782 0.3037054 2.168354 0.07751247 0.3296041 2.144306 0.1006074 0.1592174 1.973924 0.04142531 0.2446927 2.292391 0.2331769 0.07183251 1.826353 0.179648 0.2808066 2.504254 0.312897 0.06947072 1.744843 0.4544677 0.3462713 2.89771 0.175309 0.01872361 2.277941 0.2019709 -0.06992976 2.285158 0.2001522 -0.07219677 2.279756 0.2058569 -0.08035808 2.291145 0.1288081 -0.4972698 2.262488 0.1234816 -0.5574695 2.582017 0.04980215 -0.8541786 2.240122 0.06980535 -0.8630649 2.558841 0.09650798 -0.9091796 2.248479 0.1341239 -0.8706304 2.632761
0.08194267 0.6280503 2.260782 0.08848586 0.4585729 2.259608 0.08588854 0.3036933 2.168596 0.07747082 0.3295092 2.144357 0.1023323 0.1605409 1.974624 0.04138368 0.2445979 2.292442 0.2455035 0.0826043 1.831042 0.1827349 0.2813236 2.502254 0.3273466 0.09064497 1.761211 0.45607 0.3450681 2.875299 0.1786605 0.01955855 2.278746 0.2029568 -0.06913231 2.285675 0.2012934 -0.0719139 2.279826 0.207008 -0.07928807 2.292246 0.1288494 -0.497163 2.262542 0.1235354 -0.55682 2.582158 0.049777 -0.8540293 2.24012 0.06985924 -0.862415 2.558983 0.09655188 -0.9089881 2.248368 0.1341524 -0.8700364 2.632918
0.08213491 0.6275948 2.260467 0.08818343 0.4582368 2.259897 0.08320472 0.3037286 2.169259 0.07716839 0.3291731 2.144646 0.1127841 0.1578182 1.970416 0.04108129 0.2442619 2.29273 0.2909091 0.1006181 1.824726 0.1878935 0.2843102 2.498405 0.3547757 0.1209724 1.767872 0.2580847 0.2965028 2.554428 0.1752728 0.01985444 2.278314 0.1938158 -0.06788661 2.284643 0.1920271 -0.07315338 2.278925 0.1972707 -0.07521065 2.290748 0.1284972 -0.4980609 2.262563 0.05295983 -0.5317204 2.590044 0.04958689 -0.8539585 2.24056 -0.0007162541 -0.8373148 2.566869 0.09647655 -0.9088961 2.248281 -0.07305421 -0.8821307 2.574725
0.08223055 0.627213 2.260469 0.08751269 0.4578729 2.260087 0.06359711 0.3098871 2.167647 0.07649765 0.3288092 2.144836 0.1192643 0.1607871 1.97076 0.0404106 0.2438981 2.29292 0.3109176 0.125402 1.827686 0.1953744 0.2876137 2.492182 0.3803799 0.1541951 1.778303 0.2697572 0.3033896 2.5415 0.1748426 0.02004127 2.278563 0.1931455 -0.06751293 2.285057 0.1901489 -0.0734551 2.279645 0.1972872 -0.0741982 2.291135 0.1289575 -0.497213 2.262522 0.05289195 -0.5308528 2.590179 0.04965646 -0.8539596 2.240677 -0.0007840507 -0.8364468 2.567004 0.09703578 -0.9082786 2.249679 -0.06030919 -0.8840693 2.528379
0.08181856 0.6264191 2.260312 0.08697402 0.4571914 2.26043 0.05846633 0.3086206 2.168579 0.07595899 0.3281278 2.145179 0.1242674 0.1689969 1.976017 0.03987203 0.2432169 2.293263 0.3333769 0.1560174 1.839634 0.1985282 0.2924063 2.488567 0.4095073 0.2029635 1.793708 0.2710312 0.3065775 2.541069 0.175117 0.02018223 2.278946 0.1935529 -0.06717785 2.285627 0.1900575 -0.07372053 2.279936 0.1997555 -0.07307354 2.292539 0.1298428 -0.4961169 2.262599 0.05790359 -0.5310769 2.590771 0.04976062 -0.8539284 2.240703 0.004227664 -0.8366705 2.567595 0.09657519 -0.9088115 2.249226 -0.05036016 -0.8845349 2.522516
0.08096357 0.6257163 2.260162 0.08612802 0.4566371 2.260908 0.05537751 0.3074229 2.168637 0.07511298 0.3275734 2.145657 0.1286494 0.1820903 1.984031 0.03902609 0.2426628 2.293741 0.3480731 0.1838602 1.857524 0.2211644 0.302588 2.465752 0.4494694 0.262322 1.812751 0.2935757 0.3174809 2.518181 0.1752667 0.02138485 2.27933 0.1938479 -0.0651949 2.286139 0.1898991 -0.07339752 2.280008 0.2012613 -0.07033107 2.293393 0.1303586 -0.4942935 2.262567 0.06063963 -0.5297176 2.590141 0.04992183 -0.8537623 2.240363 0.006963801 -0.8353107 2.566966 0.09651168 -0.9087705 2.249301 -0.04445302 -0.8833141 2.518438
0.07844745 0.6247923 2.259346 0.08431429 0.4561061 2.261619 0.04790198 0.2976753 2.165424 0.07329925 0.3270425 2.146369 0.2159262 0.1953793 1.959344 0.03721237 0.2421318 2.294452 0.3964136 0.2296032 1.874678 0.2239421 0.3032834 2.461424 0.4644716 0.2840925 1.849919 0.2963534 0.3181763 2.513853 0.1813658 0.008353793 2.28494 0.2033789 -0.08401815 2.293859 0.1968351 -0.101402 2.288869 0.216408 -0.09003692 2.301531 0.1265541 -0.5178954 2.261428 0.06114053 -0.5331903 2.592245 0.03320385 -0.9271357 2.241457 0.007464767 -0.838783 2.56907 -0.009707004 -0.9940255 2.183641 -0.02984973 -0.8872984 2.50943
0.07538079 0.6244287 2.258629 0.08252165 0.4560602 2.261974 0.04472872 0.2915381 2.165775 0.06329009 0.3262509 2.142061 0.2253842 0.2071412 1.962671 0.02720321 0.2413402 2.290144 0.4077401 0.2635893 1.900374 0.2118893 0.3165219 2.453887 0.4607669 0.3204392 1.892897 0.2843006 0.3314148 2.506316 0.1770259 0.002221042 2.286587 0.197353 -0.09085354 2.295432 0.1917306 -0.1063008 2.289773 0.2085619 -0.09763664 2.302947 0.1256167 -0.5234349 2.261164 0.05691257 -0.5348995 2.591722 0.03230094 -0.9326769 2.241561 0.003236882 -0.8404918 2.568547 -0.02260746 -0.9986703 2.193727 -0.04582162 -0.8889122 2.518032
0.07261541 0.6248173 2.258446 0.08104391 0.4564946 2.261735 0.04329549 0.2888439 2.165853 0.0627692 0.328354 2.139634 0.2359443 0.2267953 1.971864 0.02668236 0.2434433 2.287717 0.4297218 0.3197897 1.939001 0.2131121 0.328484 2.445055 0.4777651 0.3811689 1.937758 0.2855235 0.343377 2.497483 0.1748426 0.002618654 2.286909 0.1942314 -0.08980671 2.295796 0.1872368 -0.1063207 2.289851 0.2065912 -0.09681303 2.303327 0.1264154 -0.5242602 2.261259 0.05142727 -0.5305085 2.589756 0.03217647 -0.9332933 2.241439 -0.002248425 -0.8361004 2.566581 -0.02405819 -0.9988194 2.194511 -0.05209017 -0.8844813 2.516801
0.06963064 0.6257675 2.258352 0.07965031 0.4574674 2.261383 0.04335014 0.2874307 2.166152 0.06287631 0.3257253 2.139575 0.2501248 0.2448321 1.980607 0.02678948 0.2408147 2.287658 0.4300068 0.3510674 1.969024 0.2129842 0.332278 2.441901 0.4809045 0.426037 1.970747 0.2853955 0.3471709 2.49433 0.1680837 0.0009599712 2.286187 0.1852799 -0.09183431 2.294701 0.1785484 -0.1075534 2.288631 0.1960118 -0.09808695 2.301905 0.1268098 -0.5267547 2.261182 0.04746369 -0.5261425 2.587629 0.03175465 -0.9355994 2.241291 -0.006211922 -0.8317341 2.564454 -0.02670459 -1.000044 2.1956 -0.0574632 -0.8797478 2.515761
0.0678339 0.6279973 2.258049 0.07833956 0.4596629 2.260826 0.04490452 0.2866933 2.165704 0.06346345 0.3242402 2.139895 0.2664106 0.2660507 1.992635 0.02737668 0.2393298 2.287978 0.4443204 0.4087122 2.013052 0.2157049 0.3429278 2.432489 0.4929459 0.4845318 2.023101 0.2881165 0.3578208 2.484918 0.1524691 -0.000930788 2.286411 0.164884 -0.09470518 2.295121 0.1605524 -0.108492 2.28884 0.1713608 -0.1005567 2.302307 0.1287314 -0.5296681 2.261212 0.04166969 -0.519931 2.585927 0.03145126 -0.9379906 2.241179 -0.01200579 -0.825522 2.562752 -0.03109442 -0.9998542 2.197371 -0.06531993 -0.8727422 2.51552
0.06488232 0.6304915 2.257406 0.07844346 0.4619296 2.258359 0.04813909 0.2871916 2.164379 0.06438461 0.3235602 2.140471 0.2740951 0.2861853 2.006396 0.02829792 0.2386501 2.288554 0.4567279 0.4694403 2.057624 0.2164197 0.3427655 2.43297 0.4921794 0.5256461 2.066082 0.2888312 0.3576585 2.485399 0.1486749 -0.0006877829 2.286401 0.1608275 -0.09443031 2.295552 0.1563679 -0.107387 2.289888 0.1671318 -0.09996666 2.302162 0.129247 -0.5288527 2.261144 0.03984286 -0.5174507 2.585761 0.03176744 -0.9371237 2.241339 -0.01383256 -0.8230414 2.562586 -0.03189351 -0.9985487 2.198531 -0.06803675 -0.870147 2.51626
0.06415603 0.6335029 2.256848 0.07762378 0.4644887 2.255891 0.04982363 0.2888971 2.164176 0.06700767 0.3247419 2.140564 0.2761101 0.2993842 2.017067 0.03092095 0.2398317 2.288647 0.4495145 0.4868342 2.080544 0.2611516 0.3582351 2.339185 0.4830844 0.5639083 2.109669 0.3335634 0.3731281 2.391615 0.1440108 0.001117439 2.285316 0.1559115 -0.09243264 2.294719 0.1502178 -0.1051325 2.290021 0.1632275 -0.0978186 2.300482 0.1301333 -0.5269926 2.261281 0.03674604 -0.5130709 2.584892 0.03221482 -0.9351568 2.241547 -0.01692931 -0.8186611 2.561717 -0.03082212 -0.9962511 2.197364 -0.07007511 -0.8657395 2.514155
0.06350762 0.6364783 2.25614 0.07804169 0.467279 2.253957 0.05367479 0.2927135 2.163901 0.06893741 0.3252304 2.141452 0.294823 0.3378898 2.043222 0.03285072 0.2403203 2.289535 0.4447061 0.5246094 2.122998 0.2644514 0.3607701 2.33058 0.4722093 0.5859171 2.145732 0.299583 0.3692953 2.274183 0.1416778 0.002236925 2.284293 0.1532388 -0.0913365 2.29373 0.1478321 -0.1035909 2.289754 0.1596552 -0.09573887 2.298263 0.1308627 -0.5256103 2.261635 0.03410931 -0.5098144 2.583709 0.0327305 -0.9337273 2.241596 -0.01956598 -0.8154042 2.560534 -0.03213003 -0.994275 2.199342 -0.07463358 -0.8622591 2.51498
0.06206929 0.6442105 2.253518 0.07813122 0.4741961 2.246694 0.05953812 0.2992538 2.163222 0.09136146 0.3635774 2.13291 0.304409 0.350195 2.054765 0.05527476 0.2786672 2.280992 0.438226 0.5353059 2.144891 0.2911122 0.3961776 2.308581 0.4596751 0.6051339 2.185138 0.3324018 0.4304921 2.268517 0.1375344 0.01137604 2.279739 0.1486147 -0.08115839 2.289566 0.1431494 -0.09787787 2.288309 0.1578176 -0.08947062 2.293352 0.1304358 -0.5201033 2.261875 0.03223577 -0.5054428 2.582612 0.03353214 -0.9285152 2.241695 -0.02143946 -0.8110322 2.559437 -0.01886488 -0.9911217 2.186984 -0.06400701 -0.8585744 2.502597
0.06201639 0.6469479 2.252249 0.07866795 0.4767272 2.244016 0.0626561 0.3056552 2.162817 0.09903157 0.3577268 2.135596 0.3098724 0.367466 2.073564 0.06294491 0.2728166 2.283678 0.4316402 0.5622432 2.189153 0.29729 0.3971542 2.297245 0.4511055 0.6227735 2.210238 0.3535356 0.3971376 2.26086 0.1352977 0.01444234 2.27738 0.145969 -0.0779415 2.287257 0.1372728 -0.09369621 2.286159 0.1568176 -0.0858947 2.290007 0.131292 -0.5161365 2.262034 0.02810665 -0.4972061 2.580973 0.03435232 -0.924542 2.241662 -0.02556848 -0.8027951 2.557798 -0.01371855 -0.9873269 2.183305 -0.06357791 -0.8504454 2.4979
0.06205446 0.6495317 2.251511 0.07876848 0.4791082 2.242113 0.06549314 0.3111424 2.162732 0.1044654 0.3547873 2.138555 0.3154526 0.3780745 2.085799 0.06837879 0.2698772 2.286637 0.4244578 0.5545266 2.191043 0.2998532 0.4019909 2.28134 0.4420474 0.6276467 2.230036 0.3571054 0.3957028 2.247134 0.1383501 0.0183314 2.276995 0.1502882 -0.07340488 2.287298 0.1395246 -0.09050034 2.286594 0.1649145 -0.07894954 2.289358 0.1312692 -0.5128937 2.262124 0.02641916 -0.4935254 2.580924 0.03502692 -0.9214609 2.241937 -0.02725588 -0.799114 2.557749 -0.00797718 -0.9850709 2.180947 -0.06071651 -0.8470629 2.495424
0.06259027 0.6509449 2.250802 0.07919232 0.4804273 2.240927 0.06587023 0.314297 2.164078 0.1079728 0.3537095 2.141335 0.3189386 0.3892463 2.100095 0.07188631 0.2687995 2.289417 0.4212842 0.5523123 2.200118 0.2833002 0.4308251 2.263886 0.4310097 0.6292102 2.247087 0.3400285 0.4241511 2.22889 0.1393668 0.02147599 2.276216 0.1514332 -0.06996098 2.286638 0.1396411 -0.08753921 2.287653 0.1672377 -0.07597929 2.286713 0.1313012 -0.5099065 2.262281 0.02259622 -0.4877717 2.580157 0.03542581 -0.9185612 2.241969 -0.03107876 -0.7933599 2.556982 -0.003852895 -0.9824973 2.179425 -0.06150796 -0.8414068 2.493196
0.06350964 0.6524203 2.249873 0.07984188 0.4818924 2.24009 0.06769432 0.3188258 2.166078 0.1110806 0.3531131 2.143351 0.3208214 0.397342 2.110681 0.07499403 0.2682033 2.291432 0.4332208 0.5768944 2.243218 0.2641674 0.4560814 2.274508 0.4276491 0.6462069 2.27279 0.3208957 0.4494075 2.239512 0.1387726 0.02313556 2.275022 0.1505354 -0.06829153 2.285308 0.1381077 -0.08529658 2.28706 0.1665669 -0.0748245 2.284556 0.1313758 -0.5077112 2.262344 0.02195702 -0.4854833 2.579768 0.03605565 -0.9164887 2.242474 -0.03171789 -0.7910711 2.556593 -0.002990967 -0.9804419 2.179883 -0.0622798 -0.8390697 2.492834
0.05822185 0.6523135 2.248632 0.07980432 0.4824636 2.239381 0.06862095 0.3202982 2.167107 0.1139019 0.3523625 2.146229 0.3216712 0.4022403 2.122351 0.07781528 0.2674526 2.294311 0.4325542 0.5759457 2.241911 0.2684815 0.4536945 2.273393 0.426314 0.647977 2.280219 0.3252096 0.4470206 2.238397 0.1380214 0.02396109 2.274628 0.1496 -0.06743889 2.284971 0.1366428 -0.08417317 2.287293 0.1659054 -0.07439221 2.283869 0.1310348 -0.5066007 2.262429 0.02170003 -0.4853034 2.579887 0.03584699 -0.9154083 2.242569 -0.03197481 -0.7908908 2.556712 0.000379242 -0.9795462 2.178555 -0.05960359 -0.8389306 2.491659
0.0561627 0.6527661 2.248215 0.07987612 0.4831354 2.238596 0.06905954 0.3226456 2.168165 0.1157132 0.3522099 2.148746 0.3224003 0.4051498 2.131631 0.07962669 0.2673 2.296827 0.4279008 0.5740464 2.239093 0.2652484 0.4587169 2.282115 0.4291962 0.6474338 2.292257 0.3219765 0.452043 2.247119 0.1371935 0.02531254 2.273684 0.1485447 -0.0659779 2.283987 0.1353294 -0.08281255 2.287508 0.164993 -0.07343324 2.281411 0.1314342 -0.5052505 2.262311 0.02077468 -0.4842952 2.579866 0.0363827 -0.9140871 2.242593 -0.03290009 -0.7898822 2.55669 0.002863327 -0.9780995 2.177774 -0.05843574 -0.8379214 2.490787
0.05468439 0.6532916 2.247781 0.08010667 0.4838793 2.237996 0.07050887 0.3239285 2.169155 0.1152366 0.3531775 2.148893 0.324141 0.4057021 2.134045 0.07914998 0.2682676 2.296974 0.4185298 0.5557196 2.224509 0.2542988 0.4684823 2.301989 0.425785 0.6267701 2.280304 0.3110269 0.4618084 2.266993 0.1373815 0.02593732 2.273357 0.1487324 -0.06542373 2.283711 0.1359907 -0.08175174 2.287532 0.1648386 -0.07290364 2.28084 0.1320102 -0.5041877 2.262279 0.02096739 -0.4843057 2.579983 0.0367923 -0.9129844 2.242596 -0.03270731 -0.7898923 2.556808 0.001118852 -0.9769316 2.178614 -0.06022947 -0.8379229 2.491703
0.05344237 0.6534449 2.247163 0.08022205 0.4842233 2.237273 0.07107335 0.3243277 2.170202 0.1154576 0.3536404 2.150133 0.3248725 0.4057069 2.136298 0.05308881 0.2447801 2.291782 0.4119573 0.5532743 2.22039 0.2313503 0.4404638 2.310571 0.4223789 0.6214035 2.279243 0.2880784 0.4337899 2.275575 0.1373221 0.02666635 2.273032 0.1486493 -0.06462597 2.283454 0.1359574 -0.08082385 2.287794 0.1646817 -0.07244481 2.280193 0.1320822 -0.5032536 2.262277 0.02107774 -0.4840954 2.58009 0.03691138 -0.9120603 2.242618 -0.03259691 -0.7896816 2.556915 0.00158371 -0.9760873 2.178566 -0.05999453 -0.8377314 2.491771
0.0520003 0.6532063 2.24646 0.08009367 0.4842766 2.23702 0.07160229 0.3244749 2.171417 0.1160076 0.3529699 2.1512 0.3253646 0.4059492 2.137305 0.05338521 0.2439126 2.291795 0.41116 0.5555436 2.219429 0.2316468 0.4395964 2.310585 0.4227889 0.6220092 2.279935 0.4268003 0.6786196 2.340463 0.1373775 0.02676275 2.272932 0.1487436 -0.06452536 2.283365 0.1360459 -0.08068547 2.287852 0.1648168 -0.07239974 2.279902 0.1321919 -0.503114 2.26227 0.02115194 -0.4840277 2.580188 0.03703573 -0.9119278 2.24234 -0.03252265 -0.7896135 2.557013 0.00143767 -0.9759657 2.178387 -0.06019381 -0.8376705 2.49199
0.05188074 0.6532211 2.245816 0.07998088 0.4843417 2.236654 0.07173266 0.3243404 2.171952 0.1165321 0.3524144 2.152019 0.325425 0.4060381 2.137894 0.05372379 0.2431558 2.291821 0.4101524 0.5564488 2.219689 0.2289563 0.4426927 2.302552 0.4199508 0.6223085 2.281174 0.436051 0.7096337 2.325871 0.1383545 0.02732482 2.272755 0.1502199 -0.0637783 2.28326 0.137226 -0.08021515 2.288351 0.1668086 -0.0717638 2.27918 0.1311886 -0.5025929 2.261921 0.02443001 -0.4806421 2.58096 0.03685585 -0.9115883 2.242539 -0.02924451 -0.7862275 2.557785 0.002345461 -0.9759592 2.178377 -0.05634095 -0.8343291 2.492553
0.05204035 0.6530456 2.245151 0.08001599 0.4841475 2.236002 0.07162544 0.3240757 2.172266 0.1168682 0.3518137 2.152476 0.3254489 0.4051474 2.136235 0.05399253 0.24223 2.291691 0.409262 0.555672 2.218658 0.2282428 0.4427674 2.301207 0.4176961 0.621749 2.280112 0.4353423 0.7113115 2.324169 0.1389942 0.02762971 2.272533 0.1510493 -0.06336217 2.283108 0.1376273 -0.08011795 2.288404 0.1681513 -0.07120348 2.278837 0.1306161 -0.502477 2.261842 0.02550247 -0.4777407 2.580884 0.03652059 -0.9115249 2.242552 -0.02817197 -0.7833258 2.557709 0.002740141 -0.9760839 2.178198 -0.05485357 -0.8314665 2.492334
0.05215085 0.6530389 2.245086 0.07987832 0.4839109 2.234862 0.07173535 0.3238139 2.172455 0.1170001 0.3517331 2.152658 0.3254711 0.4051281 2.136168 0.05407819 0.2420432 2.291607 0.4118049 0.5571154 2.213925 0.2282884 0.4428498 2.298956 0.4183607 0.6225324 2.276307 0.4358515 0.7122953 2.320456 0.1398503 0.02792662 2.272272 0.152216 -0.06295359 2.282979 0.1387165 -0.07974884 2.288602 0.1694306 -0.0710495 2.278512 0.1308398 -0.502095 2.262104 0.02645603 -0.4772271 2.581056 0.03668905 -0.9111344 2.242528 -0.02721833 -0.7828118 2.55788 0.002966801 -0.975774 2.178162 -0.05374756 -0.831018 2.492492
0.05221572 0.6529216 2.24463 0.0801465 0.4838415 2.234491 0.07160701 0.3236332 2.17283 0.1168227 0.3513488 2.153096 0.3252542 0.404369 2.134266 0.05383907 0.2414938 2.291645 0.4100646 0.5571395 2.212144 0.2276433 0.4427384 2.298132 0.416897 0.6226796 2.274368 0.4352299 0.7131126 2.318931 0.1408479 0.02814772 2.272036 0.1533329 -0.06270096 2.282802 0.1399493 -0.07937282 2.288754 0.1704611 -0.07102226 2.278117 0.1301506 -0.5016729 2.262056 0.02797249 -0.4774879 2.581352 0.03650298 -0.9108253 2.242594 -0.0257018 -0.7830721 2.558177 0.003273839 -0.9757216 2.178152 -0.05216043 -0.8313013 2.492777
0.05210295 0.6526517 2.243543 0.08034448 0.4835137 2.232765 0.07163244 0.3235969 2.172877 0.1158227 0.35165 2.152404 0.3251583 0.4042858 2.134122 0.05244092 0.2416034 2.290088 0.409723 0.5571807 2.21202 0.2260773 0.4432587 2.293651 0.4149181 0.6233582 2.273725 0.4346496 0.7154325 2.311846 0.1409636 0.02820525 2.271873 0.1534063 -0.06264906 2.282746 0.1402817 -0.07910705 2.288824 0.1704214 -0.0710482 2.277988 0.1299683 -0.5013942 2.262091 0.02772078 -0.4787033 2.581598 0.03672596 -0.9106365 2.242752 -0.02595344 -0.784287 2.558422 0.002216542 -0.9756273 2.178903 -0.05366544 -0.8325766 2.493588
0.05197461 0.6522993 2.242938 0.08038909 0.4831883 2.232151 0.07158757 0.3235816 2.172927 0.1160015 0.3509679 2.15239 0.3247912 0.4039182 2.133435 0.05264886 0.2405685 2.289718 0.4048118 0.5572464 2.216696 0.2263934 0.4425206 2.287679 0.4083338 0.6251686 2.276597 0.4352638 0.7153008 2.300342 0.1418786 0.02843278 2.271646 0.154585 -0.06228641 2.282633 0.1412589 -0.07882854 2.288993 0.1717989 -0.07071101 2.277648 0.1294083 -0.5010768 2.262294 0.02940576 -0.4776723 2.581676 0.03635176 -0.910354 2.243361 -0.02426839 -0.7832556 2.5585 0.002055006 -0.9755184 2.179533 -0.05197126 -0.8315884 2.493694
0.05179719 0.6519929 2.242465 0.08044441 0.4829278 2.231717 0.07167052 0.3232344 2.172896 0.1161264 0.3507322 2.152284 0.3224275 0.4006612 2.128226 0.05281194 0.2401421 2.289347 0.4071786 0.5562336 2.212222 0.2294451 0.4398704 2.278824 0.438192 0.5924917 2.165201 0.4368751 0.7055968 2.282944 0.1423343 0.02842338 2.271562 0.1551181 -0.06226913 2.28263 0.1417784 -0.07883597 2.288947 0.1723054 -0.07067669 2.277743 0.1295133 -0.501079 2.262444 0.03026388 -0.4773055 2.581769 0.03637569 -0.9103392 2.243397 -0.02341018 -0.7828885 2.558594 0.001967262 -0.975519 2.179604 -0.0511191 -0.8312487 2.493811
0.05222029 0.651774 2.242107 0.08069782 0.4826567 2.231221 0.07190838 0.3224737 2.172547 0.1178031 0.3510899 2.150481 0.3205186 0.3954023 2.121066 0.05461613 0.240381 2.28693 0.413453 0.5564203 2.206898 0.2542951 0.4147687 2.245089 0.4218908 0.6329786 2.244125 0.4706098 0.6441433 2.220749 0.1424204 0.02865718 2.271487 0.1551662 -0.06191779 2.282613 0.1416653 -0.07860963 2.288083 0.1726062 -0.06993835 2.278855 0.1294887 -0.5008855 2.262571 0.03037876 -0.4793719 2.581858 0.03653473 -0.9101802 2.243901 -0.02329523 -0.7849545 2.558683 0.001176469 -0.9753662 2.180516 -0.05188885 -0.8333279 2.494295
0.0522889 0.6513108 2.241407 0.08074983 0.4822968 2.231145 0.07237918 0.3203812 2.172013 0.1171894 0.3467704 2.148738 0.3120271 0.3768114 2.101035 0.05386323 0.235625 2.28471 0.4176232 0.5595716 2.20758 0.2540557 0.4096735 2.244439 0.4293129 0.6215189 2.230235 0.4715782 0.639388 2.221417 0.1424862 0.02644656 2.271658 0.1551307 -0.06480797 2.282932 0.1417665 -0.08069599 2.2872 0.1721298 -0.07277649 2.280577 0.1294855 -0.5029944 2.262594 0.03097601 -0.4821075 2.58199 0.03633004 -0.9122436 2.243877 -0.02269791 -0.7876897 2.558815 -0.001825236 -0.9772769 2.181631 -0.0536188 -0.8360391 2.495493
0.05023839 0.649445 2.240827 0.08075289 0.4808704 2.23103 0.07244705 0.3189729 2.171146 0.1116506 0.3419695 2.147697 0.3068698 0.3694834 2.092052 0.2759559 0.4949064 2.179715 0.4302331 0.5590184 2.206635 0.4328701 0.6006833 2.221488 0.4295566 0.6233649 2.225248 0.4440484 0.6665762 2.226022 0.1418069 0.02325265 2.271788 0.1541746 -0.06843017 2.283157 0.1418846 -0.08223319 2.28656 0.169436 -0.07592115 2.281882 0.1295215 -0.5045496 2.262725 0.03116155 -0.4851506 2.581595 0.03601838 -0.9137225 2.243803 -0.02251229 -0.7907324 2.55842 -0.006513286 -0.9785675 2.183645 -0.05747274 -0.8389932 2.497166
0.05085677 0.6473827 2.240745 0.08079758 0.4787831 2.231389 0.07168461 0.315919 2.170613 0.09666365 0.3239864 2.153439 0.3041204 0.3584895 2.080577 0.03321338 0.2128044 2.288861 0.4261882 0.5646641 2.184297 0.254035 0.3620803 2.282842 0.4173356 0.6310642 2.184417 0.4873399 0.6065536 2.283712 0.1418935 0.01644648 2.273127 0.1542061 -0.07638112 2.284765 0.1436452 -0.08628889 2.286528 0.1667993 -0.08118327 2.284276 0.1294337 -0.5085525 2.2629 0.03216084 -0.489816 2.581523 0.03543548 -0.9176149 2.243776 -0.02151294 -0.7953974 2.558348 -0.0134759 -0.9817872 2.187666 -0.06229758 -0.8435067 2.500681
0.05144947 0.6458731 2.240304 0.08089285 0.4773612 2.231919 0.07023311 0.3137641 2.169538 0.09529695 0.3222259 2.154358 0.2794326 0.3109494 2.047197 0.2882703 0.4253992 2.204946 0.417492 0.517655 2.130405 0.4882692 0.5249219 2.290839 0.4266081 0.5784026 2.157125 0.5521616 0.5664887 2.296498 0.1418009 0.01273558 2.274335 0.1540298 -0.08047493 2.286097 0.1442743 -0.08988898 2.286809 0.1656154 -0.08477077 2.286553 0.1288867 -0.5121103 2.263127 0.03396898 -0.4973851 2.582456 0.03485827 -0.9211626 2.244153 -0.01970473 -0.8029661 2.559281 -0.0107956 -0.9855681 2.185618 -0.0566949 -0.8512049 2.499213
0.05304464 0.6444234 2.239994 0.08031122 0.4758021 2.232977 0.06735858 0.3105823 2.168709 0.07884371 0.3456505 2.138312 0.2755931 0.3057444 2.042591 0.2726482 0.4303214 2.207271 0.4277152 0.5033846 2.10252 0.4905369 0.519319 2.319296 0.4438475 0.5663185 2.118841 0.5734878 0.5617548 2.341504 0.1420726 0.01280261 2.274581 0.154516 -0.08016075 2.286358 0.1458078 -0.09042194 2.286515 0.1658408 -0.08479729 2.287462 0.1286458 -0.5125822 2.263125 0.03543261 -0.501368 2.58303 0.03481591 -0.9216787 2.244202 -0.01824103 -0.8069487 2.559855 -0.03637118 -0.9826999 2.214749 -0.08279072 -0.8531775 2.528238
0.05604457 0.6411951 2.239042 0.07929747 0.4726757 2.235504 0.06367537 0.3079062 2.168789 0.07832391 0.3457461 2.13839 0.2657605 0.2894566 2.031467 0.01482059 0.2345473 2.273709 0.4353006 0.4867218 2.075618 0.2430475 0.3589387 2.319901 0.4592443 0.5491009 2.080396 0.2813157 0.3956766 2.278997 0.1424916 0.01238447 2.275323 0.1550525 -0.08030003 2.286925 0.1468395 -0.09127924 2.286391 0.1664981 -0.0857356 2.289687 0.1300658 -0.5134572 2.263073 0.03702617 -0.5089328 2.584105 0.03558276 -0.9224014 2.244227 -0.0166474 -0.8145131 2.560929 -0.03311243 -0.9834143 2.20934 -0.07753492 -0.8612774 2.52339
0.05909232 0.637068 2.238929 0.07823886 0.4686439 2.238163 0.05960701 0.2993051 2.169639 0.07752565 0.3451125 2.138817 0.2552312 0.2735122 2.018482 0.04056755 0.2494916 2.281066 0.4211062 0.4123452 2.023618 0.2693358 0.3655799 2.340491 0.4574423 0.4940654 2.038289 0.3076041 0.4023178 2.299587 0.1445858 0.009074983 2.277924 0.1578293 -0.0833297 2.289437 0.1505124 -0.09670678 2.28708 0.170204 -0.09166506 2.295605 0.129155 -0.5186579 2.262956 0.03977781 -0.5153053 2.58644 0.03455503 -0.927572 2.244258 -0.01389568 -0.8208852 2.563264 -0.03004438 -0.9894225 2.203513 -0.06997932 -0.8682871 2.519548
0.06286911 0.6103496 2.244731 0.08904648 0.4540846 2.276918 0.05432875 0.2954579 2.170828 0.08526275 0.3364252 2.170477 0.2453488 0.257598 2.008183 0.05133556 0.2418706 2.313962 0.4195811 0.3734536 1.990802 0.2820032 0.3501448 2.379207 0.4609142 0.4536625 1.999277 0.3202715 0.3868828 2.338303 0.1479706 0.004876204 2.283415 0.1601878 -0.08602864 2.291812 0.1507821 -0.1011348 2.288379 0.1756176 -0.09559937 2.298816 0.1289111 -0.5230176 2.262719 0.03994769 -0.5169039 2.587355 0.03400085 -0.9318558 2.244212 -0.01372573 -0.8224834 2.56418 0.02234446 -0.9945558 2.175033 -0.01422496 -0.8693549 2.492722
0.06455972 0.6122561 2.243525 0.08730049 0.4532203 2.270597 0.05234638 0.2936573 2.170931 0.08365925 0.3327812 2.120759 0.2437767 0.2434612 1.996193 0.08236452 0.1807708 2.220115 0.4226181 0.3224303 1.957991 0.2477722 0.3008812 2.378037 0.4789253 0.4249886 1.952391 0.2860404 0.3376192 2.337133 0.1505728 0.003117621 2.28544 0.1639922 -0.08799669 2.294524 0.1528872 -0.1034128 2.290088 0.1806257 -0.09763661 2.301759 0.1285824 -0.5251024 2.262522 0.04085004 -0.5190642 2.589719 0.03357013 -0.9339131 2.244192 -0.01282334 -0.8246434 2.566544 -0.03590546 -0.9938255 2.208944 -0.07331658 -0.8707018 2.527524
0.06763957 0.6114159 2.243199 0.08682099 0.4507515 2.267413 0.05159369 0.2932278 2.170975 0.08385893 0.3317374 2.120732 0.2329665 0.2073628 1.973976 0.08256449 0.1797355 2.220098 0.4161386 0.2672449 1.919423 0.2557992 0.2880276 2.378162 0.4793271 0.3294558 1.900694 0.2940675 0.3247655 2.337258 0.1539837 -0.0006266946 2.288589 0.1682071 -0.0917542 2.298327 0.1562242 -0.1076421 2.293959 0.184607 -0.1000466 2.304593 0.1269577 -0.528834 2.261755 0.04045112 -0.5207835 2.591399 0.03255587 -0.9377652 2.244426 -0.01322217 -0.8263623 2.568223 -0.0357747 -0.9986793 2.20866 -0.0726158 -0.8729371 2.528141
0.0715123 0.6099613 2.242281 0.08820257 0.4488193 2.265986 0.05103463 0.2951007 2.170778 0.08578892 0.3298349 2.121148 0.2233649 0.1918568 1.969378 0.0759791 0.1806989 2.22354 0.4053057 0.2224218 1.886782 0.2509978 0.2770421 2.386845 0.4574381 0.3033025 1.875175 0.2892661 0.31378 2.345941 0.1586437 -0.004122672 2.290945 0.1731933 -0.09512689 2.30083 0.1598959 -0.1110064 2.296461 0.1903082 -0.1023714 2.306651 0.1262313 -0.5317457 2.261674 0.04011592 -0.5243074 2.593865 0.03169713 -0.9406435 2.244449 -0.01355729 -0.8298857 2.57069 -0.03501008 -1.002348 2.207013 -0.07125939 -0.8768687 2.528661
0.07305717 0.6080123 2.243286 0.09012062 0.4460839 2.264838 0.05120268 0.2978933 2.169465 0.08827744 0.3270169 2.12161 0.1883547 0.1590324 1.961724 0.03072588 0.2073901 2.241202 0.3689025 0.1768217 1.871455 0.220087 0.2853452 2.398687 0.4472799 0.2377016 1.828716 0.2583553 0.3220832 2.357783 0.1684552 -0.004932775 2.291944 0.1852951 -0.09498458 2.301771 0.1730698 -0.1107765 2.299914 0.2019333 -0.1007548 2.30509 0.1250694 -0.5299266 2.261596 0.04481682 -0.524616 2.595541 0.03151938 -0.9390453 2.244594 -0.008856364 -0.8301939 2.572366 -0.03159668 -1.002942 2.204689 -0.06429677 -0.877845 2.528103
0.0769406 0.606221 2.243365 0.09206957 0.4439335 2.26447 0.05350736 0.3008878 2.166461 0.0907167 0.3247236 2.12236 0.1277589 0.1605664 1.98158 0.02699528 0.2093367 2.242801 0.3326286 0.1359858 1.861456 0.2029158 0.2793871 2.417243 0.4003943 0.162461 1.821079 0.5598103 0.4225934 2.752371 0.1686464 -0.005851834 2.292017 0.1851502 -0.09581919 2.301743 0.1730585 -0.1110037 2.300152 0.2013237 -0.1018354 2.304419 0.1250496 -0.53014 2.261617 0.04248227 -0.5315994 2.598384 0.03128025 -0.9392055 2.244722 -0.01119082 -0.8371769 2.575208 -0.03064714 -1.003209 2.203161 -0.06527191 -0.8848367 2.529304
0.08443819 0.6050021 2.24158 0.09437913 0.4417752 2.262374 0.0556502 0.3020777 2.164572 0.0930293 0.3228134 2.121263 0.1234382 0.1553807 1.981927 0.0250192 0.2115184 2.242935 0.3010854 0.09630696 1.858121 0.1936096 0.2772179 2.4255 0.3894572 0.1326607 1.799379 0.2779814 0.2874221 2.45698 0.1686956 -0.00643387 2.291118 0.1847601 -0.09632478 2.300663 0.173052 -0.1108912 2.299554 0.1999254 -0.1026792 2.302521 0.1251249 -0.5300742 2.261644 0.04055715 -0.5405403 2.599563 0.03142516 -0.9391569 2.244671 -0.01311586 -0.8461174 2.576388 -0.03038011 -1.003122 2.20287 -0.06710319 -0.8937273 2.530322
0.08718812 0.604724 2.241064 0.09665149 0.4408148 2.26294 0.06949796 0.3009329 2.160292 0.09576669 0.3217452 2.122468 0.1170761 0.1417743 1.979067 0.0231154 0.2128496 2.243717 0.2958816 0.07995062 1.849979 0.1895856 0.2688611 2.431047 0.3719887 0.09731779 1.774188 0.5373108 0.3776637 2.793128 0.1657699 -0.004857663 2.288866 0.1783887 -0.09315051 2.296341 0.1678127 -0.1036302 2.297004 0.1890858 -0.1004667 2.29429 0.126545 -0.5236961 2.262279 0.0425227 -0.5549527 2.595512 0.03259688 -0.9327343 2.244696 -0.01115024 -0.8605293 2.572337 -0.03333185 -0.9954387 2.207543 -0.06993133 -0.9073203 2.531608
0.08821955 0.6046947 2.240782 0.09875434 0.4401413 2.263199 0.07522162 0.3006715 2.159564 0.09804392 0.3210675 2.123102 0.1121675 0.1354811 1.979391 0.02221135 0.2140741 2.24414 0.2784322 0.04760302 1.84438 0.1844971 0.2687342 2.435236 0.350589 0.06245185 1.76132 0.5239736 0.3655725 2.805814 0.1536797 0.001569125 2.284697 0.1602566 -0.08391674 2.290727 0.1525705 -0.09017839 2.288204 0.1672484 -0.09202331 2.292646 0.1283186 -0.5119384 2.262732 0.04159293 -0.5531615 2.593233 0.03412002 -0.9209232 2.244913 -0.01207995 -0.8587378 2.570057 -0.03397036 -0.9823316 2.209537 -0.07405861 -0.9042066 2.532712
0.08930112 0.6046386 2.240764 0.09971091 0.4398071 2.263411 0.07911061 0.300184 2.160535 0.0990753 0.3207354 2.123518 0.1069 0.1269416 1.979629 0.02182369 0.2148444 2.244615 0.2410223 0.03053109 1.858848 0.1810644 0.2672991 2.438661 0.319352 0.02867238 1.777795 0.2561297 0.2705165 2.489343 0.1502629 0.001845013 2.283357 0.1571438 -0.0840574 2.289511 0.1505877 -0.08936133 2.287172 0.163503 -0.09269699 2.291553 0.1281345 -0.5112427 2.262476 0.04026677 -0.5574061 2.587803 0.0335373 -0.9201242 2.245176 -0.01340602 -0.8629819 2.564627 -0.03667449 -0.9812073 2.213585 -0.07809368 -0.9078831 2.531419
0.0902675 0.60483 2.240436 0.1003239 0.4394227 2.262989 0.08224167 0.2993758 2.160775 0.09964743 0.3203969 2.123254 0.1040741 0.1210941 1.980015 0.02155382 0.2153902 2.244539 0.2394311 0.02753861 1.858264 0.1782722 0.2640888 2.441403 0.3177584 0.02582313 1.775411 0.5112492 0.3493196 2.842955 0.1463742 0.002687162 2.281631 0.1531436 -0.08336864 2.287948 0.1476329 -0.0879732 2.285048 0.158748 -0.09264347 2.290805 0.1285098 -0.5100724 2.262538 0.03757766 -0.559948 2.583947 0.03369343 -0.918909 2.244925 -0.01609505 -0.8655235 2.560772 -0.03868467 -0.9793132 2.217148 -0.08309567 -0.9098275 2.531591
0.0908589 0.6046236 2.239979 0.101489 0.438571 2.262993 0.08311159 0.2992982 2.160586 0.1008365 0.3195549 2.123411 0.1022145 0.1182416 1.980287 0.02119271 0.2158609 2.244795 0.235733 0.02326005 1.857503 0.1763458 0.2630362 2.443162 0.3135755 0.02018794 1.773005 0.4921446 0.3409999 2.841013 0.1448251 0.00203845 2.280822 0.1513397 -0.08427922 2.287026 0.1460787 -0.08813882 2.284146 0.1569876 -0.09391832 2.289988 0.1288345 -0.5103329 2.262296 0.03742047 -0.5633873 2.580441 0.03343721 -0.9190238 2.245156 -0.01625217 -0.8689623 2.557265 -0.03885236 -0.9793073 2.216891 -0.08316739 -0.9131177 2.527666
0.09153924 0.6045865 2.239698 0.1017267 0.4384467 2.262633 0.08350082 0.2993268 2.160594 0.1010517 0.3194523 2.123155 0.1018172 0.1169739 1.980404 0.02111652 0.2162037 2.244694 0.2344032 0.02084193 1.857491 0.1754787 0.2625359 2.443823 0.311708 0.01800368 1.77285 0.4926998 0.339964 2.84288 0.1428921 0.004077862 2.279752 0.1493547 -0.08192705 2.286042 0.1443302 -0.08592837 2.281932 0.15532 -0.09263921 2.290156 0.1288939 -0.5082315 2.262281 0.03687168 -0.5630144 2.579643 0.03354856 -0.9169338 2.245146 -0.01680089 -0.8685889 2.556468 -0.0387893 -0.9773095 2.217203 -0.08408215 -0.9125735 2.52745
0.09163369 0.6044685 2.23967 0.1021683 0.4382613 2.263173 0.08393839 0.2991576 2.160566 0.101543 0.319259 2.123825 0.1019947 0.1159699 1.979956 0.02112643 0.2166741 2.245564 0.2357497 0.02181052 1.856753 0.1766492 0.2615118 2.444165 0.3125672 0.01840113 1.77246 0.4993626 0.3377725 2.844422 0.1426797 0.003586869 2.279677 0.1491694 -0.08274124 2.285862 0.1442125 -0.08627593 2.282014 0.1551196 -0.09343237 2.289656 0.1286044 -0.50857 2.262173 0.03692803 -0.5634186 2.579847 0.03322053 -0.9172611 2.245111 -0.01674446 -0.8689927 2.556672 -0.03879796 -0.9777409 2.216574 -0.08379307 -0.9129681 2.527107
0.09207166 0.6045284 2.239478 0.1022844 0.4380742 2.263343 0.0844259 0.2989773 2.160468 0.1016714 0.3190625 2.124049 0.1020566 0.1163211 1.980102 0.02098774 0.2168186 2.245878 0.2404039 0.02739555 1.858233 0.1782012 0.2613651 2.443289 0.3380591 0.03907907 1.752164 0.5223113 0.3411605 2.840801 0.1427325 0.003115053 2.279595 0.1494141 -0.08347929 2.285724 0.1444441 -0.08659702 2.282108 0.155276 -0.09401156 2.289292 0.1284596 -0.5088722 2.261954 0.03737515 -0.5637338 2.580006 0.03305143 -0.9175462 2.245374 -0.01629727 -0.8693075 2.55683 -0.03909404 -0.978018 2.217143 -0.08348656 -0.9132543 2.527543
0.0923804 0.60451 2.239452 0.1026078 0.4375317 2.263531 0.0766305 0.2872813 2.147766 0.1020029 0.3185206 2.124293 0.1028203 0.1194583 1.981789 0.02081908 0.216827 2.246227 0.2786415 0.04601275 1.850056 0.180738 0.2623941 2.44137 0.3365237 0.04638282 1.774806 0.5159913 0.3481205 2.816054 0.1438625 0.002330467 2.280299 0.1512877 -0.08453186 2.286784 0.1452663 -0.09014164 2.285359 0.1607376 -0.096356 2.289241 0.128233 -0.5123052 2.261726 0.03666754 -0.5621547 2.583516 0.03258639 -0.9209144 2.245501 -0.01700479 -0.8677279 2.56034 -0.02211838 -0.9837916 2.193417 -0.06549799 -0.9137654 2.50712
0.09171121 0.6042128 2.239143 0.102169 0.4371956 2.263136 0.07761511 0.290446 2.15252 0.1015864 0.3182091 2.123961 0.1070004 0.126851 1.98373 0.02012811 0.2169169 2.246018 0.2899538 0.06193447 1.851018 0.1854494 0.2639959 2.436559 0.3564035 0.07832766 1.792158 0.5330495 0.3500806 2.803261 0.1475458 0.001260249 2.280142 0.1576107 -0.08605984 2.286825 0.1508677 -0.09167377 2.286942 0.1669677 -0.09641175 2.287434 0.1280766 -0.513521 2.261615 0.03783703 -0.5593966 2.583868 0.03258 -0.9221581 2.245654 -0.01583522 -0.8649694 2.560692 -0.02849698 -0.984614 2.200624 -0.07100911 -0.910733 2.514163
0.08886936 0.6033633 2.239377 0.1016204 0.4367335 2.263028 0.07605809 0.2923533 2.155713 0.1010436 0.3177591 2.123893 0.1141614 0.1525079 1.992991 0.01930919 0.2168487 2.246058 0.3001427 0.08843667 1.86351 0.1896866 0.268047 2.431374 0.3866272 0.1208324 1.80124 0.5450456 0.361995 2.781255 0.1500397 0.002234469 2.280895 0.1612577 -0.08436587 2.287975 0.1534672 -0.09082247 2.287469 0.1718105 -0.09267925 2.289367 0.1288071 -0.5125452 2.261473 0.03770895 -0.5533216 2.587179 0.03302497 -0.9211149 2.245511 -0.01596323 -0.858894 2.564003 -0.02969106 -0.9835435 2.202753 -0.07282766 -0.9047242 2.519624
0.08665915 0.6030519 2.239715 0.1009968 0.4362994 2.263039 0.07350603 0.293965 2.158988 0.1004189 0.3173305 2.123941 0.1178 0.1553326 1.992943 0.01840931 0.2167736 2.246193 0.3415571 0.1297249 1.862748 0.1928967 0.2700803 2.427341 0.4001813 0.1461385 1.826107 0.5493777 0.3658351 2.76386 0.160147 0.008020066 2.282083 0.1753751 -0.07587997 2.28951 0.1655255 -0.08669795 2.286315 0.1884524 -0.08041385 2.29407 0.1291795 -0.5076103 2.261552 0.05451632 -0.5396285 2.594058 0.03411497 -0.9163517 2.245399 0.0008442029 -0.8452004 2.570882 -0.02752445 -0.9801142 2.203046 -0.05591961 -0.8917413 2.527117
0.08373138 0.603126 2.240417 0.09875304 0.4357833 2.262834 0.06736767 0.29651 2.162496 0.09817654 0.3168234 2.12379 0.1244902 0.1664451 1.99661 0.01563184 0.2168383 2.246132 0.3566249 0.1588235 1.876071 0.2091715 0.2795654 2.405179 0.4355941 0.2040988 1.837297 0.2756555 0.2862747 2.409886 0.1605173 0.008506286 2.282123 0.1756363 -0.07549386 2.289534 0.1658869 -0.0863497 2.286101 0.1885703 -0.08028121 2.294179 0.1297288 -0.5072773 2.261295 0.05375533 -0.5414086 2.590964 0.03423356 -0.915911 2.245414 8.328632E-05 -0.8469802 2.567789 -0.02724855 -0.9797367 2.202928 -0.05641215 -0.8936599 2.523826
