0.09961989 0.7595569 2.535029 0.06677425 0.5793536 2.453234 0.007538806 0.400877 2.284021 0.2252946 0.5055186 2.65039 0.2424999 0.3665431 2.196761 0.4047725 0.4684455 2.734107 0.3379565 0.5406575 2.281254 0.3594382 0.5334734 2.44213 0.3255851 0.5919665 2.228523 0.3237033 0.591924 2.225285 0.08356103 0.1451498 2.451483 0.1265193 0.065221 2.428936 0.07201401 0.007975101 2.401155 0.1930918 0.01348186 2.448811 0.0572861 -0.4765707 2.413671 0.1684097 -0.4519532 2.700276 -0.00739151 -0.8693258 2.432339 0.1064892 -0.8086922 2.726505 0.06327047 -0.9397104 2.409353 0.1620754 -0.9038666 2.768497
0.09847821 0.7596585 2.536894 0.06660952 0.5796084 2.453617 0.008257131 0.4012246 2.283989 0.2251299 0.5057734 2.650773 0.2423059 0.3663464 2.197734 0.4045973 0.4687046 2.734482 0.3389298 0.5373205 2.280255 0.3800451 0.511816 2.43574 0.3271386 0.58916 2.227908 0.3332716 0.5879933 2.227185 0.08357331 0.1451236 2.45171 0.1266685 0.06514313 2.429231 0.07281682 0.008200963 2.402306 0.1930883 0.01346383 2.448821 0.05742235 -0.4765726 2.413634 0.1694816 -0.4551233 2.701421 -0.007643467 -0.8690185 2.432603 0.1087435 -0.8151726 2.731075 0.06342328 -0.9399556 2.409416 0.1637191 -0.9087073 2.777355
0.09907433 0.7608493 2.537201 0.06656027 0.5806187 2.455101 0.009545505 0.3996717 2.285021 0.2250806 0.5067836 2.652257 0.2430085 0.3662498 2.19908 0.4045387 0.4697199 2.735958 0.3408151 0.5364873 2.280897 0.3665349 0.5362995 2.443287 0.3313324 0.5897939 2.229562 0.3164009 0.6334598 2.184826 0.08364071 0.1450463 2.452207 0.1268555 0.06496163 2.429699 0.07318696 0.007967019 2.402544 0.1931601 0.01300974 2.449482 0.05745115 -0.4760331 2.41356 0.1697021 -0.4553084 2.701694 -0.007682289 -0.8688098 2.432361 0.1091234 -0.8165365 2.732494 0.06360082 -0.9400629 2.409575 0.1566848 -0.9134245 2.758236
0.09909745 0.7611266 2.537061 0.06674134 0.5806938 2.455636 0.01046962 0.3987715 2.285787 0.2252617 0.5068588 2.652792 0.2425402 0.3661678 2.199323 0.4047103 0.4697983 2.736484 0.3433794 0.5368786 2.283828 0.3883925 0.5145947 2.437446 0.3396634 0.5937209 2.235638 0.3639576 0.5935762 2.244984 0.08373807 0.1448913 2.452841 0.1270209 0.06469823 2.43035 0.07330026 0.007622469 2.402841 0.1934274 0.01260867 2.450529 0.05701324 -0.4781264 2.414085 0.1701533 -0.4554259 2.70263 -0.007519744 -0.8692901 2.432444 0.1102424 -0.8187548 2.733288 0.06362122 -0.9400794 2.409508 0.1667375 -0.8806344 2.816325
0.1000046 0.7610285 2.53728 0.06686344 0.5807004 2.455939 0.01057835 0.3995073 2.28536 0.2253838 0.5068653 2.653095 0.2496059 0.3670218 2.204602 0.4048231 0.4698077 2.73678 0.3501148 0.5397414 2.289845 0.3708911 0.5446652 2.44572 0.3537814 0.6030167 2.250471 0.3315572 0.6520854 2.207969 0.08348305 0.1448536 2.452999 0.1267525 0.06459805 2.430511 0.07280362 0.007389785 2.402626 0.1930972 0.01232091 2.451063 0.0570097 -0.4774894 2.413843 0.1695025 -0.4534174 2.702878 -0.007328811 -0.8691554 2.432464 0.1086092 -0.8135086 2.729214 0.06370824 -0.9400128 2.409546 0.1641367 -0.8766733 2.811952
0.1028818 0.7602212 2.536799 0.06697924 0.5802818 2.455999 0.01053929 0.400557 2.283912 0.2254996 0.5064467 2.653155 0.2499551 0.3666574 2.204681 0.404929 0.4693939 2.736833 0.3714724 0.5404609 2.319036 0.3835255 0.5499442 2.446135 0.3520835 0.5915334 2.268219 0.3548516 0.6532445 2.236146 0.08387061 0.1451946 2.453425 0.1274058 0.06521916 2.431171 0.07356005 0.007728816 2.403646 0.1940425 0.01364259 2.451492 0.05700257 -0.4774464 2.413759 0.1767295 -0.4456503 2.707335 -0.007739767 -0.8689689 2.432808 0.10814 -0.8126423 2.729821 0.06293995 -0.9396074 2.409636 0.1619357 -0.9076955 2.761627
0.1030028 0.7600086 2.536408 0.06713922 0.5799577 2.455986 0.01049178 0.4007633 2.283255 0.2256596 0.5061227 2.653141 0.2503365 0.3649222 2.202927 0.4050792 0.4690739 2.736813 0.382453 0.5457109 2.3323 0.3858708 0.5556482 2.447792 0.3622049 0.6087647 2.297946 0.3589604 0.6602635 2.245749 0.08374646 0.1452792 2.453589 0.1272485 0.06532953 2.431406 0.07345359 0.007991907 2.404077 0.193758 0.01362047 2.451602 0.05703596 -0.4774543 2.413738 0.175832 -0.4532366 2.708573 -0.007731829 -0.8689529 2.432708 0.1073485 -0.8452757 2.741257 0.0649794 -0.9403509 2.409954 0.1661382 -0.8871716 2.834595
0.1049447 0.7586545 2.536603 0.06666822 0.5793747 2.454891 0.009228261 0.4018093 2.28246 0.2251886 0.5055396 2.652047 0.2462778 0.3575162 2.192635 0.4045986 0.4684936 2.73571 0.3916953 0.5487006 2.340348 0.3978489 0.5733968 2.452553 0.3699986 0.6160945 2.316844 0.3788151 0.6735777 2.291385 0.08900096 0.1450836 2.456891 0.1354692 0.06564783 2.436733 0.08473939 0.007652054 2.409615 0.2036841 0.01380393 2.459661 0.05711104 -0.4770446 2.41354 0.216114 -0.4795389 2.736216 -0.007683364 -0.8686723 2.432899 0.107366 -0.8304192 2.73712 0.06459632 -0.9401124 2.410414 0.1735874 -0.907775 2.782732
0.1046896 0.7578855 2.536427 0.06678019 0.5786445 2.454129 0.008992367 0.4013643 2.28249 0.2253005 0.5048094 2.651285 0.2454599 0.3513097 2.184292 0.4047006 0.4677668 2.734941 0.381521 0.5457804 2.336157 0.4138516 0.5516986 2.444622 0.3629735 0.6130124 2.309674 0.4089541 0.6352065 2.351311 0.08734077 0.1439849 2.456895 0.1323938 0.06368358 2.436545 0.07982954 0.005238345 2.407157 0.1986098 0.009007798 2.461106 0.05699911 -0.4766607 2.413374 0.1707532 -0.4768734 2.714905 -0.007620045 -0.8686768 2.433061 0.1078273 -0.8293015 2.736821 0.06473378 -0.940062 2.410258 0.173155 -0.909273 2.788652
0.1084617 0.7560806 2.535115 0.06730165 0.5774289 2.453281 0.007844513 0.402401 2.281738 0.225822 0.5035939 2.650437 0.2410321 0.3443594 2.171762 0.405212 0.4665549 2.734087 0.4501992 0.4836687 2.274069 0.4164786 0.5697027 2.450437 0.430215 0.5642222 2.331542 0.4254681 0.6452291 2.389548 0.09132396 0.1418103 2.458885 0.1370917 0.06148127 2.438891 0.08417818 0.002721455 2.408899 0.2060694 0.00642195 2.464908 0.05627691 -0.4796791 2.413756 0.2168999 -0.4846004 2.734108 -0.007462543 -0.8766236 2.434796 0.1081778 -0.8293577 2.737057 0.06431846 -0.9407523 2.410226 0.1698842 -0.9106939 2.782362
0.1166846 0.7497324 2.530905 0.0656234 0.573693 2.448821 0.006018729 0.4021977 2.28074 0.2241437 0.4998581 2.645977 0.225772 0.3285682 2.150261 0.4035239 0.4628223 2.729619 0.4474953 0.4762118 2.246782 0.4249617 0.5750474 2.450257 0.4467398 0.5472971 2.318465 0.4338994 0.6403549 2.415579 0.09177019 0.1414332 2.45891 0.1375526 0.06124922 2.438922 0.08762582 -0.0001323203 2.401217 0.2081583 0.001453623 2.473461 0.05640184 -0.4794362 2.413666 0.216947 -0.4847404 2.734025 -0.007047378 -0.8751317 2.434611 0.1087038 -0.8292039 2.737466 0.06436207 -0.940723 2.410336 0.1613612 -0.8801715 2.82998
0.1185777 0.7467542 2.52955 0.06453763 0.5720883 2.445416 0.004899926 0.3994494 2.279732 0.223058 0.4982533 2.642572 0.2183777 0.3251653 2.142509 0.4024279 0.4612203 2.726206 0.4011118 0.4269617 2.173191 0.4446842 0.5929865 2.479162 0.4645535 0.5003021 2.201297 0.4585157 0.6477882 2.463542 0.09519145 0.1388347 2.459394 0.1423432 0.0583881 2.440071 0.09371255 -0.00349614 2.409411 0.2127654 0.002019159 2.470316 0.05647642 -0.4793066 2.413639 0.21716 -0.4847585 2.733814 -0.007098461 -0.8746464 2.434652 0.1096125 -0.8230132 2.736803 0.06435101 -0.9406576 2.410399 0.1701079 -0.9067794 2.79385
0.1207974 0.7443962 2.527904 0.06372406 0.5709792 2.442591 0.004651032 0.3966068 2.281235 0.2222444 0.4971442 2.639747 0.1963846 0.3139525 2.125643 0.4016026 0.4601142 2.723373 0.3858822 0.4167484 2.145977 0.4555005 0.6010329 2.501937 0.4464934 0.4970833 2.154219 0.4755333 0.6482864 2.505493 0.09540431 0.13831 2.45886 0.1424163 0.05800971 2.439563 0.09381983 -0.006716383 2.397314 0.212662 -0.001164044 2.474324 0.05663967 -0.4788992 2.413566 0.2170792 -0.4845147 2.733011 -0.007337743 -0.873479 2.434825 0.1103444 -0.8267319 2.740489 0.06581333 -0.9409547 2.410019 0.1651846 -0.8812736 2.829664
0.1237109 0.7419438 2.526332 0.0636736 0.569774 2.440045 0.003703193 0.3953313 2.281417 0.2221939 0.4959391 2.637201 0.1870673 0.3080505 2.117163 0.4015408 0.4589118 2.720819 0.3890491 0.4164656 2.117448 0.4785039 0.6121733 2.56186 0.4565667 0.4902745 2.131157 0.4868154 0.6408939 2.557494 0.09588414 0.1369807 2.458267 0.1427146 0.05674506 2.439026 0.09365841 -0.007626588 2.396745 0.2131036 -0.00278459 2.474841 0.05689398 -0.4790608 2.413874 0.2169787 -0.4865182 2.731691 -0.007358341 -0.8721626 2.434427 0.1108464 -0.827831 2.741884 0.06499549 -0.9404854 2.410293 0.1624919 -0.8905382 2.815056
0.1267683 0.736941 2.523015 0.06676775 0.5647506 2.436683 0.002443874 0.3939467 2.281126 0.2252881 0.4909157 2.633839 0.183231 0.3042116 2.10717 0.404624 0.4538916 2.717449 0.3789305 0.3865864 2.068815 0.4926919 0.6218128 2.59561 0.4597787 0.5095297 2.060911 0.4886494 0.640467 2.575183 0.09689014 0.135672 2.457832 0.1431209 0.05578629 2.438558 0.09305487 -0.00894862 2.395926 0.2143324 -0.004612679 2.475394 0.05688369 -0.4796877 2.413897 0.2169897 -0.4872884 2.731039 -0.007828631 -0.8739258 2.435414 0.1108965 -0.8300422 2.743194 0.06495172 -0.9405792 2.410191 0.1655649 -0.88069 2.834765
0.12865 0.7349932 2.520635 0.06778198 0.5631252 2.434186 0.002128619 0.3932072 2.280285 0.2263023 0.4892902 2.631342 0.1917715 0.300575 2.088895 0.4056308 0.4522678 2.714947 0.3851633 0.3819305 2.034384 0.5167434 0.6299806 2.659336 0.4226123 0.4394163 2.026402 0.4817115 0.6689107 2.606175 0.09775936 0.1341139 2.457071 0.1437176 0.05431376 2.437953 0.09283073 -0.01035649 2.39527 0.2153105 -0.006138259 2.475721 0.05691462 -0.4797264 2.413916 0.2170354 -0.4879228 2.730413 -0.007812576 -0.8739187 2.435547 0.1114774 -0.8285742 2.743061 0.06490199 -0.9405547 2.410248 0.1653988 -0.8807737 2.834224
0.1308715 0.7340249 2.517651 0.06894233 0.5622607 2.432189 0.003097249 0.3930451 2.280836 0.2274626 0.4884258 2.629345 0.167319 0.2626649 2.062908 0.4067853 0.4514047 2.712946 0.3540912 0.3577452 2.007288 0.5171457 0.6303924 2.660955 0.4106746 0.4186015 1.990087 0.4821175 0.6693187 2.6078 0.09899898 0.1322725 2.45677 0.1448221 0.05219892 2.437864 0.09264155 -0.01225665 2.394811 0.217337 -0.007732784 2.477213 0.05676558 -0.4804352 2.41399 0.2191791 -0.4801436 2.730284 -0.007389888 -0.8730938 2.435774 0.1078167 -0.8099736 2.732641 0.06480061 -0.9408146 2.41118 0.16067 -0.8971828 2.792193
0.1336989 0.7324047 2.515534 0.07080705 0.5608206 2.430674 0.007692963 0.399036 2.283347 0.2293274 0.4869857 2.627829 0.1617058 0.2588098 2.056253 0.4086448 0.4499657 2.711426 0.3428935 0.3454185 1.969463 0.5160878 0.632374 2.727341 0.3938771 0.4137386 1.938371 0.481063 0.6712962 2.674191 0.09975376 0.1307437 2.455939 0.14539 0.05063586 2.437277 0.09254804 -0.01245436 2.394591 0.217845 -0.008889006 2.477085 0.05673316 -0.4826386 2.414783 0.220107 -0.4775783 2.730217 -0.007361184 -0.8722161 2.435558 0.1079493 -0.8103278 2.733144 0.06434782 -0.9405959 2.411517 0.164663 -0.8833995 2.806572
0.1379069 0.7298073 2.513227 0.07448801 0.5583177 2.428698 0.01261026 0.4008585 2.286116 0.2330083 0.4844828 2.625854 0.0736021 0.2742611 2.08794 0.4123107 0.447466 2.709441 0.3159602 0.3242486 1.937924 0.5160683 0.631647 2.727336 0.3674254 0.3841867 1.899512 0.4810483 0.6705638 2.674193 0.1016513 0.1268437 2.45554 0.1468587 0.04615296 2.437121 0.0921736 -0.01378217 2.396185 0.2196038 -0.0119618 2.475359 0.05681509 -0.4841381 2.415045 0.2208586 -0.4758484 2.73029 -0.00714804 -0.8717278 2.435452 0.109113 -0.8131437 2.733984 0.06467194 -0.9407765 2.412035 0.1569301 -0.9090007 2.760856
0.1433805 0.7283375 2.508847 0.07943211 0.5563847 2.426894 0.0173503 0.4028201 2.285232 0.2379524 0.4825498 2.624049 0.06032175 0.2754861 2.092377 0.4172392 0.4455364 2.707626 0.2962551 0.2949803 1.912782 0.5184796 0.630845 2.726942 0.3387187 0.3471411 1.880115 0.4834594 0.6697623 2.673799 0.1029194 0.1228061 2.454088 0.1474727 0.04111647 2.435675 0.09216942 -0.01461628 2.39612 0.2190578 -0.02063566 2.472528 0.05692032 -0.4842625 2.415093 0.2222151 -0.4896351 2.729365 -0.007374892 -0.870709 2.435292 0.1086756 -0.8123438 2.732433 0.06445673 -0.9408766 2.411226 0.1644403 -0.8756666 2.815084
0.1478578 0.7269983 2.506889 0.08274549 0.5552033 2.426039 0.02452306 0.4035205 2.28494 0.2412658 0.4813683 2.623194 0.06007427 0.2762855 2.090289 0.4205368 0.4443582 2.70676 0.2725698 0.2733513 1.880676 0.520901 0.6300124 2.726682 0.3118205 0.3049306 1.860543 0.4858803 0.6689304 2.673538 0.1054321 0.1182582 2.454234 0.1499474 0.03563508 2.436469 0.09449004 -0.01703 2.398432 0.2199315 -0.0252308 2.472312 0.05766115 -0.4852903 2.415675 0.2275072 -0.5021737 2.732851 -0.007606489 -0.8697662 2.434954 0.1097317 -0.8164911 2.734128 0.06421991 -0.9403031 2.410676 0.1642511 -0.9110368 2.7721
0.1507464 0.7264625 2.505782 0.08586981 0.5545273 2.425074 0.03394057 0.4062395 2.282062 0.2443901 0.4806923 2.62223 0.02862755 0.2643666 2.095689 0.4236436 0.4436858 2.705784 0.2350699 0.2560118 1.879902 0.5235883 0.6294658 2.726125 0.2857777 0.2789612 1.833237 0.488567 0.6683844 2.67298 0.1082922 0.114225 2.455061 0.1532099 0.03067408 2.438535 0.09919816 -0.02024366 2.40711 0.2212615 -0.0272628 2.471408 0.05770302 -0.4856293 2.415625 0.2288121 -0.5042983 2.734157 -0.007517269 -0.8694111 2.434762 0.1094351 -0.8159634 2.734306 0.06339862 -0.9394019 2.411086 0.1643993 -0.9103185 2.772643
0.1550054 0.7258375 2.503166 0.08848688 0.5541015 2.424245 0.03769701 0.4069608 2.28201 0.2470072 0.4802665 2.621401 0.02606372 0.2647971 2.096259 0.4262432 0.4432636 2.704943 0.1889036 0.2129444 1.87567 0.5140291 0.4614711 2.913232 0.2581508 0.2443162 1.808433 0.543291 0.4675403 2.987193 0.1084843 0.1128026 2.455189 0.1530841 0.02873363 2.438906 0.09908415 -0.02073346 2.406676 0.2202643 -0.03227545 2.473794 0.05777984 -0.4868652 2.415888 0.2297335 -0.5064428 2.735487 -0.007476499 -0.8692368 2.434776 0.1094704 -0.8158414 2.734361 0.06280692 -0.9393418 2.411375 0.1652554 -0.9087043 2.78146
0.1596932 0.7246102 2.502151 0.09153489 0.5533684 2.423825 0.03860517 0.4069318 2.28225 0.2500552 0.4795335 2.62098 0.02359777 0.2656596 2.096014 0.4292746 0.442534 2.704512 0.1598637 0.1918478 1.868744 0.458764 0.3946009 2.896998 0.23561 0.2133829 1.785478 0.512594 0.4309995 2.933616 0.1083112 0.111942 2.456006 0.1522335 0.02731204 2.439899 0.09744973 -0.02113076 2.406217 0.2192038 -0.03723983 2.477984 0.05776761 -0.4868897 2.415892 0.2306236 -0.5074644 2.737191 -0.007478661 -0.8692064 2.434768 0.1102507 -0.844732 2.749913 0.06294512 -0.9392672 2.411298 0.1738095 -0.8916979 2.837719
0.1640248 0.7233362 2.500527 0.09342332 0.5527959 2.423448 0.04041612 0.4055848 2.282423 0.2519436 0.4789609 2.620604 0.01920029 0.2669429 2.094618 0.4311461 0.441965 2.704124 0.1476038 0.185995 1.874071 0.4387581 0.3627139 2.898453 0.2130005 0.1814864 1.765439 0.4839878 0.3584642 2.957607 0.1075785 0.1129466 2.457103 0.150498 0.02885816 2.441805 0.09517656 -0.01941932 2.404873 0.2160939 -0.03572714 2.486012 0.05774073 -0.4871598 2.415966 0.2346311 -0.4963984 2.742945 -0.007469864 -0.8691969 2.434771 0.1075731 -0.8239727 2.740671 0.06275696 -0.9388637 2.411324 0.1645479 -0.9094224 2.767878
0.1673784 0.7224128 2.499478 0.0954245 0.5523356 2.422797 0.0415862 0.4050319 2.282534 0.2539448 0.4785006 2.619953 0.01697486 0.2671877 2.094554 0.4331298 0.4415083 2.703461 0.09329535 0.1519691 1.913082 0.4000956 0.3325041 2.901259 0.1857256 0.1349754 1.755224 0.4610047 0.3602702 2.934157 0.1062065 0.1141626 2.458581 0.1478543 0.0303462 2.444045 0.09267791 -0.01779605 2.403662 0.2114862 -0.03549775 2.493233 0.05772585 -0.4872748 2.41604 0.2360054 -0.4946858 2.745223 -0.007441805 -0.8688794 2.434448 0.1074833 -0.8196228 2.73895 0.06301248 -0.938879 2.411364 0.1642653 -0.9095447 2.768167
0.1705561 0.7215589 2.498662 0.09669529 0.5521698 2.422515 0.04378486 0.4044398 2.281816 0.2552156 0.4783348 2.61967 0.01584566 0.2670178 2.094046 0.4343833 0.441346 2.703167 0.08998227 0.1501801 1.916127 0.4003092 0.3285362 2.906802 0.1751781 0.1166416 1.75471 0.4585386 0.3504741 2.947929 0.1086287 0.1170844 2.459228 0.1510401 0.0345949 2.44478 0.1016475 -0.01012434 2.416143 0.2160476 -0.01938061 2.477454 0.05775207 -0.4873334 2.416113 0.2363499 -0.4918551 2.746239 -0.007155276 -0.8685471 2.434925 0.1074907 -0.8191098 2.737655 0.06297772 -0.9387867 2.411344 0.1606159 -0.871917 2.829034
0.1713402 0.7214813 2.498054 0.0970494 0.5521911 2.422245 0.04473415 0.4033873 2.281276 0.2555697 0.4783561 2.619401 0.0151118 0.266246 2.093594 0.4347198 0.4413709 2.702886 0.08619146 0.1452919 1.918995 0.402161 0.3193868 2.920182 0.1425301 0.09011808 1.791932 0.4587702 0.3332431 2.968917 0.1096434 0.1187446 2.459854 0.1523291 0.0366682 2.445577 0.1041809 -0.007511184 2.419684 0.2159425 -0.01862826 2.47672 0.05771942 -0.488243 2.416322 0.2376267 -0.4931914 2.748434 -0.007184396 -0.8684682 2.434879 0.1094525 -0.8212089 2.739326 0.0631218 -0.9389825 2.410697 0.1621517 -0.8754042 2.83016
0.1726535 0.7217873 2.497573 0.09843747 0.5523704 2.42213 0.04563135 0.403469 2.281085 0.2569578 0.4785354 2.619286 0.02082292 0.2628065 2.095668 0.4360909 0.4415538 2.70276 0.09917402 0.1030377 1.877094 0.395997 0.3128922 2.922079 0.1361781 0.08432272 1.800217 0.4576151 0.326088 2.980756 0.1098202 0.1193276 2.459786 0.1523857 0.03716615 2.445388 0.1042576 -0.006911865 2.419891 0.2148243 -0.01883735 2.474829 0.05760738 -0.4887003 2.416335 0.2351806 -0.499264 2.747142 -0.007078584 -0.870804 2.435323 0.109018 -0.8209697 2.738838 0.06315455 -0.9391161 2.410463 0.1659761 -0.8767455 2.826091
0.1734378 0.7216577 2.496791 0.09912264 0.5521377 2.421975 0.04714891 0.4029645 2.281134 0.257643 0.4783027 2.619131 0.02701622 0.2482567 2.097313 0.4367617 0.441324 2.702595 0.100326 0.09650838 1.874334 0.3670594 0.2942243 2.919216 0.1335883 0.07015277 1.796438 0.4323828 0.289943 2.954967 0.1102979 0.1194504 2.459891 0.1528796 0.03725615 2.445512 0.1050567 -0.006813438 2.420109 0.21483 -0.01909358 2.474777 0.05777818 -0.4889002 2.416261 0.2356917 -0.5053579 2.748673 -0.007010743 -0.8706826 2.435327 0.1081473 -0.8195426 2.737254 0.06322585 -0.9391261 2.410552 0.166657 -0.9079752 2.773566
0.175511 0.7210884 2.495262 0.1007769 0.5515818 2.421206 0.04742977 0.4027082 2.28118 0.2592973 0.4777468 2.618362 0.02676209 0.2432318 2.093359 0.4384024 0.440771 2.701817 0.101076 0.090887 1.866857 0.36609 0.2951078 2.919091 0.1311303 0.06718681 1.794103 0.4305212 0.2898372 2.956282 0.1108366 0.1197604 2.459773 0.1532543 0.03747911 2.445247 0.1052299 -0.006733333 2.420088 0.2149361 -0.01953935 2.473864 0.05774353 -0.4891109 2.416324 0.2351003 -0.5075054 2.747706 -0.007216163 -0.8701537 2.434953 0.1080579 -0.8194417 2.737195 0.06289289 -0.9391194 2.410741 0.1678153 -0.8789355 2.820024
0.1764116 0.7211779 2.494888 0.101299 0.5517987 2.420932 0.04756147 0.402587 2.281159 0.2598193 0.4779637 2.618088 0.02239598 0.2377163 2.088186 0.438912 0.4409904 2.701534 0.1016992 0.09050427 1.864895 0.3515102 0.2978122 2.905474 0.1308891 0.06814148 1.793954 0.4265106 0.3182141 2.969829 0.1113269 0.1205548 2.459134 0.1536884 0.03839182 2.444345 0.105568 -0.006092045 2.419711 0.2148294 -0.01931808 2.471878 0.05784304 -0.4889944 2.41629 0.234308 -0.5079136 2.746025 -0.006849661 -0.8678596 2.434322 0.1097978 -0.8232181 2.740942 0.06284672 -0.9387242 2.410526 0.167448 -0.8810096 2.826441
0.1776068 0.7211313 2.493641 0.1020739 0.5518028 2.420279 0.04773185 0.4025937 2.280891 0.2605942 0.4779678 2.617434 0.01179216 0.2515284 2.107727 0.4396697 0.440998 2.700869 0.1009905 0.09763667 1.866608 0.3465618 0.3023157 2.894109 0.1382135 0.07647645 1.77125 0.4168685 0.3235195 2.963324 0.1118328 0.1208987 2.458169 0.154104 0.03875515 2.443099 0.1063701 -0.005533298 2.418079 0.2145196 -0.02014551 2.470334 0.05747193 -0.4911545 2.416573 0.2331116 -0.5209575 2.741235 -0.007401077 -0.8730888 2.434541 0.1112987 -0.8266187 2.741261 0.06185362 -0.9398417 2.409294 0.1696409 -0.8835227 2.826897
0.1784693 0.72113 2.493067 0.1026289 0.5518908 2.419862 0.047638 0.4027217 2.280406 0.2611492 0.4780558 2.617018 0.01029918 0.2528982 2.106348 0.4402072 0.4410897 2.700441 0.1127013 0.1372871 1.848748 0.3933658 0.3330546 2.911084 0.1414081 0.09215868 1.761786 0.4513733 0.3585639 2.950428 0.1129214 0.1231337 2.457174 0.155244 0.04171277 2.441802 0.1066221 -0.004475847 2.417393 0.2160587 -0.01713596 2.468639 0.05747964 -0.49123 2.416534 0.2351661 -0.490468 2.740644 -0.00774037 -0.8726637 2.43457 0.109572 -0.823095 2.738918 0.06182429 -0.9398017 2.409309 0.164043 -0.910734 2.796614
0.1782073 0.721019 2.492706 0.1026313 0.5516683 2.419376 0.04765526 0.4024048 2.280495 0.2611516 0.4778334 2.616531 0.009192444 0.2545745 2.104752 0.4401925 0.4408708 2.699944 0.07683152 0.1422276 1.922775 0.3941563 0.335399 2.909486 0.1679616 0.1227736 1.757943 0.4523842 0.3670703 2.943724 0.106457 0.1210127 2.454765 0.1460532 0.03786603 2.438749 0.08796764 -0.009009087 2.397499 0.2035597 -0.02948536 2.476286 0.05771615 -0.4916281 2.416544 0.2340365 -0.4877054 2.738827 -0.007762716 -0.8726149 2.434531 0.1094173 -0.8208333 2.737172 0.06143084 -0.940433 2.409778 0.1657451 -0.9116027 2.78186
0.1782937 0.7210811 2.492278 0.1026823 0.5517319 2.418933 0.04734551 0.4024166 2.280543 0.2612026 0.477897 2.616089 0.007359415 0.2559293 2.103907 0.4402255 0.4409381 2.699489 0.08005241 0.1460369 1.922445 0.4069142 0.3668552 2.898326 0.1855743 0.150977 1.76075 0.3958105 0.3421609 2.969139 0.1060683 0.1209259 2.454454 0.1457389 0.03773607 2.43847 0.08789131 -0.009168802 2.396188 0.2042476 -0.03064686 2.477797 0.05785701 -0.4915632 2.41654 0.2343986 -0.4870023 2.738687 -0.007762632 -0.8719659 2.434543 0.1092585 -0.8205962 2.737112 0.06151591 -0.9403385 2.409261 0.1661472 -0.87769 2.82362
0.1780531 0.7207527 2.492039 0.1023367 0.5514785 2.418462 0.04655278 0.4023372 2.280425 0.2608571 0.4776436 2.615618 0.008028109 0.2576447 2.101708 0.4398624 0.4406883 2.699007 0.09256843 0.1561822 1.920513 0.4489699 0.4171986 2.90413 0.2047094 0.1835946 1.768263 0.5111157 0.4535365 2.923766 0.1063858 0.1200379 2.454305 0.1464588 0.03659197 2.438322 0.08839689 -0.01027992 2.396353 0.2095828 -0.03231849 2.47851 0.05794571 -0.4915474 2.416515 0.2345277 -0.4869613 2.738658 -0.007823888 -0.8708313 2.433972 0.1118482 -0.8268059 2.740553 0.0613798 -0.9402458 2.409391 0.1659482 -0.9165775 2.769382
0.1780445 0.7198993 2.492359 0.1022964 0.550688 2.418448 0.04511007 0.4029739 2.281146 0.2608168 0.4768531 2.615604 0.01377548 0.2600042 2.099208 0.4398055 0.4399013 2.698982 0.1158288 0.1815221 1.915469 0.4927136 0.470779 2.911325 0.23247 0.223464 1.787484 0.5103496 0.4810716 2.986639 0.1065703 0.1187506 2.45389 0.146755 0.03529165 2.437654 0.08805884 -0.01133539 2.396318 0.2123945 -0.03371 2.477157 0.05802286 -0.4915895 2.416589 0.2347291 -0.4854532 2.737773 -0.007595157 -0.8705391 2.4343 0.1119278 -0.8263596 2.740372 0.0616665 -0.9401162 2.409872 0.1649959 -0.9131265 2.782769
0.1771095 0.7186655 2.49212 0.1010647 0.5496708 2.417708 0.0432668 0.4048764 2.280708 0.2595851 0.4758359 2.614864 0.01438041 0.2606965 2.099442 0.438557 0.4388876 2.698231 0.1356298 0.1990065 1.921508 0.5164425 0.5077175 2.881026 0.2529804 0.2527784 1.801679 0.5424044 0.5306609 2.946491 0.107115 0.1178121 2.453375 0.1478308 0.03438911 2.436992 0.08937556 -0.01288839 2.397323 0.2157321 -0.032461 2.474402 0.05835121 -0.4922073 2.416708 0.2348826 -0.4841779 2.737257 -0.008082513 -0.8753034 2.437849 0.1123982 -0.8277296 2.741159 0.06169192 -0.9403281 2.410052 0.1703039 -0.8861441 2.826112
0.1748222 0.7185313 2.49182 0.09911311 0.5493577 2.417484 0.0402834 0.4063214 2.279563 0.2576335 0.4755228 2.61464 0.02892268 0.2589783 2.091436 0.4365894 0.4385778 2.697997 0.1777471 0.2371657 1.921232 0.5159373 0.508039 2.881262 0.282076 0.2935202 1.830594 0.5423865 0.5311927 2.946885 0.1079043 0.1171198 2.453295 0.1496421 0.03370923 2.436856 0.09197308 -0.01501774 2.399466 0.2200508 -0.03030421 2.472658 0.058468 -0.4920786 2.416658 0.2351824 -0.4832858 2.737148 -0.007804326 -0.8740279 2.43766 0.1115222 -0.8242043 2.739988 0.06177544 -0.9399167 2.409735 0.167411 -0.8782248 2.829116
0.1702832 0.7179819 2.491128 0.09520747 0.5485449 2.416622 0.03383863 0.4104886 2.278669 0.2537278 0.47471 2.613778 0.03930285 0.2594307 2.087994 0.4326685 0.4377681 2.697125 0.1931326 0.252146 1.926813 0.5140131 0.5082205 2.881209 0.3072848 0.3328259 1.856987 0.5411279 0.5317046 2.947105 0.107994 0.1168021 2.4532 0.1498066 0.0336841 2.436594 0.09188002 -0.01531129 2.40043 0.2217491 -0.02785229 2.469498 0.05879408 -0.4913602 2.416596 0.232814 -0.4782712 2.734945 -0.007788283 -0.8733035 2.437463 0.1106627 -0.8230394 2.739264 0.06188019 -0.9397435 2.409872 0.1689759 -0.909468 2.795088
0.1669737 0.7176591 2.491857 0.09312913 0.547716 2.417102 0.02840738 0.4135039 2.277871 0.2516495 0.4738811 2.614258 0.04803035 0.263295 2.088298 0.4305751 0.4369424 2.697595 0.2802324 0.3209307 1.913374 0.5126184 0.508024 2.881955 0.3207771 0.3656359 1.874862 0.5399661 0.5317178 2.947943 0.1080002 0.1167549 2.453192 0.1498504 0.0340021 2.436319 0.09183977 -0.01534183 2.400526 0.2220987 -0.02632218 2.468639 0.05886541 -0.4914597 2.416594 0.2321593 -0.4775811 2.734364 -0.007568048 -0.8738266 2.437253 0.1109946 -0.8224286 2.739253 0.06165263 -0.9403117 2.409733 0.1589162 -0.9213762 2.758529
0.1633048 0.7137657 2.492346 0.09013112 0.543396 2.418206 0.01482253 0.4110756 2.277957 0.2486515 0.4695611 2.615362 0.1402072 0.2624049 2.038096 0.427573 0.4326232 2.698697 0.3103607 0.3580633 1.938566 0.5103211 0.5048249 2.883416 0.3545273 0.4190363 1.901166 0.5379038 0.5288922 2.949524 0.1078912 0.1170631 2.453279 0.1493766 0.03555809 2.435301 0.09084132 -0.01556933 2.399918 0.2226207 -0.02451983 2.467898 0.05885013 -0.4914472 2.416559 0.2292043 -0.4751328 2.732052 -0.007796587 -0.8741068 2.437248 0.1106397 -0.8223659 2.738913 0.06164447 -0.9403423 2.40972 0.1670524 -0.9159245 2.781941
0.1605459 0.714897 2.492886 0.08679148 0.5448486 2.418318 0.007026892 0.4098989 2.278944 0.2453119 0.4710137 2.615474 0.08210333 0.2921702 2.091051 0.4242179 0.434079 2.698799 0.3174284 0.3727642 1.967649 0.5071017 0.5065638 2.883886 0.3659842 0.4335032 1.937328 0.5347297 0.5307254 2.950116 0.1075823 0.1192811 2.452953 0.1495106 0.03874873 2.434473 0.09069172 -0.01543127 2.39976 0.2243758 -0.02010845 2.467436 0.05924651 -0.4898676 2.416281 0.2278942 -0.4731622 2.73104 -0.007584627 -0.873489 2.436841 0.1101529 -0.8213149 2.737563 0.06160462 -0.9402872 2.409794 0.1689439 -0.8780221 2.823108
0.157813 0.7154205 2.493118 0.08549389 0.5446942 2.418791 -0.004194661 0.4097562 2.277349 0.2440143 0.4708593 2.615947 0.08585454 0.2967137 2.093855 0.4229052 0.4339277 2.699262 0.3328149 0.3932636 2.003989 0.5058753 0.5065318 2.884515 0.3865058 0.4594781 1.982184 0.533532 0.5307332 2.950801 0.107755 0.1222336 2.4535 0.1499427 0.0433345 2.434465 0.09031051 -0.01517446 2.400202 0.2276668 -0.01282558 2.466517 0.05921936 -0.4898891 2.416294 0.2260754 -0.470903 2.730217 -0.007879835 -0.8754157 2.437335 0.1104164 -0.8217751 2.737128 0.06111035 -0.94043 2.410949 0.166761 -0.9102113 2.767325
0.1644592 0.7115369 2.493008 0.08319548 0.5447017 2.419508 -0.008413323 0.3971009 2.278744 0.2417159 0.4708668 2.616664 0.1494282 0.3059286 2.079784 0.420597 0.4339372 2.699974 0.341099 0.4063764 2.028031 0.4857202 0.6682916 2.597795 0.4101744 0.4930052 2.024857 0.5074279 0.7464097 2.568269 0.1080985 0.1229316 2.45418 0.1505635 0.04444906 2.435026 0.0906929 -0.01565321 2.401996 0.2292041 -0.01058657 2.466574 0.05908277 -0.4886524 2.416196 0.2253226 -0.4702394 2.729951 -0.00797605 -0.8740253 2.436965 0.1101456 -0.8199042 2.734711 0.06108044 -0.9400546 2.409933 0.1632476 -0.9101399 2.756294
0.1671127 0.7095966 2.495463 0.08166357 0.5451932 2.420307 -0.008801136 0.3957347 2.278826 0.240184 0.4713583 2.617463 0.1533293 0.3102736 2.083104 0.419055 0.4344307 2.700766 0.3515539 0.4187721 2.066691 0.4810329 0.6696829 2.575377 0.4164729 0.4958188 2.073084 0.4868871 0.695159 2.560273 0.1083703 0.1272162 2.454655 0.1516871 0.05006744 2.435535 0.09177976 -0.01437513 2.401412 0.2300735 -0.005382388 2.469097 0.05895721 -0.4856867 2.416235 0.2244376 -0.4682482 2.730068 -0.008036409 -0.8730847 2.437047 0.1084776 -0.8175161 2.731483 0.05941791 -0.9380245 2.412487 0.1654567 -0.9101082 2.760794
0.1666994 0.7108917 2.494283 0.08071782 0.5462854 2.421389 -0.01164532 0.3990453 2.278684 0.2392382 0.4724505 2.618545 0.1594954 0.3194942 2.091005 0.4180982 0.4355252 2.701841 0.3612491 0.4303086 2.094969 0.4664465 0.6613718 2.529991 0.4246306 0.5083709 2.103808 0.4705845 0.6856554 2.525419 0.1072862 0.1340295 2.453775 0.15063 0.05819348 2.433929 0.09269252 -0.008465229 2.395774 0.2286606 -0.002777873 2.470195 0.05869798 -0.4846257 2.416009 0.2228113 -0.4714925 2.729198 -0.008171462 -0.8726681 2.436945 0.1099688 -0.8206351 2.733705 0.06022118 -0.9386576 2.411624 0.1565176 -0.9168515 2.739965
0.1659312 0.7126766 2.494486 0.08022878 0.5476466 2.422952 -0.0115375 0.3988933 2.278979 0.2387492 0.4738117 2.620108 0.1658083 0.3267153 2.098794 0.4175981 0.4368887 2.703398 0.3607846 0.4311013 2.110644 0.4542027 0.6439967 2.510911 0.4233221 0.5021415 2.145734 0.4598236 0.6832138 2.499024 0.1069082 0.1360715 2.453786 0.1503206 0.06019095 2.433809 0.09296734 -0.006651111 2.393235 0.227749 -0.001894269 2.471894 0.05874649 -0.4822052 2.415893 0.2222016 -0.4723982 2.729051 -0.007735243 -0.8722554 2.436954 0.110256 -0.8226479 2.735612 0.06049315 -0.9388721 2.412301 0.1588558 -0.9148182 2.752721
0.165679 0.7149102 2.495227 0.07923307 0.5500016 2.425041 -0.01154779 0.3995588 2.279409 0.2377535 0.4761667 2.622197 0.1751161 0.3357918 2.106993 0.4165909 0.4392461 2.705479 0.4012588 0.4848507 2.16706 0.4324033 0.6251643 2.471951 0.4481454 0.5379292 2.190531 0.4407409 0.6685625 2.458973 0.106329 0.139809 2.454073 0.1498939 0.06413282 2.433922 0.09369411 -0.003592266 2.391662 0.2263219 0.0006725485 2.473521 0.05847794 -0.4825192 2.415907 0.2217139 -0.4735175 2.729247 -0.007594003 -0.8744421 2.436693 0.1093987 -0.8224165 2.734746 0.06138575 -0.9397618 2.412008 0.1612334 -0.9116318 2.761851
0.160645 0.7194679 2.49497 0.0797635 0.551361 2.42702 -0.01150108 0.3996544 2.279513 0.2382839 0.4775261 2.624176 0.1845499 0.3423157 2.11499 0.4171101 0.4406079 2.707451 0.4042971 0.4860404 2.18757 0.4245942 0.6144643 2.463869 0.4503134 0.5334686 2.227423 0.4223146 0.6675863 2.428739 0.105688 0.1420857 2.453928 0.1489702 0.06671105 2.433435 0.09275957 -0.001193561 2.38963 0.2252394 0.001806385 2.473876 0.05841643 -0.4816878 2.415855 0.22039 -0.4746103 2.728318 -0.007606555 -0.873853 2.43712 0.1096667 -0.8357127 2.737657 0.06169925 -0.9395362 2.411753 0.1714197 -0.8859181 2.825171
0.1605828 0.7224965 2.494579 0.07955696 0.5539982 2.429496 -0.0113984 0.399865 2.27949 0.2380773 0.4801633 2.626652 0.1896688 0.3471157 2.121442 0.4168927 0.4432473 2.709919 0.4087307 0.4886295 2.230909 0.4099642 0.5896502 2.447961 0.4546761 0.5361686 2.265453 0.4121325 0.6571355 2.403642 0.1052498 0.1466974 2.454975 0.1485633 0.07164337 2.434335 0.09250459 0.003230701 2.391143 0.2240955 0.008849746 2.474024 0.05844018 -0.4813517 2.415804 0.2194654 -0.4680251 2.729575 -0.007307554 -0.8726114 2.437145 0.1071458 -0.8222535 2.730319 0.06154164 -0.9391969 2.411262 0.165047 -0.8787463 2.816641
0.1594194 0.7255337 2.495867 0.08060706 0.5559514 2.430937 -0.01024245 0.4010559 2.278913 0.2391275 0.4821165 2.628093 0.1969454 0.3527555 2.133606 0.4179317 0.4452028 2.711353 0.4146478 0.4945574 2.245095 0.4018511 0.5803453 2.443526 0.4575888 0.5406843 2.284991 0.4055008 0.6577169 2.3921 0.1054392 0.1488248 2.455521 0.1486795 0.0736857 2.434869 0.09265874 0.006715283 2.394196 0.2236104 0.01248749 2.472741 0.05836417 -0.4809777 2.415745 0.2187078 -0.4658991 2.72963 -0.007669168 -0.871253 2.436594 0.1077898 -0.8181221 2.730388 0.06128266 -0.9393429 2.411101 0.150905 -0.9083244 2.738486
0.1582742 0.7300969 2.496578 0.08145509 0.5595856 2.431647 -0.009071805 0.4013552 2.279122 0.2399755 0.4857507 2.628803 0.202231 0.356465 2.142681 0.4187688 0.4488393 2.712057 0.3529821 0.5292072 2.303932 0.3896565 0.5714864 2.439124 0.3387996 0.6013343 2.316542 0.3852741 0.654745 2.338409 0.1048012 0.1506368 2.455215 0.1478577 0.07513995 2.434473 0.09202638 0.008208413 2.391849 0.2221483 0.01247462 2.473522 0.05835412 -0.4808171 2.415738 0.217571 -0.4687703 2.728759 -0.007674415 -0.8711702 2.43672 0.1081068 -0.8172775 2.733738 0.06141061 -0.9391907 2.411129 0.1509905 -0.9062964 2.744735
0.1570485 0.7326893 2.497419 0.08259144 0.5611155 2.432503 -0.007537236 0.4019441 2.278963 0.2411118 0.4872805 2.629659 0.207373 0.3597989 2.151639 0.4198942 0.4503714 2.712905 0.3518196 0.5372907 2.313425 0.3789506 0.5797834 2.444925 0.3309377 0.607589 2.299878 0.3678559 0.692739 2.296613 0.104244 0.153146 2.455839 0.1469549 0.07772068 2.435172 0.09115463 0.01046756 2.393173 0.2203461 0.01540219 2.473667 0.05847219 -0.4805141 2.415766 0.2172024 -0.4646114 2.72961 -0.00742763 -0.8704853 2.436563 0.1090093 -0.8185433 2.735603 0.06143435 -0.9391723 2.411121 0.1606884 -0.8753195 2.825629
0.1575453 0.7343032 2.498394 0.08291063 0.5628525 2.433053 -0.005974424 0.4017727 2.28021 0.241431 0.4890175 2.630209 0.2110513 0.3634506 2.159437 0.4202025 0.4521106 2.713449 0.3553452 0.5419899 2.320255 0.3754715 0.5736062 2.442242 0.331185 0.6075672 2.294248 0.3625495 0.6841601 2.290925 0.1044086 0.1536499 2.456026 0.1471021 0.07800668 2.43533 0.09123139 0.01045285 2.393129 0.2205528 0.0158433 2.474304 0.05865089 -0.4810973 2.416181 0.2170561 -0.462963 2.729801 -0.006909602 -0.8706101 2.435873 0.1116772 -0.8270491 2.741332 0.06096259 -0.939361 2.411091 0.1636442 -0.9141107 2.790679
0.1575662 0.7362468 2.499665 0.08303593 0.5647753 2.43404 -0.005584532 0.4020736 2.280477 0.2415563 0.4909404 2.631196 0.2405214 0.3701336 2.176403 0.4203194 0.4540351 2.71443 0.3708223 0.5593889 2.336914 0.3720296 0.5675278 2.440248 0.3424405 0.6172514 2.299418 0.3552307 0.6804638 2.274684 0.1043156 0.1537812 2.456383 0.1470144 0.07795642 2.435699 0.09055711 0.01064583 2.399494 0.2200637 0.01709889 2.472318 0.05881909 -0.4808253 2.416136 0.2167827 -0.4616995 2.729617 -0.006615938 -0.8702748 2.435963 0.1113752 -0.8262514 2.741608 0.06049272 -0.9391671 2.411597 0.1697989 -0.8814722 2.828433
0.1578675 0.7389969 2.499355 0.08500063 0.5665064 2.435785 -0.004659207 0.4043391 2.281253 0.243521 0.4926715 2.632941 0.2416142 0.3704964 2.179558 0.4222755 0.455768 2.716169 0.3731923 0.5603584 2.338416 0.3733831 0.5622938 2.439189 0.3478495 0.61838 2.299047 0.3554237 0.6739396 2.26758 0.1046723 0.155342 2.456854 0.1471481 0.07928935 2.435968 0.09043556 0.0124369 2.400959 0.2201322 0.02014383 2.469988 0.05881668 -0.4808724 2.41616 0.2163845 -0.4602762 2.729298 -0.006502565 -0.8715917 2.435709 0.1108295 -0.8255826 2.740928 0.06061545 -0.9394182 2.411519 0.1673079 -0.8775563 2.831
0.1578621 0.7398092 2.501554 0.08512212 0.5674672 2.436412 -0.001899207 0.4055434 2.28206 0.2436425 0.4936323 2.633568 0.2465367 0.3707317 2.186288 0.4223886 0.4567306 2.716791 0.371811 0.5537994 2.331407 0.370763 0.55266 2.436297 0.4135692 0.614822 2.384316 0.3498534 0.6622764 2.254524 0.1044134 0.1555437 2.456891 0.1469782 0.07938381 2.436097 0.09044146 0.01310624 2.401654 0.2189816 0.02062294 2.469295 0.05885274 -0.480766 2.416113 0.2163756 -0.4602771 2.7293 -0.006426092 -0.8713565 2.43574 0.1087651 -0.8186269 2.735855 0.06063997 -0.9399583 2.411893 0.1662801 -0.8788019 2.81998
0.1578667 0.7408198 2.502861 0.08607786 0.5681628 2.437038 -0.001539306 0.4065484 2.282681 0.2445982 0.4943279 2.634194 0.2502554 0.3702815 2.190519 0.423336 0.4574279 2.717411 0.3694801 0.5502328 2.327789 0.3745882 0.5480084 2.434532 0.4092216 0.6102165 2.378081 0.3530902 0.6587175 2.240167 0.1045943 0.1559221 2.457036 0.1470403 0.07960437 2.436141 0.09036812 0.01326007 2.401842 0.219234 0.0211873 2.468708 0.05895972 -0.4801178 2.415769 0.2160036 -0.4594882 2.728836 -0.006366309 -0.8712707 2.436001 0.108791 -0.8144977 2.731756 0.06103744 -0.9397804 2.411781 0.1649999 -0.900767 2.790113
0.1558938 0.7417974 2.504737 0.08568421 0.5687786 2.436931 -0.0009244477 0.4070279 2.283102 0.2442046 0.4949436 2.634087 0.2527481 0.3698072 2.193249 0.4229342 0.4580453 2.717299 0.3670544 0.5467911 2.323962 0.374431 0.544934 2.433175 0.3458012 0.5999146 2.27618 0.3517812 0.6559061 2.230945 0.1036877 0.1565654 2.456815 0.1460162 0.08014002 2.435912 0.08927333 0.01405928 2.398787 0.217097 0.02058538 2.470217 0.05891672 -0.4799568 2.415751 0.2158941 -0.4594247 2.728661 -0.006688556 -0.8712431 2.436269 0.108383 -0.8133806 2.730907 0.0613152 -0.9398844 2.411085 0.164195 -0.8792627 2.811863
0.1565171 0.7417823 2.506373 0.08564606 0.5692146 2.437345 -0.0005565059 0.4070811 2.28339 0.2441664 0.4953796 2.634501 0.2541511 0.3692015 2.194592 0.422888 0.458483 2.717707 0.3668124 0.5462357 2.32339 0.3747621 0.5455953 2.433602 0.3464243 0.6002233 2.2762 0.3522594 0.6568268 2.230978 0.1035336 0.1566068 2.456839 0.1458325 0.08013134 2.435923 0.08913211 0.01436969 2.399389 0.2163058 0.02061398 2.469152 0.0587958 -0.4798826 2.415724 0.2155784 -0.4610457 2.7279 -0.006839389 -0.8709387 2.436367 0.1081411 -0.8127646 2.731335 0.06159572 -0.9400454 2.410865 0.1658247 -0.9057947 2.771714
0.1569204 0.7424482 2.507085 0.08613555 0.5698941 2.437662 -0.0002048107 0.4079562 2.283602 0.2446559 0.4960591 2.634818 0.2542547 0.3689162 2.194596 0.4233695 0.4591641 2.718019 0.3673828 0.5457262 2.323614 0.375079 0.5468769 2.434151 0.3481897 0.601175 2.27763 0.3530743 0.657379 2.234988 0.1027229 0.1582891 2.456557 0.1445699 0.08201383 2.435404 0.08717088 0.01589406 2.392796 0.2149752 0.02021977 2.471603 0.05879593 -0.4798826 2.415724 0.2154844 -0.4603854 2.727709 -0.006739073 -0.8701316 2.435417 0.1078867 -0.8123719 2.731212 0.06186245 -0.9399778 2.410871 0.1637823 -0.8744196 2.815104
0.1581208 0.7430322 2.50756 0.08683644 0.570712 2.437871 0.0008017224 0.4080118 2.283607 0.2453568 0.496877 2.635027 0.2542949 0.3687152 2.194476 0.4240626 0.4599836 2.718222 0.3687656 0.5461587 2.324834 0.3774925 0.5506994 2.435058 0.35021 0.6027204 2.279954 0.357165 0.6615496 2.240338 0.1026085 0.1585658 2.456608 0.1444151 0.08215827 2.435469 0.08696273 0.01554085 2.391822 0.2145767 0.01946583 2.473921 0.05871188 -0.4793915 2.415699 0.2153757 -0.4598137 2.727791 -0.006771655 -0.8701005 2.43547 0.107761 -0.8119749 2.731285 0.06193146 -0.9399346 2.410922 0.1637614 -0.8743162 2.814901
0.1582776 0.7428663 2.507627 0.08677348 0.5706398 2.437819 0.001384884 0.4085404 2.282961 0.2452939 0.4968049 2.634975 0.2541625 0.3683693 2.193537 0.4239915 0.4599132 2.718165 0.3727399 0.5490779 2.328288 0.3816 0.5524275 2.434936 0.3533449 0.6046001 2.282472 0.3653261 0.6604793 2.25124 0.1026056 0.1580395 2.456766 0.1445297 0.08131696 2.435836 0.08782484 0.01432937 2.395777 0.214665 0.01942719 2.473188 0.05845012 -0.4796996 2.415697 0.2153348 -0.4597779 2.727845 -0.008347514 -0.877622 2.437158 0.1092257 -0.8176388 2.735005 0.06194566 -0.9402541 2.410863 0.1621805 -0.9100277 2.786728
0.1585322 0.7426701 2.507333 0.08663448 0.5706015 2.437466 0.00203489 0.4082804 2.282645 0.2451549 0.4967665 2.634622 0.2533572 0.3674287 2.191435 0.4238441 0.4598766 2.717806 0.376103 0.5518528 2.333528 0.378855 0.5574282 2.436797 0.3603864 0.6142601 2.295892 0.3633342 0.663542 2.266634 0.1026893 0.1579972 2.456714 0.1447338 0.08124276 2.435864 0.08859827 0.01446156 2.396831 0.2152091 0.02002688 2.472297 0.05835972 -0.4799613 2.415648 0.2153023 -0.4597112 2.727866 -0.008472353 -0.8789507 2.436655 0.1094616 -0.8189402 2.734614 0.06157445 -0.9406456 2.410574 0.1632293 -0.880443 2.82031
0.1589949 0.7425904 2.506782 0.0865505 0.5706647 2.437322 0.002376746 0.4081181 2.282403 0.2450709 0.4968297 2.634479 0.2522606 0.3659489 2.188108 0.4237518 0.4599415 2.717658 0.3808839 0.5556944 2.339523 0.3807108 0.5604993 2.437456 0.3611382 0.6196582 2.306722 0.3690381 0.6611487 2.285877 0.1026831 0.1587216 2.456544 0.1447765 0.08216314 2.435723 0.08972377 0.01507577 2.391447 0.2152898 0.019727 2.475522 0.05811041 -0.4800878 2.415594 0.2153892 -0.4596516 2.728028 -0.008494086 -0.8789513 2.436651 0.1094094 -0.8188648 2.734455 0.0613629 -0.9405752 2.410228 0.1622528 -0.876964 2.823068
0.1589398 0.7420972 2.50676 0.08641802 0.5702831 2.436739 0.002476291 0.4084026 2.281744 0.2449384 0.4964481 2.633895 0.2505169 0.3634098 2.182936 0.4236109 0.4595616 2.717068 0.3811355 0.5529826 2.342617 0.38486 0.5715412 2.440806 0.3609394 0.6198899 2.316699 0.3751225 0.6760853 2.29233 0.1025308 0.1587425 2.456444 0.144622 0.0821796 2.435678 0.08960146 0.01505924 2.391405 0.2150759 0.0196424 2.475569 0.05813218 -0.4795741 2.415332 0.2152723 -0.4593633 2.728079 -0.007915609 -0.8772355 2.436622 0.1095269 -0.8189313 2.734633 0.06153251 -0.9402746 2.410652 0.1636553 -0.9112217 2.764371
0.1599331 0.7410735 2.505784 0.08646937 0.5696925 2.435474 0.002841259 0.4085509 2.280956 0.2449897 0.4958575 2.63263 0.2254243 0.3581367 2.17269 0.4236513 0.4589733 2.715796 0.363341 0.5449877 2.329621 0.4035662 0.5427887 2.427251 0.3433337 0.6127234 2.305818 0.3817935 0.6360359 2.357579 0.1027459 0.1590162 2.456154 0.144898 0.08254299 2.43546 0.09110008 0.01488252 2.388816 0.2153697 0.01907457 2.476939 0.05811145 -0.4795474 2.415315 0.2159848 -0.4661344 2.728503 -0.008072745 -0.8759807 2.436797 0.1099126 -0.8196062 2.735312 0.06186592 -0.9405004 2.41038 0.1613646 -0.9130648 2.759956
0.1618375 0.7394867 2.501762 0.08580837 0.5687306 2.434323 0.00210386 0.4066943 2.280289 0.2443287 0.4948956 2.631479 0.2233915 0.3569141 2.169753 0.4229792 0.4580136 2.714637 0.3622736 0.5419253 2.327872 0.3975571 0.5619467 2.433522 0.3504404 0.6151953 2.334706 0.3850842 0.6457539 2.365028 0.1027875 0.1590402 2.456117 0.1449478 0.08261176 2.435426 0.0912952 0.01432749 2.387892 0.2158489 0.01862928 2.478175 0.0582137 -0.479126 2.415109 0.2161249 -0.465618 2.728896 -0.007983114 -0.8743241 2.437202 0.1097593 -0.8192098 2.735064 0.06121254 -0.939817 2.410652 0.1615154 -0.9118439 2.761859
0.1626877 0.7372491 2.500082 0.08528377 0.5668801 2.434005 0.001888831 0.4060352 2.279659 0.2438042 0.4930452 2.631161 0.2201539 0.3537744 2.163507 0.4224431 0.4561655 2.714312 0.4075669 0.4918665 2.267095 0.3969128 0.587392 2.445507 0.4011987 0.5694283 2.331227 0.3953898 0.662949 2.397227 0.1036312 0.1572906 2.455919 0.1461511 0.08088128 2.435333 0.09263319 0.01259429 2.388051 0.2173778 0.01646389 2.478179 0.05813943 -0.4798974 2.415074 0.2170498 -0.4701816 2.72908 -0.008280594 -0.8747157 2.436417 0.1086297 -0.8213079 2.735756 0.06129409 -0.9399053 2.410628 0.1670563 -0.9108313 2.786681
0.1638339 0.7351112 2.495827 0.08492353 0.564962 2.432931 0.001228518 0.4061724 2.277818 0.2434439 0.4911271 2.630087 0.2160016 0.3484366 2.152667 0.4220712 0.4542499 2.71323 0.4117919 0.4915683 2.264453 0.4014063 0.6028438 2.453696 0.4103632 0.5637602 2.334854 0.4041735 0.6639572 2.421456 0.1040879 0.155725 2.455453 0.1467671 0.07939783 2.435038 0.09318303 0.0108814 2.387095 0.2187452 0.01313349 2.479106 0.05814885 -0.4798931 2.415077 0.2178455 -0.4737734 2.729622 -0.008005308 -0.8741711 2.436519 0.109047 -0.8214737 2.73537 0.06215449 -0.939949 2.410861 0.1673369 -0.9124711 2.780163
0.1653434 0.7331606 2.492232 0.08484776 0.5633458 2.432488 0.0002880203 0.4066043 2.276321 0.2433682 0.4895109 2.629644 0.2109624 0.4373645 2.248745 0.4219838 0.4526361 2.71278 0.3985217 0.5663826 2.336355 0.4245712 0.6203843 2.48581 0.4097715 0.6292899 2.414373 0.4241152 0.6703341 2.471329 0.1042888 0.1554218 2.455231 0.1469882 0.07924718 2.434869 0.09355233 0.01047795 2.386641 0.219007 0.0127919 2.479124 0.05852209 -0.4793301 2.414855 0.218263 -0.4757441 2.729518 -0.007452659 -0.8733191 2.436298 0.1087737 -0.8203591 2.735549 0.06225121 -0.9398129 2.410889 0.1601447 -0.9133722 2.75877
0.1652659 0.7318153 2.491998 0.08468746 0.5620472 2.432031 0.0003652451 0.4036584 2.275478 0.2432079 0.4882123 2.629187 0.1972131 0.3358581 2.128429 0.4218122 0.4513399 2.712314 0.4170698 0.4815329 2.203144 0.4283414 0.6198291 2.504411 0.4615946 0.5376666 2.223717 0.4337161 0.6721839 2.493744 0.1051268 0.1513238 2.454641 0.1481351 0.07457829 2.434356 0.094116 0.006098376 2.386052 0.2206831 0.007978236 2.479081 0.05855749 -0.4797664 2.414869 0.2185129 -0.4762365 2.729072 -0.008063433 -0.8756597 2.437255 0.1086834 -0.8205152 2.736328 0.06212082 -0.939886 2.411114 0.1693156 -0.9050254 2.792946
0.164646 0.7303926 2.491582 0.08408623 0.5606724 2.43101 -5.423915E-05 0.4023274 2.27505 0.2426067 0.4868376 2.628166 0.1876228 0.3298476 2.1182 0.4211988 0.4499677 2.711286 0.374328 0.4265613 2.13785 0.4409439 0.6214563 2.543309 0.4375809 0.499396 2.167264 0.4546925 0.6727593 2.544536 0.1056961 0.149462 2.454269 0.1489238 0.07268329 2.434113 0.09431102 0.003430942 2.386444 0.2219243 0.00737689 2.478672 0.05842486 -0.4816048 2.414826 0.2191573 -0.4720816 2.728602 -0.008321343 -0.8764497 2.437369 0.1086735 -0.8225182 2.736702 0.06210196 -0.9401135 2.411325 0.1704007 -0.911777 2.784109
0.1749914 0.7235547 2.492049 0.08361764 0.559629 2.429615 -0.0003615537 0.4012884 2.275152 0.2421381 0.4857941 2.626771 0.1831547 0.3246148 2.108654 0.4207187 0.4489266 2.709883 0.3730856 0.4193947 2.111039 0.4626849 0.6294152 2.591508 0.4390296 0.4944045 2.125008 0.4674324 0.6709519 2.581855 0.1063239 0.1477305 2.454237 0.149767 0.07071929 2.434323 0.09450556 0.001138706 2.389011 0.2232999 0.006947634 2.477703 0.05935218 -0.4811539 2.414868 0.2194575 -0.4701227 2.728508 -0.008185756 -0.8749261 2.437692 0.1085898 -0.8208045 2.737048 0.06126734 -0.938851 2.41153 0.1702803 -0.9106549 2.783384
0.1733821 0.7234029 2.491233 0.08340535 0.558705 2.428702 -0.0007798788 0.401058 2.27554 0.2419258 0.4848701 2.625858 0.1747868 0.3170442 2.098174 0.4204955 0.4480048 2.708963 0.3673073 0.407698 2.079562 0.4777583 0.6403089 2.624307 0.4328447 0.4773738 2.081565 0.481099 0.7119746 2.604112 0.1067181 0.1453237 2.453947 0.1502367 0.06801187 2.434153 0.09377459 -0.001433426 2.390828 0.2246959 0.005781517 2.475987 0.05951216 -0.4812633 2.414949 0.2195863 -0.4690995 2.727991 -0.008414877 -0.8761868 2.438321 0.1099215 -0.814253 2.73391 0.06086242 -0.9394208 2.411652 0.1676794 -0.9038318 2.785554
0.1722412 0.7219431 2.490798 0.08389819 0.5564705 2.427378 -0.0007854173 0.4008871 2.275334 0.2424186 0.4826356 2.624534 0.1668963 0.3094905 2.085781 0.4209782 0.4457723 2.707632 0.3592835 0.3927071 2.035234 0.4961592 0.6462296 2.681199 0.4228116 0.4628288 2.032781 0.4648758 0.6988347 2.638681 0.1067506 0.1421308 2.45319 0.1500898 0.06465398 2.433471 0.09244224 -0.003828967 2.390816 0.2254408 0.003177515 2.474779 0.05991782 -0.4813398 2.414876 0.2200265 -0.4688444 2.727588 -0.008220316 -0.8763912 2.438175 0.1097175 -0.8149223 2.733915 0.06077794 -0.9395262 2.411676 0.1575409 -0.8672451 2.828823
0.1717256 0.7209784 2.490363 0.08431389 0.5551123 2.426132 -0.0005940176 0.3995472 2.274774 0.2428343 0.4812773 2.623288 0.1533251 0.3051575 2.077935 0.4213837 0.4444163 2.70638 0.3448337 0.3806985 2.010333 0.5073311 0.6471227 2.725332 0.4134625 0.4369906 1.992915 0.519286 0.7204283 2.719237 0.1072139 0.1398578 2.452368 0.1505051 0.06220393 2.432698 0.09217472 -0.005962559 2.389862 0.2265158 0.0004297954 2.47424 0.06025112 -0.482516 2.415219 0.2204979 -0.4688058 2.727144 -0.008199773 -0.8767681 2.438331 0.109501 -0.8166262 2.734835 0.06087466 -0.9396862 2.411629 0.1679905 -0.9052526 2.787349
0.1722401 0.7204173 2.489288 0.08506256 0.5544051 2.425117 -0.0006405358 0.4030397 2.276053 0.243583 0.4805701 2.622273 0.1372279 0.2951991 2.064171 0.4221233 0.4437109 2.705358 0.3274866 0.3586821 1.964367 0.5073559 0.6387338 2.744409 0.3864054 0.4133191 1.940055 0.5171347 0.7105502 2.72707 0.1074585 0.1376762 2.451506 0.1505041 0.05954147 2.431721 0.09127021 -0.007173613 2.389861 0.2273469 -0.002548329 2.471967 0.06119116 -0.4817487 2.41499 0.2207979 -0.4689008 2.726446 -0.007759648 -0.8745481 2.437609 0.1094876 -0.8174047 2.735193 0.06098813 -0.9395552 2.411568 0.1663089 -0.9080398 2.786097
0.1732531 0.7197446 2.488389 0.08609615 0.5537121 2.424175 0.000863603 0.405413 2.276628 0.2446166 0.4798771 2.621331 0.06623925 0.2859501 2.086387 0.4231415 0.4430211 2.704407 0.3124284 0.3432484 1.934939 0.507865 0.6375647 2.746734 0.3697285 0.3948399 1.889073 0.5176278 0.709516 2.72995 0.1078039 0.1351246 2.450979 0.150668 0.05635647 2.431289 0.08962992 -0.009154692 2.39216 0.2285135 -0.004642148 2.468756 0.06124932 -0.4825281 2.415239 0.2210557 -0.4680722 2.725585 -0.007228319 -0.8735484 2.437629 0.1093783 -0.8171164 2.735503 0.06116295 -0.9393501 2.411426 0.1676675 -0.9100112 2.780319
0.1739578 0.7169498 2.487643 0.0907621 0.5489103 2.423232 0.004958998 0.4078565 2.27683 0.2492825 0.4750753 2.620388 0.06229491 0.285223 2.085946 0.4277918 0.4382225 2.703454 0.2232617 0.2779175 1.933363 0.5115604 0.6322626 2.750438 0.340997 0.3543113 1.854199 0.5213292 0.7042673 2.733883 0.1086264 0.1331533 2.450816 0.1510832 0.05458893 2.4312 0.08949551 -0.009466496 2.392395 0.2289488 -0.006418472 2.468183 0.06142276 -0.4840201 2.415686 0.2220657 -0.4669779 2.725673 -0.006930878 -0.8719653 2.437586 0.1101592 -0.8181081 2.736163 0.06126693 -0.9392117 2.411361 0.1648857 -0.8804515 2.820761
0.1766247 0.7144625 2.485391 0.09345233 0.5463037 2.421641 0.008974453 0.407979 2.276854 0.2519727 0.4724687 2.618797 0.05876106 0.2826269 2.082315 0.4304674 0.4356189 2.701854 0.2066095 0.2615667 1.917157 0.5133065 0.6300302 2.750903 0.3084127 0.3079385 1.839206 0.5229465 0.7020493 2.734348 0.1091491 0.1290579 2.450078 0.1511443 0.04994788 2.430692 0.08866543 -0.01102823 2.393419 0.2290006 -0.01105831 2.465946 0.06155558 -0.4846837 2.415681 0.2224439 -0.466741 2.7255 -0.006773389 -0.8717574 2.43782 0.1119887 -0.8216728 2.737633 0.06134279 -0.9391387 2.411432 0.1661744 -0.917507 2.779205
0.1798248 0.7104102 2.484903 0.09687924 0.5422276 2.420426 0.01936362 0.4154797 2.275006 0.2553996 0.4683927 2.617582 0.04178334 0.2799712 2.085819 0.4338778 0.4315462 2.700629 0.1718161 0.233587 1.910341 0.5162247 0.6259291 2.75147 0.2768161 0.2768956 1.798023 0.5257227 0.6979678 2.734914 0.1089105 0.1254327 2.448925 0.1507573 0.04615124 2.430204 0.08825739 -0.01152652 2.393812 0.2276211 -0.01532072 2.464311 0.06156094 -0.484859 2.415401 0.2237234 -0.4671208 2.725683 -0.006730442 -0.8709015 2.437344 0.1122079 -0.8199251 2.736795 0.0616378 -0.9390301 2.411215 0.1651272 -0.9189045 2.774777
0.1830774 0.7088168 2.483858 0.09969711 0.54075 2.419976 0.02419268 0.4160578 2.275538 0.2582175 0.466915 2.617132 0.03797955 0.2792116 2.086535 0.4366793 0.430072 2.700169 0.1381454 0.2005542 1.902534 0.5188008 0.6243583 2.75194 0.2497656 0.2458925 1.774884 0.5281698 0.6964219 2.735379 0.1092038 0.1238833 2.448727 0.1507633 0.04434182 2.430174 0.08811758 -0.0118745 2.393863 0.22699 -0.01764115 2.464503 0.06147037 -0.4859713 2.415287 0.2249786 -0.4672648 2.726106 -0.006655568 -0.8706167 2.436845 0.1127754 -0.8210648 2.737858 0.06170635 -0.9389464 2.411191 0.1614117 -0.8789735 2.829099
0.1865568 0.708567 2.483373 0.101305 0.5413818 2.419811 0.02924554 0.4156075 2.275896 0.2598254 0.4675468 2.616966 0.03440918 0.2779869 2.08707 0.4382716 0.430707 2.699993 0.1235084 0.1912449 1.900883 0.4570523 0.4217651 2.949752 0.2138665 0.2013708 1.753486 0.4633125 0.4187844 3.037542 0.1088422 0.1230521 2.448142 0.1500462 0.042771 2.429616 0.08757662 -0.01182638 2.393051 0.2242714 -0.02197967 2.464726 0.06139247 -0.4863465 2.415142 0.2270483 -0.4680827 2.726127 -0.006704018 -0.8705019 2.436953 0.1119733 -0.81989 2.736061 0.06179499 -0.9388953 2.411172 0.1668831 -0.9057205 2.77866
0.1881108 0.7083986 2.482234 0.1020458 0.5415081 2.419447 0.03153672 0.4145813 2.275531 0.2605661 0.4676731 2.616603 0.02535368 0.2748025 2.088624 0.4389954 0.4308369 2.69962 0.09626393 0.1697261 1.904229 0.3936445 0.3695091 2.921899 0.1782501 0.1614986 1.743152 0.4638621 0.433317 2.952882 0.1068315 0.1209935 2.446862 0.1468329 0.03958157 2.428133 0.08556017 -0.01170888 2.391012 0.2162012 -0.03024698 2.464265 0.06116243 -0.4875222 2.415284 0.228993 -0.4725063 2.725389 -0.006584381 -0.8703107 2.437041 0.1113152 -0.8187444 2.735528 0.06179275 -0.9387022 2.411096 0.1613461 -0.8732663 2.828116
0.1901566 0.7089525 2.481842 0.1037176 0.5421808 2.419493 0.0333424 0.4139619 2.275455 0.262238 0.4683458 2.616648 0.02313321 0.274399 2.088593 0.4406502 0.4315131 2.699654 0.07785268 0.1564414 1.906697 0.3889937 0.3544193 2.925669 0.1562911 0.1297912 1.746967 0.4416878 0.3605491 2.978047 0.1046408 0.1212015 2.445902 0.1431804 0.03957147 2.426766 0.08311638 -0.009921607 2.387918 0.2075801 -0.03200334 2.463989 0.06096847 -0.4886641 2.414952 0.2299135 -0.4737699 2.72503 -0.007114456 -0.8726028 2.436911 0.1113458 -0.8186141 2.735384 0.06199573 -0.939063 2.41099 0.1646255 -0.909994 2.767053
0.1906032 0.7095318 2.481364 0.104023 0.5428061 2.419099 0.03484794 0.4132644 2.275607 0.2625433 0.4689711 2.616254 0.02128599 0.2735727 2.089133 0.4409383 0.4321419 2.699249 0.07363581 0.1538133 1.907782 0.3872194 0.3460049 2.934237 0.1140003 0.08773533 1.754877 0.4388833 0.3594997 2.986274 0.1025636 0.119102 2.444983 0.140656 0.03641757 2.425936 0.0826035 -0.01015988 2.38726 0.2031465 -0.03762548 2.46379 0.0609455 -0.489493 2.414995 0.235222 -0.4887418 2.723015 -0.007494553 -0.8738507 2.437066 0.1117201 -0.8179063 2.734843 0.06164898 -0.9397134 2.410106 0.1746779 -0.8727241 2.818995
0.1923569 0.7101198 2.480283 0.104933 0.5436867 2.419041 0.03702625 0.412122 2.275297 0.2634533 0.4698517 2.616197 0.0190359 0.2646977 2.086011 0.4418343 0.4330254 2.699183 0.06629007 0.1332156 1.895365 0.3851365 0.3358214 2.943065 0.07862508 0.07364098 1.792664 0.4395494 0.3643 2.985334 0.1059166 0.1213767 2.444585 0.1456395 0.04018437 2.425633 0.09227669 -0.005843278 2.392761 0.2114873 -0.02374803 2.455498 0.06074284 -0.4902856 2.414984 0.2319259 -0.4883727 2.71992 -0.007898677 -0.8722798 2.436753 0.1115053 -0.8178923 2.734762 0.06169804 -0.9395943 2.409678 0.1590095 -0.8740215 2.827746
0.1936303 0.7099733 2.479786 0.1056543 0.543773 2.418879 0.03812321 0.4113403 2.275245 0.2641746 0.4699381 2.616035 0.01866378 0.2585925 2.084406 0.4425425 0.4331144 2.699011 0.06164599 0.1304641 1.903148 0.3840219 0.3281637 2.946752 0.07344396 0.06484705 1.79365 0.4398306 0.3519076 2.990106 0.1087185 0.1227275 2.443616 0.1491421 0.04239894 2.424496 0.09579067 -0.005247094 2.39186 0.213893 -0.02152782 2.454549 0.06080564 -0.4923625 2.414934 0.2282397 -0.4881769 2.715455 -0.007972878 -0.872974 2.436969 0.1116866 -0.8180463 2.735281 0.06166685 -0.9395981 2.409672 0.1635915 -0.9158124 2.777729
0.1940081 0.7102107 2.479058 0.1060408 0.5439563 2.418419 0.03890691 0.4106054 2.274927 0.2645611 0.4701213 2.615575 0.01549465 0.2355677 2.071193 0.442919 0.4332997 2.698545 0.06337429 0.1146573 1.889389 0.3840006 0.3260722 2.945252 0.06278063 0.0456949 1.787374 0.4364652 0.3491102 2.992943 0.1105842 0.123145 2.442583 0.1513693 0.04306044 2.42343 0.09807625 -0.005439219 2.391076 0.2160669 -0.02028299 2.453315 0.06059697 -0.4936548 2.414639 0.2266039 -0.4877266 2.713538 -0.007659419 -0.8728335 2.436944 0.1116961 -0.8180398 2.735202 0.06162611 -0.9395558 2.409648 0.1629107 -0.8691703 2.829128
0.194524 0.7101148 2.478354 0.1063085 0.5439334 2.418061 0.03911366 0.4103608 2.274836 0.2648288 0.4700984 2.615217 0.01412296 0.2356931 2.072439 0.4431766 0.4332789 2.69818 0.056217 0.1107282 1.892072 0.384749 0.3247169 2.944426 0.0584747 0.04379454 1.793613 0.4330589 0.343637 2.997955 0.1125304 0.1245765 2.441418 0.1537466 0.04526289 2.422094 0.1004916 -0.004549851 2.389433 0.218438 -0.01772293 2.452433 0.06060745 -0.4942099 2.414477 0.224598 -0.4844305 2.711851 -0.007609722 -0.8715848 2.436239 0.1115616 -0.8178845 2.73522 0.06135235 -0.9398804 2.409233 0.1625943 -0.8716886 2.827765
0.1947446 0.7103773 2.477927 0.1065636 0.5441493 2.417732 0.03894627 0.4100399 2.274728 0.2650839 0.4703144 2.614887 0.01351765 0.2353211 2.07377 0.4434215 0.433497 2.697844 0.0586171 0.09176844 1.862419 0.3830287 0.3241497 2.943292 0.05741673 0.04336718 1.793754 0.4315106 0.3426067 2.996829 0.1140315 0.1254573 2.440862 0.1554344 0.04638134 2.421514 0.1021867 -0.004151969 2.388889 0.220213 -0.01669383 2.451897 0.06080796 -0.4944648 2.414391 0.2244187 -0.4848751 2.711506 -0.006857309 -0.8705246 2.435754 0.1115994 -0.8176184 2.734966 0.06148597 -0.9398181 2.409202 0.1546154 -0.9233274 2.733366
0.1962902 0.7096487 2.476074 0.1070552 0.5438135 2.417208 0.03880642 0.4096309 2.275115 0.2655756 0.4699786 2.614364 0.01225603 0.2356367 2.077613 0.4439023 0.4331634 2.697313 0.04707486 0.1130523 1.893866 0.3830893 0.3244614 2.942914 0.05655585 0.04454685 1.793635 0.431391 0.3439563 2.996241 0.1149452 0.1251773 2.440342 0.1562975 0.04611729 2.420938 0.1034124 -0.00445993 2.388221 0.2210148 -0.01749757 2.451262 0.060836 -0.4945057 2.414332 0.2228648 -0.4957625 2.708052 -0.006701096 -0.8700212 2.435827 0.1112744 -0.8179442 2.735161 0.06117858 -0.9392891 2.409623 0.1682972 -0.9023831 2.795861
0.1964867 0.7104592 2.475846 0.1078047 0.5443318 2.416795 0.03890637 0.4093752 2.275147 0.2663251 0.4704969 2.613951 0.01166005 0.2366903 2.078257 0.444641 0.4336839 2.696892 0.05487048 0.1025857 1.838856 0.3872354 0.3337173 2.946733 0.05579705 0.05521505 1.792864 0.4376918 0.3545956 2.99748 0.1158025 0.1258096 2.440329 0.1570664 0.04669966 2.420943 0.1043475 -0.004110628 2.388256 0.2214527 -0.01723515 2.451321 0.06077021 -0.4944822 2.414215 0.223107 -0.4961178 2.708045 -0.006484853 -0.8695461 2.43524 0.1118598 -0.8197734 2.735481 0.06133403 -0.9392226 2.409617 0.1606188 -0.8751011 2.828389
0.196422 0.7104299 2.475639 0.1079015 0.544203 2.416559 0.03904331 0.4088821 2.275209 0.2664219 0.4703681 2.613715 0.01069123 0.2420364 2.082061 0.4447265 0.4335575 2.696649 0.05170283 0.1339539 1.885387 0.3871793 0.3375039 2.94789 0.06418997 0.07448941 1.786243 0.4414648 0.3638679 2.99164 0.1157929 0.1260406 2.440333 0.1570064 0.04703781 2.420991 0.1043143 -0.003755762 2.388476 0.2212858 -0.01680906 2.451294 0.06071364 -0.4940543 2.413955 0.2231923 -0.4926019 2.708615 -0.006465408 -0.8690766 2.434787 0.1109677 -0.8175938 2.732863 0.06163965 -0.9391502 2.409339 0.1676475 -0.9100437 2.769654
0.1964461 0.7104662 2.475524 0.1078959 0.5442337 2.416491 0.03852951 0.408176 2.275213 0.2664163 0.4703988 2.613647 0.01098317 0.2460423 2.080662 0.4447094 0.4335906 2.696573 0.0539339 0.141704 1.886947 0.3826892 0.3513 2.92916 0.08334418 0.0983304 1.77491 0.4361095 0.3732592 2.976281 0.1152869 0.1261524 2.440579 0.1562031 0.04704308 2.421367 0.1022261 -0.003933086 2.390828 0.2205775 -0.0165347 2.450963 0.06083865 -0.4937445 2.413933 0.2242073 -0.4893013 2.710465 -0.006547155 -0.8687069 2.435092 0.1109118 -0.8176225 2.732709 0.06177916 -0.9390939 2.409365 0.1676503 -0.9100173 2.769601
0.1962024 0.7105383 2.475635 0.1077673 0.5442466 2.416436 0.03871867 0.4079324 2.275369 0.2662877 0.4704117 2.613593 0.01454497 0.2465712 2.075452 0.4445694 0.4336058 2.696511 0.05662013 0.1447778 1.880098 0.3977344 0.3756979 2.926324 0.1217072 0.127288 1.743813 0.4513432 0.4129335 2.962349 0.1070804 0.1211265 2.439534 0.1449504 0.03873086 2.420083 0.09099694 -0.008258584 2.385499 0.2036924 -0.03356433 2.45388 0.06081432 -0.4937367 2.413935 0.2244613 -0.4918073 2.711399 -0.006597653 -0.8686989 2.435033 0.1100536 -0.8126584 2.727706 0.06182642 -0.9392527 2.409086 0.1582075 -0.8659415 2.822148
