0.0907478 0.6539172 2.183801 0.1050202 0.4825143 2.169768 0.0272214 0.2960908 2.068904 0.3133132 0.33793 2.263969 0.1438029 0.3080078 1.884367 0.4935106 0.3611075 2.161505 0.2976316 0.444427 1.903091 0.482465 0.4703873 1.984577 0.3370838 0.519251 1.93556 0.4787831 0.5068139 1.930029 0.1401925 0.08702591 2.16798 0.1610086 0.01064516 2.148699 0.08544908 -0.06417318 2.111547 0.2513318 -0.06096473 2.168762 0.09347518 -0.4994361 2.189132 0.2545355 -0.5141174 2.377378 0.001367265 -0.8525346 2.244623 0.2190032 -0.8710082 2.467225 0.02432061 -0.920053 2.230774 0.295665 -0.9284194 2.489291
0.09117974 0.648336 2.183883 0.1058608 0.4773563 2.172354 0.02362248 0.2919784 2.068715 0.3147934 0.3325329 2.266476 0.1346355 0.3039343 1.880231 0.5077232 0.3621092 2.213072 0.2931946 0.4405445 1.888453 0.5035686 0.4632888 2.025329 0.3286192 0.5231732 1.899719 0.5149043 0.4848567 2.01613 0.1392483 0.08265738 2.16928 0.1608264 0.006938525 2.148483 0.08384811 -0.06673196 2.113466 0.252674 -0.06342147 2.167715 0.09388937 -0.4986945 2.188738 0.2549692 -0.5117842 2.376845 0.001269783 -0.8526927 2.244814 0.2192095 -0.8710831 2.467097 0.02072037 -0.9217155 2.233198 0.2958631 -0.9286157 2.488874
0.09132865 0.645753 2.183973 0.1053738 0.4747692 2.172748 0.02048025 0.2866971 2.0662 0.3145687 0.3299595 2.266788 0.1213548 0.2950626 1.871016 0.5070797 0.3661267 2.218924 0.2837254 0.4337083 1.85437 0.5324282 0.4808673 2.047414 0.319087 0.4991315 1.869833 0.5408361 0.4875931 2.039193 0.1382657 0.07970747 2.170597 0.1607538 0.00431899 2.148684 0.08303115 -0.06845488 2.115894 0.2535986 -0.06537016 2.16701 0.09399217 -0.4987546 2.188665 0.255602 -0.5090084 2.376157 0.00147637 -0.8520458 2.24402 0.219228 -0.8710326 2.46712 0.04588404 -0.8960467 2.185743 0.2957639 -0.9284086 2.489709
0.09152685 0.6443114 2.184164 0.1052323 0.4732848 2.172848 0.01593585 0.2838574 2.065906 0.3145765 0.3284558 2.266845 0.1081383 0.2860827 1.857519 0.5083327 0.3643542 2.237163 0.2771682 0.4280813 1.826529 0.5731588 0.4599584 2.06419 0.3006265 0.4750333 1.830809 0.5710975 0.4791213 2.078659 0.1376847 0.07806044 2.171931 0.1607724 0.002881648 2.148952 0.07996695 -0.07377646 2.123012 0.255933 -0.0657851 2.16448 0.0938548 -0.4983844 2.187739 0.2556533 -0.5108547 2.377444 0.001342009 -0.8521348 2.243908 0.2192318 -0.8710181 2.467039 0.04530982 -0.8961854 2.185336 0.2959381 -0.9282628 2.48938
0.09205253 0.643023 2.184194 0.1058504 0.4719524 2.172564 0.01389082 0.2833976 2.06582 0.3153536 0.3270485 2.266509 0.101065 0.2769976 1.836834 0.5065188 0.3502386 2.282399 0.2637295 0.4205547 1.786445 0.5922019 0.4385902 2.115182 0.2846692 0.4635761 1.798824 0.5990446 0.4721464 2.106952 0.1372855 0.07637337 2.173008 0.1607829 0.001236995 2.149196 0.07697152 -0.07701281 2.127455 0.2587806 -0.06714442 2.16166 0.093934 -0.4987482 2.187817 0.2556581 -0.5155989 2.381153 0.001353079 -0.8521135 2.243968 0.2189159 -0.871184 2.46739 0.04502667 -0.8961929 2.185198 0.2955017 -0.9285083 2.489938
0.09370521 0.6415094 2.183353 0.1075357 0.4705237 2.172228 -0.006201145 0.3208175 2.06939 0.3172315 0.3255629 2.266123 0.09428538 0.2652845 1.818521 0.5014595 0.3418913 2.308139 0.2500629 0.4056514 1.750188 0.63316 0.4207535 2.171248 0.2627014 0.4391134 1.753361 0.6196042 0.436518 2.171172 0.1365579 0.07652617 2.173971 0.1590695 0.001777982 2.148849 0.07013823 -0.07334249 2.125777 0.2583695 -0.06832537 2.161312 0.09376539 -0.4989451 2.187805 0.2551606 -0.516459 2.381759 0.001329826 -0.8522509 2.244076 0.2188621 -0.8713331 2.467571 0.04316165 -0.8965225 2.184123 0.2952737 -0.9289135 2.490059
0.0944892 0.6373539 2.182743 0.110633 0.466895 2.173514 -0.005946389 0.3204006 2.070147 0.3204737 0.3219212 2.267386 0.0855771 0.2482644 1.804239 0.4642066 0.3172029 2.376076 0.2383709 0.3926831 1.719063 0.6164312 0.3706871 2.24961 0.2379731 0.4161115 1.7103 0.6480743 0.4198646 2.219217 0.1359316 0.07617251 2.174956 0.1587417 0.001655032 2.148947 0.06611092 -0.07378014 2.129029 0.260095 -0.06954029 2.158723 0.09311325 -0.4993681 2.187917 0.253195 -0.5211757 2.384213 0.001399034 -0.852735 2.24471 0.2188607 -0.8713439 2.467613 0.04309868 -0.8970191 2.184674 0.2950388 -0.9291621 2.490281
0.09543522 0.6358033 2.181083 0.1120888 0.4657368 2.173735 0.01160797 0.3392751 2.063386 0.3219888 0.3207659 2.267593 0.03942102 0.2049967 1.823648 0.4836398 0.3015587 2.361382 0.1899997 0.3108661 1.70555 0.6521806 0.3708828 2.273057 0.2228058 0.3839206 1.678548 0.6613321 0.3865625 2.263982 0.1304654 0.07672493 2.174654 0.1520989 0.00315229 2.148176 0.06015728 -0.06649226 2.130426 0.2476085 -0.07057726 2.153593 0.0928401 -0.4996607 2.188118 0.2527562 -0.5218807 2.385056 0.001927755 -0.8519589 2.244431 0.218694 -0.8714873 2.467817 0.04659765 -0.8959113 2.186319 0.2951006 -0.9292933 2.489735
0.0974867 0.632713 2.180141 0.1144264 0.4627703 2.173299 0.0109535 0.3374593 2.05956 0.3243778 0.3178117 2.267135 0.0297067 0.1995872 1.823755 0.4203979 0.2789253 2.408723 0.1633831 0.2633178 1.671765 0.6065215 0.3169623 2.342959 0.1924995 0.3093191 1.652063 0.6825683 0.3569359 2.31418 0.1218078 0.1156208 2.174329 0.1413537 0.05769499 2.147372 0.07312104 -0.01508255 2.134085 0.2171544 -0.01416514 2.146799 0.09285299 -0.5011418 2.189307 0.2518854 -0.5228534 2.385634 0.00199575 -0.8515943 2.243978 0.2185275 -0.8716813 2.468035 0.04688077 -0.8955221 2.186013 0.2949907 -0.9294654 2.489813
0.1034843 0.6282371 2.178166 0.1145105 0.4579178 2.171893 0.01693134 0.3317653 2.056344 0.3244955 0.3129951 2.265717 -0.006036263 0.1600291 1.842825 0.4119403 0.273951 2.411897 0.1232385 0.2198627 1.660517 0.6080304 0.28486 2.382105 0.1514071 0.2373229 1.631685 0.6904426 0.3152841 2.359926 0.1210925 0.1137111 2.174121 0.14219 0.05289805 2.146384 0.08318948 -0.03033314 2.086519 0.2169501 -0.05224655 2.186269 0.09281316 -0.5027381 2.190607 0.2478986 -0.5337378 2.392923 0.002015311 -0.8516514 2.24405 0.218363 -0.8716502 2.46793 0.04772175 -0.8954836 2.186657 0.2948009 -0.9297044 2.489071
0.1283574 0.6213659 2.173649 0.1144163 0.4495851 2.17497 0.03553263 0.3150464 2.056379 0.300005 0.3391839 2.393229 -0.005457823 0.1569538 1.839305 0.4507306 0.2330697 2.436899 0.1024909 0.1667145 1.651135 0.6437814 0.265876 2.401302 0.1305614 0.1881096 1.61568 0.7327464 0.2815124 2.394233 0.1297305 0.1196843 2.176892 0.1659632 0.06354145 2.159053 0.1338493 -0.01803574 2.100494 0.2395299 -0.01817245 2.211644 0.09228851 -0.5088804 2.195278 0.2467384 -0.5367678 2.394731 0.002034456 -0.8516665 2.244052 0.2182567 -0.8716483 2.468189 0.06465188 -0.8927854 2.202911 0.2948633 -0.9295165 2.489228
0.131363 0.6210237 2.172406 0.1147617 0.4462067 2.175383 0.05243259 0.297993 2.061011 0.2711694 0.3395327 2.341796 -0.0244074 0.1583736 1.871448 0.4148865 0.2442878 2.439522 0.05970535 0.09530916 1.691459 0.6093791 0.2220856 2.449094 0.09264266 0.1109418 1.635278 0.6987873 0.2360452 2.444558 0.1464478 0.05939915 2.175384 0.1816952 -0.01003771 2.154835 0.1384958 -0.07044237 2.114768 0.24209 -0.06608906 2.185777 0.08751221 -0.5106577 2.190787 0.2449354 -0.5397564 2.396086 0.002037193 -0.8518163 2.244193 0.2181727 -0.8721945 2.4691 0.06440161 -0.8929967 2.20273 0.2955518 -0.9289371 2.490377
0.1325002 0.6214262 2.171928 0.115044 0.4443955 2.175189 0.05769794 0.2932288 2.062895 0.2711915 0.3395374 2.3417 -0.05916351 0.1634467 1.868822 0.4165648 0.2197435 2.459911 0.02624079 0.05742364 1.713032 0.611977 0.2052172 2.467741 0.05316873 0.05597479 1.654289 0.6660309 0.1932909 2.468886 0.1474716 0.06848428 2.176946 0.1832508 0.003228385 2.157521 0.1429061 -0.06598958 2.107774 0.2433317 -0.05929788 2.200696 0.08665665 -0.5111707 2.190312 0.2444011 -0.5436816 2.397856 0.002118561 -0.8517154 2.244205 0.2181514 -0.8722509 2.469265 0.06476377 -0.8928403 2.203111 0.2959909 -0.9282667 2.490788
0.1370142 0.6211812 2.170244 0.1156832 0.4429939 2.175077 0.05937654 0.2916875 2.063489 0.2713957 0.3395196 2.341567 -0.04064909 0.1547378 1.901641 0.4112542 0.216683 2.463132 0.001488857 0.04895674 1.727493 0.5883343 0.1424204 2.494238 0.02207984 0.01150395 1.667838 0.6775732 0.1355825 2.508349 0.1483004 0.06909951 2.177159 0.1841072 0.003646904 2.157765 0.1452288 -0.06515472 2.104606 0.2459403 -0.06220852 2.204579 0.08611692 -0.5118351 2.190011 0.2432953 -0.548605 2.399178 0.002296914 -0.8519493 2.244292 0.2179908 -0.8720971 2.469511 0.06500293 -0.8930619 2.203279 0.2960973 -0.9276527 2.49126
0.1408307 0.6203852 2.168877 0.1174106 0.4407916 2.175011 0.06010725 0.2906284 2.063565 0.272487 0.3390581 2.34133 -0.03848755 0.1485965 1.904096 0.3936543 0.1958909 2.476036 -0.01870352 0.0156855 1.746638 0.5750707 0.1299336 2.502507 -0.0003901726 -0.04219827 1.642337 0.6578273 0.1041976 2.528936 0.1503187 0.0655724 2.176331 0.1865058 -0.001966264 2.156391 0.1458596 -0.06865095 2.104947 0.2485285 -0.06565201 2.200267 0.08486366 -0.5141407 2.189411 0.2433832 -0.5498591 2.399394 0.001825508 -0.8534197 2.244876 0.2176349 -0.8719931 2.469409 0.06445061 -0.8945541 2.20376 0.2954665 -0.9273877 2.492513
0.1428844 0.6197786 2.167614 0.1183082 0.4392778 2.174511 0.06156017 0.2888431 2.063767 0.2732015 0.3385887 2.340809 -0.03794908 0.1288706 1.903248 0.3888818 0.1883843 2.478891 -0.02432712 -0.02808938 1.744921 0.5540864 0.09681387 2.521866 -0.01544346 -0.09723803 1.648614 0.5990451 0.07924555 2.534535 0.1503387 0.06564734 2.176308 0.1864967 -0.001931145 2.156374 0.1458849 -0.06923316 2.104373 0.2484296 -0.06562692 2.200338 0.0864715 -0.5167915 2.192819 0.2435037 -0.5504574 2.399151 0.002413379 -0.8534294 2.244428 0.2176244 -0.8718341 2.46927 0.06502768 -0.8945627 2.203294 0.2954127 -0.9281901 2.490081
0.1450594 0.6191876 2.166324 0.1199387 0.4373423 2.173578 0.06271762 0.2870656 2.063794 0.2576938 0.3354881 2.30688 -0.03674132 0.1068399 1.903588 0.376573 0.1875739 2.468126 -0.02930897 -0.06617784 1.750703 0.5273445 0.08381923 2.527958 -0.0243496 -0.127985 1.684636 0.6102631 0.05503327 2.550441 0.1496445 0.05665876 2.174181 0.1838712 -0.01458835 2.152996 0.1442412 -0.079419 2.103551 0.2423305 -0.07214303 2.19483 0.08547445 -0.5196918 2.191736 0.2434028 -0.5507571 2.39913 0.001300181 -0.8429847 2.245506 0.2176494 -0.8718284 2.469102 0.06267122 -0.8843729 2.202786 0.2953652 -0.9282141 2.490103
0.149632 0.6179818 2.163956 0.1209368 0.4364763 2.173188 0.06309924 0.2861466 2.063604 0.2493015 0.3280169 2.271082 -0.03786446 0.09012112 1.904661 0.3609137 0.1926602 2.44581 -0.03294596 -0.08082652 1.766616 0.4976251 0.08208993 2.521563 -0.02917853 -0.1451496 1.702913 0.5767797 0.04621483 2.547198 0.1452198 0.04148126 2.172925 0.1758726 -0.03481732 2.15012 0.1371488 -0.09193325 2.106663 0.2294019 -0.08630671 2.185147 0.08465376 -0.5222973 2.191356 0.2439657 -0.5535632 2.399649 0.003046511 -0.8480452 2.245175 0.2180137 -0.8713082 2.467785 0.06164 -0.8899722 2.199204 0.2951176 -0.9282059 2.489642
0.1525553 0.6173828 2.162758 0.1222918 0.4356213 2.173001 0.06331412 0.285411 2.063423 0.2495957 0.3282419 2.271677 -0.03787461 0.08107073 1.907809 0.3592208 0.1911038 2.446292 -0.03702724 -0.0956704 1.779845 0.4879302 0.07151169 2.522312 -0.03486533 -0.1650328 1.721588 0.5678847 0.03873247 2.54956 0.1441041 0.04439232 2.173339 0.1740551 -0.02871546 2.151096 0.1361364 -0.09112471 2.105588 0.2267078 -0.08195341 2.188926 0.0846749 -0.5227149 2.191449 0.2441616 -0.5556085 2.400444 0.002065467 -0.8535335 2.25019 0.2180847 -0.8714461 2.467686 0.009321402 -0.9239603 2.233917 0.2935426 -0.9277687 2.485116
0.1541596 0.6168319 2.161429 0.1230476 0.4347742 2.172319 0.06345772 0.2851396 2.063407 0.2487726 0.3295903 2.269933 -0.03818953 0.07588197 1.91091 0.3567278 0.1911764 2.444578 -0.03801992 -0.1048173 1.783812 0.4833885 0.06986167 2.521204 -0.03479295 -0.1729881 1.724213 0.5601562 0.02986296 2.547972 0.1428 0.03969838 2.172949 0.1726218 -0.0349609 2.150773 0.1342332 -0.09429413 2.107515 0.2245178 -0.08612259 2.186374 0.08416168 -0.524069 2.191067 0.2442838 -0.5560391 2.400367 0.001722842 -0.8566848 2.251919 0.2181461 -0.8714046 2.467528 0.0150941 -0.9228144 2.224984 0.2955165 -0.9274163 2.49069
0.1552844 0.6163866 2.160411 0.1236888 0.4343656 2.171807 0.06366628 0.2846846 2.063419 0.2332815 0.3574852 2.270052 -0.0377708 0.07527803 1.913456 0.3457479 0.2052654 2.431812 -0.03624732 -0.1075562 1.78363 0.4786389 0.07282188 2.517941 -0.03208159 -0.1758019 1.724174 0.5558674 0.03387213 2.544931 0.1420339 0.03729923 2.172735 0.1726354 -0.0380467 2.151582 0.1348531 -0.09670433 2.110686 0.2233839 -0.08727621 2.185826 0.08435698 -0.524424 2.191214 0.2442812 -0.5560919 2.400101 0.003192631 -0.8568428 2.250372 0.2181185 -0.8710757 2.467089 0.01668948 -0.923718 2.225414 0.2949084 -0.9276752 2.490748
0.1612136 0.5957894 2.156647 0.1363824 0.3723637 2.166522 0.06350507 0.2845443 2.063406 0.2475281 0.3258815 2.261385 -0.03761383 0.07595285 1.91474 0.3538802 0.1913072 2.439469 -0.03054585 -0.1061089 1.780752 0.4816253 0.07195749 2.517185 -0.02231182 -0.1721803 1.719297 0.5618577 0.03681989 2.54038 0.1513894 0.0350229 2.178928 0.1838315 -0.03461158 2.159217 0.1483587 -0.09550089 2.113792 0.2380399 -0.09177773 2.203055 0.08442527 -0.5249335 2.191662 0.2442624 -0.5565699 2.400218 0.003875532 -0.8567521 2.248849 0.2178013 -0.8706768 2.466692 0.01932243 -0.9232098 2.223908 0.2944005 -0.9269046 2.491809
0.1608347 0.6023151 2.156462 0.127611 0.4293631 2.169804 0.06330494 0.2842903 2.063475 0.2501374 0.3279061 2.270084 -0.03676023 0.07839632 1.9155 0.3576902 0.1882744 2.444104 -0.01346063 -0.09399261 1.767417 0.5024587 0.07855234 2.50729 0.007119775 -0.1626025 1.68443 0.5880295 0.05317564 2.522896 0.1532413 0.04236349 2.175412 0.1860856 -0.02698611 2.154669 0.1490564 -0.09120642 2.107097 0.2414261 -0.08297858 2.19715 0.08354707 -0.5258493 2.191498 0.2441979 -0.5566496 2.400122 0.00425654 -0.8566886 2.248594 0.2178033 -0.87037 2.466466 0.02205366 -0.9222187 2.22278 0.2941916 -0.9268495 2.491659
0.1606304 0.6050666 2.156433 0.1276044 0.429362 2.169807 0.06306602 0.2841831 2.063527 0.2521855 0.3344332 2.284374 -0.03460927 0.0944429 1.918077 0.3654869 0.1858775 2.448554 0.006957032 -0.06559699 1.753842 0.5333747 0.09758356 2.488773 0.03299369 -0.1280971 1.670608 0.6186504 0.07053912 2.503145 0.1554469 0.04131956 2.173962 0.1901127 -0.0290657 2.153072 0.1505439 -0.0912862 2.105575 0.2494499 -0.08692668 2.194408 0.08382013 -0.5253268 2.192056 0.2440613 -0.5562441 2.399756 0.004479914 -0.8570053 2.248332 0.2174259 -0.870464 2.466682 0.02046698 -0.9238797 2.22489 0.2941672 -0.9266928 2.491357
0.1589696 0.607501 2.155689 0.1271035 0.4296766 2.169904 0.06303266 0.2842274 2.063706 0.2610077 0.3466692 2.324605 -0.03012744 0.1096005 1.918643 0.3942868 0.1819613 2.460428 0.02064758 -0.04300167 1.747233 0.5698694 0.09900719 2.480822 0.06896669 -0.08739029 1.651014 0.6584887 0.08127046 2.487306 0.1598787 0.05675002 2.173733 0.1972103 -0.009022863 2.15431 0.1586343 -0.07815793 2.097827 0.2568045 -0.07666406 2.201821 0.08542465 -0.5248291 2.19394 0.2439716 -0.5549106 2.399024 0.004169741 -0.8565465 2.247556 0.2174888 -0.8706564 2.466967 0.01834099 -0.9247367 2.226903 0.2945839 -0.9263803 2.491685
0.1574004 0.6086417 2.155654 0.1261182 0.4302261 2.170362 0.06272486 0.2847677 2.063995 0.2609119 0.3475751 2.326058 -0.02460121 0.1174782 1.911492 0.3997371 0.1933401 2.45018 0.0475646 -0.005062436 1.73341 0.5869917 0.1340744 2.45327 0.09101421 -0.03397797 1.660031 0.6465892 0.1329767 2.445907 0.1597439 0.06326124 2.175307 0.196903 -0.002253293 2.156011 0.1596178 -0.07319782 2.096691 0.2569119 -0.07279453 2.20592 0.08540042 -0.5243515 2.193749 0.2437882 -0.554898 2.398907 0.00404819 -0.855881 2.246991 0.2174978 -0.870688 2.466759 0.01814939 -0.9246006 2.228121 0.2950051 -0.9255878 2.492027
0.1557037 0.6095309 2.155519 0.1247305 0.4306724 2.17078 0.06261411 0.2849135 2.064148 0.2619268 0.3495362 2.33113 -0.01517082 0.1246995 1.897498 0.4041289 0.2079726 2.43469 0.081869 0.03140493 1.724841 0.5935559 0.1535699 2.423011 0.1482817 0.01068931 1.621284 0.6653549 0.1593938 2.411666 0.1570725 0.06780437 2.17788 0.1937166 0.002669744 2.159391 0.1585168 -0.06928263 2.099285 0.2523571 -0.06965625 2.210532 0.08470409 -0.5237215 2.19314 0.2436385 -0.5552123 2.39908 0.003995981 -0.8554723 2.246508 0.2176661 -0.8708463 2.467187 0.01589967 -0.9257612 2.232542 0.2952108 -0.9257894 2.492244
0.154338 0.6106563 2.156477 0.1227201 0.4312671 2.171305 0.06214883 0.2854877 2.064336 0.2771527 0.3437868 2.349194 -0.01959451 0.1328409 1.876702 0.4087107 0.2255386 2.417261 0.1078442 0.0680063 1.727769 0.6072804 0.1894648 2.391341 0.2174837 0.07388699 1.5917 0.6942635 0.1939723 2.376893 0.1506404 0.07812988 2.180948 0.1858375 0.01486716 2.1631 0.1514525 -0.06063996 2.100313 0.247723 -0.06607585 2.215303 0.0850114 -0.5231173 2.193646 0.2436452 -0.5552124 2.399067 0.003964822 -0.8550613 2.246344 0.2179601 -0.8708949 2.466522 0.0155389 -0.9255224 2.232982 0.2953418 -0.9260651 2.491585
0.1515044 0.6113049 2.157226 0.1209066 0.4316172 2.172105 0.0610963 0.2880799 2.064723 0.2758007 0.3463927 2.347658 0.02742719 0.1394329 1.85192 0.4172929 0.2343918 2.400832 0.16576 0.1087584 1.701641 0.6272942 0.2152646 2.355737 0.2379551 0.1224598 1.616475 0.6986923 0.2268887 2.330568 0.1465212 0.09127302 2.182372 0.1812177 0.03108624 2.164261 0.1478902 -0.04641008 2.101333 0.2409506 -0.04829571 2.217304 0.08480926 -0.5227159 2.193569 0.243566 -0.5524539 2.397789 0.003909347 -0.8543277 2.246087 0.2179963 -0.8709779 2.466542 0.01526186 -0.9249774 2.233555 0.2954319 -0.9266027 2.490405
0.148294 0.6126311 2.158115 0.1192558 0.4318824 2.173272 0.05740297 0.2988147 2.066583 0.2773037 0.3472085 2.348328 0.03038828 0.1570123 1.857365 0.4995635 0.2438578 2.366172 0.1828402 0.1597689 1.718574 0.6892553 0.2463128 2.299449 0.2634732 0.1825385 1.649079 0.6961089 0.2622306 2.286608 0.1453657 0.09344725 2.183224 0.179994 0.0330647 2.164717 0.1443636 -0.0444176 2.099584 0.2411124 -0.04788189 2.219143 0.08697858 -0.5202469 2.196018 0.243535 -0.552462 2.397784 0.003829434 -0.8538191 2.245952 0.2148893 -0.8697869 2.464307 0.01462601 -0.9247093 2.234319 0.2924556 -0.9252711 2.488074
0.1450523 0.6139116 2.159825 0.1164169 0.4325874 2.174399 0.05492756 0.3093663 2.067494 0.2729741 0.3623646 2.342605 0.04658951 0.1921768 1.860932 0.4903409 0.2682411 2.350572 0.205233 0.1994139 1.730924 0.6716715 0.2758584 2.260438 0.3167571 0.2627276 1.65707 0.684505 0.2912439 2.243937 0.1410564 0.09594804 2.184243 0.175107 0.03532007 2.165409 0.1324742 -0.04679873 2.090854 0.2371209 -0.04513062 2.228521 0.0876473 -0.5196238 2.196753 0.243437 -0.5525493 2.397617 0.003645441 -0.8531292 2.245453 0.2149451 -0.8698257 2.464375 0.01454369 -0.9241987 2.235077 0.2926034 -0.9249338 2.488709
0.1372114 0.6147389 2.161663 0.1141767 0.4335473 2.175105 0.04636328 0.3180197 2.068714 0.2716314 0.3662146 2.341318 0.05928114 0.2089046 1.859142 0.4707887 0.2862135 2.333153 0.2722876 0.2652259 1.735423 0.6434492 0.3073061 2.227197 0.3305455 0.3119038 1.703304 0.6771291 0.3181233 2.192528 0.1349407 0.1025508 2.185475 0.1675964 0.04260699 2.166198 0.1231408 -0.03822104 2.09109 0.2340235 -0.04265638 2.229687 0.08793147 -0.5183928 2.196354 0.2437448 -0.5502375 2.397023 0.0036309 -0.8525681 2.245067 0.2153 -0.8697569 2.464162 0.01326825 -0.9239681 2.235769 0.2928325 -0.9248573 2.488909
0.1308035 0.6155524 2.162394 0.1119774 0.4349655 2.175192 0.0302845 0.3156882 2.068149 0.2701647 0.3696886 2.339849 0.07836843 0.2331545 1.858442 0.4580059 0.3080542 2.307898 0.2995378 0.3173932 1.76063 0.6218847 0.3364541 2.188871 0.3509477 0.3572776 1.744766 0.6656049 0.3552672 2.142476 0.1341259 0.0976956 2.184836 0.1660154 0.03409817 2.163965 0.1178988 -0.04353582 2.094796 0.2359706 -0.04703629 2.222052 0.08807474 -0.518135 2.196332 0.2475463 -0.523326 2.387001 0.003728094 -0.8524459 2.245148 0.2158193 -0.8702347 2.464739 0.009503458 -0.9244345 2.237303 0.293476 -0.9252836 2.48921
0.1188986 0.6158534 2.163004 0.1109892 0.4358277 2.175366 0.02012175 0.3052638 2.063142 0.2696947 0.371538 2.339267 0.1413366 0.2663706 1.845547 0.458233 0.3188926 2.290252 0.3151748 0.3609437 1.794295 0.6048126 0.3559663 2.150539 0.3668962 0.4152545 1.791649 0.6404458 0.3822281 2.097085 0.130648 0.06330352 2.182441 0.1621061 -0.0152256 2.160455 0.09217665 -0.07963245 2.128466 0.2471768 -0.07559099 2.185219 0.08812466 -0.5176179 2.196215 0.2581182 -0.4607952 2.366158 0.003593646 -0.8523032 2.244948 0.2169363 -0.8604692 2.462165 0.01026589 -0.9243454 2.238418 0.2898583 -0.9212304 2.487664
0.1146025 0.6162239 2.163374 0.1097448 0.4385589 2.17512 0.01685116 0.2975474 2.060674 0.2691408 0.3757227 2.338011 0.144686 0.2740226 1.85166 0.4571244 0.3306196 2.273566 0.3193964 0.3864517 1.828763 0.581683 0.374738 2.114053 0.3849041 0.4533822 1.833772 0.6101634 0.40435 2.050551 0.129823 0.06384739 2.18247 0.1603329 -0.01254915 2.160444 0.09098655 -0.07780232 2.125679 0.2442537 -0.07423934 2.187991 0.08814274 -0.5172749 2.196059 0.2497587 -0.5256993 2.386103 0.003576003 -0.852181 2.24485 0.2162753 -0.8704105 2.465233 0.01022941 -0.9242329 2.23841 0.2939154 -0.9253643 2.489968
0.107883 0.6169891 2.164649 0.1068799 0.4461073 2.17284 0.01637218 0.2938821 2.059749 0.2671808 0.3844487 2.334605 0.1520633 0.2938187 1.86836 0.4490501 0.343396 2.244635 0.3209702 0.400023 1.850836 0.5651898 0.3913644 2.079513 0.3700927 0.4642256 1.872599 0.5859956 0.434738 2.008999 0.1277305 0.07022771 2.180818 0.1579263 -0.001609957 2.158582 0.0925259 -0.07342009 2.118834 0.2383589 -0.06399252 2.191932 0.08859406 -0.5165297 2.196158 0.2497383 -0.5257171 2.386144 0.003582186 -0.852195 2.24485 0.2168315 -0.870689 2.465787 0.06112233 -0.8943272 2.197753 0.2944151 -0.9258403 2.490257
0.106078 0.6253207 2.16279 0.1040182 0.4567494 2.165894 0.01723662 0.2941121 2.058961 0.2650941 0.395509 2.32693 0.1631761 0.3098451 1.878475 0.4432779 0.3583626 2.213627 0.3271078 0.4182862 1.879719 0.5387498 0.4120597 2.036496 0.3734838 0.4903013 1.909275 0.5691523 0.4463369 1.998142 0.127221 0.07612419 2.179282 0.1578291 0.004162321 2.157728 0.09578498 -0.06642005 2.111662 0.2368579 -0.06111445 2.195635 0.08867241 -0.5153573 2.195745 0.2497202 -0.5257095 2.386081 0.003385283 -0.851639 2.244325 0.2175254 -0.8710839 2.466201 0.06037759 -0.8938824 2.196665 0.2944914 -0.92699 2.490907
0.1042678 0.6343773 2.161131 0.1040035 0.4646569 2.159436 0.01907612 0.2970929 2.057198 0.2654592 0.4034463 2.320253 0.1655423 0.3108874 1.881956 0.4364182 0.3602916 2.200387 0.3369577 0.4465526 1.915169 0.516994 0.4269178 1.99612 0.3764727 0.5211959 1.947992 0.5335582 0.4378029 1.992063 0.1290417 0.08513667 2.176812 0.160265 0.01369151 2.1562 0.09913936 -0.05959555 2.10733 0.2389149 -0.05323032 2.19912 0.08899073 -0.5139474 2.195378 0.2496139 -0.5258626 2.386003 0.003383876 -0.8516731 2.24424 0.2174031 -0.8724056 2.467771 0.05995417 -0.893999 2.196153 0.2949158 -0.9281516 2.491089
0.09715676 0.640983 2.161613 0.1038715 0.470592 2.1561 0.02260737 0.2996132 2.055312 0.2654947 0.4093333 2.316868 0.2128598 0.3786645 1.906015 0.4287649 0.3669896 2.164892 0.3769069 0.497721 1.963838 0.489042 0.4339913 1.976333 0.3929079 0.5610263 1.978732 0.4964119 0.5023387 1.930631 0.1283107 0.08850542 2.17542 0.1597121 0.01633986 2.155383 0.0995223 -0.05731267 2.106761 0.23674 -0.04945327 2.19863 0.0884246 -0.5125559 2.193933 0.249625 -0.5260025 2.38603 0.003403366 -0.8515646 2.244065 0.2174861 -0.8723636 2.467805 0.06017641 -0.8938777 2.196206 0.2926305 -0.9298515 2.487708
0.09570736 0.6471993 2.161649 0.1033103 0.4759807 2.151449 0.02490906 0.3014428 2.055108 0.3079162 0.3361199 2.276433 0.2558062 0.3819391 1.922689 0.4273629 0.3972626 2.071871 0.381549 0.5282384 1.982655 0.4001097 0.4848993 1.88417 0.3985049 0.594815 2.006344 0.4165687 0.54066 1.864589 0.1315514 0.09027939 2.173834 0.1586405 0.01685975 2.152993 0.09627841 -0.05650232 2.104482 0.2371085 -0.05018272 2.196079 0.08886381 -0.5116912 2.193892 0.2495396 -0.5259101 2.385979 0.003273428 -0.8512937 2.243796 0.2175785 -0.8723953 2.467775 0.05206327 -0.8948073 2.18875 0.294434 -0.9295399 2.489848
0.09547616 0.6506301 2.161483 0.1029528 0.4790463 2.149088 0.02675303 0.3031073 2.055754 0.3078997 0.3362179 2.276395 0.2579715 0.3837778 1.924168 0.4195091 0.39686 2.069775 0.3729401 0.5570028 2.031208 0.3932697 0.5151809 1.877978 0.4171869 0.6072376 2.029173 0.406221 0.582221 1.835947 0.1285101 0.1259561 2.168847 0.1534534 0.06281433 2.150239 0.09815076 -0.02938761 2.060604 0.2333789 -0.04311196 2.230068 0.08918791 -0.5101123 2.193151 0.2498781 -0.5251831 2.385525 0.003304653 -0.8509847 2.243603 0.2175907 -0.8724849 2.467843 0.05222976 -0.894467 2.188652 0.2945024 -0.929598 2.489802
0.09372374 0.6534321 2.162003 0.1017468 0.4815329 2.147351 0.0310731 0.3047451 2.056152 0.3074177 0.3366639 2.276225 0.2611181 0.3852169 1.922565 0.4045852 0.3973998 2.060907 0.4055915 0.5161988 1.880726 0.3753605 0.5139858 1.876241 0.3750038 0.5678443 1.851018 0.3883118 0.5810259 1.83421 0.125568 0.08826913 2.164325 0.1499753 0.004450195 2.146481 0.08222289 -0.05735746 2.108918 0.2316556 -0.06411183 2.181597 0.08945799 -0.5087214 2.192161 0.2499003 -0.5251805 2.385494 0.003361813 -0.8509994 2.243667 0.2175313 -0.8724218 2.467892 0.05271571 -0.8944842 2.189103 0.2948272 -0.9290782 2.489684
0.09117752 0.655046 2.162533 0.1015053 0.4830449 2.146264 0.03252459 0.3063333 2.057384 0.3072911 0.3370236 2.276057 0.2608438 0.385016 1.922968 0.3947731 0.3943871 2.060435 0.3597522 0.5482414 1.860503 0.3291155 0.5355781 1.858468 0.3349984 0.5046279 1.871822 0.3420667 0.6026182 1.816437 0.1270501 0.08871008 2.163218 0.1515192 0.006719998 2.146521 0.08316066 -0.05638447 2.108188 0.2344294 -0.06159154 2.182882 0.0901106 -0.5067753 2.191737 0.2502784 -0.52435 2.384841 0.00348346 -0.8506015 2.243439 0.2175524 -0.8725715 2.468201 0.05283511 -0.8940833 2.18887 0.2949744 -0.929315 2.489308
0.09069455 0.6568152 2.162396 0.1012633 0.4846175 2.144498 0.03352482 0.3073719 2.057331 0.3070985 0.3376585 2.275316 0.2640678 0.3888703 1.924906 0.3895541 0.3951929 2.056808 0.3557709 0.5557415 1.860742 0.314105 0.5320947 1.862497 0.3181958 0.5055041 1.874555 0.3270563 0.5991349 1.820467 0.1295474 0.09213984 2.161959 0.1541714 0.01435021 2.146792 0.08731325 -0.05209615 2.102579 0.2372136 -0.05624416 2.18962 0.09042081 -0.5065331 2.191653 0.2509005 -0.5230615 2.384113 0.003484079 -0.8506152 2.243341 0.217292 -0.8722501 2.467644 0.05288024 -0.8940828 2.188802 0.2944288 -0.9286103 2.490729
0.0908425 0.6586084 2.162238 0.1006703 0.4862146 2.143082 0.03455367 0.3081996 2.057836 0.3065849 0.3386149 2.27451 0.2613142 0.3883671 1.925733 0.3795413 0.3950886 2.053481 0.3454028 0.5608358 1.867417 0.3042787 0.526196 1.874276 0.3039303 0.5064068 1.87725 0.31723 0.5932361 1.832245 0.130306 0.09522822 2.159634 0.153871 0.01874243 2.145145 0.08844961 -0.04919607 2.09901 0.2359972 -0.05323829 2.189424 0.09150085 -0.5034098 2.190017 0.2508559 -0.5233019 2.38396 0.003456836 -0.8505914 2.243353 0.2173349 -0.8722243 2.4676 0.05284017 -0.8940536 2.188798 0.294633 -0.9284572 2.490454
0.09120493 0.6594812 2.161932 0.0996442 0.4870221 2.14285 0.03476361 0.3083891 2.05849 0.3055546 0.3392045 2.274477 0.2561137 0.3891421 1.925832 0.3790607 0.3947938 2.054322 0.3403977 0.5629985 1.873632 0.3047088 0.5237014 1.881592 0.2982108 0.5069071 1.882306 0.31766 0.5907416 1.839562 0.1311485 0.09546198 2.158564 0.1541043 0.0189471 2.144912 0.08923306 -0.04883259 2.097615 0.2361875 -0.0531873 2.189457 0.09190354 -0.5017225 2.189209 0.2508644 -0.5232658 2.383854 0.003431966 -0.8505524 2.243241 0.2171037 -0.871999 2.467397 0.05285278 -0.8940018 2.18871 0.2945435 -0.9278381 2.490731
0.09133112 0.6605246 2.161228 0.0990812 0.4879995 2.141859 0.03482498 0.3086261 2.059182 0.3050034 0.3399223 2.273763 0.2534316 0.3887196 1.926304 0.3782242 0.3949102 2.054688 0.3368394 0.5631919 1.874982 0.2836325 0.5316585 1.874315 0.2960053 0.504848 1.885047 0.2965837 0.5986987 1.832284 0.1319335 0.09733486 2.156911 0.1542069 0.02118076 2.143994 0.08944356 -0.04708809 2.094085 0.2364151 -0.05226322 2.190037 0.09199235 -0.5010553 2.188627 0.2508435 -0.5233715 2.383682 0.003459883 -0.850729 2.243336 0.2163663 -0.8718534 2.467763 0.05274449 -0.8941911 2.188693 0.2941464 -0.9273769 2.490714
0.09150057 0.6607175 2.160639 0.09867457 0.488175 2.141337 0.03415529 0.3082715 2.060204 0.304583 0.3400142 2.273358 0.251988 0.3884822 1.92656 0.3753897 0.3950177 2.055429 0.3361903 0.5628758 1.876655 0.2830275 0.5305376 1.875328 0.2954594 0.5029529 1.887887 0.2959788 0.5975778 1.833297 0.1327247 0.0972682 2.155962 0.154393 0.02098287 2.143758 0.08951057 -0.04728774 2.093937 0.2369489 -0.05263137 2.189737 0.0919665 -0.5011621 2.188625 0.2503691 -0.5278341 2.384756 0.003439667 -0.8509037 2.243324 0.2165802 -0.8717111 2.467534 0.0524867 -0.8943957 2.188491 0.2942556 -0.9272822 2.490722
0.090528 0.6610289 2.158555 0.09765461 0.4885782 2.140048 0.03421675 0.3072945 2.061891 0.3035336 0.3403014 2.272226 0.2516043 0.3881023 1.926806 0.3744373 0.3949292 2.05667 0.3355 0.5639329 1.883699 0.2845532 0.530313 1.876306 0.2962479 0.5003996 1.889838 0.2975045 0.5973531 1.834275 0.133132 0.09748853 2.154882 0.1541703 0.02108649 2.143471 0.08926362 -0.04735729 2.093369 0.2368008 -0.05255844 2.189744 0.09170471 -0.5013462 2.188189 0.2504137 -0.5273606 2.384181 0.003503191 -0.8505795 2.243147 0.2169096 -0.8720183 2.467911 0.05224552 -0.8941143 2.188076 0.2937145 -0.9299017 2.488154
0.09029623 0.661054 2.158389 0.09656261 0.4884902 2.139213 0.03348964 0.3072384 2.062381 0.3023756 0.3401367 2.271462 0.2514182 0.3879468 1.926741 0.3737181 0.3948728 2.057364 0.3397165 0.5620435 1.886289 0.2848853 0.5295757 1.876056 0.3691492 0.6200757 1.877233 0.2978365 0.5966159 1.834025 0.1334848 0.09797931 2.153764 0.1539795 0.02165332 2.143059 0.08929884 -0.04708312 2.093252 0.2365158 -0.05200147 2.189228 0.09169628 -0.5013614 2.188178 0.2607111 -0.4590062 2.362211 0.003485207 -0.8506004 2.243224 0.2188979 -0.8571777 2.462828 0.05209611 -0.8941494 2.188049 0.2875383 -0.9236063 2.485959
0.08914696 0.6609939 2.156733 0.09583993 0.4885739 2.138623 0.03253779 0.3073665 2.063194 0.3016179 0.3401686 2.270929 0.2498026 0.3866408 1.926603 0.3766761 0.3933538 2.066051 0.3663091 0.545437 1.905951 0.3118789 0.523421 1.885972 0.3084255 0.4961073 1.89647 0.3248302 0.5904611 1.843942 0.1342437 0.09832317 2.153011 0.1543333 0.02205745 2.143015 0.09015457 -0.04752179 2.093126 0.2371095 -0.05090758 2.189537 0.09160456 -0.5015125 2.188247 0.2485404 -0.5230333 2.381011 0.003547084 -0.8505693 2.243307 0.2173242 -0.8718182 2.467486 0.05194163 -0.8941436 2.187961 0.294369 -0.9292647 2.488062
0.08879822 0.6600274 2.153471 0.09445318 0.4879728 2.138409 0.03056687 0.3071014 2.063715 0.3016516 0.3412564 2.269878 0.1782099 0.385711 1.897778 0.3850695 0.3922244 2.072665 0.3328279 0.5131335 1.904898 0.3357263 0.5013681 1.902866 0.3843672 0.5556077 1.911699 0.3544232 0.5556995 1.87906 0.1348752 0.0985517 2.152427 0.1545453 0.02245327 2.143023 0.09032585 -0.04759728 2.09339 0.2380286 -0.05002735 2.189188 0.0911414 -0.5019614 2.188158 0.2487086 -0.5220796 2.380908 0.003580508 -0.8505661 2.243313 0.217337 -0.8717957 2.467472 0.05149971 -0.8941922 2.187596 0.2942508 -0.9293979 2.488101
0.0887915 0.6589464 2.152158 0.09373626 0.4870921 2.138623 0.02905806 0.3056 2.06466 0.3017349 0.3421832 2.270556 0.2560969 0.412478 1.948402 0.3869118 0.3952518 2.074856 0.391252 0.5536204 1.909502 0.3461084 0.5415031 1.877468 0.3398411 0.5134705 1.904878 0.3590597 0.6085432 1.835438 0.1353759 0.09694953 2.151767 0.1547412 0.0205363 2.142815 0.08997282 -0.05031302 2.096826 0.2390716 -0.05207199 2.185007 0.09110094 -0.502098 2.188336 0.2485888 -0.5226505 2.381602 0.003526757 -0.8504173 2.243132 0.2174897 -0.8717835 2.467465 0.05119037 -0.8940681 2.187216 0.2943726 -0.9290388 2.489147
0.08852807 0.656352 2.151234 0.09355827 0.4848258 2.139782 0.02670812 0.3017784 2.06655 0.3011087 0.3427263 2.273954 0.1738909 0.3823288 1.882576 0.4049092 0.4418508 2.023152 0.3457193 0.5058447 1.931307 0.3595752 0.5599014 1.858695 0.3724061 0.5671622 1.927638 0.3829355 0.5998361 1.851375 0.1357054 0.09634779 2.151365 0.1547623 0.02011701 2.142723 0.0897695 -0.05194844 2.096445 0.2391881 -0.05227577 2.184941 0.09091669 -0.5022717 2.188417 0.2483677 -0.5230435 2.381907 0.003406252 -0.8507338 2.243471 0.2176506 -0.8716131 2.467417 0.05102923 -0.8943784 2.187516 0.2944891 -0.9287446 2.489578
0.08787557 0.6512954 2.151492 0.09317248 0.4803097 2.143138 0.02431474 0.2951387 2.068296 0.3007111 0.3428364 2.279359 0.1721 0.3499838 1.894901 0.4099849 0.4451562 2.03262 0.3459798 0.5064249 1.932268 0.3811142 0.5709791 1.870408 0.3579527 0.571846 1.940154 0.4034368 0.5971776 1.876719 0.1374918 0.08765696 2.152547 0.1569258 0.01050804 2.143585 0.08785375 -0.06674361 2.114971 0.2455644 -0.0563013 2.171706 0.09075369 -0.5023265 2.188655 0.2482178 -0.524224 2.383715 0.003442345 -0.8506786 2.243446 0.2175582 -0.8712792 2.467111 0.05125839 -0.8942775 2.18762 0.2943187 -0.9282489 2.489947
0.08822042 0.6441131 2.151484 0.0929466 0.474156 2.148426 0.02258529 0.2908587 2.068995 0.3004857 0.340567 2.28585 0.122882 0.3005453 1.873536 0.4511975 0.4205835 2.073516 0.2833858 0.4460298 1.897812 0.4933933 0.541135 1.910128 0.324666 0.5220586 1.924756 0.5271593 0.5952967 1.889835 0.13746 0.08347894 2.153722 0.157165 0.006966522 2.14406 0.08676206 -0.0687364 2.117199 0.2468199 -0.05757536 2.168634 0.09060116 -0.5026015 2.18873 0.2476996 -0.5260046 2.385573 0.003453912 -0.8506829 2.24344 0.2174948 -0.8713036 2.467036 0.05188602 -0.8941832 2.188071 0.2953987 -0.9268604 2.489477
0.08860189 0.6347266 2.152646 0.09116079 0.4655995 2.153475 0.01614834 0.2852685 2.070486 0.2988501 0.3349661 2.291708 0.1178352 0.2973045 1.876009 0.4945154 0.3708712 2.141212 0.2826309 0.4444733 1.890356 0.491576 0.4995865 1.978704 0.3171586 0.5170629 1.894163 0.4945897 0.4866954 2.008982 0.1368427 0.07872232 2.155597 0.1571261 0.003265313 2.144832 0.0847512 -0.07192989 2.119809 0.2486297 -0.0599289 2.166396 0.09104273 -0.5041201 2.190635 0.2475634 -0.5268551 2.386619 0.003231416 -0.8507031 2.243197 0.2175158 -0.8712416 2.467028 0.0517447 -0.8941865 2.187886 0.2948824 -0.9277529 2.488937
0.0885675 0.6286485 2.153852 0.09027117 0.4601729 2.157374 0.01290738 0.2847909 2.070013 0.297897 0.330433 2.296429 0.1063899 0.2860851 1.8678 0.492623 0.3516909 2.248583 0.2745117 0.422411 1.854239 0.5252626 0.4363817 2.060353 0.3134056 0.5033731 1.866189 0.5407561 0.4725566 2.045957 0.1359395 0.07508973 2.157605 0.1569807 0.0003912917 2.145701 0.08311953 -0.07521378 2.123515 0.2496926 -0.0617123 2.164082 0.09150884 -0.504477 2.191885 0.2480295 -0.5236527 2.387153 0.001902326 -0.8526439 2.246264 0.2156398 -0.8711571 2.466845 0.05096663 -0.8960606 2.191389 0.2939132 -0.9263718 2.488838
0.08847632 0.6212302 2.155643 0.08880454 0.4531668 2.160785 0.00700955 0.2889975 2.070045 0.2964123 0.3241429 2.30036 0.1020418 0.2776801 1.856596 0.4921911 0.3453305 2.266181 0.2748438 0.4241978 1.825916 0.5583131 0.426048 2.085696 0.3108477 0.4972672 1.81087 0.5627622 0.4651316 2.06653 0.1340112 0.07027546 2.159151 0.1558828 -0.003624152 2.14587 0.08047178 -0.07795356 2.125458 0.2503935 -0.0664981 2.160098 0.09139112 -0.5053192 2.192425 0.2477569 -0.5204414 2.386655 0.001778599 -0.8523208 2.245223 0.2157416 -0.8711899 2.466882 0.05114408 -0.8957105 2.190596 0.2939687 -0.9264084 2.48903
0.08842998 0.6131084 2.15776 0.08926105 0.4458231 2.165737 -0.004644797 0.3083388 2.070862 0.2968202 0.317091 2.305745 0.096968 0.2652581 1.839641 0.4811673 0.2911704 2.344385 0.2424548 0.3982121 1.787334 0.5759836 0.3941512 2.168165 0.2840061 0.436184 1.776189 0.613175 0.4442561 2.117243 0.1323724 0.06881242 2.161108 0.1551446 -0.004153726 2.146238 0.07965001 -0.07802767 2.125672 0.2495423 -0.06819145 2.159724 0.09104044 -0.5054695 2.192339 0.2470002 -0.5250127 2.389919 0.001711082 -0.8524436 2.245346 0.2159236 -0.8708157 2.466938 0.05109295 -0.895858 2.190754 0.293852 -0.9263454 2.489357
0.08998749 0.6113411 2.156971 0.09108862 0.4386433 2.17206 -0.003421847 0.3124812 2.071911 0.298624 0.3100703 2.312349 0.09067735 0.2488662 1.825929 0.4848538 0.3022053 2.350307 0.2493798 0.3416376 1.741578 0.6057435 0.3726522 2.198219 0.268681 0.4027871 1.731151 0.6228577 0.3952219 2.179592 0.1306794 0.06849063 2.162736 0.1544269 -0.003062872 2.146238 0.07986028 -0.07658122 2.122882 0.2472633 -0.06690459 2.16036 0.09123425 -0.5056664 2.193115 0.2469649 -0.5246037 2.39031 0.001825915 -0.852278 2.244998 0.216131 -0.8710228 2.467335 0.0521844 -0.8956057 2.191236 0.2937503 -0.9268482 2.490089
0.0932017 0.610788 2.156176 0.09285678 0.4338882 2.176233 0.008018874 0.3282264 2.065489 0.3003765 0.3054069 2.316633 0.05631216 0.2119706 1.828801 0.4803482 0.298722 2.370615 0.2109689 0.2904722 1.721911 0.6231303 0.3556803 2.233992 0.2455099 0.3471571 1.692763 0.6506366 0.3746629 2.224551 0.1282299 0.07740021 2.166774 0.1529748 0.01450431 2.149049 0.08938952 -0.05785359 2.107631 0.2366811 -0.05259385 2.17592 0.09155609 -0.505895 2.194066 0.2459108 -0.5274209 2.392112 0.001891514 -0.8522459 2.244859 0.2166459 -0.8713717 2.468054 0.05508975 -0.895181 2.193574 0.2943165 -0.9275537 2.489729
0.09731317 0.6099373 2.154397 0.09480376 0.4313796 2.179516 0.01005738 0.3280689 2.064694 0.3023202 0.302941 2.319983 0.03410271 0.1849479 1.828851 0.4852405 0.2883449 2.375215 0.1858857 0.235347 1.700392 0.664374 0.325899 2.288826 0.2266114 0.2930383 1.669542 0.6744641 0.3459608 2.27641 0.1249845 0.08411153 2.171195 0.1501895 0.02238432 2.151584 0.08939159 -0.05413562 2.104883 0.2298787 -0.0495782 2.184119 0.09194545 -0.5073054 2.195565 0.2443443 -0.536211 2.397621 0.001929158 -0.8523111 2.244875 0.2169328 -0.8712657 2.468182 0.05565394 -0.8951496 2.194061 0.2942747 -0.9279433 2.489741
0.1037998 0.6088163 2.153224 0.09589981 0.4299935 2.180326 0.01892127 0.3214092 2.064508 0.3034063 0.3015849 2.320815 0.006893061 0.1592593 1.843241 0.4327795 0.2631378 2.438364 0.14371 0.185893 1.690619 0.6212209 0.2848582 2.35157 0.1983485 0.2491979 1.612593 0.6804557 0.3109832 2.325091 0.1245887 0.08066355 2.173976 0.1512131 0.01700571 2.153836 0.0898867 -0.05867809 2.102611 0.2327075 -0.06200368 2.196061 0.09206483 -0.5094855 2.197972 0.2430488 -0.5371154 2.398561 0.002145272 -0.8522472 2.244707 0.2172067 -0.8712953 2.46876 0.05660906 -0.8949426 2.194564 0.2946794 -0.9280049 2.489759
0.1088213 0.6072305 2.151691 0.09719832 0.4282477 2.180376 0.03440506 0.3035135 2.066545 0.2285913 0.3842503 2.327523 -0.007379764 0.1469931 1.856181 0.4141781 0.2676983 2.421999 0.1155746 0.1344229 1.68938 0.6105865 0.2567125 2.396612 0.1596407 0.1736634 1.615323 0.6970046 0.2727653 2.37459 0.1240573 0.08970967 2.175248 0.1536879 0.03038533 2.15918 0.1206093 -0.03085443 2.106866 0.2102621 -0.03082891 2.20779 0.08789988 -0.511314 2.194869 0.2394819 -0.5455818 2.402531 0.002274786 -0.8518996 2.244221 0.2169806 -0.8710003 2.468548 0.0646569 -0.8930807 2.202795 0.2952596 -0.9272478 2.487721
0.1112485 0.6067975 2.150137 0.09890008 0.4265875 2.180399 0.0386776 0.2945131 2.067397 0.253827 0.3603511 2.352885 -0.02066093 0.1353609 1.862353 0.4102154 0.2595475 2.437274 0.09365328 0.08047026 1.698196 0.6052345 0.232389 2.43256 0.1072564 0.09598622 1.664234 0.6953896 0.2371882 2.424826 0.1269831 0.08734479 2.176958 0.1573575 0.02649995 2.161222 0.1236947 -0.04251292 2.108679 0.2158464 -0.03848907 2.208713 0.08727785 -0.5117614 2.194376 0.2385094 -0.5473852 2.403952 0.002335409 -0.8515239 2.243721 0.2147209 -0.8702152 2.467756 0.06493228 -0.8926569 2.202572 0.2934847 -0.9255233 2.487661
0.1148649 0.6063993 2.147968 0.09981453 0.4251361 2.17957 0.04154148 0.2914104 2.068684 0.2534045 0.3601275 2.351366 -0.04666882 0.1381719 1.906864 0.4091738 0.2473592 2.455548 0.02650046 0.04699919 1.734908 0.5987781 0.1997165 2.46724 0.067042 0.04419104 1.689099 0.6892408 0.1961157 2.463444 0.1340096 0.08130688 2.178854 0.1664442 0.01817111 2.163672 0.1322361 -0.05118768 2.110616 0.2250787 -0.04750863 2.210332 0.08995464 -0.5113099 2.198509 0.2377397 -0.548809 2.404943 0.002650697 -0.8514147 2.243893 0.2148321 -0.8706048 2.467996 0.0652615 -0.8925646 2.202782 0.2936688 -0.9258534 2.487776
0.1207101 0.6058677 2.146409 0.1024217 0.4241158 2.178661 0.04254843 0.2903184 2.06917 0.2534763 0.3601062 2.351437 -0.04848375 0.1386349 1.910463 0.4023058 0.2330396 2.468288 0.009280942 0.02689639 1.745452 0.5854285 0.1696655 2.490967 0.04378338 0.00276487 1.678962 0.6644499 0.1766008 2.491669 0.1410805 0.07773309 2.180434 0.1737863 0.01409962 2.165436 0.1376801 -0.05528837 2.112579 0.2340629 -0.05082353 2.211577 0.09035526 -0.5129138 2.200322 0.2373625 -0.5496564 2.405274 0.0026785 -0.8515211 2.243904 0.2151691 -0.870402 2.467909 0.06531178 -0.8926787 2.202835 0.2931249 -0.9273874 2.483582
0.1223036 0.6058126 2.144825 0.1047097 0.4226763 2.177485 0.04327239 0.2884362 2.069182 0.2361964 0.3769497 2.326652 -0.05106802 0.1331964 1.914006 0.3904713 0.2355933 2.46586 -0.006800193 0.003182322 1.759371 0.5606208 0.1571085 2.513674 0.0264679 -0.02509104 1.684631 0.6490072 0.1432301 2.528033 0.1445461 0.07546518 2.180963 0.1769914 0.0115834 2.16573 0.14124 -0.05828347 2.112748 0.2360457 -0.05152074 2.211933 0.08851442 -0.5154827 2.199822 0.2371006 -0.550135 2.405421 0.003154876 -0.8606145 2.248781 0.2151387 -0.8702816 2.467865 0.06507918 -0.9019247 2.2068 0.2940219 -0.925451 2.487683
0.124935 0.6048401 2.142567 0.1061737 0.4219832 2.176708 0.04373582 0.2868735 2.06899 0.243717 0.3661498 2.331808 -0.05379445 0.1221942 1.918185 0.3888925 0.2229817 2.477571 -0.01681092 -0.0187972 1.772247 0.5599366 0.1466687 2.525638 0.01362105 -0.07061941 1.676447 0.6464877 0.1286408 2.54551 0.1452917 0.07459089 2.180833 0.1775728 0.0105522 2.165569 0.1411609 -0.05981833 2.111988 0.2375467 -0.05319078 2.212272 0.08892485 -0.5165696 2.201121 0.2364142 -0.5523959 2.406315 0.003713188 -0.8605492 2.248207 0.2154801 -0.8705499 2.468089 0.06559405 -0.9018591 2.206161 0.2945241 -0.9251049 2.48894
0.1268582 0.6045505 2.141273 0.1074668 0.4217419 2.176264 0.04494925 0.2852788 2.068999 0.2447226 0.365309 2.332534 -0.05493336 0.1097977 1.919975 0.3834835 0.2188837 2.480834 -0.02428645 -0.0386202 1.780689 0.5508829 0.137929 2.532877 0.0006192522 -0.09603755 1.690617 0.6369792 0.119017 2.553873 0.1453045 0.0736034 2.180915 0.1773232 0.009032555 2.165734 0.1401571 -0.06152596 2.112017 0.2372909 -0.05458342 2.212607 0.08692154 -0.5179983 2.199742 0.2361278 -0.5524641 2.406081 0.004088651 -0.8601509 2.247684 0.2158966 -0.8708885 2.468679 0.06606995 -0.9014262 2.205752 0.2941018 -0.9281034 2.484747
0.1292089 0.6042351 2.140148 0.109268 0.421939 2.176338 0.04593471 0.2839656 2.068904 0.2463071 0.3637289 2.333323 -0.0548059 0.1010591 1.921494 0.3780965 0.2136607 2.483919 -0.02572726 -0.05274779 1.782965 0.5428346 0.1298439 2.539047 -0.003074147 -0.1112526 1.696796 0.6258792 0.1052952 2.565732 0.1457487 0.07229604 2.181396 0.1775304 0.007094123 2.166295 0.1395766 -0.06353407 2.112682 0.2375053 -0.05595156 2.213038 0.08720713 -0.5194378 2.200717 0.2358554 -0.553217 2.406194 0.004319849 -0.8600479 2.247289 0.2159905 -0.8705835 2.468498 0.06635053 -0.9013022 2.20541 0.2942314 -0.9270861 2.487069
0.1303703 0.6041239 2.139351 0.1107621 0.422143 2.176281 0.04675801 0.2827559 2.068777 0.2471885 0.3607725 2.331864 -0.05352144 0.09319139 1.92348 0.3757594 0.2104782 2.484627 -0.02749523 -0.06556398 1.784645 0.5382434 0.1240853 2.541909 -0.005989338 -0.1242722 1.701356 0.6225587 0.1013986 2.566147 0.1451545 0.07010849 2.181687 0.1761122 0.003590993 2.166584 0.1370772 -0.06688043 2.113313 0.2356512 -0.05880152 2.213067 0.08704244 -0.520051 2.200499 0.2358703 -0.5532254 2.406202 0.004715181 -0.8597704 2.246874 0.2159431 -0.8705716 2.468618 0.01085114 -0.9303812 2.230957 0.2939854 -0.9272664 2.487438
0.1339526 0.6045457 2.138923 0.1125501 0.4226735 2.176393 0.0474981 0.2821979 2.068684 0.2479012 0.3598234 2.333067 -0.05310028 0.09051853 1.924758 0.3757942 0.2085309 2.485476 -0.02683814 -0.06884751 1.786092 0.5379435 0.1209076 2.542007 -0.005557308 -0.1282791 1.703073 0.6221605 0.09856159 2.566896 0.1457728 0.06888672 2.181846 0.176666 0.002010317 2.166765 0.1372115 -0.06790842 2.113693 0.2359807 -0.05970387 2.212987 0.08630373 -0.5204801 2.199356 0.2358636 -0.5541613 2.406664 0.005267918 -0.859304 2.246927 0.2159597 -0.870603 2.468664 0.01472727 -0.9293967 2.230361 0.2939966 -0.9273521 2.487343
0.1346489 0.6049137 2.138795 0.1136835 0.4230497 2.176794 0.04801158 0.2818253 2.068625 0.2524018 0.3573117 2.3418 -0.05246896 0.08947789 1.926221 0.379535 0.2024046 2.491634 -0.02536033 -0.06937307 1.787283 0.5447391 0.1171781 2.543837 -0.003633328 -0.1284489 1.704666 0.6287839 0.0925031 2.567053 0.1461758 0.06848399 2.181933 0.177118 0.001580033 2.166954 0.1373186 -0.06826545 2.113896 0.236759 -0.06021249 2.213072 0.08622651 -0.5208645 2.199472 0.2358614 -0.5543573 2.406549 0.005347588 -0.8591142 2.246486 0.2162571 -0.870743 2.46909 0.01834661 -0.928916 2.231134 0.2943352 -0.927553 2.487409
0.1361972 0.6053463 2.139251 0.1139506 0.4233486 2.176722 0.04862345 0.2815947 2.068778 0.2526938 0.3566617 2.341746 -0.05199165 0.08944082 1.926957 0.3801457 0.2018392 2.491424 -0.01937779 -0.06455676 1.788308 0.546728 0.1178519 2.54171 0.005671082 -0.1209385 1.705563 0.6323999 0.09661125 2.562219 0.1468547 0.06875229 2.181653 0.177953 0.002011865 2.166558 0.1382559 -0.0684652 2.11307 0.2379602 -0.05951114 2.212831 0.08663485 -0.5212032 2.200318 0.2358005 -0.5549806 2.406336 0.005471212 -0.8588045 2.24623 0.2164247 -0.8708163 2.469069 0.01810537 -0.9288207 2.231565 0.2942935 -0.9269112 2.490258
0.1374187 0.605886 2.140017 0.1143769 0.4238944 2.176872 0.0490302 0.2818666 2.068993 0.2533154 0.3551764 2.340697 -0.05000076 0.09374215 1.929923 0.3822842 0.2016014 2.490363 -0.005551367 -0.04816509 1.787129 0.5541313 0.1221094 2.531801 0.04592749 -0.09330007 1.683404 0.6414638 0.1027144 2.546235 0.1484067 0.06951129 2.181395 0.1797964 0.003097923 2.166039 0.1408321 -0.06771193 2.110328 0.2404687 -0.05958564 2.213545 0.08671616 -0.5211915 2.200705 0.2359934 -0.5550038 2.406426 0.00571114 -0.8578302 2.245435 0.2163899 -0.8707765 2.46926 0.03917387 -0.9196741 2.2272 0.2947426 -0.9262256 2.490365
0.137914 0.60618 2.140516 0.1145982 0.424427 2.17695 0.04955983 0.2821994 2.069297 0.2539721 0.3547237 2.34198 -0.04674198 0.09980379 1.930525 0.3899943 0.2015599 2.486616 0.01003294 -0.03202011 1.782171 0.5700217 0.1298149 2.509217 0.06335878 -0.06167941 1.687439 0.6583811 0.113935 2.521543 0.1497425 0.070126 2.181264 0.1814641 0.003922063 2.165856 0.1429962 -0.06680156 2.108818 0.2428663 -0.06018285 2.214484 0.0871584 -0.5210267 2.201262 0.2359968 -0.5550324 2.406462 0.005608569 -0.8577229 2.245377 0.2166736 -0.8710757 2.469515 0.02849253 -0.9248554 2.229678 0.2951981 -0.9261612 2.49093
0.1378731 0.6065911 2.141737 0.1148147 0.4247196 2.176969 0.05048088 0.2826267 2.069847 0.2372964 0.3763727 2.32942 -0.04104979 0.1108432 1.928827 0.383328 0.2218397 2.464274 0.03307338 9.511411E-05 1.770335 0.5647461 0.1517656 2.482961 0.08334267 -0.01452635 1.699508 0.6543379 0.1395319 2.477024 0.1501954 0.0703348 2.181176 0.1820552 0.004175389 2.165893 0.1457286 -0.06543659 2.10833 0.2427761 -0.0602918 2.214729 0.08759136 -0.5207643 2.20141 0.2361179 -0.5561097 2.406698 0.004696591 -0.8556532 2.244204 0.2162807 -0.8710114 2.469773 0.04224075 -0.9157688 2.228284 0.2948326 -0.9268577 2.489004
0.137603 0.6077837 2.142764 0.1151297 0.4252328 2.177583 0.05154417 0.2834141 2.070454 0.2364868 0.377575 2.329563 -0.03239266 0.1159706 1.917917 0.390443 0.2247526 2.458558 0.07379349 0.02675497 1.757558 0.5822988 0.1634287 2.458277 0.1250914 0.02955 1.693325 0.6616657 0.1559791 2.455614 0.1501204 0.07057407 2.181379 0.1819694 0.004415573 2.166132 0.1466285 -0.06403328 2.108968 0.2403082 -0.06078352 2.215344 0.08810806 -0.5203211 2.201669 0.2359627 -0.5560984 2.406476 0.004643613 -0.8553326 2.2442 0.2163455 -0.8710139 2.469709 0.03200409 -0.9213506 2.231167 0.2949175 -0.9268358 2.488928
0.1368942 0.6087801 2.14365 0.1147919 0.4255939 2.177765 0.05190951 0.2840389 2.070966 0.2674909 0.352906 2.370116 -0.01486721 0.12038 1.897457 0.4088843 0.2240423 2.444938 0.109932 0.06648512 1.741466 0.6004637 0.1801318 2.417017 0.1802531 0.07540018 1.668542 0.6717457 0.1844761 2.401561 0.1476305 0.07325404 2.181324 0.1789445 0.007885006 2.166295 0.1423562 -0.05920634 2.109768 0.2380348 -0.06039381 2.214892 0.08454329 -0.5200301 2.196958 0.2355003 -0.5562082 2.405978 0.004603582 -0.8551385 2.244251 0.2163894 -0.8710774 2.469716 0.02734718 -0.9230666 2.232194 0.2949729 -0.9268795 2.488946
0.1364227 0.6094489 2.145441 0.1136036 0.42669 2.178446 0.05243753 0.2858929 2.071518 0.2335339 0.378376 2.334173 -0.0007932289 0.1324118 1.886833 0.4388506 0.243609 2.411959 0.1354926 0.08944322 1.73781 0.6296571 0.2032298 2.370258 0.2341381 0.1426882 1.637466 0.6893983 0.2149833 2.346446 0.1451251 0.08053032 2.182743 0.176306 0.01695769 2.167977 0.1428552 -0.04936678 2.108229 0.2334813 -0.05703331 2.218643 0.08775348 -0.5168295 2.199158 0.2356529 -0.5555436 2.405467 0.004410374 -0.8548045 2.243803 0.2167673 -0.8705549 2.469351 0.02466986 -0.9236965 2.232833 0.2946951 -0.9273767 2.488262
0.1356784 0.6107306 2.148837 0.1111228 0.4277728 2.178553 0.05100079 0.2927392 2.071171 0.2704733 0.3588707 2.37517 0.02183074 0.151884 1.871878 0.4610778 0.2317785 2.415429 0.1789682 0.1561964 1.739706 0.6390615 0.2352403 2.317559 0.2635175 0.2038216 1.673995 0.680304 0.2362334 2.30948 0.1396824 0.09488688 2.183503 0.1702942 0.03509552 2.168808 0.1351738 -0.03194468 2.111499 0.2301114 -0.04452692 2.217529 0.08729958 -0.5171631 2.198986 0.238597 -0.5428305 2.400879 0.004409069 -0.85445 2.243733 0.2166857 -0.8706267 2.469597 0.02084888 -0.9245995 2.234476 0.2947867 -0.9272195 2.488481
0.1336505 0.6113903 2.152574 0.1079956 0.4292094 2.178954 0.04777275 0.3080117 2.072087 0.2594101 0.3684308 2.363737 0.04729957 0.1870982 1.867154 0.4940642 0.2505279 2.363035 0.212393 0.2066034 1.747998 0.6678691 0.2527456 2.256842 0.2921442 0.2601224 1.700796 0.6631397 0.2636328 2.246368 0.1336298 0.1033789 2.183861 0.1639005 0.04408623 2.169051 0.1273703 -0.01840657 2.11341 0.2207205 -0.03244783 2.216086 0.08772293 -0.5170479 2.199588 0.2382264 -0.5444335 2.40089 0.004364814 -0.8544463 2.243756 0.2166006 -0.8706382 2.469518 0.01935097 -0.925013 2.235233 0.2948382 -0.9270123 2.488489
