0.03668737 0.647427 2.271689 0.04830276 0.4777274 2.268302 0.04069398 0.3024786 2.201596 0.06149222 0.338308 2.182591 0.3001955 0.3619123 2.160172 0.04931497 0.2449549 2.32968 0.4200766 0.5302142 2.315448 0.29019 0.3546119 2.283784 0.4672908 0.57302 2.294798 0.4995547 0.4249226 2.20476 0.1116323 0.0001428809 2.309464 0.123138 -0.09525196 2.319076 0.1103128 -0.09622965 2.30486 0.1383366 -0.1136282 2.334296 0.07200854 -0.5163143 2.318566 0.2191174 -0.5330678 2.633848 -0.01446772 -0.8639603 2.33865 0.1491991 -0.8571699 2.67529 0.02267039 -0.9326142 2.328896 0.1075809 -0.9050757 2.618041
0.03852841 0.6483219 2.270559 0.04920607 0.4786063 2.267388 0.04223023 0.3038781 2.202108 0.06507899 0.3455544 2.180484 0.3018863 0.3623378 2.159596 0.04858444 0.2471126 2.324367 0.416908 0.531459 2.317419 0.2905284 0.3554358 2.282132 0.4607127 0.5813851 2.308674 0.4985712 0.4239883 2.205703 0.1130787 0.002106018 2.307383 0.1247927 -0.09314549 2.317017 0.1120317 -0.09476665 2.302693 0.1398255 -0.1123039 2.332792 0.07248031 -0.5145808 2.318722 0.2118911 -0.5738501 2.649393 -0.01927076 -0.9058457 2.352238 0.1451736 -0.8720022 2.677215 0.03619698 -0.9412572 2.321467 0.1028954 -0.9198647 2.620415
0.04103184 0.6492761 2.270082 0.05059033 0.4793482 2.266222 0.04338634 0.3058281 2.202181 0.07143645 0.343537 2.181547 0.3034225 0.3620569 2.157981 0.04740494 0.2465282 2.325356 0.4082073 0.5320108 2.321461 0.2892411 0.3549583 2.282624 0.4432553 0.5826992 2.347734 0.4978279 0.4238532 2.205805 0.1152347 0.002860648 2.307006 0.1274409 -0.09239827 2.316943 0.1129961 -0.09437899 2.302758 0.1454177 -0.1107353 2.332425 0.07305402 -0.5141463 2.318924 0.2096536 -0.5741771 2.647984 -0.01918584 -0.9057668 2.351929 0.1395813 -0.872108 2.67268 0.03638927 -0.9410586 2.321215 0.1029145 -0.9202211 2.612305
0.0434384 0.650066 2.269391 0.05268717 0.4801399 2.265623 0.04507383 0.3066915 2.202125 0.07486251 0.3424022 2.181883 0.2975847 0.3509324 2.152092 0.0471127 0.2463237 2.325654 0.3876243 0.5225608 2.321964 0.2889249 0.3547615 2.282755 0.425388 0.5688869 2.352225 0.4977583 0.4237788 2.205798 0.1173271 0.004721671 2.306816 0.1296422 -0.09032346 2.317001 0.1145539 -0.09300335 2.3022 0.1481135 -0.1081318 2.333363 0.07351604 -0.5126242 2.318938 0.2092234 -0.5730655 2.647408 -0.01920898 -0.905769 2.351911 0.1396621 -0.8711447 2.671935 0.03653546 -0.9408214 2.32123 0.1046742 -0.9193324 2.610631
0.04465907 0.6506384 2.269231 0.05448405 0.4807825 2.265644 0.04646352 0.3076622 2.201705 0.07543992 0.3419574 2.182312 0.2917369 0.3466671 2.147989 0.0469295 0.2460999 2.326081 0.3820869 0.5200905 2.316008 0.2886703 0.354625 2.282922 0.4211369 0.5648681 2.34696 0.3692506 0.3908 2.272963 0.1194209 0.005019922 2.306552 0.1318693 -0.09012522 2.316815 0.1169869 -0.09258105 2.301795 0.1498787 -0.1076938 2.3333 0.07411407 -0.5119892 2.318934 0.2092487 -0.5728855 2.647298 -0.01942121 -0.9058861 2.352022 0.1397554 -0.8707851 2.672962 0.03646117 -0.9400505 2.320599 0.1051329 -0.9189786 2.611455
0.04586428 0.6509362 2.269524 0.05483232 0.4809992 2.265778 0.04770858 0.3080598 2.201342 0.07552968 0.3420328 2.182234 0.2905203 0.3452098 2.147233 0.04613392 0.2464877 2.326029 0.3495768 0.5098109 2.335266 0.2877556 0.3551587 2.28244 0.389148 0.5541348 2.366209 0.3682961 0.3913823 2.272338 0.1205612 0.005323111 2.306233 0.1332876 -0.08981892 2.316484 0.1189678 -0.09221952 2.300967 0.1508062 -0.1074046 2.33328 0.07487926 -0.5116934 2.318798 0.2093694 -0.5728004 2.647133 -0.01946236 -0.9058985 2.352007 0.1399301 -0.8706821 2.672971 0.03629623 -0.9405048 2.320849 0.1047586 -0.9188683 2.611771
0.04675156 0.6507585 2.269597 0.05562696 0.4807423 2.265496 0.04803281 0.3081424 2.201134 0.08063162 0.3430581 2.182765 0.2895039 0.3432696 2.145846 0.04863007 0.2477184 2.326203 0.4066374 0.4997396 2.157952 0.2901887 0.3564565 2.282356 0.4494101 0.5480748 2.140003 0.3707082 0.3927025 2.272167 0.1220366 0.005951473 2.305833 0.1350626 -0.0889334 2.316146 0.1194018 -0.09210004 2.300678 0.1547444 -0.1066663 2.333232 0.07534193 -0.5121479 2.318926 0.2127642 -0.569864 2.646216 -0.02000862 -0.9064826 2.352395 0.1442699 -0.8669899 2.677369 0.036164 -0.9401813 2.320986 0.1140915 -0.9152762 2.613634
0.0477332 0.6505474 2.270002 0.05652976 0.4805675 2.266096 0.04802956 0.3092899 2.199659 0.08006413 0.3412733 2.182274 0.2896032 0.3431801 2.145663 0.04747539 0.2461947 2.325747 0.4059773 0.4939191 2.183198 0.2889714 0.3550048 2.281664 0.4311177 0.5150673 2.124815 0.3694701 0.3912749 2.271397 0.1228505 0.005748043 2.305517 0.1359446 -0.08916875 2.315739 0.1204748 -0.09208618 2.29985 0.1551831 -0.1067693 2.333101 0.07580062 -0.5120426 2.318725 0.2132909 -0.5696433 2.64571 -0.01995186 -0.9065787 2.352562 0.1444256 -0.8667925 2.676293 0.03785024 -0.9438376 2.329149 0.1147389 -0.9150425 2.6123
0.04570928 0.650256 2.273263 0.0563126 0.4798852 2.266902 0.04826788 0.3097918 2.198848 0.08059964 0.3381893 2.181484 0.289767 0.3425693 2.144835 0.04737245 0.2436534 2.325136 0.4198488 0.4896998 2.148254 0.2888044 0.3525312 2.280793 0.4224679 0.5314269 2.095909 0.3692817 0.3888238 2.270439 0.1230411 0.004553517 2.30419 0.136287 -0.09073679 2.313653 0.12091 -0.09297507 2.297954 0.1551231 -0.1085164 2.330722 0.07626371 -0.5123287 2.318336 0.2136301 -0.5697033 2.645476 -0.01997776 -0.9065909 2.352528 0.1444305 -0.8669519 2.675122 0.03741276 -0.9424152 2.326063 0.1140083 -0.9150839 2.611387
0.04363291 0.6495903 2.274774 0.05667954 0.479305 2.267978 0.04845019 0.3093659 2.198243 0.07969866 0.337543 2.180454 0.2886398 0.3404297 2.142801 0.04591465 0.2429419 2.32396 0.3883324 0.4775318 2.230077 0.2872977 0.3518791 2.279447 0.4215632 0.5232325 2.263596 0.3677588 0.3881915 2.269037 0.1246452 0.003663746 2.303742 0.1383175 -0.09173742 2.312958 0.1232868 -0.0937839 2.296968 0.156566 -0.1092956 2.330211 0.07694098 -0.5125281 2.317973 0.214535 -0.5705968 2.647469 -0.02006765 -0.9067074 2.352649 0.1451778 -0.8685228 2.673161 0.03705468 -0.9424174 2.32546 0.1131618 -0.9165932 2.610165
0.04331026 0.6490326 2.275663 0.05715147 0.47879 2.268763 0.04856339 0.3086328 2.197506 0.07844808 0.3357832 2.180223 0.2601469 0.3189955 2.111183 0.04438955 0.241286 2.323731 0.3825392 0.4726772 2.227638 0.2857443 0.3502547 2.279113 0.4233366 0.5239044 2.270883 0.3661959 0.3865775 2.268667 0.1259784 0.002470241 2.303389 0.1398475 -0.0930772 2.312463 0.1251915 -0.09511226 2.295799 0.1576561 -0.1104098 2.330175 0.07782864 -0.5136681 2.3177 0.2119363 -0.5761771 2.644247 -0.0200892 -0.9067462 2.352676 0.1376954 -0.873911 2.663919 0.03682024 -0.9425407 2.325154 0.1051871 -0.92194 2.601144
0.04319771 0.6478689 2.276251 0.05751072 0.4777026 2.269548 0.04824349 0.3070038 2.19666 0.07599435 0.3346239 2.178945 0.2596973 0.3181825 2.110325 0.04151521 0.2401579 2.322385 0.3827496 0.4751533 2.235336 0.2604144 0.38994 2.281599 0.4237671 0.5274768 2.281434 0.3333808 0.4398674 2.272431 0.1269544 0.0006936478 2.301964 0.1409467 -0.09504448 2.310553 0.126926 -0.09671461 2.293834 0.1580886 -0.112771 2.328099 0.07824202 -0.5149688 2.317484 0.2163936 -0.5743898 2.646081 -0.01991935 -0.9068113 2.351999 0.1438475 -0.8714755 2.672228 0.03716024 -0.9424176 2.324586 0.1087623 -0.9193707 2.610751
0.04306186 0.6470807 2.276737 0.0574256 0.476973 2.270317 0.0482989 0.3052852 2.195802 0.07219928 0.3325741 2.17676 0.2577694 0.3150517 2.106323 0.03744467 0.2381829 2.320185 0.3780358 0.4783802 2.239064 0.2546694 0.3897022 2.275867 0.4181246 0.532823 2.287738 0.2233121 0.4197102 2.196298 0.1278279 -0.001224462 2.30094 0.1420363 -0.09729919 2.309167 0.128813 -0.09825088 2.292579 0.1582129 -0.115103 2.326545 0.07872229 -0.5162441 2.317294 0.2164063 -0.5740404 2.646286 -0.01995364 -0.9068766 2.352157 0.1443411 -0.8716108 2.670293 0.03667439 -0.9424158 2.323739 0.1032857 -0.9193096 2.61247
0.04278477 0.64578 2.278424 0.0571376 0.4758655 2.272992 0.04685508 0.303002 2.194661 0.06944282 0.330064 2.174742 0.2509561 0.305921 2.091176 0.03458988 0.2357616 2.318197 0.3729743 0.4837161 2.234763 0.26681 0.3613926 2.26752 0.366051 0.5438166 2.263538 0.3442168 0.4032696 2.255055 0.1285796 -0.004141745 2.300369 0.1430149 -0.1008762 2.308037 0.1299275 -0.1008958 2.291949 0.1587903 -0.1187071 2.32484 0.07871622 -0.5186904 2.317356 0.2164467 -0.5752076 2.64746 -0.01997101 -0.9069301 2.352153 0.1443269 -0.8728874 2.670732 0.03664713 -0.9424078 2.323639 0.1002058 -0.9203687 2.615027
0.0421303 0.6429329 2.279504 0.05809875 0.4732679 2.274596 0.04604264 0.299598 2.193516 0.06896746 0.3291774 2.173378 0.2423229 0.2968126 2.076401 0.03406924 0.2349122 2.316843 0.3684205 0.4794766 2.210905 0.2652722 0.3655883 2.279552 0.353832 0.5398114 2.236102 0.3423399 0.409147 2.271549 0.1298806 -0.007092935 2.300542 0.1442596 -0.1036144 2.308127 0.1311229 -0.103723 2.292363 0.1602976 -0.1220511 2.324535 0.0785607 -0.5214004 2.31723 0.2172159 -0.5781024 2.648996 -0.01997459 -0.9069887 2.352057 0.1439159 -0.8756996 2.671011 0.03670999 -0.9424217 2.32362 0.1002284 -0.9231447 2.614934
0.04310894 0.6377474 2.280121 0.05741876 0.4689181 2.279748 0.04436747 0.2943676 2.193443 0.05864046 0.3244148 2.17153 0.2204166 0.2794034 2.053093 0.02363665 0.2302324 2.315018 0.3531914 0.4714086 2.168699 0.2563496 0.3601372 2.310494 0.3557411 0.530502 2.200154 0.2748176 0.4183099 2.282874 0.1326673 -0.01250693 2.301493 0.1477353 -0.1094298 2.308547 0.136224 -0.1083217 2.293029 0.162115 -0.1283098 2.324557 0.07824275 -0.5253366 2.317283 0.2168466 -0.5775812 2.647729 -0.01994623 -0.90699 2.352048 0.1467535 -0.8755035 2.672436 0.03636826 -0.9424421 2.322909 0.09064068 -0.9223467 2.62815
0.04625748 0.6351035 2.280887 0.05760006 0.4664237 2.282102 0.04112314 0.2907471 2.193904 0.0495991 0.3356071 2.162802 0.2070916 0.2703753 2.04443 0.01447566 0.2415199 2.306319 0.3524458 0.4683819 2.134939 0.2483641 0.3624378 2.335251 0.363741 0.5320698 2.152381 0.2668322 0.4206105 2.307632 0.1335075 -0.01286223 2.301886 0.1485851 -0.1095112 2.308879 0.1377482 -0.1093645 2.293619 0.1632779 -0.1293021 2.324883 0.07809749 -0.5261943 2.317305 0.2152625 -0.5747291 2.646624 -0.01995002 -0.9070512 2.352107 0.1474709 -0.8730565 2.672071 0.03656658 -0.942261 2.323066 0.08127123 -0.9189894 2.643576
0.04744722 0.6301903 2.281734 0.05946386 0.4625748 2.286965 0.03649853 0.2887178 2.1948 0.04941756 0.3360358 2.162857 0.2032566 0.2573603 2.028871 0.01429793 0.2419483 2.306374 0.3561121 0.4492977 2.089641 0.2415455 0.3675568 2.35382 0.3627004 0.5141269 2.105189 0.2600136 0.4257294 2.3262 0.1369771 -0.01419555 2.303825 0.1523699 -0.110274 2.31038 0.1405229 -0.1112882 2.294558 0.16949 -0.131306 2.327262 0.07790636 -0.5277661 2.317288 0.2059933 -0.6002048 2.639327 -0.0197646 -0.9066948 2.351039 0.1393927 -0.8973908 2.672364 0.03659758 -0.9418978 2.321691 0.07693768 -0.9437463 2.636942
0.04993324 0.6279854 2.28272 0.06039188 0.4602047 2.28772 0.03465565 0.2882413 2.194328 0.04931965 0.3360917 2.162372 0.18137 0.250851 2.02296 0.01420391 0.2420054 2.30589 0.3421596 0.3645349 2.017996 0.2367256 0.3656285 2.372031 0.3694214 0.4486782 2.037789 0.2551938 0.4238012 2.344411 0.1422189 -0.01596377 2.306182 0.1588458 -0.1115613 2.313132 0.1457205 -0.1133993 2.296086 0.1773437 -0.1330067 2.33136 0.07769671 -0.5291762 2.317062 0.2068282 -0.6035043 2.641824 -0.0197192 -0.9067339 2.351026 0.1397128 -0.9006864 2.674294 0.03647405 -0.9421527 2.321615 0.0795501 -0.9475325 2.635693
0.05419008 0.6246576 2.282271 0.06256829 0.4573686 2.289511 0.0327752 0.2881073 2.193705 0.04962312 0.3359601 2.162326 0.1649724 0.2369091 2.013658 0.01451107 0.2418735 2.305845 0.3249542 0.3645172 1.993995 0.2284935 0.3627573 2.396028 0.3538443 0.4549239 1.994634 0.2469616 0.42093 2.368408 0.1438017 -0.01787478 2.307968 0.1601221 -0.1131487 2.314744 0.1465132 -0.1153677 2.297932 0.178856 -0.1346166 2.332659 0.07741652 -0.5311259 2.316926 0.2071723 -0.604932 2.643491 -0.01972758 -0.9067541 2.351053 0.1385305 -0.9021585 2.673929 0.03652823 -0.9413732 2.32082 0.08058242 -0.9491107 2.632197
0.05648534 0.6212882 2.282658 0.06621678 0.4542948 2.290688 0.03206357 0.2915294 2.189464 0.0516151 0.3351049 2.162053 0.1595612 0.2187101 1.991586 0.01651108 0.2410177 2.305573 0.3271791 0.3154611 1.941023 0.2302256 0.3622279 2.395926 0.3440864 0.3944424 1.936596 0.2486937 0.4204006 2.368306 0.1491687 -0.02170317 2.310501 0.1656654 -0.1169818 2.317491 0.1506373 -0.1182535 2.300181 0.1844968 -0.1376989 2.335298 0.07688404 -0.5333777 2.316951 0.2086856 -0.6165669 2.651958 -0.0196791 -0.90681 2.351001 0.1513034 -0.8528684 2.668935 0.03658174 -0.9415926 2.320966 0.09871314 -0.900197 2.620994
0.06013946 0.6202866 2.282847 0.06811213 0.4532602 2.291086 0.03603306 0.2949797 2.187354 0.05314042 0.334849 2.161749 0.1163315 0.1938247 1.986621 0.01804074 0.2407623 2.30527 0.2914235 0.2583157 1.909856 0.2316076 0.3621305 2.395742 0.3320175 0.3537343 1.887913 0.2500758 0.4203032 2.368122 0.1630268 -0.02062154 2.316406 0.1832782 -0.1148874 2.325266 0.1755839 -0.1124662 2.317214 0.1968868 -0.1355317 2.337063 0.07823264 -0.5236278 2.31574 0.2085963 -0.6164786 2.651563 -0.01966801 -0.9068049 2.350955 0.1509636 -0.8529652 2.669388 0.03665733 -0.9412946 2.320705 0.09924877 -0.9011944 2.621393
0.06277926 0.6199751 2.282284 0.06909615 0.4529963 2.290935 0.04268312 0.2978317 2.186042 0.05420997 0.3349876 2.161124 0.1138932 0.1895509 1.984011 0.0191123 0.2409018 2.304645 0.2858984 0.2378724 1.881241 0.1811831 0.305858 2.492906 0.3256136 0.3329188 1.834705 0.1996512 0.3640307 2.465286 0.1655883 -0.02042426 2.316856 0.1855299 -0.1147123 2.325679 0.177628 -0.1118545 2.317414 0.1983707 -0.135375 2.337032 0.07871167 -0.5226753 2.314717 0.2086246 -0.6166052 2.651538 -0.01965591 -0.9068564 2.35113 0.1508074 -0.8524058 2.669262 0.0364629 -0.9416889 2.320889 0.09332628 -0.90053 2.628226
0.06410179 0.619005 2.281959 0.07192999 0.4522759 2.291251 0.04850057 0.2997447 2.185443 0.05687938 0.3348356 2.160861 0.1085786 0.1786267 1.976768 0.02178519 0.2407508 2.304384 0.2645509 0.1744806 1.843063 0.1834142 0.2987979 2.495092 0.3017277 0.2402939 1.817705 0.2018824 0.3569707 2.467472 0.1698733 -0.02207361 2.317669 0.1896397 -0.116642 2.326411 0.1813595 -0.1130504 2.316928 0.2014997 -0.1366064 2.3381 0.07869377 -0.522938 2.314691 0.2085147 -0.616768 2.651577 -0.01955936 -0.9068646 2.350931 0.1513117 -0.8520543 2.669517 0.03669795 -0.9423366 2.321708 0.0901662 -0.9000456 2.633992
0.06713343 0.6189157 2.282347 0.07340392 0.4521517 2.291744 0.05382028 0.3001311 2.185863 0.05829091 0.3350121 2.161019 0.1011817 0.1714627 1.974522 0.02319845 0.2409279 2.304542 0.2508212 0.1585719 1.833616 0.1782846 0.2918023 2.502128 0.2923364 0.2206039 1.794045 0.22998 0.3087604 2.572418 0.1645226 -0.003566361 2.316921 0.1801983 -0.08981799 2.324647 0.1738678 -0.09177541 2.30341 0.1915087 -0.1129515 2.347399 0.08158187 -0.5115523 2.314286 0.2072512 -0.596626 2.638842 -0.01955139 -0.9068624 2.350947 0.1353719 -0.893319 2.668036 0.03692342 -0.9429086 2.322869 0.06918323 -0.9405408 2.641709
0.07096113 0.618983 2.282475 0.07453229 0.4520968 2.291725 0.05764109 0.3012652 2.184389 0.05947353 0.335181 2.160762 0.08913577 0.1695252 1.981021 0.02438184 0.2410974 2.304285 0.2207753 0.1311374 1.826165 0.1699293 0.2760251 2.511686 0.2686875 0.1729137 1.767891 0.2184451 0.2876677 2.585247 0.1751217 0.01042989 2.314015 0.194539 -0.0746953 2.321146 0.1874397 -0.07419348 2.299444 0.20795 -0.09679706 2.343448 0.08164261 -0.511444 2.314198 0.1955321 -0.5875987 2.623431 -0.01955576 -0.9068826 2.350913 0.1340615 -0.8863858 2.653883 0.03715116 -0.9430375 2.323449 0.06717707 -0.9343675 2.630902
0.07179561 0.6189755 2.282516 0.07585814 0.4521963 2.292091 0.06171637 0.3010735 2.184604 0.06079048 0.3354812 2.160914 0.08003232 0.1713109 1.990172 0.02569967 0.2413981 2.304437 0.1917888 0.1010734 1.830524 0.1678412 0.2800189 2.513437 0.2659102 0.1614718 1.750826 0.2152217 0.2928925 2.587531 0.173367 0.01500525 2.313138 0.1919397 -0.07010176 2.320089 0.1863435 -0.0714533 2.296731 0.2050246 -0.09538686 2.344292 0.08175389 -0.5114104 2.314022 0.1936848 -0.5881253 2.621053 -0.01958832 -0.9069144 2.350914 0.1329952 -0.8868983 2.652414 0.03724846 -0.9423533 2.322794 0.06352643 -0.9342622 2.637096
0.07295527 0.6189849 2.282703 0.07657837 0.4521082 2.291978 0.06403302 0.300916 2.184295 0.0615397 0.3355182 2.160662 0.06570885 0.168209 2.001125 0.02644916 0.2414354 2.304185 0.1778057 0.09961843 1.840957 0.1682316 0.2757136 2.514124 0.2481455 0.1199214 1.739829 0.2154924 0.2871397 2.588531 0.1731942 0.01495167 2.312797 0.1915866 -0.07044959 2.319638 0.1861248 -0.07137258 2.296462 0.2039289 -0.09629858 2.343392 0.08189086 -0.5111692 2.313651 0.1919448 -0.590491 2.617641 -0.01962914 -0.9069425 2.350948 0.1323139 -0.8887197 2.652811 0.03740087 -0.9422798 2.323094 0.0617528 -0.9357228 2.642057
0.07372138 0.6190598 2.282579 0.07721172 0.4522053 2.291939 0.0655389 0.3009579 2.184332 0.06220633 0.3357278 2.16051 0.06542756 0.1679315 2.001274 0.02711608 0.2416454 2.304032 0.1884255 0.08588152 1.811326 0.1580387 0.2678002 2.521574 0.2423763 0.1043067 1.734502 0.387816 0.3273457 2.890503 0.1722337 0.01329995 2.311853 0.189845 -0.07382812 2.318256 0.1850733 -0.07222209 2.296125 0.2008442 -0.101004 2.340598 0.08211719 -0.5111218 2.313213 0.1895908 -0.5961617 2.61321 -0.01991464 -0.9069313 2.350775 0.1305685 -0.8931724 2.654573 0.03739355 -0.9420022 2.323157 0.05930131 -0.9397247 2.64698
0.07425775 0.6188185 2.282503 0.07787268 0.4520289 2.292074 0.06682985 0.3008831 2.183807 0.06282797 0.3356481 2.160546 0.06487383 0.1656279 2.001481 0.02773808 0.2415661 2.304068 0.1855194 0.04602577 1.838413 0.1576833 0.2677138 2.522162 0.2424845 0.09738317 1.732874 0.3878115 0.3267311 2.890519 0.1560379 0.008972006 2.30816 0.1664358 -0.0803519 2.313349 0.1629403 -0.07703324 2.292621 0.1721101 -0.1067744 2.333792 0.082217 -0.5111445 2.313061 0.1350183 -0.5974526 2.611889 -0.01841787 -0.8974668 2.347899 0.1652716 -0.8963186 2.663341 0.03395477 -0.9426249 2.325655 0.09210984 -0.9404882 2.662937
0.07434905 0.6188171 2.282309 0.07808075 0.4520419 2.291919 0.0672228 0.3009646 2.183588 0.06306694 0.3357202 2.160307 0.06473034 0.1634656 2.001699 0.02797713 0.2416385 2.30383 0.1856605 0.04558678 1.838621 0.1578419 0.265837 2.52218 0.2438945 0.06994706 1.751077 0.3878953 0.3232905 2.88978 0.1384762 0.004337452 2.305233 0.1470401 -0.08578747 2.310752 0.1435445 -0.07850289 2.293585 0.1523191 -0.112125 2.327762 0.0822933 -0.5109737 2.312761 0.1128245 -0.6048858 2.602001 -0.01901679 -0.8994331 2.348883 0.1836676 -0.8934273 2.665208 -0.09312941 -0.9417503 2.353388 0.2156529 -0.9064058 2.729126
0.07418767 0.6188421 2.282156 0.07822586 0.4520727 2.291761 0.06746214 0.3007535 2.183485 0.06323496 0.3358054 2.160072 0.06476564 0.1598452 2.002053 0.02814525 0.2417239 2.303594 0.1708601 0.05764948 1.857831 0.1578508 0.2637941 2.522245 0.2443047 0.06237935 1.757783 0.3879914 0.3216727 2.889592 0.1360765 0.003176496 2.304768 0.144873 -0.08703075 2.31041 0.1411574 -0.07951495 2.293877 0.1503925 -0.1132836 2.326894 0.08214763 -0.5112 2.312467 0.1120195 -0.605557 2.602117 -0.01965819 -0.9009904 2.34921 0.1838217 -0.8938587 2.665331 -0.09385808 -0.9430798 2.354363 0.2159306 -0.9061239 2.729327
0.07419465 0.6190041 2.282112 0.07787769 0.4521475 2.291445 0.0674272 0.3007712 2.183484 0.06284118 0.3359505 2.15966 0.06521686 0.1584423 2.003085 0.02775183 0.2418694 2.303182 0.173981 0.05897284 1.858955 0.1643872 0.264343 2.51778 0.2448858 0.05692793 1.771612 0.2068849 0.2955687 2.559095 0.1335023 0.000949854 2.303781 0.1425991 -0.08966422 2.309451 0.1387118 -0.0826053 2.292486 0.1483436 -0.1156766 2.326363 0.08168784 -0.5126612 2.311996 0.1099944 -0.6071138 2.603011 -0.01960697 -0.9013805 2.349295 0.1841796 -0.8945664 2.667008 -0.09384654 -0.9431791 2.356006 0.2167526 -0.9064713 2.730838
0.07323976 0.6189067 2.281374 0.0774824 0.4522553 2.291358 0.06615438 0.3006313 2.183288 0.06241959 0.336114 2.159523 0.05262126 0.1263596 2.001449 0.02733042 0.242033 2.303046 0.1976414 0.07415184 1.865331 0.1690505 0.2664942 2.514308 0.2566854 0.06239976 1.810777 0.22197 0.2941912 2.544647 0.1349961 0.007195704 2.303227 0.1459698 -0.08029567 2.308708 0.1414161 -0.07661185 2.29065 0.1527433 -0.1053438 2.327251 0.08158422 -0.5126563 2.311764 0.123825 -0.5964211 2.605596 -0.01926065 -0.8958062 2.345748 0.1697189 -0.8910773 2.665059 -0.09336869 -0.9382719 2.34863 0.212893 -0.9047774 2.721849
0.07257076 0.6188793 2.280973 0.07675183 0.4523375 2.29133 0.06478094 0.3013225 2.183083 0.06167946 0.3362524 2.159444 0.09098763 0.1431961 1.996104 0.02659049 0.2421717 2.302966 0.2340731 0.09217075 1.857252 0.1772173 0.2699533 2.507957 0.2879126 0.08862305 1.800154 0.2330045 0.2960564 2.534308 0.1372007 0.01051857 2.302387 0.1495078 -0.0762282 2.307578 0.1452684 -0.07258388 2.288587 0.1566176 -0.1012568 2.326823 0.08145864 -0.5129437 2.311451 0.1306396 -0.5934551 2.60355 -0.0196014 -0.8984587 2.346536 0.1655821 -0.8892159 2.664362 -0.09344292 -0.9414825 2.346642 0.0917406 -0.9322397 2.664468
0.07103671 0.6184155 2.280731 0.07545169 0.4519587 2.29135 0.06144452 0.3019614 2.183084 0.06040037 0.3359423 2.159406 0.09434232 0.149175 1.999147 0.02531154 0.2418617 2.302927 0.2474904 0.110864 1.866825 0.1841403 0.2730286 2.501554 0.3314522 0.1369185 1.794685 0.4616412 0.3535649 2.795738 0.1381315 0.01829404 2.30226 0.1512571 -0.06607473 2.307467 0.1464131 -0.06286893 2.288882 0.1594288 -0.08761132 2.326128 0.08073553 -0.5139664 2.31073 0.2001455 -0.5551946 2.639569 -0.01975262 -0.8993942 2.34681 0.1393546 -0.8570651 2.651219 0.03473804 -0.9426222 2.325858 0.06631149 -0.9009238 2.644531
0.06701782 0.6182624 2.280619 0.07312643 0.4518253 2.291125 0.05653134 0.3020821 2.181309 0.05806939 0.3358785 2.159115 0.1022955 0.1560597 2.002103 0.02298076 0.2417982 2.302636 0.3019704 0.1422813 1.869818 0.1983667 0.2783627 2.486853 0.3754324 0.1912419 1.793817 0.2437332 0.3171253 2.517305 0.1394469 0.01637839 2.302386 0.1539266 -0.07010091 2.307737 0.1486455 -0.06870271 2.287234 0.1646776 -0.09478111 2.328921 0.08070624 -0.5138991 2.310469 0.1911542 -0.5673407 2.636615 -0.01973964 -0.9000139 2.34656 0.136696 -0.8699468 2.651869 0.03627081 -0.9427901 2.328958 0.06576419 -0.9147696 2.635647
0.06342301 0.6179194 2.280446 0.06929056 0.4513641 2.290583 0.03684127 0.303981 2.179614 0.05423279 0.3354877 2.158507 0.1080858 0.182349 2.015794 0.01914431 0.2414076 2.302028 0.3231308 0.1701416 1.887883 0.2020015 0.2828651 2.478343 0.4004382 0.2249879 1.829495 0.2538031 0.3252594 2.48105 0.1398962 0.01611525 2.302687 0.1550611 -0.07058533 2.308143 0.1489256 -0.06968448 2.287129 0.1676909 -0.09518158 2.330336 0.08043259 -0.5141599 2.31004 0.1910575 -0.568135 2.637691 -0.01976504 -0.9003503 2.346369 0.1373236 -0.8708698 2.65295 0.03648312 -0.9426333 2.328338 0.0857587 -0.9177258 2.603461
0.05997269 0.6176158 2.279518 0.06667527 0.451183 2.289959 0.02999868 0.2988471 2.179642 0.05161214 0.3353485 2.157841 0.1763311 0.1879795 1.996996 0.01652381 0.2412688 2.301363 0.357373 0.2137282 1.910194 0.2083028 0.2989424 2.46414 0.4221466 0.2685602 1.871534 0.2601396 0.339827 2.475516 0.1412548 0.01606779 2.303475 0.1575156 -0.07070975 2.30953 0.1496355 -0.07041285 2.288074 0.1726581 -0.094882 2.332114 0.080156 -0.5137991 2.309636 0.1924786 -0.568597 2.638582 -0.02008225 -0.9008638 2.346349 0.1369225 -0.8714322 2.650563 0.03652612 -0.9422143 2.327312 0.0906709 -0.9186985 2.596431
0.05605834 0.617527 2.279595 0.06189666 0.4509536 2.289672 0.02680932 0.2962991 2.178597 0.04683801 0.3351627 2.157515 0.1905176 0.1980535 2.000867 0.01174968 0.2410831 2.301036 0.3742244 0.250767 1.939445 0.2042524 0.2985256 2.463098 0.4414976 0.3139182 1.916424 0.2560892 0.3394103 2.474473 0.1408341 0.01705654 2.303845 0.1572361 -0.06940073 2.310028 0.1492949 -0.07072308 2.287156 0.172632 -0.09443502 2.335008 0.08003949 -0.5138524 2.309511 0.1929678 -0.5703426 2.638169 -0.02013075 -0.9008943 2.346302 0.1369138 -0.8727974 2.652378 0.03634826 -0.942013 2.326398 0.09100647 -0.9202541 2.598121
0.05108453 0.6173943 2.279758 0.05789337 0.4510062 2.290331 0.02354391 0.292664 2.180255 0.03838259 0.313484 2.160945 0.1845239 0.1913474 2.000819 0.003294293 0.2194046 2.304466 0.4045235 0.297612 1.977063 0.1962661 0.277 2.465961 0.4420004 0.3415339 1.971635 0.2481028 0.3178845 2.477337 0.1484101 -0.03299462 2.312599 0.1683474 -0.1298596 2.319793 0.1564602 -0.1244755 2.303954 0.1828711 -0.1479556 2.335949 0.07506513 -0.5387794 2.310476 0.1948321 -0.6151599 2.667794 -0.02015927 -0.9013094 2.346146 0.1516478 -0.8549734 2.675111 0.03669848 -0.9420121 2.326468 0.09868482 -0.9027086 2.627997
0.04672471 0.6191375 2.278386 0.05193861 0.4529141 2.289693 0.02275334 0.289789 2.180935 0.03785753 0.3129776 2.160912 0.2437183 0.23615 2.02267 0.002769247 0.2188982 2.304432 0.4116898 0.3390346 2.01606 0.1957642 0.2764439 2.465918 0.4646604 0.4125306 2.018806 0.2476009 0.3173285 2.477293 0.1458185 -0.03251054 2.312343 0.1653642 -0.1294987 2.319633 0.1539634 -0.1241556 2.304041 0.1794645 -0.1479948 2.335535 0.07506713 -0.5389554 2.310308 0.1943421 -0.6149144 2.667085 -0.02039433 -0.9021608 2.346665 0.1515771 -0.854977 2.674923 0.03656064 -0.9423193 2.326167 0.09892468 -0.9028345 2.627585
0.04466251 0.6211139 2.27777 0.04864359 0.4545473 2.288049 0.02134144 0.2841803 2.182865 0.03771218 0.313137 2.160339 0.2476901 0.2468547 2.031593 0.002623916 0.2190577 2.30386 0.4340635 0.396339 2.06463 0.1956196 0.2765449 2.465363 0.4711674 0.4641848 2.074069 0.2474563 0.3174295 2.476739 0.142353 -0.02956052 2.311211 0.1614052 -0.1261658 2.31867 0.1502907 -0.1231417 2.302298 0.1767647 -0.1457427 2.33567 0.07527415 -0.5385783 2.310237 0.1876433 -0.6050671 2.662387 -0.02039538 -0.9024875 2.346677 0.1511303 -0.8539647 2.673825 0.03656574 -0.9428436 2.326588 0.09853303 -0.9018385 2.626443
0.03972311 0.6237185 2.277088 0.04553965 0.4571047 2.287025 0.02151006 0.2837803 2.183145 0.03796507 0.3132018 2.160194 0.2513136 0.2681022 2.047952 0.002876863 0.2191226 2.303715 0.4299724 0.4251486 2.105494 0.2364453 0.3346961 2.346918 0.4597932 0.4881939 2.119032 0.288282 0.3755806 2.358294 0.1399119 -0.02797307 2.309657 0.158916 -0.1247894 2.317059 0.1475957 -0.1220295 2.300882 0.174228 -0.1443885 2.333773 0.07528384 -0.5379041 2.30963 0.1881679 -0.6034487 2.661521 -0.02042975 -0.9026026 2.34663 0.1509476 -0.8539656 2.673688 0.03584796 -0.9434932 2.325714 0.09805883 -0.9018222 2.626615
0.03625302 0.6254554 2.277838 0.04419475 0.458496 2.286285 0.02390033 0.2836396 2.182708 0.03844063 0.3140559 2.160372 0.2518528 0.2809303 2.058241 0.003352452 0.2199768 2.303892 0.4145704 0.4631848 2.151768 0.2483333 0.3190725 2.326198 0.441482 0.5218858 2.1696 0.30017 0.359957 2.337573 0.122748 -0.02251592 2.308292 0.1359114 -0.1183599 2.315823 0.1269505 -0.116805 2.299372 0.1470082 -0.1371476 2.33285 0.07613004 -0.5358063 2.308915 0.189501 -0.5989979 2.654123 -0.0204288 -0.9028212 2.346827 0.1385797 -0.9027903 2.664924 0.03601053 -0.9431433 2.325253 0.08261934 -0.9497275 2.620554
0.03131824 0.6289833 2.278058 0.04322259 0.4615112 2.283811 0.0258901 0.2846066 2.182544 0.04228581 0.3195462 2.16098 0.2670289 0.3019282 2.0769 0.007197656 0.2254671 2.3045 0.4128801 0.4849144 2.191467 0.2305215 0.3642275 2.246788 0.4388462 0.5441387 2.208965 0.2823579 0.4051119 2.258163 0.1054855 -0.01574741 2.309092 0.1155437 -0.1112253 2.317983 0.1013804 -0.1103189 2.302481 0.1316528 -0.1312331 2.334393 0.07734625 -0.5318919 2.308283 0.1877541 -0.5947661 2.651304 -0.02047571 -0.9029057 2.346684 0.1372225 -0.8986083 2.662229 0.03602455 -0.943179 2.325179 0.08414885 -0.9452267 2.614133
0.02990582 0.6329064 2.27769 0.04332727 0.4649542 2.281173 0.02751366 0.2861428 2.18364 0.04604697 0.3229007 2.161576 0.2698792 0.3090575 2.086855 0.01095884 0.2288218 2.305096 0.3964663 0.4914933 2.221204 0.2609794 0.321014 2.301417 0.4157702 0.5477045 2.252117 0.3128158 0.3618983 2.312792 0.1018763 -0.01138455 2.306985 0.1119597 -0.1067646 2.315812 0.09799805 -0.1072327 2.298898 0.1281612 -0.1265148 2.333737 0.07754243 -0.5288473 2.307704 0.185846 -0.590764 2.649366 -0.02078466 -0.9037071 2.347279 0.1372858 -0.8950129 2.659578 0.03622352 -0.9429438 2.325207 0.08623458 -0.9416688 2.609376
0.02727978 0.6356742 2.277359 0.04435411 0.4675017 2.278618 0.03475621 0.2910921 2.183155 0.05419879 0.3269383 2.163747 0.2701965 0.3150618 2.095531 0.01911069 0.2328594 2.307268 0.3943606 0.4921056 2.238263 0.2584499 0.3469163 2.265533 0.4017412 0.5596455 2.297775 0.3102862 0.3878006 2.276909 0.1001821 -0.00972416 2.307002 0.1100261 -0.1050777 2.316133 0.09575023 -0.1053126 2.299946 0.1259798 -0.1240833 2.333386 0.0776699 -0.5271085 2.307311 0.1932053 -0.5866152 2.649621 -0.02079534 -0.9037271 2.347393 0.1360948 -0.8895612 2.658247 0.03591502 -0.9429509 2.324545 0.08982915 -0.9365134 2.603858
0.02598182 0.6372172 2.277006 0.04464233 0.4687682 2.276376 0.03741561 0.2934176 2.183772 0.05598084 0.3267561 2.165569 0.2678341 0.3177458 2.100544 0.02089278 0.2326772 2.309089 0.3864468 0.4867693 2.255974 0.2553218 0.350744 2.248851 0.390879 0.5571054 2.310489 0.3071581 0.3916283 2.260226 0.09567874 -0.005431584 2.307274 0.1043588 -0.09978354 2.317154 0.09127896 -0.1008586 2.299311 0.1185867 -0.1173369 2.336642 0.07845561 -0.5228552 2.306499 0.1940418 -0.5819916 2.648074 -0.02073726 -0.9038045 2.347548 0.1348134 -0.8846196 2.655912 0.0359485 -0.9428025 2.324256 0.08882546 -0.9315618 2.601278
0.02645282 0.6408568 2.275002 0.04618926 0.4717733 2.270916 0.04015314 0.2976553 2.184344 0.05819406 0.3276363 2.166718 0.2670524 0.3229486 2.110734 0.02310602 0.2335576 2.310238 0.3601057 0.4932112 2.280354 0.220553 0.4117494 2.316031 0.3573181 0.5424818 2.32566 0.2407103 0.465232 2.350977 0.09425004 -0.004631898 2.307577 0.1025375 -0.09914348 2.318094 0.08879118 -0.0992212 2.301239 0.1170732 -0.1165956 2.3369 0.07894158 -0.5214132 2.30588 0.1951841 -0.5803793 2.648947 -0.02077804 -0.9038089 2.347502 0.1342965 -0.8827885 2.655781 0.03604156 -0.9425083 2.32404 0.08827436 -0.9298562 2.601285
0.02622912 0.643184 2.274044 0.04639699 0.4739092 2.268773 0.04263925 0.299848 2.184663 0.06097757 0.3282611 2.168216 0.2678838 0.3281179 2.11842 0.02588958 0.2341825 2.311736 0.3561917 0.4985787 2.290195 0.2189758 0.4164213 2.323113 0.3519334 0.5471423 2.336144 0.2391332 0.4699039 2.358058 0.09382461 -0.004307248 2.307472 0.1022402 -0.09904347 2.318138 0.08843073 -0.09890209 2.301473 0.1167443 -0.1163626 2.336708 0.07913466 -0.5211396 2.305309 0.1955879 -0.5796456 2.64929 -0.02082754 -0.9038547 2.347482 0.1339721 -0.881834 2.656787 0.03615832 -0.9421095 2.323697 0.09036462 -0.9291032 2.60051
0.02590708 0.6447692 2.27289 0.04614576 0.4753225 2.266708 0.0441189 0.3021258 2.185072 0.06242879 0.3296162 2.169465 0.268046 0.3292084 2.123882 0.02734081 0.2355376 2.312985 0.353699 0.5006937 2.295958 0.2160122 0.4210967 2.332445 0.3493118 0.5489017 2.342268 0.2361694 0.474579 2.36739 0.09297313 -0.004647041 2.307006 0.1013074 -0.09984233 2.317852 0.08788475 -0.09920668 2.301599 0.1155334 -0.1171819 2.335649 0.07913931 -0.5214604 2.305314 0.1964678 -0.5792703 2.649412 -0.02080192 -0.9038936 2.347504 0.1324912 -0.8811256 2.655456 0.03607107 -0.9424681 2.323967 0.09041983 -0.9285181 2.598123
0.02582045 0.6457928 2.272005 0.04619731 0.4761656 2.264797 0.04594078 0.3036253 2.185718 0.06452589 0.3304747 2.171454 0.2689953 0.3295546 2.128983 0.1129944 0.2761381 2.328526 0.3509053 0.5014652 2.302351 0.2854486 0.4772426 2.345531 0.3477198 0.5512249 2.347091 0.3056058 0.5307248 2.380476 0.09303431 -0.004016895 2.306468 0.1014738 -0.09939304 2.317563 0.08810595 -0.09871461 2.301043 0.1157798 -0.1165882 2.3355 0.07923727 -0.5209458 2.305236 0.1974156 -0.5782071 2.64975 -0.02082423 -0.9040642 2.347507 0.1324342 -0.8799132 2.655171 0.03601665 -0.9429159 2.324352 0.09368551 -0.927533 2.595724
0.02541906 0.6465595 2.271291 0.04549196 0.4767947 2.26354 0.04654144 0.3042389 2.186148 0.06721337 0.3319675 2.172646 0.269558 0.3294589 2.131761 0.1130366 0.2754574 2.32974 0.3494171 0.5015162 2.30588 0.2853767 0.4767605 2.346063 0.3483032 0.552553 2.34926 0.3055339 0.5302426 2.381009 0.09279525 -0.003750774 2.306157 0.1014024 -0.09927601 2.317443 0.08793061 -0.09860201 2.300986 0.1158603 -0.1164978 2.335272 0.07925871 -0.5208349 2.305228 0.198402 -0.5775549 2.650084 -0.02081996 -0.9040707 2.347508 0.1306155 -0.8787652 2.654313 0.03599609 -0.9428615 2.324191 0.09664112 -0.926631 2.592203
0.02486858 0.6468858 2.269444 0.04517682 0.4771909 2.261915 0.04702087 0.3046177 2.18653 0.06907986 0.3330539 2.173112 0.2744227 0.3319648 2.139722 0.2052431 0.3662845 2.285598 0.3518764 0.5067455 2.312324 0.3472413 0.556462 2.36534 0.351272 0.556967 2.356655 0.3673985 0.609944 2.400285 0.09324245 -0.002828877 2.305011 0.1021539 -0.09834033 2.316444 0.08832522 -0.0980276 2.29951 0.1172091 -0.1157745 2.334734 0.07933793 -0.520191 2.305196 0.1991985 -0.5767369 2.649817 -0.02083304 -0.9040792 2.347435 0.1303908 -0.8777595 2.653603 0.0360074 -0.9429824 2.324368 0.09847897 -0.9257378 2.590495
0.02435496 0.6473 2.268446 0.0452025 0.4775569 2.260302 0.04727679 0.3046572 2.186978 0.06898004 0.3326484 2.173388 0.2733598 0.331074 2.139044 0.2041562 0.3642231 2.28722 0.351356 0.5058025 2.311467 0.3482615 0.5575603 2.365774 0.3515908 0.5560101 2.355817 0.3684186 0.6110423 2.400719 0.09338203 -0.002898943 2.304703 0.1023705 -0.09849381 2.316263 0.08864448 -0.09814849 2.299249 0.117356 -0.1158428 2.334625 0.07890853 -0.5202807 2.305244 0.1999704 -0.5765376 2.649926 -0.02087938 -0.9040803 2.347473 0.1301221 -0.8773486 2.653424 0.03591868 -0.942935 2.324221 0.09750424 -0.9253617 2.590704
0.02396262 0.6467789 2.267902 0.04492507 0.4770412 2.259706 0.04737311 0.3046837 2.187255 0.06900344 0.3325823 2.173514 0.270624 0.3294768 2.137341 0.2038172 0.3637065 2.287796 0.3502203 0.5039573 2.309317 0.3489181 0.5392531 2.345598 0.3503885 0.5540631 2.353782 0.3690751 0.5927348 2.380543 0.1125532 -0.004517107 2.2925 0.130922 -0.1005924 2.299792 0.121459 -0.09972006 2.282801 0.1444143 -0.1189359 2.317012 0.07781013 -0.518576 2.305797 0.2024474 -0.5733302 2.646059 -0.02122222 -0.9045783 2.347989 0.1316945 -0.8740163 2.64866 0.0356933 -0.9427559 2.323917 0.09835958 -0.9219236 2.586237
0.02383371 0.6463841 2.267375 0.04470285 0.4765919 2.258941 0.04741042 0.3045057 2.187613 0.06876363 0.3323945 2.1736 0.2695286 0.3287467 2.136146 0.2029652 0.3628687 2.288608 0.3496052 0.5038881 2.307289 0.3563991 0.5625293 2.359539 0.3526585 0.5534019 2.352309 0.3765559 0.6160108 2.394484 0.1208753 -0.0035888 2.292547 0.1390459 -0.09930705 2.30132 0.1286317 -0.09924807 2.283831 0.153154 -0.1171059 2.319464 0.07781257 -0.5173897 2.305708 0.2037039 -0.5740155 2.646342 -0.02113566 -0.9047809 2.348272 0.1317934 -0.8744203 2.649008 0.03579253 -0.9427547 2.32391 0.09837453 -0.9225839 2.586828
0.02355854 0.645999 2.266815 0.04437567 0.4761663 2.25819 0.04738391 0.3044544 2.187681 0.06835522 0.331459 2.174198 0.2684683 0.3270042 2.133425 0.2020905 0.3612362 2.289796 0.3484378 0.5025975 2.304184 0.3563395 0.5627037 2.356185 0.3503033 0.5529579 2.34832 0.3764964 0.6161851 2.39113 0.1100536 -0.00585901 2.29512 0.1203409 -0.1027135 2.306816 0.1063451 -0.1023774 2.289348 0.1356913 -0.1198265 2.32552 0.0779916 -0.5230216 2.306319 0.203773 -0.5773416 2.648503 -0.02113572 -0.9048237 2.348457 0.1302046 -0.8773638 2.650965 0.03573395 -0.9427279 2.323852 0.09692537 -0.9254093 2.58862
0.02318517 0.6454562 2.265906 0.04419694 0.4757474 2.257828 0.04720211 0.304027 2.188075 0.0668049 0.3306395 2.174581 0.2670495 0.3238401 2.128785 0.1999447 0.3599766 2.290829 0.3766321 0.4985811 2.245365 0.358525 0.5637301 2.344147 0.3638584 0.5481469 2.320162 0.3786819 0.6172115 2.379092 0.107188 -0.006912425 2.295724 0.1178831 -0.103603 2.30739 0.1046406 -0.1028146 2.290006 0.1326293 -0.1207119 2.325872 0.07798235 -0.5236053 2.306473 0.2047657 -0.5784258 2.647737 -0.02114742 -0.9048575 2.348465 0.12941 -0.8778803 2.651466 0.03555124 -0.9426585 2.323313 0.09442127 -0.9258778 2.590026
0.02298426 0.6448406 2.265643 0.04385923 0.4751412 2.257704 0.04540266 0.3030525 2.188308 0.0664377 0.3306873 2.174098 0.266033 0.320589 2.122157 0.1995375 0.360046 2.29038 0.3761567 0.496854 2.247917 0.3617103 0.5658544 2.325234 0.3665244 0.5589426 2.313237 0.3818672 0.6193357 2.360179 0.1055995 -0.007023722 2.295954 0.1165388 -0.1035318 2.307537 0.1027041 -0.1032985 2.289697 0.1318404 -0.1209801 2.326383 0.07767078 -0.5241196 2.307123 0.2060925 -0.5790788 2.647257 -0.02114665 -0.9048619 2.348463 0.1280905 -0.8778898 2.650632 0.03566816 -0.9422316 2.322932 0.09341148 -0.9258886 2.589018
0.02262147 0.6437919 2.265316 0.0435519 0.474132 2.257551 0.04472224 0.3018117 2.187952 0.06594586 0.3304542 2.173618 0.2663205 0.3171508 2.114957 0.1989918 0.3597203 2.289968 0.3775556 0.4961222 2.247147 0.411706 0.5139033 2.231096 0.3677167 0.5613708 2.301221 0.4318629 0.5673845 2.266041 0.1043372 -0.007518456 2.296933 0.1153824 -0.1038524 2.308598 0.101462 -0.1037621 2.290621 0.1308667 -0.1216048 2.327743 0.07732764 -0.524682 2.307398 0.2081898 -0.5805025 2.646818 -0.02121418 -0.9048633 2.34841 0.1260785 -0.8782893 2.64938 0.03514878 -0.9423019 2.321995 0.09172161 -0.92633 2.587619
0.02740994 0.5972105 2.267907 0.04790843 0.4066121 2.259886 0.0410312 0.2964278 2.188483 0.06061026 0.3290741 2.172585 0.2634556 0.3094532 2.10095 0.1933519 0.3581968 2.289248 0.3854076 0.4916106 2.238803 0.3798027 0.5464987 2.246363 0.3742062 0.5564424 2.251414 0.3999595 0.5999798 2.281308 0.1023055 -0.01755618 2.294268 0.1137753 -0.1078654 2.30607 0.1011478 -0.1065347 2.289591 0.1273589 -0.1288178 2.322557 0.07731557 -0.5273694 2.307762 0.2104382 -0.5830081 2.64667 -0.02133784 -0.9051608 2.348834 0.1243172 -0.8796647 2.649183 0.03499011 -0.9422848 2.321905 0.08598979 -0.9276089 2.589726
0.01973763 0.6242449 2.263308 0.0356904 0.4585409 2.274032 0.03918878 0.2930917 2.188042 0.05451264 0.3222435 2.171904 0.2595044 0.3007876 2.085317 0.1872208 0.3512191 2.288626 0.3808932 0.4905228 2.204509 0.3733339 0.5374728 2.233286 0.3785487 0.5502594 2.234736 0.3934906 0.5909536 2.268231 0.1042546 -0.01970642 2.298402 0.1173419 -0.1129243 2.310372 0.104753 -0.1109021 2.293366 0.1311173 -0.132543 2.327361 0.07625681 -0.5316681 2.308416 0.2185357 -0.5901456 2.645716 -0.0213247 -0.9052594 2.348925 0.1151729 -0.8815949 2.644387 0.03534739 -0.9425661 2.32299 0.06883162 -0.92895 2.590418
0.01859054 0.6242697 2.26384 0.03562636 0.4585237 2.274064 0.0363613 0.2894681 2.188362 0.05058356 0.3187456 2.171026 0.2523387 0.2872441 2.066095 0.183303 0.3477274 2.287737 0.383325 0.4806127 2.155729 0.4276251 0.4353361 2.335517 0.3842867 0.545074 2.173934 0.4511962 0.4937477 2.312711 0.106594 -0.02335942 2.301554 0.1211196 -0.1191715 2.313357 0.1086619 -0.116655 2.297056 0.1350234 -0.1379556 2.329815 0.07517804 -0.5372503 2.30901 0.2113436 -0.5877973 2.661268 -0.02132541 -0.9052859 2.348989 0.1296227 -0.8863404 2.655988 0.03532386 -0.9425874 2.322996 0.08014094 -0.9337447 2.604929
0.01886654 0.6236041 2.264045 0.03580674 0.458044 2.274917 0.03387168 0.2869253 2.189285 0.04830544 0.3163886 2.169657 0.2295386 0.2729114 2.049638 0.181035 0.3453779 2.286355 0.3888672 0.4725437 2.112894 0.4141874 0.4321982 2.368985 0.3944022 0.5388525 2.120649 0.4377585 0.4906098 2.346179 0.1144353 -0.02725187 2.303701 0.1315585 -0.1244449 2.314221 0.1200153 -0.1218397 2.298713 0.1456296 -0.1431195 2.330147 0.07368536 -0.5412827 2.309495 0.212528 -0.5910858 2.665971 -0.0214 -0.9052084 2.348882 0.1326073 -0.890275 2.658253 0.03529543 -0.9425235 2.32301 0.08075997 -0.9378753 2.60979
0.02027781 0.6217812 2.264484 0.03700951 0.456422 2.276081 0.03066153 0.285155 2.189683 0.04356608 0.3127229 2.169803 0.2205582 0.2659357 2.040457 0.1763085 0.3417319 2.286485 0.3688692 0.3943975 2.04568 0.405886 0.4274521 2.378288 0.3955303 0.4790997 2.06382 0.429457 0.4858637 2.355482 0.1206163 -0.0300083 2.305241 0.1381513 -0.1271945 2.315112 0.1270191 -0.1236017 2.300007 0.1514794 -0.1456205 2.330654 0.07280848 -0.5421618 2.309667 0.2133695 -0.5924007 2.668913 -0.02138097 -0.9051989 2.348871 0.1336914 -0.8917184 2.660116 0.03547288 -0.9421744 2.32286 0.07929775 -0.9393713 2.614585
0.02116108 0.6169956 2.265656 0.04075335 0.4525457 2.279139 0.02600073 0.2825454 2.191269 0.03972957 0.3094238 2.168767 0.1762403 0.2406286 2.023177 0.1724776 0.3384413 2.285441 0.3504305 0.3363629 2.001905 0.4018343 0.4251325 2.376927 0.3819278 0.4210887 2.008525 0.4254053 0.4835441 2.354121 0.1281027 -0.03091185 2.306458 0.1461884 -0.127466 2.315591 0.1351896 -0.1241327 2.300021 0.1599233 -0.1455503 2.331635 0.07265118 -0.541533 2.309615 0.2128976 -0.5900905 2.674164 -0.02126868 -0.9052217 2.348777 0.1371091 -0.8905193 2.663476 0.03559245 -0.9422992 2.322929 0.08073705 -0.9381763 2.620424
0.02674913 0.6089106 2.265767 0.04820869 0.4463677 2.284194 0.02088835 0.2811243 2.193664 0.03511125 0.3157823 2.166078 0.1764148 0.2391266 2.02065 0.1678622 0.3448207 2.282745 0.3525563 0.3209561 1.967838 0.396917 0.4318874 2.374577 0.3943079 0.4319985 1.955654 0.4204881 0.4902991 2.351771 0.1330807 -0.03020577 2.307852 0.1508063 -0.125852 2.316403 0.1385123 -0.1243276 2.300105 0.1667153 -0.1445615 2.333511 0.07246744 -0.541195 2.309556 0.2122169 -0.5897888 2.676214 -0.02117304 -0.9050502 2.348402 0.1378433 -0.8906128 2.664675 0.03561001 -0.9425212 2.322953 0.07881476 -0.9379231 2.624928
0.02843054 0.605576 2.265558 0.05147951 0.4435537 2.284828 0.0201673 0.2812433 2.191903 0.03394504 0.3147528 2.166297 0.1743798 0.2099426 1.994053 0.1666981 0.3437921 2.282962 0.3507413 0.277804 1.924807 0.3957317 0.4310356 2.374693 0.3890935 0.3778108 1.90408 0.4193028 0.4894473 2.351887 0.1352761 -0.03213153 2.30789 0.1525185 -0.1274376 2.316223 0.140797 -0.1254808 2.300044 0.1674997 -0.1457175 2.333206 0.07212973 -0.5419182 2.309602 0.2108527 -0.5900574 2.677283 -0.02107373 -0.9050593 2.348346 0.1374425 -0.8909911 2.668167 0.03566948 -0.9425809 2.322882 0.07916141 -0.9382651 2.62729
0.03078307 0.6038998 2.26465 0.05605159 0.4397475 2.28553 0.01949653 0.2851517 2.189043 0.03394353 0.3130874 2.16658 0.1167384 0.1904194 1.995182 0.166698 0.3421275 2.283242 0.3256332 0.2455558 1.887658 0.2796386 0.360659 2.510784 0.3790928 0.3444872 1.851697 0.3172854 0.3668362 2.591059 0.1386176 -0.03540171 2.309302 0.1553797 -0.1304479 2.317558 0.1434049 -0.1272343 2.301727 0.1692749 -0.1473286 2.333713 0.07160997 -0.5432351 2.309551 0.2106819 -0.5900608 2.680008 -0.02104757 -0.9050108 2.34797 0.1381881 -0.8912981 2.669372 0.03591476 -0.9431247 2.323915 0.08234669 -0.9386675 2.625323
0.03539375 0.6033852 2.262601 0.05781356 0.4386951 2.284878 0.02059569 0.2905488 2.187971 0.03392454 0.3124353 2.166183 0.1152906 0.1837185 1.989068 0.1666801 0.3414746 2.282844 0.3030295 0.2083302 1.859246 0.2914564 0.3621595 2.504291 0.3605409 0.2842345 1.800898 0.3330486 0.3690544 2.582534 0.1437336 -0.03761131 2.308192 0.1612227 -0.1329085 2.316265 0.1508206 -0.1274066 2.302441 0.1733287 -0.1490455 2.330717 0.07133272 -0.5420485 2.309433 0.2100489 -0.5898481 2.679882 -0.02099045 -0.9050022 2.347948 0.137479 -0.8909759 2.670927 0.03597654 -0.9431528 2.323963 0.07969674 -0.9383721 2.629488
0.03954142 0.603516 2.262925 0.05867713 0.4381849 2.284439 0.02952215 0.2940426 2.187194 0.03381532 0.3120039 2.165833 0.1023001 0.1880236 1.993811 0.1665716 0.3410428 2.282493 0.2788173 0.1640534 1.844398 0.2861054 0.3527379 2.507264 0.3421492 0.236026 1.75959 0.32595 0.3566363 2.586615 0.1494972 -0.03888159 2.308003 0.1682985 -0.134321 2.316179 0.1632082 -0.1267088 2.305096 0.17702 -0.1506521 2.328908 0.07153044 -0.5389748 2.308837 0.2101594 -0.5900231 2.680152 -0.02079418 -0.9049739 2.348191 0.1364914 -0.8908513 2.671759 0.03600728 -0.9431762 2.323899 0.06775808 -0.9374675 2.651634
0.04239247 0.6033511 2.261777 0.06110884 0.4364583 2.283974 0.03648557 0.2955948 2.184268 0.05206473 0.3255226 2.156552 0.0975674 0.1589269 1.972264 0.1848267 0.3545645 2.273206 0.2439545 0.1331496 1.829574 0.2895217 0.3528191 2.505138 0.307991 0.1730001 1.753182 0.3502769 0.3798915 2.513111 0.1531323 -0.03387091 2.30676 0.1723706 -0.1265736 2.314463 0.164306 -0.1233082 2.305611 0.1842195 -0.1442014 2.323696 0.07232859 -0.5355402 2.308553 0.2097761 -0.5840129 2.67502 -0.02080841 -0.904987 2.348197 0.1363975 -0.8848586 2.667507 0.03599619 -0.9431667 2.323876 0.0783922 -0.9326253 2.626812
0.04479362 0.602881 2.259962 0.06291155 0.4355547 2.282909 0.04493381 0.2954822 2.179851 0.05442441 0.3273637 2.154529 0.09474462 0.1546979 1.969494 0.187186 0.356405 2.271183 0.232648 0.1095081 1.822869 0.2804063 0.3479141 2.507564 0.2573847 0.1006422 1.794207 0.4532136 0.354225 2.872378 0.144244 -0.005916532 2.300615 0.1571636 -0.08669131 2.306599 0.1486873 -0.08803802 2.287047 0.1707788 -0.1106518 2.32659 0.07655175 -0.5169939 2.307608 0.2077931 -0.5637798 2.660193 -0.02096324 -0.9047539 2.347896 0.1337939 -0.8644515 2.653028 0.03589265 -0.9431618 2.32406 0.07051872 -0.9112464 2.61973
0.0467564 0.6023901 2.258517 0.06424487 0.4344994 2.281389 0.04722646 0.295621 2.178109 0.05576312 0.3281183 2.152596 0.08627336 0.1566772 1.973041 0.1885243 0.3571594 2.269249 0.2128645 0.08693216 1.825782 0.2765769 0.3467665 2.507428 0.263211 0.08577045 1.729243 0.3318415 0.3664219 2.539788 0.1436632 -0.00657077 2.299479 0.1566415 -0.08954446 2.30511 0.1482621 -0.08892108 2.286529 0.1699006 -0.1129921 2.324489 0.07664949 -0.5168855 2.307135 0.2035379 -0.5697496 2.653649 -0.02091303 -0.9047673 2.347906 0.1304849 -0.8704821 2.649021 0.03592255 -0.9431894 2.324045 0.06600721 -0.9170546 2.617782
0.04765686 0.6021267 2.257447 0.06468809 0.4345844 2.281098 0.04974634 0.2963985 2.176953 0.1659161 0.2807955 2.264387 0.08020315 0.1523541 1.973141 0.298677 0.3098359 2.38104 0.1937739 0.06608932 1.823846 0.3452437 0.3160249 2.630221 0.2488596 0.06476721 1.734802 0.3903941 0.3291779 2.67793 0.1302895 -0.002963906 2.295542 0.1405895 -0.08800124 2.301049 0.100073 -0.09511624 2.28066 0.167623 -0.1189439 2.32134 0.0765776 -0.516984 2.306879 0.2012195 -0.5744765 2.652131 -0.02010109 -0.8962847 2.343681 0.1293033 -0.875403 2.648592 0.03265387 -0.9430696 2.326247 0.2008312 -0.9003565 2.711188
0.04865668 0.6020817 2.256559 0.06486578 0.4346368 2.280666 0.05248908 0.296486 2.176193 0.1658044 0.2807846 2.264279 0.07154126 0.1485604 1.977377 0.298565 0.309825 2.380932 0.1827999 0.05064464 1.834197 0.3429593 0.3122037 2.630551 0.2421357 0.0515696 1.723353 0.3932926 0.3301415 2.670955 0.127383 -0.005822361 2.293566 0.1373304 -0.09299403 2.298774 0.100473 -0.1005695 2.279996 0.1674957 -0.1283487 2.316653 0.07689458 -0.5206817 2.306809 0.1979918 -0.5810916 2.651391 -0.02088983 -0.8999406 2.346458 0.1297197 -0.8825943 2.651226 0.03378346 -0.9429888 2.325636 0.2037576 -0.9011994 2.713108
0.04941406 0.6018323 2.255991 0.0651095 0.4346297 2.280529 0.05365045 0.2967716 2.175286 0.1621734 0.3352008 2.304178 0.06752749 0.1476048 1.980948 0.2949338 0.3642411 2.42083 0.1794058 0.04250265 1.836355 0.3433317 0.3354538 2.668167 0.2400559 0.04424351 1.716702 0.3940407 0.3523352 2.708556 0.1254876 -0.005916572 2.29231 0.1354529 -0.09330094 2.297465 0.1002928 -0.1008118 2.279659 0.1668012 -0.1297647 2.315014 0.07697126 -0.520931 2.306544 0.1922073 -0.5897547 2.640535 -0.02090259 -0.9005297 2.346528 0.1261582 -0.8908654 2.649186 0.03415873 -0.942999 2.325542 0.196191 -0.9003764 2.704885
0.05018316 0.6011133 2.255025 0.0651712 0.43457 2.280542 0.05443525 0.2965917 2.174222 0.1620856 0.3351237 2.304293 0.06585847 0.1472603 1.9827 0.2948458 0.364164 2.420945 0.1625762 0.02832452 1.845567 0.3433989 0.3353087 2.668245 0.2379413 0.03588868 1.720624 0.3949645 0.3438942 2.710137 0.1247432 -0.00582138 2.291677 0.1348347 -0.09324934 2.296779 0.100356 -0.1009108 2.279584 0.1667098 -0.1301421 2.313498 0.07742151 -0.5210725 2.306244 0.1917409 -0.5915172 2.637157 -0.02084215 -0.900975 2.346679 0.1253752 -0.8925079 2.646238 0.03508155 -0.9430363 2.327206 0.1900991 -0.9011232 2.71968
0.05032182 0.6008849 2.254869 0.06523589 0.4341246 2.279984 0.0509233 0.2989448 2.169021 0.1618401 0.334742 2.303969 0.06497994 0.1468136 1.984872 0.2946001 0.3637822 2.420621 0.1717533 0.03271647 1.847691 0.3436375 0.335244 2.667865 0.2388685 0.0348034 1.734058 0.3951328 0.3432901 2.70995 0.1233318 -0.005364668 2.290201 0.1334939 -0.09268108 2.29527 0.09987925 -0.1011623 2.278971 0.1666339 -0.1303146 2.311707 0.07798794 -0.5213485 2.305952 0.1908494 -0.5921966 2.63473 -0.02036094 -0.8972558 2.345802 0.1258695 -0.8933489 2.644991 0.03365996 -0.9431101 2.329835 0.1904335 -0.901132 2.718666
0.05024818 0.6003257 2.254611 0.06520348 0.4340566 2.279942 0.04880372 0.2987205 2.166974 0.1615924 0.3346234 2.303995 0.06500421 0.1466113 1.986023 0.2943521 0.3636636 2.420647 0.1689751 0.03174409 1.850945 0.3427192 0.3333471 2.667814 0.2397523 0.03168643 1.745104 0.3935978 0.349789 2.708172 0.1228573 -0.004621113 2.289331 0.1331566 -0.0917618 2.294214 0.09984498 -0.1012141 2.27839 0.1673236 -0.1297635 2.310349 0.07827827 -0.5213808 2.305743 0.1909281 -0.5914089 2.633738 -0.02065811 -0.8993756 2.346494 0.1271982 -0.892846 2.643847 0.03449399 -0.9434327 2.329376 0.1964088 -0.9007221 2.713165
0.04975509 0.5999537 2.254729 0.06492268 0.4337749 2.279543 0.04974168 0.2975292 2.167494 0.1562499 0.2800781 2.250916 0.0658848 0.1490692 1.989903 0.2890093 0.3091183 2.367567 0.170272 0.03589505 1.853603 0.3381359 0.3079528 2.616348 0.2428986 0.03089287 1.745941 0.3923799 0.3257005 2.651424 0.1224909 -0.006816342 2.288009 0.1331292 -0.09480841 2.292621 0.1009266 -0.1043757 2.277211 0.1675697 -0.1323564 2.308242 0.07861885 -0.5244131 2.305485 0.1915341 -0.5921855 2.634081 -0.01965161 -0.8932935 2.343781 0.1288917 -0.8936807 2.645575 0.03199182 -0.9426191 2.330525 0.2002391 -0.9017419 2.712669
0.04870095 0.5987852 2.254534 0.06457227 0.433248 2.279126 0.04728656 0.2986475 2.166465 0.1562309 0.2800031 2.250915 0.07367077 0.1425413 1.985167 0.2889902 0.3090432 2.367565 0.1893136 0.0420952 1.847886 0.3414993 0.308704 2.615692 0.2556325 0.04108194 1.757304 0.393364 0.3269132 2.653982 0.1227134 -0.007582323 2.286937 0.1337944 -0.09568182 2.291254 0.1019886 -0.1067491 2.275512 0.1696869 -0.1338865 2.306045 0.07897805 -0.5265871 2.305382 0.1920633 -0.5924131 2.633751 -0.01750363 -0.8667042 2.335956 0.1288626 -0.8936549 2.646321 0.02576071 -0.9371291 2.336075 0.2018249 -0.9014336 2.71169
0.04607287 0.5971124 2.253276 0.06410754 0.4317682 2.278074 0.0472547 0.2982712 2.166769 0.156185 0.2792873 2.250603 0.07779275 0.1410359 1.983922 0.288944 0.3083274 2.367254 0.2238673 0.07373081 1.84867 0.3478372 0.3117759 2.613993 0.2929761 0.085123 1.746467 0.4059111 0.3340719 2.638853 0.1254048 -0.008024603 2.286022 0.1382495 -0.09588076 2.290207 0.1080064 -0.1081155 2.274543 0.1752954 -0.1331162 2.304976 0.07940328 -0.5275422 2.30506 0.1982031 -0.5896081 2.635364 -0.01987041 -0.8984384 2.344369 0.1318905 -0.8904401 2.645853 0.03510369 -0.9447349 2.333868 0.1965446 -0.903425 2.718711
0.0427305 0.5966456 2.253325 0.06343118 0.430303 2.277403 0.04683498 0.2978067 2.166787 0.1657124 0.2558804 2.255707 0.08177008 0.1415769 1.983272 0.298471 0.2849203 2.372357 0.2432545 0.09151422 1.84204 0.3653529 0.3081943 2.616128 0.3259181 0.1153739 1.737294 0.4226421 0.3400994 2.62983 0.127352 -0.007935021 2.285603 0.1412538 -0.09536879 2.289798 0.1103983 -0.1094073 2.274209 0.181539 -0.1334712 2.304664 0.08023457 -0.5287215 2.304753 0.2055709 -0.58752 2.638197 -0.01995774 -0.9012045 2.346583 0.1337618 -0.8871435 2.64822 0.03629506 -0.9451724 2.333233 0.205644 -0.9004616 2.713891
0.04091577 0.59626 2.252561 0.06154979 0.4294959 2.276705 0.03972379 0.2958728 2.169431 0.1654853 0.2611053 2.260776 0.08971345 0.1457497 1.983306 0.2784958 0.2915078 2.434851 0.2622333 0.1259745 1.848993 0.3964216 0.3241085 2.658469 0.3493738 0.160724 1.762133 0.4497336 0.3377509 2.730485 0.1307188 -0.0057024 2.285691 0.1467313 -0.09172027 2.290355 0.113471 -0.1090385 2.274138 0.1910405 -0.1294348 2.306757 0.08073899 -0.5281824 2.304462 0.2136698 -0.5840927 2.639585 -0.0200374 -0.9015571 2.346708 0.134056 -0.8820412 2.647005 0.03671805 -0.9437507 2.330146 0.2015396 -0.8997155 2.716219
0.03600639 0.5946063 2.252001 0.06040572 0.4277028 2.275945 0.03476573 0.2946863 2.170911 0.1620375 0.2723522 2.264032 0.09471074 0.1524839 1.985351 0.2788293 0.3049376 2.435577 0.302412 0.1686863 1.854815 0.4021116 0.3364017 2.656606 0.3680014 0.2095819 1.791167 0.4563001 0.3539366 2.727109 0.1339049 -0.004203961 2.285772 0.1508914 -0.08940767 2.290755 0.1169909 -0.1090312 2.272328 0.197615 -0.1266267 2.310577 0.08133475 -0.5277746 2.304179 0.2166309 -0.5831841 2.641114 -0.01991196 -0.9020381 2.347019 0.1351108 -0.8807662 2.647176 0.03692856 -0.9437997 2.329673 0.2029271 -0.8998606 2.715684
0.03372601 0.5942096 2.251717 0.05919911 0.4270956 2.275899 0.008120487 0.2643594 2.191443 0.1597879 0.2772602 2.266024 0.1007547 0.1639636 1.989973 0.2925457 0.3063 2.382674 0.3138346 0.1964069 1.869431 0.417309 0.3607222 2.598657 0.3915161 0.2594006 1.819232 0.473737 0.3901998 2.619506 0.1343602 -0.003997821 2.285931 0.1513375 -0.08919919 2.290957 0.1166853 -0.1098429 2.273162 0.2001417 -0.1267505 2.31004 0.08177528 -0.528765 2.30392 0.2169703 -0.5830576 2.641021 -0.01997549 -0.9027897 2.347723 0.1353684 -0.8806055 2.647188 0.03719416 -0.9432397 2.328457 0.2028635 -0.9000725 2.715908
0.02916414 0.593784 2.252903 0.0571647 0.4270581 2.276207 0.007942637 0.264217 2.191368 0.01889968 0.304741 2.171344 0.1514673 0.1636747 1.964342 0.1516573 0.3337807 2.287993 0.3493125 0.2502538 1.891983 0.2558024 0.3399104 2.520081 0.4040237 0.3042971 1.856789 0.3122303 0.369388 2.54093 0.1386265 -0.004733743 2.28758 0.1572446 -0.0906926 2.293319 0.1529047 -0.09757282 2.275642 0.1925258 -0.1219584 2.314166 0.08290536 -0.5202549 2.302943 0.2169424 -0.580786 2.641321 -0.0201963 -0.9036632 2.348528 0.1350937 -0.8783976 2.646246 0.03729851 -0.9431351 2.32823 0.08063991 -0.9257225 2.600451
0.02743793 0.5945534 2.25328 0.05520657 0.4273448 2.27706 0.007883411 0.2624265 2.190516 0.02026535 0.3051454 2.164833 0.1854343 0.2152323 1.986055 0.1530228 0.3341851 2.281482 0.364175 0.2798473 1.920675 0.2571678 0.3403148 2.513569 0.4140859 0.3502822 1.903705 0.3135956 0.3697923 2.534418 0.1480625 -0.03937733 2.294341 0.169843 -0.1400438 2.301597 0.1564122 -0.1394741 2.285468 0.1890028 -0.1525421 2.316636 0.07685807 -0.5532579 2.305461 0.2169641 -0.5991398 2.659421 -0.02010844 -0.9038327 2.348379 0.1393206 -0.8979478 2.663644 0.03746427 -0.9433227 2.328338 0.08240312 -0.9456505 2.621372
0.0266299 0.5947692 2.253652 0.0529187 0.4282492 2.278344 0.006699599 0.2650457 2.187222 0.02074103 0.3026336 2.161898 0.1565705 0.186171 1.984661 0.1534981 0.3316733 2.278547 0.3734539 0.3306876 1.957507 0.257643 0.337803 2.510634 0.4332179 0.4244783 1.945763 0.3140707 0.3672805 2.531483 0.1478908 -0.03956576 2.294394 0.1693668 -0.1396706 2.301488 0.1560418 -0.1390235 2.285276 0.1877969 -0.1526766 2.31679 0.07700475 -0.5528965 2.305389 0.2170628 -0.5977965 2.661316 -0.02014476 -0.9039651 2.348241 0.1409451 -0.8969204 2.666281 0.03752855 -0.9433584 2.3283 0.08495834 -0.9446727 2.622838
0.02483327 0.5951163 2.254482 0.05043276 0.4303172 2.278893 0.006720937 0.2650178 2.186712 0.01980494 0.3062854 2.156347 0.2212437 0.2533002 2.003793 0.1525618 0.335325 2.272996 0.3827604 0.3734116 1.991724 0.2567067 0.3414547 2.505083 0.431832 0.4495808 1.993901 0.3131343 0.3709322 2.525932 0.1464123 -0.03813579 2.29459 0.1662507 -0.1353235 2.301491 0.1541573 -0.1363537 2.284299 0.1844964 -0.1513813 2.31817 0.07806691 -0.5507214 2.305109 0.2175747 -0.597222 2.661463 -0.0200387 -0.9036461 2.348306 0.1410562 -0.8962888 2.665987 0.03826313 -0.9412397 2.326782 0.08098298 -0.943868 2.628179
