0.09323428 0.7519811 2.459326 0.0592954 0.5725735 2.434411 -0.002816521 0.4076972 2.285367 0.2178157 0.4987386 2.631566 0.2263418 0.3673092 2.181007 0.3766314 0.3561453 2.573088 0.3537881 0.5342669 2.276058 0.3595774 0.5233082 2.320812 0.3486133 0.5910896 2.22875 0.3538927 0.5790292 2.241206 0.07204748 0.1545436 2.445811 0.1132537 0.07501911 2.424014 0.05629623 0.01341033 2.394003 0.1796154 0.01689201 2.449526 0.05283186 -0.4767035 2.415017 0.1516874 -0.4451559 2.698631 -0.007842626 -0.8708786 2.432709 0.1048907 -0.8153247 2.729444 0.06421468 -0.9402958 2.412775 0.166116 -0.8673929 2.810706
0.07952901 0.7555254 2.461549 0.0585139 0.5739717 2.434556 0.000417731 0.4052114 2.2857 0.2170342 0.5001369 2.631712 0.227863 0.3670836 2.181058 0.3748176 0.356892 2.571196 0.3538263 0.5340641 2.276364 0.3574673 0.522966 2.318206 0.3475353 0.590077 2.228231 0.3516839 0.578324 2.238361 0.07193027 0.1533694 2.445413 0.1136344 0.07337689 2.423825 0.05710066 0.01291564 2.394136 0.1797513 0.01673 2.449176 0.05289434 -0.4767633 2.414983 0.153121 -0.4444345 2.698446 -0.008265297 -0.8717338 2.43307 0.1070125 -0.8232318 2.732229 0.06419599 -0.940389 2.412668 0.1682567 -0.8730667 2.81489
0.07971959 0.7561166 2.461342 0.05782056 0.5747094 2.435178 0.001602631 0.4036311 2.28621 0.2163408 0.5008745 2.632333 0.2285816 0.366552 2.18064 0.3735131 0.3572292 2.570781 0.3536915 0.5325672 2.2772 0.3569123 0.5228187 2.317425 0.3435766 0.586764 2.227657 0.3513787 0.5780151 2.237458 0.07211095 0.1525326 2.44545 0.1142447 0.07237293 2.423981 0.05869709 0.01245029 2.395092 0.1801272 0.01669811 2.44872 0.0528959 -0.4767393 2.415021 0.1545699 -0.4443901 2.698615 -0.008275944 -0.8714173 2.432538 0.1060847 -0.81985 2.73173 0.0643183 -0.9406286 2.411974 0.1632265 -0.8782905 2.811663
0.07941207 0.7565348 2.462158 0.05699481 0.575114 2.435207 0.00401348 0.400333 2.285811 0.215515 0.5012789 2.632363 0.2288684 0.3663104 2.180315 0.3719265 0.3571155 2.569643 0.3523598 0.5321876 2.277314 0.355923 0.5238132 2.317038 0.3460821 0.5886101 2.229654 0.3505885 0.5793791 2.237322 0.07258325 0.1503174 2.445388 0.1155352 0.06959865 2.424253 0.06089244 0.01049613 2.395944 0.18083 0.01608321 2.448449 0.05291246 -0.4766901 2.415085 0.1559 -0.4437628 2.698626 -0.007879119 -0.8693103 2.431346 0.1058464 -0.8190802 2.732184 0.06370123 -0.9403293 2.412459 0.1624424 -0.877097 2.812828
0.079114 0.7569623 2.46221 0.05681032 0.5755276 2.435541 0.004554366 0.3997638 2.285936 0.2153305 0.5016926 2.632696 0.2289074 0.365947 2.179761 0.37148 0.3573737 2.56955 0.3577988 0.531673 2.285161 0.3557407 0.5248374 2.317485 0.3457226 0.5840877 2.234155 0.3504943 0.5806587 2.23795 0.07241088 0.1490846 2.445621 0.1154561 0.06814508 2.424562 0.06109918 0.009870544 2.39571 0.1807102 0.01428942 2.449286 0.05293395 -0.4765655 2.415079 0.1570952 -0.4463982 2.69879 -0.00779836 -0.8691447 2.431419 0.1056174 -0.8187637 2.732214 0.0637134 -0.9402703 2.412559 0.1511161 -0.90439 2.750751
0.07696232 0.7576785 2.463785 0.05646641 0.5759102 2.435624 0.004579032 0.4013375 2.284815 0.2149866 0.5020752 2.63278 0.2294593 0.3654895 2.179165 0.3708466 0.3575887 2.569149 0.3612593 0.5314589 2.289147 0.3553677 0.5255395 2.317432 0.349175 0.5874586 2.242105 0.350208 0.5815231 2.238013 0.07217535 0.1486616 2.445476 0.1153244 0.067739 2.424506 0.06092592 0.009605494 2.395451 0.1807362 0.01424881 2.449299 0.05291838 -0.4765737 2.415084 0.1574982 -0.4456412 2.698662 -0.007416801 -0.8688996 2.432062 0.1057185 -0.8184955 2.732905 0.06419991 -0.9401976 2.412421 0.1638404 -0.8752657 2.813373
0.07579631 0.758121 2.463636 0.0560396 0.5762566 2.435561 0.005022289 0.4009894 2.284677 0.2145598 0.5024216 2.632716 0.2290808 0.3646112 2.177674 0.3701053 0.3577569 2.568545 0.3674589 0.5357373 2.296967 0.3549382 0.5261195 2.317122 0.3533539 0.5931115 2.252195 0.3498826 0.5822403 2.237801 0.07054541 0.1472468 2.4456 0.1135031 0.06589001 2.424847 0.05967069 0.008681138 2.397089 0.1783279 0.01316263 2.448099 0.05286996 -0.4767669 2.415145 0.1537429 -0.445739 2.698489 -0.007512832 -0.8691739 2.432452 0.1056514 -0.8182696 2.733534 0.06418345 -0.9405728 2.412058 0.1646694 -0.8753585 2.813137
0.06814575 0.7589974 2.462433 0.0555087 0.5765622 2.435552 0.004912294 0.4009948 2.284463 0.214029 0.5027272 2.632708 0.2292969 0.3637107 2.176353 0.3693 0.3578999 2.568109 0.3692133 0.5386744 2.301114 0.3710009 0.5543332 2.338772 0.3639054 0.6084185 2.276555 0.3751445 0.6149025 2.283514 0.06903353 0.1460261 2.445357 0.1118733 0.06439694 2.424631 0.05795784 0.007691442 2.397135 0.1770918 0.01212256 2.447562 0.05284596 -0.4767449 2.415008 0.1508573 -0.4465548 2.697596 -0.007448739 -0.869075 2.432362 0.1071825 -0.8193057 2.73548 0.06419844 -0.9404933 2.412058 0.1573994 -0.9134447 2.757239
0.06635739 0.7590581 2.461787 0.05477007 0.5765671 2.435365 0.004889077 0.4002002 2.284399 0.2132903 0.502732 2.63252 0.2305751 0.3622899 2.17503 0.3681719 0.3576455 2.567405 0.3788415 0.5491844 2.312822 0.3728423 0.558068 2.341836 0.3744359 0.6189573 2.28816 0.3768196 0.6191761 2.284864 0.06763349 0.1443909 2.445278 0.1104835 0.0625446 2.424683 0.05655851 0.006024627 2.396417 0.1757347 0.01019845 2.44839 0.05289257 -0.4768217 2.414986 0.1496285 -0.4468296 2.697516 -0.007541908 -0.8688681 2.432391 0.1072511 -0.8196461 2.734878 0.06405034 -0.940228 2.411896 0.1644898 -0.8848794 2.80938
0.06507687 0.7589074 2.46113 0.05354226 0.5763623 2.434278 0.004722592 0.3981629 2.284226 0.2120626 0.5025273 2.631433 0.2295013 0.3598261 2.17188 0.3664587 0.35715 2.565552 0.3839498 0.5488008 2.318434 0.3893277 0.5768917 2.361407 0.3753225 0.6207003 2.302552 0.386539 0.6354628 2.313677 0.06650901 0.1422362 2.444702 0.1094454 0.06012119 2.42429 0.05546298 0.003857319 2.396501 0.1750285 0.008495146 2.447745 0.05282192 -0.4768429 2.415063 0.1479752 -0.4473776 2.696668 -0.007883755 -0.8689151 2.433244 0.1066676 -0.818184 2.735832 0.0629044 -0.9391769 2.412255 0.1665228 -0.8960611 2.794455
0.0624529 0.7589622 2.461486 0.05263425 0.5762291 2.43365 0.00439926 0.3963837 2.284387 0.2111546 0.5023941 2.630805 0.2283795 0.3550113 2.163493 0.3653175 0.3568842 2.564574 0.3661062 0.5509185 2.316801 0.3945608 0.5836721 2.369807 0.35234 0.6119811 2.277071 0.3965826 0.6451545 2.331635 0.06577737 0.1411263 2.444484 0.1087663 0.0589326 2.42416 0.05494357 0.002732941 2.395879 0.174097 0.006716572 2.448215 0.05274411 -0.4767292 2.414978 0.1469573 -0.4485481 2.696504 -0.007874885 -0.8685064 2.43337 0.1047971 -0.8143837 2.735927 0.06244879 -0.9391232 2.412376 0.1642636 -0.894179 2.792345
0.06161848 0.7583783 2.461017 0.0519176 0.575573 2.432485 0.003421328 0.3945244 2.283757 0.210438 0.5017381 2.62964 0.2160344 0.3431168 2.145369 0.3643623 0.3560985 2.563034 0.4220251 0.4843714 2.242186 0.4025789 0.5954481 2.38709 0.4171777 0.56374 2.303334 0.4058951 0.6616389 2.350828 0.06590604 0.1392008 2.44456 0.1090652 0.05675004 2.424471 0.05520017 0.0007647272 2.396667 0.1747468 0.004175438 2.448285 0.05158763 -0.4785488 2.415334 0.1478762 -0.4521177 2.697312 -0.008161086 -0.8684547 2.433515 0.104974 -0.8145913 2.736008 0.06195759 -0.9394296 2.412098 0.1642195 -0.8711241 2.815918
0.05705258 0.7582155 2.460376 0.05082452 0.5752279 2.431689 0.003626895 0.3921822 2.283938 0.2093449 0.501393 2.628844 0.2103704 0.3389637 2.137203 0.3631566 0.3557011 2.56207 0.4258432 0.478393 2.219844 0.4136854 0.6008717 2.42926 0.4247721 0.5497881 2.290302 0.427715 0.6747226 2.399386 0.06428558 0.1390822 2.443918 0.1073383 0.05675732 2.423894 0.05445793 -0.001584567 2.383886 0.1666852 -0.001990522 2.457902 0.05154645 -0.4785908 2.415424 0.1457838 -0.4608034 2.696708 -0.008278805 -0.8683545 2.433677 0.1045649 -0.8141047 2.734044 0.06205481 -0.9394783 2.41155 0.1623703 -0.8741552 2.812451
0.05604481 0.7577775 2.460473 0.05072806 0.5747084 2.431255 0.002574588 0.390877 2.283242 0.2092484 0.5008735 2.628411 0.1988537 0.3282141 2.122402 0.362978 0.3551456 2.561526 0.3873271 0.4258224 2.147106 0.4267036 0.6001781 2.453226 0.4064634 0.4894935 2.222228 0.4472344 0.6800012 2.440313 0.06377935 0.1390772 2.443572 0.1066373 0.05689268 2.423442 0.05420225 -0.002634926 2.378823 0.1658597 -0.004027825 2.460301 0.05153325 -0.4785978 2.415413 0.1460566 -0.4698175 2.696458 -0.008506271 -0.8681052 2.433796 0.1057274 -0.8180519 2.736202 0.0622508 -0.9393499 2.411499 0.1639817 -0.8773371 2.814882
0.05597023 0.7569397 2.460363 0.05084217 0.5738143 2.430615 0.001620343 0.3905452 2.282667 0.2093625 0.4999794 2.62777 0.1964428 0.3258393 2.117241 0.363024 0.3542268 2.560785 0.3864083 0.4229073 2.135266 0.4508722 0.6096472 2.502507 0.4547729 0.4941901 2.152915 0.4632845 0.6823158 2.479103 0.06395616 0.1387128 2.443329 0.1067664 0.05665278 2.423198 0.05532726 -0.00389484 2.376714 0.1672177 -0.006177439 2.461782 0.05147318 -0.4786412 2.415434 0.1526297 -0.4765134 2.696605 -0.00849771 -0.8680133 2.433752 0.1056375 -0.8189729 2.735723 0.06228229 -0.9392773 2.411479 0.1638708 -0.8787429 2.814072
0.05660537 0.7559052 2.460612 0.05088336 0.5727128 2.429651 -0.002318904 0.3896247 2.281924 0.2094037 0.4988779 2.626807 0.1898863 0.3188126 2.105697 0.3630119 0.3531112 2.559733 0.3846839 0.4108408 2.101181 0.4561403 0.6159397 2.520609 0.4555407 0.4811973 2.111039 0.4701883 0.6894879 2.501781 0.06468661 0.1381295 2.443245 0.1074089 0.05620033 2.422909 0.05650528 -0.004960991 2.375425 0.1705206 -0.009300226 2.46343 0.05131204 -0.4798045 2.415627 0.1611692 -0.4896667 2.699213 -0.008489745 -0.868034 2.433717 0.105804 -0.8195623 2.735787 0.06206807 -0.9394936 2.411956 0.1634929 -0.8804256 2.813714
0.05782101 0.7541506 2.45929 0.05054172 0.5709927 2.428346 -0.003396401 0.3889256 2.281078 0.209062 0.4971578 2.625501 0.1841376 0.3123969 2.09298 0.3626294 0.351382 2.558362 0.380008 0.40251 2.077258 0.4784624 0.6178989 2.570398 0.4519451 0.4714197 2.089322 0.5005403 0.6882483 2.562373 0.06452955 0.1372662 2.442746 0.1072609 0.05555006 2.422496 0.05652264 -0.006171128 2.373982 0.1704878 -0.010641 2.464011 0.05120042 -0.4798725 2.415608 0.1609889 -0.4897689 2.699113 -0.007999019 -0.8669983 2.433099 0.1052539 -0.8197188 2.736456 0.0621991 -0.9394431 2.41202 0.1612574 -0.9113274 2.762233
0.05741199 0.7531808 2.457103 0.0503208 0.5700557 2.427311 -0.003823686 0.3885556 2.280417 0.2088411 0.4962208 2.624467 0.1672315 0.3024559 2.082312 0.3623888 0.3504501 2.55729 0.366239 0.3755989 2.029703 0.4951293 0.6018407 2.609195 0.4341468 0.4295675 2.037167 0.5256919 0.6670582 2.626891 0.06637131 0.1357425 2.442774 0.109826 0.05396503 2.422789 0.05989516 -0.008133239 2.373665 0.1749095 -0.01276131 2.466508 0.05084775 -0.4806747 2.415522 0.1693223 -0.4905317 2.702754 -0.007992966 -0.8669457 2.433024 0.1048729 -0.8193647 2.736131 0.06159168 -0.9389622 2.412613 0.1615777 -0.8791524 2.81562
0.05864669 0.7525507 2.4557 0.05006423 0.5694802 2.426129 -0.005035547 0.3922303 2.277812 0.2085845 0.4956452 2.623285 0.1180398 0.303343 2.087393 0.3621163 0.3498882 2.556081 0.3534668 0.365293 2.02089 0.5013722 0.5914655 2.628208 0.4327644 0.4202641 2.013797 0.5319335 0.6566801 2.645904 0.06666078 0.1342444 2.442109 0.1102186 0.05233053 2.422273 0.06014317 -0.008585546 2.373426 0.1752461 -0.01443482 2.466307 0.0501859 -0.4824238 2.415303 0.1698372 -0.4949734 2.702783 -0.008026661 -0.867087 2.433116 0.1037867 -0.8181524 2.732082 0.06197603 -0.9390972 2.413021 0.1604943 -0.8762 2.812865
0.05991658 0.7517892 2.456203 0.05055888 0.5686378 2.424741 -0.005014328 0.3921773 2.277806 0.2090792 0.4948029 2.621897 0.1103492 0.2981055 2.085655 0.3625985 0.3490635 2.554669 0.3433591 0.340935 1.976823 0.5073553 0.5776849 2.650026 0.4045593 0.4058014 1.930838 0.5379165 0.6429 2.667722 0.06910458 0.1320758 2.442448 0.1131333 0.0498934 2.423 0.06318093 -0.01097476 2.374129 0.1787941 -0.01682863 2.468071 0.049868 -0.4838523 2.41546 0.1739495 -0.4975544 2.70513 -0.008020015 -0.8670343 2.433113 0.1032013 -0.8182411 2.733218 0.06212488 -0.9391676 2.41309 0.160718 -0.8755584 2.813969
0.06063243 0.7513051 2.456431 0.05088766 0.5680821 2.423304 -0.004179099 0.3949245 2.276293 0.209408 0.4942472 2.620461 0.1035224 0.2928563 2.082122 0.3629163 0.3485251 2.553218 0.3213603 0.3160438 1.953381 0.5072669 0.5616726 2.6768 0.408742 0.4015347 1.894848 0.5378299 0.6268913 2.694496 0.06930144 0.1292561 2.441431 0.1132551 0.04645088 2.422158 0.06329934 -0.01185196 2.374126 0.1783358 -0.02035895 2.466735 0.05000971 -0.4861006 2.415793 0.1726458 -0.5087254 2.70405 -0.007898662 -0.8670766 2.433162 0.1047913 -0.8217137 2.735525 0.06224987 -0.9391947 2.413114 0.162386 -0.8790339 2.816235
0.05975038 0.7161001 2.457062 0.05881242 0.5153134 2.417363 -0.001870828 0.3980715 2.276965 0.2173327 0.4414784 2.614519 0.1220452 0.249646 2.038815 0.3708543 0.2957852 2.547257 0.3165613 0.3075105 1.933015 0.4957619 0.5164335 2.677869 0.3891745 0.3346293 1.90083 0.5263228 0.5816477 2.695564 0.07017104 0.1125978 2.438504 0.1131471 0.03508175 2.419602 0.06272003 -0.01497993 2.373979 0.1779199 -0.0313669 2.461957 0.04997256 -0.4864557 2.415859 0.1728052 -0.5106056 2.703936 -0.008339634 -0.8704267 2.434025 0.1034849 -0.823357 2.734888 0.06228185 -0.939649 2.413002 0.1592896 -0.8686578 2.82409
0.06066701 0.7163197 2.455931 0.0588734 0.5151862 2.417011 0.0120558 0.4156863 2.27371 0.2173937 0.4413512 2.614167 0.1206893 0.2482919 2.037985 0.3709111 0.2956621 2.546906 0.3069946 0.2880848 1.900071 0.4908989 0.4949237 2.709334 0.3732054 0.3312606 1.844105 0.5214586 0.5601352 2.727029 0.06886315 0.1082586 2.435903 0.1122303 0.03039423 2.418145 0.06258368 -0.01569624 2.373839 0.1751232 -0.03591515 2.459435 0.05017221 -0.4864677 2.415772 0.1716751 -0.5139927 2.703421 -0.008190139 -0.8700305 2.434 0.10274 -0.8266131 2.735473 0.06232118 -0.939568 2.413057 0.1612791 -0.9133669 2.762996
0.06075527 0.7164299 2.455883 0.05911131 0.515097 2.416701 0.01459695 0.4164829 2.273006 0.2176316 0.4412621 2.613857 0.1172737 0.2454878 2.033835 0.3711453 0.2955764 2.546597 0.2793294 0.2609622 1.879102 0.4909573 0.4948064 2.709169 0.3533614 0.3073636 1.830477 0.5215184 0.560021 2.726864 0.06921309 0.1056549 2.435467 0.1125683 0.02759402 2.417962 0.06303208 -0.01690152 2.374746 0.174733 -0.03710707 2.458425 0.05003141 -0.4881407 2.416019 0.1716701 -0.5143892 2.703513 -0.008299368 -0.8700353 2.433861 0.1027688 -0.8271092 2.735003 0.06143314 -0.939701 2.414594 0.1623382 -0.8798732 2.817437
0.05961628 0.7182963 2.456137 0.06029321 0.5135112 2.41562 0.02331267 0.4182766 2.275229 0.2188135 0.4396763 2.612776 0.09713671 0.2444628 2.039723 0.3723221 0.2939955 2.545517 0.2566251 0.2492639 1.88136 0.491658 0.4932646 2.708351 0.3400355 0.2855585 1.807159 0.522221 0.5584833 2.726047 0.07289526 0.09712516 2.435916 0.1169318 0.01809883 2.419454 0.06688651 -0.02106804 2.377894 0.1772547 -0.04358672 2.458337 0.04978698 -0.4885878 2.416035 0.1806919 -0.5220586 2.708349 -0.008485356 -0.8686209 2.433255 0.1012611 -0.8328326 2.736668 0.06173243 -0.9399476 2.413793 0.1640657 -0.8847824 2.817213
0.06234999 0.718216 2.455557 0.06075955 0.5135839 2.41547 0.02616683 0.418098 2.275984 0.2192798 0.439749 2.612626 0.09271376 0.235948 2.031781 0.3727856 0.2940708 2.545367 0.2460988 0.2350456 1.866903 0.4920477 0.4932871 2.708303 0.3217175 0.2633076 1.798696 0.522612 0.5585086 2.725999 0.07893424 0.09448829 2.438157 0.1247052 0.01533192 2.422621 0.07729843 -0.02433677 2.38438 0.185107 -0.04432285 2.460254 0.05001985 -0.4892492 2.416263 0.2035468 -0.5170591 2.719157 -0.008371169 -0.8681222 2.433237 0.1035835 -0.823743 2.735528 0.06179094 -0.9398429 2.413876 0.1640181 -0.9089843 2.774251
0.06374905 0.7182554 2.454202 0.06104263 0.5135941 2.415021 0.02786991 0.4173311 2.275609 0.2195629 0.4397591 2.612177 0.05980624 0.2262035 2.031277 0.3730671 0.2940824 2.544918 0.220365 0.2264327 1.874029 0.4922003 0.4932373 2.708005 0.3051491 0.2437345 1.785044 0.5227658 0.5584613 2.725703 0.08150081 0.09287769 2.438967 0.1277398 0.01363822 2.42384 0.07993561 -0.0258752 2.385741 0.1887959 -0.04528095 2.461622 0.05010836 -0.4893579 2.41626 0.2058812 -0.5160995 2.720009 -0.008395941 -0.8682073 2.433249 0.1054171 -0.8226184 2.736303 0.06203597 -0.9398912 2.413798 0.1583024 -0.878457 2.821285
0.06437533 0.7176703 2.452841 0.06187402 0.5125406 2.413711 0.03041159 0.4156341 2.274652 0.2203942 0.4387057 2.610866 0.05819941 0.2249994 2.029326 0.3738969 0.2930304 2.543608 0.2131584 0.2170714 1.866273 0.4927864 0.4921515 2.706892 0.2924785 0.2241529 1.775786 0.5233528 0.5573775 2.72459 0.08007884 0.09013767 2.437696 0.1254943 0.01023522 2.422451 0.07819259 -0.02706218 2.385166 0.185125 -0.05040085 2.459082 0.0499992 -0.4904442 2.416622 0.198752 -0.5228748 2.716273 -0.008251837 -0.8680305 2.433059 0.1079725 -0.8396281 2.741369 0.06227028 -0.9398029 2.413711 0.1643948 -0.8897961 2.827621
0.06495452 0.7175779 2.452035 0.06240528 0.5130403 2.41318 0.0335652 0.4151198 2.275866 0.2209255 0.4392054 2.610336 0.05759415 0.2247845 2.029839 0.3744267 0.2935315 2.543078 0.204112 0.2063852 1.859387 0.4932629 0.4925877 2.706466 0.2876897 0.2131245 1.767235 0.5238308 0.557817 2.724165 0.08275548 0.0882913 2.439005 0.1289356 0.007858018 2.424493 0.08102894 -0.02915127 2.390473 0.1892923 -0.05034259 2.459135 0.04993297 -0.4905787 2.416692 0.2033142 -0.520394 2.717835 -0.008199235 -0.8680183 2.433084 0.1025848 -0.8271692 2.731424 0.06228499 -0.9397638 2.413639 0.1659947 -0.9157869 2.761708
0.06739968 0.7468379 2.451221 0.05730337 0.5635477 2.410552 0.03598172 0.4134674 2.275728 0.2158237 0.4897127 2.607708 0.06190969 0.2239801 2.029186 0.3693235 0.3440402 2.540449 0.2001142 0.1948642 1.852927 0.4879655 0.5427989 2.704296 0.2846386 0.2028724 1.764335 0.5185344 0.6080302 2.721996 0.08411802 0.09718774 2.439661 0.130372 0.01316922 2.424983 0.08558057 -0.02626619 2.386807 0.1886609 -0.04486889 2.46408 0.04987565 -0.4905692 2.416676 0.2056811 -0.5190318 2.718258 -0.007873199 -0.8673093 2.433027 0.102236 -0.8250375 2.730701 0.06231904 -0.9396976 2.413599 0.1628732 -0.875096 2.814142
0.06772737 0.7469045 2.450561 0.05742209 0.5636053 2.410589 0.0369809 0.4129132 2.275958 0.2159424 0.4897704 2.607745 0.06361873 0.2235289 2.029414 0.3694411 0.3440989 2.540484 0.1992083 0.191771 1.851459 0.4880831 0.5428556 2.70433 0.2771352 0.1935072 1.76141 0.5186529 0.6080885 2.722031 0.08439925 0.1000436 2.440131 0.1307485 0.01535556 2.42551 0.08636523 -0.02537964 2.386225 0.1884617 -0.04288607 2.465991 0.04971232 -0.4903648 2.416753 0.2079268 -0.5168606 2.719142 -0.007860726 -0.8672124 2.433115 0.1028442 -0.8223218 2.73138 0.06221743 -0.9395265 2.413702 0.1628943 -0.8742933 2.814096
0.06907743 0.7468896 2.449984 0.05768795 0.5636371 2.410663 0.03780625 0.4120974 2.275996 0.2162082 0.4898022 2.607818 0.05829283 0.2228765 2.028655 0.3697062 0.3441314 2.540556 0.1967336 0.1895564 1.853407 0.4883483 0.5428867 2.704401 0.2757663 0.1904252 1.761709 0.5189188 0.6081213 2.722102 0.08463043 0.1013395 2.440552 0.1310172 0.01637294 2.425998 0.0867666 -0.0249138 2.386189 0.1885011 -0.04217919 2.466959 0.04970591 -0.4903533 2.416779 0.2087463 -0.5164511 2.719495 -0.007675945 -0.8673085 2.433211 0.1024869 -0.8214107 2.732377 0.06239972 -0.9395496 2.413893 0.1628726 -0.8741066 2.81441
0.07105861 0.7468362 2.450735 0.05845584 0.5636432 2.41097 0.03790505 0.4119184 2.276129 0.2169761 0.4898083 2.608126 0.06164256 0.2222771 2.029476 0.3704734 0.3441382 2.540863 0.1978478 0.188042 1.852531 0.4891156 0.5428923 2.704706 0.2758288 0.1901742 1.762162 0.5196869 0.6081288 2.722407 0.08514138 0.1018168 2.441208 0.1315304 0.01663952 2.426688 0.08681269 -0.02476714 2.386826 0.1897354 -0.04186054 2.46772 0.04968123 -0.4904665 2.416775 0.2103104 -0.5155107 2.720204 -0.007878751 -0.8689181 2.433188 0.1022881 -0.8200352 2.731532 0.06236307 -0.939867 2.413553 0.1621485 -0.9030762 2.783263
0.07158466 0.7468069 2.450772 0.05885712 0.5636027 2.410972 0.03811305 0.4118384 2.276324 0.2173774 0.4897677 2.608127 0.05545963 0.2181791 2.032592 0.3708734 0.3440989 2.540863 0.1958038 0.1887763 1.85823 0.4895157 0.5428507 2.704703 0.2768475 0.1902199 1.766678 0.5200881 0.6080894 2.722405 0.08556268 0.1017478 2.441667 0.1321047 0.01628326 2.427364 0.08704721 -0.0250976 2.38849 0.1905807 -0.0419552 2.467834 0.04949407 -0.4923208 2.417247 0.2109645 -0.5158361 2.720587 -0.007965046 -0.8730525 2.433752 0.1053 -0.8223635 2.733261 0.06225768 -0.9405167 2.413556 0.1616722 -0.8823389 2.813156
0.0740533 0.7467055 2.450837 0.05916867 0.5636434 2.410973 0.03819124 0.4120399 2.276597 0.2176889 0.4898084 2.608129 0.05504204 0.2183898 2.032819 0.3711837 0.3441408 2.540864 0.1995884 0.1911994 1.861825 0.4898261 0.5428904 2.704702 0.2813404 0.1968701 1.77303 0.5203997 0.6081316 2.722405 0.08705606 0.1021324 2.442353 0.1340034 0.01657135 2.428236 0.08963085 -0.0240965 2.393703 0.1937512 -0.04017886 2.465795 0.04964451 -0.4919549 2.417082 0.2114894 -0.5157245 2.720689 -0.005712465 -0.8665713 2.429446 0.09803221 -0.8191746 2.723591 0.06232159 -0.9402675 2.413424 0.1620416 -0.9071578 2.759948
0.0747565 0.7466086 2.451037 0.05931562 0.5635715 2.410946 0.03753822 0.4116336 2.277514 0.2178359 0.4897366 2.608101 0.06876509 0.219233 2.03422 0.3713292 0.3440703 2.540835 0.2126358 0.196905 1.861851 0.4899716 0.5428171 2.704671 0.2921603 0.2144551 1.784486 0.5205466 0.6080612 2.722374 0.0876909 0.1029409 2.442878 0.1346902 0.01747975 2.428768 0.0898291 -0.02387361 2.393749 0.194587 -0.0395106 2.466531 0.04965486 -0.4919755 2.41704 0.2122597 -0.5155331 2.721538 -0.005748995 -0.8664803 2.429589 0.09841409 -0.8188101 2.724574 0.0626015 -0.9401383 2.41347 0.1566661 -0.8728244 2.807361
0.07458229 0.7465035 2.450697 0.05921678 0.5634423 2.410853 0.03733768 0.4115539 2.277469 0.2177371 0.4896074 2.608009 0.07427075 0.2199465 2.034373 0.3712285 0.3439428 2.540742 0.2608809 0.2227719 1.85171 0.4829277 0.4527653 2.773629 0.3022142 0.2303003 1.798701 0.5134991 0.518002 2.79133 0.0877014 0.1029549 2.442888 0.1347027 0.01748642 2.428772 0.08986157 -0.02397772 2.393532 0.194596 -0.0394981 2.466575 0.04957061 -0.49198 2.41695 0.2123122 -0.5156705 2.721621 -0.006304795 -0.8680266 2.429765 0.1038627 -0.8203825 2.729642 0.0625313 -0.9403337 2.413247 0.159906 -0.8752418 2.81342
0.07412999 0.7464371 2.45077 0.0589852 0.5633399 2.411092 0.03693806 0.4115987 2.27734 0.2175055 0.489505 2.608248 0.07942155 0.2210974 2.034884 0.3709931 0.3438441 2.540981 0.2467752 0.2337947 1.886231 0.415669 0.4285944 2.802878 0.3178883 0.2555881 1.816308 0.4462455 0.4938416 2.820582 0.08792716 0.1029075 2.443205 0.1351028 0.01737755 2.429157 0.09011535 -0.0242334 2.394047 0.1950936 -0.03930487 2.466681 0.04959311 -0.4919727 2.416931 0.2124464 -0.5158522 2.721904 -0.006201664 -0.8678576 2.430227 0.1039178 -0.8199694 2.734515 0.06251664 -0.9401903 2.413188 0.1616882 -0.8761771 2.816222
0.07367923 0.7462413 2.45113 0.05870441 0.5631124 2.411287 0.03622159 0.4118626 2.277602 0.2172247 0.4892774 2.608443 0.08427425 0.2260332 2.039164 0.3707078 0.3436208 2.541176 0.2842011 0.259793 1.880687 0.429631 0.4562166 2.790101 0.3417722 0.28272 1.831914 0.4602043 0.5214571 2.807803 0.08799626 0.1032207 2.443508 0.1352315 0.01776437 2.42944 0.0901785 -0.02414252 2.394088 0.1952269 -0.03876562 2.467084 0.04960142 -0.492162 2.417058 0.2127044 -0.5154766 2.72255 -0.006320027 -0.8691954 2.43109 0.1041035 -0.819646 2.734454 0.06241269 -0.9402922 2.413131 0.1685732 -0.9037805 2.778497
0.07328115 0.7460632 2.451227 0.0586793 0.5628881 2.412048 0.03408952 0.4129028 2.278306 0.2171995 0.4890531 2.609204 0.09458965 0.2282175 2.043294 0.370678 0.343401 2.541936 0.2909018 0.270561 1.892671 0.4379776 0.4726568 2.7759 0.3476728 0.2981063 1.859277 0.4685475 0.53789 2.7936 0.08848086 0.1041139 2.444427 0.1357437 0.01884055 2.430175 0.09028576 -0.02394623 2.39439 0.196206 -0.03728345 2.467783 0.0496363 -0.4927038 2.417086 0.213053 -0.5152972 2.723482 -0.007567944 -0.8706588 2.432847 0.1045626 -0.8195046 2.735302 0.06225558 -0.9402746 2.412991 0.1672892 -0.9053161 2.778644
0.07314169 0.7460136 2.451196 0.05857011 0.5628201 2.412342 0.02933891 0.4153548 2.27665 0.2170904 0.4889851 2.609498 0.1027331 0.231292 2.045612 0.3705642 0.3433375 2.54223 0.3050497 0.2894071 1.912237 0.4871772 0.5342785 2.715665 0.3599309 0.3299494 1.872051 0.5177442 0.5995057 2.733364 0.08883946 0.1058379 2.445198 0.1360905 0.02102787 2.430687 0.09028375 -0.02337965 2.394345 0.1970661 -0.03544251 2.468645 0.04963503 -0.492646 2.417106 0.2136426 -0.5143476 2.72447 -0.007632343 -0.8712657 2.432926 0.1045319 -0.8184907 2.734917 0.06225722 -0.9403857 2.412854 0.164406 -0.908288 2.774032
0.07313038 0.7457631 2.452276 0.05748308 0.5626372 2.412763 0.01494887 0.4073188 2.280943 0.2160033 0.4888022 2.609919 0.1096732 0.2380028 2.052513 0.3694718 0.3431596 2.542651 0.3111848 0.306464 1.930145 0.492644 0.5557332 2.686108 0.373073 0.3522303 1.883081 0.5249759 0.6030527 2.733186 0.08928152 0.1089042 2.446545 0.1360159 0.02501654 2.430624 0.08976816 -0.02266359 2.393022 0.1985109 -0.03288471 2.470125 0.05098835 -0.4884198 2.416612 0.2134573 -0.5121073 2.724532 -0.007637867 -0.8706549 2.432956 0.1045655 -0.8187577 2.736628 0.06233777 -0.9402177 2.412771 0.1652697 -0.9065472 2.778916
0.0690811 0.7458771 2.451935 0.05671217 0.5624869 2.413518 0.006749303 0.4023785 2.278837 0.2152324 0.4886519 2.610674 0.1115004 0.2374482 2.054199 0.3686954 0.3430145 2.543406 0.3273869 0.330279 1.959125 0.4949126 0.5688293 2.664309 0.3899232 0.3805947 1.919127 0.5182297 0.639177 2.66695 0.09097381 0.1108189 2.449008 0.1381481 0.02745502 2.43306 0.08991514 -0.02330487 2.395446 0.2064641 -0.02692011 2.472879 0.05152629 -0.4866762 2.416821 0.214497 -0.5091708 2.726666 -0.00788172 -0.8702235 2.433159 0.1028376 -0.8157082 2.732872 0.06257842 -0.940071 2.412748 0.162316 -0.8726492 2.812896
0.06872898 0.7458892 2.45246 0.05520085 0.5625615 2.41415 0.001383714 0.398921 2.277264 0.2137211 0.4887265 2.611306 0.1265662 0.2431715 2.057797 0.3671788 0.3430941 2.544039 0.3345927 0.3422195 1.980765 0.4930189 0.5810673 2.642402 0.4032915 0.4055299 1.935024 0.5284545 0.6359457 2.677496 0.08586375 0.1165327 2.447518 0.131639 0.03441784 2.430403 0.08223362 -0.02054187 2.388007 0.2014472 -0.02465813 2.473169 0.0517086 -0.4852339 2.416742 0.200419 -0.5017132 2.720423 -0.007853027 -0.8697969 2.433637 0.1029675 -0.8152307 2.731862 0.06262307 -0.9400179 2.412768 0.1581144 -0.869216 2.81691
0.06910376 0.7457584 2.45284 0.05407047 0.5625273 2.414514 -0.001425465 0.3966525 2.277766 0.2125907 0.4886923 2.61167 0.1196125 0.2373411 2.12082 0.3660381 0.3430696 2.544405 0.3401242 0.3537427 2.011225 0.4887082 0.5948715 2.611622 0.3992158 0.410253 1.989647 0.5278112 0.6495451 2.642927 0.08304095 0.1189098 2.447005 0.1284187 0.03691499 2.429544 0.07867455 -0.01965142 2.385774 0.1977615 -0.02346468 2.473359 0.05121753 -0.4854056 2.416808 0.1963155 -0.5000616 2.718831 -0.007929564 -0.8694386 2.433496 0.10259 -0.813607 2.731648 0.06284903 -0.9401189 2.411874 0.1584354 -0.8721545 2.81317
0.06917892 0.7458464 2.452903 0.05235435 0.5627651 2.415792 -0.003463419 0.395699 2.278078 0.2108746 0.48893 2.612948 0.1199621 0.2430708 2.153129 0.3643092 0.3433196 2.545685 0.3461362 0.3642845 2.036661 0.4711071 0.6110845 2.575172 0.400667 0.4143599 2.025236 0.5061024 0.676413 2.577417 0.08107322 0.1207243 2.446718 0.126394 0.03889237 2.428979 0.07676434 -0.01877276 2.384257 0.1955028 -0.02247357 2.47341 0.05134021 -0.4843941 2.41652 0.193442 -0.497679 2.717704 -0.008109899 -0.8691483 2.433363 0.1045944 -0.8164979 2.733736 0.06297446 -0.9398641 2.411647 0.1648702 -0.9059168 2.773299
0.06404059 0.7468067 2.453158 0.0517934 0.5633649 2.416985 -0.004701954 0.3952416 2.278959 0.2103137 0.4895298 2.614141 0.1781047 0.2930723 2.107092 0.3637397 0.3439275 2.546878 0.3682697 0.3912547 2.069082 0.4565797 0.6068677 2.542435 0.4224202 0.4391569 2.052678 0.4772007 0.6741496 2.519113 0.08034977 0.1229855 2.447238 0.1256169 0.04133454 2.429311 0.07605892 -0.01776894 2.38396 0.194744 -0.02084796 2.474131 0.05133971 -0.4841859 2.416592 0.1921695 -0.4960794 2.717808 -0.008261747 -0.8685927 2.434032 0.1047236 -0.8164846 2.733881 0.06283268 -0.9398364 2.41193 0.1650805 -0.9063384 2.772341
0.06442822 0.7478063 2.45291 0.05010945 0.5645572 2.418818 -0.006422456 0.3939746 2.2806 0.2086297 0.4907221 2.615974 0.1809523 0.2948265 2.109322 0.3620473 0.3451278 2.548713 0.3711053 0.395361 2.084276 0.441468 0.5934286 2.518026 0.425375 0.4440147 2.07076 0.4662924 0.6584401 2.503293 0.0790052 0.1251951 2.447399 0.1242856 0.04371829 2.429171 0.074926 -0.01652227 2.382991 0.193335 -0.01915538 2.474533 0.05142406 -0.4832682 2.416464 0.1902368 -0.4930838 2.717394 -0.008278202 -0.8684503 2.433897 0.1039429 -0.8154724 2.731225 0.06298056 -0.9397165 2.412029 0.1641044 -0.9045822 2.771693
0.06465546 0.7482832 2.452653 0.04884804 0.5651684 2.419514 -0.007015592 0.3911873 2.281395 0.2073683 0.4913334 2.61667 0.1871055 0.2990286 2.115942 0.3607773 0.3457471 2.54941 0.3783717 0.4149066 2.125641 0.4263501 0.5821266 2.4894 0.4412078 0.492416 2.135917 0.4483445 0.6592157 2.454405 0.07827723 0.1259348 2.447543 0.1236572 0.04444154 2.429253 0.07457918 -0.01618474 2.382917 0.192214 -0.01835061 2.47473 0.05139036 -0.4827697 2.416465 0.1889655 -0.4921508 2.7171 -0.008220783 -0.8681756 2.433715 0.103686 -0.8144385 2.729886 0.06249124 -0.9390726 2.412528 0.1634783 -0.9020667 2.773996
0.06401727 0.7490612 2.453586 0.04784374 0.5659461 2.420142 -0.0069927 0.3906548 2.281691 0.206364 0.4921111 2.617298 0.1922175 0.3042899 2.123055 0.3597644 0.3465331 2.550039 0.3768121 0.4160278 2.138029 0.4193473 0.5843076 2.472744 0.4398006 0.4916568 2.157489 0.4365911 0.6723455 2.423333 0.07734223 0.1268622 2.447432 0.1227951 0.045363 2.429108 0.07405285 -0.01552811 2.382635 0.1905405 -0.01721139 2.474559 0.05131166 -0.4830869 2.416477 0.1875689 -0.4911649 2.716429 -0.008099966 -0.8711383 2.43258 0.1036766 -0.8147449 2.729976 0.06284806 -0.9398221 2.412652 0.163068 -0.8730944 2.809163
0.05895373 0.7499659 2.455685 0.04747825 0.5664238 2.420521 -0.005755003 0.3887743 2.282237 0.2059985 0.4925888 2.617676 0.2005318 0.3112087 2.132298 0.3593901 0.347019 2.550419 0.4252561 0.4758424 2.204239 0.4068961 0.5894294 2.430305 0.4636711 0.5388262 2.211716 0.4236347 0.667816 2.404772 0.07103796 0.1305437 2.44558 0.1145382 0.04947932 2.426511 0.06641965 -0.01195634 2.378716 0.1776678 -0.01310928 2.47189 0.05129139 -0.4825083 2.416109 0.1530665 -0.4739275 2.703771 -0.008316203 -0.8703668 2.432927 0.1036072 -0.8136264 2.729218 0.06269808 -0.9395552 2.412512 0.1650435 -0.8997593 2.774061
0.05765694 0.7505683 2.455984 0.04724861 0.5669447 2.420905 -0.004791617 0.3880229 2.282577 0.2057689 0.4931097 2.618061 0.2119434 0.319983 2.141781 0.3591519 0.3475481 2.550805 0.4330406 0.4847877 2.222364 0.4071324 0.5983157 2.409576 0.4695736 0.5476612 2.236834 0.4186721 0.6671703 2.39331 0.07052948 0.1299903 2.445611 0.1140379 0.0483674 2.426666 0.06103581 -0.01241218 2.398302 0.177733 -0.009816973 2.455548 0.05119164 -0.4821335 2.416081 0.1522538 -0.4733014 2.703197 -0.008376942 -0.8703064 2.432958 0.1036714 -0.8136425 2.729337 0.06203546 -0.9397017 2.412278 0.1601004 -0.8743514 2.808943
0.05734291 0.7513342 2.455555 0.04714115 0.5677137 2.421635 -0.003880725 0.3879883 2.282811 0.2056614 0.4938788 2.618791 0.2172038 0.3287325 2.149037 0.359036 0.3483251 2.551536 0.4328066 0.4852195 2.253497 0.4004897 0.5981408 2.393977 0.4684756 0.5483552 2.26896 0.4117509 0.6648285 2.364321 0.06976617 0.1298739 2.445503 0.1132522 0.04802784 2.426573 0.06020653 -0.01185993 2.398438 0.17707 -0.009367836 2.454681 0.05092527 -0.4820938 2.416058 0.1522275 -0.4727958 2.703155 -0.008434246 -0.8698595 2.432965 0.1036773 -0.8136379 2.729344 0.06239242 -0.9398306 2.411556 0.1552037 -0.8701897 2.815126
0.05719274 0.7518269 2.455429 0.04740888 0.5682107 2.422787 -0.003450381 0.3879575 2.282997 0.2059292 0.4943758 2.619943 0.2201597 0.3348201 2.154619 0.3592953 0.3488301 2.55269 0.4340789 0.4871278 2.26729 0.3943141 0.5858916 2.373525 0.4696507 0.5503554 2.282611 0.4055247 0.6562241 2.347011 0.06953344 0.1298609 2.445539 0.1130486 0.04797648 2.426606 0.05955808 -0.01126122 2.39911 0.1770463 -0.008592403 2.453596 0.05071193 -0.4821345 2.416124 0.1516203 -0.4713561 2.702779 -0.008474809 -0.8696982 2.433029 0.1051819 -0.8151404 2.730691 0.06216113 -0.9398465 2.411623 0.1581129 -0.9102126 2.756996
0.05551979 0.752511 2.455326 0.04757075 0.5688242 2.423636 -0.002595706 0.3879307 2.282968 0.206091 0.4949893 2.620792 0.2262765 0.342613 2.161281 0.359449 0.3494513 2.55354 0.4058428 0.4562537 2.263769 0.4096906 0.5637286 2.349198 0.397847 0.5505288 2.297126 0.398854 0.6502536 2.332297 0.06921917 0.1299298 2.44548 0.1127751 0.04798916 2.426565 0.05900174 -0.01078282 2.399376 0.1768646 -0.007560153 2.452563 0.05068315 -0.4817922 2.416095 0.1501707 -0.4683585 2.701564 -0.008502726 -0.8694127 2.432938 0.1049079 -0.8141141 2.730298 0.06260785 -0.9399515 2.411044 0.1612518 -0.9056152 2.768077
0.05372939 0.7529157 2.454217 0.04760658 0.5692454 2.424592 -0.001069986 0.3872499 2.28287 0.2061269 0.4954105 2.621748 0.2351343 0.3517756 2.169495 0.3594772 0.3498798 2.554497 0.373077 0.5515867 2.316958 0.3834425 0.5698691 2.351573 0.3687644 0.622107 2.294444 0.3964193 0.6439841 2.321731 0.06815512 0.1306695 2.445298 0.1116343 0.0487827 2.426319 0.05760005 -0.0090587 2.399381 0.1755325 -0.00516449 2.451185 0.05085585 -0.4806845 2.416055 0.1477097 -0.4574322 2.69995 -0.008462994 -0.8692495 2.433052 0.106106 -0.8176322 2.733867 0.06227417 -0.9397659 2.41152 0.159719 -0.8814861 2.813023
0.05266386 0.7539962 2.453992 0.04753425 0.5703714 2.425912 -0.0002995048 0.38756 2.283107 0.2060545 0.4965364 2.623068 0.2386886 0.3556661 2.172514 0.3593972 0.3510131 2.555819 0.3802946 0.5529476 2.319889 0.3850792 0.5711375 2.353299 0.3689784 0.6218008 2.29479 0.3955522 0.6395291 2.317992 0.0668109 0.1316201 2.444924 0.1101386 0.04970581 2.425727 0.05569181 -0.007349518 2.399139 0.1741199 -0.002963663 2.449298 0.05086022 -0.4806857 2.416057 0.1459736 -0.4537302 2.698319 -0.00827409 -0.8704269 2.432767 0.1051708 -0.8206405 2.735587 0.06245185 -0.9400171 2.411469 0.1627201 -0.8798193 2.815627
0.05208494 0.7552837 2.45381 0.04698851 0.5716859 2.42641 0.0005882259 0.3885449 2.28313 0.2055088 0.4978509 2.623567 0.2433876 0.3606966 2.176939 0.3588439 0.3523348 2.556319 0.3894868 0.5556424 2.323112 0.3817819 0.5657249 2.345911 0.3744963 0.6199409 2.289349 0.3889668 0.6289546 2.291147 0.06482128 0.1336288 2.444648 0.1081358 0.05165433 2.42545 0.05378246 -0.0041095 2.4004 0.1713754 0.001011062 2.446902 0.05077621 -0.480122 2.415935 0.1408332 -0.4452698 2.69714 -0.008513349 -0.8695286 2.433285 0.1051698 -0.8175963 2.733321 0.06225147 -0.9398268 2.410809 0.164909 -0.9039261 2.766267
0.05059952 0.7565221 2.453633 0.04667933 0.5729455 2.42719 0.0009801472 0.3888959 2.283234 0.2051996 0.4991106 2.624346 0.247061 0.3640066 2.178889 0.3585277 0.3536011 2.5571 0.3922384 0.5592219 2.322465 0.3824658 0.5600084 2.339518 0.3797727 0.6205772 2.282724 0.3903616 0.6227897 2.281228 0.06429812 0.1344691 2.444419 0.1076885 0.05244838 2.425159 0.05341363 -0.002951873 2.40071 0.1711473 0.002376733 2.44558 0.05074183 -0.4793955 2.41573 0.1413535 -0.4448814 2.69702 -0.008757014 -0.8687505 2.432683 0.1048664 -0.8173066 2.73443 0.06250556 -0.9399121 2.41028 0.1626562 -0.9036619 2.76458
0.04783329 0.7574737 2.456075 0.04640692 0.5737451 2.428218 0.001245121 0.3892928 2.283236 0.2049272 0.4999102 2.625374 0.2477711 0.365497 2.179821 0.3582482 0.3544074 2.55813 0.3926557 0.5530782 2.31707 0.3947348 0.5535932 2.335315 0.3828781 0.6131217 2.274661 0.3982969 0.6164461 2.271901 0.06226226 0.1361939 2.444219 0.1052962 0.05434117 2.424729 0.0510045 -0.0006546067 2.400965 0.1689393 0.004520142 2.444252 0.05047656 -0.4799383 2.415697 0.1385633 -0.4412969 2.695901 -0.008866658 -0.8685686 2.432512 0.1046971 -0.8162714 2.733179 0.06221268 -0.9397369 2.410289 0.1621005 -0.9038016 2.764722
0.0474037 0.758054 2.456078 0.04625091 0.5743399 2.428727 0.001370371 0.3893444 2.283277 0.2047712 0.500505 2.625883 0.2488499 0.3667238 2.181504 0.3580852 0.3550088 2.55864 0.3924622 0.5489147 2.312795 0.4333487 0.515825 2.360438 0.4042191 0.6127136 2.276868 0.4008858 0.6116276 2.269794 0.06090894 0.1375629 2.443973 0.1037605 0.05579849 2.424344 0.04990602 0.0007450278 2.400619 0.16736 0.005848049 2.443779 0.05048418 -0.479791 2.415599 0.1372773 -0.439746 2.695596 -0.008847072 -0.868579 2.432533 0.1048024 -0.8148971 2.731783 0.06289279 -0.9398127 2.410734 0.1613583 -0.8734341 2.813031
0.04516829 0.7587928 2.455538 0.04527453 0.5751472 2.429438 0.001587257 0.3896595 2.283301 0.2037948 0.5013122 2.626594 0.2487195 0.3670584 2.18213 0.3571016 0.3558229 2.559352 0.394148 0.5467647 2.309488 0.4310358 0.5169832 2.35495 0.4108534 0.6125233 2.279558 0.4037288 0.6080864 2.266646 0.06058766 0.1377692 2.443922 0.1036263 0.0559796 2.424346 0.04995264 0.001039852 2.400686 0.1671343 0.006266902 2.443696 0.05053583 -0.4795242 2.415402 0.1370381 -0.439303 2.695563 -0.008855676 -0.8681877 2.432832 0.1053671 -0.8160015 2.732177 0.06280456 -0.9398135 2.410403 0.1612778 -0.8759709 2.812845
0.04315906 0.7589085 2.455587 0.04521253 0.575268 2.429639 0.001600099 0.390537 2.283062 0.2037328 0.5014331 2.626795 0.2495974 0.3671044 2.182728 0.3570326 0.3559504 2.559554 0.3982996 0.5455421 2.309512 0.432729 0.5187725 2.356773 0.4135669 0.6107775 2.277728 0.4051166 0.6062444 2.263616 0.05981759 0.1382458 2.443485 0.1027331 0.05650868 2.423741 0.04901034 0.001847674 2.400271 0.1663281 0.006783152 2.442698 0.05054417 -0.4791882 2.415212 0.136825 -0.4391917 2.695433 -0.008758072 -0.8681821 2.432805 0.1054147 -0.81481 2.730936 0.06304669 -0.9398217 2.410465 0.1549493 -0.8669274 2.820748
0.04234646 0.7591105 2.456542 0.04510657 0.575399 2.429744 0.001880266 0.3905965 2.283167 0.2036269 0.501564 2.6269 0.2501048 0.3669367 2.183362 0.3569196 0.3560882 2.559661 0.4009528 0.5459141 2.309731 0.4405248 0.5220228 2.369449 0.4157132 0.611508 2.278448 0.4121762 0.6048871 2.266562 0.05957384 0.1384347 2.443429 0.1025405 0.05667562 2.423702 0.04890752 0.002003266 2.400304 0.166115 0.007111822 2.442571 0.05051037 -0.4789439 2.415087 0.1365978 -0.4386333 2.695388 -0.008886117 -0.8680887 2.432888 0.1083508 -0.8205117 2.735418 0.06239082 -0.9392289 2.411201 0.1603084 -0.8827143 2.817091
0.04265651 0.7592168 2.45649 0.04523576 0.5754965 2.429862 0.002644479 0.390924 2.283152 0.2037561 0.5016615 2.627019 0.2501336 0.3668362 2.183453 0.3570417 0.3561924 2.559781 0.4022322 0.5451181 2.310881 0.4407947 0.5204713 2.36801 0.4152274 0.6108427 2.279092 0.4119324 0.6043616 2.266165 0.05955825 0.1384469 2.443378 0.1025657 0.05667912 2.423701 0.04906174 0.00204774 2.40051 0.1662021 0.007216962 2.442382 0.0504275 -0.4788306 2.415006 0.1365708 -0.4386296 2.695375 -0.009103635 -0.8675529 2.433627 0.108287 -0.820523 2.735369 0.06196529 -0.9392474 2.41052 0.1567809 -0.8714309 2.826483
0.04197089 0.7593801 2.456401 0.04534186 0.5756823 2.430164 0.002865642 0.3909172 2.283117 0.2038622 0.5018474 2.62732 0.250114 0.3665658 2.18358 0.3571406 0.3563851 2.560084 0.4026514 0.544506 2.31254 0.4402025 0.5204294 2.36743 0.415387 0.6109649 2.282204 0.4111831 0.6045771 2.26736 0.05953317 0.1383962 2.443377 0.1025528 0.05656173 2.423712 0.04906803 0.001988604 2.40059 0.1662188 0.007013492 2.442286 0.05039173 -0.4786997 2.414951 0.137567 -0.4437526 2.69588 -0.008981358 -0.867522 2.433582 0.1073779 -0.8188673 2.735043 0.06209522 -0.9392357 2.410553 0.1608889 -0.9040392 2.774229
0.04122978 0.7595406 2.45658 0.0453407 0.5758382 2.430337 0.002900822 0.391035 2.282939 0.203861 0.5020033 2.627494 0.2505551 0.3662109 2.183779 0.3571323 0.3565477 2.560258 0.4053137 0.547249 2.317449 0.4397889 0.5236875 2.366219 0.4132335 0.613519 2.285126 0.4105974 0.607021 2.274814 0.05966707 0.1383438 2.443379 0.1028192 0.05646363 2.42371 0.04949178 0.001814596 2.400813 0.1667162 0.006970041 2.442056 0.05032887 -0.4791399 2.415103 0.1377156 -0.4443477 2.69579 -0.009529689 -0.8687075 2.433794 0.1068449 -0.8194802 2.735143 0.06188142 -0.9394668 2.410831 0.1598565 -0.8702871 2.8238
0.0411719 0.7595268 2.456264 0.04577551 0.575883 2.430896 0.002986194 0.3910894 2.282641 0.2042958 0.5020481 2.628052 0.2512236 0.3646992 2.182793 0.3575602 0.3565992 2.560817 0.4096755 0.5501695 2.326077 0.4399401 0.5240506 2.364753 0.4142932 0.623004 2.312923 0.4040588 0.613566 2.289518 0.05984785 0.1379291 2.443632 0.1030302 0.05586044 2.423981 0.0498591 0.001139418 2.401273 0.1668985 0.006167744 2.442212 0.05021266 -0.479277 2.415194 0.1378395 -0.445627 2.695918 -0.009532992 -0.8683566 2.43344 0.106357 -0.8187492 2.735489 0.06178917 -0.9394503 2.410769 0.159426 -0.8703604 2.823678
0.04113415 0.75965 2.456173 0.04592363 0.5759906 2.430804 0.003098652 0.3909861 2.282486 0.2044439 0.5021557 2.627961 0.2493694 0.3609541 2.179305 0.3577011 0.3567135 2.560726 0.4039954 0.5489768 2.325477 0.4235299 0.557754 2.349167 0.403685 0.6219254 2.312195 0.4044152 0.6280328 2.324692 0.06044994 0.1370528 2.443925 0.1038799 0.05449783 2.424479 0.05080979 -0.0001808933 2.402048 0.1680253 0.004378564 2.442753 0.05002011 -0.4794628 2.415073 0.1401477 -0.4529607 2.697381 -0.009617212 -0.8678055 2.433244 0.1062475 -0.8179221 2.735706 0.06164068 -0.9395148 2.410738 0.162722 -0.8731421 2.819506
0.04127719 0.7596662 2.455853 0.04585562 0.5759975 2.430683 0.003534341 0.3905567 2.282336 0.2043759 0.5021626 2.627839 0.2469929 0.3572814 2.175389 0.3576256 0.3567275 2.560606 0.3732938 0.5504282 2.339347 0.3980325 0.5900527 2.377787 0.3823861 0.6084305 2.294055 0.4063242 0.6380378 2.334482 0.06022106 0.1363934 2.444079 0.1036468 0.05355146 2.424809 0.05073608 -0.0006760519 2.402014 0.1675779 0.002822604 2.443985 0.05018706 -0.4790248 2.415206 0.1401218 -0.4533774 2.697757 -0.009600102 -0.8676962 2.433259 0.1054375 -0.8168828 2.734823 0.06092034 -0.9387689 2.411109 0.165102 -0.9042935 2.770949
0.04143339 0.7594895 2.456189 0.04542593 0.5756786 2.429628 0.003541312 0.3903705 2.282181 0.2039462 0.5018437 2.626784 0.2402564 0.3503222 2.168163 0.3571881 0.356416 2.559552 0.4378661 0.4863855 2.288797 0.3961613 0.6001775 2.391794 0.4147335 0.5732685 2.333335 0.4104544 0.6614786 2.375108 0.0613425 0.1347469 2.44483 0.1054424 0.05136072 2.426207 0.05268927 -0.002429436 2.403672 0.1699779 0.0004382725 2.445858 0.05016261 -0.4790339 2.415182 0.1473224 -0.4613941 2.702368 -0.009563291 -0.8681613 2.433377 0.1051434 -0.816613 2.734264 0.06121102 -0.9388719 2.411116 0.164221 -0.873786 2.814922
0.04155025 0.7592233 2.456178 0.04563486 0.5753639 2.429203 0.003991622 0.3894995 2.281548 0.2041551 0.501529 2.626359 0.235149 0.3437001 2.161331 0.357389 0.3561089 2.559128 0.4116052 0.4400064 2.224497 0.3988795 0.6073354 2.405726 0.4723021 0.5039866 2.272375 0.4128796 0.6681146 2.391402 0.06256567 0.1331615 2.445258 0.1068791 0.04962136 2.42686 0.05429959 -0.004255491 2.404176 0.1716063 -0.001377458 2.44694 0.05045416 -0.4800819 2.415633 0.1487605 -0.4633022 2.703353 -0.009604213 -0.8692343 2.433768 0.1048302 -0.8178579 2.735797 0.06136413 -0.939164 2.411272 0.1654403 -0.9048184 2.780856
0.04262835 0.7589931 2.456953 0.04564111 0.5749811 2.428296 0.003884746 0.389247 2.281267 0.2041614 0.5011461 2.625452 0.2305508 0.3368972 2.155521 0.357387 0.355734 2.558222 0.4073288 0.4344325 2.216323 0.3981716 0.6020771 2.45535 0.4727457 0.499412 2.255954 0.4124263 0.680995 2.438738 0.06510597 0.1317337 2.445929 0.1102414 0.04812739 2.42794 0.05786441 -0.00651688 2.404259 0.1767663 -0.00287785 2.450129 0.05050444 -0.4794542 2.415447 0.1574538 -0.4667139 2.706559 -0.00959603 -0.8689772 2.433364 0.104713 -0.8174949 2.73582 0.06137333 -0.9393947 2.41126 0.1629534 -0.8757804 2.816316
0.04284848 0.7585691 2.456877 0.04580704 0.574527 2.428085 0.003574836 0.3890533 2.280865 0.2043273 0.500692 2.625242 0.2293557 0.3319643 2.151791 0.3575447 0.3552876 2.558012 0.408579 0.4314888 2.203506 0.401354 0.6006037 2.473795 0.4733446 0.5018234 2.234084 0.4178643 0.6834157 2.461099 0.06750682 0.1298026 2.447206 0.1130124 0.04615112 2.429476 0.06032179 -0.00870786 2.405756 0.1801551 -0.00478739 2.451859 0.05039814 -0.4797398 2.415478 0.1609098 -0.4689423 2.708397 -0.0101664 -0.8741373 2.433062 0.1047474 -0.8178617 2.735606 0.06140138 -0.9406434 2.412732 0.1629738 -0.8758222 2.816361
0.04324176 0.7578723 2.455551 0.04625535 0.5738644 2.427619 0.003556319 0.3887935 2.280683 0.2047756 0.5000294 2.624775 0.2268851 0.3216192 2.144751 0.3579851 0.3546325 2.557547 0.4069637 0.4268229 2.183957 0.4102552 0.6006707 2.523418 0.4710599 0.5013542 2.204405 0.4322371 0.6915404 2.513572 0.06852986 0.1285492 2.448145 0.1140012 0.04483316 2.430608 0.06177091 -0.01043192 2.410017 0.1807823 -0.005629526 2.451617 0.05067309 -0.4790752 2.415373 0.160129 -0.4714292 2.709352 -0.01001433 -0.8736656 2.433004 0.1056807 -0.8190206 2.736099 0.06201133 -0.9405497 2.412562 0.1578536 -0.8753059 2.822038
0.04678294 0.756795 2.453032 0.04672527 0.5728152 2.426189 0.003382389 0.388075 2.279812 0.2052456 0.4989802 2.623345 0.224325 0.314288 2.138091 0.3584473 0.3535906 2.556117 0.4074553 0.4217604 2.158972 0.4121519 0.6023726 2.540884 0.4727837 0.4964701 2.174364 0.4362678 0.6991694 2.53648 0.07291177 0.128244 2.449711 0.1196299 0.0451609 2.432967 0.07528789 -0.009191644 2.433283 0.1883917 -0.006125152 2.443059 0.05065172 -0.4795544 2.415619 0.1755941 -0.4872831 2.715866 -0.01001436 -0.8739154 2.433092 0.1055692 -0.8189712 2.735959 0.0616416 -0.9405393 2.412685 0.1649778 -0.9044567 2.777781
0.04889981 0.7557261 2.45132 0.04724435 0.5717994 2.425323 0.0033762 0.3881254 2.278815 0.2057646 0.4979644 2.622479 0.2157587 0.3070267 2.13009 0.3589586 0.3525822 2.555252 0.4028405 0.4121156 2.131452 0.4196135 0.6053975 2.583504 0.4443132 0.4635654 2.122413 0.4446469 0.7014908 2.591567 0.07331176 0.128027 2.449739 0.1198703 0.04501434 2.432991 0.07575788 -0.01483674 2.388935 0.1871553 -0.01690396 2.471868 0.05098109 -0.4804665 2.415886 0.1800645 -0.4931436 2.718927 -0.009909956 -0.8736807 2.433132 0.1057518 -0.8188386 2.736398 0.06198893 -0.9406665 2.412551 0.1653134 -0.8764392 2.816483
0.05181121 0.7552199 2.45004 0.04756086 0.5713601 2.424569 0.002173931 0.3883129 2.278935 0.2060812 0.4975251 2.621725 0.2082936 0.2992637 2.122605 0.3592673 0.3521503 2.554498 0.4000232 0.3963866 2.100977 0.4284374 0.6127899 2.611036 0.4422588 0.4588361 2.101759 0.44676 0.6938798 2.610111 0.07348471 0.1280245 2.44977 0.1198981 0.04499707 2.432916 0.07518807 -0.01507923 2.387661 0.1869133 -0.01778951 2.473494 0.05132189 -0.4805885 2.415948 0.1817664 -0.4954444 2.719305 -0.009912352 -0.8725954 2.433276 0.1058074 -0.8176445 2.735412 0.06160249 -0.939961 2.41281 0.1589225 -0.872191 2.821938
0.05704464 0.7551293 2.450518 0.0485786 0.571254 2.423023 0.001176573 0.3893417 2.27965 0.2070989 0.497419 2.620179 0.1985432 0.2909482 2.114701 0.3602774 0.3520514 2.552953 0.3933809 0.3789313 2.077712 0.4301114 0.6094651 2.639825 0.4299234 0.4213039 2.061483 0.4545121 0.6880004 2.661395 0.0741302 0.1280297 2.449652 0.1202253 0.0449167 2.432683 0.07508345 -0.01524997 2.386606 0.1874087 -0.01876586 2.474714 0.05137393 -0.480502 2.415919 0.1841181 -0.4985764 2.719699 -0.009987569 -0.870971 2.433162 0.1057893 -0.8173967 2.7354 0.06132774 -0.9399964 2.412633 0.1638402 -0.9016892 2.770681
0.0611468 0.7543702 2.450151 0.0497453 0.5705607 2.421531 0.001167417 0.3897034 2.279533 0.2082656 0.4967257 2.618687 0.1893232 0.2841773 2.106318 0.3614366 0.3513653 2.551462 0.3915232 0.3706636 2.055032 0.4368127 0.5977964 2.673053 0.4446403 0.4246562 2.04511 0.4733699 0.6872207 2.7005 0.07602105 0.126376 2.449355 0.1219729 0.04305308 2.432391 0.07530633 -0.01601662 2.387314 0.1889545 -0.01960504 2.474165 0.05035601 -0.4852428 2.416222 0.1853736 -0.4999222 2.719471 -0.009664347 -0.8727354 2.433938 0.1057889 -0.818023 2.735531 0.06136411 -0.9400986 2.412625 0.16389 -0.9017733 2.770506
0.06344678 0.7540362 2.452509 0.05052672 0.5701394 2.420764 0.000913808 0.3940278 2.278144 0.209047 0.4963044 2.61792 0.1705988 0.2745921 2.099247 0.3622105 0.3509512 2.550696 0.3680007 0.3191806 2.013018 0.4348457 0.5867901 2.691323 0.4490652 0.3781226 2.019511 0.4554398 0.6467162 2.729998 0.07610291 0.1262564 2.448879 0.1219216 0.04290051 2.43188 0.07489095 -0.01596483 2.385098 0.1883788 -0.02073097 2.4747 0.05097169 -0.4845389 2.416024 0.1866676 -0.5015836 2.719138 -0.009403924 -0.8710915 2.434306 0.1054914 -0.8177509 2.735551 0.06122273 -0.9400025 2.412736 0.1636637 -0.901883 2.770318
0.06461994 0.754397 2.453892 0.05136025 0.5704371 2.420307 0.001465952 0.3936645 2.278012 0.2098805 0.4966021 2.617464 0.1789657 0.2530554 2.077641 0.3630399 0.3512528 2.550239 0.3724666 0.3151486 1.993823 0.4363764 0.5686969 2.715585 0.4089338 0.3450823 1.963773 0.4535839 0.6352509 2.743594 0.07744893 0.1249175 2.448333 0.1232609 0.04109945 2.431178 0.07567531 -0.01717417 2.384894 0.1892574 -0.02237356 2.474343 0.051277 -0.4846664 2.416079 0.1881426 -0.5051514 2.718081 -0.009441819 -0.8713058 2.434396 0.106342 -0.8178567 2.735822 0.06139891 -0.9401355 2.412764 0.1614363 -0.905036 2.765168
0.06569257 0.754091 2.453778 0.05239215 0.5700936 2.419608 0.004435288 0.3996313 2.274939 0.2109125 0.4962586 2.616764 0.1146411 0.2616619 2.098589 0.3640609 0.3509197 2.54954 0.3451208 0.2925279 1.979014 0.4346427 0.5611572 2.724328 0.40546 0.3325767 1.929339 0.4514827 0.6259778 2.756321 0.08199008 0.1220415 2.448113 0.1286983 0.03791433 2.431482 0.07977514 -0.01848887 2.386618 0.1945984 -0.02424673 2.474248 0.05120768 -0.4854565 2.41626 0.2051653 -0.5105016 2.722241 -0.009532426 -0.8704502 2.434238 0.1062005 -0.8178087 2.73554 0.06155366 -0.9398745 2.412613 0.1617218 -0.9051565 2.765505
0.06656388 0.7540941 2.453921 0.0525918 0.5701182 2.419524 0.005281456 0.4004021 2.27327 0.2111121 0.4962832 2.61668 0.1136259 0.2604518 2.097005 0.3642495 0.3509548 2.549458 0.3255605 0.2692599 1.952903 0.4209725 0.5118211 2.771597 0.4068499 0.3189346 1.913317 0.4603834 0.5745801 2.775605 0.08379431 0.1208544 2.448203 0.1308629 0.03656601 2.431732 0.08244855 -0.01965271 2.386818 0.1966804 -0.02556654 2.475079 0.05118654 -0.4863321 2.416501 0.2087483 -0.5126364 2.723746 -0.009658935 -0.8701976 2.434367 0.1053689 -0.818505 2.735192 0.06176986 -0.9398347 2.41256 0.1618991 -0.9045268 2.766674
0.06746969 0.7536924 2.453844 0.05364624 0.5696797 2.419194 0.005840123 0.4012042 2.272056 0.2121665 0.4958447 2.61635 0.1124301 0.2581249 2.09359 0.3652932 0.3505266 2.549129 0.281717 0.2411412 1.948649 0.4248121 0.5035961 2.775705 0.3857175 0.2807192 1.880256 0.4681816 0.5609058 2.794215 0.08589455 0.1167159 2.448884 0.1329979 0.03143375 2.432694 0.08278171 -0.02322037 2.392497 0.1997885 -0.02880821 2.472697 0.05115824 -0.4876446 2.416408 0.2095025 -0.5152214 2.72345 -0.009606141 -0.8699352 2.434277 0.1047143 -0.820528 2.735462 0.06184505 -0.939798 2.412542 0.1591834 -0.8830141 2.81558
0.06882264 0.7534971 2.454684 0.0546568 0.5694634 2.419048 0.007337597 0.4023148 2.270382 0.2131771 0.4956284 2.616204 0.1089897 0.2543767 2.086728 0.3662935 0.3503199 2.548984 0.2776196 0.2323717 1.941709 0.4000177 0.4421694 2.807496 0.373792 0.2604712 1.86425 0.4603139 0.5127476 2.831476 0.08681936 0.1161331 2.448712 0.1338776 0.03090559 2.432611 0.08389108 -0.02344343 2.392476 0.2003447 -0.02923858 2.47261 0.05127957 -0.4878878 2.416397 0.2107131 -0.5173901 2.723558 -0.009817376 -0.8691179 2.434932 0.1043868 -0.8220092 2.736692 0.06113048 -0.9386712 2.412523 0.1618554 -0.9064136 2.776202
0.07074932 0.7533112 2.455952 0.05546129 0.5693184 2.418911 0.01112211 0.4030281 2.269915 0.2139816 0.4954835 2.616067 0.1168309 0.2203556 2.06008 0.367093 0.3501798 2.548847 0.2872103 0.2117605 1.90502 0.4074892 0.4298159 2.812146 0.3538196 0.2334392 1.839311 0.4681678 0.4969144 2.855785 0.0885255 0.1137359 2.449324 0.1358848 0.02801057 2.433684 0.08513934 -0.02461927 2.393893 0.2021345 -0.03093202 2.473129 0.051218 -0.4882975 2.416348 0.211683 -0.5181945 2.723985 -0.009739396 -0.8683676 2.43488 0.10418 -0.8224444 2.736687 0.06103881 -0.9385697 2.412489 0.1620271 -0.9064088 2.775969
0.07116522 0.7533041 2.456163 0.05693599 0.5691953 2.418395 0.01830392 0.4027702 2.268479 0.2154563 0.4953603 2.615551 0.1156893 0.2186772 2.05939 0.3685623 0.3500617 2.548331 0.2691461 0.193256 1.89751 0.4073961 0.4076901 2.817242 0.3412176 0.2171915 1.832838 0.4639587 0.4329914 2.858145 0.08995569 0.1115726 2.449486 0.1376119 0.02539608 2.434535 0.0866569 -0.02589497 2.397063 0.2033847 -0.03181745 2.472552 0.05122834 -0.4883035 2.416339 0.2123875 -0.5179416 2.723956 -0.009720334 -0.8682466 2.434819 0.1049032 -0.822165 2.736822 0.06124563 -0.9385824 2.412494 0.1624521 -0.9090626 2.779849
0.07086331 0.7532049 2.456417 0.05744794 0.5690054 2.417734 0.02454341 0.4038964 2.266187 0.2159683 0.4951704 2.614891 0.1131007 0.2160239 2.059859 0.3690684 0.3498773 2.54767 0.2650267 0.1877334 1.896939 0.4034285 0.3901039 2.820141 0.3346062 0.1998597 1.827105 0.460112 0.4258058 2.85218 0.08962618 0.1110851 2.44879 0.1374858 0.02487558 2.434377 0.08680453 -0.02577923 2.397005 0.2026043 -0.03229642 2.472352 0.05128744 -0.488414 2.416548 0.2126597 -0.517309 2.723712 -0.009725776 -0.868236 2.434788 0.1048317 -0.8213708 2.736794 0.06145897 -0.9389307 2.411487 0.1618424 -0.8775071 2.819832
0.07081666 0.7530197 2.456591 0.05837793 0.568727 2.417183 0.02858659 0.4038774 2.26377 0.2168983 0.494892 2.614339 0.09759615 0.1982422 2.053768 0.3699943 0.3496029 2.547118 0.2567633 0.1759646 1.897525 0.3852148 0.3561806 2.82396 0.3273397 0.1785932 1.815646 0.4437291 0.3888123 2.855999 0.0938554 0.1171973 2.446958 0.1430159 0.03478054 2.432325 0.1037643 -0.005285685 2.409664 0.203841 -0.008431737 2.452489 0.05138715 -0.4886597 2.416694 0.2129372 -0.5169875 2.72324 -0.009485195 -0.8672422 2.434381 0.1044047 -0.8209027 2.735422 0.06074919 -0.9390817 2.411048 0.1613222 -0.8768778 2.818652
0.07105304 0.7528437 2.456997 0.0597631 0.568456 2.416515 0.03061078 0.4042643 2.263318 0.2182835 0.4946209 2.613671 0.08032549 0.1962288 2.059003 0.3713744 0.3493367 2.54645 0.2359597 0.1521204 1.903957 0.3842663 0.3509952 2.823464 0.2871083 0.152816 1.826566 0.4604467 0.3932759 2.873514 0.09609655 0.1194573 2.446797 0.1451787 0.03731702 2.432369 0.1053135 -0.004144944 2.411402 0.204363 -0.007550166 2.451905 0.05172734 -0.4898995 2.417139 0.214108 -0.5159132 2.723226 -0.009217024 -0.8684534 2.434422 0.1050972 -0.8196607 2.73529 0.06050879 -0.9391924 2.410558 0.1621086 -0.8765184 2.817872
0.07288951 0.7528961 2.455718 0.0605236 0.5685579 2.416511 0.03221097 0.4042102 2.262733 0.2190439 0.4947228 2.613667 0.08197264 0.2125828 2.072976 0.3721271 0.349446 2.546447 0.2224126 0.1480073 1.910126 0.3841511 0.3470566 2.823477 0.2879718 0.1482531 1.822107 0.4545115 0.387004 2.905866 0.09702441 0.1205616 2.446639 0.146027 0.03841467 2.432271 0.1060967 -0.003490129 2.412252 0.2044629 -0.00720635 2.451381 0.05171647 -0.4906058 2.417179 0.2144854 -0.516313 2.722867 -0.009409564 -0.8697968 2.434848 0.1057521 -0.8200415 2.735765 0.0605806 -0.9392443 2.410533 0.1594671 -0.8712716 2.824072
0.07497379 0.7525632 2.454098 0.06158786 0.5682861 2.416219 0.03358907 0.4041542 2.262244 0.2201082 0.494451 2.613375 0.08330564 0.2079915 2.072686 0.3731837 0.3491815 2.546155 0.2221966 0.1464657 1.907139 0.3843454 0.3456748 2.823193 0.2844001 0.1441869 1.820726 0.4592411 0.3907576 2.872824 0.09733406 0.1208205 2.446498 0.14624 0.03857956 2.432198 0.1063545 -0.00338364 2.412882 0.2043649 -0.007327174 2.450658 0.05175301 -0.4906348 2.417173 0.2147285 -0.516822 2.722632 -0.009147506 -0.8694412 2.434662 0.1050784 -0.8202166 2.73547 0.06047345 -0.9391913 2.410893 0.1631721 -0.8745254 2.819057
0.07416987 0.7525268 2.45448 0.06202178 0.5681379 2.41608 0.03472525 0.403916 2.261684 0.2205421 0.4943029 2.613236 0.08166613 0.2124854 2.077329 0.3736092 0.3490413 2.546017 0.2164222 0.1456902 1.910308 0.3842659 0.3449382 2.82305 0.2838332 0.1429275 1.821354 0.4593057 0.390805 2.871785 0.09769481 0.1208565 2.446539 0.1466054 0.03857525 2.432349 0.1066199 -0.003594217 2.41296 0.2045556 -0.007671081 2.451137 0.05183564 -0.490648 2.417211 0.2158048 -0.5160848 2.723118 -0.008958678 -0.8689684 2.43436 0.1030217 -0.8188641 2.731486 0.06058134 -0.9389772 2.410542 0.1567563 -0.8684447 2.820771
0.07447162 0.7523795 2.454316 0.062442 0.5679626 2.415963 0.03481725 0.4038491 2.26162 0.2209623 0.4941275 2.613119 0.08102365 0.2149993 2.079262 0.3740206 0.3488743 2.545901 0.2141007 0.1454681 1.912008 0.3909115 0.3517718 2.822635 0.2866762 0.1404257 1.812316 0.4650753 0.3939659 2.914177 0.09798206 0.1213543 2.446445 0.1468263 0.03916239 2.432222 0.1068085 -0.003168777 2.413504 0.2044336 -0.00741712 2.450433 0.05188239 -0.4911421 2.417212 0.2159258 -0.5170335 2.722982 -0.009203378 -0.8708155 2.43526 0.1060429 -0.8203321 2.735723 0.06074997 -0.9392331 2.410469 0.1623701 -0.8723399 2.822003
0.07493052 0.7523645 2.453723 0.06264194 0.5679479 2.415824 0.03485122 0.4038169 2.261614 0.2211622 0.4941128 2.61298 0.08065709 0.2178382 2.081495 0.3742113 0.3488684 2.545763 0.214648 0.1516052 1.913597 0.391694 0.3544315 2.822405 0.2855625 0.1420612 1.81484 0.4575616 0.3948341 2.904357 0.09832548 0.1219454 2.446382 0.1471426 0.03984267 2.432163 0.1070772 -0.002795278 2.413777 0.2044349 -0.007216519 2.450267 0.051936 -0.4910703 2.417119 0.2162555 -0.5177692 2.723127 -0.008889885 -0.8702956 2.435194 0.1054539 -0.8208025 2.735243 0.06083832 -0.939117 2.410487 0.1640276 -0.8739422 2.81933
0.0755301 0.7522768 2.453265 0.06309009 0.5678579 2.415989 0.03614508 0.4027797 2.26268 0.2216104 0.4940228 2.613145 0.08102552 0.2241691 2.083158 0.3746496 0.3487877 2.54593 0.2154149 0.1546677 1.917072 0.3996938 0.3708214 2.821211 0.2900839 0.1519107 1.818021 0.4686433 0.4145424 2.901196 0.09937973 0.1219571 2.446777 0.1482917 0.0398397 2.432611 0.1109149 -0.005185974 2.421384 0.2053284 -0.0065581 2.447456 0.05195587 -0.4910156 2.417093 0.2166106 -0.5178991 2.723346 -0.008932064 -0.8698224 2.435189 0.1047652 -0.82078 2.733504 0.06059485 -0.9391861 2.411145 0.1638149 -0.8734376 2.817584
0.0757996 0.752143 2.453503 0.06327093 0.5677046 2.415871 0.03612176 0.4028786 2.262898 0.2217912 0.4938696 2.613027 0.08215436 0.2281013 2.083685 0.3748201 0.3486442 2.545813 0.264125 0.1702537 1.886315 0.4021611 0.3775469 2.820258 0.3148667 0.1700184 1.819093 0.4700871 0.4196149 2.900011 0.1003086 0.1220794 2.446988 0.1493993 0.04005036 2.432893 0.1118845 -0.005832854 2.422355 0.2062348 -0.005532951 2.446685 0.05196104 -0.4908112 2.416991 0.2170106 -0.5168477 2.723685 -0.008913311 -0.8693712 2.435499 0.1071407 -0.8210188 2.737771 0.06043021 -0.938898 2.412252 0.1655579 -0.8770953 2.820083
0.07594219 0.7521114 2.453228 0.06339414 0.5676548 2.415737 0.03580705 0.4015728 2.265114 0.2219145 0.4938198 2.612893 0.08001842 0.214303 2.081618 0.3749343 0.3486031 2.54568 0.2397658 0.1887131 1.926739 0.4135946 0.3953059 2.81645 0.3191798 0.1846303 1.833525 0.4676339 0.4289097 2.854942 0.09936179 0.1130146 2.449054 0.1476822 0.02604377 2.435967 0.1011578 -0.02293986 2.413946 0.2103245 -0.03317947 2.465521 0.05188878 -0.4912945 2.416998 0.2173796 -0.5168504 2.724063 -0.009087427 -0.8708908 2.434884 0.1067524 -0.8203629 2.73685 0.06098967 -0.9398068 2.412483 0.1656311 -0.8768515 2.818568
0.07552792 0.7520562 2.452555 0.06327941 0.5675685 2.415668 0.03599007 0.4030567 2.264875 0.2217997 0.4937335 2.612824 0.09994171 0.2138386 2.073159 0.3748115 0.3485243 2.545611 0.2574284 0.1925848 1.915079 0.421106 0.4102767 2.812324 0.3350729 0.2078537 1.838208 0.4782495 0.4659 2.863907 0.09837028 0.1120023 2.448688 0.1467037 0.02523956 2.435523 0.09910522 -0.02343158 2.406622 0.2086577 -0.03339112 2.466934 0.05316287 -0.4884895 2.416207 0.2175844 -0.5166459 2.72423 -0.00897784 -0.8700089 2.434525 0.1067382 -0.8202964 2.736804 0.06104682 -0.9396844 2.412353 0.1628078 -0.9069614 2.760521
0.07391904 0.7521707 2.451883 0.06327093 0.5675743 2.415571 0.032724 0.4026495 2.267635 0.2217912 0.4937393 2.612727 0.09909475 0.2305547 2.082384 0.3747936 0.3485391 2.545516 0.2592444 0.2036309 1.928246 0.4261391 0.4210379 2.808733 0.3534046 0.2334602 1.84799 0.4779911 0.4669679 2.835869 0.09803199 0.1121219 2.448689 0.1459211 0.02557321 2.434935 0.09725617 -0.02342725 2.401052 0.2080598 -0.03312976 2.467933 0.05318499 -0.4885355 2.416106 0.2178029 -0.5163019 2.724253 -0.008783192 -0.869175 2.433884 0.1068752 -0.8192046 2.736602 0.06130116 -0.9394239 2.411925 0.159724 -0.8719862 2.824705
0.07301741 0.7520946 2.45129 0.06310714 0.5674489 2.415529 0.0291295 0.4007034 2.268714 0.2216274 0.4936138 2.612684 0.1007162 0.2375464 2.086188 0.3746197 0.3484232 2.545474 0.2741352 0.2268459 1.946367 0.4431767 0.4563183 2.792958 0.3640805 0.2559005 1.868877 0.4951913 0.5020716 2.820105 0.09789109 0.1118993 2.448842 0.1456299 0.02545355 2.434713 0.09663037 -0.02421013 2.399923 0.2080574 -0.03308599 2.468128 0.05376559 -0.4873425 2.415696 0.2176724 -0.5159611 2.724198 -0.008586354 -0.8687689 2.433525 0.1070476 -0.8189854 2.736379 0.06147385 -0.9392853 2.411598 0.1645649 -0.9103522 2.777445
0.06766462 0.7525813 2.452705 0.06232356 0.5677029 2.415752 0.02555625 0.4003884 2.268966 0.2208439 0.4938679 2.612908 0.1037328 0.2433737 2.089924 0.3738254 0.3486874 2.545699 0.3169131 0.2556664 1.954431 0.4716397 0.503048 2.758137 0.397962 0.2957558 1.892424 0.5193176 0.5601657 2.758836 0.09794605 0.1119555 2.449077 0.1455959 0.02565273 2.434683 0.09668374 -0.02428479 2.399757 0.2084371 -0.03205793 2.468726 0.05372145 -0.4871762 2.415671 0.2177705 -0.5153664 2.72433 -0.008166951 -0.868466 2.433184 0.107963 -0.8200673 2.737193 0.06225447 -0.9393279 2.411222 0.1646181 -0.8821349 2.816458
0.06794356 0.752681 2.4526 0.0616544 0.5678118 2.415667 0.01881327 0.3984087 2.267536 0.2201747 0.4939768 2.612822 0.1088526 0.2493446 2.092546 0.3731452 0.3488068 2.545615 0.3258886 0.2689553 1.967715 0.4741538 0.5134019 2.749224 0.4112909 0.314959 1.934313 0.5295477 0.5920823 2.762983 0.09791011 0.1120585 2.449388 0.1453677 0.02584823 2.434542 0.09597085 -0.02453404 2.399231 0.2087848 -0.03178721 2.468941 0.05374268 -0.4872001 2.415612 0.2178985 -0.5146765 2.724278 -0.008167158 -0.8684136 2.433187 0.1080026 -0.8201086 2.737262 0.06242168 -0.9393087 2.411323 0.1630075 -0.8807947 2.818747
