-0.09372268 0.8336698 2.478631 -0.1069829 0.6378214 2.502963 -0.2848903 0.5319454 2.540896 0.05888689 0.5066326 2.528802 -0.4643339 0.3583692 2.581425 0.1941606 0.3173264 2.553335 -0.68357 0.2438429 2.510805 0.3830604 0.1754566 2.479264 -0.761735 0.1975616 2.462016 0.4530289 0.1165549 2.43165 -0.1188479 0.2739423 2.5309 -0.1212699 0.2010854 2.532815 -0.2027567 0.1274767 2.534348 -0.04422401 0.1178696 2.537746 -0.2485572 -0.4195573 2.672426 -0.01195123 -0.4540723 2.665241 -0.2394384 -0.8139575 2.744049 0.005371057 -0.8496011 2.758744 -0.2981912 -0.8949547 2.742211 0.04734687 -0.9166442 2.713086
-0.09491578 0.8338486 2.477245 -0.1078873 0.6380578 2.502832 -0.2871595 0.532686 2.540324 0.06007178 0.5079887 2.529491 -0.515 0.3739009 2.563435 0.194904 0.3313597 2.546756 -0.705054 0.2734981 2.506465 0.4002506 0.196899 2.472526 -0.7992975 0.2468092 2.474248 0.4780554 0.1487537 2.424981 -0.1189312 0.274723 2.529593 -0.1211456 0.202041 2.531973 -0.202959 0.1279725 2.533231 -0.04347206 0.1184039 2.536843 -0.2487122 -0.4200726 2.671614 -0.01182464 -0.4544715 2.664549 -0.2392064 -0.816291 2.74513 0.003395705 -0.8525964 2.761332 -0.2984217 -0.8948919 2.742562 0.04563662 -0.9178886 2.709494
-0.09542458 0.8338108 2.476767 -0.1091037 0.637688 2.502661 -0.2891398 0.5330829 2.540123 0.06131538 0.5094517 2.529995 -0.5285558 0.3926874 2.564144 0.2161805 0.3412869 2.536989 -0.719397 0.3187932 2.509151 0.4005247 0.2515644 2.483904 -0.759318 0.3057989 2.484347 0.4684317 0.2206071 2.453367 -0.1190748 0.2754303 2.528484 -0.1210937 0.2030839 2.531251 -0.2031598 0.1282793 2.532497 -0.04277055 0.1191702 2.536025 -0.2488187 -0.4199592 2.671564 -0.01149136 -0.4546476 2.663905 -0.2390661 -0.8178037 2.745701 0.004356662 -0.8507926 2.758368 -0.2986886 -0.8948282 2.743598 0.04203456 -0.9149559 2.708587
-0.09673414 0.8329294 2.476611 -0.1105001 0.636716 2.502103 -0.2928073 0.5330744 2.540399 0.06242177 0.5103295 2.530994 -0.5378224 0.4027222 2.564491 0.2425303 0.3557043 2.533464 -0.7314574 0.3421547 2.501492 0.4858085 0.249859 2.422738 -0.801404 0.345496 2.471413 0.5747506 0.2212501 2.373858 -0.1195861 0.2765667 2.527288 -0.1215068 0.2048366 2.530442 -0.2039988 0.1288302 2.531838 -0.04239017 0.120174 2.535274 -0.2485848 -0.4200912 2.669259 -0.01138825 -0.4549663 2.66369 -0.2390918 -0.8133317 2.743753 0.003812869 -0.8514431 2.756704 -0.2989142 -0.8960311 2.739807 0.04250764 -0.9160724 2.707245
-0.09709989 0.8331277 2.476445 -0.11221 0.6357497 2.501033 -0.2974651 0.5341924 2.542213 0.06257775 0.510252 2.531197 -0.5521434 0.4248357 2.56824 0.2445416 0.3612994 2.53088 -0.7501596 0.3915535 2.497246 0.4497242 0.3030329 2.448925 -0.8225305 0.3860736 2.473991 0.535473 0.2758133 2.401312 -0.1206143 0.2778612 2.525912 -0.1225012 0.2066173 2.52953 -0.205541 0.1295657 2.53109 -0.04256422 0.1211252 2.534482 -0.2488511 -0.4199274 2.668349 -0.01080061 -0.4551797 2.663146 -0.2394752 -0.8109066 2.74195 0.003068609 -0.8516288 2.759786 -0.2991564 -0.895988 2.739244 0.04261906 -0.9158882 2.706516
-0.09758112 0.8329366 2.476363 -0.1129003 0.6354625 2.500728 -0.3015528 0.5351722 2.543227 0.06309035 0.5107435 2.531646 -0.5504212 0.4444407 2.565618 0.2575306 0.375068 2.52227 -0.748794 0.4298292 2.488348 0.5002531 0.3364328 2.422556 -0.8162335 0.4469548 2.457251 0.5860019 0.3092132 2.374943 -0.1217803 0.2793704 2.52515 -0.123794 0.2086442 2.529226 -0.2078574 0.1308749 2.530863 -0.04293701 0.1217571 2.534229 -0.2482204 -0.4212072 2.667386 -0.01062459 -0.4556501 2.66284 -0.2401695 -0.8126117 2.742431 0.003458309 -0.8521272 2.758722 -0.2992167 -0.8964989 2.7394 0.04372347 -0.9178516 2.708702
-0.09887986 0.8321684 2.4761 -0.1135633 0.6355136 2.500701 -0.3036975 0.5360141 2.543243 0.06309403 0.511327 2.531705 -0.5218895 0.4689452 2.5624 0.2938479 0.3918611 2.506019 -0.7239298 0.465755 2.496107 0.5102138 0.3776136 2.40856 -0.7932601 0.4524246 2.467401 0.6015546 0.3705252 2.361246 -0.1233376 0.2805974 2.524783 -0.12549 0.2100649 2.529275 -0.2105603 0.1319142 2.531193 -0.04417841 0.1226638 2.533947 -0.2481825 -0.4240074 2.666562 -0.01028117 -0.4536796 2.660821 -0.2401919 -0.8134513 2.742726 0.004470651 -0.8480976 2.755445 -0.2990546 -0.8966616 2.739558 0.0435155 -0.9175353 2.708707
-0.09934776 0.8324529 2.476137 -0.114805 0.6358537 2.501058 -0.3058451 0.536593 2.543318 0.06402415 0.5130494 2.531643 -0.5425432 0.4803992 2.556741 0.3054477 0.4079065 2.500846 -0.7396858 0.5099554 2.480859 0.5094624 0.4205834 2.391268 -0.8095859 0.5031937 2.451251 0.589685 0.4221908 2.337208 -0.125094 0.2823584 2.524763 -0.1272948 0.212044 2.529594 -0.2133552 0.1334382 2.531808 -0.04504847 0.1233895 2.533844 -0.2486105 -0.4234779 2.665896 -0.0100925 -0.45383 2.6606 -0.2403571 -0.8116046 2.741563 0.003538532 -0.8492073 2.755874 -0.2995832 -0.8968865 2.738911 0.04363479 -0.9177988 2.708324
-0.1015524 0.8328994 2.476343 -0.1158577 0.6365158 2.502169 -0.3097822 0.5381836 2.544759 0.06579581 0.5148926 2.531533 -0.5440948 0.4957853 2.549109 0.3088433 0.4180013 2.494627 -0.7373418 0.5438719 2.472566 0.4889455 0.46382 2.385537 -0.8073062 0.5341844 2.443938 0.5731101 0.4827653 2.329062 -0.1269839 0.2854952 2.525409 -0.1293676 0.215724 2.530488 -0.2166487 0.1361925 2.533373 -0.045984 0.1246688 2.533712 -0.2487566 -0.4235409 2.665475 -0.009840833 -0.4533668 2.659883 -0.2398761 -0.813742 2.742572 0.003493127 -0.8485548 2.757517 -0.2994983 -0.8972808 2.738242 0.04331753 -0.9172797 2.708234
-0.1031351 0.8342768 2.478145 -0.1169418 0.6372218 2.503195 -0.3130158 0.540501 2.54578 0.06702625 0.5155725 2.530871 -0.5597877 0.5286071 2.533245 0.3159317 0.4436255 2.480064 -0.7916223 0.6241911 2.389357 0.5176389 0.5206577 2.334306 -0.8557753 0.6637845 2.378172 0.6005433 0.5581085 2.272589 -0.1291512 0.2884055 2.526399 -0.1317547 0.2190485 2.531791 -0.2202729 0.1391057 2.535887 -0.04765371 0.1260727 2.533842 -0.2490322 -0.4206169 2.662712 -0.009782437 -0.4534992 2.659377 -0.2393031 -0.8097863 2.741194 0.003194102 -0.8496131 2.758833 -0.2996215 -0.8964404 2.738624 0.04309733 -0.9169782 2.707921
-0.1042055 0.833543 2.479337 -0.1182985 0.6372538 2.503983 -0.3156337 0.5419608 2.546779 0.06811141 0.5163028 2.530369 -0.5721276 0.5424094 2.524912 0.291912 0.4710542 2.472636 -0.7815247 0.6675376 2.368596 0.5033573 0.5769039 2.304206 -0.8561263 0.7203124 2.320693 0.5900824 0.6239175 2.245569 -0.1303818 0.2898604 2.526648 -0.1329709 0.2207821 2.53223 -0.2219174 0.1401188 2.536795 -0.04841515 0.1269349 2.533684 -0.2489316 -0.421804 2.662986 -0.009947989 -0.4534079 2.658816 -0.2398781 -0.8119097 2.741553 0.003649152 -0.850122 2.757606 -0.300073 -0.8971444 2.739069 0.04308306 -0.9178715 2.704947
-0.1055045 0.8344814 2.479801 -0.1195014 0.6387146 2.506052 -0.3174672 0.543857 2.547233 0.0703959 0.5205257 2.528823 -0.5712255 0.5674586 2.502549 0.3267006 0.5144603 2.438431 -0.7634738 0.7097267 2.338345 0.5081439 0.6405085 2.256552 -0.8277525 0.7678909 2.296659 0.5505767 0.6793072 2.218862 -0.1313597 0.2923355 2.527284 -0.1338894 0.2233745 2.532851 -0.2231148 0.141556 2.537456 -0.04905275 0.1287963 2.533559 -0.2497071 -0.4205003 2.662483 -0.009850028 -0.4536287 2.658428 -0.2394411 -0.8095419 2.74079 0.002895697 -0.8512673 2.758419 -0.2997759 -0.89681 2.738301 0.04304489 -0.9178769 2.704988
-0.1056267 0.8349836 2.480947 -0.1197198 0.6408674 2.507543 -0.3184054 0.5462195 2.546677 0.07298233 0.5224437 2.52769 -0.5918258 0.6036314 2.478136 0.3427866 0.5151318 2.427155 -0.7398288 0.7433727 2.329592 0.471464 0.6824291 2.24846 -0.7951976 0.8111979 2.268009 0.506559 0.732051 2.202901 -0.1319073 0.2945416 2.527303 -0.1344767 0.2255236 2.532826 -0.2241862 0.1430528 2.537444 -0.04951761 0.1301387 2.533065 -0.2498761 -0.4204141 2.662522 -0.0098349 -0.4537214 2.65825 -0.2397222 -0.8089665 2.739892 0.003148235 -0.8512883 2.757703 -0.3000321 -0.8966686 2.738087 0.04298541 -0.9179434 2.704687
-0.107112 0.8362795 2.482975 -0.1191199 0.6428667 2.510477 -0.320213 0.5497309 2.546428 0.07334659 0.5228866 2.526763 -0.5870858 0.6088057 2.473895 0.3403693 0.5213004 2.422605 -0.7200877 0.7910708 2.290018 0.424868 0.7114054 2.242605 -0.7466784 0.8480358 2.246934 0.4544239 0.7714503 2.195008 -0.132368 0.2967859 2.527288 -0.1351426 0.2279735 2.532522 -0.2256779 0.1455763 2.536972 -0.05034946 0.1319928 2.531717 -0.2490565 -0.4176971 2.659688 -0.009922916 -0.453812 2.658042 -0.2392121 -0.8058828 2.738804 0.003182173 -0.8514392 2.757617 -0.2993497 -0.8953053 2.738001 0.04298578 -0.9181936 2.704979
-0.1070787 0.8378801 2.487126 -0.1208643 0.6431913 2.512309 -0.3205446 0.5521712 2.545821 0.07357378 0.5235861 2.525099 -0.5699903 0.6181206 2.465688 0.3400514 0.5643294 2.413373 -0.6822965 0.8076273 2.276513 0.39616 0.7667294 2.210533 -0.7032569 0.8696133 2.237441 0.4070864 0.8302715 2.169897 -0.1330125 0.2979224 2.527053 -0.1356908 0.2293227 2.532107 -0.2261229 0.146639 2.536579 -0.05094515 0.1337174 2.530178 -0.2492847 -0.4178286 2.659859 -0.01002147 -0.4539143 2.657814 -0.2391741 -0.8103806 2.741522 0.00246279 -0.8523107 2.758555 -0.2993919 -0.8968017 2.737734 0.04474346 -0.9183628 2.711092
-0.1069632 0.8379015 2.488033 -0.1224113 0.6427075 2.517151 -0.321288 0.5548425 2.545119 0.07490401 0.5249282 2.522929 -0.5583452 0.6286786 2.455609 0.2934704 0.5781114 2.377457 -0.6490442 0.808031 2.279 0.3532906 0.7770281 2.207658 -0.661749 0.8680968 2.22813 0.3586049 0.8399646 2.165009 -0.1335176 0.2996136 2.527146 -0.1361388 0.2316628 2.531718 -0.2267284 0.1483549 2.535892 -0.05112612 0.1357801 2.528371 -0.2501514 -0.4177532 2.660453 -0.01034869 -0.4535209 2.657361 -0.2392173 -0.810255 2.741257 0.003014849 -0.8515322 2.758747 -0.2996385 -0.8967432 2.737787 0.0446282 -0.9180998 2.71103
-0.1069032 0.8370598 2.491016 -0.1230017 0.6439939 2.519744 -0.3215722 0.5561646 2.544428 0.07552177 0.5270712 2.519406 -0.5399442 0.6363903 2.444289 0.2847033 0.5852513 2.369158 -0.6115404 0.808349 2.272439 0.3178554 0.7836605 2.214195 -0.6084446 0.8657855 2.215698 0.3155663 0.8462169 2.170725 -0.133911 0.3005479 2.527207 -0.1365297 0.2325837 2.531214 -0.2271806 0.1492705 2.535228 -0.05175283 0.1368307 2.526343 -0.2512219 -0.4177933 2.660909 -0.01058561 -0.4533419 2.656785 -0.2395197 -0.8162564 2.744177 0.00313542 -0.8513283 2.757872 -0.2999026 -0.8971653 2.737793 0.04409632 -0.9182919 2.708728
-0.1069646 0.8372721 2.492225 -0.1226994 0.6453347 2.523549 -0.3213588 0.5579318 2.543298 0.07560413 0.5307546 2.51451 -0.5283523 0.6415951 2.434268 0.2718747 0.5955357 2.357252 -0.5785755 0.8032518 2.272402 0.280511 0.7711168 2.225703 -0.5737432 0.8664116 2.210182 0.2708086 0.8494095 2.175345 -0.1340502 0.3014685 2.527903 -0.1367367 0.233477 2.530943 -0.227387 0.1503226 2.534712 -0.05232462 0.1380871 2.524801 -0.2516725 -0.4175166 2.661079 -0.0107786 -0.4526152 2.655755 -0.2402953 -0.8126731 2.741555 0.004217681 -0.8496694 2.757272 -0.2999425 -0.8970197 2.737604 0.04396429 -0.9176664 2.707813
-0.1062167 0.8373832 2.497251 -0.1217521 0.6458946 2.527822 -0.3208225 0.5607287 2.541968 0.07450444 0.5308354 2.509518 -0.513991 0.6587374 2.412545 0.2453545 0.6142665 2.334519 -0.5572107 0.8111998 2.262608 0.2362633 0.7897829 2.207842 -0.5466818 0.865831 2.213729 0.2244643 0.8530672 2.167051 -0.1339051 0.3017538 2.52889 -0.1366962 0.2338475 2.530627 -0.2271947 0.1509687 2.53402 -0.05266163 0.1389793 2.522777 -0.2521285 -0.4173611 2.66122 -0.01078431 -0.4526896 2.655651 -0.240496 -0.8145745 2.742895 0.003732278 -0.8503422 2.757293 -0.2998957 -0.8969926 2.737598 0.04367243 -0.9177651 2.706873
-0.1068677 0.8391404 2.500862 -0.122915 0.6459746 2.530151 -0.3192061 0.5658866 2.540194 0.07117991 0.5315799 2.50424 -0.5033047 0.6661344 2.399823 0.234127 0.6167078 2.329162 -0.5176686 0.8209126 2.246431 0.2127463 0.7915528 2.203106 -0.5100853 0.8771189 2.195526 0.1923594 0.8480678 2.172337 -0.1339149 0.3020273 2.529947 -0.1367881 0.2342975 2.530089 -0.226502 0.1523838 2.532583 -0.05329175 0.1402064 2.520916 -0.252445 -0.4150419 2.660452 -0.01096218 -0.4528101 2.655095 -0.2400148 -0.8116143 2.742051 0.003267455 -0.8533799 2.759801 -0.3001794 -0.895788 2.739049 0.04366229 -0.9177641 2.706877
-0.1068641 0.8391079 2.501356 -0.1239922 0.6466427 2.532011 -0.3180547 0.5679073 2.538641 0.0664141 0.5315218 2.500921 -0.4831099 0.6769491 2.384075 0.206019 0.6543061 2.293575 -0.4900942 0.8331369 2.231696 0.1699271 0.8318725 2.175895 -0.4766121 0.8580539 2.208286 0.149303 0.8494761 2.175556 -0.1341016 0.3019834 2.531039 -0.1372195 0.234163 2.529316 -0.2263154 0.1527504 2.531423 -0.05474343 0.1409537 2.51881 -0.2524544 -0.4159798 2.660532 -0.01098499 -0.4525748 2.654215 -0.2396925 -0.8161036 2.745473 0.003407508 -0.8532923 2.759051 -0.3004475 -0.8961398 2.738939 0.04312307 -0.9175918 2.705764
-0.1066694 0.8391176 2.503061 -0.1240776 0.6464682 2.534089 -0.3160878 0.570614 2.536623 0.0646345 0.5312399 2.498022 -0.4595697 0.6824549 2.374777 0.1830833 0.6570283 2.287619 -0.4530788 0.8324553 2.215684 0.1333808 0.8356801 2.177741 -0.4405831 0.8896883 2.166939 0.1205439 0.8480853 2.179412 -0.134069 0.3019727 2.532343 -0.1374144 0.2343052 2.528641 -0.2259345 0.1537913 2.529919 -0.05566761 0.1416728 2.517076 -0.2527608 -0.4126294 2.65957 -0.01133278 -0.4519452 2.653213 -0.2392214 -0.8094484 2.742603 0.003677807 -0.8532946 2.758814 -0.2992227 -0.894371 2.738287 0.04309838 -0.9176162 2.706055
-0.1057915 0.840467 2.509564 -0.1233554 0.6455626 2.538169 -0.3145081 0.5730459 2.534604 0.05962119 0.5305582 2.493503 -0.4413831 0.6852765 2.367873 0.1543242 0.6604574 2.283904 -0.4231546 0.8280719 2.202634 0.1020429 0.8403134 2.177726 -0.3953315 0.8481962 2.185317 0.08181828 0.8535455 2.183362 -0.1339118 0.3017388 2.534059 -0.1375885 0.2341378 2.52824 -0.2257689 0.1543106 2.529391 -0.0567424 0.1419176 2.515261 -0.2529827 -0.4135617 2.660179 -0.01139476 -0.4518498 2.652956 -0.2398531 -0.8080589 2.740241 0.003494596 -0.8524764 2.757846 -0.299628 -0.8947677 2.738421 0.04239203 -0.9161823 2.706137
-0.1064611 0.8408023 2.511582 -0.1221083 0.6470854 2.539707 -0.3119891 0.5753289 2.532046 0.05132639 0.5301106 2.491884 -0.4198393 0.6892307 2.357637 0.1323216 0.664888 2.284053 -0.388051 0.8277906 2.190709 0.07807465 0.8435751 2.176744 -0.3611083 0.8817319 2.144103 0.04851112 0.9105841 2.155685 -0.1338744 0.301574 2.535703 -0.1380218 0.2338901 2.527498 -0.225573 0.1556934 2.528251 -0.05883252 0.142865 2.513619 -0.2529708 -0.4123584 2.659603 -0.0114158 -0.4519099 2.652952 -0.2398834 -0.8065993 2.739644 0.002596296 -0.8532386 2.758618 -0.2996666 -0.8943728 2.739357 0.0423692 -0.9167067 2.705503
-0.1120274 0.8398346 2.516894 -0.1187106 0.6563116 2.540224 -0.2941099 0.5878245 2.528039 0.04761069 0.5332595 2.489695 -0.4003511 0.6911811 2.35336 0.1057503 0.6678821 2.28238 -0.3539448 0.8218818 2.183281 0.0189459 0.832166 2.173225 -0.3201163 0.8429102 2.163324 -0.01441853 0.8996285 2.161256 -0.1342085 0.3019572 2.537119 -0.1388517 0.2339311 2.526861 -0.2254596 0.1593007 2.528107 -0.06335883 0.1453328 2.511586 -0.2529702 -0.4117207 2.659218 -0.01135995 -0.4520524 2.652901 -0.2398434 -0.8058592 2.739368 0.002217082 -0.8532533 2.758536 -0.2987685 -0.8933755 2.738184 0.04238782 -0.9168802 2.70534
-0.1207949 0.8795357 2.499479 -0.0920836 0.7166824 2.532541 -0.2892723 0.5901904 2.5283 0.04193933 0.5380671 2.486307 -0.3753206 0.6991841 2.339606 0.06349448 0.6877693 2.268161 -0.3173999 0.8231071 2.167855 -0.006613202 0.8598017 2.158933 -0.2881337 0.8400091 2.150498 -0.02998243 0.9171458 2.12724 -0.134108 0.3055994 2.536105 -0.1400609 0.2341264 2.525323 -0.2261941 0.1625745 2.52709 -0.06844932 0.1490474 2.509469 -0.2530167 -0.4119016 2.659048 -0.01144703 -0.4522571 2.652469 -0.2392723 -0.8095435 2.742327 0.002206725 -0.8534027 2.757603 -0.2977123 -0.8952394 2.738861 0.04237316 -0.9169818 2.705795
-0.1297406 0.8816917 2.49721 -0.09294878 0.7201906 2.529666 -0.286853 0.5892366 2.528505 0.03249268 0.5395409 2.486021 -0.3601773 0.7016804 2.325895 0.04630977 0.692728 2.26779 -0.2842055 0.8191375 2.156884 -0.07404902 0.847102 2.181305 -0.2639021 0.8322841 2.144733 -0.08055948 0.9214097 2.165699 -0.1355924 0.3060606 2.535271 -0.1445639 0.2308252 2.522705 -0.2287318 0.1632116 2.529253 -0.07655229 0.1469458 2.502748 -0.253163 -0.4125854 2.659069 -0.01139933 -0.4524854 2.652431 -0.2394299 -0.8090696 2.74116 0.002406092 -0.8525761 2.755788 -0.2998512 -0.8971477 2.738755 0.04234495 -0.9170705 2.704707
-0.1390752 0.865028 2.504514 -0.1028185 0.7017756 2.533321 -0.2842279 0.5818497 2.525843 0.01003893 0.509027 2.496512 -0.3401875 0.7010117 2.314545 0.03127152 0.6953819 2.26759 -0.2332872 0.8040905 2.153777 -0.08361682 0.8509611 2.175045 -0.1839857 0.8399754 2.108069 -0.1071908 0.9215934 2.158831 -0.1374174 0.3096627 2.535779 -0.1459428 0.2355125 2.521629 -0.2259652 0.1749766 2.518428 -0.08305867 0.1663262 2.51417 -0.2538375 -0.4140434 2.659906 -0.01145308 -0.4529363 2.652422 -0.2397077 -0.813724 2.742869 0.002277997 -0.8526625 2.755312 -0.300082 -0.8974049 2.738789 0.04230731 -0.9172633 2.704009
-0.1504517 0.8636581 2.501264 -0.1043296 0.7034218 2.531216 -0.2781515 0.5804086 2.525428 0.008861372 0.5130553 2.493599 -0.3317833 0.7003149 2.307509 0.01703525 0.6919459 2.27011 -0.2224686 0.8014505 2.147168 -0.09835894 0.8415126 2.167281 -0.1731674 0.8373351 2.10146 -0.1222376 0.9123502 2.152471 -0.1389052 0.3163011 2.535227 -0.147452 0.2414484 2.520641 -0.2237996 0.1841176 2.515212 -0.08617046 0.173515 2.516913 -0.2539851 -0.4145696 2.660195 -0.01170934 -0.4522822 2.651921 -0.2398199 -0.8157709 2.743561 0.003237274 -0.851333 2.75502 -0.3001737 -0.8976541 2.739508 0.04224067 -0.917183 2.70414
-0.1519519 0.851599 2.507311 -0.1195068 0.6823927 2.531473 -0.2765183 0.581569 2.523281 -0.003255019 0.4967098 2.493948 -0.3190863 0.6992389 2.300565 0.01170434 0.6907803 2.270941 -0.2143118 0.8046346 2.139909 -0.09965463 0.8411562 2.164399 -0.1650109 0.8405191 2.094202 -0.1238826 0.9119059 2.149739 -0.1413489 0.3170258 2.536235 -0.14961 0.2435793 2.520736 -0.2240433 0.1857539 2.514734 -0.08909081 0.1759198 2.518397 -0.2541168 -0.4159298 2.660722 -0.01176418 -0.452246 2.651828 -0.240389 -0.8147535 2.742491 0.002609091 -0.8530023 2.757081 -0.3005667 -0.8982632 2.738777 0.04254106 -0.9177197 2.707237
-0.1707436 0.9187487 2.484904 -0.1170234 0.7554721 2.50149 -0.2630327 0.6664456 2.486487 0.01856928 0.5756085 2.465272 -0.326896 0.7028581 2.263404 0.002834732 0.6931351 2.265771 -0.1594902 0.7885832 2.158832 -0.1593633 0.7980514 2.162848 -0.1101894 0.8244675 2.113125 -0.1842358 0.8686973 2.14878 -0.143979 0.3769232 2.5275 -0.1507306 0.301217 2.518089 -0.21784 0.2403228 2.522 -0.09348802 0.2291397 2.514894 -0.2539337 -0.4129986 2.659956 -0.01544983 -0.4222931 2.645012 -0.2403428 -0.8160203 2.743111 0.002844112 -0.8524386 2.756625 -0.3002428 -0.8980649 2.73838 0.04264206 -0.9175992 2.707212
-0.1705234 0.9186845 2.484891 -0.117156 0.7552662 2.501406 -0.2631654 0.6662397 2.486403 0.02060762 0.5746801 2.464792 -0.3228418 0.6977184 2.261151 0.002003513 0.691913 2.265378 -0.08746363 0.8107255 2.13957 -0.1688443 0.7955375 2.1661 -0.03816319 0.8466095 2.093863 -0.1937166 0.866183 2.152033 -0.1438377 0.3749757 2.525586 -0.1503062 0.2986876 2.517582 -0.2183253 0.2361242 2.519432 -0.09157395 0.2248473 2.515961 -0.2541685 -0.4162914 2.660904 -0.01496749 -0.4268105 2.645821 -0.2404192 -0.8108783 2.740735 0.001378722 -0.8550098 2.759885 -0.2996088 -0.8951265 2.739118 0.0428095 -0.9179075 2.707439
-0.1666115 0.9107922 2.486126 -0.1165985 0.7469645 2.504432 -0.2626079 0.657938 2.489429 0.0205019 0.5743816 2.465047 -0.319105 0.6934842 2.263932 0.0009176321 0.6915882 2.265726 -0.08691232 0.8107715 2.140036 -0.1689205 0.7948704 2.167941 -0.03761211 0.8466554 2.094329 -0.1937927 0.8655156 2.153873 -0.1431507 0.3733656 2.524604 -0.1497254 0.2978771 2.51765 -0.217714 0.2356435 2.519671 -0.09119932 0.2246234 2.515707 -0.2547418 -0.4166849 2.661234 -0.01515445 -0.4271122 2.645503 -0.2402421 -0.8102214 2.739561 0.001357455 -0.8546135 2.760239 -0.2996795 -0.8952038 2.739063 0.0429086 -0.9176894 2.707787
-0.164746 0.905779 2.488163 -0.1135209 0.7434918 2.509541 -0.2595302 0.6544654 2.494537 0.02228267 0.5741253 2.468406 -0.3130853 0.6906124 2.268333 0.001064111 0.6898898 2.268303 -0.1291085 0.7900807 2.16345 -0.1735186 0.7971278 2.169262 -0.0798085 0.8259645 2.117743 -0.1983908 0.8677728 2.155195 -0.1408774 0.3681985 2.524984 -0.1475464 0.2928005 2.517867 -0.21605 0.2309807 2.517685 -0.08910009 0.2213967 2.516628 -0.254741 -0.4167917 2.660963 -0.01468702 -0.4305686 2.646227 -0.2408239 -0.8087325 2.738466 0.0003427502 -0.8554518 2.759759 -0.2993396 -0.8949093 2.738045 0.04282099 -0.9176271 2.707685
-0.1649323 0.9050553 2.488059 -0.1137473 0.7428734 2.509736 -0.2597566 0.6538469 2.494733 0.02213088 0.5741208 2.468519 -0.3100494 0.689386 2.267569 0.00930293 0.6914178 2.268625 -0.07906662 0.8154384 2.151094 -0.1744209 0.7976206 2.168831 -0.02976685 0.8513221 2.105387 -0.199293 0.8682652 2.154764 -0.1407264 0.3680763 2.524467 -0.147256 0.2927568 2.517882 -0.2153274 0.2310039 2.518093 -0.08871631 0.2214912 2.516267 -0.254739 -0.4170744 2.661067 -0.01479277 -0.4305133 2.645931 -0.2407638 -0.8071318 2.737444 0.000504818 -0.8552346 2.761201 -0.2993333 -0.8947554 2.737868 0.04291264 -0.9175382 2.707829
-0.1634269 0.9000746 2.489248 -0.1135028 0.7371699 2.510072 -0.2595121 0.6481434 2.495069 0.02215851 0.5710908 2.468826 -0.3129542 0.6870705 2.269363 0.01221568 0.690675 2.270321 -0.1338434 0.7970474 2.157322 -0.1770096 0.799513 2.16648 -0.08454383 0.8329308 2.111616 -0.2018816 0.8701572 2.152413 -0.1381463 0.3611661 2.524025 -0.1441655 0.2859646 2.517715 -0.2122875 0.2240662 2.516474 -0.08492262 0.2157697 2.517196 -0.2546468 -0.4171789 2.660884 -0.01418325 -0.4365508 2.647018 -0.2407528 -0.8069721 2.737362 0.001456313 -0.8535448 2.76068 -0.2994212 -0.8945839 2.737481 0.04294725 -0.9172803 2.707892
