0.0535584 0.6193192 2.160439 0.04563863 0.4370886 2.164161 -0.01035458 0.2937157 2.048127 0.2458384 0.2996334 2.218251 0.1112888 0.1447785 1.972873 0.328192 0.1126976 2.149942 0.2669083 0.1144641 2.063771 0.249986 0.1989506 1.987 0.3187814 0.1043593 2.098474 0.2288679 0.2445577 1.937207 0.07956 0.07075443 2.167267 0.1105935 0.00545599 2.13463 0.0661981 -0.07481986 2.067797 0.1792631 -0.06570798 2.185617 0.005826334 -0.53433 2.197323 0.1762638 -0.5617292 2.360514 -0.04762807 -0.862906 2.255277 0.1523375 -0.883814 2.421702 -0.02476219 -0.9393707 2.263908 0.2414664 -0.9438781 2.437327
0.05368623 0.6191604 2.160785 0.04562882 0.4370199 2.164676 -0.01033451 0.2940169 2.048471 0.2459053 0.3000951 2.218976 0.1097476 0.1462408 1.972029 0.3291388 0.1111735 2.149704 0.2652372 0.1142137 2.062598 0.250692 0.197486 1.986928 0.3170671 0.103538 2.097192 0.2295822 0.2430245 1.937072 0.07920286 0.0706374 2.167802 0.1105961 0.005461424 2.134636 0.06589508 -0.07487127 2.067796 0.1795441 -0.06586485 2.185587 0.006137918 -0.5345428 2.198006 0.1763298 -0.5619496 2.360514 -0.04719975 -0.8631294 2.255342 0.1527255 -0.8839925 2.421367 0.0004030988 -0.9109807 2.189293 0.2401384 -0.9443711 2.441877
0.05339529 0.6194693 2.161419 0.04603389 0.4367127 2.165113 -0.01043948 0.2942197 2.048714 0.2458691 0.3013652 2.220109 0.1095658 0.1463066 1.971893 0.3301143 0.1102961 2.149894 0.2650346 0.1141253 2.062436 0.2514828 0.1966128 1.987223 0.3168575 0.1033982 2.097021 0.2303655 0.2421148 1.93734 0.07885196 0.07059184 2.168302 0.1105992 0.005542259 2.134641 0.06545099 -0.07479851 2.06782 0.1797217 -0.0658404 2.185518 0.006807098 -0.5344491 2.19861 0.1765296 -0.5616087 2.360449 -0.04702353 -0.8633792 2.255424 0.1527766 -0.8838395 2.421468 0.0007027499 -0.911223 2.189466 0.2421059 -0.9439709 2.435525
0.05351635 0.6193337 2.16155 0.04602024 0.4366889 2.16523 -0.01063208 0.2939026 2.049199 0.2470873 0.3047593 2.226442 0.1091198 0.146432 1.971844 0.3300363 0.1102389 2.149562 0.2646895 0.1140366 2.062162 0.2513514 0.1965096 1.986898 0.3165461 0.1032381 2.096672 0.2302302 0.2419612 1.936973 0.07820834 0.07086193 2.168582 0.1105956 0.006012559 2.13466 0.0651077 -0.07449532 2.067935 0.1799946 -0.06568848 2.185377 0.006826386 -0.5344496 2.198641 0.1768462 -0.5609921 2.360257 -0.04696939 -0.8626111 2.255657 0.1527709 -0.8837129 2.421817 0.001569603 -0.9104013 2.190264 0.2388083 -0.9433521 2.432977
0.05342928 0.6194276 2.161899 0.04624441 0.4362593 2.165529 -0.01091141 0.2934705 2.049736 0.2475248 0.3030224 2.225473 0.1089736 0.1465513 1.971721 0.3297154 0.1089823 2.149105 0.2643317 0.1137523 2.062221 0.2509181 0.1951679 1.986456 0.3161178 0.1028193 2.096792 0.2297933 0.240566 1.936487 0.07803188 0.07081766 2.169132 0.1105174 0.006109129 2.134651 0.06447351 -0.07448566 2.067967 0.1800426 -0.06571878 2.185289 0.006894115 -0.5344695 2.198473 0.1768887 -0.5609186 2.360185 -0.04692773 -0.8626492 2.255567 0.1529047 -0.8837792 2.422069 0.001272809 -0.9104617 2.189949 0.2409925 -0.9446492 2.432225
0.05361383 0.6194376 2.162268 0.04641533 0.4359871 2.165899 -0.01086578 0.2935786 2.049994 0.2389198 0.3247842 2.24843 0.1089561 0.1465218 1.971751 0.3300821 0.1084106 2.149196 0.2644325 0.1128983 2.061809 0.251222 0.1945991 1.986583 0.3162579 0.1016904 2.096232 0.2300994 0.2399838 1.936604 0.07613271 0.07083832 2.168419 0.1108778 0.00644538 2.134978 0.06475742 -0.07422721 2.068377 0.1805445 -0.06521081 2.185553 0.007278607 -0.5344929 2.199037 0.176957 -0.560964 2.36023 -0.04648878 -0.8633806 2.256424 0.152967 -0.8837845 2.422697 -0.03560585 -0.9425052 2.248605 0.2368254 -0.9425631 2.435663
0.05365115 0.6192508 2.162349 0.0465322 0.4358916 2.166147 -0.01084862 0.2935852 2.050109 0.2377594 0.3257322 2.249156 0.1088518 0.1465543 1.971717 0.3301894 0.1080645 2.149016 0.2643068 0.1126984 2.06173 0.251291 0.1942431 1.986417 0.3161251 0.1014131 2.096139 0.2301731 0.2396077 1.936421 0.07617028 0.07136565 2.169019 0.1113177 0.007231654 2.135321 0.06518347 -0.07384934 2.068547 0.181008 -0.06407564 2.186062 0.007329307 -0.5344101 2.198916 0.1768796 -0.5609431 2.36029 -0.04648639 -0.8634015 2.256408 0.1530508 -0.8837126 2.422635 -0.03609242 -0.9425333 2.24807 0.234483 -0.9419027 2.435748
0.05377404 0.6191519 2.162523 0.04647532 0.4357521 2.166866 -0.01083707 0.2936786 2.050406 0.24462 0.2973615 2.216319 0.1096691 0.1462573 1.972318 0.3304728 0.1076427 2.149198 0.2650968 0.112238 2.06231 0.2515339 0.193815 1.986623 0.316906 0.1008982 2.096711 0.2304172 0.2391705 1.93662 0.07858457 0.07141861 2.171372 0.1112813 0.007199454 2.135328 0.06486835 -0.07396927 2.068283 0.1811047 -0.06458734 2.186174 0.007464509 -0.5344041 2.198987 0.1768969 -0.5611228 2.360348 -0.04646846 -0.8633989 2.256429 0.1530969 -0.883757 2.422467 -0.03626976 -0.9425365 2.247957 0.2385127 -0.9429328 2.43209
0.05383337 0.6192124 2.162669 0.04629814 0.4357756 2.167417 -0.01089754 0.2940052 2.050883 0.2394642 0.3157149 2.236801 0.1150475 0.1317969 1.9782 0.3282518 0.1073436 2.146911 0.2704542 0.0975164 2.068137 0.2643346 0.2317128 2.005585 0.3222565 0.08608958 2.10252 0.2432324 0.2769547 1.955477 0.07629242 0.07161665 2.170815 0.1109198 0.007665128 2.135561 0.06462453 -0.07365971 2.068384 0.1807583 -0.06444558 2.186321 0.007474121 -0.5340688 2.198613 0.176913 -0.5612422 2.360445 -0.04643665 -0.8634372 2.256347 0.1531488 -0.8837715 2.422451 -0.03632107 -0.9426006 2.248065 0.24037 -0.9435406 2.431166
0.05390721 0.6193542 2.16334 0.04623279 0.4356233 2.167508 -0.01101015 0.2941411 2.051187 0.2260168 0.3497523 2.270392 0.1120122 0.1344654 1.977885 0.3203426 0.1294566 2.152749 0.2666921 0.09522257 2.067153 0.2424143 0.2096899 1.986376 0.3182521 0.08214162 2.101313 0.2213316 0.254948 1.936277 0.07324057 0.07122681 2.168864 0.1109338 0.007495356 2.135544 0.06464925 -0.07325098 2.070147 0.1804305 -0.06339954 2.184509 0.007457513 -0.5340689 2.198601 0.1769547 -0.5616488 2.36074 -0.04638308 -0.8636693 2.256602 0.153196 -0.884006 2.422469 -0.03701898 -0.9428122 2.247296 0.2364877 -0.94252 2.437607
0.05396415 0.6193801 2.16359 0.04600559 0.4355254 2.167915 -0.01125881 0.2943912 2.051458 0.2038356 0.3491106 2.255908 0.1053894 0.1394448 1.97723 0.3209651 0.1341923 2.152956 0.2763093 0.08468006 2.025309 0.2608867 0.2298766 1.987413 0.3332825 0.06642516 2.04574 0.2516029 0.2478255 1.961237 0.07293472 0.07008928 2.169115 0.111408 0.005986468 2.135767 0.06630307 -0.07361346 2.07106 0.1799818 -0.06329809 2.184442 0.00756063 -0.5342161 2.19893 0.1770165 -0.5609669 2.360728 -0.04657212 -0.8632902 2.256285 0.1533725 -0.88389 2.422623 -0.03751723 -0.942403 2.246477 0.2373222 -0.9428937 2.434862
0.05378233 0.6193527 2.163502 0.04580103 0.435458 2.168297 -0.01134329 0.2943924 2.051644 0.2024743 0.3487257 2.25468 0.09133904 0.1450644 1.969787 0.3289623 0.1410863 2.146725 0.2599523 0.08857755 2.022516 0.2852637 0.2521264 1.986101 0.3161568 0.0697486 2.044496 0.2548635 0.2699218 1.938807 0.0734307 0.06831631 2.169887 0.1124389 0.003616371 2.136273 0.06854858 -0.07466359 2.072988 0.1799016 -0.06328818 2.184375 0.007752707 -0.5345476 2.199192 0.1773368 -0.5607657 2.360822 -0.0466608 -0.8631934 2.25621 0.153449 -0.8838328 2.422863 -0.03733826 -0.9421218 2.245276 0.2370928 -0.9419697 2.435174
0.05403801 0.6193499 2.163579 0.0456828 0.4353279 2.168848 -0.01161303 0.2944194 2.051962 0.2139718 0.3374323 2.257195 0.09037906 0.1449428 1.969252 0.3301826 0.1303462 2.151368 0.2584782 0.08816084 2.023026 0.3085212 0.2698132 2.011472 0.3145113 0.06923351 2.045355 0.264194 0.3179146 1.921131 0.07435509 0.06789888 2.171186 0.1132788 0.00325069 2.137011 0.06931424 -0.07486824 2.073618 0.1810524 -0.063835 2.185282 0.007930201 -0.5341142 2.199051 0.1773812 -0.5605432 2.360819 -0.04648354 -0.8629538 2.256033 0.1535391 -0.8838026 2.422985 -0.03749382 -0.9416585 2.243378 0.2437375 -0.9431015 2.434276
0.05399772 0.6194396 2.163647 0.04562395 0.4351832 2.16894 -0.01208717 0.2940908 2.05247 0.2173639 0.3339265 2.256591 0.0900712 0.1449183 1.969272 0.328362 0.1320093 2.158076 0.2561434 0.08321981 2.023741 0.3228816 0.2745707 2.019907 0.3115008 0.06265363 2.046302 0.3027295 0.3486075 1.931456 0.07447632 0.06751623 2.171903 0.1132458 0.002854639 2.137335 0.06916564 -0.07512084 2.073793 0.1811722 -0.06523439 2.186108 0.008104444 -0.534619 2.199372 0.1771653 -0.5613654 2.36114 -0.04634551 -0.8630104 2.256264 0.1534616 -0.8838289 2.422872 -0.03762706 -0.9416286 2.242931 0.2413561 -0.9431031 2.437298
0.05398191 0.6195299 2.163826 0.04556358 0.4351475 2.169142 -0.01253738 0.2936581 2.052934 0.2212185 0.3270864 2.255279 0.08965 0.1447567 1.969101 0.3233055 0.1368224 2.164872 0.2548269 0.08117649 2.024004 0.3390467 0.2835726 2.026819 0.3098859 0.05998308 2.04671 0.3438787 0.3879088 1.930558 0.07498847 0.06677684 2.172694 0.1136521 0.001936346 2.137744 0.06937017 -0.0758338 2.074739 0.1816195 -0.0658354 2.186045 0.008158833 -0.5350232 2.199804 0.1772527 -0.5620612 2.361496 -0.04627821 -0.86347 2.256464 0.1536202 -0.8838939 2.42267 -0.03739508 -0.9419825 2.242656 0.2417638 -0.9431418 2.436077
0.05356492 0.6194298 2.163706 0.04532646 0.4350927 2.16916 -0.01269849 0.2936835 2.05303 0.2223215 0.3257788 2.255263 0.08898119 0.1444138 1.969274 0.3289312 0.1510785 2.171643 0.2547861 0.08178655 2.023512 0.3720505 0.3476582 1.999288 0.3100544 0.06091081 2.045996 0.3816864 0.415084 1.947418 0.07453813 0.0661218 2.172757 0.1131661 0.001140831 2.137537 0.06857423 -0.07624996 2.075103 0.1811309 -0.0665507 2.185104 0.008003279 -0.5352034 2.199654 0.1773882 -0.5621476 2.361513 -0.04638118 -0.8633368 2.256269 0.1536642 -0.8840107 2.422513 0.008872952 -0.9106085 2.196134 0.2387929 -0.9432895 2.442622
0.05199432 0.619329 2.163735 0.04415833 0.4353701 2.168574 -0.01306174 0.2930355 2.053401 0.222967 0.3255218 2.254982 0.08917998 0.1442694 1.969352 0.3398838 0.131966 2.174628 0.2541308 0.07977302 2.02391 0.3927754 0.344797 2.028255 0.3091145 0.05827422 2.046501 0.4099518 0.4350244 1.98082 0.07438871 0.06615529 2.172899 0.1130198 0.001201412 2.137524 0.06842855 -0.07632131 2.075038 0.1810828 -0.06657229 2.185152 0.008187905 -0.5355625 2.2 0.1774361 -0.5621675 2.361532 -0.04634771 -0.8636867 2.256767 0.1536976 -0.8840068 2.422454 0.008636285 -0.9109828 2.196412 0.2407059 -0.9435765 2.441163
0.050604 0.6184937 2.162713 0.04407897 0.4353058 2.168542 -0.01333262 0.2924689 2.053605 0.2236996 0.324728 2.253994 0.08927 0.1440552 1.969303 0.3428423 0.1279031 2.175445 0.2541793 0.07943751 2.023836 0.4122392 0.3477166 2.049583 0.3091491 0.05789827 2.046419 0.4360005 0.4469081 2.003252 0.07404236 0.06549717 2.172888 0.1124868 0.0003931703 2.137222 0.06754652 -0.07692283 2.074909 0.1806214 -0.06758647 2.184591 0.008243153 -0.5361628 2.200837 0.1777171 -0.5615633 2.361505 -0.04609856 -0.8637409 2.256906 0.1536268 -0.8836604 2.422574 0.008553233 -0.9110594 2.196275 0.2379956 -0.9423505 2.440004
0.04982203 0.618314 2.162374 0.04383079 0.435345 2.168313 -0.0139123 0.2919352 2.053813 0.2239531 0.3249297 2.253866 0.08929531 0.1440354 1.969284 0.3440088 0.1269123 2.175102 0.2541516 0.0794494 2.023967 0.4252914 0.3522698 2.070083 0.3091037 0.05792074 2.046599 0.4675048 0.4637431 2.032162 0.0738485 0.06531297 2.172895 0.1122556 0.0001868904 2.13708 0.06708141 -0.07710221 2.07495 0.1804903 -0.06784963 2.184288 0.008481327 -0.5366397 2.20155 0.1779041 -0.5614969 2.36166 -0.04607629 -0.8637547 2.256943 0.1540889 -0.8845563 2.423882 0.008372873 -0.9110862 2.196149 0.2412145 -0.9435647 2.434896
0.04886213 0.6180595 2.161538 0.04314859 0.4350948 2.167407 -0.01391808 0.2914982 2.053992 0.226278 0.3226673 2.252238 0.08943533 0.1438151 1.969185 0.3462409 0.1257163 2.175246 0.2542138 0.07950411 2.024307 0.4341355 0.3537558 2.083987 0.30914 0.0580671 2.047085 0.4805282 0.4721637 2.048288 0.07335775 0.06458491 2.172515 0.1115168 -0.0006555889 2.136479 0.06603555 -0.07778412 2.07489 0.1799261 -0.06870254 2.183241 0.008434608 -0.5366287 2.201546 0.1778662 -0.5616932 2.361713 -0.04616977 -0.863834 2.256995 0.1545282 -0.8838098 2.422031 0.007721465 -0.9112034 2.195743 0.2426507 -0.9440583 2.434886
0.04861354 0.6180631 2.161113 0.04285665 0.434997 2.16692 -0.01389118 0.2914416 2.053911 0.2288292 0.3214901 2.252268 0.08937066 0.1436977 1.969109 0.3473029 0.1256839 2.175821 0.2541822 0.0794408 2.02419 0.438733 0.3547381 2.091963 0.3091194 0.05802184 2.046955 0.4877943 0.4742603 2.062686 0.07324942 0.06499641 2.172446 0.1112559 -4.906964E-05 2.136305 0.06583139 -0.07756866 2.074636 0.1799008 -0.06865621 2.183249 0.008548142 -0.5366977 2.201857 0.1780763 -0.5612561 2.361589 -0.04617848 -0.8638232 2.256934 0.1545769 -0.8837963 2.422054 0.007428467 -0.9112118 2.195456 0.2434428 -0.9440301 2.434933
0.04811662 0.6179845 2.160562 0.04297567 0.4349771 2.166829 -0.01374996 0.2909304 2.053653 0.2295486 0.3211948 2.25243 0.08963066 0.1433119 1.968757 0.3476216 0.124969 2.175919 0.2541232 0.07860453 2.02417 0.4436109 0.3547494 2.101059 0.308954 0.05703542 2.047046 0.4951401 0.4750078 2.073885 0.07296056 0.06523785 2.172293 0.1107999 0.0003247833 2.136061 0.06516501 -0.07736238 2.074149 0.1794857 -0.06861623 2.183122 0.008019587 -0.5357432 2.200473 0.1782256 -0.5610414 2.36161 -0.04611993 -0.8639224 2.256944 0.1545844 -0.8837547 2.422078 0.007471234 -0.9113064 2.195457 0.2436284 -0.9444461 2.434536
0.0477861 0.6179993 2.160035 0.04293585 0.4348614 2.166692 -0.01372603 0.2906818 2.053455 0.2298246 0.3211157 2.252318 0.08986975 0.1431678 1.968687 0.3476111 0.1249338 2.175993 0.2534886 0.07563497 2.023453 0.4456758 0.3551831 2.106396 0.3080282 0.05312401 2.046113 0.4985246 0.4751996 2.082597 0.07293212 0.06523552 2.172258 0.1107827 0.000338615 2.136005 0.0651063 -0.07742551 2.074081 0.179504 -0.06857409 2.183052 0.008149025 -0.5360332 2.200858 0.1784488 -0.5610647 2.361789 -0.04612082 -0.8639269 2.256971 0.1546224 -0.8837556 2.422062 0.007441755 -0.91131 2.195467 0.2407652 -0.9435524 2.436435
0.04755535 0.6179631 2.159582 0.04286322 0.4347621 2.166442 -0.01295986 0.290446 2.05309 0.229958 0.3212545 2.252312 0.09032455 0.1426425 1.968514 0.3478115 0.1244486 2.176401 0.2539906 0.07477049 2.022816 0.4475951 0.3549414 2.110995 0.3085459 0.05214647 2.045321 0.501483 0.4752586 2.088253 0.07286974 0.06540179 2.172144 0.1108124 0.0006132741 2.135962 0.06529175 -0.07726717 2.073854 0.1794787 -0.068422 2.183191 0.008256616 -0.5364194 2.201586 0.1786222 -0.5609668 2.361943 -0.04619852 -0.8632418 2.256537 0.1545574 -0.8833266 2.421635 0.00749464 -0.9106106 2.195143 0.2408842 -0.9436727 2.436242
0.04707013 0.6174473 2.158379 0.04272113 0.4347201 2.165963 -0.01219451 0.2894267 2.052849 0.230178 0.320805 2.252247 0.09128294 0.1417304 1.968355 0.348676 0.1235041 2.177286 0.2556328 0.07664053 2.023716 0.4482312 0.3542612 2.112641 0.310416 0.05494391 2.046575 0.5023279 0.475703 2.090235 0.07284942 0.06500399 2.171951 0.110855 3.50693E-05 2.135893 0.06534329 -0.07780386 2.073977 0.1794882 -0.06865152 2.18315 0.008265007 -0.5364368 2.20142 0.1794586 -0.5610027 2.362464 -0.04621622 -0.8632731 2.256573 0.1546589 -0.8833359 2.421598 0.00755997 -0.9106269 2.195247 0.2414449 -0.9440595 2.435416
0.04702062 0.617286 2.158159 0.04269816 0.4346197 2.165933 -0.01193938 0.2893892 2.052757 0.2301727 0.3205497 2.252004 0.09141931 0.1416167 1.968257 0.3552198 0.1232245 2.17737 0.2558608 0.07562053 2.022513 0.4504909 0.3558772 2.113176 0.3106746 0.05362182 2.045004 0.5025734 0.4753059 2.090987 0.07291272 0.0649108 2.171903 0.1109257 -5.908719E-05 2.135887 0.06547232 -0.07790562 2.073928 0.179529 -0.06869898 2.183184 0.008275904 -0.5364909 2.201382 0.1796761 -0.5611852 2.362507 -0.0463146 -0.863033 2.256639 0.1547193 -0.8832195 2.42153 0.007476293 -0.9103835 2.195331 0.2425012 -0.9443282 2.433209
0.04701163 0.6172693 2.158013 0.04270755 0.4345329 2.165829 -0.0116408 0.2892601 2.052453 0.2296224 0.3211349 2.252024 0.091753 0.1413873 1.968279 0.3545878 0.1231149 2.178147 0.2568326 0.07629813 2.021845 0.4504078 0.3554731 2.113661 0.3118591 0.05460173 2.044106 0.5026854 0.4744039 2.090918 0.07319431 0.06452449 2.171755 0.1113699 -0.0005232744 2.135862 0.06601163 -0.07809236 2.073919 0.1798167 -0.06897542 2.18325 0.008401822 -0.5368193 2.201414 0.1796019 -0.5620469 2.362892 -0.0468897 -0.8629208 2.256448 0.1539627 -0.8837317 2.422997 -0.0294487 -0.9408734 2.24978 0.2383802 -0.9434081 2.438499
0.04707447 0.616802 2.157515 0.04266287 0.4344438 2.165587 -0.01150881 0.2892651 2.052378 0.2296954 0.3210845 2.252134 0.09205607 0.1413932 1.968517 0.3536816 0.1225196 2.178955 0.257219 0.07581719 2.021388 0.4499644 0.3544492 2.113429 0.3122734 0.05395852 2.043417 0.5017228 0.4721782 2.089681 0.07312042 0.06427395 2.171363 0.1112974 -0.0007951937 2.135495 0.0659406 -0.07825534 2.073685 0.1797193 -0.06921281 2.182788 0.00881359 -0.5364794 2.200937 0.1801749 -0.5621965 2.363469 -0.04684545 -0.8629874 2.256545 0.1539639 -0.8840466 2.423214 -0.0324697 -0.941396 2.248179 0.2411364 -0.9442797 2.439684
0.04662487 0.6161177 2.1565 0.04257727 0.4343432 2.165104 -0.01123298 0.2891005 2.052125 0.2269145 0.3235519 2.252724 0.09229249 0.141031 1.96871 0.3537159 0.1223893 2.179823 0.2576642 0.07595743 2.021547 0.4498014 0.3540076 2.112602 0.3127881 0.05426624 2.043565 0.5008765 0.4706376 2.088157 0.07246665 0.06404272 2.171114 0.1106733 -0.001187578 2.135607 0.0653767 -0.07842766 2.073999 0.1785085 -0.06917339 2.183029 0.008731605 -0.5365013 2.200766 0.1805782 -0.5624084 2.363753 -0.04707179 -0.8626157 2.255816 0.1539164 -0.8840876 2.42322 -0.03529156 -0.9413627 2.246654 0.2391762 -0.9435426 2.442238
0.04650664 0.6157922 2.155839 0.04276059 0.4342624 2.164893 -0.01121489 0.2891143 2.052051 0.2277457 0.3229663 2.252824 0.09234378 0.1410343 1.968732 0.3533943 0.1222466 2.179905 0.2578532 0.07582057 2.021075 0.4495866 0.3534252 2.111033 0.3130229 0.05408266 2.042928 0.4999824 0.4694305 2.085737 0.07274268 0.06396329 2.171024 0.1108836 -0.001299658 2.135593 0.06545085 -0.07852173 2.073987 0.1790689 -0.06941393 2.183093 0.008832304 -0.5365269 2.200752 0.1806905 -0.5625264 2.363771 -0.04729402 -0.8625363 2.255514 0.1541016 -0.8841389 2.42344 -0.03683823 -0.9415439 2.247056 0.2369436 -0.9428898 2.444094
0.0463277 0.6155277 2.155298 0.0427204 0.4342405 2.164714 -0.01110311 0.2887456 2.052059 0.2276872 0.321485 2.252033 0.09259281 0.1408014 1.968648 0.3531618 0.1219709 2.179892 0.2580858 0.0757317 2.021166 0.4482355 0.352473 2.106496 0.3132501 0.05404179 2.043078 0.4975849 0.4666373 2.080077 0.07287197 0.06367505 2.17067 0.1109724 -0.001648957 2.135227 0.06551408 -0.0787506 2.073762 0.1791506 -0.06954335 2.182685 0.008722818 -0.5367066 2.200276 0.1808608 -0.5627604 2.363907 -0.04639263 -0.8648894 2.25867 0.1539235 -0.8841 2.423262 -0.03748238 -0.9428283 2.242288 0.2368994 -0.9427986 2.444339
0.04635289 0.615266 2.154909 0.04233769 0.4341403 2.164326 -0.01102692 0.2884525 2.052043 0.2277544 0.3214775 2.251966 0.09320407 0.1407441 1.969004 0.3531569 0.1217989 2.18013 0.2589225 0.0753848 2.020653 0.4465538 0.3517287 2.102114 0.3141619 0.05359838 2.042274 0.4907582 0.461524 2.074299 0.07306992 0.06361359 2.170593 0.111247 -0.001748001 2.135276 0.06593606 -0.07902911 2.073816 0.1797664 -0.06956521 2.182909 0.008689142 -0.5367028 2.200085 0.1806409 -0.564228 2.364463 -0.04697527 -0.863955 2.258228 0.1540403 -0.884206 2.423225 -0.03665836 -0.9416046 2.24133 0.2361217 -0.9423566 2.444722
0.0461258 0.6146242 2.154048 0.04260829 0.4338617 2.164217 -0.01078018 0.2879033 2.052087 0.2278911 0.3216991 2.252093 0.09351353 0.1403347 1.968812 0.3530099 0.1218086 2.180445 0.2592162 0.07560071 2.021115 0.4429229 0.3509317 2.095078 0.3144505 0.05402273 2.042955 0.48602 0.4587921 2.067589 0.07312232 0.06369761 2.170498 0.1112027 -0.001605395 2.135252 0.06592027 -0.07899409 2.073751 0.1796592 -0.0694821 2.182928 0.008488528 -0.5368094 2.199668 0.1808809 -0.5659727 2.365273 -0.04683673 -0.8638636 2.258182 0.1537917 -0.884267 2.422877 -0.03492781 -0.9406565 2.238648 0.2355396 -0.9420376 2.443909
0.04167962 0.6128731 2.153103 0.04262185 0.4337075 2.164101 -0.01105193 0.2877667 2.052026 0.2279622 0.3212854 2.251591 0.0935084 0.1403725 1.9688 0.3532244 0.1219431 2.181128 0.2589592 0.07558073 2.02167 0.4391302 0.3501215 2.088289 0.3141094 0.05398348 2.043699 0.4786651 0.4558699 2.056333 0.07318921 0.06368781 2.17039 0.1111499 -0.001618346 2.13518 0.06584333 -0.07901257 2.073736 0.1795724 -0.06948762 2.182695 0.008470979 -0.536893 2.19958 0.1809223 -0.5659098 2.365252 -0.04667076 -0.8638557 2.258206 0.1540559 -0.88432 2.422198 0.00749103 -0.9111356 2.197242 0.2353794 -0.9424438 2.445003
0.04111148 0.6123264 2.152722 0.04254567 0.4336004 2.164019 -0.01151545 0.2876398 2.051952 0.2279704 0.3212975 2.251553 0.0934711 0.1405234 1.968803 0.3521602 0.1225237 2.181444 0.2588204 0.07543854 2.021629 0.4306611 0.3485869 2.075947 0.3139368 0.05374357 2.043643 0.4642642 0.4509183 2.037295 0.0732858 0.06364225 2.170275 0.1111741 -0.001660929 2.135112 0.06581288 -0.07903915 2.073728 0.1797688 -0.0694739 2.18245 0.008431514 -0.5367811 2.199451 0.1810804 -0.5662627 2.365507 -0.04702384 -0.8636076 2.257832 0.1540063 -0.8843315 2.422212 -0.03403112 -0.9424491 2.251985 0.2354206 -0.9423301 2.444905
0.04232815 0.6120423 2.152001 0.04257455 0.4334227 2.163952 -0.01151782 0.2876451 2.051935 0.2278784 0.3220644 2.251784 0.09338763 0.1405385 1.968624 0.3503601 0.1223771 2.181722 0.2582915 0.07521629 2.022313 0.4226065 0.3450318 2.063693 0.3132594 0.05344223 2.044615 0.4532764 0.4464726 2.021606 0.07379276 0.06347293 2.170348 0.1117874 -0.001824321 2.135383 0.06662355 -0.07922911 2.074388 0.1804623 -0.0693059 2.182621 0.008701892 -0.5371674 2.199944 0.1811914 -0.5662631 2.365481 -0.04722097 -0.8635998 2.257722 0.1545488 -0.8850574 2.423293 -0.03496312 -0.9424857 2.251018 0.2355176 -0.942139 2.44522
0.04188339 0.6116837 2.151552 0.04273207 0.4330391 2.164086 -0.01150698 0.2876505 2.051924 0.2107798 0.3350544 2.253212 0.09363747 0.1406634 1.968747 0.3491128 0.1237195 2.18276 0.2583708 0.0750557 2.022574 0.4075448 0.3407843 2.04606 0.3132819 0.05318648 2.044922 0.427225 0.429457 1.999281 0.07333909 0.06301824 2.169783 0.112336 -0.002205622 2.135849 0.06866401 -0.07909721 2.075583 0.1803056 -0.06909944 2.182899 0.008701266 -0.5371781 2.199947 0.1813519 -0.5663634 2.365472 -0.04747358 -0.8634188 2.257486 0.1544474 -0.8852813 2.423586 -0.03647374 -0.9424539 2.250429 0.2351441 -0.9421632 2.44522
0.042516 0.6114446 2.150979 0.04272784 0.4321277 2.164034 -0.01154254 0.2875462 2.052087 0.2181532 0.3283929 2.254776 0.09368902 0.1407106 1.968688 0.3495181 0.1224594 2.182692 0.2583517 0.07525856 2.022834 0.3955832 0.3347732 2.03317 0.3132393 0.05344123 2.045288 0.4059054 0.4133549 1.980708 0.07372008 0.06304063 2.169998 0.1123691 -0.002152742 2.135991 0.06866677 -0.07908436 2.075755 0.1803367 -0.06905692 2.183019 0.008928496 -0.537747 2.2005 0.1812384 -0.5663638 2.365458 -0.04725862 -0.8635315 2.257603 0.1543578 -0.8852635 2.423406 -0.03748713 -0.9426467 2.24974 0.2350728 -0.9421406 2.445526
0.04326146 0.6111061 2.150171 0.04298973 0.4311242 2.163842 -0.01160208 0.2876126 2.052039 0.2247821 0.3186345 2.25517 0.0937572 0.1408471 1.968721 0.3486659 0.1666394 2.191413 0.2582629 0.0750723 2.022913 0.3768218 0.3472533 1.998312 0.3130982 0.05314738 2.045383 0.3850148 0.3984009 1.9556 0.07426997 0.06266838 2.170082 0.1125725 -0.002459443 2.136014 0.06866264 -0.07929958 2.075743 0.1808855 -0.0697258 2.183094 0.008817481 -0.5379145 2.200547 0.1812318 -0.5665163 2.365489 -0.04703204 -0.8637401 2.257762 0.1540779 -0.8848892 2.423204 0.008169312 -0.9109147 2.197702 0.2348454 -0.9421955 2.445696
0.04409732 0.6105376 2.14938 0.04285166 0.4308417 2.163769 -0.01145567 0.287241 2.052225 0.2273895 0.3147584 2.255867 0.09405186 0.1406944 1.968638 0.3503057 0.1339226 2.18815 0.2581657 0.07466143 2.023515 0.3530193 0.2944564 2.017174 0.3128703 0.05265043 2.046213 0.3499071 0.3729657 1.941511 0.07462302 0.06210212 2.170066 0.112863 -0.003103758 2.136098 0.06865453 -0.0795189 2.075724 0.1817832 -0.07105264 2.183428 0.00893023 -0.53772 2.200398 0.1812989 -0.5665473 2.365436 -0.0473839 -0.8635771 2.257663 0.1538566 -0.8849903 2.423392 -0.03829975 -0.9424023 2.246761 0.2341864 -0.9420544 2.443938
0.04459848 0.6101015 2.148704 0.0431434 0.4303792 2.164779 -0.0114617 0.2872463 2.052372 0.2275653 0.3171574 2.257453 0.09417874 0.14085 1.968665 0.3391202 0.1305748 2.184702 0.2572704 0.07320447 2.024394 0.3406188 0.2862441 2.014663 0.3116343 0.05065595 2.047375 0.3235497 0.3506226 1.936087 0.07481864 0.06239918 2.170444 0.1130584 -0.002561182 2.13658 0.06874333 -0.07921714 2.075853 0.1819294 -0.07069504 2.183916 0.008888382 -0.5376616 2.200355 0.1812025 -0.5669096 2.365456 -0.04774826 -0.8632236 2.256857 0.1536824 -0.8851439 2.423363 0.007441502 -0.910403 2.196809 0.2340672 -0.9421302 2.444251
0.04409029 0.6097968 2.148173 0.04342552 0.429573 2.165052 -0.01161803 0.2870791 2.052372 0.2264016 0.3199174 2.257898 0.09386861 0.1409492 1.967733 0.3346403 0.1260477 2.180378 0.2565276 0.07462528 2.025717 0.3106974 0.2717252 2.003053 0.3107473 0.0525173 2.049451 0.2838192 0.3196442 1.928545 0.07536719 0.06262884 2.170858 0.1137139 -0.002037999 2.137266 0.0694696 -0.07884288 2.076284 0.1825542 -0.07018958 2.1849 0.009347992 -0.5367601 2.199515 0.181433 -0.5659783 2.365205 -0.04738563 -0.8634619 2.25682 0.1537847 -0.8849351 2.423134 0.007898994 -0.9106323 2.196862 0.2336119 -0.9424792 2.441529
0.04333726 0.6096057 2.147933 0.04370704 0.4291743 2.16532 -0.01175921 0.2871164 2.052299 0.2062846 0.3393477 2.255201 0.09362 0.1408814 1.967735 0.3387103 0.131358 2.174438 0.2579107 0.07941994 2.026328 0.2992244 0.2437825 2.013819 0.3126742 0.05893277 2.050265 0.2542586 0.3005933 1.906347 0.07471922 0.06256168 2.170175 0.1137451 -0.002024739 2.137278 0.06989408 -0.07863069 2.076439 0.181746 -0.06886227 2.184705 0.009282333 -0.5363757 2.199382 0.1817406 -0.565222 2.36508 -0.04784035 -0.863158 2.256365 0.1537853 -0.8848655 2.423162 0.009067442 -0.9101763 2.197833 0.2332654 -0.9419433 2.442109
0.04434272 0.6093246 2.147087 0.04382276 0.4288105 2.165335 -0.01255544 0.287686 2.052285 0.1999423 0.3417789 2.252063 0.09319924 0.1415933 1.968045 0.3315143 0.1283014 2.172491 0.2575268 0.07911146 2.025666 0.2963968 0.2403943 2.010521 0.3123027 0.05828418 2.049278 0.2323934 0.2771454 1.895943 0.07470456 0.06183527 2.169915 0.1137519 -0.002816996 2.137075 0.07008889 -0.07876818 2.076576 0.1807893 -0.06843735 2.18398 0.009272063 -0.536469 2.199336 0.1817439 -0.5660057 2.365581 -0.0472686 -0.863907 2.257161 0.1538448 -0.884935 2.423197 0.009850923 -0.9109016 2.198827 0.2331648 -0.9418185 2.439909
0.04507668 0.6090761 2.146201 0.04394186 0.4286281 2.165653 -0.01270362 0.2878748 2.052318 0.2048111 0.34277 2.255072 0.09378622 0.1416692 1.969723 0.3184441 0.1209899 2.168622 0.2592325 0.07923292 2.024731 0.277239 0.2245653 2.002108 0.3143813 0.05842083 2.047472 0.1937765 0.2455047 1.892131 0.07481041 0.0618522 2.170042 0.1136785 -0.002758273 2.137077 0.06993671 -0.07872216 2.076644 0.1805586 -0.06806868 2.183763 0.009290444 -0.5364699 2.199324 0.1817437 -0.5659962 2.365549 -0.04715294 -0.8639712 2.257377 0.1538637 -0.8849406 2.423141 0.00969075 -0.9109922 2.198804 0.2397091 -0.9440874 2.436706
0.04550259 0.6086895 2.145581 0.04406467 0.428265 2.165748 -0.0127497 0.2879394 2.052276 0.214623 0.3409131 2.257931 0.09373146 0.1413329 1.970712 0.3242171 0.117523 2.169976 0.2608069 0.08039586 2.023051 0.2627918 0.2090736 2.002581 0.3164987 0.0600835 2.044904 0.1887395 0.2402863 1.891819 0.07540973 0.06208028 2.170455 0.113937 -0.002318384 2.137146 0.0700112 -0.07863724 2.076881 0.1813668 -0.06693249 2.183367 0.009345842 -0.5365778 2.199451 0.1814715 -0.5664351 2.36559 -0.04746229 -0.8634908 2.256799 0.1537288 -0.8850707 2.423142 0.008523278 -0.9105946 2.197479 0.2428714 -0.9445907 2.438774
0.04495773 0.6085412 2.14543 0.04401074 0.4278541 2.165773 -0.01276462 0.2879407 2.052255 0.2217578 0.3357426 2.257123 0.1077736 0.1274142 1.980885 0.3238431 0.1119539 2.158665 0.2718789 0.2093101 2.015506 0.2510349 0.1847405 1.986303 0.3265807 0.2366087 2.031452 0.1747941 0.2233275 1.867781 0.0757196 0.06308406 2.170948 0.1137015 -0.0005860489 2.137322 0.06981021 -0.0781754 2.076793 0.1814569 -0.06625171 2.183615 0.009334392 -0.5365826 2.199408 0.1816147 -0.5662755 2.36542 -0.04708807 -0.8638548 2.25683 0.1537375 -0.8850611 2.423141 0.007967986 -0.9110427 2.19672 0.2372025 -0.9434692 2.442873
0.0441976 0.6086607 2.145282 0.04421576 0.4266976 2.165596 -0.01260057 0.2874487 2.052004 0.2221803 0.3350531 2.256866 0.1130386 0.1300644 1.978807 0.3245062 0.11124 2.158812 0.2765293 0.210059 2.018491 0.2515733 0.1824495 1.985792 0.3310262 0.2367239 2.036125 0.1760364 0.2203467 1.868863 0.0758057 0.06349324 2.171075 0.1137082 0.0001996749 2.1376 0.06981821 -0.07815631 2.076643 0.1816208 -0.06551653 2.184868 0.009403363 -0.5364134 2.199372 0.181608 -0.5662817 2.365417 -0.04683081 -0.8642588 2.257562 0.1538198 -0.8852386 2.423468 0.008195568 -0.9114437 2.197432 0.2373994 -0.9435496 2.445082
0.04405349 0.6085179 2.145165 0.04458253 0.4259443 2.165514 -0.01309235 0.2866158 2.052196 0.2330159 0.3201097 2.246747 0.1118172 0.1330912 1.977859 0.3272514 0.1052711 2.157489 0.277714 0.2097289 2.014959 0.2523999 0.1800595 1.987011 0.333013 0.2352747 2.031732 0.1769855 0.2175804 1.869742 0.07625227 0.06383595 2.171573 0.1122927 0.0006608722 2.136688 0.06583798 -0.07828206 2.074085 0.1809353 -0.06612007 2.184202 0.009410669 -0.5364249 2.199353 0.1814573 -0.5663826 2.365251 -0.04743432 -0.8636392 2.257284 0.1539428 -0.8851162 2.423261 0.00482709 -0.9110475 2.194913 0.2363797 -0.9432089 2.445711
0.04268625 0.6081315 2.144557 0.04478358 0.4254541 2.165535 -0.01342453 0.2866569 2.052113 0.2336678 0.3193049 2.246335 0.1118501 0.1333934 1.977774 0.3271954 0.1037356 2.15688 0.2963657 0.2170334 2.034552 0.251996 0.1788056 1.986701 0.3578709 0.2449134 2.057884 0.1767712 0.2160681 1.869754 0.07604511 0.06403679 2.171548 0.1118831 0.001003017 2.136502 0.06532121 -0.07818353 2.073951 0.1807412 -0.06615717 2.183953 0.009394675 -0.5364292 2.199343 0.1816665 -0.5662263 2.365022 -0.04727925 -0.8640957 2.257735 0.1539246 -0.8851084 2.423249 0.00482209 -0.9115124 2.195246 0.235935 -0.9430395 2.445797
0.04234049 0.6079836 2.144357 0.04477055 0.425429 2.165541 -0.01372176 0.2867379 2.052147 0.2344656 0.3185427 2.246244 0.1114258 0.1342092 1.977159 0.3276244 0.1029378 2.156489 0.2774901 0.08219175 2.039067 0.2047918 0.1550547 2.008649 0.3328449 0.0648526 2.064109 0.1259131 0.1978399 1.880564 0.0752339 0.06434439 2.171112 0.1108427 0.001393677 2.135707 0.06373688 -0.07783155 2.073057 0.1799559 -0.06654339 2.18277 0.009347373 -0.5364176 2.199129 0.181744 -0.5656531 2.364578 -0.04704551 -0.8641505 2.257826 0.153965 -0.88432 2.422665 0.004915245 -0.9115764 2.195235 0.2349988 -0.9423833 2.4448
0.0421495 0.607782 2.144345 0.04502423 0.4248946 2.16575 -0.01386602 0.2867325 2.052154 0.2366398 0.3182743 2.247665 0.1111663 0.1344972 1.976923 0.3278487 0.1026451 2.156405 0.2771519 0.05724336 2.012773 0.2048787 0.1550879 2.008818 0.3324805 0.03149208 2.02913 0.1259112 0.197903 1.880624 0.07518072 0.06450323 2.171317 0.1108222 0.001700511 2.135834 0.063693 -0.07776298 2.073229 0.1800113 -0.06653412 2.182768 0.00934078 -0.5364222 2.199131 0.1816599 -0.5642425 2.363527 -0.04694888 -0.8643252 2.257926 0.1540569 -0.8843035 2.422628 0.004959248 -0.9117528 2.195302 0.2347506 -0.9420658 2.444687
0.04154718 0.607439 2.14426 0.04485062 0.4246271 2.165433 -0.01408309 0.2867098 2.052167 0.2376944 0.3162941 2.245919 0.110003 0.1352608 1.976485 0.3280221 0.1024046 2.156269 0.2670828 0.09744144 2.062376 0.2081223 0.158608 2.007433 0.3194428 0.084835 2.095412 0.1363367 0.1979084 1.887498 0.07515539 0.06454753 2.171447 0.1106789 0.001731152 2.135793 0.06350862 -0.07787793 2.073303 0.1799627 -0.06662442 2.182684 0.009537341 -0.5363717 2.19892 0.1817881 -0.5643862 2.363295 -0.04679138 -0.8637199 2.257061 0.1542814 -0.8839816 2.421992 -0.03933883 -0.9422922 2.243818 0.2345428 -0.9420882 2.444983
0.041317 0.6073487 2.144051 0.04478096 0.4244747 2.16531 -0.01497572 0.2868734 2.052237 0.2376367 0.3163024 2.245911 0.1098162 0.1357769 1.976275 0.3286465 0.1036025 2.156502 0.2649856 0.1117665 2.069229 0.2082119 0.1585677 2.007633 0.3167087 0.103763 2.10462 0.1363132 0.1980519 1.887519 0.07457426 0.06458766 2.171156 0.1099982 0.00179074 2.135313 0.06253172 -0.0778175 2.073013 0.179427 -0.06691265 2.181852 0.009405327 -0.5367133 2.198853 0.1819136 -0.5642957 2.363244 -0.04711067 -0.8636372 2.256816 0.1542708 -0.883816 2.421504 -0.03933351 -0.9422634 2.244121 0.2374936 -0.9416522 2.445879
0.04239662 0.6071628 2.143146 0.04484393 0.4240742 2.165423 -0.01533916 0.2869042 2.052285 0.2350719 0.3199654 2.249182 0.1092706 0.1365252 1.975969 0.328854 0.1032897 2.156752 0.2747766 0.1660425 2.050292 0.2078752 0.1577376 2.008159 0.3299452 0.1758816 2.079472 0.1386477 0.1960866 1.890956 0.07419002 0.06454014 2.170979 0.1100286 0.001823039 2.135309 0.06254681 -0.07783358 2.073012 0.1796295 -0.0667245 2.181823 0.009531288 -0.5365906 2.198864 0.1820629 -0.5636809 2.363033 -0.04674793 -0.8637383 2.257264 0.1541556 -0.8835437 2.421938 0.005348157 -0.9111404 2.194805 0.2353701 -0.9410959 2.44515
0.04193895 0.6068514 2.142803 0.04453257 0.4237374 2.165146 -0.01576724 0.2869837 2.052352 0.2368666 0.3140647 2.243975 0.1172411 0.1331888 1.976885 0.3295005 0.1029624 2.15764 0.2797764 0.1895785 2.043224 0.2081834 0.1575226 2.009395 0.3339548 0.208375 2.069743 0.1408238 0.1950358 1.894192 0.07153272 0.06405682 2.170903 0.106211 0.0009684901 2.134743 0.0562204 -0.07912776 2.072336 0.1762772 -0.06874392 2.181312 0.009602708 -0.5366333 2.19885 0.1821731 -0.5634774 2.362834 -0.04671532 -0.8637919 2.257327 0.1542102 -0.8836761 2.42204 0.004398301 -0.9112323 2.194099 0.2353746 -0.9411005 2.445154
0.04170203 0.606824 2.142893 0.04402071 0.4235829 2.164848 -0.01600613 0.2871033 2.052422 0.2315559 0.3197631 2.247058 0.1105436 0.1408086 1.975109 0.3293151 0.102938 2.157282 0.2766613 0.1831615 2.042749 0.207943 0.1576094 2.009131 0.3320339 0.1972791 2.069701 0.1408182 0.1950061 1.89417 0.07103495 0.06480026 2.170664 0.1064487 0.002160498 2.134943 0.05746846 -0.07832059 2.071761 0.1765111 -0.0676313 2.182561 0.009543311 -0.5366941 2.198789 0.1821225 -0.5636693 2.362813 -0.04671988 -0.863814 2.257368 0.1542812 -0.8837909 2.422122 0.005387995 -0.9111787 2.194908 0.2380019 -0.9403201 2.436162
0.04160729 0.6068307 2.142861 0.04397928 0.423557 2.164874 -0.01646654 0.2874919 2.052371 0.231189 0.3223612 2.249763 0.101089 0.141936 1.974925 0.3294206 0.102855 2.157391 0.2646673 0.07824894 2.033211 0.2079801 0.1575043 2.009294 0.3191934 0.05701991 2.057046 0.1412517 0.1947293 1.894756 0.07089045 0.06474023 2.170595 0.1066138 0.00208663 2.134991 0.05799468 -0.07817439 2.072627 0.1768827 -0.06739754 2.182158 0.009640569 -0.5367599 2.198976 0.1825375 -0.5631908 2.362577 -0.04646171 -0.864583 2.258238 0.1543639 -0.8838816 2.422118 0.00602904 -0.9119155 2.196084 0.2367273 -0.940677 2.437772
0.04013591 0.6069666 2.142882 0.04408513 0.4234281 2.164833 -0.01673623 0.2873992 2.052466 0.2221789 0.3333729 2.253606 0.09929956 0.1421198 1.974997 0.3254156 0.1101661 2.154969 0.2670385 0.08244894 2.026819 0.2417711 0.1965488 1.995229 0.3229515 0.06255867 2.048498 0.1668617 0.2330492 1.876452 0.07031193 0.06422529 2.16993 0.1067935 0.001444352 2.134738 0.05831728 -0.07824643 2.073111 0.1766456 -0.06705762 2.180833 0.0096963 -0.53683 2.199085 0.1821724 -0.5634217 2.362747 -0.0471443 -0.8632599 2.256448 0.1546065 -0.8841844 2.422439 0.006748714 -0.9104748 2.195423 0.2362911 -0.9405881 2.439545
0.03964256 0.6070483 2.143169 0.04408656 0.4234292 2.164834 -0.01701723 0.2872212 2.052413 0.2151761 0.3378359 2.254972 0.09827374 0.1427217 1.97503 0.325045 0.1179348 2.155977 0.2555108 0.08998998 2.053591 0.2633523 0.2228267 1.997433 0.3079231 0.07241274 2.084184 0.2643843 0.2787885 1.954412 0.07110144 0.0632339 2.170377 0.1086594 -0.0001031744 2.136061 0.06309076 -0.07918308 2.077017 0.1770013 -0.06697144 2.181215 0.009527421 -0.5368884 2.198648 0.1821075 -0.5630028 2.362414 -0.04690278 -0.863293 2.256363 0.1545873 -0.8842202 2.422527 0.007979471 -0.9104161 2.196163 0.2354376 -0.9400182 2.440096
0.0401766 0.6070358 2.143053 0.04408878 0.4234706 2.164774 -0.01723851 0.2871149 2.0524 0.1992422 0.3390151 2.248616 0.09438948 0.1439199 1.972025 0.3215866 0.1225334 2.159964 0.2498862 0.09854773 2.057245 0.2689075 0.2266191 1.997349 0.3017185 0.08342367 2.090058 0.2243111 0.2779164 1.895415 0.07106225 0.06124982 2.169496 0.1093177 -0.002937315 2.135459 0.06392339 -0.07960271 2.077218 0.1765108 -0.06720643 2.180555 0.009532898 -0.5368914 2.198644 0.1820161 -0.5629678 2.362267 -0.04743958 -0.8628009 2.255578 0.1542213 -0.8840419 2.423126 0.008544654 -0.9098257 2.196333 0.2341963 -0.9398204 2.439581
0.03925164 0.6072136 2.143177 0.04401152 0.4236368 2.164772 -0.0176295 0.2873909 2.052187 0.1991961 0.3403333 2.249868 0.09149945 0.1430744 1.96975 0.3326955 0.1380223 2.150568 0.2512735 0.09037372 2.063951 0.2828434 0.2521899 1.994493 0.3045315 0.07280682 2.099758 0.2495432 0.2977572 1.908465 0.07106712 0.06121631 2.169425 0.1094278 -0.002967997 2.135455 0.06431516 -0.07946861 2.077241 0.1765175 -0.06698657 2.180511 0.009622868 -0.5367346 2.198632 0.1814691 -0.5624784 2.361777 -0.04807662 -0.8616939 2.2537 0.1546266 -0.8838699 2.422652 0.008062176 -0.9087023 2.194598 0.2338598 -0.9398663 2.439966
0.03875132 0.6072932 2.143474 0.04398807 0.423805 2.164749 -0.01776192 0.28718 2.05225 0.2120421 0.3303129 2.253335 0.09066841 0.1427365 1.96881 0.3268816 0.1245878 2.158902 0.2513098 0.09110989 2.063974 0.3048946 0.2704506 2.002765 0.3048569 0.07390103 2.100101 0.2848804 0.3239671 1.929072 0.0717302 0.06132055 2.169877 0.1097219 -0.002863154 2.135592 0.06449614 -0.07949577 2.077143 0.1773887 -0.0672375 2.181147 0.009100854 -0.5356486 2.197199 0.1809412 -0.562409 2.361514 -0.04792498 -0.8618004 2.254012 0.1546941 -0.8839528 2.422722 0.007308327 -0.9088906 2.194136 0.2394473 -0.9426489 2.434785
0.03837249 0.6073302 2.143549 0.04387631 0.4239513 2.164706 -0.01787075 0.2871703 2.052289 0.2182463 0.3249774 2.254 0.0903016 0.1426429 1.968586 0.3261577 0.1252215 2.160795 0.248545 0.06897238 2.029237 0.3203759 0.2770827 2.013292 0.3012928 0.04441553 2.05386 0.3162504 0.350952 1.937934 0.07246797 0.06122724 2.170579 0.1103311 -0.003086879 2.136397 0.06487691 -0.07982031 2.077735 0.1790372 -0.06839513 2.182771 0.009084447 -0.5354066 2.197035 0.1807943 -0.5623108 2.361156 -0.04795881 -0.8617422 2.254023 0.1549703 -0.8838451 2.422584 0.006705228 -0.9088755 2.19367 0.2401303 -0.9428716 2.434752
0.03801428 0.6075623 2.143892 0.04370482 0.4241389 2.164664 -0.01806539 0.2875575 2.052168 0.2211366 0.3214625 2.254944 0.09005926 0.1429289 1.968655 0.3239475 0.1497549 2.180306 0.2485089 0.06924092 2.028825 0.3511548 0.3224343 2.003903 0.3013255 0.04467826 2.053288 0.354015 0.392905 1.937025 0.07257882 0.06121867 2.170528 0.1103415 -0.003122525 2.136366 0.06484757 -0.07981682 2.077767 0.1791478 -0.06856871 2.182313 0.008884359 -0.5352513 2.196801 0.1807021 -0.562285 2.361088 -0.04732397 -0.8623345 2.254422 0.154997 -0.8838497 2.422662 0.007238839 -0.909475 2.193991 0.2380724 -0.9424609 2.434542
0.03685762 0.6079839 2.144328 0.04348589 0.4245564 2.164452 -0.01817989 0.2876727 2.051993 0.221189 0.3216266 2.254527 0.08998194 0.1429991 1.968679 0.3371108 0.1332765 2.181573 0.2484671 0.06925508 2.028703 0.3724789 0.3348541 2.013869 0.3012954 0.04467373 2.053117 0.3795576 0.412592 1.95451 0.07254945 0.06100288 2.170365 0.1101815 -0.0035274 2.136203 0.06461035 -0.07991105 2.077958 0.1788 -0.06899194 2.181426 0.008893589 -0.5355498 2.197147 0.1805051 -0.5624328 2.360953 -0.04701191 -0.8626547 2.25481 0.1548852 -0.8838397 2.42262 0.007484611 -0.9097959 2.194328 0.236676 -0.9417911 2.437952
0.03527603 0.6087559 2.14499 0.04330678 0.4249592 2.164406 -0.01840689 0.2876272 2.05213 0.2213926 0.3207714 2.25373 0.08980835 0.1431079 1.968558 0.3454227 0.1864382 2.162464 0.2485524 0.06986038 2.028497 0.3948376 0.3846621 1.99941 0.3014671 0.04544456 2.052882 0.4095979 0.4356078 1.98423 0.0724806 0.06104791 2.170269 0.1099124 -0.003522682 2.136033 0.06405179 -0.08001173 2.07756 0.1785231 -0.06909395 2.181241 0.008898415 -0.5355387 2.197148 0.180481 -0.5624492 2.360949 -0.04704858 -0.8626356 2.254814 0.1552087 -0.8836899 2.422302 0.007259771 -0.9097895 2.194181 0.2354023 -0.9416985 2.441226
0.0358976 0.6094567 2.145618 0.04303153 0.4255282 2.164431 -0.01836909 0.2876524 2.052116 0.221464 0.320273 2.252569 0.08978315 0.1431333 1.968456 0.3465278 0.1873811 2.162458 0.2490066 0.0709232 2.02836 0.4126296 0.3877367 2.024131 0.3020811 0.04685315 2.052734 0.4248181 0.4428405 2.002561 0.07243635 0.06098272 2.170207 0.1097036 -0.003676744 2.135874 0.06374662 -0.08015174 2.077221 0.1782164 -0.06937218 2.181079 0.008766062 -0.5356212 2.196852 0.1797306 -0.5625116 2.360779 -0.0469354 -0.8625144 2.254958 0.1552515 -0.8836324 2.422167 0.007190164 -0.909682 2.194181 0.2353788 -0.9418991 2.442655
0.03643471 0.6098514 2.145936 0.04219387 0.4264827 2.164627 -0.01834913 0.287882 2.052121 0.2215714 0.3204497 2.252125 0.08955498 0.1432654 1.968273 0.3516057 0.1877206 2.17821 0.2492512 0.07203237 2.028079 0.4247399 0.3976908 2.037341 0.3024832 0.04828804 2.052421 0.438798 0.4507689 2.020837 0.07226885 0.06092917 2.170134 0.1094942 -0.003750884 2.135721 0.06343582 -0.08015308 2.077036 0.1780362 -0.06944437 2.180834 0.008721056 -0.5354656 2.196997 0.1795436 -0.5624156 2.36066 -0.04708201 -0.8623387 2.254849 0.1551956 -0.8835098 2.422111 0.00694811 -0.9095193 2.194007 0.2335566 -0.9412932 2.441099
0.03456144 0.6101336 2.147061 0.04146933 0.4273672 2.164462 -0.01836351 0.2879444 2.05212 0.2217647 0.3203519 2.251626 0.08964948 0.1433981 1.96833 0.3525334 0.1877521 2.180988 0.2501261 0.07360225 2.027787 0.4352148 0.4015872 2.053041 0.3036183 0.05033696 2.052012 0.4521854 0.4548562 2.037655 0.07232512 0.06091679 2.170153 0.1095 -0.003780016 2.135712 0.06343392 -0.08017608 2.077029 0.1780945 -0.06948586 2.180822 0.008712485 -0.5354736 2.197029 0.1795044 -0.5624745 2.360486 -0.04682252 -0.8632321 2.255705 0.1551733 -0.8834128 2.422022 -0.02422744 -0.9382446 2.271639 0.2360371 -0.9418669 2.439569
0.03300928 0.6102641 2.147729 0.04065756 0.4281085 2.164211 -0.01825491 0.2881895 2.052064 0.2222622 0.3211558 2.251629 0.09013195 0.1437743 1.96868 0.3534148 0.1892502 2.182829 0.2510695 0.07423902 2.027337 0.4430773 0.4047483 2.063598 0.3047154 0.05106059 2.051296 0.464577 0.4604412 2.051622 0.07232936 0.06100755 2.170147 0.1094933 -0.00372851 2.135724 0.06343142 -0.08018324 2.077043 0.1781768 -0.06927639 2.180851 0.008606967 -0.5355117 2.197078 0.179455 -0.5622286 2.360269 -0.04642412 -0.8632132 2.255734 0.1544176 -0.8832292 2.422883 0.007424209 -0.9104093 2.194759 0.2377551 -0.9418617 2.437342
0.03238415 0.6104079 2.148162 0.04072862 0.4280011 2.164188 -0.01805841 0.2884027 2.052158 0.222219 0.3211213 2.251462 0.09024487 0.1439924 1.968637 0.353529 0.1903452 2.184713 0.2514436 0.07509753 2.027299 0.4466093 0.4066319 2.07017 0.3051765 0.05213257 2.05126 0.4697837 0.4615171 2.060089 0.0723514 0.06103116 2.17012 0.1094821 -0.00369315 2.135735 0.0634237 -0.08016125 2.076907 0.1781296 -0.06927697 2.181058 0.008579591 -0.5354427 2.196968 0.1793286 -0.5622165 2.359877 -0.04645677 -0.8631963 2.255886 0.1545762 -0.8832905 2.422798 0.007386271 -0.9103886 2.194913 0.2364166 -0.9417063 2.438908
0.03182621 0.6105975 2.148852 0.04070013 0.4282808 2.164176 -0.01787929 0.288732 2.052122 0.2222544 0.3210931 2.251422 0.09024884 0.1441704 1.968682 0.3550685 0.1902837 2.187042 0.2524266 0.07741484 2.027136 0.4518172 0.4066473 2.0762 0.3064859 0.05516297 2.051027 0.4744266 0.4610626 2.065219 0.07208652 0.0613333 2.169969 0.1091796 -0.003392984 2.135584 0.06295904 -0.07985412 2.076193 0.1778923 -0.06922685 2.18114 0.008583822 -0.5356273 2.197051 0.1791579 -0.5620846 2.359771 -0.0471182 -0.8617202 2.25497 0.1546216 -0.8832709 2.422869 0.006755013 -0.9089059 2.194028 0.2357522 -0.9408339 2.437913
0.03130393 0.6107951 2.149467 0.04064247 0.4286499 2.164307 -0.01754943 0.2890645 2.052105 0.2222916 0.3210896 2.251431 0.09053691 0.1444498 1.968748 0.3630067 0.1932161 2.175499 0.2530022 0.07807477 2.026881 0.4551447 0.4077654 2.080792 0.3071572 0.05594977 2.050665 0.4788741 0.4594581 2.073413 0.07207575 0.06151305 2.170013 0.1092057 -0.003233566 2.135653 0.06303092 -0.07976267 2.076157 0.1778953 -0.06909322 2.18134 0.008534933 -0.5354852 2.196922 0.1790427 -0.5618443 2.359648 -0.04700008 -0.8614751 2.25543 0.1544352 -0.8833783 2.422765 0.006926138 -0.908654 2.194539 0.2346956 -0.94034 2.438892
0.03043325 0.6109484 2.150207 0.04076042 0.4290354 2.164384 -0.0173397 0.2890184 2.052342 0.2237585 0.321323 2.252507 0.09082796 0.1445222 1.968869 0.3623275 0.1880514 2.186814 0.253206 0.07792798 2.026973 0.4559159 0.4065683 2.08313 0.307332 0.0557299 2.050747 0.4801971 0.4584938 2.076013 0.07200121 0.06182905 2.170047 0.1090864 -0.002937091 2.135667 0.06290075 -0.07963336 2.076058 0.1778522 -0.06905942 2.181387 0.008461316 -0.5354987 2.196784 0.1789763 -0.561792 2.359621 -0.04692984 -0.861746 2.255641 0.1544572 -0.8833914 2.422823 0.00695521 -0.9089233 2.19472 0.2398662 -0.9430479 2.434164
0.03307842 0.6117172 2.15091 0.04093027 0.4292306 2.164536 -0.01671449 0.2894544 2.052546 0.2245504 0.3221917 2.254218 0.09138167 0.1448579 1.969199 0.3482829 0.1194858 2.183931 0.2535841 0.07734147 2.026827 0.4354265 0.3503065 2.101301 0.3076516 0.05483601 2.050442 0.4817874 0.4580138 2.07783 0.07184388 0.06242444 2.170165 0.1089731 -0.002226757 2.135894 0.06287925 -0.07932699 2.075737 0.1776625 -0.06886575 2.182223 0.00850686 -0.5353385 2.196695 0.1789033 -0.5616367 2.359511 -0.046455 -0.862091 2.256325 0.1550786 -0.8827285 2.42206 0.007644679 -0.9092445 2.195585 0.238418 -0.9421849 2.436688
0.03547919 0.6125706 2.151774 0.04129614 0.4297696 2.16533 -0.01634953 0.2899141 2.052599 0.2252483 0.3223513 2.255632 0.09165476 0.1451551 1.969499 0.3481146 0.119541 2.183872 0.2542299 0.07798684 2.026593 0.4358027 0.3502468 2.101562 0.3084216 0.05559744 2.050031 0.4824553 0.4575833 2.078325 0.07165483 0.06311209 2.170439 0.1088403 -0.001449099 2.136137 0.06280992 -0.07900044 2.075467 0.1775016 -0.06856374 2.182742 0.008579616 -0.5352678 2.196727 0.1785502 -0.561916 2.359559 -0.04624464 -0.8619817 2.256241 0.1551286 -0.8828968 2.42298 0.008044343 -0.9091184 2.195666 0.2368869 -0.9421383 2.43782
0.03418222 0.612586 2.152322 0.041247 0.430057 2.165575 -0.01626758 0.2898797 2.052677 0.2252302 0.3223084 2.255684 0.09191731 0.1452906 1.969498 0.3470751 0.119966 2.1839 0.2543084 0.07779316 2.026694 0.4357656 0.3502936 2.101621 0.3084388 0.055294 2.050166 0.4826991 0.4571008 2.078438 0.0714936 0.06311838 2.170581 0.108708 -0.001470388 2.136227 0.06263262 -0.07899923 2.075444 0.1773103 -0.06871957 2.182994 0.008646761 -0.5352619 2.196738 0.1784303 -0.5620347 2.359631 -0.04869263 -0.8587649 2.254308 0.1553712 -0.8832218 2.423221 -0.03850977 -0.9377128 2.247339 0.2361902 -0.9416698 2.439189
0.0361179 0.6127141 2.152986 0.04133395 0.4304839 2.166217 -0.01525787 0.2901259 2.052907 0.2259948 0.3228464 2.256982 0.09231109 0.1451375 1.969587 0.3468239 0.1206276 2.184487 0.2545039 0.07735752 2.02696 0.4360835 0.3505196 2.10151 0.3085681 0.05476419 2.050491 0.4826325 0.4565991 2.078213 0.07132857 0.06340913 2.170923 0.1086836 -0.00117545 2.136527 0.06264817 -0.07891204 2.075435 0.1772382 -0.06858952 2.183626 0.008657409 -0.5351576 2.196628 0.1785977 -0.5616862 2.359638 -0.04846804 -0.8590526 2.25452 0.1552486 -0.8833095 2.422657 0.006022282 -0.9061689 2.194127 0.2352051 -0.9416612 2.438923
0.03750151 0.6129538 2.153476 0.0413769 0.4305522 2.166404 -0.01519017 0.2904364 2.05306 0.2262327 0.3229521 2.257315 0.09282706 0.1454585 1.970573 0.3467236 0.1205157 2.18454 0.2551685 0.07654031 2.026478 0.4361567 0.3501562 2.100974 0.3092824 0.05356757 2.04952 0.4822772 0.4560218 2.0776 0.0711769 0.0635464 2.171121 0.1085669 -0.001013403 2.136657 0.06245546 -0.0787078 2.075543 0.1771714 -0.06852619 2.183697 0.008664616 -0.5351329 2.196598 0.1784042 -0.5627933 2.36081 -0.04819432 -0.8594937 2.255084 0.155365 -0.8835186 2.422699 0.006307967 -0.9066054 2.194707 0.2347059 -0.9417546 2.439128
0.03904364 0.6132116 2.153567 0.04116335 0.4308622 2.166566 -0.01472557 0.2907738 2.053717 0.2262879 0.3230265 2.257503 0.09273708 0.1455977 1.970694 0.3464277 0.1209507 2.184793 0.2551275 0.07648719 2.026283 0.43612 0.3500253 2.099743 0.3092577 0.05345035 2.04922 0.4820245 0.4547043 2.076255 0.0711465 0.06344944 2.171323 0.1086188 -0.001189133 2.136847 0.06258923 -0.07871386 2.076029 0.1771826 -0.06856489 2.183722 0.008564913 -0.5353119 2.19684 0.1786109 -0.5618087 2.360708 -0.0483069 -0.8599023 2.255278 0.1548587 -0.8832719 2.423142 0.006178893 -0.9070134 2.194894 0.2340373 -0.9409927 2.438347
0.04061934 0.613578 2.154706 0.04100761 0.4311118 2.166933 -0.01451637 0.290635 2.054579 0.225123 0.3252449 2.258812 0.09269519 0.1456166 1.970698 0.3464586 0.1218624 2.18548 0.2487043 0.1012318 2.055313 0.4361531 0.3502337 2.09824 0.3007073 0.08643685 2.087925 0.4814192 0.4531775 2.074642 0.07103654 0.06365486 2.171661 0.1086697 -0.0009626151 2.137189 0.06280748 -0.07849109 2.076226 0.1771244 -0.06834984 2.184215 0.008553935 -0.5352614 2.196871 0.178647 -0.5622672 2.360936 -0.04836414 -0.8599352 2.254917 0.1550217 -0.8834949 2.423168 0.006288771 -0.9070313 2.19468 0.2342857 -0.9407427 2.439726
0.04074058 0.6135728 2.154814 0.04094777 0.4313451 2.167556 -0.01445554 0.2903201 2.055122 0.2250203 0.3243964 2.258121 0.09270087 0.1454821 1.9707 0.3467735 0.1218253 2.186045 0.2484648 0.06747681 2.031859 0.4355077 0.3497899 2.096445 0.3003861 0.04147506 2.056652 0.4799585 0.4518305 2.072399 0.07116546 0.06356481 2.172299 0.1088046 -0.001094336 2.137698 0.06303073 -0.07858656 2.076591 0.1772095 -0.06853218 2.184814 0.008610378 -0.5351832 2.19709 0.1789273 -0.5622409 2.361091 -0.04795125 -0.8603594 2.255245 0.1549887 -0.8841584 2.423671 0.006533757 -0.90747 2.194876 0.2396761 -0.9433115 2.438423
0.04107287 0.6136227 2.155194 0.04083141 0.4314946 2.168042 -0.01441851 0.2901611 2.055568 0.2253557 0.3241996 2.258462 0.09268677 0.1454324 1.970792 0.3465251 0.1220005 2.186247 0.2484644 0.06738113 2.031866 0.4341283 0.3490498 2.092729 0.3003902 0.04136403 2.056631 0.4779668 0.4501087 2.0667 0.07127295 0.06371997 2.172954 0.1089781 -0.0009246 2.138305 0.06314269 -0.07858971 2.076757 0.1776576 -0.06859709 2.185986 0.008649526 -0.5352107 2.197133 0.1790281 -0.5623702 2.361225 -0.04754943 -0.860598 2.255258 0.1550231 -0.8841069 2.423762 0.00687471 -0.9077126 2.194845 0.2409512 -0.9435173 2.437456
0.04144164 0.6136087 2.155375 0.04055426 0.4317107 2.168521 -0.0144888 0.2903431 2.055594 0.2254559 0.3242175 2.258522 0.0924261 0.145402 1.971006 0.346226 0.1220643 2.18625 0.2498098 0.07057226 2.032001 0.4312966 0.348706 2.088959 0.3022711 0.04562901 2.056739 0.4729407 0.4478883 2.060178 0.07114677 0.06380229 2.173244 0.1089209 -0.0008184443 2.138484 0.06309509 -0.07848031 2.076937 0.1776419 -0.06854182 2.186052 0.008691643 -0.5348007 2.196966 0.1789563 -0.5622984 2.36128 -0.04751204 -0.8605792 2.25524 0.1553512 -0.8837861 2.423465 0.00689311 -0.9076988 2.194823 0.2428724 -0.9444293 2.434417
0.04152203 0.6136554 2.155616 0.03952575 0.4323582 2.168633 -0.01458345 0.2905614 2.055747 0.2254772 0.3241296 2.2585 0.09214576 0.1453897 1.9714 0.3461102 0.1220291 2.186207 0.2499015 0.07087815 2.031916 0.425877 0.3470296 2.079813 0.3024867 0.04604096 2.056495 0.4637703 0.4446522 2.047798 0.07096681 0.06387469 2.173517 0.1088375 -0.0007497874 2.138705 0.06310891 -0.07845932 2.076987 0.1775807 -0.06870382 2.18656 0.008704832 -0.5358574 2.198256 0.1788297 -0.5626165 2.361611 -0.04780546 -0.8603133 2.254895 0.1555596 -0.885264 2.425756 0.006558895 -0.9074415 2.194455 0.2412871 -0.9439902 2.434147
0.04155679 0.6137045 2.155778 0.03941534 0.4324178 2.168888 -0.01446963 0.2906578 2.055941 0.2252856 0.3242922 2.258841 0.09193067 0.1452772 1.971524 0.3457893 0.1217613 2.186146 0.2496871 0.07189407 2.033154 0.4160978 0.3448462 2.068251 0.3022726 0.04743304 2.058104 0.4476112 0.4409748 2.032271 0.07099678 0.0639066 2.174022 0.1089837 -0.0007411302 2.139286 0.06346697 -0.07840311 2.077523 0.1776592 -0.06869294 2.187275 0.008652539 -0.5357054 2.198154 0.1788179 -0.5626776 2.361993 -0.04760043 -0.860783 2.255087 0.1553501 -0.8851427 2.425447 0.006825574 -0.9079011 2.194703 0.2398293 -0.9432564 2.436184
0.04197108 0.6138149 2.156425 0.03933051 0.4324921 2.169245 -0.01437475 0.2909291 2.056342 0.2110992 0.3347595 2.26213 0.09160154 0.1453395 1.971678 0.3449997 0.121992 2.186509 0.2490062 0.07164941 2.033744 0.4031371 0.3406549 2.052985 0.3014744 0.04708605 2.058839 0.4226991 0.4253866 2.012855 0.07032569 0.06376512 2.173669 0.109425 -0.0008390322 2.139824 0.06525719 -0.07802445 2.078326 0.1775364 -0.06827438 2.187948 0.008627485 -0.5356743 2.198061 0.1790625 -0.5622746 2.362054 -0.0474786 -0.8606177 2.254967 0.1544635 -0.885014 2.425099 0.009003278 -0.9075482 2.196359 0.2378289 -0.9429829 2.437077
0.04226665 0.6138988 2.157108 0.03911746 0.4326401 2.169755 -0.01420449 0.2909481 2.056531 0.2166756 0.3277114 2.263035 0.09173477 0.1445097 1.973953 0.3441604 0.1212406 2.186419 0.2510974 0.07158919 2.032565 0.3927866 0.3349158 2.04037 0.3042182 0.04728235 2.056509 0.4086481 0.4158195 1.996597 0.0705718 0.06377231 2.1744 0.1095554 -0.0008717951 2.140425 0.06548306 -0.07803041 2.078723 0.1776089 -0.06847242 2.18869 0.008584026 -0.5354025 2.198004 0.1792725 -0.5623739 2.362376 -0.0475862 -0.860566 2.254927 0.1545851 -0.8851217 2.424796 0.008523483 -0.9075309 2.195999 0.2365672 -0.9423027 2.4381
0.04285073 0.6140828 2.158053 0.03895302 0.4327977 2.169981 -0.01397337 0.2910848 2.056832 0.2193668 0.3234741 2.263702 0.09163989 0.1445087 1.974011 0.3426555 0.1210243 2.186218 0.2509177 0.07179519 2.033013 0.3700397 0.3241363 2.019182 0.3040103 0.04755736 2.057087 0.3826633 0.3974738 1.961409 0.07052658 0.06384643 2.174662 0.1094691 -0.0008185913 2.140629 0.06545847 -0.07801465 2.078714 0.1774499 -0.06875206 2.189356 0.008584677 -0.5354328 2.198 0.1791971 -0.5627907 2.362797 -0.04751917 -0.8606241 2.255009 0.1546944 -0.8858824 2.42539 0.00847296 -0.9075978 2.195985 0.2357502 -0.9424887 2.440277
0.0429412 0.6141938 2.158305 0.03883331 0.4328615 2.170137 -0.01399639 0.2911115 2.056866 0.2204639 0.3211032 2.264107 0.09158334 0.1444664 1.974169 0.3421367 0.1213963 2.186562 0.2505175 0.07139367 2.033557 0.3451709 0.292345 2.028662 0.3034956 0.04703608 2.05776 0.3567784 0.37702 1.950935 0.07112667 0.06421149 2.175602 0.110274 -0.0004164689 2.141953 0.06652971 -0.07789113 2.079625 0.178548 -0.06863852 2.191463 0.008765821 -0.5353491 2.198107 0.179184 -0.562856 2.362879 -0.04782206 -0.8595836 2.254037 0.1547491 -0.885596 2.425199 0.008166682 -0.9065504 2.195014 0.2389093 -0.94279 2.433706
0.04388407 0.6144337 2.158893 0.03879717 0.4329427 2.170661 -0.01376987 0.2914442 2.057338 0.2206388 0.32116 2.264456 0.09142604 0.1445699 1.974532 0.342415 0.1216232 2.186941 0.2491 0.06927874 2.034391 0.3358082 0.2833804 2.026277 0.301658 0.04418167 2.058751 0.3190603 0.3489537 1.94332 0.07147892 0.0644158 2.175888 0.1106225 -0.0001592968 2.14226 0.06705799 -0.07763597 2.079645 0.1788438 -0.06851099 2.191839 0.008813484 -0.5352383 2.198159 0.1792579 -0.5626645 2.363141 -0.04757925 -0.8595492 2.254086 0.1547686 -0.8855917 2.425192 0.008399282 -0.9065222 2.195067 0.2373819 -0.9426682 2.437103
0.04451092 0.614583 2.159996 0.03879704 0.432972 2.170709 -0.01377898 0.2913461 2.057531 0.2198913 0.3245457 2.26587 0.09175885 0.1446103 1.975011 0.3321045 0.1229187 2.184556 0.2498897 0.069993 2.034565 0.3107856 0.2733911 2.013309 0.3026 0.04512055 2.058824 0.2884737 0.3247437 1.932187 0.07251337 0.06523801 2.176758 0.1119442 0.0008762322 2.143672 0.06898004 -0.07699315 2.080452 0.1802894 -0.06773444 2.194262 0.008995313 -0.5349474 2.198053 0.1792391 -0.5630162 2.363482 -0.04712994 -0.8602931 2.254489 0.1548186 -0.8855675 2.425285 0.009010036 -0.9072483 2.195617 0.2366321 -0.942629 2.438601
0.04456071 0.6147131 2.160676 0.03895876 0.4330022 2.171288 -0.01397734 0.2916804 2.057681 0.207865 0.342881 2.268765 0.09047661 0.1444201 1.974518 0.3335189 0.1270578 2.185469 0.2493973 0.07188185 2.034451 0.2940019 0.242122 2.027101 0.3023708 0.04770244 2.058836 0.2563198 0.3078774 1.914553 0.07266418 0.0660934 2.176852 0.1126762 0.001991569 2.144502 0.07068282 -0.07580544 2.08129 0.1803563 -0.06543662 2.195223 0.009505007 -0.5338324 2.197986 0.17928 -0.5624966 2.363588 -0.04687509 -0.8604831 2.254555 0.154645 -0.8853249 2.425099 0.01064438 -0.9073105 2.196934 0.2358641 -0.9419885 2.439349
0.04505432 0.615097 2.161241 0.03900522 0.4330918 2.171569 -0.01377158 0.2919091 2.057901 0.1999733 0.347863 2.262125 0.09092342 0.1447178 1.975001 0.3281574 0.1338371 2.177704 0.2499988 0.0721459 2.034563 0.2908909 0.2471204 2.017352 0.303024 0.04795526 2.058825 0.2362172 0.2853616 1.912588 0.07288084 0.06601226 2.176844 0.1127132 0.001815104 2.144536 0.07107108 -0.07579112 2.081444 0.1795444 -0.06490321 2.195011 0.009640425 -0.5338026 2.198159 0.1793709 -0.561712 2.36371 -0.04652411 -0.8608292 2.254763 0.1559956 -0.8860784 2.425904 0.01086133 -0.9076691 2.197028 0.2367595 -0.9418457 2.434686
0.04324689 0.6153392 2.162983 0.03938057 0.4333496 2.172385 -0.01358669 0.2921852 2.058172 0.2022888 0.3517322 2.268764 0.09377164 0.1450655 1.980259 0.3243697 0.137365 2.173524 0.2543145 0.07000416 2.033832 0.2732067 0.2365265 2.007269 0.3078288 0.0449837 2.056097 0.1932616 0.2590321 1.888901 0.07273486 0.06640484 2.176824 0.112698 0.002244259 2.144732 0.07108197 -0.07540835 2.081549 0.1792406 -0.06395485 2.195125 0.009643854 -0.5338371 2.198173 0.1791379 -0.5620704 2.364016 -0.04659098 -0.8611674 2.254728 0.1557757 -0.885435 2.426188 0.01135651 -0.9079526 2.197522 0.2390039 -0.9422385 2.434365
0.04427452 0.6155021 2.163435 0.03934306 0.4333666 2.172466 -0.01358794 0.2922652 2.058189 0.204767 0.351984 2.270131 0.09403598 0.1452167 1.980619 0.3202133 0.1355864 2.169993 0.2549649 0.07102046 2.034234 0.2475495 0.2117255 1.999313 0.3086079 0.04628836 2.056513 0.236524 0.2625671 1.951734 0.07277808 0.06658889 2.17696 0.112591 0.002426552 2.144861 0.07070257 -0.07499155 2.082374 0.1790181 -0.06307767 2.194744 0.009725986 -0.533985 2.198383 0.1789079 -0.5622976 2.364275 -0.04683472 -0.8609762 2.254014 0.1557073 -0.8853582 2.426203 0.01096373 -0.9077724 2.196675 0.2369866 -0.9420512 2.437461
0.04516952 0.6162134 2.164188 0.03926849 0.4336874 2.173019 -0.0136993 0.2924991 2.058243 0.2132616 0.3451885 2.26983 0.09520869 0.1435263 1.982804 0.3193039 0.1249115 2.167109 0.2597344 0.07406571 2.03265 0.2436385 0.2053007 1.999993 0.3145763 0.05091217 2.053672 0.2386652 0.2601739 1.956012 0.07297444 0.06710526 2.17766 0.1122215 0.002925623 2.145113 0.0699446 -0.07471017 2.082542 0.1789685 -0.06292702 2.194789 0.009778991 -0.5338975 2.198256 0.178859 -0.562547 2.364752 -0.04646712 -0.861992 2.255364 0.156115 -0.88505 2.425698 0.01033815 -0.9088838 2.197127 0.238908 -0.9430773 2.436827
0.0453775 0.6163916 2.16449 0.03920163 0.4337629 2.173054 -0.01370132 0.2925041 2.058245 0.2202147 0.3376371 2.265584 0.09682827 0.1419912 1.983465 0.3239703 0.1155711 2.164917 0.2215576 0.2512105 1.878673 0.2452423 0.2044289 2.004122 0.2311859 0.3242829 1.818132 0.2437218 0.2610289 1.96212 0.07299671 0.07050737 2.178774 0.1113238 0.007371043 2.145918 0.06942184 -0.0733709 2.081577 0.1788913 -0.06155368 2.196583 0.009794641 -0.5339927 2.198353 0.1789107 -0.5626791 2.365039 -0.046316 -0.8627096 2.256258 0.1561401 -0.8850312 2.425645 0.009144068 -0.9097173 2.196839 0.241281 -0.9439933 2.435186
0.04727667 0.6166092 2.165472 0.03933064 0.4337446 2.173075 -0.01374356 0.292536 2.058311 0.2209934 0.3361418 2.264608 0.1228682 0.131253 1.989027 0.3227684 0.1128658 2.164811 0.1810477 0.2885712 1.887835 0.2442084 0.2020198 2.004101 0.1906759 0.3616429 1.827295 0.243732 0.2592402 1.962924 0.07347818 0.07131964 2.179197 0.1116027 0.008278284 2.146466 0.0695288 -0.0732332 2.081463 0.1795252 -0.06102732 2.198362 0.009987997 -0.5347508 2.199286 0.1790626 -0.5621732 2.365119 -0.0461139 -0.8627687 2.256209 0.1558744 -0.8849914 2.425756 0.009121768 -0.9097906 2.196601 0.2385861 -0.9425547 2.43826
0.04820362 0.6170859 2.166269 0.03933869 0.4338339 2.173144 -0.0137489 0.2924854 2.058308 0.2285349 0.328439 2.260155 0.1211156 0.1332919 1.988229 0.3226624 0.1089433 2.162568 0.1486133 0.2852748 1.865377 0.1934339 0.1550307 1.994015 0.1582414 0.3583458 1.804838 0.1958379 0.2135819 1.954825 0.07410905 0.0716332 2.179711 0.111449 0.008463991 2.146497 0.06906056 -0.07313898 2.081474 0.1795255 -0.06101907 2.198341 0.009900077 -0.5350564 2.199458 0.1790883 -0.5620191 2.36517 -0.04559461 -0.8635772 2.256847 0.1559659 -0.8849602 2.425598 0.00816945 -0.9107224 2.196012 0.2444058 -0.9452482 2.437229
0.04921927 0.6182184 2.166978 0.03952606 0.4339224 2.173444 -0.01377107 0.2924643 2.058303 0.2323656 0.3189117 2.251903 0.1181935 0.1345146 1.987088 0.3239136 0.1068039 2.163722 0.1463735 0.2814311 1.857697 0.1961561 0.1539902 1.996905 0.1560016 0.3545016 1.797159 0.1985601 0.2125409 1.957715 0.07490698 0.07195269 2.180305 0.1114369 0.00868015 2.146546 0.06889558 -0.07303411 2.081262 0.1796385 -0.06107687 2.198431 0.009843575 -0.5348535 2.199328 0.1797114 -0.5611845 2.365366 -0.04529803 -0.8637917 2.256889 0.1557043 -0.8849111 2.425352 0.006890975 -0.9110628 2.194802 0.2448488 -0.9450529 2.434922
0.04946505 0.6187671 2.167661 0.03988228 0.4339716 2.174253 -0.01384544 0.2924405 2.058318 0.2326599 0.3186562 2.252127 0.1174756 0.1345654 1.98678 0.3249716 0.105007 2.164836 0.1368061 0.2800846 1.853873 0.1979711 0.1530654 1.99896 0.146434 0.3531544 1.793334 0.2003751 0.2116157 1.95977 0.07502735 0.07247872 2.18064 0.1114771 0.009260977 2.146818 0.06883851 -0.07291434 2.081168 0.1798322 -0.06103051 2.198699 0.009985129 -0.5345559 2.199567 0.1797631 -0.5613611 2.365469 -0.04600722 -0.8631672 2.255955 0.1556715 -0.8849483 2.425308 0.006171897 -0.9104427 2.19387 0.244576 -0.9449691 2.434835
0.04972255 0.6191326 2.168082 0.04003936 0.4339727 2.174326 -0.01384573 0.2923904 2.058329 0.2327572 0.3186099 2.252404 0.1153296 0.1351966 1.986332 0.3256178 0.1045828 2.165561 0.1152677 0.2846259 1.856726 0.1992205 0.1531895 2.000423 0.1248956 0.3576952 1.796188 0.2016245 0.2117395 1.961235 0.07515351 0.07257964 2.180718 0.1115762 0.009336639 2.146926 0.06887379 -0.07292675 2.081191 0.180012 -0.06108952 2.198834 0.009995545 -0.5345257 2.199559 0.1797184 -0.5615903 2.365596 -0.04609733 -0.8638511 2.256635 0.1560483 -0.8853517 2.425586 0.00611303 -0.9111202 2.19458 0.2451899 -0.9456749 2.432551
0.04975584 0.619223 2.168139 0.04004833 0.4340045 2.174303 -0.01375173 0.2923474 2.058379 0.2328684 0.3183294 2.252354 0.1146469 0.1357195 1.986183 0.3243561 0.1037576 2.164943 0.1588585 0.2888443 1.870625 0.1985265 0.1529971 2.000216 0.1684863 0.3619128 1.810088 0.2009304 0.2115466 1.961029 0.07527071 0.07276383 2.18076 0.1116742 0.009509822 2.147017 0.06896957 -0.07298274 2.08093 0.1804467 -0.06117247 2.19956 0.01001082 -0.5345196 2.199644 0.1798004 -0.5615547 2.36562 -0.04649314 -0.863398 2.255493 0.1559086 -0.8854713 2.425553 0.005703595 -0.9106647 2.193433 0.2385494 -0.9430605 2.436275
0.05007123 0.6194016 2.168337 0.03999644 0.434032 2.174318 -0.01370787 0.2923529 2.058366 0.2328382 0.3185402 2.252514 0.1046591 0.1392169 1.985264 0.3235366 0.1031411 2.16468 0.2318261 0.2444876 1.879193 0.1980143 0.1528006 2.000166 0.2414538 0.3175555 1.818657 0.2004183 0.2113498 1.960978 0.07550954 0.0732078 2.18087 0.1119933 0.0100536 2.147215 0.06927672 -0.07281304 2.080663 0.1811565 -0.06081232 2.20031 0.01005359 -0.5349095 2.19975 0.180185 -0.5610825 2.365486 -0.04678851 -0.8631923 2.255049 0.1557514 -0.8852532 2.425252 0.005435467 -0.9104573 2.19302 0.2373895 -0.9427394 2.438874
0.05045182 0.6194693 2.168601 0.03979933 0.4343032 2.174453 -0.01343994 0.2923514 2.058438 0.2332743 0.3186647 2.252838 0.1026379 0.1385672 1.985197 0.3232648 0.1029573 2.16452 0.2157827 0.2597075 1.880338 0.1978586 0.152789 2.000123 0.2254103 0.3327748 1.819801 0.2002625 0.2113377 1.960935 0.07559095 0.0731318 2.180859 0.1121368 0.009858188 2.147239 0.06930926 -0.07290459 2.080701 0.1815438 -0.06102848 2.200172 0.01002524 -0.5349712 2.199733 0.1802699 -0.5613487 2.365776 -0.04660207 -0.8632807 2.255254 0.1556292 -0.8853692 2.425408 0.005633451 -0.9105459 2.193243 0.2400151 -0.9439534 2.435141
0.0507951 0.6196853 2.168915 0.0397608 0.4343545 2.174443 -0.01347736 0.2924134 2.058455 0.2240763 0.3376804 2.268472 0.1017331 0.1384436 1.985402 0.3204074 0.1137329 2.163557 0.2131201 0.2587279 1.877314 0.1969033 0.1422398 2.001179 0.2227476 0.331795 1.816778 0.1791365 0.2293358 1.896728 0.07421991 0.07300694 2.179654 0.1121703 0.009844933 2.14721 0.06949615 -0.07259545 2.081189 0.1814312 -0.06026852 2.199054 0.009963473 -0.534959 2.199654 0.1802904 -0.561286 2.36576 -0.04654138 -0.8633571 2.255316 0.1555133 -0.8851779 2.425617 0.008812223 -0.9103588 2.195872 0.2374987 -0.9423658 2.437462
0.05089023 0.6199997 2.169072 0.0397844 0.4344181 2.174486 -0.01348041 0.2925046 2.058464 0.2184707 0.3411283 2.268626 0.09325728 0.1417784 1.982642 0.321313 0.1227398 2.156664 0.1308993 0.2409527 1.812504 0.2257221 0.2230004 1.973886 0.140527 0.3140213 1.751967 0.1893825 0.2365588 1.894225 0.07363428 0.07312256 2.179238 0.1117156 0.009982359 2.146935 0.0692047 -0.07214727 2.080688 0.1796601 -0.05985344 2.198573 0.009571183 -0.5350268 2.199178 0.1799805 -0.5613838 2.365741 -0.04655498 -0.8643221 2.255945 0.1550771 -0.8850362 2.425614 0.00945152 -0.9112597 2.197074 0.235606 -0.941932 2.437709
0.05108729 0.6201925 2.169304 0.03978566 0.4344673 2.174475 -0.01321223 0.2923735 2.058544 0.1955269 0.3449393 2.259985 0.0918645 0.1432229 1.981711 0.3189662 0.1309576 2.165891 0.2545629 0.07266405 2.035017 0.2744084 0.2355258 2.001157 0.3087956 0.04914443 2.057193 0.2206326 0.2805872 1.902171 0.07282835 0.07099042 2.178263 0.1117352 0.006676286 2.146479 0.06997748 -0.07290602 2.080683 0.1780792 -0.06076849 2.198191 0.00965035 -0.5353292 2.199304 0.1798176 -0.5621023 2.36593 -0.04633317 -0.8648118 2.256374 0.1550109 -0.8853927 2.425771 0.01141265 -0.9115722 2.199073 0.2348907 -0.942256 2.439825
0.05141472 0.6205786 2.169962 0.03975265 0.4346206 2.174621 -0.01306228 0.2923771 2.058614 0.196142 0.3445677 2.260885 0.09007546 0.1428 1.979133 0.3218031 0.1294647 2.174861 0.2525905 0.07493152 2.03561 0.285721 0.2425264 2.014021 0.3067622 0.05230868 2.058844 0.2359576 0.3001837 1.909048 0.07288587 0.07080708 2.178278 0.1119269 0.006457306 2.146457 0.07071923 -0.07305188 2.080459 0.1780609 -0.06079549 2.198214 0.009631477 -0.535222 2.198814 0.1798223 -0.5620172 2.365893 -0.04630054 -0.8647449 2.25634 0.1550034 -0.8853098 2.425961 0.01151924 -0.9114984 2.199118 0.2375825 -0.9429381 2.435706
0.05156751 0.6209641 2.170457 0.03969416 0.4346881 2.174613 -0.01303101 0.2923867 2.058622 0.2156469 0.3319756 2.266315 0.08945037 0.1426113 1.978449 0.3242576 0.1255302 2.175431 0.2520717 0.0758361 2.035723 0.3027629 0.2595705 2.030126 0.3062789 0.05357771 2.059222 0.2729887 0.3219047 1.933666 0.07356779 0.0708187 2.178826 0.1120518 0.00644919 2.146342 0.07076319 -0.073166 2.079492 0.1791089 -0.06183879 2.198527 0.009647782 -0.5351714 2.198568 0.1796121 -0.5619508 2.365773 -0.04673525 -0.8640366 2.255507 0.1546591 -0.8850388 2.425702 0.009664673 -0.9109297 2.197006 0.2428675 -0.9440913 2.434917
0.05158317 0.6209952 2.170489 0.03959496 0.4347724 2.174553 -0.0128891 0.2924885 2.058736 0.2177902 0.3295976 2.267375 0.08893986 0.1424089 1.978192 0.32784 0.1420151 2.185419 0.251396 0.07571232 2.035907 0.3211601 0.2755218 2.031298 0.305548 0.05348013 2.059553 0.2964991 0.3498801 1.934538 0.07366394 0.07090489 2.17892 0.1122449 0.006622119 2.146448 0.07117349 -0.07308145 2.079364 0.1795304 -0.06243439 2.199177 0.009625214 -0.5351641 2.198521 0.1796192 -0.5619504 2.365825 -0.04693158 -0.8638409 2.255406 0.1548989 -0.8851483 2.425291 -0.03558651 -0.9423929 2.247672 0.2450251 -0.943975 2.432805
