0.03994122 0.6370865 2.34134 0.05022885 0.4434812 2.368615 -0.09901385 0.3204628 2.303514 0.2246248 0.3368254 2.351169 -0.08168302 0.1533957 2.181185 0.3563153 0.2176837 2.199327 0.121505 0.1678197 2.174234 0.4205035 0.3386656 2.049018 0.1916635 0.19163 2.2002 0.4398207 0.4136176 2.0015 0.058222 0.08553464 2.37646 0.06763803 0.02118398 2.325497 0.001438189 -0.05414072 2.303851 0.1406237 -0.05059912 2.327407 -0.06428634 -0.5253455 2.447347 0.1898005 -0.5131772 2.45341 -0.1070341 -0.8738791 2.528246 0.2102883 -0.8684146 2.532286 -0.1513041 -0.9333497 2.492032 0.2622413 -0.9399588 2.496806
0.03998989 0.6370953 2.341084 0.05022578 0.4432166 2.368734 -0.09902453 0.3204798 2.303528 0.225029 0.3363896 2.351056 -0.08140333 0.1536231 2.18091 0.3563235 0.2176692 2.199323 0.1215618 0.1677862 2.174146 0.4202131 0.3379874 2.048309 0.1917202 0.1915964 2.200112 0.4389642 0.4125072 2.000721 0.05832397 0.08540939 2.376408 0.06773689 0.02112523 2.325419 0.00151327 -0.05431832 2.303652 0.1408051 -0.05067007 2.327316 -0.06399471 -0.5254691 2.447548 0.1899321 -0.51353 2.454058 -0.1070652 -0.8738126 2.528535 0.2101274 -0.8683516 2.532336 -0.1528836 -0.9335907 2.493194 0.2615536 -0.9396187 2.498287
0.03989919 0.6370982 2.34104 0.04998448 0.4430816 2.368802 -0.09899993 0.3203088 2.303211 0.2251426 0.336346 2.351097 -0.08121198 0.1534434 2.180657 0.3558605 0.2179147 2.19976 0.1216016 0.1677542 2.174133 0.4190577 0.3372777 2.047617 0.19176 0.1915645 2.200099 0.4368075 0.4112196 2.000917 0.05834885 0.08533327 2.376398 0.06787828 0.02107801 2.325406 0.001742608 -0.05442099 2.30345 0.1411151 -0.05078398 2.327459 -0.06392393 -0.5255808 2.447671 0.1899184 -0.5138046 2.454211 -0.1069338 -0.8739319 2.528726 0.2102703 -0.8683449 2.53171 -0.1528135 -0.9336587 2.49309 0.2618562 -0.9397384 2.497672
0.0398812 0.6371044 2.340997 0.0499584 0.4429887 2.368828 -0.09898596 0.3200959 2.302956 0.2254291 0.3359382 2.350854 -0.0810494 0.1533238 2.180289 0.3558258 0.2178821 2.199758 0.1216185 0.1677386 2.17409 0.4185091 0.3368695 2.047077 0.1917769 0.1915489 2.200056 0.4351898 0.4108254 1.999732 0.05848196 0.08517226 2.376327 0.06805323 0.02095166 2.325311 0.001908401 -0.05463653 2.303228 0.1413789 -0.05092538 2.32741 -0.06387729 -0.5256835 2.447757 0.1899402 -0.5138011 2.454221 -0.1067634 -0.8738762 2.528932 0.2102288 -0.8682891 2.53172 -0.152201 -0.9332044 2.4931 0.2621909 -0.9398451 2.497057
0.03995315 0.6371276 2.340599 0.04995637 0.4429664 2.368805 -0.09908085 0.3198659 2.302695 0.2254746 0.3358209 2.350806 -0.08109359 0.153146 2.179965 0.3575212 0.2096604 2.200808 0.1214302 0.1675326 2.174025 0.41594 0.3363152 2.045207 0.1915887 0.1913428 2.199991 0.4319306 0.4105786 1.997466 0.05859066 0.08506917 2.376203 0.06822297 0.02087747 2.325172 0.002105196 -0.05481295 2.302836 0.1415782 -0.0510105 2.327395 -0.06370202 -0.5257887 2.447743 0.1900981 -0.51443 2.454433 -0.106497 -0.8738136 2.529161 0.2100574 -0.8683171 2.531784 -0.1517113 -0.9326201 2.492398 0.2623874 -0.9398865 2.496153
0.03987774 0.6370739 2.340299 0.04977223 0.4429241 2.368674 -0.09908294 0.3198311 2.302538 0.2257021 0.3354988 2.350475 -0.08106089 0.1531562 2.179756 0.3567358 0.2103957 2.199997 0.1216478 0.1676709 2.173895 0.4116481 0.338304 2.040695 0.1918062 0.1914812 2.199861 0.4271724 0.4102656 1.993851 0.05867827 0.08501622 2.376069 0.06833949 0.02084834 2.325016 0.002239561 -0.05487831 2.302596 0.1417518 -0.05105141 2.327287 -0.06373747 -0.5258756 2.447695 0.1899984 -0.5142916 2.454426 -0.1062845 -0.8737343 2.528992 0.210216 -0.8682695 2.531959 -0.1518378 -0.9328251 2.492581 0.2624687 -0.9398586 2.496151
0.039755 0.6368701 2.340078 0.04956969 0.4427362 2.368537 -0.09910929 0.3195826 2.302171 0.2257991 0.3354447 2.350315 -0.08081556 0.1529949 2.179309 0.3554918 0.2109575 2.199379 0.1232761 0.167093 2.174076 0.4067168 0.337973 2.037053 0.1934346 0.1909032 2.200042 0.4171311 0.4098004 1.985094 0.05870371 0.08495404 2.375919 0.06842924 0.02083449 2.324851 0.0023513 -0.05494599 2.302273 0.1418765 -0.05106717 2.327199 -0.06374991 -0.5259175 2.447681 0.1900463 -0.5127922 2.454152 -0.1060614 -0.8744515 2.52925 0.2102027 -0.8682454 2.531979 -0.1515418 -0.9328681 2.493304 0.2627369 -0.9401754 2.496993
0.03990785 0.6363727 2.339805 0.04955983 0.4425655 2.368551 -0.09911851 0.319475 2.302002 0.2258619 0.3354368 2.350248 -0.08033121 0.1529616 2.179125 0.3543718 0.2108769 2.199048 0.1234 0.1672664 2.173996 0.3937182 0.3353962 2.02872 0.1935584 0.1910766 2.199962 0.3946927 0.4045171 1.974927 0.05879973 0.08483027 2.375826 0.06855963 0.02076068 2.324741 0.002474791 -0.05508687 2.302061 0.1420457 -0.05112832 2.327125 -0.0636533 -0.5258905 2.447679 0.1900754 -0.5134413 2.454506 -0.1061496 -0.8743368 2.529362 0.2100798 -0.8682605 2.531938 -0.1514267 -0.9326419 2.49305 0.2620686 -0.9398375 2.497383
0.04078929 0.6360197 2.33935 0.04955689 0.4425514 2.368541 -0.09909855 0.3194913 2.301965 0.2263791 0.3351299 2.350014 -0.08062871 0.1530419 2.178937 0.3519916 0.210762 2.197056 0.1234687 0.1670533 2.174049 0.3701877 0.3217539 2.026192 0.1936272 0.1908635 2.200015 0.3671312 0.3873276 1.976712 0.05895727 0.08478935 2.375673 0.06872984 0.02077054 2.324541 0.002548083 -0.05509431 2.301965 0.1423983 -0.05115867 2.326712 -0.06326851 -0.5258982 2.447505 0.1901135 -0.513487 2.454493 -0.105767 -0.8734877 2.528399 0.2101243 -0.8683478 2.532232 -0.1518312 -0.9327751 2.492397 0.2616265 -0.9396495 2.497848
0.04159916 0.6357316 2.338433 0.04955332 0.4425415 2.368377 -0.09895839 0.319559 2.301739 0.2269466 0.3350723 2.349841 -0.0808178 0.1528043 2.179189 0.3469623 0.211843 2.195835 0.1234523 0.1670231 2.174058 0.3355507 0.3188981 2.021669 0.1936108 0.1908333 2.200024 0.3256411 0.3704745 1.97207 0.05923026 0.08476643 2.375457 0.06908485 0.02078765 2.324319 0.00287904 -0.05512421 2.301676 0.1429011 -0.05122304 2.326578 -0.06275664 -0.5255834 2.447339 0.1902277 -0.5136055 2.454456 -0.1060578 -0.8730834 2.528335 0.2102802 -0.8680809 2.532316 -0.1519736 -0.9327558 2.492536 0.2612022 -0.9392886 2.498835
0.04206365 0.6357304 2.338269 0.04943423 0.4423665 2.367772 -0.0985973 0.3197143 2.301595 0.2280717 0.3361359 2.350422 -0.08145406 0.1532105 2.178458 0.338102 0.2096293 2.193254 0.1119715 0.1512277 2.150778 0.3164802 0.3141871 2.018509 0.1224562 0.1756497 2.181348 0.2818683 0.3428286 1.987929 0.05948073 0.0847319 2.375132 0.06950097 0.020776 2.324031 0.003328422 -0.05519985 2.301319 0.1434715 -0.05129853 2.326436 -0.06273067 -0.5256721 2.447309 0.1902089 -0.5136012 2.45445 -0.1060129 -0.8732048 2.528337 0.2101199 -0.8679856 2.532302 -0.1520701 -0.9329429 2.492539 0.2614391 -0.9393837 2.498234
0.04277524 0.6359041 2.338226 0.04967229 0.4420703 2.36701 -0.09823541 0.3197174 2.301239 0.2264055 0.3356627 2.350763 -0.08164946 0.1529855 2.178413 0.3368244 0.2100139 2.194236 0.176949 0.1803416 2.20128 0.2866575 0.3003157 2.017268 0.2953316 0.2092533 2.23389 0.2613643 0.3095592 2.007936 0.05952125 0.08502212 2.374546 0.06968355 0.02122257 2.323466 0.004231163 -0.05372342 2.301622 0.142781 -0.04975967 2.324236 -0.06240433 -0.5256422 2.447322 0.1904301 -0.5134888 2.454318 -0.1061743 -0.8734055 2.528119 0.2098193 -0.8675108 2.532445 -0.1524052 -0.9333616 2.49172 0.260891 -0.9389799 2.498684
0.04348274 0.6361808 2.337989 0.05079282 0.4422503 2.365778 -0.09798875 0.3199015 2.301026 0.2242101 0.334605 2.351687 -0.08191619 0.152933 2.178537 0.3333244 0.2105248 2.191266 0.1108957 0.1397998 2.148948 0.2561412 0.2846458 2.016701 0.1157941 0.1680552 2.180611 0.2543662 0.2678803 2.048929 0.05994751 0.08350826 2.373226 0.07024676 0.01923352 2.322129 0.004643978 -0.05498148 2.300746 0.1428581 -0.05071905 2.323581 -0.06190737 -0.5250608 2.44663 0.1904907 -0.513561 2.454316 -0.1064118 -0.8730074 2.528162 0.2096696 -0.8672528 2.532545 -0.1524758 -0.933325 2.491874 0.2612098 -0.9390624 2.498528
0.04475825 0.636177 2.337675 0.05095612 0.4421447 2.365688 -0.09777461 0.3196784 2.300256 0.2274299 0.3406349 2.352399 -0.08367857 0.1514483 2.179668 0.33427 0.2104006 2.193524 0.1090199 0.1401687 2.147721 0.2004891 0.2609007 2.04969 0.1150649 0.1677318 2.180071 0.1281193 0.3014049 2.001875 0.06016222 0.08323987 2.372878 0.07047091 0.01900804 2.321759 0.004603294 -0.05563856 2.30046 0.1436161 -0.05130666 2.322625 -0.06155341 -0.5250981 2.445792 0.1905815 -0.5135946 2.454112 -0.1060841 -0.8729861 2.527904 0.2093026 -0.8670691 2.532595 -0.1524691 -0.933329 2.491577 0.2608254 -0.9387875 2.499194
0.04785012 0.6353797 2.336996 0.05141916 0.4416825 2.364768 -0.09755781 0.3197432 2.300047 0.2299215 0.3538801 2.353965 -0.08434504 0.1510723 2.180128 0.334226 0.2103059 2.193796 0.1080885 0.1392419 2.146052 0.175642 0.2425654 2.0741 0.172233 0.1352984 2.138947 0.07041536 0.282254 2.031435 0.06083437 0.08321837 2.372192 0.07110589 0.01907823 2.321121 0.0049847 -0.0559255 2.300024 0.1446216 -0.05134148 2.321854 -0.06142415 -0.5249498 2.445694 0.1908046 -0.513116 2.453655 -0.1061803 -0.8728722 2.528593 0.2093841 -0.8671418 2.532574 -0.1526758 -0.933084 2.491423 0.2611655 -0.9388064 2.498387
0.05042437 0.6347449 2.335838 0.05186591 0.4413805 2.364432 -0.0971052 0.3200075 2.299985 0.2305695 0.3546262 2.353538 -0.08519668 0.1511887 2.180171 0.3390546 0.2083233 2.195361 0.1072855 0.1396786 2.146432 0.16164 0.2338724 2.090382 0.1138001 0.1672946 2.179334 0.06019924 0.2557966 2.061527 0.06131889 0.08318933 2.371843 0.07151601 0.0191312 2.320771 0.005302605 -0.05614305 2.299555 0.1450894 -0.05138329 2.321625 -0.06106855 -0.5249538 2.445449 0.1910438 -0.513548 2.453496 -0.1062306 -0.8731229 2.528514 0.2096083 -0.8688948 2.532435 -0.1526366 -0.9330281 2.491394 0.2612831 -0.9389628 2.498196
0.05340698 0.6351859 2.334881 0.05249441 0.4409041 2.363486 -0.09700339 0.3201159 2.299819 0.2313399 0.3535157 2.349913 -0.08626863 0.1521413 2.178396 0.334704 0.2099934 2.196111 0.07135717 0.2266054 2.08062 0.1453074 0.2243917 2.099687 0.1242457 0.2422571 2.115901 0.05697317 0.246755 2.07031 0.06216284 0.08327984 2.371456 0.07185981 0.01924185 2.320389 0.00559336 -0.05634209 2.298687 0.1454177 -0.05143722 2.321611 -0.06088585 -0.5251378 2.445334 0.1910745 -0.5135168 2.453444 -0.1064419 -0.8735874 2.528462 0.2101441 -0.8688833 2.532241 -0.1525235 -0.9331086 2.491483 0.2611509 -0.9389033 2.498426
0.05392256 0.6354356 2.334714 0.05267947 0.4406398 2.363123 -0.09672051 0.3196432 2.298682 0.2308951 0.3510366 2.343967 -0.08552213 0.1524644 2.175959 0.3253528 0.2101831 2.196523 0.1302947 0.2187448 2.123374 0.1437552 0.2226125 2.102554 0.2004532 0.2425551 2.149341 0.05507619 0.2443455 2.073742 0.06287711 0.08564513 2.370782 0.07186802 0.02313975 2.319525 0.006198281 -0.05123155 2.300609 0.1444635 -0.04701652 2.317712 -0.06089133 -0.5251348 2.445272 0.1912316 -0.5129145 2.45214 -0.1064258 -0.8737697 2.528445 0.2103188 -0.8684587 2.53205 -0.1526478 -0.9333066 2.491535 0.2612593 -0.9389123 2.498352
0.0541735 0.6354362 2.334641 0.05330913 0.4400553 2.362816 -0.09639737 0.3195039 2.298221 0.2307695 0.3502643 2.343128 -0.08569266 0.152121 2.175816 0.3241148 0.2118816 2.195526 0.1334054 0.217329 2.125034 0.1430216 0.2211818 2.105281 0.2035638 0.2411392 2.151 0.05420313 0.2426301 2.076679 0.06299748 0.08744376 2.370546 0.07177431 0.02585232 2.319327 0.006408414 -0.04787702 2.301399 0.1437042 -0.04483529 2.316858 -0.06087832 -0.5251765 2.445241 0.1914058 -0.5127983 2.451855 -0.1063129 -0.8739558 2.528562 0.2103814 -0.868556 2.532154 -0.1527904 -0.9332386 2.491606 0.2616296 -0.9390201 2.498185
0.05444181 0.6354418 2.334511 0.05366185 0.4398727 2.362027 -0.09631532 0.3191687 2.297803 0.2308461 0.350118 2.342873 -0.08575801 0.1521279 2.174819 0.3237308 0.2124337 2.195235 0.1298859 0.2144655 2.127624 0.09281217 0.1995275 2.140465 0.2000444 0.2382758 2.15359 0.003874287 0.2204861 2.111866 0.06286731 0.08916786 2.370066 0.07153741 0.02792379 2.318972 0.006298111 -0.04638226 2.301557 0.1431501 -0.04315369 2.316283 -0.06071002 -0.5251788 2.445091 0.1915902 -0.5127684 2.45165 -0.1062977 -0.8738292 2.528526 0.2105546 -0.8685031 2.532175 -0.1526665 -0.9331958 2.491538 0.2616751 -0.9389692 2.498085
0.0550839 0.6355904 2.334392 0.05354777 0.4396256 2.36164 -0.09625681 0.3190501 2.297651 0.2310213 0.3499129 2.342456 -0.08601187 0.1518465 2.174936 0.3236579 0.212936 2.194784 0.1291274 0.2116428 2.129037 0.1136174 0.1914886 2.137182 0.1992859 0.2354531 2.155003 0.02467789 0.2124476 2.108582 0.06270729 0.09022341 2.369727 0.07133296 0.02923715 2.318667 0.006200559 -0.04515539 2.301645 0.1428931 -0.04220341 2.315705 -0.06065767 -0.5254558 2.445178 0.1917057 -0.5124015 2.450783 -0.1063055 -0.8740482 2.528843 0.2109045 -0.8687813 2.532006 -0.1528162 -0.9333197 2.492486 0.2622229 -0.9395893 2.498553
0.05672564 0.6349295 2.333319 0.05370881 0.4394204 2.361456 -0.09613638 0.3187607 2.297226 0.2310529 0.3495527 2.341864 -0.08620462 0.151573 2.174474 0.3234433 0.2136061 2.193535 0.1310839 0.2102429 2.129344 0.1129937 0.192213 2.137382 0.2012423 0.2340532 2.155311 0.02405261 0.2131724 2.108782 0.06267935 0.09081393 2.369609 0.07123243 0.0299544 2.318569 0.006162723 -0.04431691 2.301947 0.1425757 -0.04152171 2.315213 -0.06068875 -0.5257107 2.445393 0.1915617 -0.513309 2.450796 -0.1063299 -0.8739374 2.528777 0.2105063 -0.8706579 2.533424 -0.1528271 -0.9333262 2.492487 0.262549 -0.9400851 2.498188
0.05718262 0.6353365 2.333853 0.05395345 0.4393672 2.361267 -0.0960502 0.3186116 2.296913 0.2313589 0.3489965 2.340848 -0.08636823 0.1512619 2.174439 0.3230757 0.2139753 2.193189 0.1322623 0.2102072 2.129015 0.08399961 0.1929092 2.136907 0.2024208 0.2340174 2.154982 -0.004942983 0.2138689 2.108307 0.06279793 0.09148255 2.369502 0.0712025 0.03067883 2.318481 0.006087487 -0.04347344 2.302312 0.1424505 -0.0409748 2.314744 -0.0607997 -0.5257162 2.445297 0.1915265 -0.5133527 2.450599 -0.106283 -0.8738863 2.528837 0.2105291 -0.8705229 2.533301 -0.1526557 -0.9332677 2.492288 0.2626179 -0.9400888 2.498188
0.0576626 0.6353005 2.33359 0.05395053 0.4392772 2.360913 -0.09593449 0.3184323 2.296223 0.2315224 0.3482965 2.339625 -0.08624166 0.1508435 2.174187 0.3194802 0.212519 2.192729 0.1340245 0.2114863 2.128084 0.1429664 0.2026089 2.100409 0.204183 0.2352965 2.15405 0.05402217 0.223569 2.071807 0.06282636 0.09170462 2.369409 0.07117444 0.03084326 2.318418 0.006087617 -0.04334486 2.302274 0.1424112 -0.0409054 2.314723 -0.06071498 -0.525843 2.445438 0.1918247 -0.5133463 2.450282 -0.1061173 -0.8735847 2.528938 0.2099201 -0.8701811 2.533206 -0.1528677 -0.9331707 2.49231 0.2626296 -0.9401215 2.498221
0.05773402 0.6354343 2.33364 0.05444549 0.4391181 2.360791 -0.09597162 0.3182988 2.295695 0.2318089 0.3481149 2.338024 -0.08634432 0.1504378 2.17415 0.319923 0.2124493 2.192612 0.1665078 0.2095092 2.124468 0.1264571 0.2137502 2.108548 0.2573913 0.2381612 2.147408 0.03751136 0.2347107 2.079946 0.06301516 0.09184103 2.369383 0.07117356 0.03095423 2.318377 0.006057061 -0.04332426 2.302293 0.1423739 -0.04077503 2.314557 -0.06066855 -0.5259827 2.445485 0.1915437 -0.5133589 2.449942 -0.106439 -0.8737045 2.529035 0.2089747 -0.8696285 2.534492 -0.1527113 -0.9332076 2.492361 0.2628181 -0.9401493 2.498051
0.05821033 0.6355592 2.33369 0.05449992 0.4390724 2.360729 -0.09595451 0.3187371 2.29575 0.2324207 0.3490676 2.338655 -0.08927461 0.1503874 2.174835 0.3211067 0.2121222 2.192802 0.1041875 0.2240101 2.089455 0.1416745 0.2170602 2.104564 0.1743459 0.2478204 2.115421 0.0527271 0.2380211 2.075961 0.06306578 0.09061051 2.369032 0.07129929 0.02901768 2.317925 0.005261371 -0.04729584 2.299684 0.1432334 -0.04343452 2.315421 -0.06050038 -0.5260423 2.445753 0.1913629 -0.513846 2.449553 -0.1065928 -0.8739349 2.529059 0.2094641 -0.8711424 2.534408 -0.1527762 -0.9332263 2.492426 0.2631615 -0.940729 2.497858
0.05848276 0.6355352 2.333588 0.05530209 0.4390235 2.360125 -0.09553033 0.3193857 2.296246 0.233965 0.35062 2.340016 -0.08940902 0.1510174 2.17535 0.3224358 0.2116945 2.192011 0.1021617 0.1373931 2.13643 0.1467651 0.2240155 2.098267 0.109072 0.1657015 2.17103 0.05538846 0.2496015 2.068863 0.06344242 0.08948012 2.368604 0.07173932 0.02735262 2.317514 0.005042119 -0.04966378 2.298507 0.1442108 -0.04542967 2.315892 -0.06050237 -0.5258186 2.445597 0.1913057 -0.5136822 2.449136 -0.1067457 -0.8737383 2.528838 0.2094632 -0.8707799 2.534444 -0.1530311 -0.9330881 2.492398 0.2631959 -0.9407131 2.497899
0.05866544 0.6354956 2.33333 0.05599044 0.4388878 2.35991 -0.09551751 0.3194508 2.296281 0.2346677 0.3546442 2.343091 -0.09079541 0.1500611 2.177143 0.3240563 0.2107572 2.190402 0.1004775 0.1366945 2.136077 0.1597575 0.2462914 2.076246 0.1642352 0.132239 2.126645 0.05556126 0.297513 2.035108 0.06340177 0.08852662 2.368273 0.07195047 0.02609999 2.317196 0.004772309 -0.05112237 2.298285 0.1446376 -0.04654938 2.315589 -0.06111148 -0.525844 2.445253 0.1915493 -0.5149719 2.44942 -0.1065878 -0.8737984 2.528681 0.2094811 -0.8705556 2.53421 -0.153276 -0.9332792 2.492689 0.2633625 -0.9419211 2.495016
0.05841009 0.6354023 2.333313 0.05625103 0.4389261 2.360102 -0.09558307 0.3194804 2.296298 0.2342879 0.3541108 2.343462 -0.09104683 0.1499038 2.177509 0.3198357 0.2062815 2.189486 0.0992076 0.1313854 2.132786 0.1845107 0.2631894 2.050188 0.1626258 0.1252126 2.122135 0.1166058 0.3044215 2.019796 0.06330797 0.08744825 2.368142 0.07179329 0.02456828 2.316956 0.004181187 -0.05245906 2.298023 0.1446844 -0.0477979 2.315356 -0.06127254 -0.5259661 2.445226 0.1912008 -0.514967 2.449145 -0.1067333 -0.8741112 2.528677 0.2095038 -0.8702453 2.534013 -0.1532701 -0.9332689 2.492351 0.2634517 -0.9417339 2.495028
0.05586328 0.635718 2.332288 0.056157 0.4393829 2.358084 -0.09568586 0.3196032 2.296388 0.2308572 0.3474014 2.34649 -0.09140405 0.1499553 2.177732 0.3351653 0.1950532 2.189458 0.09895669 0.1325123 2.133086 0.1912902 0.3020556 2.023559 0.1624103 0.1266979 2.122461 0.1573601 0.3321777 2.000992 0.06238769 0.08641737 2.367399 0.07142992 0.02293794 2.31645 0.003779264 -0.05360115 2.297665 0.1444243 -0.04879111 2.31545 -0.0615397 -0.5261654 2.445381 0.1909257 -0.5146483 2.448497 -0.106549 -0.8741149 2.528721 0.2096334 -0.8698808 2.533986 -0.1533091 -0.9333045 2.492347 0.2633083 -0.9415545 2.494958
0.05512349 0.6358516 2.332274 0.05712952 0.4400217 2.358324 -0.0959054 0.3200148 2.296603 0.2090274 0.3311232 2.34405 -0.09133681 0.1503959 2.177925 0.3259946 0.2066251 2.176828 0.1012439 0.1350219 2.149975 0.2271953 0.3113423 2.019791 0.1129563 0.163498 2.180548 0.2131784 0.3313847 1.994391 0.06168908 0.0843147 2.367079 0.07067586 0.01965598 2.316037 0.003725883 -0.05439654 2.297363 0.1425232 -0.05010044 2.31566 -0.06155189 -0.5261601 2.445393 0.190917 -0.5145018 2.448184 -0.106496 -0.8743711 2.52891 0.209654 -0.8698632 2.533959 -0.153159 -0.9334017 2.49228 0.2624452 -0.9407977 2.496461
0.05457131 0.6358616 2.332259 0.05705365 0.4401495 2.358226 -0.09567069 0.320284 2.296775 0.2130626 0.3336613 2.344553 -0.0912882 0.1506082 2.178209 0.328064 0.2079364 2.178553 0.1684845 0.1743538 2.191673 0.2812442 0.3146969 2.010989 0.2884945 0.202721 2.222674 0.2652422 0.3301455 2.003042 0.06170403 0.08411931 2.36709 0.07063694 0.01944467 2.316073 0.003741719 -0.05458589 2.29721 0.1423507 -0.05045966 2.316172 -0.06167243 -0.526248 2.445492 0.190837 -0.514171 2.44801 -0.1061727 -0.8743269 2.529058 0.2097434 -0.8692544 2.533302 -0.1527996 -0.9331579 2.492031 0.2619651 -0.940239 2.496994
0.05236883 0.6357553 2.332549 0.05710656 0.4400228 2.358324 -0.09578792 0.3204621 2.296949 0.2197644 0.3344376 2.342367 -0.09129141 0.1507999 2.178385 0.3290372 0.2083383 2.179092 0.1011432 0.1477034 2.143128 0.2996507 0.3231758 2.013038 0.1652881 0.1466712 2.135633 0.2867071 0.3601408 1.986307 0.06208912 0.08394512 2.36724 0.07052626 0.01934047 2.316149 0.003332257 -0.05485531 2.297142 0.1422671 -0.05104918 2.31646 -0.06178918 -0.5261352 2.445449 0.1902096 -0.5142766 2.447953 -0.1064979 -0.8738042 2.528661 0.210149 -0.8691452 2.533509 -0.1532222 -0.9322804 2.490089 0.2620822 -0.9402551 2.496856
0.05041396 0.6356222 2.332012 0.05697856 0.4399217 2.358278 -0.0959935 0.3206719 2.297083 0.2221127 0.3339579 2.34069 -0.09126081 0.1513744 2.177892 0.3336286 0.2091856 2.178807 0.1273677 0.1703112 2.170608 0.3283769 0.3279973 2.013069 0.1975261 0.1941215 2.196574 0.3287498 0.3590703 1.995746 0.06210181 0.08374983 2.367397 0.07025687 0.01918513 2.316316 0.002825703 -0.05511357 2.297275 0.1420385 -0.05160825 2.316825 -0.0621234 -0.5261467 2.445693 0.1897103 -0.5146241 2.447971 -0.1065411 -0.8737687 2.528701 0.2096755 -0.868279 2.533744 -0.1532835 -0.93222 2.490654 0.26251 -0.9401144 2.504338
0.04934081 0.6357073 2.331882 0.05676941 0.4399118 2.35811 -0.09620323 0.3207227 2.297126 0.2234571 0.3342166 2.339582 -0.09116557 0.1517859 2.177326 0.3359545 0.209791 2.178209 0.1273385 0.1703273 2.170554 0.3659589 0.3470381 2.014059 0.1974969 0.1941375 2.19652 0.3615845 0.3960764 1.979956 0.0620138 0.0837565 2.367487 0.06995898 0.01921668 2.316446 0.002337674 -0.05521963 2.297411 0.1418455 -0.05171499 2.31701 -0.06223405 -0.5261601 2.446097 0.1896737 -0.5146291 2.447986 -0.106741 -0.8739569 2.528621 0.2096702 -0.8682352 2.53376 -0.1533466 -0.9325033 2.490805 0.2624899 -0.9401968 2.503621
0.04569963 0.6361235 2.331432 0.05681713 0.4399074 2.357903 -0.09647144 0.3208196 2.297147 0.2240387 0.3351023 2.338976 -0.09050474 0.151794 2.17758 0.3403742 0.2103753 2.176937 0.1674003 0.195479 2.181553 0.3727947 0.3462338 2.015024 0.2709572 0.2249464 2.209688 0.3745045 0.412315 1.97099 0.06206621 0.08376107 2.367544 0.06985819 0.01920575 2.316546 0.002101347 -0.05535066 2.297585 0.1417549 -0.05178847 2.317181 -0.06237824 -0.5259814 2.446245 0.1896815 -0.5145674 2.447984 -0.1067644 -0.8741074 2.528675 0.209686 -0.8680562 2.533911 -0.1527887 -0.9333035 2.492968 0.2621949 -0.9399759 2.503541
0.04514521 0.6359592 2.331344 0.05701324 0.4401674 2.357731 -0.09675012 0.3208405 2.297138 0.2244824 0.3356627 2.338522 -0.08999763 0.1521006 2.177131 0.3493168 0.2141564 2.174459 0.1028177 0.1587397 2.14679 0.3854493 0.3432782 2.021854 0.1280111 0.1810017 2.176852 0.3946945 0.4261011 1.965711 0.06213039 0.08384179 2.367586 0.06981079 0.01929669 2.316619 0.001994134 -0.05536703 2.297655 0.1417312 -0.0517162 2.317287 -0.06255017 -0.5259267 2.446347 0.189539 -0.5146075 2.448076 -0.106784 -0.8741774 2.528238 0.2099499 -0.8681914 2.533663 -0.1527612 -0.9333145 2.493137 0.2621661 -0.9401066 2.503589
0.04348998 0.6360631 2.331377 0.05703643 0.4399731 2.357513 -0.09705955 0.3208222 2.296964 0.2245699 0.3359894 2.338243 -0.08849735 0.1527253 2.175984 0.3510467 0.2137446 2.174692 0.1267434 0.1727166 2.165754 0.3929785 0.3441737 2.02496 0.1969019 0.1965269 2.19172 0.4025865 0.4296717 1.969751 0.06198284 0.08388049 2.367605 0.06955644 0.0193945 2.316689 0.001631008 -0.05543156 2.297574 0.141388 -0.05160605 2.317611 -0.06273603 -0.5259177 2.447048 0.1893668 -0.5143625 2.44818 -0.1067703 -0.8741691 2.528237 0.2098755 -0.8675863 2.534428 -0.1524593 -0.9330368 2.492899 0.2623484 -0.9403066 2.503398
0.04287906 0.6360437 2.331728 0.05703077 0.4399666 2.35744 -0.09727263 0.320773 2.296738 0.224853 0.3362971 2.338047 -0.08765631 0.153325 2.174745 0.3515763 0.2132934 2.175739 0.1709291 0.1902243 2.183341 0.3973346 0.3444976 2.027999 0.2841919 0.2201854 2.212869 0.4118537 0.4344498 1.972947 0.06192034 0.08393415 2.367661 0.06945191 0.01948809 2.316805 0.001522674 -0.05543338 2.297585 0.1412846 -0.05156545 2.317972 -0.06286333 -0.5259826 2.447382 0.1890814 -0.5139869 2.448221 -0.1066555 -0.8741219 2.528305 0.2100952 -0.8673233 2.534733 -0.1524162 -0.932973 2.492815 0.2622867 -0.9402979 2.503235
0.04207543 0.636143 2.331522 0.0573814 0.4402903 2.357354 -0.09731944 0.3207273 2.296613 0.2250883 0.3365321 2.337943 -0.08696437 0.1537654 2.173877 0.352666 0.2132635 2.176822 0.12556 0.1722064 2.166195 0.3999032 0.3447047 2.029837 0.1957184 0.1960166 2.192161 0.4150449 0.4352435 1.975192 0.06191413 0.08400825 2.367701 0.06941318 0.01956111 2.316871 0.001459196 -0.05543207 2.297565 0.1412022 -0.05147659 2.318244 -0.06297441 -0.5259826 2.447685 0.1887892 -0.5133883 2.448303 -0.1066696 -0.8741311 2.528307 0.2102119 -0.8673213 2.534807 -0.1524573 -0.9330373 2.492778 0.2625408 -0.9405321 2.502651
0.04113045 0.6362567 2.331138 0.05783512 0.4405251 2.357116 -0.09730837 0.3206003 2.296322 0.2253256 0.3366584 2.337973 -0.0860919 0.154173 2.172789 0.3534977 0.2135893 2.177376 0.1282923 0.1731524 2.167463 0.4015888 0.3447707 2.030453 0.1984508 0.1969627 2.193429 0.4172217 0.4324667 1.977795 0.06167977 0.08620655 2.367988 0.06896883 0.02269262 2.317433 0.001122775 -0.05192257 2.299173 0.1402167 -0.04859562 2.318042 -0.06335686 -0.5256851 2.447692 0.1887739 -0.5134094 2.44836 -0.1066955 -0.8737653 2.528478 0.2101473 -0.8673218 2.534762 -0.1526667 -0.9330819 2.492788 0.2625702 -0.9405141 2.50221
0.04085921 0.6363866 2.331438 0.05797317 0.4406087 2.357002 -0.09732777 0.3206832 2.296238 0.2253639 0.3366612 2.337971 -0.08507751 0.1546598 2.172165 0.353838 0.2136469 2.177522 0.130944 0.1740177 2.168544 0.4030269 0.3445485 2.030737 0.2011024 0.197828 2.19451 0.4187427 0.4307799 1.979884 0.0616767 0.08622678 2.368031 0.06898424 0.02266928 2.317513 0.001121829 -0.05201819 2.299119 0.1402915 -0.04868211 2.31867 -0.06334457 -0.5255397 2.447993 0.1885903 -0.5125855 2.448104 -0.1064763 -0.8737159 2.528483 0.2102493 -0.867192 2.53472 -0.1527341 -0.9331307 2.492819 0.2626306 -0.9404577 2.501646
0.04034043 0.636476 2.331542 0.05825739 0.4406048 2.356715 -0.09732129 0.3205217 2.295886 0.2254668 0.3366457 2.337848 -0.08462813 0.1547036 2.171542 0.353686 0.2141345 2.178869 0.1326562 0.1751678 2.169309 0.4041114 0.3436795 2.031241 0.2028146 0.1989781 2.195276 0.4201577 0.428453 1.982353 0.0616424 0.08617349 2.368115 0.06895758 0.02247596 2.317684 0.001038034 -0.05229687 2.299161 0.1402356 -0.0490507 2.319272 -0.06351583 -0.5256402 2.448204 0.1885296 -0.5126198 2.448259 -0.1067696 -0.8733089 2.528465 0.210268 -0.8672397 2.534822 -0.1536812 -0.933231 2.494034 0.2630331 -0.9406234 2.500878
0.03994072 0.6364295 2.331399 0.05848785 0.4405806 2.356458 -0.09737193 0.3204315 2.29555 0.2255504 0.3366405 2.337867 -0.08441266 0.1546501 2.171197 0.3536432 0.214101 2.179198 0.1337763 0.1750921 2.169635 0.4052019 0.3427778 2.03118 0.2039347 0.1989023 2.195601 0.4205384 0.4267871 1.983173 0.06162633 0.08619495 2.368177 0.0689996 0.02243638 2.317812 0.001045049 -0.05240997 2.299263 0.140327 -0.04909698 2.319548 -0.06352697 -0.5255643 2.448272 0.1882993 -0.5122367 2.448285 -0.1070778 -0.8732455 2.52832 0.209823 -0.8672725 2.535064 -0.1523617 -0.9321316 2.49279 0.2629959 -0.9405392 2.50043
0.03988021 0.6364629 2.331503 0.05855229 0.4406673 2.356503 -0.09737272 0.3206822 2.295538 0.2255821 0.336626 2.337866 -0.08427096 0.1549755 2.171097 0.3536485 0.2139798 2.179486 0.1336928 0.175095 2.169513 0.4057662 0.3418502 2.030932 0.2038512 0.1989053 2.195479 0.4207804 0.4251842 1.983286 0.061489 0.08777064 2.368736 0.06881465 0.0244484 2.31852 0.001162513 -0.04969328 2.300934 0.1397977 -0.04723251 2.319485 -0.06358507 -0.5253865 2.448324 0.1884179 -0.5119265 2.448312 -0.1071013 -0.8730222 2.528977 0.2100398 -0.8670803 2.535149 -0.1527452 -0.9320986 2.493795 0.2629812 -0.9405 2.500443
0.03961684 0.6367316 2.332022 0.05876151 0.4407876 2.356447 -0.09737653 0.3211854 2.295646 0.2256252 0.3365604 2.337857 -0.08390365 0.1557199 2.170871 0.3535711 0.2135817 2.17982 0.1091828 0.1703696 2.157271 0.406139 0.3404533 2.030519 0.1451171 0.1915832 2.183382 0.4206639 0.4236989 1.982689 0.06151877 0.08771013 2.368846 0.06883013 0.02425433 2.318691 0.001103481 -0.05002246 2.300981 0.1398401 -0.04745998 2.319888 -0.06359041 -0.5253491 2.448343 0.1887042 -0.5118814 2.448556 -0.1073323 -0.8731214 2.528847 0.2100664 -0.8671426 2.53526 -0.1531406 -0.9323108 2.494192 0.2629766 -0.9404965 2.500438
0.03968829 0.6366343 2.332006 0.05890912 0.4408057 2.35643 -0.09735913 0.3214562 2.29568 0.225812 0.3364613 2.337869 -0.08374879 0.1561179 2.170731 0.3535359 0.2130506 2.180429 0.1752144 0.1852576 2.184772 0.4058366 0.3390836 2.030264 0.2788228 0.2128318 2.214203 0.4201277 0.4218012 1.982324 0.06157308 0.08763403 2.368981 0.0688893 0.02408862 2.31887 0.001093367 -0.05035248 2.301053 0.1399714 -0.04766118 2.320256 -0.06357528 -0.5252707 2.448519 0.188691 -0.5119477 2.448582 -0.1078181 -0.8737777 2.529302 0.2100219 -0.8670953 2.535223 -0.1531319 -0.9323173 2.494152 0.2631002 -0.9403624 2.50023
0.03951444 0.6366743 2.332233 0.05917036 0.4408554 2.356512 -0.09727906 0.3214449 2.295618 0.2258303 0.3364688 2.337905 -0.08369879 0.1561525 2.170606 0.3532822 0.2124616 2.181088 0.1281453 0.1731772 2.168093 0.4052957 0.3380846 2.030453 0.1983037 0.1969874 2.194059 0.4189074 0.4196166 1.981941 0.06161057 0.08744682 2.369115 0.06892382 0.02377198 2.319025 0.001085375 -0.05068347 2.301133 0.1399724 -0.04786792 2.320397 -0.06360055 -0.5251771 2.448687 0.1886747 -0.5116307 2.448505 -0.1077978 -0.873862 2.529419 0.2101137 -0.8671075 2.535226 -0.1531898 -0.932417 2.494259 0.2630218 -0.940251 2.499916
0.03945355 0.6365657 2.332158 0.05984776 0.4407156 2.356468 -0.09734967 0.3216298 2.295716 0.2258859 0.3364345 2.337933 -0.08365355 0.1563976 2.170638 0.3535017 0.2119374 2.181188 0.1312307 0.1740513 2.16924 0.3968208 0.3279376 2.019564 0.2013891 0.1978615 2.195206 0.4155226 0.417658 1.9789 0.06170067 0.08734284 2.369265 0.06896322 0.02360667 2.319199 0.001014474 -0.05099065 2.301305 0.1399989 -0.04802702 2.320597 -0.06347889 -0.5252039 2.44901 0.1884569 -0.5119575 2.448721 -0.107507 -0.8732995 2.529191 0.2102928 -0.8686357 2.535439 -0.1533596 -0.9327102 2.494183 0.2628585 -0.9407669 2.500095
0.03951992 0.6365395 2.332228 0.06038425 0.4410268 2.356856 -0.09735946 0.321822 2.295901 0.2261567 0.3362773 2.338065 -0.08364812 0.1566707 2.17071 0.3535473 0.2113583 2.181162 0.1310423 0.1737579 2.169571 0.3959948 0.3274563 2.019376 0.2012008 0.1975681 2.195537 0.410009 0.4179112 1.974004 0.06175549 0.08725322 2.369469 0.06896908 0.02346452 2.319393 0.0008955749 -0.05124105 2.301497 0.140011 -0.04816052 2.320727 -0.06356104 -0.5250868 2.449153 0.1884242 -0.5119196 2.448765 -0.1074877 -0.8732775 2.529067 0.2101555 -0.8682826 2.535392 -0.148087 -0.9304898 2.488779 0.2628193 -0.9406107 2.500002
0.03959833 0.63641 2.332078 0.06037575 0.4410146 2.356858 -0.09736963 0.3219694 2.296063 0.226336 0.3362382 2.338076 -0.08362043 0.1569111 2.170742 0.3535209 0.210052 2.18137 0.1097409 0.1507692 2.150736 0.3916706 0.3274459 2.019449 0.1248166 0.1763291 2.17876 0.3859508 0.3975778 1.973366 0.0617338 0.08713336 2.369537 0.06892006 0.02328945 2.319465 0.0007552578 -0.05154772 2.301696 0.1400081 -0.04832901 2.320691 -0.06363114 -0.5249766 2.449319 0.1883826 -0.5119072 2.448746 -0.1073766 -0.8734035 2.528765 0.2100624 -0.8674759 2.535162 -0.1488604 -0.9310001 2.488879 0.2628089 -0.9403739 2.499561
0.03986168 0.6364523 2.332266 0.06133496 0.4418555 2.357856 -0.09736432 0.321955 2.296077 0.2265365 0.336276 2.33834 -0.08361571 0.1569259 2.170726 0.3524894 0.2098245 2.180431 0.1756712 0.1783613 2.188044 0.3778088 0.3248002 2.013977 0.2740806 0.2045071 2.21729 0.3674555 0.3773324 1.98015 0.06187192 0.08685859 2.369841 0.06903554 0.02289996 2.319739 0.0007482389 -0.05196116 2.301809 0.1401079 -0.04874164 2.320949 -0.06373197 -0.5249405 2.449579 0.1879958 -0.5129394 2.449065 -0.1073553 -0.8733656 2.528771 0.2105528 -0.8707312 2.536282 -0.1490397 -0.9311818 2.488845 0.2629028 -0.9406087 2.499502
0.04033742 0.6365005 2.332503 0.06135114 0.4418555 2.357848 -0.09731063 0.3225307 2.296543 0.2272094 0.3361413 2.338482 -0.0837488 0.1575398 2.171121 0.3518165 0.2093607 2.180129 0.1089861 0.1407737 2.151774 0.3582714 0.3217266 2.009853 0.1236297 0.1694132 2.17963 0.341213 0.3720185 1.971228 0.06193407 0.08681887 2.369894 0.06905209 0.02283004 2.319791 0.0007156247 -0.05203981 2.301823 0.14022 -0.04903361 2.321067 -0.06379495 -0.5249167 2.449566 0.1879983 -0.5131609 2.449193 -0.1073242 -0.8730837 2.52873 0.2106003 -0.8704756 2.53618 -0.1509453 -0.9316525 2.490574 0.262902 -0.9406071 2.499503
0.04056256 0.6365079 2.332672 0.06160567 0.4418786 2.358019 -0.09723646 0.322746 2.29672 0.2279804 0.3367514 2.339495 -0.08381384 0.1577602 2.171287 0.3505411 0.2076406 2.18236 0.1312855 0.1631161 2.174575 0.3338485 0.3167994 2.010599 0.201444 0.1869264 2.200541 0.2998247 0.3517961 1.979937 0.06193849 0.08674153 2.370016 0.06912769 0.02273872 2.319897 0.0007271306 -0.05209954 2.301823 0.140357 -0.0493113 2.321282 -0.06378736 -0.5249136 2.449624 0.188079 -0.5134792 2.449341 -0.1072694 -0.8731719 2.528757 0.2103356 -0.8698982 2.535579 -0.1509276 -0.93162 2.49058 0.2629039 -0.9405338 2.499269
0.04091652 0.6364441 2.333235 0.06169763 0.4418942 2.35797 -0.09650066 0.3230839 2.297188 0.228169 0.3371471 2.340423 -0.08402534 0.1582473 2.171406 0.3490181 0.207201 2.182264 0.1740576 0.1796244 2.197495 0.3098972 0.3119425 2.011482 0.30303 0.2083063 2.232321 0.2776424 0.3443878 1.977769 0.0620353 0.08645894 2.370094 0.06932589 0.02228951 2.320006 0.0009402193 -0.05244131 2.301813 0.1404775 -0.04964934 2.321485 -0.06373631 -0.52486 2.449601 0.1880673 -0.5136154 2.449439 -0.1073769 -0.8735321 2.528785 0.2099891 -0.86961 2.535569 -0.1512793 -0.932026 2.490521 0.2629387 -0.9404798 2.499046
0.04162394 0.6365361 2.33357 0.06170459 0.4418719 2.358017 -0.0963789 0.3230411 2.297201 0.2214096 0.3325735 2.341236 -0.08377136 0.1579944 2.171797 0.3446543 0.2086055 2.180654 0.1742675 0.1817683 2.196683 0.2749021 0.3006594 2.012557 0.296265 0.2103546 2.230218 0.2407804 0.3162583 1.997209 0.06145009 0.08485459 2.370062 0.06892651 0.01999741 2.31989 0.001006389 -0.05319174 2.301668 0.1395978 -0.05076874 2.321465 -0.06368278 -0.5247836 2.449649 0.1881509 -0.5135143 2.449363 -0.1071483 -0.8731921 2.52844 0.2102622 -0.8691503 2.53553 -0.1512839 -0.9320173 2.490516 0.2629617 -0.9404871 2.49907
0.04167058 0.6365553 2.333638 0.06177557 0.4419821 2.358029 -0.09625014 0.3230919 2.297284 0.2234504 0.331165 2.342336 -0.08383559 0.1577586 2.172345 0.3396185 0.2092912 2.17889 0.1549182 0.1406883 2.196471 0.2400249 0.2838251 2.017838 0.2250766 0.1644985 2.222437 0.16412 0.334556 1.980264 0.06127815 0.08457537 2.370006 0.06884553 0.01957144 2.319808 0.0006715549 -0.05381286 2.301703 0.1396025 -0.05151742 2.321062 -0.06370785 -0.5247808 2.449538 0.1882724 -0.5135964 2.449493 -0.1069325 -0.8731236 2.528546 0.2103966 -0.8690771 2.535515 -0.1513041 -0.9320164 2.490441 0.2630104 -0.9404085 2.498813
0.04293541 0.6364581 2.333528 0.06184887 0.4419769 2.358192 -0.09607403 0.3230841 2.297395 0.2276489 0.3396415 2.345674 -0.08457358 0.1564185 2.174601 0.3383858 0.2078129 2.181793 0.1732958 0.1832409 2.198414 0.1971903 0.2589095 2.046914 0.2970233 0.2126231 2.231984 0.1235486 0.3009173 2.011345 0.06110308 0.08448669 2.370049 0.06889335 0.01950743 2.319857 0.0006489286 -0.05405573 2.301812 0.1397672 -0.05168391 2.321012 -0.06370927 -0.5247946 2.449371 0.1882662 -0.5137043 2.449611 -0.1068797 -0.8730853 2.528173 0.21075 -0.8705912 2.535266 -0.1513726 -0.9325088 2.490787 0.2630612 -0.9408267 2.498669
0.04393403 0.6363721 2.333299 0.06181284 0.4419083 2.358196 -0.09578245 0.3232029 2.297773 0.2313673 0.3514975 2.348562 -0.08435556 0.1564898 2.175063 0.3274831 0.1986133 2.179896 0.1706617 0.2047509 2.127806 0.1636831 0.2390429 2.072316 0.3346475 0.2463177 2.14109 0.06645375 0.2835686 2.03504 0.06119828 0.08438446 2.370131 0.06915324 0.01941155 2.319971 0.0008666586 -0.05456161 2.301916 0.1405458 -0.0519227 2.321177 -0.06296857 -0.5248813 2.449614 0.1882816 -0.5137014 2.449685 -0.1069653 -0.8731971 2.528196 0.2104489 -0.870023 2.535027 -0.151146 -0.9325298 2.490857 0.2630948 -0.9408374 2.498637
0.04494894 0.6362933 2.333602 0.06220137 0.4420451 2.358604 -0.09514079 0.3232474 2.298301 0.2315344 0.3519795 2.348596 -0.08508544 0.1564616 2.175577 0.3415158 0.2020583 2.184921 0.1703666 0.204089 2.130819 0.1366577 0.2305777 2.087988 0.3332011 0.2451781 2.145188 0.0574915 0.2489707 2.073116 0.06157314 0.08423847 2.370287 0.06944852 0.01928336 2.320068 0.001135999 -0.05482191 2.301858 0.1408401 -0.05206362 2.32129 -0.06299526 -0.5248879 2.449557 0.1886436 -0.5137735 2.449707 -0.1070468 -0.8729323 2.528582 0.2104601 -0.8698732 2.535164 -0.1512769 -0.9323061 2.490645 0.2630007 -0.9407502 2.49869
0.04532222 0.6363629 2.333819 0.06232667 0.4418469 2.358711 -0.09545606 0.3230287 2.298295 0.2311874 0.3512345 2.346355 -0.08517741 0.1547036 2.178291 0.3310266 0.2039782 2.187651 0.1680952 0.2049376 2.122264 0.1340462 0.2173294 2.105173 0.2610301 0.2332653 2.144342 0.05895891 0.2381972 2.086569 0.0618757 0.08705983 2.370754 0.0693363 0.0238617 2.320578 0.001377153 -0.0503354 2.303933 0.1400283 -0.04792447 2.319836 -0.06302397 -0.5248702 2.44954 0.1888024 -0.5137816 2.449716 -0.1065395 -0.8731866 2.530428 0.2104573 -0.869855 2.535078 -0.1521342 -0.9324301 2.491625 0.2632526 -0.9407597 2.498335
0.04619681 0.6360257 2.333701 0.06249409 0.4418157 2.35879 -0.09548879 0.3223431 2.297872 0.2306121 0.3497868 2.342906 -0.08029933 0.1529447 2.180274 0.3290233 0.205981 2.188347 0.1399476 0.2085653 2.127374 0.1354271 0.2073151 2.117833 0.210106 0.2323755 2.15334 0.06180477 0.2273014 2.10014 0.06242455 0.08906427 2.371238 0.06942929 0.02637748 2.321057 0.001914904 -0.04732762 2.305748 0.1394951 -0.04527551 2.31909 -0.06301288 -0.5249 2.449534 0.1887862 -0.5139244 2.449728 -0.104249 -0.874806 2.535802 0.2106163 -0.86914 2.534971 -0.1516627 -0.9322324 2.49164 0.2632495 -0.9406613 2.498301
0.04647186 0.6358417 2.333861 0.06253935 0.4416643 2.359018 -0.09558266 0.3213774 2.297485 0.2301386 0.3490495 2.3408 -0.08041528 0.1518818 2.180297 0.3275351 0.206876 2.188956 0.1394182 0.2079975 2.128268 0.134628 0.2053354 2.12093 0.2095766 0.2318078 2.154234 0.06127217 0.225425 2.103049 0.06249079 0.09031233 2.371596 0.06919694 0.02796968 2.321357 0.001997806 -0.04498697 2.308093 0.1386527 -0.0433419 2.31742 -0.06296404 -0.5248952 2.449592 0.1887838 -0.5145439 2.450005 -0.1042908 -0.8739161 2.533468 0.2106958 -0.871507 2.535604 -0.1511095 -0.9311264 2.487871 0.2634378 -0.9410345 2.49795
0.04686518 0.6356003 2.333918 0.06254789 0.4413756 2.359188 -0.09586123 0.3207933 2.297479 0.2298814 0.3488438 2.340039 -0.08076024 0.1512932 2.180308 0.3259706 0.2071262 2.189394 0.139538 0.2073523 2.129276 0.1469235 0.2084786 2.103297 0.2096964 0.2311625 2.155242 0.1345459 0.228137 2.110009 0.06253313 0.09095212 2.371788 0.06911466 0.02882057 2.32153 0.001993753 -0.04440323 2.308397 0.1384937 -0.04265294 2.31725 -0.06304672 -0.5248979 2.449521 0.189275 -0.5147653 2.450002 -0.1042894 -0.8725848 2.532364 0.210581 -0.8715237 2.535621 -0.150862 -0.9308966 2.48807 0.2635164 -0.9410222 2.497887
0.04699854 0.6355267 2.333534 0.06252866 0.4413163 2.359192 -0.0960846 0.3203257 2.297526 0.2293501 0.3482968 2.337736 -0.08159254 0.1511747 2.17964 0.3216931 0.2074347 2.188682 0.1400755 0.2079182 2.129217 0.142318 0.2070654 2.103408 0.2102339 0.2317285 2.155183 0.1257286 0.2272952 2.108096 0.06277912 0.0913155 2.371864 0.06903731 0.02921611 2.321564 0.002002788 -0.04413327 2.308585 0.1383089 -0.04224188 2.317034 -0.06292038 -0.5250229 2.449679 0.189695 -0.5140762 2.449509 -0.1048658 -0.8731778 2.531902 0.2106307 -0.871394 2.535452 -0.1517005 -0.932191 2.489198 0.2636358 -0.9411175 2.497691
0.04709995 0.6354165 2.333409 0.06232424 0.441085 2.359123 -0.09641325 0.3197979 2.29757 0.2288038 0.3476598 2.335588 -0.08249974 0.150721 2.179482 0.3203049 0.2075237 2.188231 0.1703757 0.2059123 2.127813 0.1408841 0.2067564 2.103104 0.2604543 0.2340702 2.150717 0.1228623 0.2271045 2.107163 0.06311245 0.08962442 2.371843 0.06922954 0.02657006 2.321494 0.001768612 -0.04913905 2.305775 0.1393474 -0.04558575 2.319223 -0.06248476 -0.5253389 2.449845 0.1899679 -0.5137613 2.44931 -0.1051134 -0.872327 2.531302 0.2106242 -0.8710507 2.53528 -0.1513563 -0.9316552 2.489481 0.2636046 -0.941105 2.497742
0.04716149 0.635234 2.332905 0.06300581 0.4407797 2.359008 -0.09669699 0.3196887 2.297952 0.2282759 0.3473481 2.333933 -0.08377592 0.150454 2.180032 0.3203653 0.2083555 2.187495 0.1684889 0.2067708 2.126179 0.128585 0.2159871 2.111469 0.2578144 0.23486 2.149025 0.05586375 0.2361013 2.093476 0.06336872 0.08985442 2.371899 0.06909426 0.02692563 2.321537 0.001473826 -0.04825905 2.306456 0.1388426 -0.04503522 2.318821 -0.06246714 -0.5249894 2.449782 0.1899401 -0.5137608 2.44925 -0.1053897 -0.8714597 2.530849 0.2103074 -0.870697 2.535179 -0.1516581 -0.9315928 2.490134 0.26243 -0.9402003 2.498478
0.0471868 0.6351445 2.332843 0.06286492 0.4407707 2.359064 -0.0967706 0.3198062 2.298285 0.2284746 0.347983 2.333982 -0.08819422 0.1504236 2.180156 0.3178758 0.207534 2.186915 0.07858718 0.2220346 2.087242 0.1204011 0.2195656 2.106811 0.1487456 0.2458448 2.113208 0.04767985 0.2396798 2.088817 0.06327229 0.0903952 2.372045 0.06895337 0.02760732 2.321688 0.001428337 -0.04698461 2.30797 0.1386038 -0.04424501 2.318012 -0.06232409 -0.5250029 2.450019 0.1898913 -0.5137824 2.449243 -0.1053915 -0.8714764 2.530832 0.2102137 -0.8704579 2.535169 -0.1516425 -0.9315682 2.490139 0.2624621 -0.9400521 2.498345
0.04706998 0.6350198 2.332597 0.06285401 0.4407764 2.359121 -0.09707867 0.3204421 2.300339 0.2294475 0.3508774 2.335949 -0.09148853 0.1516594 2.180923 0.3203166 0.2084394 2.185598 0.07844677 0.2221853 2.087341 0.1264032 0.2256408 2.099705 0.1486052 0.2459955 2.113307 0.05353459 0.2450461 2.085057 0.0634066 0.08969587 2.372098 0.06905805 0.02646578 2.321693 0.001040874 -0.04924893 2.30716 0.1392317 -0.04561042 2.318499 -0.06238572 -0.5249102 2.449989 0.1899593 -0.5137603 2.449056 -0.1054111 -0.871354 2.530413 0.2106183 -0.8702344 2.534638 -0.1515982 -0.9316313 2.490166 0.262046 -0.93988 2.49898
0.04706044 0.6350163 2.332684 0.06273876 0.4406783 2.3595 -0.09722202 0.3211824 2.302284 0.2305797 0.3540665 2.337605 -0.09217884 0.1529234 2.181926 0.3206973 0.2089461 2.184558 0.07864964 0.2223902 2.087627 0.1286075 0.2430437 2.088199 0.1488081 0.2462004 2.113593 0.05456717 0.2698906 2.064818 0.06371368 0.08913387 2.372291 0.06936619 0.02573269 2.321836 0.001097678 -0.05050069 2.307024 0.1401907 -0.04649065 2.318792 -0.06248428 -0.5254481 2.450524 0.1899662 -0.5137872 2.448989 -0.105458 -0.8713554 2.530449 0.210551 -0.8701544 2.534708 -0.152179 -0.9320612 2.491303 0.2622018 -0.9399552 2.498926
0.04689996 0.6349992 2.33281 0.06267433 0.4405774 2.359831 -0.09798945 0.3210711 2.303149 0.2300487 0.36046 2.341758 -0.09268617 0.1529026 2.182661 0.3207562 0.2090263 2.184019 0.04050053 0.2672229 2.06131 0.1484169 0.2554212 2.073386 0.08651062 0.3048474 2.022825 0.07454215 0.2890677 2.044057 0.06338464 0.08873886 2.372377 0.06939205 0.02526848 2.321915 0.0008212692 -0.0515123 2.30703 0.1404507 -0.0469024 2.318813 -0.06225671 -0.525388 2.450655 0.1900851 -0.5134084 2.448602 -0.105757 -0.8715341 2.530398 0.210539 -0.8698944 2.534052 -0.1513355 -0.9314272 2.49204 0.2625423 -0.9401073 2.49863
0.0464241 0.635006 2.333023 0.06188768 0.4411563 2.360062 -0.09866568 0.320485 2.303386 0.2302104 0.3591104 2.341863 -0.08887631 0.1463186 2.182621 0.3219157 0.2086674 2.183026 0.08614263 0.2066706 2.083768 0.1813903 0.2670906 2.050896 0.07611082 0.2822992 2.031737 0.100481 0.3196999 2.011324 0.06304927 0.0880936 2.372397 0.06901533 0.02420456 2.321887 -7.664383E-05 -0.05295895 2.307193 0.1405756 -0.04810109 2.318533 -0.06236278 -0.525613 2.450693 0.1900406 -0.5134627 2.448588 -0.1058305 -0.8718292 2.530335 0.2101332 -0.8699861 2.534215 -0.1513437 -0.9315198 2.491942 0.2621917 -0.9400221 2.500546
0.04561263 0.6353374 2.333123 0.06126371 0.4407575 2.35791 -0.09891711 0.3203245 2.303618 0.2289125 0.3529651 2.342688 -0.09079794 0.1494466 2.183337 0.3263255 0.2026209 2.178597 0.0845657 0.2101017 2.084487 0.1737599 0.3036755 2.017294 0.07467698 0.2858552 2.032015 0.1400297 0.3397354 1.992919 0.06242572 0.08720137 2.3718 0.06862908 0.02297213 2.321481 -0.0007006569 -0.05406603 2.307166 0.1405038 -0.04888975 2.318295 -0.06236932 -0.5255915 2.450709 0.1900041 -0.5134452 2.448634 -0.1057467 -0.8719258 2.530168 0.2101373 -0.8699809 2.534204 -0.1513677 -0.9315 2.492154 0.2620072 -0.9397836 2.5007
0.04462628 0.635123 2.333245 0.06144433 0.4408632 2.358115 -0.09898692 0.3202831 2.303695 0.1876763 0.3149184 2.335067 -0.09104078 0.1507884 2.18372 0.3268029 0.2012505 2.176294 0.08448571 0.2116349 2.084887 0.2375574 0.3034998 2.025741 0.07466333 0.2874631 2.032212 0.1783769 0.3509598 1.969782 0.06133021 0.08224034 2.371169 0.06717197 0.01578227 2.320425 -0.0004438233 -0.05558072 2.306583 0.1372227 -0.05167633 2.31803 -0.06231258 -0.5256185 2.450748 0.1900468 -0.5126978 2.448119 -0.105847 -0.8726838 2.529674 0.210144 -0.8696516 2.534092 -0.1517185 -0.9322905 2.492422 0.2620197 -0.9397941 2.500601
0.04451318 0.6350123 2.333519 0.06169299 0.441171 2.358682 -0.0989842 0.3202626 2.303709 0.2006474 0.3238021 2.337541 -0.09100292 0.1510714 2.183897 0.3264294 0.2046471 2.174711 0.1692673 0.1711463 2.18846 0.2573759 0.3089913 2.014479 0.1848549 0.2491609 2.136513 0.2330164 0.3328149 1.98141 0.06137139 0.08179594 2.371228 0.06720638 0.01540218 2.320445 -0.0003420633 -0.05600816 2.30627 0.1370753 -0.0522301 2.318241 -0.06227425 -0.5252817 2.45056 0.1899747 -0.5127071 2.448198 -0.1060614 -0.8725376 2.529361 0.210062 -0.8695587 2.534046 -0.1525966 -0.9312128 2.490124 0.2627295 -0.9399453 2.499573
0.04416077 0.6350141 2.333736 0.06148651 0.4414271 2.359399 -0.09902842 0.3200617 2.303794 0.2104585 0.3304499 2.339243 -0.0914681 0.1518959 2.183523 0.3285508 0.2077479 2.174846 0.1687391 0.1721854 2.188597 0.2722218 0.3142486 2.010804 0.1855887 0.2503196 2.136787 0.2671242 0.35308 1.978684 0.06148698 0.08166718 2.371349 0.06732675 0.01537729 2.320548 -0.0002053934 -0.05621931 2.306091 0.1374873 -0.05266231 2.3187 -0.06237412 -0.5255129 2.450721 0.1898167 -0.5129593 2.448288 -0.1060948 -0.8727909 2.529388 0.2100997 -0.8695504 2.533993 -0.1527534 -0.9319798 2.490744 0.2628679 -0.9399823 2.499467
0.04365184 0.635051 2.333685 0.06147892 0.4413108 2.359949 -0.09893635 0.3198921 2.303707 0.2140838 0.3325844 2.339593 -0.091566 0.1517805 2.183341 0.3286035 0.2081702 2.174984 0.1007363 0.1550179 2.15066 0.3041881 0.3228392 2.008427 0.1648371 0.1560971 2.144034 0.2900646 0.3642644 1.97403 0.06155871 0.08154783 2.371474 0.06737743 0.01537472 2.320637 -0.0001879237 -0.05636531 2.305927 0.1376742 -0.05296475 2.319114 -0.06238441 -0.5255995 2.450754 0.1898184 -0.5131711 2.448282 -0.1060834 -0.8728569 2.529376 0.2101374 -0.8693175 2.534188 -0.152811 -0.9322373 2.491303 0.2618497 -0.9392655 2.49968
0.04229236 0.6345315 2.333792 0.06118318 0.4410715 2.360426 -0.09894524 0.3196805 2.303618 0.2171801 0.3330648 2.338933 -0.09141129 0.1515457 2.183324 0.3318257 0.1981009 2.184085 0.09988421 0.1462792 2.142942 0.3352745 0.3381115 2.010258 0.1636494 0.1445237 2.133749 0.3331155 0.3911211 1.963721 0.06169702 0.08149639 2.371588 0.06740909 0.01545303 2.32074 -0.0002226679 -0.0565267 2.3058 0.1378565 -0.0530489 2.319383 -0.0624788 -0.5256775 2.450758 0.1897543 -0.5132609 2.448357 -0.1060907 -0.8729842 2.52959 0.2101987 -0.8693272 2.534199 -0.1524394 -0.9319444 2.491831 0.2620689 -0.9393437 2.499588
0.0421746 0.6341729 2.33394 0.06121514 0.4410619 2.360655 -0.09895348 0.3194286 2.303401 0.2180739 0.3334186 2.338928 -0.09070354 0.1516151 2.182617 0.3339448 0.1955577 2.186984 0.1687772 0.1820505 2.182602 0.3465068 0.3428051 2.0083 0.1813523 0.26072 2.130069 0.3516254 0.4098075 1.956344 0.06182212 0.08152834 2.371673 0.06764579 0.01563058 2.320834 -2.351037E-05 -0.05661973 2.305492 0.1382634 -0.05301588 2.31973 -0.06266306 -0.5254451 2.450677 0.1896906 -0.5132316 2.448368 -0.1058853 -0.8729632 2.529603 0.2101889 -0.869265 2.534168 -0.1523167 -0.9320261 2.492047 0.2620924 -0.9393006 2.499186
0.0420387 0.6341815 2.334154 0.06134428 0.4411196 2.360973 -0.09888578 0.3192375 2.3032 0.2193205 0.3340878 2.339164 -0.08981174 0.1519353 2.181616 0.3365009 0.1960475 2.187709 0.102116 0.1462997 2.146291 0.3654112 0.3442244 2.007523 0.166092 0.1444212 2.138783 0.3711022 0.4198654 1.95531 0.06196693 0.08156676 2.371816 0.06788781 0.01578608 2.320983 0.0001273845 -0.05674428 2.305325 0.1386479 -0.05298111 2.320108 -0.06268889 -0.5255134 2.450802 0.1897129 -0.5132608 2.448528 -0.105839 -0.8729815 2.529592 0.2101689 -0.8689451 2.534245 -0.1523446 -0.93199 2.492095 0.2622676 -0.9396223 2.499422
0.04099624 0.6339694 2.334568 0.06091334 0.441249 2.360977 -0.09886288 0.3191885 2.303133 0.2200027 0.3343835 2.339157 -0.08822345 0.1527371 2.180261 0.3452631 0.2041305 2.181217 0.1039804 0.1487234 2.147121 0.3757273 0.3467897 2.00765 0.1680484 0.1473855 2.140342 0.3843898 0.4199215 1.960364 0.06197186 0.08160482 2.371832 0.0679403 0.01590908 2.321008 0.0001823452 -0.05679589 2.305141 0.1388027 -0.05292833 2.320263 -0.06284314 -0.5257373 2.450787 0.1897562 -0.513454 2.448721 -0.1057742 -0.8731613 2.529497 0.2101991 -0.8685924 2.533745 -0.1522582 -0.9319994 2.491886 0.2622913 -0.9396481 2.499418
0.04091885 0.6338605 2.334845 0.06089208 0.4410526 2.361111 -0.09874257 0.3191212 2.302919 0.2209859 0.3347819 2.33951 -0.08735691 0.1531347 2.179359 0.3464317 0.2066076 2.180697 0.1314259 0.1728072 2.170238 0.3823572 0.3468847 2.009295 0.2043535 0.1793647 2.171466 0.3937703 0.418587 1.966125 0.06203474 0.08166054 2.371902 0.0681895 0.01615362 2.32111 0.0003989869 -0.05679251 2.30482 0.1392329 -0.05285711 2.320701 -0.0629529 -0.525798 2.45066 0.1898462 -0.5134573 2.448954 -0.1057285 -0.8730978 2.529488 0.2097977 -0.8686786 2.533921 -0.1520496 -0.9319572 2.491909 0.2623242 -0.9397173 2.499296
0.04105233 0.6338231 2.335492 0.06093722 0.4412763 2.361576 -0.09866265 0.3191819 2.302833 0.2218169 0.3349586 2.339862 -0.08667384 0.1538305 2.178296 0.3480514 0.2082701 2.181507 0.1722235 0.185257 2.184977 0.3887228 0.3446477 2.013851 0.2071297 0.2667276 2.134698 0.4003216 0.418913 1.968487 0.0621688 0.08176433 2.372023 0.06844594 0.01637951 2.32121 0.0005585155 -0.05678783 2.304688 0.1395549 -0.05277169 2.320848 -0.06299164 -0.5257812 2.450639 0.1898772 -0.5134338 2.449262 -0.1058698 -0.8731122 2.529165 0.2097726 -0.8686886 2.533917 -0.1521149 -0.9319508 2.491812 0.2623619 -0.9397733 2.499346
0.04093273 0.6337247 2.335221 0.06099521 0.4412392 2.361766 -0.0984794 0.3193314 2.302718 0.2223528 0.3351566 2.340523 -0.0861022 0.1544786 2.17742 0.3484802 0.2073223 2.183209 0.1270314 0.1680545 2.169812 0.3917707 0.3420474 2.018641 0.198076 0.1725798 2.171545 0.4034542 0.4193747 1.970548 0.06230031 0.08184724 2.372115 0.0687832 0.01659354 2.3213 0.0009395217 -0.05677462 2.304328 0.1399942 -0.05264856 2.321202 -0.0630459 -0.5257136 2.450428 0.1899242 -0.5133191 2.449286 -0.1059191 -0.872977 2.529194 0.2097089 -0.8685086 2.533838 -0.1522955 -0.9318072 2.491979 0.2623643 -0.9396484 2.498934
0.04079061 0.6337381 2.33539 0.06107845 0.4412463 2.36196 -0.09822066 0.3193505 2.302308 0.2232806 0.3351012 2.34123 -0.08520819 0.1549283 2.176401 0.3498364 0.2056641 2.186279 0.1271816 0.1679376 2.169934 0.39268 0.34487 2.020007 0.1979782 0.172274 2.172047 0.4044984 0.4194682 1.971803 0.06239318 0.08196097 2.372221 0.0691019 0.01682013 2.321409 0.001230842 -0.05676746 2.304088 0.1403798 -0.05256729 2.321511 -0.06304386 -0.5257054 2.450412 0.1899282 -0.5131935 2.449415 -0.1061309 -0.8731261 2.529152 0.2094743 -0.8684186 2.533538 -0.1522823 -0.9320463 2.492346 0.2617748 -0.9392581 2.499491
0.04102166 0.6337934 2.335699 0.06107588 0.4411691 2.362123 -0.09791511 0.3193925 2.302162 0.2242597 0.3350537 2.342021 -0.08447173 0.155277 2.175829 0.3523654 0.2042174 2.188288 0.1270847 0.1679263 2.169977 0.3935302 0.3407181 2.023363 0.1976035 0.1721427 2.172295 0.4048949 0.4193717 1.972124 0.06253146 0.08196286 2.372384 0.06946184 0.01689456 2.321593 0.001617568 -0.05688025 2.303962 0.1409238 -0.05266315 2.321979 -0.06289022 -0.52552 2.45033 0.1900686 -0.5134273 2.449928 -0.1060867 -0.8733329 2.529004 0.2094849 -0.8685898 2.533638 -0.1522531 -0.9321609 2.489984 0.2615336 -0.9389964 2.500541
0.04110109 0.6336933 2.3358 0.06113438 0.441011 2.362407 -0.09683304 0.3188395 2.301202 0.2257493 0.3346313 2.342921 -0.08391169 0.1546698 2.174906 0.3527969 0.2055698 2.188044 0.1751969 0.1797556 2.186643 0.3936348 0.3393376 2.024121 0.1924244 0.2584232 2.135554 0.4049074 0.4192576 1.972254 0.06262999 0.08196297 2.372552 0.06991319 0.01700213 2.321779 0.002125538 -0.05700495 2.303612 0.1416551 -0.05274241 2.322669 -0.06296207 -0.5252467 2.450155 0.1900511 -0.5136376 2.450045 -0.105986 -0.8733077 2.529018 0.2101828 -0.8690137 2.533927 -0.1516741 -0.9319718 2.489553 0.2638741 -0.9398306 2.502755
0.04166175 0.6335922 2.336367 0.06111707 0.4409083 2.362758 -0.09614405 0.3188044 2.300994 0.2266339 0.3343445 2.343391 -0.08321742 0.1546615 2.174671 0.3530805 0.2061768 2.188095 0.128029 0.1681949 2.172116 0.3936595 0.3378325 2.024595 0.1984445 0.172706 2.175534 0.404762 0.4186884 1.97234 0.0628783 0.08194078 2.372809 0.07035929 0.01705881 2.322039 0.002648273 -0.05710458 2.303577 0.1421559 -0.05278575 2.323087 -0.06267793 -0.5250716 2.450091 0.1902715 -0.513624 2.450214 -0.1059529 -0.8733155 2.529015 0.2102595 -0.8689533 2.533769 -0.151285 -0.9315075 2.489066 0.2640487 -0.939887 2.501459
0.04244698 0.6339582 2.336921 0.06112999 0.4408728 2.363142 -0.0955001 0.3187683 2.300636 0.2276562 0.3339148 2.343967 -0.08226354 0.1545298 2.174526 0.3533961 0.2071222 2.187596 0.1767046 0.1796666 2.18739 0.3937815 0.3382093 2.023606 0.1859103 0.2575622 2.135624 0.4047377 0.417822 1.972348 0.06299339 0.08189407 2.372981 0.07065341 0.01707065 2.322196 0.002916042 -0.0571561 2.303543 0.1425301 -0.05292175 2.323311 -0.06236698 -0.5241644 2.449462 0.1903438 -0.5136452 2.450252 -0.106144 -0.8730897 2.5292 0.2103326 -0.8689917 2.533973 -0.1517801 -0.9316932 2.489909 0.2639584 -0.9400311 2.500488
0.0427297 0.6339856 2.337107 0.06118876 0.4410783 2.363642 -0.09483362 0.3188522 2.300594 0.2289011 0.3336162 2.34428 -0.08167657 0.1546208 2.17448 0.3534923 0.2061287 2.189103 0.1262762 0.1677779 2.173548 0.393615 0.3359311 2.025219 0.1955938 0.1721636 2.177507 0.4046346 0.4172925 1.972439 0.06313122 0.08193862 2.373217 0.07084666 0.01715232 2.322396 0.003017376 -0.05716995 2.303525 0.1427879 -0.05297807 2.323672 -0.0623131 -0.524196 2.449523 0.1903215 -0.5134068 2.450291 -0.1062433 -0.8733744 2.529483 0.2104031 -0.8689375 2.534082 -0.149596 -0.9306575 2.488375 0.2640241 -0.939925 2.500087
0.04416882 0.6345857 2.338107 0.06111562 0.4411316 2.36388 -0.09449091 0.3190021 2.300584 0.2299439 0.3336999 2.344751 -0.08149453 0.1547513 2.174499 0.3538285 0.2070968 2.188722 0.1768674 0.1849727 2.187709 0.3936519 0.3365797 2.024666 0.1840582 0.2630053 2.135769 0.4046765 0.4172415 1.97261 0.06327698 0.08208496 2.373512 0.07112275 0.01735391 2.322716 0.003206969 -0.05709775 2.303599 0.1431621 -0.0530122 2.324127 -0.06229836 -0.5242343 2.449584 0.1904238 -0.5135219 2.450693 -0.1060464 -0.8730428 2.53021 0.210527 -0.8688263 2.533929 -0.1495551 -0.9307013 2.488477 0.2641097 -0.9397039 2.499136
0.04462302 0.6342973 2.338573 0.06113844 0.4409713 2.363924 -0.09417739 0.3191026 2.300701 0.2306092 0.3332095 2.344874 -0.08140002 0.154941 2.17446 0.3543992 0.2078036 2.187551 0.126445 0.1641966 2.171765 0.3937182 0.3358254 2.025326 0.1957266 0.1672819 2.175137 0.404708 0.4172065 1.972586 0.06346242 0.08210642 2.373697 0.07136806 0.01742974 2.322942 0.003347419 -0.05710228 2.303657 0.143561 -0.05309859 2.324548 -0.0622755 -0.5242779 2.449568 0.1904166 -0.5134907 2.450766 -0.1060365 -0.8732062 2.530193 0.2105092 -0.8688145 2.53395 -0.1496973 -0.9307239 2.488734 0.2630619 -0.9388012 2.498619
0.04556143 0.6345844 2.338823 0.06112888 0.4409866 2.363956 -0.09333623 0.3193195 2.301133 0.2312974 0.3329602 2.344879 -0.08148626 0.155379 2.17444 0.3545961 0.2081673 2.186981 0.1767133 0.184851 2.18976 0.3937459 0.3355419 2.025424 0.1811216 0.2625187 2.137656 0.4047541 0.4172102 1.972524 0.06368066 0.08217901 2.373838 0.07159369 0.017522 2.323094 0.00359715 -0.05703184 2.303672 0.1438262 -0.05313569 2.324816 -0.06225972 -0.5243704 2.449597 0.1904277 -0.5134692 2.450828 -0.1061599 -0.8735504 2.530129 0.2104086 -0.8686386 2.533878 -0.1497282 -0.9307614 2.488731 0.2630675 -0.938736 2.497896
0.04663927 0.6342953 2.339014 0.06113188 0.441037 2.363983 -0.09321566 0.3193724 2.301171 0.2323043 0.3323191 2.3448 -0.08146255 0.1554731 2.174418 0.3545806 0.2083803 2.186671 0.125914 0.1706205 2.174978 0.3937376 0.3352431 2.025415 0.1950396 0.1756697 2.179435 0.4046877 0.4168832 1.972664 0.06376605 0.08228164 2.373929 0.07166868 0.01764068 2.323188 0.003616819 -0.0570071 2.303674 0.143924 -0.05316734 2.324952 -0.06229472 -0.5243756 2.449579 0.1905035 -0.5135019 2.450908 -0.106134 -0.8735117 2.530187 0.2102791 -0.8685477 2.534091 -0.149862 -0.9305431 2.488616 0.2629414 -0.9389191 2.498386
0.04698218 0.6343014 2.339244 0.061188 0.4410414 2.364039 -0.09281475 0.3196105 2.301508 0.2325335 0.3321834 2.344738 -0.08146517 0.1558175 2.174556 0.3544906 0.2086924 2.186391 0.1104107 0.1385696 2.14738 0.3936687 0.3350675 2.025463 0.1743693 0.1328203 2.142592 0.404681 0.4168741 1.972669 0.06389756 0.08229569 2.373992 0.0717477 0.01766461 2.323234 0.003688053 -0.05699956 2.303692 0.1439683 -0.05318044 2.324974 -0.06221189 -0.524478 2.44964 0.1904888 -0.5135009 2.45094 -0.1058596 -0.8739493 2.530393 0.2100711 -0.8680184 2.53432 -0.1509467 -0.9317243 2.490046 0.2623003 -0.9384388 2.49909
0.04715555 0.6342512 2.339309 0.06139555 0.4411266 2.364382 -0.09260515 0.3197675 2.30173 0.2328729 0.3319649 2.344625 -0.08144972 0.1561288 2.174528 0.354398 0.208717 2.186235 0.1103791 0.1383263 2.147543 0.3933507 0.3344859 2.025562 0.1743221 0.1323921 2.14282 0.404578 0.4167682 1.972499 0.06411818 0.08234937 2.374156 0.07190447 0.01774801 2.323353 0.003761964 -0.05698 2.303687 0.1441335 -0.05319436 2.32512 -0.06225247 -0.5245057 2.449615 0.1905383 -0.5140439 2.451546 -0.1059709 -0.8737246 2.530993 0.2100927 -0.8679532 2.534225 -0.1512111 -0.9304135 2.490901 0.2616533 -0.938342 2.499548
0.04768002 0.6343997 2.339228 0.06174957 0.4411369 2.364575 -0.09212022 0.319641 2.301649 0.233159 0.3318923 2.344615 -0.0816483 0.1559834 2.174422 0.3540875 0.2087028 2.185745 0.1101936 0.1380194 2.147966 0.3928498 0.33415 2.025039 0.1741409 0.1320313 2.143419 0.4018368 0.4134191 1.97295 0.06437126 0.08234704 2.37429 0.07213341 0.01776263 2.323463 0.00395966 -0.05699587 2.303585 0.1443931 -0.05329743 2.325447 -0.06224667 -0.5245018 2.449619 0.1907258 -0.5141051 2.451656 -0.1057569 -0.8736562 2.530654 0.2100492 -0.868288 2.534546 -0.1507633 -0.9303917 2.490725 0.2618261 -0.9383695 2.498958
0.04867492 0.6349756 2.339381 0.06154531 0.4413695 2.36472 -0.09176994 0.3197143 2.301785 0.2334451 0.3319046 2.344718 -0.08175629 0.1560279 2.174578 0.3533503 0.2089223 2.185469 0.1100322 0.1381993 2.147363 0.3901199 0.3337064 2.02161 0.1739617 0.1322565 2.142563 0.3974006 0.4109238 1.9709 0.06445724 0.08239423 2.374363 0.07227056 0.01781792 2.323536 0.004165394 -0.05698664 2.303514 0.1446186 -0.05328923 2.325653 -0.06232259 -0.5245222 2.449618 0.1908197 -0.514214 2.451683 -0.10566 -0.8738536 2.530527 0.2100951 -0.8683826 2.534689 -0.1511155 -0.9308241 2.489483 0.2622597 -0.9386326 2.498835
0.05067599 0.635285 2.340248 0.06178582 0.4416312 2.365051 -0.09151261 0.3199252 2.302025 0.2344291 0.3320292 2.344853 -0.08212108 0.1562179 2.174811 0.3529975 0.2089662 2.184424 0.1094419 0.1383284 2.145037 0.385695 0.3293738 2.02198 0.1732962 0.1323653 2.139385 0.3892938 0.4070987 1.966392 0.06462308 0.0825119 2.374466 0.07238544 0.01794842 2.323597 0.004204262 -0.05693655 2.303502 0.1447048 -0.05329218 2.325674 -0.06236616 -0.5245242 2.44966 0.190903 -0.5142416 2.451961 -0.1056544 -0.8738906 2.530506 0.2100107 -0.8681981 2.534616 -0.1508962 -0.9310544 2.489203 0.2624704 -0.9387201 2.499213
0.05179703 0.6357237 2.341015 0.06176458 0.4417786 2.365216 -0.09143033 0.3200965 2.302192 0.2345057 0.3320193 2.344924 -0.08227248 0.1563637 2.175016 0.3515139 0.2088706 2.183583 0.1090703 0.1372884 2.144199 0.3764656 0.3268725 2.019926 0.1728512 0.1309299 2.138199 0.3741709 0.3918595 1.968554 0.06468794 0.08259664 2.374501 0.07245004 0.01805697 2.323608 0.004274461 -0.05683944 2.303442 0.1447487 -0.05326129 2.325671 -0.06241142 -0.5245141 2.449653 0.1910602 -0.5142336 2.452026 -0.1055519 -0.8739164 2.530458 0.2097532 -0.8684812 2.535298 -0.1508705 -0.9310337 2.489036 0.2626721 -0.938764 2.498936
0.05265135 0.6358161 2.341056 0.0616079 0.4421138 2.36547 -0.09071487 0.3204784 2.30238 0.2349826 0.3322041 2.345315 -0.08258116 0.1568225 2.175014 0.3449771 0.2026632 2.191622 0.1087041 0.1370615 2.144452 0.35739 0.3238485 2.015441 0.1724659 0.1304745 2.138537 0.3556767 0.3845826 1.962978 0.06470058 0.08262134 2.374566 0.07251466 0.01808316 2.32366 0.004425836 -0.0567857 2.30337 0.1448216 -0.05330457 2.325813 -0.06242857 -0.5245966 2.44969 0.1910895 -0.5142124 2.452065 -0.1055014 -0.8739697 2.530407 0.209749 -0.868288 2.535293 -0.1504878 -0.9308354 2.49138 0.2627194 -0.938736 2.498653
0.05346674 0.635966 2.341053 0.06208621 0.4421709 2.365793 -0.08995371 0.3209373 2.302642 0.2357491 0.3326626 2.346147 -0.08292295 0.1572879 2.175205 0.3421853 0.2068273 2.185059 0.1076088 0.1330391 2.142368 0.3321982 0.3188409 2.015255 0.1711194 0.1249562 2.135695 0.325413 0.3712835 1.964031 0.06494534 0.08269348 2.374763 0.07279716 0.01817545 2.32383 0.004698883 -0.05665421 2.303345 0.1450345 -0.05336474 2.326076 -0.06212312 -0.5246534 2.449881 0.1915129 -0.515132 2.452682 -0.1054618 -0.8740603 2.53039 0.2096478 -0.8681215 2.534681 -0.1514419 -0.9317853 2.490935 0.2627839 -0.9388222 2.498741
0.05436214 0.6366673 2.341786 0.06201717 0.4422336 2.365851 -0.0898228 0.3210044 2.302653 0.2358933 0.3331932 2.34669 -0.08306823 0.1573943 2.175152 0.3393344 0.2071947 2.181599 0.1072419 0.1316309 2.142204 0.3006181 0.3070129 2.008081 0.1706786 0.1230431 2.135494 0.2861616 0.3546075 1.967586 0.06495712 0.08268727 2.374791 0.07292677 0.01816239 2.323862 0.004941668 -0.05655456 2.303383 0.1452083 -0.05350194 2.326066 -0.06211066 -0.5247518 2.449873 0.1915284 -0.5152367 2.452684 -0.1055453 -0.8742313 2.530303 0.2096761 -0.8681157 2.534708 -0.1516066 -0.9319302 2.490945 0.26277 -0.9388911 2.498837
0.05819352 0.6372043 2.342368 0.06217186 0.4424986 2.366267 -0.08849287 0.3215115 2.302986 0.2340983 0.3337186 2.348198 -0.08378653 0.1580829 2.1751 0.3384721 0.2073273 2.181688 0.1082361 0.1691861 2.145342 0.2876581 0.3020461 2.008466 0.1722437 0.1728871 2.139696 0.2639169 0.3159513 1.992332 0.06493752 0.08244764 2.374807 0.07318535 0.01783071 2.323844 0.005592821 -0.05653067 2.303207 0.1452002 -0.05354315 2.326072 -0.06234605 -0.5246815 2.449573 0.1916154 -0.5152145 2.452718 -0.1052064 -0.8745232 2.530397 0.2096373 -0.8681216 2.534635 -0.1516909 -0.9318605 2.490783 0.2628122 -0.938969 2.49883
0.05860484 0.6374007 2.342711 0.06205428 0.4427734 2.366341 -0.08772133 0.3225871 2.303515 0.2128299 0.3227564 2.34871 -0.0839679 0.1591874 2.175559 0.3344052 0.208515 2.178792 0.1080733 0.1671592 2.144402 0.2678275 0.3021285 2.010784 0.172087 0.1698164 2.138289 0.2275708 0.3155052 1.988915 0.06430387 0.08038276 2.374467 0.07331878 0.01455844 2.323393 0.006646297 -0.0573324 2.302977 0.144246 -0.05439318 2.325941 -0.06226519 -0.5244524 2.449556 0.1918946 -0.5145326 2.452381 -0.105591 -0.8741394 2.53019 0.2096668 -0.8680613 2.53464 -0.1522066 -0.931675 2.491392 0.262982 -0.9389445 2.498518
0.05800284 0.6379924 2.344058 0.06258471 0.4434433 2.364851 -0.08781702 0.3233892 2.303805 0.2326865 0.3286182 2.351021 -0.08498607 0.1602654 2.175401 0.3246653 0.206169 2.180379 0.1073012 0.1532485 2.146708 0.2060419 0.281297 2.030609 0.1713969 0.1509096 2.141417 0.1540368 0.3371352 1.985849 0.06452623 0.08089737 2.374092 0.07322732 0.01503665 2.323042 0.00611648 -0.05718942 2.302995 0.1444903 -0.05454846 2.325047 -0.0622605 -0.5243632 2.449364 0.1918673 -0.5151316 2.452577 -0.1054827 -0.8740575 2.529991 0.2101109 -0.8685921 2.534841 -0.1507016 -0.9313275 2.49061 0.2643481 -0.9409335 2.49464
0.06193563 0.6372455 2.344704 0.06265227 0.4435213 2.364933 -0.08765291 0.3233959 2.303731 0.2438009 0.3611373 2.359726 -0.08789325 0.1598565 2.17596 0.3256728 0.2037672 2.180401 0.1018359 0.1258137 2.152328 0.1832388 0.2592911 2.04967 0.1650789 0.1144661 2.148724 0.1102464 0.3070409 2.013142 0.06442846 0.08124752 2.374019 0.07360733 0.01562945 2.323004 0.006165553 -0.05714318 2.303139 0.1453918 -0.05432738 2.324258 -0.06227472 -0.5243547 2.449343 0.1918374 -0.515067 2.45252 -0.1053643 -0.8739337 2.530535 0.2100979 -0.86858 2.534806 -0.1522602 -0.9315045 2.491932 0.264205 -0.9409583 2.495218
0.06450272 0.6378922 2.345393 0.06291439 0.4433597 2.364919 -0.08676724 0.3237385 2.303892 0.2435463 0.3611597 2.359352 -0.08804116 0.1602561 2.176048 0.3292426 0.2033305 2.183569 0.09969682 0.117433 2.14941 0.1608516 0.2428403 2.084993 0.1622761 0.1031586 2.144804 0.06209475 0.2883414 2.041334 0.06495098 0.08136238 2.37401 0.07413776 0.01589482 2.323001 0.006591159 -0.05711345 2.303266 0.1459735 -0.05416889 2.32408 -0.06250206 -0.5246928 2.449082 0.1920053 -0.5148876 2.452541 -0.1053065 -0.8739401 2.530501 0.2101571 -0.8686638 2.534738 -0.1522283 -0.9313136 2.491786 0.2632901 -0.9404247 2.496938
0.06600741 0.6381927 2.345888 0.0631349 0.4433587 2.365088 -0.08643185 0.3249246 2.304106 0.2435434 0.3607567 2.358764 -0.08804337 0.1612381 2.176602 0.3545527 0.1996976 2.19093 0.109618 0.2498281 2.091 0.1462651 0.2374251 2.092595 0.1001025 0.3259065 2.037378 0.07677615 0.25151 2.091428 0.06549063 0.08202468 2.37409 0.07466919 0.01695724 2.323052 0.006834985 -0.05676887 2.303181 0.1464804 -0.0536024 2.324109 -0.06252076 -0.5247782 2.449031 0.1920569 -0.5147914 2.452578 -0.105628 -0.8755122 2.531295 0.2098232 -0.8685284 2.534401 -0.1525165 -0.9323039 2.491857 0.2633052 -0.9404695 2.49684
0.06667744 0.6382806 2.34594 0.06316584 0.4434339 2.365112 -0.08603604 0.3242266 2.302562 0.2432438 0.3582562 2.354396 -0.08761077 0.1603111 2.175443 0.3338895 0.2119594 2.194644 0.1662217 0.2098572 2.126228 0.1419086 0.2257182 2.107619 0.1623068 0.2870288 2.071803 0.07481997 0.2468001 2.098514 0.06638146 0.08678329 2.374365 0.0752859 0.02378253 2.323387 0.008403981 -0.04956551 2.30513 0.146415 -0.04851592 2.322845 -0.06248258 -0.524152 2.448548 0.1923381 -0.514797 2.452739 -0.1055919 -0.8744787 2.530707 0.2098635 -0.8689648 2.534853 -0.15286 -0.9322492 2.492143 0.2623232 -0.9396071 2.498184
0.06766508 0.6385151 2.345527 0.06343495 0.4433669 2.365124 -0.08617754 0.3237547 2.30161 0.2415885 0.3527531 2.346146 -0.08695336 0.1599369 2.174346 0.3309333 0.213725 2.194415 0.1563066 0.2140868 2.129447 0.1493404 0.2058327 2.116621 0.1467911 0.2901653 2.075825 0.08250901 0.2277729 2.107668 0.06758692 0.08868506 2.37455 0.07549105 0.0262231 2.323484 0.008951493 -0.04701617 2.306348 0.1461075 -0.04595219 2.321684 -0.06250091 -0.5241666 2.448508 0.1922987 -0.5147244 2.452723 -0.1055846 -0.8745254 2.530714 0.2096728 -0.8688089 2.534603 -0.1528098 -0.9320366 2.491972 0.2621387 -0.9394953 2.498251
0.06785506 0.6386106 2.345585 0.06370896 0.443385 2.365127 -0.08591982 0.3234617 2.301203 0.2409955 0.3502941 2.342202 -0.08676695 0.1595168 2.174169 0.3274415 0.2141916 2.194841 0.1314328 0.2143533 2.134342 0.09705637 0.2002381 2.142888 0.1219173 0.2904317 2.08072 0.03022671 0.2221777 2.133935 0.06824248 0.08973236 2.37471 0.07562782 0.02737834 2.323621 0.009391671 -0.04559633 2.307123 0.145871 -0.04465462 2.321273 -0.06173036 -0.5243967 2.449399 0.1922224 -0.5150483 2.45304 -0.1059021 -0.8745891 2.530674 0.2099833 -0.868899 2.534426 -0.1530637 -0.932128 2.491335 0.2619653 -0.9394037 2.498432
0.06810774 0.6386689 2.34556 0.06377931 0.4433956 2.365162 -0.08592267 0.3234513 2.301174 0.2408351 0.3492044 2.340891 -0.08680265 0.1594138 2.174314 0.3265435 0.2139739 2.19487 0.1311329 0.2144198 2.134634 0.1438593 0.1942458 2.123 0.1216174 0.2904982 2.081012 0.07703163 0.2161848 2.114048 0.06843901 0.09073555 2.37469 0.07561082 0.02856117 2.323553 0.009478456 -0.04423194 2.30741 0.1457006 -0.04374442 2.320745 -0.06181628 -0.5244257 2.449402 0.1924554 -0.5150878 2.453202 -0.1057333 -0.8746046 2.530624 0.2101436 -0.8690172 2.534858 -0.1525386 -0.9322264 2.490579 0.2618006 -0.9393793 2.500299
0.06859258 0.6388907 2.345763 0.064029 0.4432536 2.365273 -0.08536948 0.3223127 2.299997 0.2407317 0.3484017 2.339483 -0.0866335 0.1578327 2.173883 0.3260683 0.2140905 2.194978 0.1311257 0.2144322 2.134601 0.1436191 0.1953479 2.122114 0.1216102 0.2905107 2.080979 0.07679328 0.2172862 2.113162 0.0685193 0.09104337 2.374703 0.07561869 0.02894225 2.323545 0.009529415 -0.04380675 2.307642 0.1455573 -0.04318295 2.320333 -0.06168622 -0.5249825 2.449892 0.1918916 -0.5151872 2.453368 -0.105948 -0.8749225 2.530195 0.2104351 -0.8693466 2.534773 -0.1523661 -0.9322239 2.490907 0.2618807 -0.9395611 2.500005
0.06861144 0.6389834 2.345809 0.06412697 0.4432241 2.365249 -0.08554507 0.3222732 2.299963 0.2406777 0.3477603 2.337601 -0.08642162 0.1574559 2.174423 0.3250166 0.2139561 2.194706 0.1273692 0.214531 2.132845 0.1427512 0.2003864 2.119967 0.1178537 0.2906094 2.079223 0.07592724 0.2223241 2.111014 0.0687617 0.09164616 2.374753 0.07555472 0.02964939 2.32359 0.009426896 -0.04311973 2.308349 0.1454274 -0.04254222 2.319734 -0.06176648 -0.525005 2.44985 0.1918998 -0.5152977 2.453568 -0.1059425 -0.8751811 2.530638 0.2109198 -0.8693285 2.534472 -0.1524054 -0.9323474 2.491473 0.2624475 -0.9398839 2.499507
0.06876256 0.6390914 2.345908 0.06410648 0.4433068 2.36521 -0.08572895 0.3223131 2.299921 0.2412408 0.3488649 2.338184 -0.08610547 0.1564599 2.176125 0.3248191 0.2140192 2.194342 0.1677332 0.2056795 2.127298 0.1293487 0.2213592 2.116196 0.1683478 0.2837222 2.07224 0.06252669 0.2432963 2.107244 0.06868169 0.09278756 2.374827 0.07554466 0.03091006 2.323723 0.009397829 -0.04239548 2.308629 0.1455083 -0.04187916 2.319645 -0.06170617 -0.5252113 2.449921 0.1918963 -0.5152743 2.453625 -0.1059538 -0.8751865 2.53064 0.2111219 -0.8695211 2.53467 -0.1522898 -0.9323084 2.491326 0.2626355 -0.9400139 2.499459
0.06878877 0.639096 2.345918 0.06442736 0.4432105 2.365251 -0.08604521 0.3226824 2.300131 0.2415693 0.3496631 2.338851 -0.08696877 0.156813 2.176391 0.3245478 0.2140707 2.193871 0.1672106 0.2106111 2.138232 0.1206061 0.2287687 2.10951 0.2524191 0.3067383 2.075171 0.05378592 0.2507052 2.100559 0.06883564 0.09145003 2.374859 0.07568918 0.02878514 2.323748 0.00828626 -0.04655902 2.307195 0.1465676 -0.0446305 2.320822 -0.06164066 -0.5252339 2.449891 0.1918897 -0.5152767 2.453629 -0.1059138 -0.8752016 2.530339 0.211252 -0.8694814 2.534701 -0.1522969 -0.9323007 2.49133 0.262793 -0.939929 2.49897
0.06833678 0.6392789 2.346177 0.06460045 0.4433295 2.365182 -0.08637133 0.3241907 2.302123 0.2420459 0.3540357 2.342329 -0.08759123 0.1577069 2.179449 0.3255573 0.2141121 2.193371 0.1660694 0.2117778 2.137169 0.1439059 0.2374595 2.099776 0.2502249 0.3078234 2.072671 0.06191462 0.2731817 2.0798 0.06881585 0.09087867 2.374866 0.07581624 0.02779059 2.323804 0.008036183 -0.04800323 2.306942 0.1470517 -0.04560729 2.321293 -0.06164274 -0.525233 2.449897 0.1918905 -0.515233 2.453615 -0.1049504 -0.8768911 2.533892 0.2111457 -0.8694431 2.534701 -0.1532406 -0.9325322 2.494071 0.2630455 -0.9400415 2.498714
0.06830247 0.6392873 2.346312 0.06456753 0.4434199 2.365248 -0.08652371 0.3244247 2.302683 0.2422559 0.3597309 2.346233 -0.08860579 0.1578208 2.180248 0.327911 0.2145588 2.192404 0.163963 0.2130482 2.131548 0.1586393 0.25099 2.080924 0.2473634 0.309444 2.06473 0.06076071 0.3026474 2.047602 0.06853823 0.09030081 2.374888 0.07596696 0.0268735 2.323854 0.007967519 -0.04917084 2.30699 0.1475818 -0.04643355 2.321344 -0.06144447 -0.5252352 2.450025 0.1919566 -0.5151839 2.453689 -0.1052305 -0.8775675 2.533024 0.2112867 -0.8694748 2.534596 -0.151262 -0.9317619 2.49139 0.2623958 -0.9396376 2.498929
0.06772853 0.6396196 2.346902 0.06431851 0.4439005 2.365678 -0.08814793 0.3248809 2.303301 0.2416004 0.3593285 2.346859 -0.08868304 0.15837 2.180701 0.3308617 0.2096507 2.187868 0.1609692 0.2169579 2.11926 0.1796276 0.2683142 2.060055 0.2396473 0.3137334 2.048465 0.1001127 0.3125898 2.029717 0.06838598 0.08954576 2.375038 0.07580289 0.02567131 2.323962 0.007415506 -0.05055083 2.307046 0.1478728 -0.04764993 2.321416 -0.06155432 -0.5249488 2.449816 0.1919342 -0.5152735 2.453746 -0.1048055 -0.8768266 2.532164 0.2112448 -0.8695862 2.534336 -0.1510586 -0.9318265 2.491386 0.2623603 -0.9396569 2.499055
0.06189294 0.6401325 2.348745 0.06221194 0.4496863 2.360709 -0.08895937 0.3254853 2.3038 0.2421341 0.3557294 2.351256 -0.08917105 0.1592923 2.180674 0.3196002 0.2089836 2.182316 0.145077 0.240714 2.086517 0.1953056 0.293112 2.035612 0.2293507 0.3493925 2.000334 0.1373307 0.3406959 1.998929 0.06748155 0.09007415 2.374622 0.0756366 0.0254229 2.323745 0.006970807 -0.05097792 2.30694 0.1480147 -0.04801372 2.321401 -0.06158014 -0.5250912 2.449884 0.1919356 -0.5152541 2.453782 -0.1047174 -0.87668 2.53215 0.2112549 -0.8695863 2.534312 -0.1512586 -0.9315867 2.492229 0.2624069 -0.9396303 2.499
