0.1628687 0.6061507 2.256366 0.1165577 0.4363745 2.297055 0.07161126 0.2990112 2.192259 0.2695076 0.3069023 2.482806 0.08288772 0.1010242 2.091552 0.3148325 0.1717009 2.589802 0.2604396 0.1233597 2.155679 0.4390953 0.1343561 2.431091 0.3169628 0.1436093 2.18379 0.4161685 0.1407863 2.459892 0.156875 0.04791639 2.322787 0.1659309 -0.02922685 2.330552 0.123574 -0.06127325 2.301014 0.218622 -0.09213394 2.364785 0.07937954 -0.5161273 2.352833 0.221238 -0.5242592 2.597898 -0.01200255 -0.8847827 2.405286 0.1745729 -0.8461347 2.639964 0.044539 -0.9460736 2.382082 0.2265676 -0.895278 2.68454
0.1625076 0.6059092 2.255836 0.1163702 0.436036 2.296887 0.07119258 0.2989077 2.191965 0.26932 0.3065638 2.482638 0.08383151 0.1039755 2.09164 0.3149081 0.1713691 2.589549 0.2593586 0.1383303 2.15598 0.4367669 0.1144577 2.43521 0.3116308 0.1666063 2.185361 0.4174677 0.1258179 2.461403 0.1572911 0.04878405 2.322797 0.1666412 -0.02786088 2.330615 0.1240017 -0.06065885 2.301349 0.2201348 -0.08937132 2.364303 0.07940643 -0.515728 2.352752 0.2215061 -0.524641 2.598336 -0.01199924 -0.8850319 2.405734 0.1751377 -0.8458278 2.639431 0.04411191 -0.9458551 2.382016 0.2257397 -0.8950401 2.680097
0.1622786 0.6057727 2.255664 0.1161781 0.4358737 2.296843 0.07060596 0.2988211 2.191447 0.269128 0.3064016 2.482594 0.08398639 0.1086711 2.090739 0.3481054 0.1254999 2.543466 0.2581476 0.1485563 2.15551 0.4875011 0.09375869 2.397716 0.3084754 0.1791121 2.185983 0.4190936 0.116506 2.46313 0.1570797 0.04980249 2.322295 0.1664185 -0.02649048 2.329918 0.1237167 -0.059808 2.300598 0.2200552 -0.08814471 2.363681 0.07945314 -0.5156068 2.352883 0.2216695 -0.5247503 2.598396 -0.01230442 -0.8854419 2.406015 0.175165 -0.8459138 2.639515 0.0449281 -0.9462528 2.382753 0.2258684 -0.8936993 2.678052
0.1621007 0.6057533 2.255525 0.1160634 0.4357049 2.296655 0.07027778 0.2987993 2.191211 0.2690132 0.3062328 2.482406 0.08299731 0.1112068 2.089797 0.348096 0.1255112 2.543457 0.2566598 0.1528369 2.154766 0.4860146 0.1123109 2.393099 0.283321 0.1774313 2.175395 0.4185009 0.1134628 2.464638 0.157261 0.05051019 2.322053 0.1666892 -0.02558599 2.329659 0.1238563 -0.05938369 2.300272 0.2205025 -0.08725069 2.363592 0.07963663 -0.5155047 2.352923 0.2220231 -0.5244177 2.597903 -0.01176931 -0.8845755 2.405435 0.1751639 -0.8458929 2.639471 0.04601346 -0.9469304 2.38425 0.2260969 -0.8934779 2.677694
0.1620121 0.6056405 2.25535 0.1161012 0.43545 2.296404 0.0702285 0.2987664 2.191054 0.269051 0.3059779 2.482155 0.08277608 0.11221 2.089417 0.3484128 0.1263841 2.542176 0.2565929 0.1527205 2.15463 0.4870453 0.1087025 2.393048 0.2832612 0.1775984 2.175227 0.4182114 0.1136754 2.463838 0.1572013 0.05082018 2.321822 0.1665875 -0.02520622 2.329413 0.1236911 -0.05908953 2.300034 0.2204246 -0.08691546 2.363338 0.07958881 -0.5153704 2.352832 0.2220039 -0.5244393 2.598032 -0.01161538 -0.8839896 2.404966 0.1752615 -0.8458107 2.638623 0.04628018 -0.9469297 2.384411 0.242213 -0.8947929 2.687941
0.1617504 0.6056611 2.255272 0.1158014 0.4353654 2.296179 0.0702456 0.2986696 2.190969 0.2687512 0.3058932 2.48193 0.08239979 0.1122213 2.08881 0.3480092 0.1273781 2.541187 0.256569 0.1511163 2.154057 0.481308 0.1314987 2.385782 0.285116 0.1733296 2.176003 0.4156767 0.1210225 2.461734 0.157209 0.05089523 2.321784 0.1666165 -0.02514788 2.329392 0.1237623 -0.05895603 2.300125 0.2204715 -0.086546 2.363067 0.07954183 -0.5153823 2.352794 0.2221561 -0.5236021 2.597542 -0.01190134 -0.8843498 2.405237 0.1753773 -0.8457798 2.638478 0.04589226 -0.9467167 2.384165 0.2343642 -0.8969338 2.684366
0.1617457 0.6056617 2.255267 0.1158113 0.4353409 2.296082 0.07029903 0.2986238 2.190974 0.2687612 0.3058688 2.481833 0.08244711 0.1120911 2.088538 0.3482043 0.1281071 2.540535 0.2617534 0.1308859 2.149484 0.4631393 0.1980617 2.386254 0.3182012 0.1502637 2.178348 0.4052397 0.1484267 2.459998 0.1571748 0.05067816 2.321686 0.1665489 -0.0255577 2.329279 0.1236813 -0.05920512 2.299997 0.2203343 -0.08723629 2.362964 0.07929632 -0.5159838 2.352662 0.2221906 -0.5236085 2.597403 -0.01212571 -0.8866207 2.405145 0.175351 -0.8457288 2.638463 0.04561139 -0.9475418 2.383235 0.2330448 -0.895261 2.68193
0.1617465 0.605662 2.255265 0.115786 0.4353165 2.295939 0.07037565 0.298605 2.19096 0.2687359 0.3058444 2.481691 0.0816076 0.1111976 2.087962 0.3482692 0.1286834 2.539956 0.262261 0.09412326 2.145996 0.4012834 0.2751322 2.4095 0.2787745 0.1038791 2.163131 0.3936818 0.1921475 2.452558 0.1571631 0.0505628 2.321557 0.166534 -0.02576105 2.329134 0.1237123 -0.05953849 2.299384 0.2202438 -0.08772801 2.363065 0.07914562 -0.5162765 2.352664 0.2219151 -0.5233266 2.596671 -0.0118229 -0.8879897 2.405018 0.1753314 -0.8454688 2.638048 0.04480357 -0.9482569 2.382664 0.2327391 -0.8961361 2.682253
0.1618378 0.6058981 2.25562 0.1157496 0.435443 2.296082 0.07035724 0.2985926 2.190923 0.2686995 0.3059709 2.481833 0.08154149 0.1085853 2.087356 0.3483078 0.1295063 2.540062 0.2886804 0.06262375 2.174385 0.2418419 0.2860284 2.573422 0.3485039 0.07209519 2.201338 0.2063533 0.3382025 2.588947 0.157143 0.05007255 2.32147 0.1665083 -0.02671774 2.328934 0.1236912 -0.0598114 2.299557 0.2200751 -0.08917735 2.361914 0.07916687 -0.5162798 2.35259 0.2219499 -0.5233459 2.59651 -0.01180181 -0.8880867 2.404876 0.1755534 -0.8454767 2.638046 0.0472024 -0.949273 2.383903 0.2408182 -0.896496 2.687561
0.1618969 0.6060002 2.255853 0.1155791 0.4357288 2.296264 0.07041322 0.2986017 2.190949 0.268529 0.3062566 2.482015 0.08122594 0.1055453 2.086548 0.3481456 0.1304861 2.540156 0.2472445 0.02891357 2.140925 0.2440577 0.2887742 2.572917 0.3224983 0.01898615 2.188708 0.2093617 0.3415369 2.588242 0.1568835 0.04873918 2.321352 0.1661775 -0.02897865 2.328691 0.123564 -0.06047792 2.300107 0.2192433 -0.09194001 2.360107 0.07935503 -0.5167323 2.352407 0.2219467 -0.5233876 2.596469 -0.01179613 -0.8881487 2.404981 0.1752111 -0.8455581 2.637762 0.04769697 -0.9492016 2.383748 0.233255 -0.8938704 2.680507
0.1619886 0.60603 2.256119 0.1155642 0.4357819 2.296262 0.07050044 0.2986822 2.191049 0.2685141 0.3063098 2.482013 0.07991756 0.1042101 2.086441 0.3481793 0.1309222 2.540023 0.2439134 0.02178664 2.138913 0.3288344 0.3103863 2.453179 0.3175384 -0.003127648 2.183674 0.3617107 0.2764349 2.430691 0.1568163 0.04692964 2.321068 0.1661028 -0.03153896 2.328334 0.1235003 -0.06147532 2.300709 0.2189419 -0.09504304 2.358348 0.07953878 -0.5171317 2.352412 0.2219171 -0.5244113 2.596596 -0.01193813 -0.8881824 2.404991 0.1753798 -0.8456043 2.637643 0.04721415 -0.9489223 2.383623 0.2392442 -0.8941163 2.69133
0.1621325 0.6063558 2.256636 0.1155563 0.436103 2.296341 0.07050103 0.2988649 2.191109 0.2685062 0.3066309 2.482092 0.07959362 0.09918069 2.087423 0.3482653 0.1317791 2.539992 0.2386867 0.007393144 2.139533 0.3273052 0.3107336 2.452355 0.3111044 -0.01988871 2.184879 0.3443725 0.317631 2.415632 0.156443 0.04607102 2.320658 0.165569 -0.03277585 2.327749 0.1231397 -0.06191821 2.300547 0.2180475 -0.09711572 2.357239 0.0796053 -0.5171315 2.3524 0.2221937 -0.5235811 2.595964 -0.0115263 -0.8882048 2.404405 0.175327 -0.8456295 2.637679 0.04609069 -0.9491523 2.382671 0.2342208 -0.8986979 2.687676
0.1622246 0.6065205 2.256936 0.1156757 0.4362831 2.296392 0.07058592 0.2989231 2.191224 0.2686256 0.3068109 2.482144 0.07865356 0.09694808 2.087786 0.3485274 0.1322868 2.539957 0.2354911 -0.0002414286 2.137491 0.3235236 0.3108496 2.45263 0.3093823 -0.02742473 2.180458 0.3388976 0.3271542 2.411686 0.1559663 0.04497563 2.320219 0.1648512 -0.03423905 2.32716 0.1225348 -0.06259562 2.300578 0.2169255 -0.09914504 2.355811 0.07976544 -0.5171629 2.352683 0.222555 -0.5234477 2.597619 -0.01127225 -0.8882064 2.404272 0.1753756 -0.8456103 2.637702 0.04623877 -0.9492936 2.382749 0.2307989 -0.8964064 2.683945
0.1622036 0.6069052 2.257432 0.1157033 0.4365573 2.296586 0.07058842 0.2989749 2.191256 0.2686532 0.3070851 2.482337 0.07798747 0.09486267 2.088517 0.3486178 0.1328229 2.5401 0.2355589 -0.001842342 2.137124 0.3227754 0.3098381 2.449425 0.3098923 -0.02813773 2.179881 0.3375949 0.3275441 2.412351 0.1557419 0.04468646 2.320137 0.1645627 -0.03459331 2.327038 0.1222059 -0.06288035 2.300385 0.2165429 -0.09968289 2.355826 0.07975984 -0.5173397 2.352586 0.2226863 -0.523528 2.59786 -0.01139141 -0.8881879 2.404358 0.1756887 -0.8456103 2.638009 0.04839687 -0.9496302 2.384344 0.2255781 -0.908037 2.668177
0.162268 0.6071779 2.258167 0.1157692 0.436787 2.29713 0.07069423 0.2992146 2.191333 0.2687191 0.3073149 2.482881 0.07822791 0.09204999 2.089887 0.3487337 0.1332133 2.540542 0.2373969 -0.002512075 2.137711 0.3217643 0.3106298 2.451181 0.3116813 -0.02872964 2.1806 0.3365792 0.32622 2.414141 0.1559041 0.04418972 2.3206 0.1647829 -0.03515537 2.327546 0.1224207 -0.06320675 2.300737 0.2167832 -0.1005269 2.356729 0.07982667 -0.5177295 2.352576 0.2233947 -0.5245715 2.599211 -0.01139658 -0.8881931 2.404359 0.1758796 -0.8454608 2.637465 0.04708378 -0.9489829 2.383027 0.2274998 -0.9053187 2.678219
0.1620582 0.6074702 2.258255 0.1155243 0.4370925 2.297011 0.07068748 0.2992331 2.191337 0.2684743 0.3076203 2.482763 0.07793016 0.09182816 2.089999 0.3484738 0.1337401 2.540298 0.2390116 0.001211666 2.138782 0.3195138 0.3121178 2.453975 0.3139035 -0.02021937 2.183244 0.3399438 0.3118329 2.418175 0.1558415 0.04407957 2.320642 0.1647414 -0.03528884 2.327634 0.1224087 -0.06334019 2.300834 0.2167168 -0.1005989 2.356913 0.07983942 -0.5176945 2.3526 0.2236211 -0.5240882 2.599294 -0.0115609 -0.8880351 2.404281 0.1760897 -0.8452863 2.637014 0.04609691 -0.9480667 2.381856 0.2276011 -0.9048204 2.68037
0.1620731 0.6074584 2.258265 0.1155351 0.4371213 2.297003 0.07071996 0.2993329 2.191621 0.2684851 0.3076491 2.482755 0.07797308 0.09173255 2.090041 0.3485177 0.1338549 2.540243 0.2448625 0.01451251 2.141535 0.3261426 0.3116933 2.45038 0.321493 0.007685458 2.187644 0.3558973 0.2732026 2.429982 0.1556723 0.04349576 2.320776 0.1645307 -0.03598809 2.32785 0.1220016 -0.0642132 2.301612 0.2165966 -0.1008959 2.356897 0.0798955 -0.5177116 2.352627 0.2211775 -0.5367339 2.600545 -0.0116463 -0.8880849 2.40446 0.1759815 -0.8454604 2.637396 0.04561279 -0.9477987 2.381727 0.2386808 -0.8960003 2.690586
0.1619129 0.6074895 2.258392 0.1155038 0.4370948 2.297023 0.07069688 0.2993278 2.191667 0.2684537 0.3076226 2.482774 0.08396634 0.08234829 2.091053 0.3485091 0.1338564 2.540242 0.2605577 0.04221372 2.149996 0.3389478 0.3125659 2.44974 0.3376749 0.04378711 2.195771 0.3652703 0.2550685 2.43653 0.1555803 0.04343614 2.320962 0.1644371 -0.03599397 2.328107 0.1218475 -0.06423411 2.302129 0.2165185 -0.1008051 2.357121 0.08059248 -0.5166315 2.352469 0.2213287 -0.5350803 2.600638 -0.01178271 -0.8861551 2.403664 0.1759804 -0.8454627 2.637406 0.04431604 -0.9465299 2.380908 0.2364347 -0.8996059 2.689641
0.1615269 0.6075857 2.258619 0.1152086 0.4372068 2.297575 0.07073487 0.2993067 2.191743 0.2681586 0.3077346 2.483326 0.08415918 0.08831546 2.091163 0.3482756 0.1340582 2.54068 0.2629136 0.07230102 2.154056 0.3467333 0.3136235 2.451599 0.319575 0.07408876 2.188426 0.3869379 0.210121 2.45581 0.1556071 0.04385111 2.32141 0.1645712 -0.03532345 2.328641 0.1219466 -0.06411412 2.302246 0.2168124 -0.0989106 2.358559 0.08053216 -0.5166741 2.352658 0.2212169 -0.5338795 2.599804 -0.01179352 -0.8881366 2.404288 0.1764994 -0.8455224 2.638054 0.04547719 -0.9485348 2.382016 0.2350054 -0.9005595 2.689827
0.1613036 0.607607 2.258571 0.1150486 0.4371988 2.297605 0.07071739 0.2992799 2.191723 0.2679985 0.3077267 2.483356 0.08436961 0.09353465 2.091201 0.3481452 0.1340961 2.540679 0.2627968 0.08726374 2.156256 0.4503089 0.219715 2.38522 0.3178573 0.1111009 2.184455 0.3979912 0.1815328 2.457267 0.1554418 0.04425701 2.321687 0.1644134 -0.03463284 2.329053 0.1218113 -0.06380219 2.302661 0.2166679 -0.09734049 2.359095 0.08005556 -0.5187045 2.354331 0.2225682 -0.5296248 2.600219 -0.01154473 -0.8891227 2.404248 0.1760901 -0.8450465 2.637391 0.04728177 -0.9507352 2.383236 0.2336994 -0.8982599 2.686028
0.1612711 0.6076005 2.258583 0.115 0.4371531 2.29759 0.07060914 0.2991467 2.191651 0.2679499 0.3076809 2.483341 0.08518913 0.09698843 2.091424 0.3481149 0.1340841 2.540652 0.2630462 0.1186628 2.155013 0.4628263 0.1815552 2.37714 0.3220697 0.1347659 2.180546 0.4095216 0.144754 2.45847 0.1552171 0.04874447 2.32198 0.1642302 -0.02771479 2.329511 0.1220272 -0.06038076 2.301597 0.2164456 -0.09015255 2.361879 0.08021299 -0.5181232 2.354246 0.2227373 -0.5288243 2.600122 -0.0116702 -0.8876223 2.404256 0.1763186 -0.8450701 2.637201 0.04576951 -0.9491612 2.383357 0.2304538 -0.8971144 2.68501
0.1611608 0.6076081 2.258516 0.1148694 0.4371418 2.297442 0.07059024 0.2991138 2.191616 0.2678193 0.3076696 2.483193 0.08511854 0.100266 2.091228 0.3479891 0.1341259 2.540455 0.2620496 0.1307995 2.153938 0.4811106 0.1264543 2.38504 0.3172585 0.153949 2.182419 0.4128288 0.134184 2.459745 0.1553637 0.04917813 2.322092 0.1644659 -0.02727748 2.329689 0.1222465 -0.05996693 2.301898 0.2169532 -0.08909193 2.361991 0.08135152 -0.5179588 2.356857 0.2232929 -0.5277848 2.602105 -0.01175269 -0.8876507 2.404433 0.1752825 -0.8456917 2.63914 0.04700073 -0.9491184 2.383865 0.2264561 -0.8933188 2.677605
0.1611223 0.6075967 2.258536 0.1148549 0.437121 2.297451 0.07042766 0.2991182 2.191465 0.2678049 0.3076488 2.483202 0.08472218 0.1039518 2.090976 0.3479859 0.1341245 2.540454 0.2614489 0.1380447 2.152639 0.4844838 0.1006968 2.39214 0.3154314 0.1645112 2.180576 0.4158909 0.120599 2.459026 0.1552197 0.05154273 2.322314 0.1643114 -0.02431965 2.329935 0.1220995 -0.05821796 2.301381 0.2169589 -0.08629152 2.363094 0.08135864 -0.5176486 2.356648 0.2227806 -0.5274125 2.600466 -0.01188297 -0.8872914 2.404547 0.175045 -0.8455094 2.639083 0.04614395 -0.9483324 2.383802 0.2263395 -0.893597 2.67778
0.1610099 0.6075711 2.258576 0.1147744 0.437117 2.297554 0.07032189 0.2991198 2.191385 0.2677243 0.3076449 2.483305 0.08499982 0.1082046 2.090394 0.3499169 0.127437 2.539767 0.2616887 0.1423395 2.152126 0.4879879 0.1062349 2.390583 0.3140238 0.1720765 2.179908 0.416692 0.1162232 2.460813 0.1552749 0.05136869 2.322463 0.1644379 -0.0247274 2.330137 0.1219977 -0.0587155 2.301713 0.2172518 -0.08643142 2.363129 0.08227907 -0.5182914 2.359149 0.2221346 -0.5280201 2.600405 -0.01203055 -0.8873786 2.404644 0.1750149 -0.8456767 2.639063 0.04574086 -0.9481288 2.383727 0.2249984 -0.8951682 2.681485
0.1609803 0.6076075 2.258597 0.1147215 0.4371544 2.297504 0.07010688 0.299227 2.191277 0.2676714 0.3076822 2.483255 0.08471914 0.1099767 2.09059 0.3517476 0.1260778 2.538673 0.261805 0.1426801 2.152022 0.490933 0.1065772 2.390373 0.3142927 0.1719802 2.17998 0.4165705 0.1150649 2.461436 0.1552648 0.05140439 2.322464 0.1644358 -0.02472336 2.330138 0.1219236 -0.05866099 2.30187 0.2173004 -0.08628499 2.36294 0.081586 -0.51764 2.357968 0.2220491 -0.5280585 2.60045 -0.01202911 -0.8857058 2.404172 0.1757163 -0.8416228 2.635605 0.04641236 -0.9478294 2.384494 0.2302738 -0.8899065 2.676142
0.1609418 0.6075717 2.258783 0.1147419 0.4371089 2.297675 0.07007475 0.299289 2.191269 0.2676918 0.3076368 2.483426 0.0846985 0.1101053 2.090602 0.3533503 0.1247939 2.538727 0.2620294 0.1419965 2.151801 0.4886948 0.1110739 2.385891 0.3177761 0.1649571 2.179373 0.4151539 0.1169494 2.463343 0.1552581 0.05139949 2.322499 0.1644251 -0.02475053 2.33016 0.1218698 -0.0587214 2.301751 0.2173137 -0.08649225 2.363177 0.08139574 -0.5179455 2.357827 0.2219966 -0.5272925 2.600177 -0.01236356 -0.8865247 2.405373 0.1758725 -0.8425117 2.636553 0.04600671 -0.9476531 2.384141 0.2407361 -0.8937048 2.686423
0.1608899 0.607731 2.258885 0.114637 0.4372894 2.297698 0.06998751 0.2993894 2.191222 0.2675869 0.3078173 2.483448 0.08467748 0.1101064 2.090563 0.3537954 0.124636 2.53851 0.2634675 0.1319491 2.151898 0.4825028 0.1402088 2.37972 0.3229041 0.1407266 2.179922 0.4123212 0.1284611 2.462141 0.154625 0.05339527 2.322459 0.1636876 -0.02254041 2.330059 0.1214193 -0.0568669 2.300441 0.2164489 -0.08511328 2.364067 0.08126493 -0.5178525 2.357418 0.2219712 -0.5270669 2.60002 -0.01271275 -0.8867093 2.405978 0.1759366 -0.8431967 2.637871 0.04559778 -0.9473085 2.383853 0.2393338 -0.8929299 2.690998
0.1609091 0.607826 2.259105 0.1144714 0.437621 2.298342 0.06994586 0.2993993 2.191234 0.2674212 0.3081489 2.484093 0.08433418 0.1095855 2.09013 0.3542231 0.124502 2.53883 0.2635727 0.103936 2.153349 0.4295352 0.2387524 2.386781 0.3221174 0.1135884 2.18292 0.4028773 0.1565054 2.460365 0.1542387 0.05303478 2.322437 0.1630822 -0.02332423 2.329856 0.1209104 -0.05711102 2.300442 0.2155503 -0.0862069 2.363201 0.08083716 -0.5179013 2.357104 0.2216529 -0.5256349 2.599607 -0.01259617 -0.8874299 2.406016 0.1759864 -0.8432017 2.637642 0.04492369 -0.9483097 2.383488 0.2366333 -0.897029 2.689985
0.1608644 0.607981 2.259426 0.1144433 0.4378206 2.298523 0.06990345 0.2994597 2.191246 0.2673931 0.3083485 2.484274 0.08435508 0.1081942 2.090046 0.3546302 0.1244274 2.53888 0.2611368 0.07512203 2.152029 0.4251776 0.2314471 2.378799 0.3365782 0.06403613 2.19926 0.3916526 0.1843968 2.461477 0.1538712 0.05174796 2.322502 0.162552 -0.02557106 2.329838 0.1203584 -0.05836127 2.30048 0.2149302 -0.08906002 2.362917 0.07955615 -0.5193964 2.35645 0.2216533 -0.5261902 2.60008 -0.01258769 -0.888002 2.405812 0.1760637 -0.8433189 2.637702 0.0467623 -0.9504374 2.384205 0.1927657 -0.9116365 2.625754
0.1609156 0.608047 2.259642 0.1143541 0.4380889 2.298956 0.06989338 0.2996624 2.191456 0.267304 0.3086168 2.484707 0.08345398 0.1051063 2.089952 0.3549372 0.1243739 2.539095 0.2571548 0.05518126 2.149782 0.3304258 0.3090406 2.468458 0.3321694 0.04506642 2.197903 0.3758385 0.2172967 2.46278 0.1536993 0.05088206 2.322583 0.1623664 -0.02691104 2.329816 0.1202243 -0.05896955 2.300529 0.2146159 -0.09062423 2.36261 0.07922477 -0.5196255 2.356054 0.2216646 -0.5261851 2.600075 -0.01271574 -0.8894841 2.406161 0.176062 -0.844209 2.639638 0.04563141 -0.9509351 2.384166 0.217905 -0.9056305 2.701216
0.1611896 0.6081047 2.260238 0.1145381 0.4385725 2.300424 0.06984381 0.2997898 2.191839 0.2674879 0.3091003 2.486176 0.08212131 0.1032275 2.089925 0.3557898 0.1243411 2.540236 0.2501914 0.03520438 2.148302 0.3248871 0.3063774 2.46451 0.3193837 -0.0008225888 2.192569 0.3661472 0.2496632 2.440567 0.1535878 0.04973779 2.323049 0.162219 -0.02851277 2.330164 0.119948 -0.0597925 2.301168 0.2144568 -0.09255404 2.362249 0.07922651 -0.5196891 2.35609 0.2203292 -0.527945 2.599989 -0.01272242 -0.8894014 2.40611 0.1761312 -0.8448278 2.640002 0.0459294 -0.9509853 2.384608 0.2212904 -0.8967352 2.68186
0.1612088 0.6082174 2.260694 0.1144833 0.4388115 2.300825 0.06973084 0.3000184 2.192283 0.2674332 0.3093393 2.486576 0.07955097 0.09936981 2.090102 0.3560124 0.1243451 2.540468 0.2444057 0.02278834 2.147301 0.3241335 0.303495 2.457334 0.3145617 -0.009624228 2.192829 0.3568772 0.2643113 2.432818 0.1537696 0.04843815 2.32341 0.162539 -0.03032897 2.330499 0.1201382 -0.06081123 2.301805 0.2148232 -0.09455985 2.362053 0.07874067 -0.5200524 2.355559 0.220529 -0.5268438 2.599609 -0.01273118 -0.8902289 2.406147 0.1755469 -0.8447486 2.639978 0.04712486 -0.9521654 2.385575 0.2232663 -0.8945491 2.679848
0.1624268 0.6079991 2.261736 0.114304 0.4393369 2.302013 0.069701 0.3004251 2.192819 0.2672539 0.3098648 2.487764 0.07841966 0.09840862 2.090441 0.3562724 0.1244864 2.541301 0.2383134 0.01161219 2.147227 0.3254414 0.300564 2.450332 0.3039984 -0.02848899 2.193299 0.3429428 0.2979995 2.419824 0.1536116 0.04699702 2.324127 0.1623981 -0.03223819 2.33116 0.1200902 -0.06162209 2.302441 0.2144462 -0.09724512 2.362444 0.07850005 -0.5200951 2.355309 0.2206766 -0.5277935 2.600932 -0.01269664 -0.8902338 2.406145 0.1756605 -0.8446561 2.639806 0.0478421 -0.9522977 2.386017 0.2401386 -0.8953993 2.69063
0.1630704 0.607837 2.262308 0.1143743 0.4395541 2.302556 0.06964643 0.3010046 2.19361 0.2673241 0.310082 2.488307 0.0775717 0.09786407 2.090921 0.3566256 0.1245083 2.541764 0.2359856 0.008239105 2.147506 0.3222738 0.3000385 2.451034 0.3030629 -0.02926791 2.193758 0.3331205 0.3185315 2.40847 0.1535772 0.04690967 2.324227 0.1623636 -0.03230392 2.331211 0.1200669 -0.06165879 2.302421 0.2143321 -0.09759437 2.362728 0.07845499 -0.5198275 2.354927 0.2203877 -0.5287298 2.600532 -0.01269588 -0.8885702 2.40589 0.1757258 -0.8448041 2.639762 0.04810698 -0.9516474 2.386101 0.2367365 -0.898007 2.690888
0.1633903 0.6079137 2.26287 0.1142001 0.4398639 2.302969 0.06959581 0.3013448 2.194014 0.26715 0.3103917 2.48872 0.07668992 0.09704483 2.091382 0.3566746 0.124608 2.542007 0.235356 0.007424138 2.147397 0.3204678 0.2997322 2.451204 0.3027405 -0.02935266 2.193789 0.331437 0.3227822 2.406365 0.1534609 0.04661087 2.324387 0.162255 -0.03266508 2.331332 0.1199841 -0.06184428 2.302639 0.2141947 -0.09790511 2.362699 0.07850374 -0.5192971 2.354265 0.2190637 -0.5318232 2.60045 -0.01271624 -0.8886189 2.405978 0.1753883 -0.8450819 2.640926 0.04606522 -0.9503602 2.385481 0.2323429 -0.8969731 2.688313
0.1635929 0.6077552 2.263159 0.114138 0.4398643 2.303171 0.06969924 0.3014791 2.19429 0.2670879 0.3103921 2.488922 0.07495833 0.09727979 2.090846 0.3567492 0.1245191 2.542177 0.2339803 0.0083308 2.14691 0.3190345 0.299244 2.451193 0.3019496 -0.02530439 2.19481 0.3278582 0.3241092 2.405025 0.1533383 0.04627437 2.324469 0.1621334 -0.03300664 2.331367 0.1198873 -0.06198569 2.302738 0.214049 -0.0981991 2.362614 0.07835407 -0.5193996 2.354031 0.2193059 -0.5302284 2.600295 -0.01289385 -0.8886643 2.406188 0.1754343 -0.8449477 2.640149 0.04661892 -0.9501264 2.385329 0.2384256 -0.8933019 2.695008
0.1637156 0.6078019 2.263337 0.1140917 0.4399 2.303215 0.06966681 0.301572 2.194465 0.2670416 0.3104278 2.488966 0.07515454 0.09694263 2.091099 0.3567661 0.124511 2.542193 0.2363344 0.01336239 2.14884 0.3170268 0.3001946 2.454444 0.30587 -0.0139097 2.198505 0.3280372 0.3231319 2.404876 0.1532876 0.04616776 2.324493 0.1620906 -0.03310737 2.331379 0.1198458 -0.06209023 2.302758 0.214003 -0.09827162 2.362625 0.07848644 -0.5192555 2.354196 0.2195305 -0.5300589 2.600597 -0.01257969 -0.8876064 2.405896 0.1753951 -0.844993 2.640055 0.04694307 -0.9497406 2.385072 0.2290738 -0.8894645 2.679309
0.1637581 0.6077548 2.263409 0.1140336 0.4399185 2.303266 0.06957658 0.3015795 2.194492 0.2669835 0.3104464 2.489017 0.07556449 0.09657541 2.091295 0.3567779 0.1244906 2.542215 0.2426919 0.02920733 2.152439 0.3166811 0.3017738 2.458558 0.2764268 0.05140963 2.175825 0.3367339 0.2965088 2.42115 0.1532242 0.04622434 2.324542 0.1620191 -0.03299892 2.331429 0.1198068 -0.06207346 2.302759 0.2139118 -0.0981084 2.362778 0.07894389 -0.5187842 2.354883 0.2203511 -0.5347045 2.60504 -0.01226207 -0.8866524 2.405495 0.1752435 -0.8453939 2.640527 0.04711132 -0.9495416 2.385041 0.2278591 -0.8899276 2.678792
0.1637373 0.6077458 2.263428 0.1139461 0.4399881 2.303395 0.06951737 0.3015595 2.194658 0.266896 0.310516 2.489146 0.07628585 0.09690209 2.091672 0.3567909 0.1244896 2.542283 0.2844156 0.06865748 2.191398 0.3273387 0.3015242 2.452973 0.3537923 0.05924261 2.229045 0.3550664 0.2744892 2.430536 0.1530371 0.04628091 2.324563 0.1617953 -0.03290024 2.331419 0.1195635 -0.06208834 2.302725 0.2136193 -0.09786758 2.362782 0.0787999 -0.518248 2.354242 0.2199186 -0.5336159 2.603734 -0.01239329 -0.8871854 2.405855 0.1752105 -0.8452395 2.640186 0.04650161 -0.9491325 2.38462 0.2270564 -0.8905238 2.678585
0.1636462 0.6076121 2.263411 0.11376 0.4397343 2.303272 0.0694204 0.3014294 2.194795 0.2667099 0.3102621 2.489023 0.07702845 0.09793485 2.091954 0.3567429 0.1240967 2.542116 0.2548814 0.1000768 2.158507 0.400239 0.2754033 2.413951 0.3141657 0.1007908 2.185096 0.3811311 0.2257252 2.455296 0.1530714 0.04638943 2.324583 0.1619122 -0.03257919 2.331477 0.1196036 -0.06209959 2.302687 0.2140256 -0.09682217 2.363304 0.07898369 -0.5178221 2.354037 0.2199728 -0.5335729 2.603687 -0.01183086 -0.8859987 2.405487 0.1751759 -0.8452139 2.640211 0.04678538 -0.9489539 2.384673 0.2297501 -0.8949715 2.682857
0.1635921 0.6074535 2.263326 0.1136751 0.4394644 2.303173 0.06935712 0.3016148 2.195028 0.266625 0.3099923 2.488925 0.07867458 0.101834 2.09285 0.356792 0.1236665 2.541968 0.2569167 0.1095992 2.158175 0.4177965 0.2682421 2.413102 0.3163308 0.1121876 2.184354 0.3985746 0.1965633 2.460488 0.1529183 0.04737746 2.324627 0.1617179 -0.03077618 2.331578 0.1194483 -0.06165491 2.302115 0.2139916 -0.09454936 2.364783 0.07915512 -0.5173965 2.35413 0.2202862 -0.5303888 2.600782 -0.01171185 -0.8850666 2.404981 0.1749795 -0.8449892 2.639608 0.04546256 -0.948099 2.384208 0.2292893 -0.8950039 2.682628
0.1620054 0.6077931 2.263196 0.113218 0.4394293 2.302832 0.0691781 0.3015124 2.194961 0.2661679 0.3099572 2.488583 0.07927705 0.1046055 2.09322 0.3565361 0.1235588 2.541656 0.2525487 0.1349971 2.163983 0.464856 0.2254407 2.402404 0.3103059 0.1451277 2.191975 0.4178537 0.1505314 2.467537 0.1532399 0.0507824 2.324702 0.1624784 -0.02589868 2.331846 0.1202963 -0.05906196 2.301538 0.2150649 -0.08856753 2.366395 0.07953515 -0.5172077 2.354578 0.2202133 -0.530666 2.601069 -0.0115533 -0.8844623 2.4043 0.1748618 -0.8452568 2.640252 0.04488005 -0.9475148 2.383792 0.2287007 -0.8951494 2.682621
0.1609996 0.608077 2.263245 0.1130903 0.4393951 2.302745 0.06890035 0.3015479 2.194963 0.2660402 0.309923 2.488496 0.08040249 0.1108905 2.093373 0.3564868 0.12349 2.541567 0.2525091 0.1462499 2.164584 0.5014416 0.1863678 2.41419 0.309878 0.1580364 2.192726 0.4210236 0.1309419 2.473977 0.1534657 0.05344877 2.32456 0.1628518 -0.0225018 2.331671 0.120639 -0.05740954 2.300419 0.2157533 -0.08531786 2.367374 0.07964875 -0.516328 2.35427 0.2201328 -0.5293393 2.599892 -0.01143118 -0.8844097 2.404283 0.1750648 -0.8448453 2.639576 0.04470095 -0.9472911 2.383769 0.2285982 -0.8949663 2.682906
0.1598004 0.6083996 2.263409 0.112314 0.4395363 2.302804 0.06778914 0.3017611 2.194573 0.2652639 0.3100642 2.488555 0.08067118 0.1149441 2.092986 0.3429621 0.1276112 2.563042 0.2499837 0.1595456 2.16546 0.4905653 0.114802 2.423148 0.3064212 0.1744128 2.194023 0.4284251 0.1047544 2.47385 0.1533331 0.05457528 2.324505 0.1628375 -0.02134031 2.331557 0.1206174 -0.05653719 2.300372 0.2159815 -0.08328346 2.366857 0.07966907 -0.5161444 2.354304 0.2201394 -0.5293083 2.599848 -0.01121717 -0.8837362 2.403724 0.1751099 -0.8446137 2.638917 0.04392815 -0.9463249 2.382366 0.2284621 -0.894928 2.682856
0.159441 0.6085324 2.263335 0.1122299 0.4393359 2.302769 0.0674143 0.301807 2.194555 0.2651798 0.3098638 2.488521 0.08076593 0.1167878 2.092805 0.3407398 0.1273766 2.56501 0.249613 0.1640676 2.164759 0.4903311 0.1065002 2.428568 0.3058954 0.1798275 2.193149 0.4277967 0.1033796 2.475109 0.1534458 0.05551264 2.32451 0.1629905 -0.02011208 2.331551 0.1206583 -0.05573062 2.30041 0.2163711 -0.08169677 2.366672 0.07941302 -0.5169583 2.354267 0.2204091 -0.5294509 2.600177 -0.01127524 -0.8856705 2.403988 0.1745172 -0.8457971 2.640942 0.04571697 -0.9490573 2.383291 0.2286382 -0.8957744 2.685495
0.1593815 0.6085197 2.263459 0.1122357 0.4391286 2.303001 0.06723054 0.3017251 2.194546 0.2651857 0.3096565 2.488753 0.08038808 0.1181607 2.092475 0.3405063 0.1273739 2.564837 0.2493951 0.1648632 2.164429 0.4890796 0.1057714 2.427295 0.3057308 0.1804307 2.192818 0.4261394 0.104568 2.473679 0.1535912 0.05625495 2.324688 0.1631426 -0.01921273 2.331681 0.1207075 -0.05530091 2.300178 0.2166772 -0.08099351 2.367115 0.07945933 -0.5169731 2.354185 0.2202274 -0.5279446 2.599446 -0.0113312 -0.885062 2.403695 0.1746119 -0.8457674 2.641003 0.04438072 -0.9477421 2.38299 0.2388255 -0.8970904 2.691583
0.1591196 0.6086084 2.263366 0.1119625 0.4391442 2.302821 0.06717801 0.3016653 2.194571 0.2649125 0.3096721 2.488573 0.08001123 0.1184482 2.092256 0.3422808 0.1269693 2.557071 0.2495695 0.1628227 2.164358 0.4888793 0.1246729 2.415399 0.3060889 0.1776141 2.192796 0.417583 0.1161559 2.473726 0.153563 0.05628247 2.324632 0.1631275 -0.0192174 2.331634 0.1206925 -0.05527993 2.300026 0.2166708 -0.0809947 2.367102 0.07919362 -0.5169779 2.353698 0.2201464 -0.5278717 2.599321 -0.01163539 -0.8852701 2.404154 0.1760239 -0.8422737 2.638692 0.04467879 -0.9477116 2.383092 0.2343886 -0.8887227 2.676021
0.1589782 0.6086934 2.263363 0.111609 0.4394085 2.302652 0.06717895 0.3016769 2.194576 0.2645589 0.3099364 2.488404 0.07980287 0.1181749 2.092013 0.3427812 0.1274228 2.554405 0.2549988 0.1415468 2.161005 0.4483429 0.1899694 2.389723 0.3133975 0.1493374 2.188407 0.4065349 0.1437286 2.466014 0.1534754 0.05655985 2.324448 0.1630748 -0.01904008 2.331462 0.1207415 -0.0548781 2.299809 0.2164898 -0.08068901 2.366775 0.07864896 -0.5178821 2.352908 0.2200386 -0.5280756 2.600028 -0.0122619 -0.8874748 2.404945 0.1758219 -0.8427052 2.638942 0.04446097 -0.9480997 2.382673 0.2322787 -0.8912489 2.677234
0.1589385 0.6087259 2.263433 0.1116013 0.4394259 2.302658 0.06727242 0.3017186 2.19471 0.2645512 0.3099538 2.488409 0.0783534 0.1171443 2.091366 0.3435268 0.1274064 2.553273 0.2550008 0.1198117 2.16053 0.424089 0.2490893 2.410828 0.3138833 0.1207008 2.18799 0.3907906 0.1830222 2.470457 0.1530857 0.05594954 2.324048 0.1624269 -0.02020798 2.330786 0.1202577 -0.05547781 2.298942 0.2152648 -0.08290067 2.365993 0.07825817 -0.5188282 2.352238 0.219925 -0.5282038 2.599434 -0.01222928 -0.8877677 2.405122 0.1759472 -0.8428398 2.639266 0.04438491 -0.9479489 2.382628 0.2320442 -0.8912956 2.677333
0.1590324 0.6087883 2.263791 0.1116128 0.4395816 2.302947 0.06730153 0.3017291 2.194694 0.2645626 0.3101095 2.488699 0.07851002 0.1152133 2.091373 0.3439606 0.1275051 2.553028 0.2844539 0.08205976 2.185111 0.3657537 0.2946227 2.441864 0.3531018 0.07100859 2.220762 0.3739432 0.2163366 2.465797 0.1527292 0.05534513 2.323825 0.1618443 -0.02132369 2.33032 0.1199108 -0.05582464 2.298795 0.2142564 -0.08444706 2.364757 0.07823257 -0.5186716 2.351891 0.2199055 -0.5283125 2.599603 -0.01222999 -0.8877738 2.405124 0.1759279 -0.8430186 2.639194 0.04420767 -0.9475546 2.382041 0.2382124 -0.8919024 2.694393
0.1589695 0.609001 2.264232 0.1116102 0.4398251 2.303044 0.06741108 0.3017339 2.194779 0.2645601 0.310353 2.488796 0.07775892 0.1114884 2.090016 0.3444111 0.1278066 2.552526 0.2477913 0.04376775 2.143885 0.3476133 0.3000442 2.448091 0.3044687 0.02119419 2.166246 0.3666477 0.2443984 2.451239 0.152521 0.05479794 2.323538 0.1615403 -0.02229756 2.32986 0.1198213 -0.05603378 2.298555 0.2135213 -0.08614932 2.363925 0.0782648 -0.5185361 2.351684 0.219836 -0.5279751 2.599109 -0.01226023 -0.8878461 2.405186 0.1759104 -0.8431714 2.639123 0.04393033 -0.9474043 2.381842 0.2256092 -0.8959573 2.68094
0.1590033 0.6093415 2.264789 0.1116706 0.4400599 2.303281 0.06769089 0.3021901 2.195023 0.2646204 0.3105878 2.489032 0.07759252 0.1091203 2.089173 0.3448032 0.1279929 2.552332 0.2435901 0.03289478 2.144014 0.3355046 0.3007561 2.44932 0.2989227 0.007486263 2.1667 0.3592224 0.2734515 2.426121 0.1523341 0.05404987 2.323514 0.1612669 -0.02349085 2.329783 0.1196892 -0.05635201 2.298521 0.2130215 -0.08792889 2.36368 0.07888348 -0.5174118 2.351143 0.2198675 -0.5274874 2.598117 -0.01227206 -0.8881552 2.405421 0.1758411 -0.8436236 2.638638 0.04572196 -0.9485624 2.383488 0.2258184 -0.8963092 2.680248
0.1600863 0.6103745 2.269027 0.1118235 0.440608 2.30419 0.06768952 0.3023153 2.195062 0.2647733 0.3111358 2.489941 0.0748678 0.1080633 2.087621 0.3452209 0.1282904 2.552517 0.2361644 0.01995388 2.139346 0.3303469 0.3013099 2.450759 0.28993 -0.009415906 2.160992 0.3485086 0.2879274 2.424828 0.1522642 0.05284642 2.323678 0.1611703 -0.0253283 2.329847 0.1195191 -0.05703441 2.298882 0.2129446 -0.09026457 2.362931 0.07903177 -0.5176152 2.351053 0.2188556 -0.5384383 2.597414 -0.01241781 -0.8887041 2.40524 0.1757192 -0.8435578 2.638598 0.04550599 -0.9486871 2.38352 0.2253521 -0.8946083 2.67748
0.1599527 0.6109062 2.27028 0.1113429 0.441429 2.304457 0.06784325 0.3024657 2.19525 0.2642927 0.3119569 2.490209 0.07433842 0.1055331 2.087595 0.3451402 0.1288674 2.552317 0.2340413 0.01374263 2.138149 0.3252012 0.3025401 2.452864 0.2872756 -0.0168542 2.159405 0.3383022 0.3047754 2.423445 0.1517612 0.05067066 2.323229 0.1606679 -0.02865162 2.329157 0.1192553 -0.05820692 2.299148 0.2121593 -0.09336154 2.360824 0.07890333 -0.5182783 2.350504 0.2185067 -0.5350395 2.596187 -0.01212696 -0.8896225 2.405106 0.1757337 -0.8434123 2.638387 0.04634868 -0.949891 2.383551 0.2252575 -0.8941205 2.677298
0.1597517 0.6112181 2.270988 0.1107331 0.4421027 2.304513 0.06792188 0.3026298 2.195374 0.263683 0.3126306 2.490265 0.07174603 0.1056484 2.086938 0.3448801 0.1294036 2.551987 0.2307402 0.01196193 2.136497 0.3235445 0.3026562 2.452025 0.2837382 -0.0192669 2.157421 0.3320091 0.3215439 2.416913 0.1502995 0.04931458 2.322292 0.1589929 -0.03038754 2.327981 0.118042 -0.05892795 2.298498 0.2097369 -0.09547514 2.358912 0.08089961 -0.5185573 2.353486 0.2171364 -0.5374047 2.598749 -0.0120785 -0.8895488 2.404927 0.175761 -0.8433053 2.638154 0.04578546 -0.9494833 2.383461 0.240363 -0.8835071 2.602733
0.1597417 0.6113201 2.271402 0.1105564 0.4422966 2.304564 0.06820597 0.3029519 2.195744 0.2635063 0.3128245 2.490315 0.07166421 0.1044084 2.087071 0.3448491 0.1295597 2.551845 0.2306248 0.01043183 2.136279 0.3230193 0.3028108 2.452004 0.2836116 -0.02089371 2.157086 0.3317147 0.3209057 2.416627 0.1500962 0.04853124 2.322064 0.1588368 -0.03128929 2.327728 0.1179225 -0.05932035 2.298572 0.2095297 -0.09613644 2.3583 0.0802725 -0.519181 2.35297 0.2175663 -0.5367302 2.598928 -0.01187028 -0.8907157 2.405099 0.1756384 -0.8433231 2.638001 0.04851633 -0.9537979 2.387727 0.2222051 -0.890757 2.672271
0.1596578 0.6113629 2.271626 0.1101443 0.4427069 2.304704 0.06825665 0.3029851 2.195769 0.2630942 0.3132348 2.490456 0.07204714 0.1025859 2.087472 0.3446806 0.1298611 2.551727 0.2318355 0.0101112 2.136808 0.3230073 0.3028823 2.451389 0.2850983 -0.0207137 2.157659 0.3347223 0.3138801 2.416394 0.1500529 0.04831253 2.321986 0.1588524 -0.03153604 2.327638 0.1179491 -0.05939721 2.298565 0.2095176 -0.09629577 2.358146 0.07993171 -0.5188233 2.35211 0.219149 -0.5312481 2.599025 -0.01158221 -0.8874518 2.403652 0.1757257 -0.8437258 2.638233 0.04849175 -0.9526095 2.387286 0.2220153 -0.8910141 2.672757
0.1593803 0.6112897 2.271647 0.1099605 0.4428799 2.304663 0.06827945 0.3029827 2.195782 0.2629104 0.3134078 2.490415 0.07372115 0.1009839 2.08839 0.3446012 0.1300409 2.551495 0.2361093 0.01683333 2.142593 0.3258855 0.3029415 2.450238 0.2902386 -0.01121687 2.165066 0.349946 0.278571 2.424431 0.1500506 0.04824228 2.321948 0.1588768 -0.03159102 2.327614 0.1179735 -0.05942481 2.298591 0.2095411 -0.09630076 2.358078 0.0800723 -0.5181343 2.351205 0.2198359 -0.528656 2.598157 -0.01171101 -0.8875655 2.404284 0.175591 -0.8439176 2.638177 0.04865388 -0.9525101 2.387625 0.221651 -0.8902622 2.669925
0.1593726 0.6112189 2.271661 0.1100628 0.4428548 2.304717 0.06831398 0.3029395 2.195876 0.2630127 0.3133827 2.490469 0.08016688 0.09055617 2.090081 0.3448695 0.1299927 2.551411 0.2502804 0.03017898 2.150435 0.3376243 0.3024668 2.447662 0.3069849 0.01005325 2.174958 0.3603448 0.257679 2.438322 0.1501953 0.04805958 2.32197 0.1590269 -0.03172512 2.327645 0.1180445 -0.05964458 2.298807 0.2098212 -0.09637302 2.357965 0.07994734 -0.51846 2.351293 0.2202152 -0.5277773 2.597432 -0.01168193 -0.8876573 2.404378 0.1754024 -0.845763 2.639186 0.04922698 -0.952307 2.387568 0.2264937 -0.8999363 2.689837
0.1592228 0.6111737 2.271595 0.1098501 0.4430215 2.30471 0.06832919 0.302933 2.19588 0.2628 0.3135494 2.490462 0.0815403 0.09322876 2.091274 0.3447578 0.1301431 2.551261 0.2568229 0.05564308 2.154608 0.3485895 0.3050245 2.452034 0.3152505 0.04311452 2.180124 0.3803058 0.2156802 2.458262 0.150576 0.04846438 2.322055 0.1597762 -0.03098476 2.327834 0.1187445 -0.05940736 2.298624 0.2110926 -0.09490613 2.358968 0.07987056 -0.5184492 2.351137 0.2201429 -0.5277755 2.596867 -0.01177828 -0.8876789 2.404575 0.1754934 -0.8458053 2.639133 0.04666643 -0.9503471 2.384371 0.2253006 -0.8961606 2.682403
0.1591022 0.6109003 2.271511 0.1098533 0.4429266 2.304756 0.06834769 0.3029509 2.195892 0.2628031 0.3134545 2.490508 0.08208212 0.09661916 2.092444 0.344824 0.1300293 2.551212 0.2839728 0.09793145 2.184711 0.4145017 0.2594602 2.409978 0.3512697 0.09836888 2.219872 0.3951271 0.1816767 2.461972 0.1506813 0.04870212 2.322027 0.1599588 -0.03045492 2.327789 0.118816 -0.05930306 2.298438 0.2114394 -0.09408888 2.359202 0.07994382 -0.5184553 2.351128 0.2200619 -0.5273678 2.596137 -0.01177757 -0.8876934 2.404572 0.1754089 -0.8458514 2.638971 0.04614604 -0.9499737 2.384288 0.2247026 -0.8957975 2.679755
0.1590526 0.6105944 2.270928 0.1097721 0.4428282 2.304312 0.0683663 0.3029268 2.195903 0.262722 0.3133561 2.490063 0.08202717 0.1002794 2.092952 0.34486 0.1298869 2.550364 0.259951 0.1177679 2.157412 0.4751476 0.1534322 2.394087 0.3202658 0.1236511 2.184296 0.4118732 0.1448204 2.461565 0.1509006 0.04953194 2.321826 0.1603082 -0.02909106 2.327677 0.1191029 -0.05894426 2.297531 0.2120649 -0.09246542 2.360413 0.07991001 -0.5184695 2.351038 0.2201641 -0.5269949 2.596158 -0.0118806 -0.8878988 2.40544 0.1753835 -0.8453599 2.638405 0.044821 -0.9485729 2.383182 0.2242082 -0.8934933 2.677143
0.1587431 0.6102751 2.270273 0.1094958 0.4426473 2.303831 0.06843143 0.3027679 2.195882 0.2624456 0.3131752 2.489583 0.08196387 0.1042455 2.092957 0.344663 0.1296727 2.549621 0.2595604 0.1241912 2.157573 0.481081 0.1334266 2.397222 0.3160641 0.1438495 2.186141 0.4169905 0.1274504 2.462968 0.1513475 0.05045849 2.321816 0.1610632 -0.02759311 2.32786 0.1197417 -0.05804658 2.298016 0.2133791 -0.08898871 2.360235 0.07991133 -0.5184547 2.351021 0.2201402 -0.5270692 2.596196 -0.01204332 -0.887825 2.405683 0.175435 -0.8450282 2.637973 0.04438777 -0.9479362 2.383177 0.2255062 -0.8941202 2.678567
0.1586709 0.6100714 2.269917 0.1094993 0.4425911 2.303731 0.06839974 0.302438 2.195757 0.2624491 0.3131189 2.489482 0.08274125 0.1101756 2.092829 0.3464265 0.1234252 2.551007 0.2589039 0.1390749 2.157892 0.4671666 0.04130116 2.408667 0.286052 0.1688207 2.183652 0.4182289 0.1031111 2.471301 0.1522113 0.05153539 2.321754 0.1622143 -0.02608793 2.327873 0.1204849 -0.05733058 2.298323 0.215213 -0.08640507 2.359753 0.0798483 -0.5184035 2.350924 0.2204422 -0.5270247 2.596467 -0.01179798 -0.8886442 2.40516 0.175319 -0.8447864 2.637927 0.04423672 -0.9491572 2.383661 0.2259132 -0.8936769 2.677773
0.1586023 0.6098773 2.269606 0.1095112 0.4425064 2.303534 0.06830113 0.3023597 2.195537 0.2624611 0.3130342 2.489286 0.08303784 0.1133956 2.092718 0.3451114 0.1231024 2.554034 0.2584661 0.14805 2.15709 0.4737299 0.0197369 2.437047 0.2790067 0.1732921 2.177054 0.5125827 0.0466479 2.390554 0.1528039 0.05308919 2.321435 0.1629351 -0.0239906 2.327564 0.1209612 -0.05624585 2.298215 0.2161221 -0.08386951 2.359287 0.07984732 -0.518485 2.350848 0.2204245 -0.5270981 2.596482 -0.01188048 -0.8886031 2.405147 0.1754558 -0.8449054 2.637882 0.04411446 -0.9488595 2.383388 0.2250519 -0.893811 2.6763
0.1587951 0.6097266 2.269372 0.1094689 0.4423081 2.302841 0.06814691 0.3022903 2.195132 0.2624188 0.3128359 2.488592 0.08294693 0.115496 2.092274 0.3436664 0.122921 2.556378 0.2577939 0.1526732 2.15679 0.4806869 0.04229971 2.430374 0.2776693 0.1755126 2.175596 0.5254353 0.03912923 2.381561 0.1530755 0.05334581 2.321139 0.1632193 -0.02372453 2.327324 0.1211298 -0.05612309 2.298097 0.21653 -0.08356452 2.358976 0.0797857 -0.5185007 2.35068 0.2207679 -0.5268108 2.597086 -0.01201566 -0.8885334 2.405167 0.1754298 -0.8448058 2.637713 0.04364504 -0.9481577 2.382402 0.2269097 -0.8956144 2.678914
0.159072 0.609305 2.269022 0.1097203 0.441658 2.301703 0.06830675 0.3018803 2.194477 0.2626702 0.3121858 2.487454 0.08309132 0.1159341 2.092068 0.3441672 0.1220836 2.555667 0.2578253 0.1538376 2.156486 0.4846904 0.05340254 2.426126 0.2775616 0.1760254 2.17496 0.5299926 0.04246395 2.378975 0.1533798 0.05346485 2.320673 0.1634894 -0.02357539 2.326944 0.1213351 -0.05609196 2.297802 0.216826 -0.08339031 2.358599 0.0798443 -0.5181527 2.350467 0.2214951 -0.5263318 2.597615 -0.01217647 -0.8884881 2.405066 0.1755367 -0.844813 2.637499 0.04355869 -0.9478586 2.382176 0.2255549 -0.8949939 2.677686
0.1591943 0.6093124 2.268983 0.1097708 0.4416687 2.301513 0.06868162 0.3017411 2.194362 0.2627207 0.3121965 2.487264 0.08314307 0.1162778 2.091692 0.3490667 0.1194067 2.549558 0.2581456 0.1522362 2.156429 0.4932433 0.07159789 2.414184 0.2809986 0.1687475 2.176007 0.539295 0.06009926 2.367901 0.1536566 0.0544191 2.320307 0.1637724 -0.02241301 2.326572 0.1218069 -0.0550915 2.297266 0.2169031 -0.08218311 2.35841 0.07993875 -0.5176422 2.350275 0.2211025 -0.5282243 2.597832 -0.01192135 -0.8869335 2.404746 0.1757984 -0.8449743 2.637239 0.04407243 -0.9477615 2.382533 0.240992 -0.8949358 2.687931
0.159641 0.60921 2.268987 0.11016 0.4415429 2.301405 0.06919996 0.301549 2.194148 0.2631099 0.3120707 2.487157 0.08333471 0.1161045 2.091568 0.3520311 0.117891 2.547539 0.2610406 0.1385929 2.155231 0.4749824 0.1584941 2.38862 0.3187515 0.1539997 2.183992 0.4167078 0.1161032 2.467824 0.1539585 0.05531543 2.319942 0.1639956 -0.02124833 2.326125 0.1222271 -0.05398882 2.296187 0.2169124 -0.08173673 2.358413 0.07994266 -0.517686 2.350134 0.2214235 -0.5258088 2.59606 -0.01198643 -0.886922 2.404767 0.1757402 -0.8449915 2.637376 0.04389417 -0.9473581 2.381694 0.2350546 -0.8964573 2.680383
0.160264 0.6091855 2.269131 0.1106103 0.4414845 2.301566 0.06969037 0.301743 2.194163 0.2635601 0.3120123 2.487317 0.08359597 0.1154397 2.091249 0.3536047 0.117279 2.547066 0.2633372 0.1078326 2.15307 0.4557841 0.191532 2.385389 0.3161435 0.135855 2.181729 0.4055904 0.1534674 2.462123 0.1543642 0.05468251 2.319867 0.1644045 -0.02221382 2.32598 0.1224548 -0.05449763 2.29645 0.2173325 -0.08278782 2.357577 0.07997771 -0.5177754 2.350116 0.2223715 -0.5245653 2.596299 -0.01221052 -0.8870492 2.40535 0.1758276 -0.8451277 2.637402 0.04499752 -0.9475086 2.381924 0.2348136 -0.8963815 2.680163
0.1607387 0.6094013 2.269366 0.1109263 0.4416048 2.301778 0.07007646 0.3017194 2.194135 0.2638761 0.3121326 2.48753 0.08405522 0.1135802 2.090991 0.3543993 0.1171803 2.54692 0.290897 0.061589 2.180974 0.4230599 0.2469811 2.405516 0.3598443 0.0442586 2.215373 0.3985531 0.174926 2.458388 0.1539471 0.05355553 2.31908 0.1635316 -0.02413891 2.324647 0.1218504 -0.05523784 2.295802 0.2155231 -0.08616699 2.354743 0.08012185 -0.5178225 2.35008 0.2228487 -0.524314 2.59666 -0.01233061 -0.8872569 2.405387 0.1759256 -0.8444661 2.636334 0.04515272 -0.9475935 2.382136 0.2337576 -0.8957899 2.679603
0.1613796 0.6094669 2.269928 0.111121 0.441974 2.302335 0.07035754 0.3016336 2.194238 0.2640709 0.3125018 2.488086 0.08482791 0.1107302 2.090085 0.354735 0.1172871 2.547055 0.2874781 0.03641423 2.175589 0.3547782 0.2914622 2.44633 0.3550282 0.01164225 2.208496 0.3832404 0.21929 2.451029 0.1538295 0.05207096 2.319004 0.1632969 -0.02647468 2.324422 0.1217486 -0.05616326 2.296057 0.2149217 -0.08899413 2.353641 0.08031809 -0.5180027 2.349849 0.223082 -0.5245433 2.595901 -0.012332 -0.887417 2.405187 0.1758283 -0.8444655 2.636305 0.04767741 -0.9490864 2.384125 0.2334954 -0.8958048 2.679888
