0.09113358 0.6960898 2.392814 0.03614603 0.5090355 2.423868 -0.06331918 0.3862038 2.328756 0.196344 0.4227198 2.583724 -0.1418993 0.186541 2.237645 0.298517 0.274007 2.706399 0.06044436 0.1837551 2.205729 0.3686307 0.3051122 2.504718 0.1329966 0.1914302 2.215199 0.3506281 0.3482085 2.412316 0.07523172 0.1646553 2.431856 0.09293647 0.09693512 2.426726 0.04861207 0.01856256 2.368901 0.1598555 0.01266127 2.481221 -0.03518952 -0.4913644 2.46421 0.1386902 -0.4603323 2.652169 -0.06350411 -0.8661963 2.505635 0.09569042 -0.8289499 2.727505 -0.020778 -0.9352419 2.459486 0.1465398 -0.89609 2.752265
0.0908365 0.6959232 2.392592 0.03618373 0.5090191 2.423842 -0.0633247 0.3859842 2.328812 0.1958883 0.4261639 2.584872 -0.1411559 0.1862331 2.237492 0.2955653 0.275532 2.70607 0.09663828 0.2153514 2.198969 0.3464688 0.3086541 2.424432 0.1659462 0.2016331 2.223636 0.3455505 0.3147287 2.405213 0.07553019 0.1649866 2.431964 0.09320547 0.09747504 2.427084 0.04888712 0.01907912 2.369453 0.1602652 0.01374505 2.481585 -0.03518457 -0.4913559 2.464242 0.1388572 -0.4601522 2.652235 -0.06352719 -0.8666171 2.505245 0.09539929 -0.8299043 2.72743 -0.02018904 -0.9361392 2.458844 0.1485868 -0.8931421 2.764407
0.0904796 0.6959655 2.392294 0.03631427 0.5090547 2.423932 -0.06335048 0.3857872 2.328848 0.1956674 0.4262122 2.584665 -0.1402406 0.1859916 2.237319 0.2859864 0.2841658 2.700824 0.09822546 0.2205801 2.199311 0.3435135 0.291017 2.418569 0.1671819 0.2481024 2.20868 0.3403617 0.2869507 2.405576 0.07646394 0.1662183 2.432153 0.09424239 0.09924615 2.427396 0.04927801 0.01959351 2.368797 0.1630171 0.01668832 2.483623 -0.0352074 -0.4914117 2.464236 0.1393887 -0.4593308 2.651967 -0.06368727 -0.8670935 2.505441 0.09543303 -0.829901 2.7274 -0.02004209 -0.9364297 2.457568 0.1448473 -0.8861934 2.76062
0.0902795 0.6959099 2.39216 0.03638989 0.5087917 2.423983 -0.06320907 0.3852541 2.32872 0.1951342 0.4283168 2.584755 -0.1388906 0.1859146 2.237172 0.2740036 0.2990674 2.693732 0.07576342 0.2310895 2.198055 0.3368325 0.2743657 2.417811 0.1475961 0.2511625 2.204169 0.3376105 0.2735999 2.413359 0.07666205 0.1663321 2.432027 0.09438471 0.09946402 2.427341 0.04925751 0.01981596 2.368322 0.1634493 0.01705994 2.483717 -0.03493334 -0.4914142 2.464261 0.1395774 -0.4593392 2.651872 -0.06370225 -0.8672162 2.505302 0.09576084 -0.8297015 2.727472 -0.01941183 -0.9372144 2.456835 0.1458541 -0.8854535 2.759261
0.08960243 0.6959506 2.390861 0.036397 0.5087993 2.423954 -0.06346381 0.3850726 2.328646 0.1955392 0.4350035 2.588819 -0.1380632 0.1859053 2.236944 0.2727044 0.2995452 2.692611 0.06294927 0.2404847 2.194481 0.3364856 0.2588002 2.425923 0.1303849 0.2728284 2.197038 0.3381617 0.2560831 2.420922 0.07682748 0.1673851 2.431869 0.09450325 0.1009387 2.4273 0.04889196 0.02075145 2.367694 0.1641012 0.01807867 2.484101 -0.03489987 -0.4913982 2.464288 0.1397006 -0.4595455 2.652017 -0.06368209 -0.867333 2.505158 0.09540579 -0.8300393 2.727423 -0.01944837 -0.9371918 2.457612 0.1398949 -0.886511 2.764174
0.08892673 0.6953951 2.389512 0.03633637 0.5087642 2.424095 -0.06455926 0.3850861 2.328256 0.1958599 0.4373853 2.591002 -0.136347 0.186198 2.236229 0.2718334 0.2989833 2.692379 0.08465867 0.2805003 2.18855 0.3334013 0.251559 2.491119 0.1567929 0.2967073 2.200124 0.3384573 0.2437078 2.424378 0.07686368 0.1800546 2.433749 0.09424148 0.1189098 2.429931 0.04923063 0.02717402 2.363033 0.1660856 0.02635811 2.493761 -0.03455487 -0.4920062 2.464881 0.1398663 -0.4594365 2.651983 -0.06367856 -0.867324 2.505159 0.09652773 -0.8298486 2.729228 -0.01947811 -0.937194 2.457365 0.1409611 -0.8873432 2.764428
0.0885873 0.6949478 2.389153 0.03657866 0.5084925 2.42431 -0.06501998 0.3851016 2.327842 0.196101 0.4423981 2.593388 -0.1354416 0.187014 2.235179 0.2713074 0.2998458 2.691472 0.08446046 0.2841651 2.188094 0.3281643 0.246238 2.467457 0.1268041 0.3152596 2.196504 0.3391082 0.2359194 2.42694 0.07679977 0.1837438 2.434 0.09370692 0.122685 2.430348 0.0485357 0.03040469 2.361242 0.1657606 0.0293812 2.496053 -0.03470581 -0.4925205 2.464989 0.1398907 -0.4612172 2.653182 -0.06340069 -0.8679184 2.50471 0.09547721 -0.8292323 2.727991 -0.01974426 -0.9374102 2.457353 0.1339298 -0.8997331 2.736352
0.08690847 0.6942001 2.387544 0.03653574 0.508462 2.424401 -0.06550592 0.3854844 2.327343 0.197711 0.4463035 2.598786 -0.1337576 0.1874657 2.234113 0.2706687 0.2986762 2.691967 0.08426832 0.2891054 2.188163 0.3279803 0.2437244 2.468421 0.126183 0.3200548 2.196002 0.339145 0.2330194 2.427505 0.07570206 0.1907959 2.435105 0.09243067 0.1308551 2.431613 0.0481269 0.03434295 2.358948 0.1652257 0.033419 2.500919 -0.03475888 -0.4923177 2.464986 0.1399352 -0.4612271 2.653154 -0.06341349 -0.8679314 2.504645 0.09509806 -0.8288265 2.727471 -0.01979758 -0.9374647 2.457534 0.1346826 -0.8983542 2.738323
0.0866224 0.6941265 2.387379 0.03647333 0.5084637 2.424454 -0.06602365 0.3859385 2.326876 0.1973791 0.4477621 2.59994 -0.1328721 0.1878968 2.233416 0.2698668 0.2979186 2.690366 0.08330417 0.2924835 2.187876 0.3277699 0.2426596 2.467061 0.1230595 0.3267997 2.195149 0.3386946 0.2322338 2.42748 0.07562401 0.1912986 2.435294 0.09240106 0.1311619 2.431786 0.0480822 0.03444877 2.35835 0.1655118 0.03396977 2.50299 -0.03468825 -0.4927495 2.4658 0.1399322 -0.4612238 2.653164 -0.06357554 -0.8677559 2.504874 0.09541345 -0.8290783 2.727774 -0.01979269 -0.9375412 2.457148 0.1365421 -0.8977911 2.738055
0.08657399 0.6942179 2.387381 0.03637637 0.5084251 2.424411 -0.06642274 0.3867836 2.326415 0.1972014 0.4479526 2.600476 -0.1323475 0.1881001 2.233225 0.2665638 0.294296 2.688801 0.08198427 0.2938826 2.187708 0.3277226 0.2421477 2.465622 0.1217354 0.329611 2.19459 0.3388625 0.232649 2.427433 0.07550442 0.1920297 2.435301 0.09232792 0.1317875 2.431828 0.04802667 0.03493806 2.35706 0.1656904 0.03446182 2.504394 -0.03444069 -0.4921276 2.465871 0.1400682 -0.4608943 2.652825 -0.06357352 -0.8677772 2.504709 0.09615165 -0.82929 2.727636 -0.01975081 -0.9376636 2.456593 0.1495948 -0.8865278 2.749883
0.08657498 0.6943473 2.387537 0.03639246 0.5084134 2.424433 -0.06679473 0.3873773 2.326103 0.1963578 0.4522022 2.60354 -0.1322794 0.1881889 2.23321 0.2641905 0.2949518 2.686354 0.08190414 0.294183 2.187762 0.3269957 0.2447644 2.462557 0.1217339 0.329572 2.194528 0.3386036 0.2352542 2.424458 0.07554312 0.1924926 2.435416 0.09240275 0.1321664 2.431986 0.04807962 0.03514548 2.356883 0.1658765 0.03502002 2.505111 -0.03429956 -0.4921183 2.465882 0.1401787 -0.4608817 2.652889 -0.06344564 -0.8667225 2.505069 0.09577484 -0.828863 2.727224 -0.01969186 -0.9376436 2.456347 0.1301889 -0.9001128 2.743279
0.08638382 0.6942794 2.387346 0.03593089 0.5085387 2.424165 -0.06686717 0.3875355 2.326121 0.1964014 0.4519998 2.604036 -0.1322657 0.1883026 2.233209 0.2639825 0.2942673 2.686308 0.08206262 0.2940178 2.187853 0.3258382 0.2515198 2.460516 0.1241288 0.3271738 2.19585 0.3381459 0.2427429 2.419111 0.07543606 0.192533 2.435281 0.09234028 0.1321318 2.431879 0.04795326 0.03518232 2.356623 0.1658724 0.03508493 2.50504 -0.03424993 -0.4922291 2.46576 0.1401794 -0.4604706 2.652583 -0.06344519 -0.86593 2.505215 0.09598912 -0.8289577 2.727259 -0.01981826 -0.9371919 2.455453 0.1379606 -0.8940786 2.749979
0.08640599 0.6942766 2.387332 0.03547817 0.5085136 2.424216 -0.06704605 0.3874951 2.326309 0.1953363 0.4500754 2.601022 -0.1326788 0.1882914 2.233368 0.2646265 0.2929697 2.684221 0.08169425 0.287557 2.188059 0.3262482 0.2620196 2.457016 0.1181114 0.3072656 2.193117 0.338746 0.2557424 2.413676 0.07519297 0.1812849 2.43358 0.09251019 0.1144819 2.429239 0.046434 0.02980623 2.358699 0.1663601 0.02755399 2.496968 -0.03412126 -0.4921205 2.465702 0.1403298 -0.460434 2.652721 -0.06343393 -0.8659248 2.505236 0.09745896 -0.8290423 2.728313 -0.01999285 -0.9366624 2.456113 0.147862 -0.8880224 2.756733
0.08642917 0.6943018 2.387383 0.03571413 0.5083582 2.424414 -0.06710607 0.3873298 2.32646 0.1934543 0.4429512 2.596092 -0.132732 0.1882016 2.233468 0.2659289 0.2883643 2.686467 0.0843632 0.2692652 2.190354 0.3250838 0.2776012 2.456609 0.1519011 0.2999764 2.200126 0.3388795 0.2750911 2.406156 0.07660857 0.1738423 2.43257 0.09383526 0.106605 2.428001 0.04672288 0.02612693 2.361033 0.1663409 0.02175643 2.489849 -0.03405716 -0.4920444 2.465674 0.1404333 -0.4603846 2.652745 -0.06340556 -0.8655111 2.505427 0.09728032 -0.8290375 2.728139 -0.020276 -0.9359579 2.456423 0.1498403 -0.8884575 2.759125
0.08694658 0.6951105 2.38846 0.03596246 0.508247 2.424539 -0.06685822 0.3869394 2.326976 0.1943244 0.4340967 2.594207 -0.1329903 0.1878895 2.234013 0.2704951 0.278825 2.687899 0.06225093 0.2373859 2.193767 0.3442726 0.2943912 2.411372 0.1290819 0.2707562 2.198247 0.339496 0.2918865 2.408789 0.07715736 0.1734342 2.432752 0.09433939 0.1063836 2.428202 0.04757127 0.02552222 2.361694 0.1666526 0.02148098 2.489903 -0.03405918 -0.4916443 2.465626 0.1404106 -0.460473 2.652899 -0.06290384 -0.8633903 2.506103 0.0968672 -0.8291894 2.728413 -0.02108674 -0.9347528 2.457651 0.150688 -0.8900155 2.763732
0.08714674 0.6949669 2.388622 0.03596935 0.5081931 2.424629 -0.06662771 0.3866601 2.327355 0.1928974 0.4256779 2.588557 -0.1338252 0.1876229 2.234715 0.2750522 0.2715283 2.693925 0.08433179 0.229656 2.19507 0.3466324 0.3174542 2.422501 0.1549785 0.2502976 2.208597 0.3408003 0.3187022 2.415429 0.07744104 0.1729766 2.432876 0.0945299 0.1060457 2.428364 0.04801843 0.02436687 2.361684 0.1668 0.02090314 2.490427 -0.03400246 -0.491192 2.465747 0.1403958 -0.4606173 2.653047 -0.06262755 -0.862713 2.506412 0.09665909 -0.8293412 2.728463 -0.02149058 -0.9338203 2.457713 0.1506541 -0.8898642 2.763759
0.08734217 0.6948828 2.388814 0.03600135 0.5081503 2.424689 -0.0663342 0.3863794 2.327752 0.1892984 0.424762 2.582202 -0.1350419 0.1870181 2.2363 0.2773194 0.267474 2.696553 0.08959594 0.2118079 2.198121 0.3631024 0.3046267 2.502637 0.162814 0.2194406 2.21157 0.3394747 0.3378233 2.415776 0.07847025 0.1714042 2.434016 0.09558042 0.1042743 2.430089 0.05180871 0.02187777 2.367109 0.1665624 0.02040931 2.490843 -0.03415328 -0.4916125 2.465683 0.1401587 -0.460775 2.653096 -0.06286629 -0.8635674 2.506118 0.09742098 -0.8302254 2.728537 -0.02124979 -0.9343953 2.457373 0.1594678 -0.8773889 2.674244
0.08778307 0.6949477 2.38979 0.03598202 0.5081298 2.42465 -0.06596129 0.3859339 2.328187 0.1885328 0.4246039 2.580834 -0.1367285 0.1861311 2.237661 0.2782328 0.264615 2.698645 0.1003034 0.1907044 2.203438 0.3452711 0.3333339 2.498051 0.1722698 0.1783611 2.219817 0.3385766 0.3611677 2.416662 0.07851801 0.169155 2.434406 0.09536308 0.1015548 2.431012 0.05208788 0.02021696 2.36985 0.1648826 0.0185916 2.490388 -0.03397292 -0.4909238 2.465436 0.1401566 -0.4607816 2.6531 -0.06264384 -0.8623903 2.506295 0.09715194 -0.8301969 2.728052 -0.02119321 -0.9342287 2.457218 0.1509679 -0.8891438 2.763865
0.08774317 0.6949909 2.389823 0.03601526 0.508 2.424833 -0.0657659 0.3858012 2.328502 0.1883904 0.4241303 2.579762 -0.139075 0.1850057 2.239147 0.2804598 0.2632673 2.698288 0.1065574 0.1720909 2.207626 0.3382829 0.3748766 2.440302 0.1792346 0.1588446 2.219556 0.3362207 0.3756299 2.415443 0.07886471 0.164767 2.435086 0.09541723 0.0962158 2.432089 0.05206492 0.01718353 2.373063 0.1637462 0.01547368 2.489076 -0.03401078 -0.491003 2.465432 0.1401793 -0.4607767 2.653141 -0.06264675 -0.862883 2.505001 0.09716742 -0.8301783 2.728038 -0.02125287 -0.9342288 2.457267 0.1494977 -0.8880604 2.76265
0.08823392 0.6951799 2.390627 0.03612602 0.5080275 2.424978 -0.06569396 0.3857832 2.328605 0.1882524 0.4242507 2.579543 -0.1402452 0.1840045 2.240739 0.2854489 0.2610633 2.694906 0.06043369 0.1483275 2.211935 0.3385877 0.3791338 2.4389 0.1351196 0.1527614 2.213388 0.3309543 0.3923527 2.415311 0.07863528 0.1618153 2.435496 0.09463397 0.09246422 2.432916 0.05122088 0.01517559 2.375753 0.1614805 0.01211787 2.48782 -0.0342062 -0.4911643 2.465525 0.1401054 -0.4609539 2.653269 -0.06265485 -0.8635821 2.504304 0.09712723 -0.8305622 2.7279 -0.02101013 -0.9343019 2.45761 0.1365132 -0.9016936 2.746535
0.08962986 0.6953846 2.392829 0.03644589 0.508048 2.425151 -0.06503212 0.3854711 2.328877 0.1914254 0.4202016 2.583797 -0.1416802 0.1840812 2.24295 0.2863799 0.2606623 2.695093 0.1073781 0.1482908 2.214177 0.3405538 0.3850415 2.442494 0.1821547 0.1455394 2.213384 0.330555 0.397188 2.416324 0.07914118 0.1600119 2.435877 0.09480615 0.09034346 2.433762 0.05119223 0.01345507 2.378632 0.1611658 0.01056102 2.48741 -0.03409706 -0.4910487 2.465666 0.1400881 -0.4609314 2.653278 -0.06314319 -0.8640452 2.504208 0.0973434 -0.8306037 2.72777 -0.02021379 -0.9350039 2.456623 0.1468156 -0.8904566 2.752229
0.09008271 0.6950762 2.393041 0.03629867 0.5081297 2.425096 -0.06447612 0.3852029 2.329149 0.1927247 0.4177136 2.584503 -0.1433904 0.1839639 2.244597 0.2864942 0.2604439 2.696536 0.1068914 0.1483002 2.214234 0.3404322 0.3857412 2.444366 0.1811475 0.1391125 2.215392 0.3307531 0.3991243 2.417136 0.07946187 0.1582141 2.435877 0.09497542 0.08805576 2.434236 0.05134917 0.01173104 2.379952 0.1611893 0.008560994 2.487188 -0.03411346 -0.4910652 2.465757 0.1401112 -0.4608767 2.653398 -0.06315194 -0.8641937 2.503945 0.09721345 -0.830717 2.727901 -0.02018963 -0.9352259 2.45747 0.1462846 -0.8886397 2.755381
0.09005832 0.6950264 2.392919 0.03636652 0.5081056 2.425103 -0.06432661 0.3851236 2.329248 0.188884 0.4251896 2.581059 -0.1440556 0.1831126 2.245598 0.2884737 0.2611532 2.694968 0.063164 0.1474964 2.215948 0.3406162 0.3868422 2.442604 0.1379245 0.1443804 2.215012 0.3297754 0.4004065 2.415518 0.07975928 0.1578422 2.435633 0.09496489 0.08771473 2.434265 0.05147327 0.01166842 2.380279 0.1607142 0.008327047 2.486809 -0.03399275 -0.4902311 2.464918 0.1400703 -0.4609019 2.653473 -0.0626988 -0.8634259 2.504584 0.09709299 -0.8309077 2.727667 -0.01998983 -0.9342588 2.458567 0.1410703 -0.8876331 2.764631
0.09016569 0.6950881 2.393056 0.03638825 0.5081907 2.425067 -0.06409989 0.3848682 2.329404 0.1881066 0.4228942 2.578396 -0.1442626 0.1825899 2.246271 0.290233 0.2617849 2.691386 0.09791514 0.1585501 2.214002 0.3400347 0.3885721 2.439256 0.1666272 0.1291449 2.217702 0.3293967 0.4002742 2.415433 0.07985651 0.1571859 2.435201 0.09476193 0.0868945 2.434012 0.05135509 0.01130364 2.380158 0.1601414 0.007461176 2.486361 -0.03410934 -0.4903661 2.464979 0.1401914 -0.4608607 2.653549 -0.06273119 -0.8636695 2.504375 0.0977941 -0.8300936 2.730052 -0.01934006 -0.9345873 2.457808 0.1420873 -0.8880341 2.764679
0.09021603 0.6950514 2.393106 0.03644449 0.5081562 2.425092 -0.0638518 0.3846295 2.329613 0.1890832 0.4236121 2.581638 -0.1443141 0.1824611 2.246696 0.2911816 0.2620181 2.691013 0.09816984 0.1606751 2.213024 0.333121 0.3817542 2.433636 0.1693483 0.1388797 2.220659 0.327185 0.3951115 2.412243 0.07986479 0.1575786 2.434818 0.09446268 0.08770314 2.433701 0.0510698 0.01161147 2.379455 0.1598858 0.007753066 2.486315 -0.03414987 -0.4905017 2.464972 0.1401308 -0.460988 2.653563 -0.06275262 -0.8638123 2.504382 0.09744051 -0.8302445 2.729563 -0.0189783 -0.9353946 2.457331 0.1405792 -0.8906784 2.761262
0.09091713 0.6956969 2.393774 0.03638437 0.5083652 2.424901 -0.0637277 0.3845969 2.329787 0.1887188 0.4221267 2.579654 -0.1437859 0.1823492 2.246861 0.2888411 0.2632608 2.692707 0.09703392 0.1740419 2.206832 0.3683872 0.3200309 2.501059 0.1710663 0.1799349 2.216011 0.3295826 0.3695987 2.415662 0.08039989 0.1593204 2.433745 0.09515218 0.09023798 2.432427 0.05168771 0.01402612 2.376261 0.1610073 0.009647743 2.486177 -0.03438305 -0.4907431 2.465101 0.1403972 -0.4604823 2.653479 -0.0628362 -0.8638029 2.504475 0.09738597 -0.8302298 2.729524 -0.01957391 -0.9350747 2.457391 0.146351 -0.8877537 2.758009
0.09009042 0.6951034 2.393014 0.03637242 0.5082138 2.424884 -0.0635727 0.3844209 2.329903 0.1886807 0.4230051 2.579969 -0.142561 0.1825735 2.246587 0.2829888 0.2689237 2.694765 0.06108373 0.1880376 2.201129 0.3657601 0.3101396 2.50033 0.1338666 0.2041755 2.207626 0.3312934 0.3408183 2.416559 0.08025304 0.1612401 2.432952 0.09493504 0.09335324 2.431317 0.05128824 0.01644084 2.372971 0.1611777 0.01092458 2.48637 -0.03438238 -0.4907396 2.465122 0.1403042 -0.4605519 2.653694 -0.06286349 -0.8637733 2.504478 0.09741039 -0.8302474 2.729483 -0.01905764 -0.9353699 2.45652 0.1464049 -0.8875021 2.758454
0.0897467 0.6952429 2.392921 0.0364014 0.5081869 2.424846 -0.06335511 0.3841323 2.329956 0.1882461 0.4238988 2.579626 -0.1415532 0.1828673 2.24551 0.2774958 0.272215 2.695513 0.09588859 0.2240843 2.193831 0.3251262 0.2971817 2.463986 0.1685193 0.2253089 2.211812 0.3355349 0.3026377 2.416343 0.08079686 0.1635193 2.432682 0.09566507 0.09644071 2.431091 0.05195745 0.01849469 2.371018 0.1625733 0.01338202 2.488116 -0.03423868 -0.4907529 2.465058 0.1404704 -0.4606673 2.653847 -0.06282102 -0.8640303 2.50462 0.09725001 -0.8295991 2.728767 -0.01904098 -0.9354777 2.456523 0.1470531 -0.8871828 2.758498
0.08955333 0.6948541 2.392754 0.03643097 0.5078654 2.424749 -0.06333834 0.3840303 2.329949 0.1889377 0.4239762 2.581567 -0.1399869 0.1832802 2.2448 0.2756132 0.2740507 2.696206 0.09669578 0.2335309 2.193476 0.3249295 0.2882454 2.46409 0.1614189 0.2697378 2.203478 0.3356261 0.2913242 2.416676 0.08069493 0.1636156 2.432485 0.09556095 0.09656235 2.430876 0.05072307 0.01803721 2.368746 0.1628552 0.01328413 2.48843 -0.03398553 -0.4904738 2.464901 0.1405132 -0.460666 2.653839 -0.06283933 -0.8640597 2.504547 0.0975892 -0.8291314 2.72899 -0.01908166 -0.9354474 2.456527 0.1457422 -0.8874474 2.757245
0.08963592 0.6948376 2.392541 0.03559473 0.5079198 2.424324 -0.06356641 0.3839905 2.329909 0.1889102 0.4273607 2.583159 -0.1384711 0.1840919 2.243395 0.2701875 0.2808033 2.691818 0.05999592 0.2459314 2.190285 0.3269644 0.2702016 2.461313 0.1304097 0.2708914 2.194637 0.3380406 0.2681334 2.418982 0.08011745 0.1642356 2.431847 0.09510094 0.09716935 2.430244 0.04975998 0.01889844 2.368011 0.1629805 0.01382051 2.488003 -0.03391215 -0.4903984 2.464882 0.1403168 -0.4608415 2.653934 -0.06293914 -0.8639137 2.504397 0.09766757 -0.8292068 2.729285 -0.01915929 -0.9353412 2.456724 0.1319946 -0.9009773 2.74301
0.089187 0.6946392 2.392065 0.03565374 0.5077512 2.424367 -0.0643544 0.384389 2.3298 0.1953713 0.4377709 2.59732 -0.1359272 0.185933 2.239322 0.269136 0.283359 2.691274 0.07676176 0.2698524 2.186941 0.3285806 0.2580521 2.462708 0.1399398 0.3092514 2.194443 0.3394452 0.2534268 2.423404 0.08003369 0.1642256 2.431766 0.09504554 0.09715956 2.430205 0.04832755 0.01823951 2.367803 0.1636146 0.01374701 2.487973 -0.03375121 -0.4907178 2.465268 0.1403699 -0.4607568 2.653847 -0.0631935 -0.8650097 2.504587 0.0976684 -0.8293269 2.729694 -0.01877376 -0.9361461 2.4565 0.1603214 -0.888267 2.797008
0.08891921 0.6943845 2.391023 0.03563395 0.5075428 2.424313 -0.06508138 0.38553 2.32919 0.1951977 0.4403499 2.599364 -0.1338516 0.1867584 2.237512 0.2681488 0.2853794 2.692763 0.07546651 0.2760701 2.184474 0.3818288 0.2616739 2.51253 0.1217867 0.311479 2.190234 0.3416717 0.2406563 2.428899 0.07984632 0.1637488 2.43152 0.09481054 0.09649012 2.429932 0.04708717 0.01724925 2.367374 0.1641503 0.01299239 2.487837 -0.03365884 -0.4909644 2.465413 0.1402669 -0.4608416 2.65385 -0.0631533 -0.8648183 2.504727 0.09768403 -0.8293579 2.72969 -0.01869627 -0.9361184 2.45648 0.1419278 -0.904628 2.738765
0.08886592 0.6942843 2.390797 0.03561774 0.5075831 2.424314 -0.06598641 0.38646 2.32809 0.1953142 0.4406807 2.600428 -0.1319046 0.187696 2.235286 0.2670701 0.2864266 2.69368 0.07426006 0.2838627 2.18259 0.3419547 0.2403995 2.496989 0.1175499 0.3271558 2.188924 0.3413543 0.2359175 2.433077 0.07810684 0.1867245 2.433508 0.09245966 0.1283399 2.432933 0.04754087 0.02625649 2.359456 0.1657617 0.02797544 2.5056 -0.03352559 -0.4908205 2.465317 0.1403367 -0.4611872 2.654116 -0.06378048 -0.8657721 2.50663 0.0978311 -0.82916 2.729784 -0.01889325 -0.9361038 2.457463 0.1431513 -0.8931195 2.749097
0.08862199 0.6943025 2.390444 0.03561638 0.5075611 2.424254 -0.06671727 0.3876709 2.327292 0.1947784 0.4415276 2.600438 -0.1309634 0.1879903 2.233812 0.2663585 0.2881092 2.694302 0.04655217 0.2795736 2.183151 0.3299919 0.24221 2.470397 0.1159927 0.3293906 2.188627 0.3410825 0.2342103 2.433729 0.07776427 0.1891054 2.433279 0.09219456 0.1297708 2.432718 0.04738269 0.02925351 2.356559 0.1655363 0.02986933 2.506868 -0.03365594 -0.4909466 2.465246 0.1402535 -0.4612434 2.654059 -0.06377691 -0.8656599 2.506589 0.09788392 -0.8291541 2.729882 -0.01878152 -0.9364033 2.457359 0.1370579 -0.8987371 2.741769
0.08859555 0.6940707 2.389765 0.03542888 0.5077884 2.423812 -0.06732145 0.3885569 2.326134 0.1937767 0.4431138 2.60019 -0.1299742 0.1881874 2.232787 0.266214 0.2886939 2.693203 0.06357116 0.2933989 2.180369 0.3305181 0.2416716 2.46975 0.115627 0.3302797 2.188519 0.3413617 0.2337423 2.434348 0.07726108 0.1915499 2.433046 0.09178694 0.1315539 2.432576 0.04756368 0.03124212 2.354483 0.1650267 0.03109094 2.508613 -0.03338871 -0.4907924 2.465057 0.1402245 -0.4613118 2.654058 -0.06346906 -0.8655671 2.505841 0.09769592 -0.8291305 2.729615 -0.01861399 -0.9366515 2.456944 0.1373135 -0.8984422 2.741613
0.08825633 0.6943425 2.388771 0.03543136 0.5077676 2.423692 -0.06746884 0.3887836 2.325856 0.1939176 0.4445763 2.602094 -0.1297211 0.1886789 2.232173 0.2659914 0.2888321 2.692951 0.06652531 0.2941265 2.180705 0.3304467 0.2422457 2.469446 0.1154705 0.330194 2.188605 0.3519272 0.2267202 2.399465 0.07727359 0.1923223 2.433132 0.09181491 0.1321179 2.432685 0.04770159 0.03209161 2.354356 0.1651475 0.03201238 2.509273 -0.03311327 -0.4904151 2.464605 0.1401767 -0.4614352 2.654058 -0.06355526 -0.8657374 2.50503 0.09770834 -0.8291923 2.729606 -0.01855568 -0.9369345 2.456667 0.1521036 -0.8899838 2.755569
0.08824506 0.6942266 2.38868 0.03557841 0.5076544 2.423718 -0.06745254 0.3887816 2.325822 0.1938914 0.4447928 2.602375 -0.1296821 0.1889705 2.231946 0.2657156 0.2919434 2.690165 0.06785552 0.2926346 2.180968 0.3310796 0.2478641 2.466399 0.1184515 0.3274839 2.189438 0.3528628 0.2331742 2.396331 0.07847217 0.1732241 2.430503 0.09324584 0.1023178 2.42836 0.04518665 0.02378907 2.358235 0.1665872 0.01922514 2.49547 -0.03314818 -0.4907097 2.464633 0.1401991 -0.4614751 2.653978 -0.06352142 -0.8658008 2.505098 0.09758045 -0.8294739 2.729825 -0.01856626 -0.9368334 2.456988 0.1427864 -0.8982843 2.761045
0.08842778 0.6941808 2.388762 0.03574484 0.5075026 2.423891 -0.06745178 0.3887382 2.32587 0.1937196 0.4446069 2.602137 -0.1298448 0.1891242 2.232049 0.2650425 0.2919269 2.689092 0.07349417 0.2850727 2.182095 0.3315468 0.2559427 2.462478 0.118167 0.3081493 2.189711 0.3432859 0.2490738 2.426413 0.07888167 0.1699934 2.430195 0.09353464 0.1003955 2.428133 0.0448655 0.02133036 2.359908 0.1668678 0.01705077 2.492513 -0.03311806 -0.4908604 2.46458 0.1404644 -0.4620045 2.654761 -0.0635937 -0.865923 2.505226 0.09764817 -0.8293702 2.729683 -0.01853146 -0.9369877 2.456951 0.1220552 -0.9049066 2.714984
0.08919717 0.6941611 2.38949 0.03570468 0.5076177 2.423806 -0.06727871 0.3885882 2.326003 0.1928681 0.4419805 2.599881 -0.1299769 0.1892963 2.232153 0.2649626 0.2882487 2.689478 0.07800359 0.2704761 2.185092 0.3299934 0.2654979 2.462246 0.1474721 0.2949306 2.198353 0.3432029 0.2608766 2.418834 0.0789004 0.1710458 2.43015 0.09362112 0.1029987 2.428235 0.04545128 0.02175763 2.359723 0.1665491 0.0176767 2.492894 -0.03298839 -0.4908939 2.464549 0.1408078 -0.4635878 2.6557 -0.06346424 -0.8661906 2.505052 0.09803753 -0.8242792 2.728944 -0.01939362 -0.9366561 2.457496 0.1227721 -0.9004577 2.718821
0.0901427 0.6934312 2.389538 0.03614473 0.5073168 2.423716 -0.06543658 0.3875245 2.326418 0.1922331 0.4367924 2.596462 -0.1310185 0.1891098 2.232844 0.2669544 0.2833852 2.690529 0.07134584 0.2426091 2.192242 0.3302271 0.2785276 2.461618 0.1383337 0.2756716 2.196629 0.3441238 0.2774607 2.414311 0.07922536 0.1711043 2.430205 0.0940382 0.1033303 2.428375 0.04647886 0.02162293 2.359703 0.1666295 0.01779694 2.493195 -0.03266846 -0.4909395 2.464446 0.1408609 -0.4636568 2.655726 -0.06352554 -0.8665929 2.50506 0.0978894 -0.8243843 2.729177 -0.02024707 -0.9366735 2.459059 0.1301415 -0.8983688 2.727307
0.09062069 0.6934274 2.389245 0.0361903 0.5072742 2.423566 -0.06485496 0.3870583 2.326564 0.1879695 0.4343998 2.587849 -0.1314501 0.1886999 2.233729 0.2717844 0.2769648 2.691074 0.07933018 0.2360249 2.193877 0.3494508 0.3027905 2.415798 0.1502112 0.2576016 2.204368 0.3457681 0.29938 2.409976 0.07959195 0.1704112 2.430121 0.09438775 0.1027492 2.428346 0.04790084 0.02065415 2.359672 0.1663796 0.01686776 2.493313 -0.03254067 -0.4910209 2.464432 0.14086 -0.463655 2.65571 -0.0635871 -0.8665887 2.505054 0.09758972 -0.8263831 2.729194 -0.02051348 -0.9372215 2.457481 0.1492298 -0.8897415 2.767577
0.09104916 0.6936414 2.389214 0.03625061 0.5074 2.42348 -0.06425312 0.3867313 2.326677 0.1886814 0.4294298 2.586652 -0.1320448 0.188426 2.234493 0.2739153 0.2730809 2.692884 0.08780558 0.2268216 2.197153 0.360502 0.3046417 2.498309 0.1586246 0.2421884 2.215813 0.3484388 0.3213049 2.414842 0.07988378 0.1700157 2.430041 0.09471705 0.1023526 2.428299 0.0489314 0.02069684 2.360578 0.1662111 0.01642486 2.492542 -0.03252383 -0.4915044 2.464252 0.1409414 -0.4640678 2.655647 -0.06362444 -0.8668388 2.505395 0.09789827 -0.8278323 2.729354 -0.02034619 -0.9375091 2.457156 0.1505477 -0.8891691 2.766572
0.09231861 0.6931169 2.389353 0.03626987 0.5074441 2.423457 -0.06388735 0.3866097 2.326747 0.1907849 0.4269051 2.589188 -0.1331699 0.1883847 2.235221 0.276284 0.2705989 2.693758 0.06911048 0.1853936 2.203014 0.36844 0.3076896 2.503021 0.1296789 0.220664 2.21145 0.3503682 0.3404518 2.412952 0.07998803 0.1697627 2.429945 0.09483987 0.1021345 2.42823 0.04922544 0.02075646 2.36111 0.1660468 0.0159524 2.491498 -0.03242112 -0.4916508 2.464154 0.1410314 -0.464138 2.655585 -0.06368415 -0.8668431 2.505445 0.09807585 -0.8280399 2.729089 -0.02031363 -0.9373106 2.457478 0.1463811 -0.8851392 2.763299
0.09262786 0.6930169 2.389344 0.03618211 0.507516 2.42325 -0.06348085 0.3864752 2.326778 0.191425 0.423397 2.587953 -0.1335433 0.1885352 2.23561 0.2799477 0.2655528 2.697481 0.08941124 0.1850802 2.206895 0.3734742 0.3129867 2.509959 0.1589262 0.2083514 2.221931 0.351288 0.3556525 2.416087 0.08011227 0.1675409 2.429209 0.09505571 0.09942155 2.427442 0.04951045 0.02000067 2.361842 0.1652801 0.01363089 2.488352 -0.03241581 -0.491648 2.464112 0.1410675 -0.4643799 2.655736 -0.0636708 -0.8663554 2.505435 0.09793054 -0.8281029 2.728959 -0.0200996 -0.9373082 2.457136 0.1448206 -0.8900466 2.750904
0.09297088 0.6931337 2.38948 0.03616262 0.5076203 2.423141 -0.06331381 0.3864203 2.326845 0.1887364 0.421937 2.582154 -0.1345848 0.1889841 2.235897 0.2817517 0.265018 2.698029 0.09457015 0.1786159 2.211702 0.3773372 0.3408391 2.522063 0.1647329 0.1607244 2.247962 0.3495159 0.377682 2.412125 0.07998897 0.164336 2.429917 0.09486083 0.09518045 2.428543 0.05052641 0.01768505 2.36676 0.1632127 0.01111823 2.487314 -0.0323706 -0.4921517 2.464554 0.1410488 -0.4642285 2.655586 -0.0637418 -0.866503 2.505484 0.09780441 -0.8282811 2.728825 -0.01939609 -0.9378498 2.456717 0.161675 -0.8861653 2.795905
0.09323926 0.6931172 2.389493 0.03615188 0.5076764 2.423137 -0.06317625 0.3863638 2.326893 0.1884404 0.4213209 2.580929 -0.1360735 0.189115 2.236338 0.2859266 0.2633449 2.698685 0.09788485 0.171648 2.213558 0.3779112 0.3427054 2.522333 0.1508158 0.1205644 2.227303 0.3467542 0.3905771 2.412056 0.08029722 0.16093 2.430512 0.0952775 0.09095116 2.429302 0.0511962 0.01508264 2.369843 0.1627468 0.00913694 2.486357 -0.03246785 -0.492063 2.464319 0.1410954 -0.4640094 2.655507 -0.06319799 -0.8655246 2.505551 0.09800252 -0.8282381 2.728807 -0.01982041 -0.93694 2.457588 0.1209923 -0.9048358 2.71778
0.09378167 0.6934955 2.389833 0.03614035 0.5078503 2.423065 -0.06255241 0.3860422 2.326872 0.1896412 0.4204865 2.581861 -0.137436 0.1886801 2.236742 0.2877475 0.2629523 2.69968 0.06165886 0.1491377 2.214716 0.377661 0.3479531 2.525027 0.1362943 0.1491245 2.220166 0.3474702 0.3964477 2.414374 0.07936333 0.159567 2.429521 0.0940154 0.08933505 2.427985 0.04990155 0.01477903 2.369423 0.1601976 0.00619188 2.482615 -0.03254666 -0.4918734 2.464049 0.1410749 -0.4639803 2.655469 -0.06320877 -0.8658103 2.505358 0.09747723 -0.8272456 2.72813 -0.02009014 -0.9367353 2.458752 0.1431099 -0.8889408 2.753202
0.09381381 0.6934829 2.389745 0.03644201 0.5078017 2.42302 -0.0623059 0.3858977 2.326856 0.1909546 0.4198948 2.582636 -0.138327 0.1884841 2.237366 0.2923369 0.259836 2.723326 0.06079765 0.1492008 2.214853 0.3637016 0.3365529 2.535752 0.1353943 0.1471331 2.220441 0.347842 0.4000939 2.416016 0.07935149 0.1578583 2.429061 0.09386491 0.08754234 2.427433 0.04945295 0.01410986 2.369556 0.1599738 0.004288384 2.48114 -0.03273195 -0.491744 2.463935 0.1410595 -0.4639012 2.655295 -0.06331096 -0.866102 2.50503 0.09633084 -0.8274594 2.726834 -0.02018727 -0.9366021 2.45892 0.140209 -0.8867929 2.759567
0.09408464 0.6934481 2.389727 0.03656719 0.5078273 2.423086 -0.06209777 0.3858465 2.326947 0.1920305 0.4188569 2.582875 -0.1389576 0.1882622 2.237961 0.2920218 0.2602589 2.725715 0.06019193 0.1492191 2.214969 0.3572228 0.3379735 2.536177 0.1347602 0.1465149 2.220662 0.3478086 0.4012345 2.415917 0.07935287 0.156617 2.429589 0.09393312 0.08619275 2.427919 0.04932773 0.01297896 2.371002 0.1599199 0.003430078 2.481101 -0.03283344 -0.491691 2.463947 0.1407816 -0.4641196 2.655178 -0.06327569 -0.8660722 2.50481 0.09557801 -0.8275599 2.72668 -0.02019174 -0.9367228 2.459064 0.1337973 -0.8949099 2.749493
0.09436934 0.6934202 2.389812 0.03673333 0.5078704 2.422957 -0.06196711 0.3858071 2.326988 0.1922488 0.4188648 2.582897 -0.1393295 0.1881753 2.239041 0.2918056 0.2590453 2.706172 0.05981706 0.1494186 2.214889 0.36817 0.3510863 2.528426 0.134373 0.1469908 2.220861 0.3473816 0.400953 2.415875 0.07927632 0.156035 2.429394 0.09392592 0.08562396 2.4276 0.04921828 0.01285497 2.371031 0.1598975 0.002942433 2.480328 -0.03284783 -0.491618 2.463993 0.1409369 -0.4635806 2.655063 -0.06330926 -0.8661911 2.504873 0.09565008 -0.8278432 2.726914 -0.01949798 -0.9376401 2.457727 0.1318251 -0.8981248 2.743313
0.09441878 0.6934454 2.38937 0.03703357 0.5077495 2.423 -0.06189096 0.3857417 2.326995 0.1928938 0.4187381 2.583122 -0.1394467 0.1880143 2.239487 0.2920281 0.2594432 2.704421 0.0599229 0.1506917 2.214429 0.3728172 0.3435462 2.524549 0.1344301 0.1500161 2.221384 0.346082 0.3979379 2.414764 0.07922 0.1559493 2.429405 0.09395061 0.08560684 2.427477 0.04916517 0.01281681 2.371019 0.1600016 0.003082812 2.479785 -0.03281293 -0.4913077 2.464159 0.1409237 -0.4635853 2.655088 -0.06371746 -0.8654122 2.506092 0.09578101 -0.8285688 2.727838 -0.01956895 -0.9375626 2.457587 0.136325 -0.8933908 2.753747
0.09434544 0.6934898 2.38926 0.03713401 0.5076612 2.423013 -0.06182327 0.3856839 2.326992 0.1928784 0.4190489 2.583058 -0.1393532 0.1879774 2.239542 0.289048 0.2622299 2.702677 0.06080195 0.1567553 2.21062 0.3737262 0.3337834 2.518914 0.1257225 0.1668072 2.219374 0.3424098 0.379721 2.417964 0.0790129 0.1563639 2.429307 0.09376676 0.08656304 2.427078 0.04892784 0.01345171 2.370192 0.1598552 0.003547025 2.479753 -0.03285745 -0.4913843 2.464162 0.140949 -0.4635189 2.655178 -0.06364194 -0.8653485 2.506011 0.09630225 -0.8292755 2.728287 -0.01958853 -0.9375672 2.457362 0.1382003 -0.8926941 2.755482
0.09435178 0.6934928 2.389293 0.03686363 0.5078608 2.422629 -0.06171137 0.3855323 2.326997 0.1908756 0.4207681 2.575136 -0.1390877 0.1879561 2.2397 0.2839464 0.2718229 2.69063 0.06185618 0.1639638 2.208298 0.3711563 0.3115177 2.497969 0.1275991 0.1882764 2.215698 0.3436841 0.3556923 2.412167 0.0792148 0.1579146 2.42891 0.09430794 0.0888899 2.426407 0.04943391 0.01469484 2.368693 0.1611186 0.006579255 2.480351 -0.03321235 -0.4914082 2.464432 0.1409434 -0.4634913 2.655165 -0.06365016 -0.8651194 2.506046 0.09690617 -0.8292499 2.727741 -0.01998768 -0.9372156 2.457434 0.1198077 -0.9065461 2.731948
0.09407485 0.6934624 2.389102 0.03690552 0.5078067 2.422528 -0.06169932 0.3854959 2.326997 0.1899351 0.4235053 2.574208 -0.1384302 0.1876929 2.23953 0.2832231 0.2719659 2.69051 0.06326452 0.1816775 2.202418 0.3481981 0.3203964 2.418596 0.1607106 0.2090859 2.204287 0.3424162 0.332788 2.407179 0.07926079 0.1609419 2.428741 0.09451155 0.09348108 2.42612 0.04987774 0.01671645 2.366932 0.1614177 0.009815687 2.481929 -0.03311801 -0.4911347 2.464083 0.1409141 -0.4634997 2.655146 -0.06354646 -0.8650877 2.505906 0.09749284 -0.8304583 2.729453 -0.01990521 -0.9372115 2.456847 0.1432165 -0.8905073 2.758094
0.09369472 0.693714 2.388932 0.03687235 0.5076638 2.422268 -0.06160336 0.3852836 2.326974 0.1906173 0.4233406 2.57537 -0.1381744 0.1875635 2.239504 0.2821797 0.2722276 2.690112 0.0632184 0.193143 2.199848 0.3312038 0.2914422 2.458317 0.1580033 0.2286822 2.198157 0.3439485 0.2964374 2.401572 0.07911538 0.1633824 2.428604 0.09449575 0.09679389 2.425976 0.04961863 0.01829447 2.365349 0.1622364 0.01214405 2.483561 -0.03291159 -0.4903312 2.463739 0.1409784 -0.4631633 2.65495 -0.06368229 -0.8649882 2.506009 0.09737584 -0.8301985 2.72965 -0.02043881 -0.9363257 2.457684 0.1432937 -0.8899939 2.758508
0.09355965 0.6937004 2.388609 0.03704761 0.5073867 2.421988 -0.06155328 0.3852256 2.32685 0.1906281 0.4306062 2.581678 -0.1371343 0.1876757 2.238455 0.2813031 0.2725589 2.6885 0.06363553 0.2400256 2.192291 0.3312346 0.2826023 2.456296 0.1362584 0.2565808 2.199473 0.3427207 0.2849126 2.405989 0.07910422 0.1635474 2.428621 0.09462752 0.09698007 2.426019 0.04959936 0.01831582 2.364942 0.1630394 0.01261063 2.484616 -0.03311868 -0.4908381 2.464036 0.1408896 -0.4629613 2.654671 -0.06379089 -0.8658304 2.505748 0.09712353 -0.8309283 2.729833 -0.01976918 -0.9371315 2.457192 0.1446071 -0.8879898 2.761551
0.09251242 0.6939731 2.387855 0.03715893 0.5074148 2.421985 -0.06167747 0.3853495 2.326648 0.1910197 0.4366673 2.586198 -0.1359024 0.188258 2.237171 0.2755604 0.2795793 2.688222 0.07900801 0.2603082 2.188849 0.3355353 0.2637813 2.458899 0.15042 0.2810858 2.197117 0.3479216 0.2605186 2.41433 0.07919933 0.1635127 2.428621 0.09479156 0.09686014 2.426075 0.0494872 0.01810785 2.364877 0.1637643 0.01273554 2.484839 -0.03309087 -0.4912458 2.464351 0.1408082 -0.4630392 2.6545 -0.06400915 -0.8664566 2.505789 0.0968115 -0.8308729 2.729769 -0.01925791 -0.9379184 2.457307 0.1440165 -0.8928043 2.75105
0.09162588 0.6936964 2.387554 0.03724329 0.5073317 2.42197 -0.06273358 0.3860958 2.325935 0.1903421 0.449407 2.594162 -0.1338312 0.1892529 2.234575 0.2694646 0.2849796 2.688087 0.08195068 0.2729491 2.187987 0.3425915 0.2390338 2.467304 0.1451062 0.3121321 2.196701 0.3533832 0.2322534 2.436716 0.07916963 0.1634578 2.428547 0.09484173 0.09675173 2.426075 0.04895936 0.01785147 2.365037 0.1643963 0.01305169 2.484525 -0.03313001 -0.4913141 2.464212 0.1408807 -0.4629178 2.654349 -0.06402615 -0.8664491 2.505785 0.09682681 -0.8307894 2.729798 -0.01970582 -0.9374344 2.458002 0.143213 -0.8940874 2.748726
0.09166334 0.6937679 2.387565 0.03735114 0.507418 2.422039 -0.06364486 0.3870834 2.32517 0.1919681 0.45435 2.599144 -0.1308921 0.1899039 2.231907 0.2670037 0.2883654 2.686584 0.08034512 0.2859102 2.186552 0.3445667 0.2340159 2.469478 0.1253403 0.3213963 2.193467 0.3546802 0.2269292 2.442932 0.07917985 0.1632778 2.428583 0.09486926 0.09630755 2.426168 0.04794072 0.01716917 2.365376 0.1648882 0.01285122 2.48439 -0.033105 -0.4913807 2.464185 0.1408463 -0.4626706 2.654091 -0.06417391 -0.8667148 2.506067 0.09689654 -0.8307203 2.729426 -0.01933311 -0.9377688 2.457287 0.1419455 -0.8949085 2.748583
0.09161852 0.6940847 2.387855 0.03712491 0.5076991 2.421883 -0.06505962 0.3886756 2.323372 0.1958648 0.4526146 2.604904 -0.1271376 0.1909901 2.229207 0.2659208 0.2899853 2.686842 0.07879227 0.2963845 2.184464 0.3900372 0.2190406 2.528987 0.1205379 0.3305714 2.191787 0.3591624 0.2144928 2.449381 0.08015184 0.1503033 2.427763 0.09666484 0.07596909 2.425178 0.04166454 0.005825464 2.374121 0.1732444 0.0001012878 2.472563 -0.03324845 -0.4913526 2.464137 0.1408165 -0.4624247 2.653956 -0.06416424 -0.8669078 2.505677 0.09706957 -0.8308796 2.729566 -0.01925458 -0.9378251 2.457793 0.1421693 -0.8952613 2.747936
0.0912398 0.6939057 2.387573 0.03704518 0.5078827 2.421978 -0.0661391 0.3889268 2.321441 0.1979699 0.449198 2.607938 -0.1248858 0.191999 2.227365 0.2661393 0.2895766 2.690032 0.07711852 0.2995479 2.183617 0.3873186 0.2191231 2.529468 0.1173278 0.3390414 2.191019 0.3597507 0.2089061 2.451013 0.07970513 0.1449604 2.427234 0.09604274 0.07072154 2.424493 0.03841153 0.001435707 2.375605 0.1740873 -0.004232467 2.469551 -0.03322097 -0.4911419 2.464062 0.1407931 -0.4624023 2.653958 -0.06409962 -0.8660198 2.506437 0.09674592 -0.8310392 2.728503 -0.01957153 -0.9370735 2.458222 0.1420582 -0.8953761 2.746503
0.09082556 0.6941563 2.387129 0.03708462 0.50823 2.422026 -0.06665049 0.3894827 2.320425 0.1991273 0.4462724 2.610291 -0.1244859 0.1922542 2.226303 0.2666815 0.2888028 2.692897 0.07504159 0.3033125 2.182793 0.3848859 0.21451 2.531804 0.1154172 0.3430836 2.190839 0.3597455 0.2066962 2.453574 0.08024843 0.1429991 2.427298 0.09660381 0.06878523 2.424591 0.03813828 0.0001424528 2.377281 0.1750986 -0.005309813 2.468224 -0.03322692 -0.4911361 2.463976 0.1407355 -0.462261 2.65391 -0.06430619 -0.8662673 2.506447 0.09714348 -0.8300612 2.727525 -0.02002208 -0.9367894 2.458967 0.1456882 -0.8892303 2.753192
0.09085528 0.6941145 2.387182 0.03709176 0.5084234 2.422228 -0.06688038 0.3901454 2.319808 0.1956607 0.4452655 2.605298 -0.1236017 0.1926842 2.22512 0.2644063 0.2914896 2.693709 0.07427958 0.3052397 2.182861 0.3900003 0.2114352 2.542034 0.114975 0.3449968 2.191379 0.3599634 0.2063414 2.454717 0.07960075 0.1399867 2.42663 0.09565378 0.06537019 2.423594 0.03705867 -0.001504489 2.376308 0.1737844 -0.00817873 2.467129 -0.0332606 -0.4918912 2.46438 0.1407164 -0.4622824 2.653878 -0.0643133 -0.8664582 2.50634 0.09707594 -0.8309383 2.727997 -0.01943691 -0.9374018 2.457739 0.13636 -0.8998833 2.742818
0.09106928 0.694137 2.387381 0.03711028 0.5084196 2.422258 -0.06721582 0.3904207 2.319484 0.1972435 0.4399179 2.604635 -0.1233346 0.1928602 2.224634 0.2658359 0.2883619 2.694706 0.0740545 0.3056623 2.182914 0.3896134 0.213489 2.538561 0.1150143 0.3453881 2.191632 0.3607143 0.2087009 2.457154 0.07965143 0.1388905 2.426393 0.09564706 0.06444722 2.423314 0.03656299 -0.002389008 2.376695 0.1740144 -0.00882695 2.465836 -0.03324243 -0.4918574 2.464387 0.1407261 -0.462228 2.653868 -0.06445722 -0.8666328 2.506603 0.09716134 -0.8311381 2.727719 -0.01937278 -0.9374683 2.456879 0.1427363 -0.8886216 2.761406
0.09128206 0.694018 2.387178 0.03713631 0.5083984 2.422252 -0.06706674 0.3905278 2.319323 0.1969582 0.4413847 2.605036 -0.1232661 0.1925853 2.22447 0.2652096 0.2888416 2.694013 0.0742979 0.3048101 2.183522 0.3919405 0.2204285 2.53722 0.1175869 0.3425615 2.193463 0.3633841 0.2172429 2.439885 0.07953764 0.1378493 2.426332 0.09547882 0.06351215 2.423289 0.03626332 -0.002818265 2.376512 0.1737621 -0.01009403 2.466105 -0.03307671 -0.4917668 2.464463 0.1405542 -0.4627198 2.654054 -0.06453218 -0.8669775 2.506459 0.09690305 -0.8308457 2.727798 -0.01938346 -0.9374675 2.456905 0.1440345 -0.8874515 2.760822
0.0920444 0.6938035 2.386976 0.03718153 0.5084159 2.422227 -0.06653463 0.3902557 2.319219 0.196924 0.4413167 2.604956 -0.1238934 0.1923787 2.224481 0.2652321 0.2887345 2.693846 0.07912648 0.2975494 2.18765 0.3952643 0.2238111 2.538395 0.1270682 0.3285046 2.198117 0.3617681 0.2272083 2.434933 0.0793994 0.1363244 2.426112 0.0952398 0.0618111 2.423077 0.03597144 -0.003396117 2.37694 0.1732117 -0.01130837 2.465095 -0.03294019 -0.4918 2.464308 0.1406463 -0.4628963 2.65414 -0.0645901 -0.8673669 2.50605 0.0969632 -0.830826 2.72782 -0.01892621 -0.9380285 2.455938 0.1466125 -0.8858397 2.759829
0.09202506 0.6938512 2.386965 0.0372019 0.5084044 2.422201 -0.06600449 0.3896292 2.319518 0.1941376 0.4395988 2.598177 -0.1246748 0.1920988 2.224826 0.2644064 0.2873212 2.693213 0.08215409 0.2790737 2.189721 0.3356319 0.2653485 2.490719 0.150632 0.30622 2.202919 0.3616332 0.25454 2.421229 0.07910822 0.1694675 2.428665 0.09455049 0.1119589 2.427102 0.04690202 0.0177228 2.359655 0.165116 0.01853411 2.493814 -0.03279171 -0.4909786 2.464136 0.1410054 -0.4626707 2.653963 -0.06478178 -0.8655199 2.507174 0.09656335 -0.8304565 2.727594 -0.01967549 -0.9365157 2.456532 0.1438832 -0.8920112 2.749684
0.0924112 0.6933132 2.386754 0.03735743 0.5083268 2.422305 -0.0639895 0.3879088 2.319869 0.1944908 0.4382467 2.597943 -0.1255839 0.1916126 2.22552 0.267565 0.2843026 2.693542 0.086972 0.2595351 2.191743 0.3402127 0.2704795 2.468033 0.1546187 0.2889167 2.20443 0.3586481 0.2669717 2.414237 0.08017916 0.1675359 2.429132 0.09696279 0.1038484 2.427722 0.04784989 0.01687801 2.360501 0.1668145 0.01645457 2.49273 -0.03187098 -0.4903662 2.463787 0.1413742 -0.4624603 2.654095 -0.06480923 -0.8656766 2.506852 0.09656955 -0.8304474 2.727623 -0.01949981 -0.9367951 2.455914 0.1438447 -0.8932413 2.74601
0.09263149 0.6931157 2.386725 0.03749897 0.5082133 2.42233 -0.06293261 0.3871098 2.320306 0.1946975 0.4355127 2.596383 -0.1272957 0.1907585 2.226386 0.2743983 0.2789868 2.691906 0.07635532 0.2337964 2.193652 0.3604832 0.2937444 2.417795 0.1468204 0.2558878 2.205774 0.3578606 0.2900175 2.408812 0.08033463 0.1678412 2.429189 0.0969897 0.103902 2.427711 0.04865873 0.01806589 2.360714 0.1668446 0.01667115 2.492441 -0.0317619 -0.4904121 2.463794 0.1414351 -0.4626544 2.65435 -0.06477235 -0.8658608 2.506578 0.09674931 -0.8304816 2.727888 -0.02000215 -0.9366546 2.457017 0.1392001 -0.8988981 2.733647
0.09284445 0.6931646 2.386699 0.03763873 0.5080763 2.422136 -0.06178761 0.3861854 2.320694 0.1878057 0.4238974 2.575735 -0.1285936 0.1901164 2.227463 0.2777129 0.2734382 2.693132 0.08915461 0.222878 2.195614 0.3602183 0.3040667 2.496526 0.1609647 0.2358009 2.212244 0.3520041 0.3323573 2.412291 0.08052711 0.1677167 2.429224 0.09701737 0.103281 2.427459 0.04920867 0.01815449 2.360772 0.1664211 0.01655303 2.491688 -0.0317222 -0.490633 2.463866 0.1415014 -0.4627794 2.654369 -0.06464238 -0.8660855 2.506601 0.09680248 -0.8303889 2.727886 -0.01963718 -0.9371174 2.456809 0.1504548 -0.890388 2.752533
0.09379774 0.6932552 2.386756 0.03763603 0.5081318 2.422135 -0.06124168 0.3860298 2.321099 0.1875255 0.4241774 2.575237 -0.1301484 0.1903098 2.229244 0.2779924 0.273202 2.693332 0.09825931 0.1944356 2.200604 0.3716202 0.3069742 2.502728 0.1712523 0.1944807 2.217105 0.3513171 0.3419816 2.411036 0.08103584 0.1670252 2.429624 0.09775096 0.1015245 2.428013 0.05284325 0.01745248 2.364335 0.1662522 0.01632439 2.491102 -0.03122428 -0.490095 2.463749 0.1415785 -0.4627476 2.654366 -0.06458573 -0.8661016 2.506654 0.0971297 -0.8304739 2.728185 -0.02007998 -0.9366306 2.45711 0.151097 -0.8889955 2.753975
0.09390202 0.6931523 2.386623 0.03771138 0.5081434 2.42214 -0.06047405 0.3851923 2.321424 0.1877087 0.4239387 2.574887 -0.1327965 0.190505 2.231251 0.2802724 0.2712803 2.693253 0.1024909 0.1809864 2.205223 0.3797265 0.3167925 2.508551 0.1751897 0.1694941 2.218758 0.3453687 0.3716743 2.407156 0.08161762 0.1650321 2.430253 0.09831461 0.09796571 2.428774 0.05433879 0.01598026 2.36697 0.1656953 0.01468543 2.489911 -0.03122472 -0.4902612 2.463579 0.1415543 -0.4626189 2.65431 -0.06449649 -0.8661588 2.506421 0.09621927 -0.8302081 2.728637 -0.02022773 -0.9366814 2.457454 0.1464669 -0.8854768 2.759239
0.09400388 0.6931621 2.386363 0.03776577 0.5080642 2.421964 -0.05990405 0.3845041 2.321817 0.193956 0.4243331 2.585027 -0.1350705 0.1890324 2.233657 0.2857252 0.2652072 2.694766 0.06374425 0.1490737 2.20819 0.3792524 0.324259 2.510861 0.1372861 0.1625749 2.211303 0.3446313 0.3812404 2.409888 0.08137492 0.1633432 2.430559 0.0978152 0.09543128 2.429239 0.05375873 0.01494551 2.370339 0.1646078 0.01274907 2.487765 -0.03097851 -0.4900295 2.463467 0.1417997 -0.4626706 2.654425 -0.06442412 -0.8661773 2.506353 0.0962093 -0.8303809 2.728575 -0.0202598 -0.9367841 2.457943 0.1570704 -0.8868049 2.765873
0.09435054 0.693266 2.386555 0.03795254 0.5080096 2.421754 -0.0591307 0.3840313 2.322398 0.195074 0.4205112 2.584685 -0.1364796 0.1863995 2.235631 0.2869527 0.2649829 2.69216 0.06272778 0.148961 2.208649 0.3514507 0.3817813 2.438364 0.1623187 0.1382373 2.223397 0.3417162 0.3904664 2.407706 0.08067785 0.1596096 2.430481 0.0964784 0.09010875 2.429037 0.05266154 0.01293134 2.372056 0.1621209 0.008443096 2.484499 -0.03103656 -0.489851 2.463335 0.1422331 -0.4632943 2.654565 -0.06438183 -0.8660806 2.506112 0.09568246 -0.8302417 2.728334 -0.02019304 -0.9367388 2.458188 0.1573181 -0.8863485 2.764238
0.09455664 0.6933492 2.386621 0.03824795 0.5076766 2.421631 -0.05873923 0.3835095 2.322681 0.1945119 0.4192965 2.582869 -0.138521 0.1850485 2.237826 0.2885749 0.2623656 2.694117 0.1119138 0.1461566 2.215316 0.3484313 0.3854904 2.442288 0.1841151 0.127974 2.222836 0.3381621 0.3969903 2.411366 0.08023918 0.1569662 2.430891 0.09573898 0.08708144 2.429449 0.05196754 0.01106339 2.373181 0.1608215 0.00609735 2.484117 -0.03112555 -0.4900959 2.463598 0.1424794 -0.4631501 2.65455 -0.06432949 -0.8663648 2.505779 0.09554781 -0.8300862 2.727849 -0.01994058 -0.9373063 2.457842 0.1569746 -0.8859236 2.763223
0.09473586 0.6937518 2.386535 0.03828609 0.5075426 2.421418 -0.05868286 0.3833763 2.322766 0.1948026 0.4186959 2.582476 -0.1393807 0.1850296 2.238336 0.2890109 0.2618704 2.693974 0.1117393 0.1463413 2.215343 0.3481289 0.3858424 2.442401 0.1831077 0.1248815 2.222139 0.3375548 0.3986507 2.412131 0.08026383 0.1562779 2.431032 0.09576006 0.08638612 2.429616 0.05196429 0.01022825 2.37399 0.1608168 0.005701488 2.483989 -0.03107905 -0.489898 2.463485 0.142715 -0.462865 2.654444 -0.06439236 -0.8663288 2.505728 0.09586488 -0.8293418 2.726549 -0.02010358 -0.9372948 2.458102 0.1478672 -0.8910441 2.749357
0.09481631 0.6935166 2.386308 0.03853061 0.507449 2.421247 -0.0584264 0.3830423 2.323049 0.1955615 0.4194957 2.583869 -0.1394549 0.184589 2.238912 0.2896072 0.2614783 2.693853 0.05991831 0.1478673 2.212445 0.3450622 0.3862141 2.441798 0.1382232 0.1387306 2.217794 0.336195 0.3994319 2.411661 0.08040639 0.1559203 2.431096 0.09588579 0.08604982 2.429687 0.05204208 0.01004145 2.374827 0.1609215 0.005552228 2.483584 -0.0311298 -0.4900347 2.463404 0.1428092 -0.4631474 2.65455 -0.06439568 -0.866326 2.505693 0.09585562 -0.8293456 2.726552 -0.02005832 -0.9372858 2.458121 0.1505165 -0.8892266 2.752007
0.09512457 0.6940122 2.386498 0.03860366 0.5075894 2.421134 -0.05832753 0.3829478 2.323179 0.195782 0.41932 2.583919 -0.1395646 0.1834301 2.239628 0.2899108 0.2609976 2.693462 0.05997992 0.1481695 2.211815 0.3451029 0.3855835 2.441269 0.1605394 0.1479916 2.223572 0.3355709 0.3983857 2.411341 0.08038253 0.1558971 2.431022 0.0958401 0.08602102 2.429568 0.05192795 0.01013316 2.374868 0.1608012 0.00560433 2.482738 -0.03097121 -0.4899588 2.463342 0.1428707 -0.4632124 2.654588 -0.06445526 -0.8659706 2.50569 0.09600516 -0.8294125 2.726507 -0.02040892 -0.9365817 2.457794 0.1532975 -0.8886844 2.754928
0.09531298 0.6937113 2.386174 0.03875338 0.5076377 2.421022 -0.05828881 0.3828903 2.323242 0.191268 0.4168574 2.572227 -0.1396106 0.1830039 2.240151 0.288524 0.2618972 2.693053 0.06050964 0.1518175 2.210988 0.3438444 0.3725932 2.434139 0.1606223 0.1584873 2.224519 0.3368651 0.3871639 2.412113 0.08084123 0.155976 2.430786 0.09600616 0.08609628 2.429461 0.05238223 0.01014594 2.374504 0.160862 0.005740944 2.482728 -0.03103371 -0.4896658 2.46328 0.1430144 -0.4631948 2.654721 -0.06412923 -0.8644163 2.506016 0.09602034 -0.8296266 2.726882 -0.02085695 -0.935388 2.457854 0.14897 -0.8917267 2.748802
0.09530258 0.6937557 2.386195 0.03901675 0.5075523 2.420955 -0.05813413 0.3828211 2.323426 0.1926321 0.4169205 2.574909 -0.1388307 0.1834062 2.240161 0.2856896 0.2621239 2.69444 0.1045794 0.1823859 2.204033 0.3434727 0.3218485 2.495562 0.176481 0.179751 2.224597 0.3382832 0.3669768 2.414419 0.08143347 0.1567441 2.430705 0.0964655 0.08734215 2.429691 0.05279119 0.0106042 2.374207 0.1613757 0.006344806 2.483653 -0.03111318 -0.4920926 2.463547 0.1430273 -0.4632167 2.654721 -0.06390885 -0.8649696 2.50668 0.09726676 -0.8304622 2.728794 -0.02047815 -0.9357234 2.457371 0.141137 -0.8961002 2.745609
0.09521476 0.6937138 2.385998 0.03911792 0.5075644 2.420984 -0.05804335 0.3826732 2.323497 0.1925262 0.4168561 2.574839 -0.1380432 0.1837792 2.239963 0.2854059 0.2622021 2.69458 0.07423128 0.1879976 2.203339 0.3490661 0.3118214 2.494649 0.1476876 0.1990663 2.212357 0.34008 0.3426256 2.414639 0.08201741 0.1581446 2.430561 0.09691521 0.08936572 2.429686 0.05352617 0.0117957 2.372714 0.1618904 0.007482582 2.484905 -0.03111416 -0.4923665 2.463645 0.1428751 -0.4646079 2.655131 -0.06374425 -0.8653685 2.506761 0.09771372 -0.8305014 2.728499 -0.01988539 -0.9364272 2.457315 0.1237692 -0.9066404 2.734792
0.09507435 0.6935636 2.385632 0.03886534 0.5074377 2.420879 -0.05802201 0.3825422 2.323581 0.192474 0.4201816 2.577876 -0.1368626 0.1842875 2.239474 0.2846513 0.2629227 2.694326 0.09626994 0.217382 2.197306 0.335631 0.2912157 2.463995 0.1692595 0.2268681 2.2108 0.3481093 0.2981409 2.410924 0.08207861 0.1610961 2.429978 0.09722567 0.09376358 2.428862 0.05359553 0.01503 2.36974 0.1635366 0.01093779 2.485953 -0.03105971 -0.4923853 2.463632 0.142868 -0.4664435 2.655895 -0.06354651 -0.8658833 2.506621 0.09779426 -0.8308175 2.729112 -0.01963713 -0.9367437 2.457858 0.123639 -0.9072279 2.732126
0.09500699 0.6940075 2.386251 0.03886469 0.5074001 2.420864 -0.05805415 0.3823515 2.323663 0.1895339 0.4230096 2.574611 -0.1360322 0.1847772 2.239047 0.2776209 0.2671457 2.693677 0.0962611 0.2270028 2.194861 0.3345396 0.2817965 2.463474 0.1626848 0.2601599 2.204245 0.3484283 0.2853715 2.4106 0.08204507 0.1613684 2.429689 0.09714924 0.09406134 2.428461 0.05313361 0.01551346 2.368102 0.1636143 0.01140328 2.48588 -0.03097089 -0.4930031 2.46433 0.1428737 -0.4661758 2.655625 -0.06358198 -0.8659643 2.506331 0.09826722 -0.8304898 2.729296 -0.01981417 -0.93626 2.458577 0.1230109 -0.9073209 2.729807
0.09482032 0.6939338 2.386172 0.03857366 0.5074043 2.420754 -0.05834542 0.3824738 2.323689 0.1898727 0.4256873 2.577447 -0.1347916 0.185341 2.238058 0.2727125 0.2736489 2.695951 0.09101514 0.2433646 2.191832 0.3355004 0.2652801 2.467038 0.1594505 0.2718672 2.202017 0.3511803 0.2631902 2.413247 0.08187269 0.1614266 2.429258 0.0970038 0.09405424 2.427932 0.0524207 0.01580346 2.367511 0.1640392 0.01181368 2.484886 -0.03099062 -0.4929734 2.464326 0.1426585 -0.4662599 2.655496 -0.06378976 -0.8664836 2.506263 0.09860364 -0.8305416 2.729117 -0.01976887 -0.9364538 2.458688 0.1258559 -0.9065204 2.729126
0.09426992 0.6938272 2.385756 0.03847697 0.5074392 2.420686 -0.05885215 0.3825909 2.323779 0.1895138 0.4316554 2.582142 -0.1322772 0.1867561 2.236319 0.2701214 0.2744054 2.696547 0.05871126 0.2520875 2.189488 0.3405905 0.2468654 2.471645 0.1243018 0.2879147 2.193202 0.3549964 0.2412355 2.428431 0.08146532 0.1682167 2.429107 0.09659547 0.1030111 2.427878 0.052137 0.01903169 2.364256 0.1653252 0.01784403 2.489453 -0.03082184 -0.4926461 2.463973 0.1425604 -0.466347 2.655408 -0.06373458 -0.8657197 2.506493 0.09747293 -0.8296072 2.72854 -0.01999762 -0.9360523 2.458666 0.136891 -0.8878933 2.768093
0.09422103 0.6938195 2.385778 0.03845626 0.5074415 2.420791 -0.05975649 0.3831586 2.323411 0.1833014 0.4520046 2.581803 -0.129898 0.1873218 2.235374 0.2634222 0.2864803 2.691893 0.07975738 0.277472 2.18761 0.405237 0.218838 2.549626 0.1315002 0.3124335 2.194871 0.3570744 0.2288457 2.437215 0.08161792 0.1674889 2.42891 0.09688866 0.1014479 2.427469 0.05193298 0.01835719 2.364046 0.16581 0.01765708 2.488826 -0.0307328 -0.4926978 2.463884 0.1425492 -0.4661948 2.655372 -0.06384501 -0.8653019 2.506702 0.09723194 -0.8299439 2.729153 -0.02015319 -0.9359326 2.458864 0.1459634 -0.8880278 2.765404
0.09404656 0.6939485 2.385849 0.03841395 0.5074347 2.420847 -0.06081084 0.3835382 2.322483 0.1876605 0.4505823 2.587285 -0.1281823 0.1880154 2.234358 0.2633961 0.2862845 2.692155 0.08012094 0.2821736 2.187074 0.3869358 0.2128215 2.535095 0.1287289 0.3185339 2.194979 0.3639087 0.2116885 2.435997 0.08048156 0.1851343 2.430394 0.09529714 0.1256114 2.429417 0.05176486 0.02691271 2.356826 0.167178 0.0289014 2.500114 -0.03040829 -0.4914293 2.46335 0.1426221 -0.4656651 2.654857 -0.06381103 -0.8648024 2.506791 0.09472302 -0.8154833 2.723706 -0.02018698 -0.9357396 2.458837 0.1264664 -0.8892311 2.732009
0.09381815 0.6938511 2.385843 0.03838794 0.5074188 2.420844 -0.06199175 0.3840167 2.32172 0.1885427 0.4512707 2.590736 -0.125927 0.1882685 2.233027 0.2632718 0.2923346 2.687317 0.07980286 0.2869253 2.186341 0.385499 0.2090587 2.534557 0.127617 0.3231634 2.194 0.3625615 0.2089706 2.442323 0.08030353 0.18862 2.430631 0.09517597 0.1285298 2.429683 0.05193522 0.0290419 2.35509 0.167452 0.0321619 2.502888 -0.03036642 -0.491311 2.463374 0.1427217 -0.4649766 2.654516 -0.06391121 -0.86498 2.50627 0.09568667 -0.8146684 2.724018 -0.02019868 -0.935639 2.4589 0.125864 -0.8891835 2.731234
0.0932584 0.6933362 2.385614 0.03837566 0.5074219 2.420848 -0.06286272 0.3846059 2.320995 0.1890959 0.4518272 2.592748 -0.125412 0.1885246 2.232303 0.2623178 0.2919413 2.68751 0.07939205 0.2881037 2.186187 0.3466601 0.2227751 2.477763 0.1291343 0.3279637 2.193965 0.3617295 0.2104173 2.442703 0.08012301 0.1893636 2.430608 0.09502754 0.1289702 2.429666 0.05165162 0.02992819 2.354485 0.1672929 0.03285524 2.503193 -0.03063682 -0.4914259 2.463418 0.1426741 -0.4650508 2.654466 -0.06381512 -0.8652875 2.505965 0.0950418 -0.8212805 2.724949 -0.02004929 -0.9360874 2.458245 0.1325659 -0.892157 2.734094
0.09333421 0.6942093 2.385583 0.03839119 0.5073798 2.420897 -0.06284587 0.3851182 2.320456 0.1890044 0.4518944 2.592712 -0.1250501 0.1884666 2.232324 0.261742 0.2836099 2.685103 0.07940878 0.2889638 2.185839 0.4089348 0.2254878 2.544235 0.1285452 0.3278488 2.193769 0.3599955 0.2150266 2.438964 0.08010381 0.1898861 2.430738 0.09499856 0.1293213 2.429775 0.05182981 0.03070039 2.35374 0.1670658 0.03326975 2.5042 -0.03061726 -0.4911779 2.463217 0.1426229 -0.4652025 2.654762 -0.06389999 -0.8653972 2.505982 0.09491364 -0.8242167 2.72629 -0.0196685 -0.9364584 2.457814 0.1497439 -0.887436 2.762023
0.09385136 0.6949413 2.385948 0.03851742 0.5075602 2.421183 -0.06278267 0.385287 2.320469 0.1891123 0.4517319 2.592927 -0.1252507 0.188672 2.231981 0.2619773 0.2821074 2.686683 0.07990503 0.2882279 2.186033 0.3383728 0.2414878 2.466 0.1292802 0.3270422 2.194323 0.3553029 0.232486 2.420089 0.08176676 0.1718459 2.429355 0.09724613 0.09989662 2.427147 0.05012227 0.02148242 2.358777 0.1686042 0.02139812 2.492312 -0.03029094 -0.4905306 2.463015 0.1426691 -0.4641746 2.654592 -0.06384976 -0.8651355 2.506326 0.09562988 -0.8246977 2.726137 -0.0196116 -0.9364815 2.456591 0.1506314 -0.8874564 2.761672
0.0940251 0.6951987 2.386311 0.03849625 0.507801 2.420959 -0.06245988 0.3852411 2.320732 0.1896913 0.4472808 2.592433 -0.125546 0.1888026 2.231934 0.2620089 0.2808517 2.687984 0.08076003 0.2802844 2.1865 0.3534463 0.2517588 2.416941 0.1505336 0.3060603 2.194699 0.3527377 0.2473202 2.414263 0.08221966 0.1691446 2.428947 0.09759249 0.09840359 2.427038 0.05037428 0.01961786 2.359953 0.1690173 0.01881516 2.490932 -0.03029605 -0.4907025 2.463104 0.1427408 -0.4645472 2.654781 -0.06391011 -0.8652045 2.506333 0.09622819 -0.8255032 2.726922 -0.01969277 -0.936491 2.457226 0.1512856 -0.8861851 2.76011
0.09425434 0.6952333 2.386387 0.03878693 0.5078256 2.421206 -0.06145547 0.3845275 2.32115 0.1876612 0.4423578 2.58738 -0.1264816 0.18858 2.232551 0.2658932 0.2767315 2.689871 0.08530434 0.2629414 2.187807 0.3508849 0.2839617 2.415106 0.1523601 0.2947966 2.197226 0.3437053 0.2837314 2.403113 0.08309757 0.1668815 2.428977 0.09830162 0.09687299 2.427054 0.05135616 0.0178518 2.360265 0.1692853 0.017097 2.490542 -0.03013611 -0.4905175 2.462903 0.1428284 -0.4651164 2.65583 -0.06391813 -0.8652517 2.506201 0.09630578 -0.8260263 2.726721 -0.0195425 -0.9365524 2.457002 0.1490139 -0.8852014 2.758728
0.09491754 0.6949459 2.386835 0.03891068 0.507849 2.421179 -0.06034913 0.3837263 2.321677 0.189487 0.4356137 2.586112 -0.1278848 0.1883176 2.233331 0.2747368 0.2718324 2.685175 0.09368783 0.2453379 2.190597 0.3531303 0.3004518 2.409816 0.1653706 0.2586497 2.207459 0.3439771 0.2991651 2.398985 0.08347417 0.1669079 2.429 0.09883845 0.09723741 2.427139 0.0525597 0.01828942 2.36084 0.1694713 0.01704481 2.490464 -0.03019667 -0.4906221 2.462893 0.1428809 -0.465018 2.655915 -0.06396979 -0.8658222 2.506363 0.09670282 -0.8263739 2.727486 -0.0196145 -0.9363877 2.45803 0.1484068 -0.8852388 2.758737
