0.09364195 0.6920419 2.410243 0.02195902 0.5138629 2.427211 -0.0397132 0.3761686 2.314519 0.1252209 0.4315486 2.587173 -0.06416452 0.16297 2.232794 0.237856 0.2717019 2.723465 0.1413329 0.2480285 2.242931 0.3306231 0.3062455 2.532745 0.1908405 0.3005845 2.262005 0.3609727 0.2954582 2.465369 0.07892045 0.1496234 2.457743 0.09822822 0.07872699 2.462709 0.07086517 0.007366612 2.407086 0.1490602 0.01541142 2.525936 0.005725659 -0.4830671 2.452356 0.1412428 -0.4260137 2.727214 -0.04543962 -0.867858 2.474282 0.05837163 -0.8167376 2.766379 0.01823413 -0.9317051 2.45003 0.08522542 -0.8707654 2.819841
0.09320948 0.6912051 2.409771 0.02187741 0.5136386 2.42731 -0.040442 0.3769087 2.314154 0.1251393 0.4313243 2.587273 -0.06413706 0.1631342 2.232928 0.2390338 0.2718234 2.720682 0.1369663 0.2529247 2.240644 0.3324095 0.3018928 2.529467 0.1894307 0.3017887 2.261539 0.3627587 0.2911057 2.462092 0.07645495 0.1537771 2.456034 0.09462402 0.08462244 2.459987 0.0669807 0.01156223 2.402916 0.1457218 0.02082808 2.523689 0.00576812 -0.4829159 2.452472 0.1413445 -0.4213565 2.725148 -0.04535913 -0.8675603 2.474357 0.05841812 -0.8171011 2.766984 0.02009237 -0.9327422 2.45071 0.08565421 -0.8708896 2.820493
0.09314315 0.6909876 2.409489 0.02181927 0.5135961 2.427254 -0.04182039 0.378089 2.313518 0.1250811 0.4312818 2.587217 -0.06338699 0.163885 2.233606 0.2374125 0.2673311 2.723493 0.1195805 0.2515934 2.225631 0.3321854 0.2974741 2.533032 0.1759562 0.3084445 2.253421 0.3234463 0.2696545 2.559546 0.07539422 0.1536036 2.455084 0.09327678 0.08406806 2.458771 0.06416635 0.01302814 2.402749 0.143475 0.02160871 2.519037 0.005757973 -0.4827577 2.452536 0.1418523 -0.42806 2.732632 -0.046026 -0.8685443 2.475158 0.05834089 -0.8170161 2.766939 0.0198669 -0.9324694 2.450674 0.08572555 -0.8705652 2.820611
0.09285737 0.6898513 2.408582 0.02173881 0.5136206 2.427242 -0.04365811 0.3801644 2.312955 0.1250007 0.4313062 2.587206 -0.0623259 0.1643334 2.234205 0.2365795 0.2657373 2.724904 0.1201531 0.2531262 2.224915 0.3407369 0.2811614 2.537856 0.1856835 0.3251635 2.251821 0.3237787 0.2658328 2.561347 0.07396982 0.1489573 2.453911 0.0914167 0.07632025 2.457122 0.06123297 0.01366066 2.405285 0.1417931 0.01640554 2.511043 0.005790766 -0.4826286 2.45257 0.1419524 -0.4248466 2.728512 -0.0456413 -0.8682275 2.474237 0.05813615 -0.8169322 2.766644 0.01980939 -0.9325224 2.450683 0.08528041 -0.8663255 2.826739
0.0926804 0.6894845 2.408332 0.0212818 0.5136396 2.427034 -0.04436777 0.3813719 2.31235 0.1245437 0.4313251 2.586997 -0.05954125 0.1658717 2.234692 0.2367942 0.2535306 2.727507 0.1217401 0.2571365 2.224095 0.3395714 0.2823873 2.541351 0.1797932 0.335656 2.250016 0.3241045 0.2633166 2.562314 0.07343054 0.1475623 2.453025 0.09103046 0.07471285 2.456208 0.06048439 0.01358286 2.406055 0.1412627 0.01665667 2.507365 0.005846822 -0.4824977 2.452566 0.1421911 -0.4195628 2.725589 -0.04554677 -0.8683559 2.474124 0.05813809 -0.8168145 2.766468 0.01978725 -0.9325275 2.450483 0.08358971 -0.8902652 2.74513
0.09285074 0.6887829 2.40781 0.02110755 0.5136528 2.4269 -0.04436177 0.3819245 2.312121 0.1243694 0.4313384 2.586864 -0.0584987 0.1667929 2.234765 0.2370441 0.2527835 2.727777 0.1222396 0.2591623 2.222783 0.3422021 0.2824922 2.543206 0.1796128 0.3381119 2.248909 0.3242145 0.2625269 2.563549 0.07285925 0.143156 2.452114 0.09057291 0.06887587 2.455269 0.05897441 0.01225396 2.409544 0.1405539 0.0147305 2.502128 0.005457091 -0.4824655 2.452739 0.1425352 -0.4184866 2.717507 -0.04549571 -0.8675499 2.474044 0.05806121 -0.8169083 2.76646 0.01953574 -0.93224 2.450459 0.09986436 -0.8720257 2.828323
0.09294208 0.6886218 2.407701 0.02094876 0.5137525 2.42657 -0.0451325 0.3826601 2.311627 0.1242106 0.4314381 2.586534 -0.05848435 0.1668968 2.234741 0.236884 0.2524062 2.728052 0.1156025 0.271131 2.226694 0.3411782 0.2843654 2.543358 0.1644233 0.3391728 2.251304 0.3239587 0.2649237 2.565468 0.07362582 0.144862 2.452544 0.09194624 0.07189676 2.456239 0.05982594 0.01345852 2.410331 0.1431178 0.01940748 2.504819 0.005605019 -0.4822726 2.45272 0.150626 -0.4103733 2.718443 -0.0454261 -0.8674095 2.473798 0.05804988 -0.816934 2.766439 0.01951283 -0.9321578 2.450447 0.0953211 -0.8699219 2.825246
0.09308366 0.6882999 2.407471 0.02105415 0.5137354 2.426574 -0.04328783 0.3827533 2.311367 0.124316 0.431421 2.586538 -0.0585672 0.1669197 2.23474 0.235811 0.2551278 2.727843 0.119289 0.2647157 2.223242 0.339159 0.3021947 2.546088 0.1814508 0.3395502 2.250492 0.3246639 0.272321 2.566439 0.07363291 0.1457964 2.452419 0.09187058 0.07335374 2.456088 0.06008237 0.01412313 2.409391 0.142708 0.01998686 2.505706 0.005593259 -0.4821288 2.452749 0.1477338 -0.4133438 2.716446 -0.04542617 -0.8678507 2.475347 0.05818242 -0.816743 2.767877 0.01922914 -0.9320579 2.450167 0.09341024 -0.889248 2.767722
0.09408301 0.6881227 2.407502 0.02138074 0.5136189 2.426633 -0.04219822 0.3821871 2.311482 0.1246426 0.4313045 2.586596 -0.05897794 0.1670274 2.23458 0.2459049 0.2670563 2.712524 0.1208249 0.2610736 2.226279 0.3479909 0.30456 2.527624 0.1742396 0.3077359 2.251787 0.3710784 0.2481632 2.48447 0.07378772 0.146806 2.452383 0.09194783 0.07485677 2.456026 0.06042744 0.01452683 2.408523 0.1425379 0.02042305 2.506715 0.005705412 -0.4820036 2.45278 0.1467555 -0.4138911 2.716216 -0.04525822 -0.867449 2.474715 0.05822739 -0.8169967 2.767773 0.01906959 -0.9319235 2.450217 0.08608539 -0.8721781 2.819511
0.09513175 0.6881687 2.407811 0.02147905 0.5135999 2.426538 -0.04199388 0.3813814 2.31159 0.1247409 0.4312855 2.586502 -0.05909675 0.1670764 2.234025 0.2468014 0.2688678 2.709869 0.1231846 0.2560759 2.227826 0.3508577 0.307335 2.526374 0.1790543 0.2995846 2.251522 0.3744951 0.2502598 2.484426 0.07457373 0.1472243 2.452912 0.0929675 0.0754007 2.456825 0.06185141 0.01399303 2.408462 0.1445132 0.01984815 2.510649 0.005729804 -0.482024 2.452786 0.1468666 -0.4104835 2.715046 -0.04480524 -0.8672752 2.474396 0.05846641 -0.8168002 2.768394 0.01903091 -0.9317914 2.450035 0.08688194 -0.8700124 2.821863
0.09557754 0.6878151 2.408023 0.02186441 0.5133543 2.426495 -0.04102199 0.3799513 2.312258 0.1251263 0.4310399 2.586459 -0.0599767 0.166141 2.232735 0.2476231 0.269376 2.708784 0.1416862 0.2351641 2.233438 0.3337258 0.3819603 2.54997 0.2043229 0.2683463 2.256922 0.3120102 0.352462 2.573597 0.07582395 0.1490886 2.454059 0.09445687 0.07804785 2.458416 0.06403808 0.01441418 2.408373 0.1455875 0.02025384 2.514967 0.005441222 -0.4831475 2.453061 0.1371499 -0.4523631 2.737276 -0.0446674 -0.8665866 2.473482 0.05827516 -0.8172609 2.769234 0.01894028 -0.9316482 2.449913 0.08723061 -0.870372 2.822512
0.09582419 0.6876417 2.408007 0.02191667 0.5133517 2.426609 -0.0409667 0.3795334 2.312702 0.1251785 0.4310373 2.586573 -0.05977773 0.1660333 2.232442 0.24778 0.2699053 2.708494 0.1520855 0.2258543 2.238029 0.3333567 0.3830208 2.549782 0.2145921 0.2579545 2.263295 0.3110991 0.3532754 2.573614 0.07681052 0.1476903 2.455217 0.09575159 0.07587419 2.45987 0.06585304 0.01188078 2.409272 0.1470585 0.01631488 2.51757 0.00554457 -0.4828614 2.453005 0.1371061 -0.4524705 2.737245 -0.04467937 -0.866318 2.47312 0.05774431 -0.8178686 2.768921 0.01890076 -0.9315588 2.449928 0.08710746 -0.8702856 2.822661
0.09609634 0.6878551 2.408439 0.02189173 0.5134972 2.426577 -0.04010915 0.3783398 2.313349 0.1251536 0.4311827 2.586541 -0.06030759 0.1655356 2.231839 0.2477464 0.2710873 2.707629 0.1437266 0.1843276 2.237011 0.3314695 0.3824544 2.546505 0.2094507 0.2097393 2.261718 0.3002134 0.3748576 2.584558 0.07742472 0.1470908 2.455674 0.09661159 0.0748644 2.460496 0.06826665 0.008929784 2.408461 0.1482004 0.01292439 2.520749 0.005561787 -0.4830271 2.453149 0.1390726 -0.4438186 2.731169 -0.04459578 -0.8662452 2.472789 0.05750158 -0.8181213 2.768583 0.01987895 -0.9318113 2.449215 0.08708703 -0.8699504 2.822768
0.09640983 0.6878769 2.408449 0.02196794 0.5134625 2.426592 -0.0399426 0.3781382 2.313563 0.1252298 0.4311481 2.586556 -0.06063523 0.1641053 2.231186 0.2479396 0.2713051 2.707329 0.1451762 0.1787827 2.238351 0.3007529 0.4365642 2.588454 0.2122489 0.1996076 2.263713 0.2983387 0.3955054 2.586368 0.07749062 0.1470603 2.455712 0.09664267 0.07484321 2.460511 0.06842604 0.008822812 2.408256 0.1481162 0.01257507 2.520901 0.005568523 -0.483064 2.453145 0.1403179 -0.4322139 2.725326 -0.04468609 -0.8675864 2.473536 0.05706351 -0.8187298 2.76702 0.01989006 -0.9319612 2.44923 0.08567925 -0.8691367 2.823036
0.09746619 0.6876355 2.409978 0.02191954 0.5133932 2.426468 -0.03974386 0.3777284 2.313792 0.1251814 0.4310788 2.586432 -0.06133966 0.1638829 2.23071 0.2478532 0.2715057 2.706671 0.1455178 0.1644117 2.24029 0.2895716 0.4498777 2.605728 0.2145423 0.1727561 2.267522 0.2930779 0.4120839 2.587131 0.07753481 0.1470318 2.455708 0.0966852 0.07481832 2.460505 0.0688775 0.00810718 2.407226 0.1481636 0.0120851 2.521483 0.00543537 -0.483078 2.453168 0.1410035 -0.4294378 2.724718 -0.04466833 -0.8671414 2.47326 0.05680618 -0.8175578 2.765667 0.01945372 -0.9317654 2.449161 0.08585285 -0.8671214 2.822211
0.09769972 0.6877747 2.410221 0.02203339 0.513412 2.426397 -0.03957717 0.3775854 2.314005 0.1252952 0.4310976 2.586361 -0.06201758 0.162539 2.230788 0.2235287 0.2991742 2.732967 0.1459916 0.1585802 2.242095 0.3158347 0.4229158 2.587663 0.2151684 0.1683601 2.268447 0.2924563 0.4229771 2.586955 0.07892749 0.1462913 2.456579 0.09837349 0.07381867 2.461638 0.07089663 0.006666719 2.407774 0.1500853 0.0103979 2.523751 0.005455171 -0.4829018 2.453123 0.1399479 -0.4367372 2.72609 -0.04510009 -0.8680633 2.474295 0.05683178 -0.818184 2.766165 0.01944633 -0.9317684 2.449199 0.08916572 -0.8666499 2.82187
0.09782932 0.6878382 2.410019 0.02226734 0.5133993 2.426595 -0.03946143 0.377334 2.314107 0.1255292 0.4310849 2.586559 -0.06253273 0.1616268 2.230776 0.2228895 0.2993227 2.735306 0.1461302 0.1556418 2.244336 0.2905983 0.4373485 2.589259 0.2149012 0.165698 2.271628 0.2874646 0.4273239 2.587775 0.07853039 0.1457742 2.456281 0.09754845 0.07298414 2.460979 0.06947117 0.005695932 2.406102 0.1483402 0.00833862 2.522768 0.005441661 -0.4829093 2.453106 0.141558 -0.4316727 2.724551 -0.04452118 -0.8706996 2.476141 0.0570589 -0.8177799 2.766358 0.01950723 -0.9318178 2.449142 0.08927122 -0.866568 2.821851
0.09795699 0.6878917 2.409823 0.02230485 0.5134089 2.426672 -0.03922235 0.3770942 2.314272 0.1255667 0.4310945 2.586636 -0.06293281 0.1610887 2.230963 0.2242198 0.3070296 2.732469 0.1459401 0.1554531 2.244489 0.2897188 0.4515201 2.592334 0.2147176 0.1654935 2.27177 0.2842925 0.4288197 2.588219 0.07985233 0.1447078 2.45747 0.09925492 0.07161889 2.462444 0.0717521 0.004240349 2.407613 0.1498756 0.007288265 2.524367 0.005438954 -0.4829129 2.453104 0.1449448 -0.4219632 2.726206 -0.0451675 -0.8709918 2.477249 0.05689003 -0.8177325 2.765036 0.01944898 -0.9317466 2.449124 0.09222066 -0.8680654 2.822491
0.09854402 0.6857051 2.408539 0.02234572 0.513368 2.426636 -0.0390099 0.3767254 2.314484 0.1256075 0.4310535 2.5866 -0.06307285 0.1608785 2.231093 0.2247504 0.3094367 2.73079 0.1458389 0.1566834 2.244882 0.2920275 0.4486014 2.585719 0.214135 0.1697387 2.272094 0.2824222 0.4296735 2.58713 0.07986622 0.1446881 2.457392 0.09924886 0.07162235 2.462324 0.07184133 0.004185956 2.407243 0.1498069 0.007199842 2.524292 0.005404063 -0.482893 2.453133 0.1449898 -0.4217669 2.726335 -0.04523064 -0.8697469 2.476421 0.05676398 -0.8176198 2.765029 0.01930091 -0.9315467 2.449162 0.09076747 -0.8653631 2.820362
0.09887385 0.68507 2.407836 0.02262908 0.5134004 2.426515 -0.03867823 0.3765352 2.314715 0.1258909 0.4310861 2.586479 -0.06332376 0.1606637 2.231244 0.2257053 0.311479 2.729464 0.1436974 0.1619346 2.245997 0.2990801 0.442927 2.579796 0.2103812 0.1836704 2.271609 0.2824981 0.419369 2.591985 0.07996524 0.1449576 2.457238 0.09929194 0.07204521 2.462096 0.07205331 0.00430684 2.406237 0.1497984 0.007186372 2.5244 0.005437442 -0.4830621 2.45327 0.1447129 -0.4212649 2.725093 -0.04530801 -0.8699146 2.476459 0.0567642 -0.8178397 2.764886 0.01827274 -0.9310446 2.449755 0.09001501 -0.8671947 2.819253
0.09914628 0.6838633 2.407358 0.02275669 0.5132204 2.426625 -0.03843855 0.3760844 2.314838 0.1260185 0.430906 2.586588 -0.06347647 0.1605166 2.231455 0.2258621 0.311838 2.729328 0.1431711 0.1799309 2.247262 0.3039918 0.4335719 2.573418 0.2026424 0.2201082 2.267853 0.2833391 0.4166593 2.583864 0.07980172 0.1458764 2.457036 0.09890973 0.0736854 2.461671 0.07197013 0.005005929 2.405051 0.1494902 0.007628427 2.524633 0.005424136 -0.4830433 2.453199 0.1453873 -0.4118223 2.718277 -0.04500986 -0.8681295 2.475077 0.05698983 -0.8177704 2.765123 0.01820208 -0.9310656 2.449683 0.08223108 -0.89431 2.763794
0.09902693 0.6841857 2.406707 0.02280269 0.5132489 2.426577 -0.03819919 0.3754695 2.314905 0.1260645 0.4309346 2.586541 -0.06353983 0.1605923 2.231477 0.2260348 0.3129029 2.728687 0.1397719 0.1917561 2.246559 0.3178433 0.387684 2.550312 0.2034198 0.2249145 2.267159 0.2870953 0.4056007 2.576938 0.07993723 0.1458852 2.457052 0.09906504 0.07367814 2.461703 0.07214195 0.004868165 2.405034 0.1497476 0.007823796 2.524821 0.005407616 -0.4828094 2.453138 0.1403117 -0.4320425 2.725091 -0.04475863 -0.8679056 2.474099 0.05778491 -0.8135862 2.761942 0.0191045 -0.9318308 2.448043 0.08732741 -0.8678563 2.813702
0.09927843 0.6836048 2.406346 0.02318957 0.5130643 2.426759 -0.0381174 0.3750409 2.314909 0.1264514 0.4307499 2.586722 -0.06349718 0.1607383 2.231709 0.2263979 0.3131945 2.728655 0.1499397 0.2229538 2.24714 0.3165306 0.3575516 2.538765 0.2150125 0.2534576 2.267384 0.3465748 0.3723373 2.479973 0.08025799 0.1467575 2.457455 0.0993598 0.07493028 2.46219 0.07222161 0.004943889 2.404974 0.1503055 0.009160592 2.526535 0.005411606 -0.4829155 2.453099 0.1400993 -0.4335853 2.726727 -0.04541853 -0.8690435 2.476113 0.05705894 -0.8147089 2.762021 0.01902999 -0.9317228 2.448026 0.09509807 -0.8653247 2.823686
0.09938794 0.6830893 2.405902 0.0235768 0.5127187 2.426927 -0.03805913 0.3747307 2.314814 0.1268386 0.4304042 2.58689 -0.0636053 0.1608427 2.231895 0.2266544 0.3132789 2.728626 0.1494936 0.2306263 2.243254 0.3145032 0.3541617 2.536756 0.2102811 0.2698499 2.261722 0.3437861 0.3677893 2.477304 0.07971156 0.1476644 2.456899 0.09833118 0.07640514 2.461228 0.0706035 0.006094343 2.403235 0.1492979 0.01055672 2.525745 0.005593917 -0.4825158 2.452949 0.1334259 -0.4319709 2.722565 -0.04568227 -0.8680587 2.474365 0.0569693 -0.8164105 2.764442 0.01889637 -0.9315737 2.448027 0.09334312 -0.8654352 2.823615
0.09876217 0.6831861 2.405065 0.02409047 0.5123056 2.427445 -0.03807627 0.3746287 2.314712 0.1273523 0.4299912 2.587409 -0.06326796 0.1612556 2.231851 0.227005 0.3133547 2.728825 0.1436765 0.2352742 2.238984 0.3164222 0.3233866 2.533368 0.2009946 0.2798686 2.25632 0.3462279 0.3267306 2.472721 0.0808126 0.1555767 2.458191 0.09960669 0.08771448 2.462756 0.07212228 0.008591685 2.401689 0.1511978 0.01776598 2.531642 0.005511532 -0.4826963 2.452989 0.1350464 -0.4323509 2.721662 -0.04563598 -0.8679394 2.474244 0.05672423 -0.8165428 2.764658 0.01889955 -0.931744 2.448213 0.09210595 -0.8654592 2.823527
0.09875914 0.6831856 2.405065 0.02426857 0.5120502 2.427463 -0.0382525 0.3748901 2.314446 0.1275304 0.4297358 2.587427 -0.06288739 0.1621814 2.231782 0.2364312 0.2854387 2.727354 0.1363178 0.2450799 2.233193 0.3105091 0.3349456 2.531464 0.1916055 0.2922746 2.250236 0.3352018 0.3514479 2.470672 0.08054969 0.1566302 2.458043 0.09924688 0.08870739 2.462581 0.07188666 0.01001427 2.401132 0.1508719 0.01864155 2.531676 0.005507091 -0.4826621 2.452898 0.1375544 -0.4280995 2.717508 -0.04554954 -0.8676357 2.474315 0.05846709 -0.8176891 2.767844 0.01879253 -0.9316033 2.448429 0.09117353 -0.8663025 2.823197
0.0981102 0.6843115 2.405234 0.02414983 0.5119439 2.427294 -0.03938801 0.3755557 2.31359 0.1274117 0.4296296 2.587257 -0.06179884 0.1638716 2.231105 0.2391756 0.2855049 2.72296 0.1235386 0.2463856 2.22395 0.3153488 0.325693 2.525648 0.1747396 0.3085395 2.245787 0.3407399 0.3390891 2.464382 0.07963315 0.1619816 2.456981 0.0982184 0.0950643 2.461386 0.07156776 0.01350935 2.39839 0.1507178 0.02427771 2.532669 0.005573092 -0.4824315 2.452902 0.1406693 -0.4015081 2.709963 -0.04561827 -0.8682147 2.475072 0.05816965 -0.8181183 2.768261 0.01877084 -0.9316096 2.448447 0.08054318 -0.8952288 2.761166
0.09739139 0.6841679 2.404413 0.02441091 0.5118682 2.427254 -0.04043125 0.3767841 2.312465 0.1276727 0.4295539 2.587217 -0.05705996 0.167465 2.228946 0.2396635 0.2854773 2.722456 0.1272786 0.2522198 2.22133 0.3176256 0.3256447 2.525891 0.1735424 0.3143161 2.2466 0.343613 0.3390339 2.464874 0.07961068 0.1621579 2.45677 0.09814153 0.09513859 2.461137 0.070917 0.01440908 2.398589 0.1506157 0.02701472 2.529696 0.005377504 -0.4820898 2.452813 0.1393996 -0.4489943 2.733776 -0.04562517 -0.8672507 2.474173 0.05837175 -0.8181319 2.769177 0.01856741 -0.9315072 2.448385 0.08361032 -0.8738744 2.821643
0.09637754 0.6838797 2.403516 0.02450883 0.5118586 2.427302 -0.04047913 0.3772253 2.311388 0.1277707 0.4295443 2.587265 -0.05418508 0.1702299 2.22725 0.2401793 0.2851003 2.72219 0.1296317 0.2561835 2.21844 0.3325236 0.3179543 2.530934 0.1960276 0.3269037 2.246618 0.363305 0.3289057 2.471687 0.08039667 0.1543893 2.456312 0.09919323 0.0822137 2.46034 0.06909765 0.0132323 2.409108 0.1507145 0.02506991 2.514288 0.005407167 -0.4820537 2.452812 0.1446441 -0.4159579 2.712684 -0.04512039 -0.867126 2.473614 0.05846088 -0.8183277 2.768684 0.01908248 -0.931629 2.447992 0.08460368 -0.8734765 2.821333
0.09601343 0.6835578 2.403118 0.02517246 0.5117329 2.427878 -0.04122369 0.3782896 2.310509 0.1284343 0.4294185 2.587841 -0.05313199 0.1715182 2.226242 0.240206 0.2802645 2.725479 0.1225814 0.2728604 2.220022 0.3332715 0.3164411 2.535248 0.1713535 0.322359 2.245469 0.3642933 0.3284999 2.476342 0.08006756 0.1537309 2.455995 0.09861045 0.08160708 2.459829 0.06731672 0.01416511 2.410107 0.1496266 0.02528614 2.511352 0.00530896 -0.4820021 2.452843 0.1402728 -0.4300547 2.721031 -0.04518032 -0.8668227 2.473524 0.05842448 -0.8183987 2.768663 0.01889492 -0.9312532 2.447976 0.08545455 -0.8735654 2.820843
0.09594005 0.6837491 2.402923 0.02513405 0.5119009 2.42763 -0.04086364 0.3786674 2.31001 0.1283959 0.4295866 2.587594 -0.05263884 0.1716161 2.22585 0.240135 0.2791939 2.726852 0.1225303 0.2738602 2.220112 0.332505 0.3186243 2.536953 0.1708285 0.3248407 2.245718 0.325828 0.2926032 2.579634 0.08012512 0.1540249 2.455961 0.09873736 0.08227913 2.45989 0.0680694 0.01651379 2.410949 0.1495811 0.02657976 2.511618 0.005359713 -0.4819095 2.452868 0.1404279 -0.4302948 2.721946 -0.04542957 -0.8675891 2.474563 0.05815822 -0.8189737 2.7691 0.01888274 -0.9312868 2.44799 0.08591557 -0.8727555 2.822332
0.09558215 0.6838678 2.402742 0.02523798 0.5120438 2.42764 -0.04024475 0.3788835 2.309494 0.1284999 0.4297296 2.587603 -0.05080793 0.1726806 2.225373 0.2401043 0.2789864 2.727018 0.1243672 0.2748645 2.22026 0.3328931 0.3221227 2.53821 0.1711379 0.3248867 2.245978 0.3256198 0.2965 2.576592 0.08022346 0.1494913 2.455864 0.0987552 0.07628851 2.459841 0.06768069 0.0151593 2.41289 0.1491377 0.02355725 2.509536 0.00556621 -0.481699 2.4529 0.1391256 -0.4329525 2.721895 -0.04530022 -0.8668443 2.474321 0.05784474 -0.8189853 2.768464 0.01906433 -0.9314157 2.447688 0.08713557 -0.8719431 2.8217
0.09559647 0.6840294 2.40268 0.02581057 0.5124074 2.428639 -0.03979173 0.378791 2.309326 0.1290724 0.4300932 2.588602 -0.05048454 0.1737172 2.225035 0.2403379 0.2788387 2.726867 0.1287388 0.2685776 2.220402 0.3325681 0.3260761 2.538822 0.1737625 0.3180017 2.245962 0.3241875 0.3018903 2.571946 0.08094666 0.1552632 2.457481 0.09955142 0.08555442 2.461797 0.06904459 0.01636728 2.410557 0.150631 0.02801258 2.519734 0.005620711 -0.4815572 2.452901 0.1440021 -0.4148708 2.708059 -0.04523319 -0.8667561 2.474305 0.0571514 -0.8190753 2.767677 0.01986057 -0.9318168 2.447079 0.08770468 -0.8710101 2.82121
0.09679221 0.6852076 2.40363 0.02611868 0.5124394 2.428682 -0.03927311 0.3789302 2.309263 0.1293806 0.4301252 2.588645 -0.05042582 0.1737996 2.22497 0.2388418 0.2735645 2.729024 0.1297439 0.2667297 2.221513 0.3288212 0.3414018 2.546689 0.1738476 0.309106 2.245817 0.3236912 0.3099647 2.56583 0.08069385 0.1598979 2.45707 0.09893356 0.09175553 2.46118 0.07005692 0.018549 2.403909 0.1503077 0.02853339 2.523715 0.005955263 -0.4813007 2.452943 0.1430836 -0.4153292 2.703973 -0.04508367 -0.8662665 2.473989 0.05684457 -0.8184046 2.765519 0.01987221 -0.9318202 2.446851 0.08693654 -0.8695766 2.820037
0.09712249 0.685225 2.403831 0.02641571 0.5124826 2.428591 -0.03881738 0.3786501 2.30942 0.1296776 0.4301683 2.588554 -0.05313906 0.1732529 2.225087 0.2382709 0.271467 2.729548 0.1293045 0.2613725 2.223718 0.3298543 0.3485145 2.552099 0.177364 0.2989538 2.248971 0.3601532 0.2942365 2.510745 0.08226727 0.1576101 2.457801 0.1012018 0.08783211 2.462396 0.07221173 0.01644482 2.40536 0.1527137 0.02401371 2.525165 0.006109377 -0.4806288 2.452928 0.1491892 -0.4266879 2.70415 -0.04497875 -0.8660793 2.473779 0.05694361 -0.8188426 2.765343 0.01988298 -0.9317237 2.446784 0.08743187 -0.8693784 2.820233
0.09713986 0.685582 2.404286 0.02700964 0.5125633 2.428698 -0.03789165 0.3779859 2.309733 0.1302715 0.430249 2.588661 -0.05423312 0.1728564 2.22517 0.2382365 0.270165 2.730232 0.1380244 0.2409233 2.235168 0.3270493 0.355943 2.555619 0.2022644 0.2672824 2.262603 0.3564602 0.3059012 2.50866 0.0837721 0.1518965 2.458665 0.1028479 0.07953626 2.463458 0.07317647 0.01244737 2.407362 0.1538787 0.01715526 2.524796 0.006015626 -0.4812438 2.452729 0.1512322 -0.4324051 2.704517 -0.04493731 -0.8656245 2.473307 0.05671937 -0.819222 2.765934 0.01945494 -0.9313112 2.446694 0.08706541 -0.8697752 2.820886
0.09709818 0.6859865 2.404639 0.02737617 0.5124199 2.428308 -0.0361395 0.3768851 2.310296 0.130638 0.4301055 2.588271 -0.05577578 0.1713504 2.225611 0.2379855 0.2687491 2.730015 0.137408 0.2280304 2.237894 0.2978339 0.4229152 2.598818 0.2018452 0.2541167 2.265126 0.3114055 0.3800239 2.565409 0.08379038 0.151618 2.458483 0.102819 0.07936356 2.463322 0.07334641 0.01192367 2.40695 0.1537101 0.016492 2.524946 0.005924549 -0.4817902 2.452612 0.1488231 -0.4256451 2.716494 -0.04552478 -0.8664141 2.47463 0.05690211 -0.8191167 2.76617 0.01928463 -0.9312372 2.446606 0.08708917 -0.8699476 2.820953
0.0972477 0.6867019 2.405378 0.02780812 0.5126658 2.427974 -0.03462908 0.376466 2.310881 0.1310699 0.4303514 2.587937 -0.05711176 0.1709505 2.22549 0.2379579 0.2685075 2.729959 0.1527306 0.2238098 2.246263 0.3046225 0.4168069 2.594949 0.2166229 0.2494921 2.275114 0.2971389 0.416811 2.582939 0.08434244 0.1498324 2.45829 0.1033562 0.07716013 2.463148 0.07394468 0.01053217 2.407157 0.1540059 0.01437438 2.524686 0.006039048 -0.481818 2.45252 0.1458719 -0.4145996 2.710832 -0.04572051 -0.8666589 2.475024 0.05691932 -0.819093 2.766189 0.0192023 -0.9312078 2.446562 0.08756476 -0.8697701 2.820859
0.09704164 0.6868968 2.405408 0.02799008 0.512915 2.427711 -0.03358091 0.3762354 2.311256 0.1312519 0.4306007 2.587674 -0.05808296 0.1697602 2.225603 0.2378398 0.2683541 2.7299 0.1451465 0.191898 2.246675 0.3030525 0.4206855 2.599165 0.2132773 0.2062102 2.273645 0.2960113 0.4210793 2.584069 0.08473889 0.148521 2.458052 0.103796 0.07553903 2.462902 0.07458031 0.009553858 2.407203 0.1542001 0.01261534 2.524326 0.005976723 -0.4826812 2.452589 0.1459595 -0.4135532 2.7101 -0.04574287 -0.8660637 2.474276 0.05615522 -0.8190158 2.765605 0.01889308 -0.9310341 2.446877 0.08730993 -0.8692869 2.820361
0.09558945 0.6877212 2.405674 0.02821467 0.5129977 2.427703 -0.032604 0.376027 2.311529 0.1314764 0.4306833 2.587667 -0.05931807 0.1690072 2.225532 0.2378135 0.2680698 2.730032 0.1465196 0.1846142 2.247041 0.2975349 0.4258103 2.603605 0.215612 0.1933307 2.27395 0.2948431 0.4258838 2.585109 0.08525406 0.1484345 2.458096 0.1043657 0.07553968 2.462945 0.07593807 0.009459778 2.407419 0.1545953 0.01255372 2.524359 0.006107708 -0.4825517 2.452481 0.149148 -0.4102906 2.711024 -0.0461377 -0.8669252 2.47558 0.05614739 -0.8189764 2.765555 0.01879953 -0.9310804 2.446985 0.08877096 -0.8672535 2.831381
0.09484496 0.6879299 2.405471 0.02839142 0.5130615 2.427719 -0.03210727 0.3758396 2.311783 0.1316532 0.4307471 2.587682 -0.06027818 0.1684581 2.225197 0.2377786 0.2678071 2.730181 0.1446745 0.1767319 2.246524 0.2821571 0.447858 2.634141 0.2137391 0.1815647 2.27446 0.2911381 0.4360737 2.591628 0.08544538 0.1482592 2.458116 0.1045319 0.07540612 2.46295 0.07624424 0.009349187 2.407541 0.1547101 0.01239154 2.524303 0.006317455 -0.4822728 2.452345 0.1509234 -0.4083439 2.711871 -0.04600615 -0.8667769 2.474503 0.05532888 -0.8204252 2.767278 0.01878761 -0.9310743 2.446983 0.08607468 -0.8673083 2.825869
0.09261467 0.6902223 2.405172 0.02876414 0.5132914 2.427492 -0.03151635 0.3756453 2.311983 0.1320259 0.4309769 2.587455 -0.06191936 0.1668923 2.225188 0.238341 0.3314282 2.716601 0.1436266 0.1712985 2.244259 0.3337922 0.4573891 2.575726 0.2123553 0.1789778 2.272385 0.2895175 0.438208 2.591308 0.08562787 0.1483336 2.457985 0.1047035 0.07553212 2.462803 0.07672054 0.009130257 2.40742 0.1547682 0.01253428 2.524157 0.006204497 -0.482144 2.452202 0.1445795 -0.4213813 2.713956 -0.04580707 -0.8658273 2.473839 0.0549086 -0.8198919 2.767037 0.01846767 -0.9308171 2.446934 0.08628137 -0.8676675 2.823863
0.09150897 0.6921871 2.405849 0.02899011 0.5134473 2.427199 -0.03117931 0.3755559 2.312067 0.1322519 0.4311328 2.587162 -0.06213123 0.1666119 2.225203 0.2368148 0.3303103 2.71763 0.1440538 0.1691514 2.243984 0.3317543 0.4553829 2.575505 0.2124156 0.1772759 2.272868 0.2892068 0.4386773 2.591086 0.085788 0.1480551 2.457743 0.1048422 0.07524382 2.462554 0.07692941 0.008908521 2.407488 0.1547398 0.01245463 2.523429 0.006319245 -0.481842 2.451875 0.1439729 -0.4204701 2.71209 -0.04616628 -0.8660374 2.474951 0.05497418 -0.819698 2.766902 0.0182677 -0.9307405 2.446909 0.0860399 -0.8684189 2.823091
0.0906617 0.6922904 2.405548 0.02909024 0.5134288 2.427217 -0.0306633 0.3754315 2.312351 0.132352 0.4311144 2.587181 -0.06266598 0.1662378 2.225126 0.2360152 0.3293357 2.717603 0.1445207 0.1690421 2.244149 0.3188736 0.4567834 2.569594 0.2129375 0.1767476 2.273015 0.2883649 0.4386883 2.587574 0.08440736 0.1474727 2.456387 0.1026906 0.07458621 2.460508 0.0750664 0.008792725 2.405912 0.1505954 0.01114053 2.519516 0.006415445 -0.481568 2.451843 0.1287171 -0.4232007 2.698038 -0.04645857 -0.8668459 2.476401 0.05243019 -0.8205828 2.754582 0.01822015 -0.9306271 2.447152 0.08444478 -0.8656937 2.820173
0.09073552 0.6923215 2.405524 0.0291342 0.5134645 2.427104 -0.03043808 0.3754483 2.312431 0.132396 0.4311501 2.587068 -0.06316844 0.1662496 2.225079 0.2352123 0.3287383 2.717196 0.1449005 0.1697876 2.244198 0.3279488 0.4441079 2.564806 0.2133506 0.1797884 2.272269 0.2896813 0.4335623 2.58688 0.08389729 0.1474072 2.455771 0.1020612 0.07458053 2.459808 0.07433916 0.008590898 2.405004 0.1500624 0.01117495 2.519082 0.006324856 -0.4816241 2.45176 0.1265547 -0.4188125 2.696079 -0.04641835 -0.8664069 2.475682 0.05263599 -0.8205544 2.755906 0.01826017 -0.9307435 2.447369 0.08447175 -0.865874 2.820495
0.09053763 0.6926183 2.405716 0.02909105 0.5135815 2.426851 -0.03037232 0.3753278 2.312378 0.1323528 0.4312671 2.586815 -0.06318726 0.1656498 2.22553 0.2343012 0.3283501 2.716656 0.1459378 0.1751259 2.244406 0.3310715 0.4279031 2.555083 0.2134176 0.1939059 2.270232 0.2915487 0.4238112 2.578893 0.08375022 0.1461244 2.455302 0.1019635 0.07292282 2.459349 0.07409399 0.007340065 2.405073 0.1500912 0.01069585 2.518569 0.006249723 -0.4816073 2.45168 0.1394246 -0.4529586 2.743446 -0.04640059 -0.865427 2.474854 0.05346495 -0.8218497 2.759073 0.01806008 -0.9305781 2.447219 0.08446071 -0.8658789 2.820449
0.09154076 0.6921016 2.405317 0.02916679 0.5135337 2.426817 -0.03016995 0.3752285 2.312416 0.1324286 0.4312193 2.58678 -0.06324268 0.1655233 2.225572 0.2339776 0.3278213 2.716575 0.144864 0.1859221 2.242 0.3284227 0.3770391 2.530277 0.2095143 0.2155459 2.264714 0.3003641 0.384113 2.556536 0.08376832 0.1461923 2.455261 0.1019997 0.07311472 2.459298 0.07419997 0.007102812 2.404619 0.1502641 0.01090304 2.518914 0.006091957 -0.4825387 2.451867 0.1397467 -0.4525722 2.743792 -0.04629393 -0.8654415 2.474614 0.05418271 -0.8205833 2.759848 0.01873949 -0.9310221 2.446565 0.08930004 -0.8654264 2.829556
0.09180461 0.6915091 2.404469 0.02917207 0.5134482 2.426542 -0.02991202 0.3749599 2.312511 0.1324339 0.4311339 2.586505 -0.06318277 0.1652782 2.225647 0.2334023 0.3272284 2.716087 0.1559605 0.2129251 2.243036 0.3295843 0.3637099 2.527604 0.2245467 0.23316 2.264474 0.2994657 0.3826284 2.556974 0.08358319 0.1473468 2.45513 0.1017726 0.07509512 2.45928 0.07425928 0.007144828 2.403761 0.1503359 0.01241138 2.520875 0.006189434 -0.4825352 2.451914 0.1433319 -0.4261628 2.72278 -0.04645128 -0.867344 2.476403 0.05457435 -0.8214406 2.761631 0.01878573 -0.9311237 2.446665 0.08628181 -0.8660165 2.826269
0.09242159 0.6910968 2.404541 0.0292037 0.5130745 2.426295 -0.02989974 0.3748359 2.312449 0.1324655 0.4307601 2.586258 -0.06310996 0.1653394 2.225608 0.2328912 0.3262103 2.715734 0.1561485 0.2275629 2.239579 0.3232846 0.3091861 2.521292 0.2143556 0.2713597 2.255914 0.3534157 0.3035114 2.460983 0.08186021 0.1559716 2.454074 0.09935301 0.08833471 2.458051 0.07374699 0.01134098 2.399395 0.149037 0.01833229 2.524238 0.006235032 -0.4824927 2.451922 0.1436069 -0.4252487 2.722458 -0.04604238 -0.8667247 2.475574 0.0549075 -0.8212568 2.762282 0.0196619 -0.9320519 2.446951 0.08575124 -0.8650295 2.824088
0.09359528 0.6906525 2.40457 0.02919058 0.5126079 2.425476 -0.03007169 0.3748581 2.312322 0.1324524 0.4302936 2.58544 -0.06241285 0.1654315 2.225722 0.2323562 0.3253058 2.714807 0.1499996 0.23948 2.232896 0.3452811 0.2984086 2.5348 0.2030302 0.2892635 2.2497 0.3829228 0.2894428 2.479303 0.08222803 0.1566377 2.454253 0.09991638 0.08892062 2.458451 0.07416219 0.01149934 2.399287 0.1506568 0.02015742 2.526623 0.006603315 -0.4817022 2.451907 0.1477963 -0.421464 2.724762 -0.04597228 -0.8664257 2.475335 0.05481513 -0.8218606 2.762901 0.01935201 -0.9316551 2.447207 0.08613849 -0.8656893 2.822848
0.09330373 0.6908454 2.404139 0.0292659 0.5126752 2.425417 -0.03102977 0.375322 2.31179 0.1325277 0.4303609 2.585381 -0.06200977 0.1655927 2.225888 0.2570637 0.2720689 2.716609 0.1351699 0.241146 2.224768 0.3471432 0.3047069 2.524165 0.1935462 0.2881515 2.244849 0.3771696 0.3155863 2.464522 0.08150954 0.1581613 2.453854 0.0991475 0.09014709 2.458054 0.07265718 0.01296544 2.398157 0.1498725 0.0215272 2.526265 0.006657261 -0.4815688 2.451928 0.1452162 -0.4216561 2.722435 -0.04631744 -0.8668439 2.476257 0.05509555 -0.8215029 2.762977 0.01959253 -0.931752 2.447022 0.0867106 -0.8645031 2.823368
0.09298109 0.6913965 2.404099 0.02930449 0.5125797 2.424743 -0.03220475 0.3761193 2.310904 0.1325663 0.4302655 2.584707 -0.06110458 0.1662148 2.225766 0.2527211 0.2707929 2.722908 0.1257029 0.245364 2.21805 0.3456663 0.3014328 2.53158 0.1886171 0.3085593 2.24036 0.376648 0.3116462 2.472309 0.07986283 0.1586342 2.452118 0.09708761 0.09033249 2.456062 0.06898969 0.01566234 2.397368 0.1455921 0.02417395 2.519091 0.006850176 -0.4815021 2.452154 0.1361883 -0.4193295 2.715051 -0.04639071 -0.8654071 2.475298 0.05480846 -0.8222516 2.762997 0.01947504 -0.9318881 2.446882 0.07882694 -0.8944529 2.736432
0.09246323 0.691234 2.403763 0.02942728 0.5125333 2.424667 -0.03647944 0.3777841 2.3089 0.1326891 0.430219 2.584631 -0.05175468 0.1713484 2.223775 0.2479115 0.2689784 2.729442 0.1325835 0.2562869 2.210599 0.3483756 0.2998973 2.542301 0.1984422 0.3277597 2.238075 0.3308035 0.2717939 2.580958 0.07900993 0.15417 2.450516 0.09576721 0.08298294 2.453678 0.0654173 0.01532975 2.401969 0.1449758 0.0215923 2.504726 0.006848321 -0.4814327 2.452317 0.1371272 -0.4197441 2.715522 -0.0454054 -0.8647114 2.473755 0.05478467 -0.823218 2.762986 0.0196556 -0.9320592 2.446533 0.08611827 -0.8771651 2.81401
0.09128057 0.6916891 2.403206 0.02948287 0.512687 2.424536 -0.03859863 0.3786329 2.308205 0.1327447 0.4303727 2.5845 -0.04973773 0.1728682 2.223491 0.2436756 0.268668 2.738502 0.1336508 0.2598278 2.208579 0.3452834 0.2967591 2.551546 0.1962506 0.3349718 2.233781 0.3316631 0.2710536 2.580547 0.07839495 0.1535199 2.449951 0.09503245 0.0821212 2.453044 0.06305918 0.01585373 2.403414 0.1444681 0.02237218 2.502622 0.006779305 -0.4812818 2.452422 0.1379163 -0.4189976 2.715286 -0.0448136 -0.865098 2.47325 0.05530592 -0.8231374 2.763264 0.01957401 -0.9321662 2.446848 0.08616433 -0.8772998 2.814349
0.0902217 0.6914707 2.402577 0.02948918 0.5126794 2.424539 -0.04036505 0.3795753 2.307448 0.132751 0.4303651 2.584503 -0.04908579 0.17388 2.222843 0.2435861 0.2682496 2.738441 0.1334721 0.2625254 2.206184 0.348249 0.2983262 2.553648 0.1965417 0.3370992 2.231901 0.3329397 0.2725517 2.581759 0.07801406 0.152167 2.44977 0.09463023 0.08044209 2.452852 0.06162556 0.01570248 2.405453 0.144503 0.0223638 2.501434 0.006789018 -0.4811678 2.452514 0.1398433 -0.4215342 2.720299 -0.04443845 -0.8651971 2.473028 0.05515628 -0.8232142 2.764517 0.01992973 -0.9326149 2.446857 0.0873289 -0.8747774 2.817446
0.0902063 0.6916488 2.402611 0.0295435 0.5125771 2.424383 -0.04078632 0.3799226 2.307485 0.1328053 0.4302627 2.584347 -0.04955477 0.1740656 2.222886 0.2429225 0.2678986 2.738276 0.1330886 0.2625325 2.206161 0.3494087 0.2996126 2.554908 0.1964665 0.3370993 2.231127 0.3337608 0.2736211 2.581597 0.07774394 0.1529535 2.449641 0.09427918 0.08181715 2.452786 0.06112827 0.01804226 2.405921 0.1442166 0.02450828 2.501568 0.006683538 -0.4810004 2.452637 0.1409946 -0.4262362 2.725244 -0.04438018 -0.865058 2.47315 0.0548742 -0.8224548 2.764189 0.01950023 -0.9323223 2.447246 0.08689947 -0.8743715 2.816861
0.0902102 0.6915175 2.402564 0.02966068 0.5125928 2.424583 -0.04094034 0.3802071 2.307605 0.1329225 0.4302785 2.584547 -0.04935631 0.1742902 2.222784 0.2419527 0.2696425 2.738702 0.1277909 0.273277 2.213245 0.3498485 0.3020022 2.556348 0.1824472 0.3336353 2.238337 0.3343304 0.2815204 2.572544 0.07757803 0.1532207 2.449649 0.09406866 0.08220781 2.452766 0.06089534 0.01830686 2.405458 0.1440853 0.02462414 2.502177 0.006918047 -0.4808768 2.453141 0.1410661 -0.4279957 2.726784 -0.04423819 -0.8647861 2.472915 0.05518012 -0.8225242 2.764914 0.01933959 -0.9322823 2.447527 0.08121037 -0.8975164 2.750991
0.09004251 0.6913717 2.402792 0.02985634 0.5125918 2.424988 -0.04052749 0.3801991 2.307577 0.1331181 0.4302775 2.584951 -0.05071109 0.172996 2.223253 0.2427745 0.2699017 2.735923 0.1296841 0.2659325 2.213703 0.3474387 0.3108469 2.553399 0.1861891 0.3203194 2.242205 0.3698226 0.2976301 2.483423 0.07926504 0.158185 2.452099 0.09658128 0.08940059 2.456061 0.06373082 0.01964265 2.404174 0.1487657 0.02953528 2.516468 0.006934291 -0.4806812 2.453161 0.1560623 -0.4250004 2.741861 -0.04422433 -0.8648265 2.472828 0.05533863 -0.8224797 2.764689 0.0214944 -0.933237 2.446921 0.08377616 -0.8706669 2.822693
0.09032079 0.6911612 2.402839 0.02989765 0.5126404 2.425151 -0.04006986 0.3798423 2.308073 0.1331594 0.430326 2.585114 -0.05209967 0.1722974 2.223517 0.2430599 0.2702335 2.733937 0.1308514 0.2598793 2.217326 0.3417395 0.3217942 2.550719 0.1871901 0.3058217 2.241673 0.364 0.3042425 2.481664 0.07960815 0.1633938 2.453522 0.09702979 0.09590501 2.457715 0.06587936 0.02108154 2.401236 0.149286 0.030721 2.523396 0.007000913 -0.4806526 2.453223 0.1566371 -0.4267132 2.742615 -0.04523703 -0.8663157 2.475379 0.05566105 -0.8221551 2.764864 0.02353627 -0.9340218 2.446646 0.08701418 -0.8693991 2.828429
0.09155072 0.690486 2.403934 0.02991217 0.5126249 2.42524 -0.03813783 0.3791348 2.309885 0.133174 0.4303105 2.585204 -0.05309732 0.1715184 2.224277 0.2431964 0.2702637 2.73253 0.1384444 0.2485727 2.223439 0.3378298 0.3382135 2.552814 0.1951488 0.2911986 2.246669 0.3206502 0.3616089 2.55676 0.07985017 0.1623856 2.453759 0.09743455 0.09401078 2.458013 0.06652826 0.02053078 2.401621 0.1492187 0.02960599 2.522882 0.007021868 -0.4807647 2.453507 0.1499863 -0.4189001 2.729554 -0.04480391 -0.8683656 2.476594 0.05712285 -0.8169308 2.764352 0.02273375 -0.9340158 2.447123 0.08615492 -0.8676974 2.825989
0.09283527 0.6911222 2.405682 0.02999578 0.5125416 2.425573 -0.03658256 0.3776601 2.311471 0.1332576 0.4302272 2.585537 -0.05506703 0.1695721 2.224734 0.2433362 0.2702124 2.732011 0.1554635 0.231654 2.234142 0.3290968 0.3516212 2.553532 0.2210014 0.2557764 2.260502 0.3188257 0.3623739 2.557958 0.08139929 0.1576571 2.455903 0.09957909 0.08700033 2.46075 0.0689549 0.01584137 2.403826 0.1509399 0.02360435 2.524918 0.007021572 -0.4809164 2.453688 0.1494465 -0.4150747 2.728795 -0.04519932 -0.8687324 2.477286 0.05681916 -0.8176318 2.764589 0.02160985 -0.9335243 2.44757 0.0849385 -0.8676791 2.823466
0.09288247 0.6912985 2.405877 0.0299566 0.5126951 2.425996 -0.03514261 0.3763134 2.312773 0.1332184 0.4303807 2.58596 -0.05932139 0.1681758 2.225766 0.2433262 0.2703875 2.731702 0.1460549 0.1989146 2.239401 0.3197832 0.38354 2.568034 0.2078067 0.2370527 2.256836 0.3162976 0.3756344 2.557646 0.08210796 0.1545522 2.45714 0.1004827 0.08285364 2.462089 0.07051196 0.01215289 2.40463 0.1516942 0.0184134 2.526777 0.007077875 -0.4809086 2.453726 0.1495937 -0.4148347 2.7289 -0.04450472 -0.8691258 2.476473 0.05716429 -0.8195161 2.769666 0.0215502 -0.9335254 2.447574 0.08609612 -0.8697147 2.825685
0.09393239 0.6907693 2.406917 0.03006346 0.5127299 2.425987 -0.03392775 0.3759186 2.314045 0.1333253 0.4304156 2.585951 -0.05999411 0.1676859 2.22597 0.2437318 0.2705772 2.730483 0.1415057 0.1712538 2.236547 0.313327 0.4003305 2.577268 0.2092827 0.1959647 2.255713 0.3119642 0.4017043 2.548899 0.08252887 0.1537633 2.457646 0.1008889 0.08200073 2.46269 0.07143543 0.01138365 2.405356 0.1519052 0.01655921 2.527787 0.007070443 -0.4808629 2.453992 0.1516037 -0.4167395 2.730869 -0.04473003 -0.8696097 2.47716 0.05690399 -0.8195431 2.769591 0.0214215 -0.9334678 2.447574 0.08598674 -0.869747 2.825527
0.09488402 0.6906517 2.407872 0.03023658 0.5128569 2.426069 -0.033414 0.3758834 2.314831 0.1334984 0.4305426 2.586033 -0.06686799 0.1670219 2.225934 0.2352465 0.304912 2.702378 0.1345451 0.1496884 2.230512 0.339402 0.4204515 2.55849 0.2066413 0.1838866 2.255266 0.3119419 0.4075711 2.552028 0.0833261 0.1523681 2.458492 0.1017651 0.08028942 2.463691 0.07236659 0.01034094 2.406647 0.1526135 0.01517141 2.528389 0.006985082 -0.481351 2.454049 0.1537975 -0.4166682 2.733248 -0.04509891 -0.8697288 2.4775 0.05678116 -0.8195103 2.769451 0.02149258 -0.9334891 2.447461 0.08601654 -0.8698608 2.825175
0.09495668 0.6907015 2.40793 0.03020564 0.512884 2.426311 -0.03298987 0.3757925 2.315458 0.1334674 0.4305696 2.586275 -0.06814744 0.1661621 2.225929 0.2284633 0.2974198 2.716883 0.1330158 0.145441 2.229701 0.3265553 0.4175464 2.57244 0.2072518 0.171473 2.257141 0.2981941 0.4330579 2.571423 0.08311357 0.1486472 2.459059 0.1014336 0.07550675 2.464166 0.07212933 0.008264914 2.407545 0.1519694 0.01136597 2.527691 0.006773042 -0.4815717 2.454307 0.1514468 -0.4174899 2.730838 -0.04509977 -0.8697664 2.477473 0.05742353 -0.8194823 2.769068 0.0247786 -0.9357332 2.445873 0.08726597 -0.8709076 2.823472
0.09501238 0.6908609 2.408083 0.03048807 0.5129918 2.427651 -0.03273705 0.3759052 2.3159 0.1337499 0.4306775 2.587615 -0.07215956 0.1659253 2.225912 0.2280743 0.2980409 2.717572 0.1319461 0.1419193 2.229918 0.3252207 0.4217672 2.575803 0.2080377 0.157837 2.258943 0.297795 0.4341443 2.572444 0.08369815 0.1471757 2.459948 0.102046 0.07396193 2.464917 0.07271281 0.007034088 2.40854 0.1524863 0.01010964 2.527924 0.006711493 -0.4816532 2.454338 0.1488851 -0.4129496 2.720828 -0.04546197 -0.8699824 2.478513 0.05760866 -0.8180286 2.769431 0.02301664 -0.934472 2.446823 0.08789526 -0.8704641 2.822612
0.09507828 0.6907943 2.408208 0.03052588 0.513037 2.427727 -0.03281 0.375895 2.316016 0.1337877 0.4307227 2.587691 -0.07546997 0.1660137 2.226418 0.2261879 0.2973273 2.720669 0.132388 0.1405122 2.230218 0.324222 0.4239761 2.58248 0.2082953 0.1571256 2.259574 0.2976255 0.4343942 2.572569 0.08380111 0.1456924 2.460354 0.102124 0.07215898 2.465373 0.07262941 0.005539283 2.40928 0.1526473 0.008040825 2.528153 0.006600195 -0.4816592 2.454514 0.1461468 -0.4211443 2.724476 -0.04533623 -0.8687091 2.47764 0.05741455 -0.8183855 2.769413 0.02225973 -0.9336548 2.446885 0.08799246 -0.8705131 2.822729
0.09481758 0.6913733 2.40873 0.03048276 0.5130159 2.427815 -0.03274666 0.3758747 2.316185 0.1337446 0.4307016 2.587779 -0.07685118 0.1658729 2.226635 0.2246169 0.2965537 2.722643 0.1331867 0.1415316 2.231863 0.3034234 0.4454029 2.561675 0.2082472 0.1571809 2.259719 0.2975933 0.4343909 2.572583 0.0834689 0.1450609 2.460332 0.1017273 0.07151022 2.465295 0.07222433 0.005077284 2.40918 0.1521493 0.007166533 2.528045 0.006568733 -0.4817423 2.454743 0.1438564 -0.4266998 2.71804 -0.04549126 -0.8680236 2.476563 0.05749698 -0.8199341 2.769746 0.02173994 -0.9329548 2.446816 0.08888929 -0.8665897 2.827475
0.09479336 0.6919221 2.408724 0.03029269 0.5129975 2.428149 -0.03261575 0.3757037 2.316472 0.1335545 0.4306832 2.588112 -0.07821527 0.1656787 2.22714 0.2231834 0.2960359 2.724525 0.1332603 0.145586 2.2337 0.3217511 0.4206644 2.584732 0.2046268 0.1648441 2.258953 0.2975065 0.4322627 2.572812 0.08355949 0.1452693 2.460467 0.1019157 0.07196491 2.465447 0.07251756 0.005216698 2.409146 0.1524062 0.007581974 2.52843 0.006616154 -0.4819673 2.455101 0.1450313 -0.4260056 2.71782 -0.04564382 -0.8684379 2.47685 0.05644347 -0.8173887 2.767811 0.02128343 -0.9326098 2.446809 0.08734281 -0.8652886 2.824781
0.09446289 0.6918409 2.408424 0.03011275 0.5127596 2.428533 -0.03262965 0.3755595 2.316695 0.1333745 0.4304453 2.588497 -0.07831445 0.1652335 2.227343 0.2222432 0.2952622 2.725878 0.1351164 0.1589455 2.235914 0.322135 0.4169147 2.584238 0.2022203 0.1826429 2.258419 0.2970119 0.427678 2.573635 0.0838332 0.1445631 2.460851 0.1022805 0.07128029 2.465808 0.07317582 0.004478999 2.409818 0.1526664 0.007131283 2.528544 0.006643928 -0.4819381 2.455184 0.1450515 -0.4254792 2.718787 -0.04528086 -0.8671938 2.475522 0.05617976 -0.8169792 2.767067 0.021944 -0.9328153 2.447352 0.08863749 -0.8662646 2.82195
0.09401833 0.6920667 2.407883 0.02996421 0.5125685 2.42865 -0.03276646 0.3752593 2.316881 0.133226 0.4302541 2.588614 -0.07580826 0.1643092 2.227853 0.2216411 0.2947502 2.726405 0.1350341 0.1740941 2.237767 0.3263235 0.4024159 2.576349 0.2005371 0.204003 2.257406 0.313643 0.3846345 2.551483 0.08345094 0.1451902 2.460523 0.1017104 0.0724947 2.465218 0.07287756 0.005102274 2.409358 0.1520233 0.008288683 2.527799 0.006356349 -0.4826511 2.455755 0.1472564 -0.4109075 2.711822 -0.04555769 -0.8678485 2.476355 0.0566418 -0.8192815 2.769126 0.02206569 -0.9329234 2.447289 0.08976486 -0.8681612 2.823973
0.09416649 0.6919683 2.407755 0.02976702 0.512271 2.429326 -0.03282525 0.3749719 2.317232 0.1330288 0.4299566 2.58929 -0.07449844 0.1640873 2.228458 0.2210361 0.2941958 2.727671 0.1638796 0.2268996 2.244915 0.3288311 0.3507182 2.55174 0.234969 0.232494 2.266957 0.3144566 0.3801861 2.55377 0.08347092 0.1451449 2.460577 0.1017402 0.07248248 2.465244 0.07289841 0.005052842 2.409364 0.1521371 0.008367456 2.527822 0.006420483 -0.4826833 2.455779 0.1463959 -0.4169743 2.716194 -0.04527713 -0.8672724 2.476096 0.05658696 -0.8190757 2.769018 0.02200837 -0.9329221 2.447171 0.08957107 -0.8679834 2.823923
0.09419379 0.6906417 2.406359 0.02982845 0.511873 2.429546 -0.03292974 0.3747306 2.317453 0.1330903 0.4295586 2.589509 -0.07302692 0.1643395 2.22923 0.2209366 0.2936411 2.728088 0.1608892 0.2281488 2.243108 0.3284612 0.3466914 2.550812 0.2136786 0.2787408 2.258093 0.315067 0.3621118 2.56844 0.08280926 0.1501389 2.460434 0.1007022 0.08051744 2.464862 0.07266822 0.007067877 2.406921 0.1517794 0.01296685 2.53042 0.006460046 -0.4827181 2.45578 0.1455398 -0.4206496 2.716451 -0.04517274 -0.8668919 2.476058 0.05653121 -0.8186969 2.768975 0.0211231 -0.9322501 2.44748 0.08935435 -0.866704 2.824764
0.09243317 0.6871219 2.402972 0.02975483 0.5110426 2.429563 -0.03321304 0.374285 2.317463 0.1330166 0.4287282 2.589527 -0.07209575 0.1641381 2.229602 0.2445143 0.2641519 2.724208 0.1441791 0.2381431 2.234029 0.3487334 0.2969862 2.539655 0.2027407 0.2800333 2.253688 0.3834731 0.307931 2.482643 0.0818935 0.1537834 2.459964 0.09955282 0.08545538 2.464265 0.07199765 0.009222548 2.404346 0.1511047 0.01613913 2.531984 0.006620307 -0.4823242 2.455822 0.1449637 -0.4220474 2.716757 -0.04542459 -0.8661551 2.474572 0.05652709 -0.8186997 2.768796 0.02101871 -0.9321377 2.44747 0.08943494 -0.866892 2.824375
0.08769539 0.686939 2.398702 0.02972233 0.5106832 2.429398 -0.03487778 0.3748969 2.317343 0.1329841 0.4283688 2.589361 -0.06975979 0.1646192 2.230271 0.2451952 0.2645481 2.724353 0.1413729 0.2512967 2.231645 0.352163 0.2927252 2.540669 0.1955898 0.2992465 2.249866 0.387819 0.3021175 2.483946 0.08077069 0.1501875 2.458209 0.09799492 0.07953802 2.46181 0.06905518 0.008662329 2.406183 0.1491654 0.01557943 2.52036 0.00665712 -0.4823075 2.45591 0.1441338 -0.4280122 2.722441 -0.04528528 -0.8668378 2.475051 0.05701363 -0.8184475 2.768229 0.02126612 -0.9324901 2.447497 0.08912858 -0.8670363 2.823925
0.08644253 0.6873419 2.39835 0.02971927 0.5100803 2.429428 -0.03671668 0.3756868 2.317004 0.1329811 0.4277659 2.589391 -0.06816187 0.1647012 2.230891 0.2441263 0.2642801 2.725969 0.1201702 0.2489529 2.223176 0.3545771 0.2867178 2.543662 0.1891332 0.3047699 2.247951 0.391394 0.2941971 2.487398 0.07858911 0.1530374 2.456415 0.09503841 0.08381818 2.459391 0.0645007 0.01470398 2.404478 0.1455225 0.02122283 2.516745 0.006686264 -0.4819781 2.455875 0.1417962 -0.4336704 2.724368 -0.04528483 -0.86665 2.474952 0.0571387 -0.8194541 2.768625 0.02086017 -0.9321859 2.447898 0.08933558 -0.8674814 2.824759
0.0838948 0.6873101 2.397149 0.02959795 0.509631 2.42917 -0.04168878 0.3768842 2.315845 0.1328598 0.4273167 2.589133 -0.06000738 0.1678933 2.231397 0.2419834 0.2604249 2.728755 0.1222941 0.2570816 2.215629 0.3547998 0.2825861 2.547984 0.1912442 0.3261751 2.241492 0.3924053 0.2899732 2.492232 0.07703813 0.149351 2.454382 0.09321775 0.07854739 2.456944 0.06011182 0.01420943 2.408828 0.1438113 0.0203894 2.503135 0.006866928 -0.4818346 2.455854 0.1439922 -0.4211614 2.718595 -0.04547027 -0.8663176 2.474739 0.05725638 -0.8197269 2.768668 0.02029898 -0.9317318 2.448248 0.08925487 -0.8680972 2.82462
0.08243643 0.6877491 2.396579 0.02948319 0.5096668 2.429172 -0.04412897 0.377517 2.315274 0.132745 0.4273525 2.589135 -0.05433475 0.1708894 2.229897 0.2420307 0.2591455 2.728444 0.127135 0.2617491 2.213794 0.3561124 0.2816006 2.548573 0.1877787 0.3387871 2.23797 0.3941397 0.2890857 2.493121 0.07643746 0.1480172 2.453789 0.09261948 0.07657786 2.456243 0.05843939 0.01392518 2.410906 0.1435764 0.02043499 2.500618 0.006861637 -0.4817933 2.455884 0.1439079 -0.4210834 2.719287 -0.04580884 -0.8669155 2.475323 0.05700395 -0.8200506 2.767738 0.01992779 -0.93154 2.44815 0.08880522 -0.8677028 2.824414
0.08203136 0.6875948 2.396565 0.02931848 0.5096381 2.428955 -0.04639643 0.3787597 2.314701 0.1325803 0.4273238 2.588918 -0.05338328 0.1719835 2.229485 0.242074 0.2577717 2.727628 0.1273698 0.2641949 2.211633 0.3565715 0.2818981 2.548278 0.1885887 0.3406138 2.236321 0.3947374 0.2899403 2.492999 0.0757339 0.1457623 2.452818 0.09193791 0.07355566 2.455244 0.05642557 0.01363661 2.414184 0.1432351 0.01987556 2.495517 0.007059784 -0.4814659 2.455897 0.1437747 -0.4210456 2.719539 -0.04533951 -0.8662199 2.473752 0.05703862 -0.8201472 2.768053 0.01980117 -0.9314938 2.448104 0.08612181 -0.8688447 2.825297
0.0821957 0.6874555 2.396196 0.02915497 0.5096162 2.42914 -0.04668801 0.3791111 2.314641 0.1324168 0.4273018 2.589103 -0.0521815 0.1724407 2.228914 0.2421124 0.2577475 2.727633 0.1281867 0.2653788 2.210576 0.3576034 0.2865663 2.549727 0.189579 0.3414166 2.236001 0.3961004 0.2961725 2.494929 0.07550474 0.1449951 2.452772 0.09177664 0.07260309 2.455198 0.05622113 0.01329409 2.414224 0.1432114 0.01945313 2.495718 0.007123583 -0.4812508 2.455909 0.1438329 -0.421298 2.720293 -0.04504057 -0.8668649 2.473851 0.0566792 -0.8206186 2.767303 0.01980435 -0.9315634 2.44805 0.08699648 -0.8683079 2.824755
0.08237886 0.6867538 2.395965 0.02909651 0.509621 2.429199 -0.04690181 0.379242 2.314491 0.1323583 0.4273066 2.589162 -0.05166106 0.1727702 2.228621 0.2422899 0.2587797 2.727562 0.1289419 0.2652474 2.210212 0.3521359 0.3128932 2.552186 0.1901457 0.3413757 2.235823 0.3887512 0.330931 2.498233 0.07543168 0.144957 2.452736 0.09173246 0.07258029 2.455173 0.05610642 0.01337588 2.414262 0.1431789 0.01950133 2.495748 0.006965509 -0.4815054 2.45629 0.1439563 -0.4213403 2.721063 -0.04535091 -0.8673249 2.475053 0.05695292 -0.8207498 2.767209 0.02059623 -0.9317509 2.448111 0.08736117 -0.8680639 2.824922
0.08600403 0.6862699 2.398272 0.02882386 0.5098466 2.429537 -0.04627187 0.3791372 2.31437 0.1320856 0.4275322 2.5895 -0.05158212 0.1728595 2.228522 0.2428599 0.2607161 2.726252 0.1287043 0.2658928 2.220923 0.3475089 0.3271144 2.55201 0.1825623 0.3249094 2.245473 0.382392 0.3492472 2.498435 0.0745776 0.1513053 2.453433 0.09094945 0.08160403 2.456132 0.05732959 0.01751932 2.410976 0.1415868 0.02517684 2.503981 0.007054022 -0.4814975 2.456309 0.1440872 -0.4221975 2.722072 -0.04520278 -0.8662502 2.47445 0.05694684 -0.8207559 2.767211 0.0209585 -0.9317019 2.448201 0.0873331 -0.8680886 2.82492
0.08624879 0.6870492 2.398935 0.02886723 0.5099293 2.429764 -0.04475819 0.378861 2.314304 0.132129 0.427615 2.589727 -0.05331406 0.1722194 2.228482 0.2427534 0.260855 2.725795 0.1281531 0.2636851 2.223166 0.3380507 0.3468166 2.555047 0.186177 0.3090909 2.247849 0.3115832 0.3685002 2.572396 0.07740456 0.1627533 2.457513 0.09494042 0.09669437 2.461635 0.06292338 0.02041119 2.406536 0.1483115 0.03339779 2.530646 0.007061828 -0.4814913 2.456309 0.1435194 -0.4229515 2.720308 -0.04511286 -0.8660241 2.4744 0.0568755 -0.8210487 2.767391 0.02040455 -0.9313369 2.44797 0.09223548 -0.86891 2.827106
0.0868899 0.6879933 2.399895 0.02900141 0.5097302 2.430036 -0.04359935 0.3780745 2.314542 0.1322632 0.4274158 2.589999 -0.05599487 0.1702407 2.22862 0.242756 0.2606585 2.725434 0.1356258 0.2512146 2.230258 0.3348825 0.3585034 2.559826 0.1938134 0.2923747 2.252414 0.3127166 0.3698462 2.57579 0.0777863 0.1620812 2.457968 0.09545176 0.09526971 2.46223 0.06378892 0.01968305 2.406684 0.1484524 0.03165011 2.530225 0.007065291 -0.4814842 2.456254 0.1433103 -0.4240048 2.718563 -0.04669708 -0.8689485 2.476651 0.05646195 -0.8207974 2.768152 0.01935696 -0.9311871 2.448361 0.08922411 -0.8677108 2.824895
0.08785132 0.6878386 2.400412 0.02886905 0.5096695 2.430156 -0.04214245 0.377074 2.315006 0.1321308 0.4273551 2.590119 -0.05746846 0.1692459 2.228587 0.2423363 0.2605616 2.724894 0.1446906 0.2390786 2.236529 0.3288919 0.3631486 2.559139 0.2069497 0.2730037 2.259845 0.312974 0.3736688 2.567763 0.07828598 0.1611746 2.45873 0.09625238 0.09354611 2.463293 0.06563438 0.01823663 2.406965 0.148884 0.02921898 2.531068 0.007100938 -0.4814531 2.456245 0.1440939 -0.4251947 2.718412 -0.04649595 -0.8684377 2.476405 0.05662236 -0.8212641 2.7689 0.01931644 -0.9311799 2.448416 0.08939654 -0.86862 2.825266
0.08841264 0.6881056 2.400796 0.02902569 0.5098379 2.430461 -0.04071144 0.3765305 2.315467 0.1322875 0.4275235 2.590424 -0.05906169 0.1686031 2.22891 0.2423799 0.2607008 2.724737 0.1516034 0.2274565 2.245046 0.3101207 0.3985093 2.578508 0.2192949 0.2444463 2.271502 0.3062406 0.3942193 2.57342 0.07967041 0.1573318 2.460092 0.09800714 0.08724007 2.464927 0.06709124 0.01588842 2.408774 0.1497267 0.02471925 2.53 0.007117064 -0.481573 2.456233 0.144425 -0.4268835 2.717829 -0.04581655 -0.8677288 2.474241 0.05663806 -0.8212719 2.768878 0.0191234 -0.9311574 2.448213 0.08927564 -0.8685966 2.825349
0.08838857 0.6881771 2.400779 0.02904095 0.5097957 2.430462 -0.0391454 0.3758703 2.31563 0.1323027 0.4274814 2.590425 -0.05954687 0.1674834 2.229003 0.2423241 0.2605706 2.724141 0.1462843 0.1950431 2.250509 0.3080931 0.4030455 2.581908 0.2108338 0.222384 2.276129 0.3015876 0.4086862 2.572452 0.08046264 0.1539044 2.460773 0.0988566 0.08289424 2.465711 0.06861971 0.01196213 2.409116 0.150271 0.01933404 2.530796 0.007217895 -0.4815167 2.456283 0.1446254 -0.4297733 2.716956 -0.0458037 -0.8665801 2.474088 0.05672222 -0.821038 2.76907 0.01971161 -0.9313341 2.448499 0.08901087 -0.8666509 2.827127
