0.1259108 0.6353621 2.368692 0.1098669 0.4583888 2.400812 0.054651 0.3421457 2.302952 0.2549967 0.319399 2.429875 0.002877112 0.1485393 2.109958 0.2922215 0.2149706 2.561986 0.05055307 0.233129 1.930124 0.2819229 0.2595666 2.32821 0.03923144 0.2489432 1.935959 0.2549613 0.3493543 2.269486 0.1291411 0.06728059 2.410039 0.1330165 -0.01329768 2.414287 0.08757876 -0.04764127 2.3802 0.1853391 -0.07696545 2.446883 0.09461309 -0.5111926 2.425265 0.2049425 -0.5837454 2.688927 0.01012761 -0.8941457 2.478198 0.1638474 -0.8895826 2.711187 0.08291365 -0.9403973 2.483275 0.2139428 -0.8839247 2.762665
0.1256902 0.6353047 2.369095 0.1093646 0.4585044 2.401434 0.05600283 0.3387173 2.30519 0.2544957 0.3195185 2.430497 0.0004111417 0.1479144 2.110225 0.287532 0.2167756 2.564624 0.05083261 0.2332902 1.931612 0.2364125 0.3295375 2.366404 0.04372736 0.2470481 1.939523 0.2403578 0.357329 2.308341 0.129384 0.06542897 2.410071 0.1335054 -0.01509448 2.414213 0.08748178 -0.04998583 2.381274 0.1861178 -0.07793973 2.446015 0.09429235 -0.511539 2.426383 0.2017971 -0.5865667 2.684581 0.01024259 -0.8941081 2.478371 0.1636126 -0.8918518 2.712341 0.08289821 -0.940451 2.483538 0.2353102 -0.8952746 2.77832
0.125797 0.6354235 2.369389 0.1086726 0.4589875 2.403907 0.04501455 0.3371581 2.303401 0.2538052 0.3200079 2.432969 -0.002142054 0.148247 2.11158 0.289727 0.2154705 2.56529 0.05767918 0.230398 1.934483 0.2912204 0.3006785 2.345422 0.05151613 0.244957 1.943387 0.2584116 0.3473085 2.289901 0.1288934 0.06659058 2.410108 0.1331249 -0.01275733 2.413406 0.08484663 -0.05019089 2.377571 0.1867546 -0.07764702 2.446322 0.0937493 -0.5116972 2.426158 0.2004107 -0.5876858 2.682078 0.01023841 -0.8939131 2.478369 0.1636855 -0.8924801 2.713441 0.08206277 -0.9403389 2.482921 0.2190304 -0.8758956 2.756499
0.1256845 0.6355876 2.369513 0.1082548 0.4590149 2.403928 0.02874415 0.3326116 2.293085 0.2533882 0.3200372 2.432989 -0.002537066 0.1479211 2.112651 0.2962689 0.215294 2.563414 0.06861717 0.2320663 1.941204 0.2895246 0.2992645 2.349528 0.06187997 0.2430183 1.946474 0.2650692 0.3466313 2.299792 0.1303036 0.07096418 2.410012 0.1360331 -0.0056952 2.412954 0.08491101 -0.04956758 2.375911 0.1958127 -0.07218352 2.450139 0.09328868 -0.5112049 2.425518 0.2163428 -0.5418064 2.690176 0.0104065 -0.8935335 2.478225 0.1748038 -0.8497174 2.716997 0.08189765 -0.9403134 2.483045 0.2133939 -0.8907858 2.761893
0.1257673 0.6356142 2.369485 0.1080394 0.4589679 2.404033 0.02703903 0.3328882 2.289276 0.2531737 0.3199917 2.433094 -0.001482834 0.148573 2.114329 0.2984931 0.215244 2.562807 0.08808196 0.2276972 1.949808 0.2922076 0.3015297 2.350732 0.08303358 0.2363965 1.951913 0.2853616 0.3365509 2.318365 0.1296685 0.07508932 2.409625 0.1354712 -0.0002421162 2.411978 0.08368091 -0.04833648 2.364365 0.195722 -0.07230492 2.454775 0.09315816 -0.5112323 2.425621 0.2035277 -0.5638683 2.686386 0.01037308 -0.8933995 2.478008 0.1729237 -0.8686768 2.721119 0.08193377 -0.9405242 2.483682 0.2207337 -0.8902269 2.770522
0.1257666 0.6356078 2.369429 0.1053408 0.4601104 2.40248 0.02857348 0.3310114 2.285396 0.2504752 0.3211391 2.43154 -0.001634665 0.1426721 2.129777 0.2989121 0.2163645 2.560269 0.1022842 0.2194124 1.973445 0.3044061 0.3489432 2.324955 0.1037091 0.2378798 1.951831 0.3023106 0.3299783 2.33959 0.1294033 0.07494552 2.409733 0.1353768 -0.0007219884 2.412045 0.08392239 -0.0551099 2.356642 0.1958875 -0.08165912 2.468363 0.09235606 -0.5118965 2.425517 0.2149459 -0.5455299 2.700784 0.01007269 -0.8948375 2.478117 0.1752543 -0.8526032 2.715427 0.08075643 -0.9419483 2.47771 0.2140813 -0.8891295 2.76389
0.1247996 0.6355597 2.368886 0.1049331 0.4602228 2.401882 0.03358028 0.3281842 2.284217 0.2500679 0.3212531 2.430943 0.001794947 0.1415073 2.138101 0.3001723 0.2162931 2.558989 0.1488791 0.2446484 1.95272 0.3142362 0.3488015 2.341235 0.1866236 0.2857962 1.888674 0.3198035 0.328826 2.353317 0.1188441 0.02886824 2.407028 0.1232485 -0.05903362 2.410011 0.06106403 -0.08930381 2.392719 0.1892406 -0.1218294 2.427184 0.09201512 -0.5124573 2.425108 0.2164218 -0.6108465 2.72201 0.006897468 -0.912717 2.476512 0.1750106 -0.8476632 2.71459 0.0793882 -0.9427165 2.470711 0.2118642 -0.8864965 2.762794
0.1246766 0.6355966 2.368884 0.1049018 0.4602485 2.401811 0.03623543 0.3264929 2.284068 0.2500368 0.3212792 2.430871 0.00670447 0.1403223 2.144285 0.3011252 0.2163476 2.558589 0.1568834 0.2129941 2.012464 0.3351907 0.3505395 2.380225 0.1796975 0.2494598 1.969141 0.342588 0.3330698 2.381898 0.1209429 0.02850539 2.408377 0.1262661 -0.05912096 2.411649 0.06152016 -0.09010489 2.392763 0.2000586 -0.1201597 2.433665 0.09182195 -0.5113276 2.424662 0.2144677 -0.5820541 2.689432 0.009404235 -0.9046508 2.476918 0.1697869 -0.8856288 2.721416 0.07931238 -0.9422026 2.470158 0.2504463 -0.8888396 2.776056
0.124284 0.6354834 2.368371 0.1048401 0.4602039 2.40169 0.03827865 0.3250524 2.283526 0.2499754 0.3212353 2.430751 0.01561444 0.138245 2.147504 0.3222714 0.2744721 2.57749 0.1704426 0.2111443 2.030313 0.3623458 0.3391895 2.387218 0.2052591 0.2516753 1.985323 0.3564746 0.3423396 2.406493 0.1209412 0.03420427 2.407732 0.12632 -0.04959729 2.41015 0.0643677 -0.08126966 2.395656 0.1930873 -0.1052065 2.422761 0.09154267 -0.5115555 2.424268 0.2140325 -0.5919847 2.700845 0.009296843 -0.9042656 2.477046 0.1754058 -0.8472092 2.713743 0.07725032 -0.9416637 2.465026 0.2102384 -0.8913682 2.793361
0.124341 0.6352762 2.367879 0.1049343 0.4596896 2.40092 0.04242595 0.3231079 2.283164 0.2500699 0.3207227 2.429981 0.03857697 0.1327316 2.150178 0.3222952 0.2743405 2.576836 0.1977981 0.2071982 2.057856 0.3775772 0.3482243 2.394433 0.2381513 0.2507207 2.018909 0.3689069 0.3489726 2.424891 0.1217925 0.03635658 2.407904 0.127435 -0.04679722 2.410453 0.06627509 -0.07905702 2.394412 0.19346 -0.1027503 2.42536 0.09185072 -0.5106505 2.423303 0.217196 -0.585266 2.709998 0.009412008 -0.9032177 2.477566 0.1670867 -0.8918178 2.715725 0.07820399 -0.94214 2.469372 0.21411 -0.8888206 2.779944
0.1245618 0.6354151 2.367804 0.1052085 0.4592607 2.400236 0.04923921 0.3196505 2.28287 0.2503443 0.3202951 2.429297 0.05128741 0.1320046 2.15381 0.3225209 0.274158 2.576221 0.2245319 0.2002183 2.090729 0.4176256 0.3950391 2.446882 0.2768739 0.2502321 2.05155 0.423748 0.4505363 2.414713 0.1217247 0.036649 2.407794 0.1273462 -0.04650647 2.410346 0.06690013 -0.0780692 2.392418 0.192133 -0.1027133 2.426971 0.09242339 -0.5094004 2.422178 0.2174846 -0.5798004 2.707747 0.01023044 -0.8998789 2.47629 0.1685017 -0.8859359 2.718761 0.07963495 -0.941555 2.4735 0.2429164 -0.8941712 2.781185
0.1245116 0.6354579 2.367219 0.1059402 0.4591644 2.399717 0.05687152 0.3162536 2.282473 0.2510765 0.3201998 2.428778 0.07175402 0.1343622 2.156834 0.3233306 0.2741969 2.575688 0.2521875 0.1985773 2.121898 0.4180936 0.3956918 2.44674 0.3016297 0.2537714 2.098542 0.4242155 0.4511838 2.414574 0.121725 0.03755856 2.407481 0.1271775 -0.0455374 2.410027 0.06932013 -0.07447103 2.390404 0.1892548 -0.1024349 2.427745 0.09236203 -0.5094221 2.422024 0.2112589 -0.5813777 2.688972 0.01007165 -0.8991666 2.476381 0.1689141 -0.8853302 2.720525 0.08009581 -0.9412952 2.474257 0.2269931 -0.8815307 2.762986
0.1237178 0.6348895 2.365695 0.1077571 0.4580128 2.396751 0.0589846 0.3157125 2.281903 0.2528938 0.3190498 2.425812 0.08129109 0.1374166 2.162368 0.3250941 0.2733596 2.572809 0.2626415 0.2026518 2.151478 0.4194314 0.3964518 2.445238 0.3138132 0.2540125 2.133066 0.4255525 0.4519373 2.413075 0.1257307 0.07149542 2.402848 0.1313005 0.00242815 2.405058 0.08793404 -0.03612899 2.375439 0.1790024 -0.06318965 2.43522 0.09285964 -0.5089054 2.421324 0.1983695 -0.5734801 2.66941 0.01014995 -0.8976315 2.476979 0.1557728 -0.8781379 2.696775 0.08057534 -0.9409567 2.474587 0.2151013 -0.8804811 2.74945
0.1238021 0.634928 2.365054 0.1085113 0.4579411 2.396086 0.06150659 0.3149288 2.281159 0.2536484 0.3189788 2.425147 0.09085672 0.1351034 2.166779 0.3259123 0.2733674 2.57212 0.2699156 0.2033782 2.174099 0.4200508 0.3968903 2.444881 0.327371 0.2498197 2.17941 0.4261712 0.4523689 2.412722 0.125793 0.0749041 2.402785 0.1312535 0.003599592 2.405005 0.08823808 -0.03506393 2.374514 0.178448 -0.06114879 2.436101 0.09304468 -0.5082846 2.420466 0.2180026 -0.554907 2.699628 0.01005276 -0.8970503 2.477093 0.1691725 -0.8606279 2.713875 0.08005536 -0.9402515 2.475764 0.2376064 -0.8866261 2.778221
0.1244354 0.6344814 2.363058 0.1094626 0.4576993 2.394734 0.06434083 0.3137404 2.280719 0.2545999 0.3187377 2.423795 0.09819704 0.1375265 2.172881 0.3268865 0.2732238 2.570764 0.2744756 0.2056921 2.207313 0.3680607 0.3957608 2.700549 0.3337544 0.2505376 2.207408 0.4219357 0.4303454 2.693469 0.1275293 0.07539071 2.402588 0.1332999 0.003221291 2.404958 0.09138651 -0.03494032 2.374329 0.1801892 -0.06098007 2.436161 0.09333129 -0.5085689 2.420031 0.2195063 -0.5546877 2.699739 0.01001804 -0.8962084 2.476939 0.1687317 -0.8601725 2.713325 0.0782636 -0.9373521 2.472798 0.2172397 -0.8864565 2.759642
0.1257656 0.633935 2.361822 0.1115596 0.4571638 2.392599 0.06584183 0.3135394 2.280431 0.2566971 0.3182029 2.421659 0.1009332 0.1387648 2.174389 0.3290488 0.2727849 2.568606 0.2765713 0.206173 2.222775 0.3614843 0.385426 2.708408 0.3359745 0.2546273 2.234032 0.4136695 0.4179298 2.689216 0.1422685 0.06960897 2.405584 0.1532511 -0.007715106 2.41053 0.1107526 -0.04526854 2.38648 0.2046172 -0.0654307 2.437051 0.09329531 -0.5079818 2.419732 0.220964 -0.5473687 2.699777 0.009808208 -0.8955733 2.476832 0.1722884 -0.8530431 2.714495 0.07997766 -0.9377584 2.475995 0.2154613 -0.8871319 2.761001
0.1260509 0.6335226 2.361083 0.1123355 0.4571023 2.392277 0.06711476 0.3128981 2.279806 0.2574731 0.3181417 2.421337 0.104131 0.1383091 2.175286 0.3298816 0.2727624 2.568249 0.2994977 0.21833 2.259103 0.3556866 0.3778724 2.714514 0.3450827 0.263828 2.259022 0.4064575 0.4107593 2.692405 0.1339349 0.06164547 2.404246 0.1370065 -0.02050874 2.407954 0.09168212 -0.05351426 2.389282 0.1842795 -0.07924371 2.426689 0.09386542 -0.5081869 2.419594 0.2136223 -0.5736042 2.690313 0.01008425 -0.8951512 2.476525 0.1663782 -0.8779325 2.715458 0.08014207 -0.937722 2.475979 0.2413606 -0.8908666 2.776369
0.1270095 0.6329957 2.360511 0.1139219 0.456735 2.391788 0.06824388 0.3124175 2.279384 0.2590596 0.3177748 2.420849 0.1083707 0.139036 2.177802 0.3315296 0.2724374 2.567724 0.2956468 0.2158294 2.259531 0.3507627 0.3700966 2.719537 0.3418323 0.2590971 2.271481 0.3975961 0.4141937 2.716362 0.1326067 0.06103513 2.403975 0.1355103 -0.02062349 2.40788 0.08942165 -0.05343624 2.389431 0.183231 -0.07912902 2.426584 0.09408396 -0.5080823 2.419259 0.2147697 -0.5724391 2.691882 0.01009257 -0.8952126 2.47683 0.1658744 -0.8767926 2.715228 0.08058251 -0.9379722 2.476975 0.2317976 -0.8891364 2.778018
0.1275398 0.6326133 2.359975 0.1143912 0.456799 2.391405 0.06976693 0.3123935 2.279199 0.259529 0.317839 2.420465 0.1125955 0.1395168 2.180057 0.3320055 0.272528 2.567324 0.2990598 0.2184976 2.26704 0.3487994 0.3670617 2.721189 0.3443699 0.2611258 2.283708 0.3956674 0.4112305 2.721902 0.1313069 0.06090016 2.4035 0.1340244 -0.0203699 2.407574 0.08814493 -0.0528213 2.389142 0.1813318 -0.07847579 2.426346 0.09416368 -0.508432 2.419225 0.2142909 -0.5713488 2.692298 0.0100377 -0.8949564 2.476819 0.1624091 -0.8758448 2.711452 0.0808304 -0.9382222 2.478195 0.226058 -0.8910003 2.781639
0.1283308 0.6323784 2.359461 0.1150501 0.4567597 2.391266 0.07192266 0.3124434 2.278828 0.2601879 0.3177999 2.420327 0.1144318 0.1392542 2.18029 0.332687 0.2725141 2.567161 0.2999664 0.2188893 2.269282 0.3483229 0.3661084 2.721645 0.3451686 0.2611755 2.287076 0.3955978 0.4098145 2.719957 0.1321206 0.06243513 2.402939 0.1355006 -0.01709865 2.406856 0.09155086 -0.04747321 2.386937 0.1822519 -0.07586868 2.426503 0.09427796 -0.5085467 2.419254 0.2142774 -0.569306 2.691609 0.01002152 -0.8947521 2.476661 0.1628808 -0.8742403 2.708198 0.08096556 -0.9382022 2.478197 0.2336594 -0.8885585 2.773687
0.1284059 0.6323299 2.359231 0.115646 0.456776 2.391008 0.07364471 0.312308 2.278592 0.2607839 0.3178163 2.420069 0.1177269 0.1391656 2.180933 0.3332916 0.2725532 2.566884 0.3056776 0.2202558 2.274822 0.3483601 0.3656802 2.721658 0.3499797 0.2640839 2.291083 0.3956448 0.4093224 2.718913 0.1313771 0.06355416 2.402145 0.1343119 -0.01531411 2.405985 0.09070191 -0.04539204 2.386096 0.1801768 -0.07359 2.425522 0.09482498 -0.508671 2.419206 0.2147778 -0.5651332 2.693701 0.009871786 -0.8944214 2.476448 0.1621838 -0.8709732 2.701241 0.08121951 -0.9386886 2.479696 0.1619051 -0.9351311 2.668449
0.1288753 0.6320968 2.358948 0.1162894 0.456679 2.390635 0.07498931 0.3122351 2.278745 0.2614274 0.3177195 2.419696 0.1190523 0.1391031 2.181101 0.3339356 0.2724777 2.566494 0.3056772 0.2203185 2.274912 0.3482087 0.3653131 2.721477 0.3499774 0.2639865 2.291604 0.395523 0.4088998 2.718386 0.1305369 0.06181365 2.402167 0.1330835 -0.01764394 2.40635 0.0885727 -0.04780563 2.388859 0.1793651 -0.07499516 2.424586 0.09529948 -0.508472 2.41909 0.2176106 -0.565311 2.69448 0.00984558 -0.8942758 2.476491 0.1594625 -0.8708655 2.694424 0.08201632 -0.9387518 2.480299 0.2284347 -0.8851185 2.76184
0.1291679 0.6318926 2.358668 0.1171355 0.4565864 2.390195 0.07613079 0.3120569 2.278585 0.2622734 0.3176271 2.419255 0.1192952 0.1387141 2.180956 0.3347832 0.2724064 2.566036 0.3052825 0.2199912 2.274499 0.3482207 0.364808 2.721304 0.3498247 0.2633899 2.291246 0.3957277 0.4081336 2.717573 0.1314199 0.06265056 2.401683 0.1342965 -0.01626915 2.405914 0.09082654 -0.04559038 2.387895 0.1801613 -0.0740972 2.424456 0.09580089 -0.5088751 2.419363 0.2150121 -0.5665244 2.691067 0.01011749 -0.8932902 2.476127 0.1570863 -0.8721646 2.690285 0.08228561 -0.9388213 2.480585 0.227149 -0.8856119 2.756752
0.129698 0.6314275 2.357894 0.1175053 0.456506 2.389861 0.07641964 0.312125 2.278496 0.2626433 0.3175467 2.418921 0.1185377 0.1388692 2.180093 0.3351458 0.2723421 2.565687 0.3041097 0.2201192 2.272771 0.3471441 0.3634262 2.721757 0.3491528 0.2629162 2.289726 0.3948253 0.406368 2.716241 0.130966 0.06411374 2.40169 0.1335442 -0.01403665 2.40623 0.0902947 -0.0439208 2.387347 0.1790808 -0.07204632 2.426039 0.09612299 -0.5084726 2.419291 0.2151882 -0.5655597 2.690618 0.01025887 -0.8929927 2.476241 0.1612482 -0.8710902 2.698453 0.08231594 -0.9388759 2.48068 0.2325615 -0.8860911 2.763251
0.1300745 0.6314063 2.357967 0.1176559 0.4564189 2.389738 0.07632438 0.3120355 2.278595 0.2627939 0.3174598 2.418798 0.11641 0.1388396 2.178962 0.3352897 0.2722669 2.565548 0.3010736 0.2200747 2.267826 0.3211094 0.3571482 2.724625 0.3473682 0.2637432 2.277681 0.3736572 0.3939702 2.730113 0.1322583 0.06319159 2.401857 0.1354869 -0.01543219 2.406688 0.09187511 -0.04611356 2.386942 0.1832298 -0.07435027 2.428077 0.09632538 -0.5085418 2.419261 0.2171765 -0.5672153 2.694027 0.01020773 -0.8929514 2.476251 0.1610535 -0.8725175 2.7002 0.08210398 -0.9389402 2.48171 0.2167548 -0.8859274 2.775098
0.1300989 0.6313479 2.35782 0.1178527 0.456148 2.389466 0.07629195 0.3119918 2.278642 0.2629907 0.3171889 2.418526 0.1115909 0.138486 2.177363 0.3354785 0.2720137 2.565262 0.3008402 0.2190749 2.257987 0.3296982 0.3648431 2.720663 0.3478544 0.2619182 2.268017 0.3850113 0.3958705 2.709516 0.1319484 0.06668135 2.40173 0.1349339 -0.01003721 2.406749 0.09146181 -0.04314864 2.383934 0.1822055 -0.06987962 2.431691 0.0969773 -0.5070773 2.418608 0.212508 -0.5686349 2.687352 0.009885387 -0.8924603 2.475764 0.1605059 -0.8738818 2.700203 0.08212291 -0.9389206 2.481715 0.2218513 -0.8831192 2.765754
0.1302386 0.6312922 2.357696 0.1179783 0.4559617 2.389293 0.07617524 0.3118211 2.278931 0.2631163 0.3170027 2.418354 0.1047794 0.1385334 2.174439 0.3355971 0.271841 2.565073 0.2761834 0.2061724 2.216902 0.3317366 0.3666579 2.719396 0.3251699 0.2518731 2.221332 0.3871343 0.39787 2.709243 0.1321737 0.06817041 2.40176 0.1351945 -0.008152651 2.406931 0.09173511 -0.04206116 2.383224 0.1823624 -0.06817424 2.432842 0.0968715 -0.5073924 2.418677 0.2220095 -0.5564283 2.705944 0.009878076 -0.8924167 2.475808 0.1718978 -0.8623972 2.715382 0.08196121 -0.9388954 2.481831 0.2190935 -0.9050744 2.749228
0.130231 0.631268 2.357501 0.1181022 0.455678 2.389473 0.07608049 0.3117457 2.279258 0.2632402 0.3167191 2.418534 0.0976461 0.139161 2.171112 0.3357171 0.2715639 2.565234 0.2743983 0.2066882 2.193136 0.3324362 0.3670343 2.719175 0.3182215 0.2518226 2.17984 0.3878218 0.398325 2.709213 0.1324789 0.07048592 2.401987 0.1355752 -0.005109761 2.407161 0.09230967 -0.04003549 2.382127 0.1824874 -0.06560009 2.434142 0.09682932 -0.5077631 2.418752 0.2131564 -0.5648769 2.688677 0.009802855 -0.8922532 2.47574 0.1661758 -0.8696831 2.710318 0.08194141 -0.9388592 2.481771 0.2356203 -0.8890197 2.775999
0.1304429 0.631396 2.357498 0.1181623 0.4555302 2.389504 0.07575542 0.3115621 2.279425 0.2633003 0.3165713 2.418565 0.09098396 0.1415956 2.164726 0.3357721 0.2714232 2.565247 0.2677485 0.2146367 2.130419 0.3330534 0.3674464 2.718858 0.3027746 0.2649127 2.106362 0.3884546 0.3987699 2.709096 0.1330223 0.07257847 2.402323 0.1362656 -0.002525145 2.40762 0.09297755 -0.03891839 2.381072 0.1832812 -0.06344973 2.436484 0.09680112 -0.5080893 2.419015 0.208097 -0.5693882 2.67879 0.009757548 -0.8922775 2.475708 0.1544485 -0.8743339 2.691484 0.08156613 -0.9394384 2.482013 0.2122514 -0.8847258 2.769338
0.1306894 0.6314141 2.357639 0.117911 0.4554207 2.390041 0.07387558 0.3123794 2.279404 0.263049 0.3164619 2.419101 0.08220074 0.1409298 2.15451 0.3355135 0.2713245 2.565769 0.2382899 0.2239658 2.065466 0.3331909 0.3678651 2.719066 0.2696809 0.2703752 2.03246 0.3885958 0.3991904 2.709327 0.1333169 0.07372648 2.402499 0.1366918 -0.001291154 2.407722 0.09341142 -0.0378471 2.381141 0.1839501 -0.06195438 2.436237 0.0967665 -0.5082017 2.419213 0.2137957 -0.5608638 2.691553 0.009763317 -0.8922713 2.475728 0.1638447 -0.8667157 2.70186 0.08154159 -0.9394665 2.482195 0.2206826 -0.8857034 2.777592
0.1303601 0.6314584 2.35782 0.1182336 0.4559237 2.392224 0.06130008 0.318279 2.277076 0.3138679 0.2969034 2.430238 0.03948673 0.1415772 2.14509 0.2863375 0.2444042 2.587493 0.1841963 0.2169546 2.030038 0.3471428 0.4199463 2.624356 0.2069993 0.2330964 2.000323 0.4028394 0.450879 2.615068 0.1330268 0.08912356 2.402786 0.1360884 0.01859224 2.406778 0.08703935 -0.03010738 2.382966 0.1906398 -0.05189484 2.430524 0.09753587 -0.5084104 2.420314 0.2152596 -0.5491486 2.689382 0.009821231 -0.8920492 2.475983 0.1657541 -0.855267 2.697898 0.08123164 -0.939229 2.482129 0.2187438 -0.8845786 2.77434
0.1315516 0.6320487 2.359906 0.1182123 0.4561535 2.392469 0.0606958 0.3198144 2.277506 0.2765527 0.2981861 2.422683 0.03783356 0.1419379 2.139692 0.3070665 0.2256636 2.572445 0.1590138 0.2170851 1.984217 0.3030967 0.4004892 2.639453 0.1587419 0.2359618 1.974357 0.3587909 0.4314206 2.630165 0.1321892 0.1050133 2.401879 0.1351689 0.03712592 2.405782 0.08973268 -0.02163217 2.34605 0.1864476 -0.04194611 2.461041 0.09752534 -0.509082 2.422152 0.2143701 -0.5515742 2.695518 0.009751105 -0.892051 2.475995 0.1627984 -0.85808 2.69661 0.08109038 -0.9394938 2.481516 0.2244388 -0.8834417 2.767797
0.1322149 0.632442 2.360956 0.1183927 0.4560761 2.39372 0.05308491 0.324662 2.276257 0.2760333 0.2978196 2.423195 0.03373121 0.1453745 2.113967 0.3027699 0.220532 2.57151 0.1121544 0.2365057 1.950716 0.3031562 0.3935898 2.642309 0.1109035 0.2278582 1.956483 0.3588485 0.4245201 2.633023 0.1347634 0.07705613 2.406741 0.138921 -0.007070719 2.412328 0.08253483 -0.04973179 2.382134 0.1997825 -0.07865892 2.443065 0.09780513 -0.508656 2.422365 0.2151456 -0.5770735 2.700351 0.009631217 -0.8918864 2.476453 0.1649616 -0.8830665 2.708771 0.0807704 -0.9390823 2.480996 0.2319017 -0.8941103 2.778841
0.132053 0.6326002 2.361526 0.1189889 0.4562368 2.395388 0.04502443 0.3362768 2.285639 0.2758723 0.2976703 2.423885 0.0301875 0.1474465 2.113042 0.2986177 0.2180942 2.571719 0.09675434 0.2335249 1.941339 0.3061493 0.3761062 2.667967 0.09186535 0.2305654 1.946791 0.3618399 0.4070357 2.65868 0.1347033 0.07733866 2.406636 0.1382022 -0.003789874 2.411499 0.08178881 -0.04587543 2.383192 0.1984826 -0.07423863 2.43873 0.0990199 -0.5064157 2.423024 0.2147513 -0.5721625 2.696809 0.009737002 -0.8917428 2.47686 0.164881 -0.8780821 2.706217 0.0806345 -0.9390079 2.481055 0.2104758 -0.8893478 2.777335
0.1316255 0.6328439 2.362204 0.1195923 0.4563545 2.39707 0.04256992 0.3379664 2.285943 0.2757961 0.2975107 2.424814 0.02230803 0.1434974 2.1081 0.2984209 0.2172916 2.572354 0.0861716 0.2346804 1.938165 0.3063191 0.3738158 2.670671 0.08425094 0.2340061 1.943422 0.362008 0.4047444 2.661384 0.13448 0.07592081 2.40665 0.1379279 -0.004320969 2.411359 0.08023106 -0.04727241 2.382865 0.1988437 -0.07554222 2.438454 0.09849067 -0.5067298 2.423336 0.2137467 -0.5740654 2.695456 0.009467762 -0.8914608 2.476989 0.1646763 -0.8796721 2.708419 0.08062132 -0.9390517 2.481172 0.2151973 -0.8862623 2.771851
0.1307401 0.6330449 2.362955 0.1197491 0.4561998 2.397468 0.04257841 0.3380942 2.286166 0.2689578 0.3055022 2.424693 0.01971772 0.1444573 2.101497 0.3034324 0.2214493 2.568408 0.08465652 0.2359924 1.932225 0.3030387 0.3768833 2.668496 0.08187152 0.2352123 1.943026 0.3587257 0.4078107 2.659209 0.1345634 0.07370507 2.406372 0.1378961 -0.005681039 2.410993 0.08053688 -0.04866546 2.381485 0.1986937 -0.07617472 2.438785 0.09782656 -0.5065879 2.423619 0.2188738 -0.5555281 2.699676 0.009471515 -0.8914482 2.476993 0.1725906 -0.8608315 2.718043 0.08092263 -0.9395727 2.482198 0.2425819 -0.8881255 2.780259
0.1307096 0.6331172 2.362974 0.1196842 0.4562454 2.397422 0.04171155 0.3384042 2.285625 0.2651803 0.3095821 2.422997 0.0156573 0.1466777 2.105295 0.3048343 0.2254488 2.56552 0.08449375 0.2339017 1.935243 0.3007667 0.3806098 2.665887 0.08196653 0.2354787 1.943418 0.3564468 0.4115334 2.656601 0.1346108 0.07356689 2.406253 0.1379242 -0.005687788 2.410933 0.08093736 -0.04899623 2.380098 0.1988028 -0.0760631 2.439638 0.0969914 -0.5072322 2.423918 0.2191846 -0.5552847 2.699789 0.009556717 -0.8913504 2.476906 0.1729079 -0.8607411 2.717048 0.08195759 -0.9396384 2.47852 0.2433999 -0.8876358 2.778892
0.1300189 0.6335377 2.364123 0.1195159 0.4562964 2.397372 0.04660568 0.3303704 2.281993 0.2631137 0.3114278 2.422256 0.01288157 0.148259 2.109862 0.3052143 0.2273338 2.564185 0.09255093 0.2296372 1.941829 0.2994103 0.3823177 2.664691 0.08684768 0.2365287 1.94576 0.3550841 0.4132377 2.655407 0.1351305 0.0711674 2.406076 0.1386165 -0.007966006 2.410792 0.08456402 -0.05294472 2.376109 0.1982915 -0.07848697 2.44311 0.09673288 -0.5084631 2.424357 0.2190954 -0.5551834 2.699629 0.009656951 -0.8914285 2.476787 0.1718176 -0.8606403 2.715745 0.08123504 -0.9395113 2.480119 0.2422548 -0.8820537 2.779753
0.1297893 0.6337723 2.364267 0.1173589 0.4575101 2.396642 0.04503188 0.3276217 2.275227 0.2583647 0.3151062 2.420563 0.009709638 0.14721 2.1193 0.303476 0.2310618 2.56171 0.1073489 0.2228643 1.95886 0.2200699 0.3765702 2.642548 0.1059641 0.2389559 1.948454 0.1922678 0.425073 2.673869 0.134802 0.06795976 2.40602 0.1386473 -0.0119497 2.410924 0.0850013 -0.05811267 2.372579 0.1983773 -0.08387512 2.448716 0.0965734 -0.5089287 2.424691 0.2192917 -0.5545155 2.701521 0.008995132 -0.8730885 2.475584 0.1719587 -0.8602251 2.715631 0.07956455 -0.9404205 2.477347 0.2391513 -0.8869953 2.781093
0.1295991 0.6338699 2.364187 0.1168322 0.4579974 2.396272 0.04840774 0.3260663 2.274239 0.2573557 0.3162876 2.419916 0.01168978 0.1450412 2.122808 0.295499 0.1854036 2.591658 0.1478965 0.2297457 1.960914 0.2633863 0.3315571 2.699226 0.1438417 0.243866 1.949751 0.319055 0.3624744 2.689942 0.1386782 0.03504288 2.406921 0.1446868 -0.05706897 2.412725 0.0868746 -0.08316815 2.383653 0.2057415 -0.1107571 2.441464 0.0964729 -0.5085708 2.424065 0.2190511 -0.5913168 2.710489 0.01016132 -0.8808835 2.476099 0.1718486 -0.8552797 2.714516 0.08040667 -0.9404728 2.478364 0.2195184 -0.8924967 2.789287
0.1281252 0.6333743 2.364764 0.1167655 0.4579982 2.396032 0.04906501 0.3251091 2.273762 0.2571892 0.3164635 2.419574 0.01428935 0.1433489 2.132092 0.2938448 0.1948028 2.620783 0.160423 0.2234538 1.981303 0.342251 0.2921906 2.430678 0.1688154 0.244183 1.957519 0.3581319 0.3332473 2.383739 0.1330443 0.03352368 2.405264 0.1357172 -0.05607978 2.410286 0.07143492 -0.08540946 2.37931 0.1995956 -0.1145568 2.440273 0.09648278 -0.5082785 2.423136 0.2185464 -0.5931792 2.707626 0.01081367 -0.8836251 2.476892 0.1714967 -0.8521117 2.713716 0.08035582 -0.9403031 2.478429 0.2221723 -0.886543 2.776709
0.1279733 0.6334559 2.36489 0.1167506 0.4579338 2.396036 0.05072785 0.324457 2.274158 0.2571611 0.3164627 2.41957 0.01807475 0.1406166 2.139812 0.308811 0.2027784 2.622012 0.1704246 0.2096194 2.031832 0.3480684 0.2964656 2.43997 0.2046554 0.2524353 1.967666 0.3660998 0.3326233 2.404666 0.1327051 0.0375714 2.404462 0.1354745 -0.04631758 2.408678 0.07800905 -0.06908282 2.3999 0.1946321 -0.09886859 2.412345 0.09599256 -0.5086616 2.42237 0.2119262 -0.5856791 2.689626 0.01094586 -0.884161 2.476433 0.1576542 -0.8904015 2.702097 0.08076589 -0.9402074 2.475987 0.220209 -0.8877715 2.77692
0.1277358 0.6335446 2.365087 0.1166209 0.4580263 2.39559 0.05328675 0.3234679 2.274815 0.2569156 0.3167702 2.419007 0.03259414 0.1361299 2.143374 0.309844 0.2037694 2.621513 0.1951346 0.199303 2.049234 0.3781948 0.3145086 2.460607 0.2418445 0.2539346 1.992377 0.3997296 0.356427 2.416783 0.13282 0.03773899 2.404274 0.1356819 -0.04613412 2.408553 0.07850599 -0.06974173 2.399742 0.1950431 -0.09908659 2.412736 0.09577961 -0.5091014 2.42151 0.2118915 -0.5849084 2.691747 0.01009597 -0.8879829 2.476189 0.1593952 -0.8899102 2.704353 0.07900842 -0.9409744 2.473228 0.2221874 -0.8880208 2.779001
0.127774 0.6335368 2.365071 0.1166256 0.4580878 2.395529 0.06032994 0.3192939 2.276792 0.2568798 0.316968 2.4189 0.0702631 0.1384297 2.144621 0.310532 0.204461 2.621497 0.2369471 0.2114532 2.069352 0.3788498 0.3148763 2.461308 0.2734776 0.2527088 2.026154 0.400554 0.3568523 2.417624 0.1642869 0.04023385 2.414756 0.182112 -0.04295395 2.42463 0.1299075 -0.08383651 2.408301 0.2461663 -0.08711731 2.444172 0.09593905 -0.5085884 2.421374 0.2148571 -0.5881354 2.694923 0.01002076 -0.8880906 2.476032 0.1624487 -0.8928503 2.709745 0.07728893 -0.9394939 2.462339 0.2362021 -0.8933662 2.773631
0.1279255 0.6337457 2.364802 0.1166993 0.4581152 2.395515 0.06425773 0.3173853 2.27744 0.2569392 0.317064 2.41888 0.07566439 0.138084 2.147972 0.3111961 0.2048882 2.621513 0.252989 0.2021466 2.096982 0.3797359 0.3151066 2.462131 0.2995741 0.2535945 2.066648 0.4015832 0.3571132 2.418547 0.1450934 0.07269969 2.403414 0.1478219 0.0004507378 2.406104 0.1073584 -0.03470944 2.377562 0.1943353 -0.05885151 2.434193 0.09583326 -0.5084915 2.420622 0.2117437 -0.5620831 2.682049 0.009702571 -0.8887457 2.476127 0.1596193 -0.8669158 2.696243 0.07781366 -0.9403817 2.466062 0.2240538 -0.8834381 2.767633
0.1412688 0.6342583 2.361213 0.11684 0.4587588 2.394899 0.06789653 0.3163325 2.277841 0.2570092 0.3179871 2.418171 0.0836321 0.1360422 2.153556 0.3119841 0.2062347 2.620854 0.2635174 0.201233 2.121018 0.3802793 0.3158289 2.462154 0.315762 0.2514086 2.100616 0.402184 0.3578497 2.418615 0.1432712 0.07334801 2.403268 0.1465829 0.0001742954 2.406271 0.1062769 -0.03473068 2.37785 0.1923606 -0.05906139 2.434441 0.09588198 -0.5084887 2.420181 0.2124804 -0.561587 2.68351 0.009521852 -0.8904393 2.476495 0.1637303 -0.8671886 2.695933 0.0789423 -0.9419808 2.470586 0.2239002 -0.8801919 2.761522
0.1387653 0.6340938 2.361305 0.1172885 0.4588388 2.394804 0.06973766 0.3154651 2.277834 0.2573897 0.318153 2.418083 0.09512158 0.1382594 2.161847 0.31287 0.2065667 2.620739 0.2757729 0.2038145 2.156233 0.3814373 0.3160418 2.462656 0.3249726 0.2537993 2.134579 0.4034284 0.3580666 2.419167 0.1416509 0.07298838 2.402832 0.1447082 -0.001218387 2.405801 0.1039224 -0.03556775 2.378325 0.1901346 -0.0603194 2.432779 0.09617051 -0.5083525 2.419716 0.2127843 -0.5620357 2.683237 0.009670187 -0.8903508 2.476397 0.1641429 -0.8675678 2.696229 0.08043143 -0.9411085 2.474698 0.2211339 -0.8770975 2.751009
0.1385909 0.6339878 2.361319 0.117718 0.4596709 2.393733 0.07219766 0.3150892 2.27778 0.2577603 0.3191825 2.416964 0.09926495 0.1391597 2.163833 0.3136896 0.2077813 2.619614 0.2794846 0.203389 2.170394 0.3820979 0.316833 2.462234 0.3385816 0.2512308 2.179483 0.4041192 0.3588586 2.418765 0.1557541 0.06416008 2.408393 0.1688544 -0.01858323 2.416803 0.1304377 -0.054115 2.404366 0.217476 -0.06867281 2.434722 0.0964153 -0.5079445 2.419067 0.2848923 -0.5513929 2.711724 0.01003383 -0.8900952 2.476253 0.1578521 -0.8361073 2.689236 0.07981634 -0.9399533 2.47191 0.2224791 -0.869193 2.754439
0.1451773 0.6336239 2.361125 0.1177429 0.460355 2.392978 0.0757385 0.3146977 2.277447 0.2577275 0.3200121 2.416176 0.1045366 0.1393176 2.166809 0.3138652 0.2086979 2.618829 0.3045434 0.2146653 2.20964 0.3823175 0.3174591 2.461945 0.3481928 0.2588029 2.192717 0.404355 0.3594808 2.41849 0.157509 0.06258863 2.409206 0.1694958 -0.01946438 2.417237 0.1305636 -0.0541583 2.404612 0.2181439 -0.06910236 2.434695 0.09681869 -0.5071437 2.417993 0.2156879 -0.5704475 2.686927 0.009738046 -0.8902333 2.476385 0.1662242 -0.8757843 2.700215 0.08037814 -0.9397184 2.474909 0.2353048 -0.8871301 2.768217
0.1511142 0.6331112 2.360906 0.1181636 0.4611031 2.392898 0.07789553 0.3150045 2.277503 0.2581229 0.3208718 2.416107 0.1124626 0.1402515 2.170624 0.3144535 0.2096659 2.618778 0.3051686 0.2154759 2.213974 0.383057 0.3184379 2.462231 0.3504951 0.2611299 2.213637 0.4051198 0.3604618 2.418802 0.1579594 0.06256377 2.409319 0.1695261 -0.01943381 2.417238 0.1302829 -0.05417078 2.404405 0.218727 -0.06816937 2.434644 0.09694961 -0.508115 2.418193 0.217063 -0.5678515 2.689967 0.009898342 -0.8909206 2.475405 0.16476 -0.8734596 2.696779 0.08030157 -0.9403856 2.473699 0.2261152 -0.8848616 2.761426
0.1448826 0.6333761 2.361964 0.1183628 0.461726 2.392648 0.079582 0.3149361 2.277491 0.2582932 0.3215776 2.415857 0.1185188 0.1389654 2.1731 0.3147432 0.2104206 2.618534 0.3068386 0.2160041 2.221356 0.3834055 0.3191177 2.462222 0.3522878 0.2615018 2.222892 0.4054802 0.3611385 2.418805 0.1487545 0.05991418 2.405064 0.1523286 -0.022961 2.409472 0.1114882 -0.05192735 2.397005 0.1937961 -0.07566021 2.420905 0.0969699 -0.508252 2.418007 0.2148855 -0.5678015 2.689076 0.01011492 -0.8910261 2.475533 0.1626242 -0.8734938 2.695008 0.08034406 -0.9404367 2.473853 0.2260098 -0.8852043 2.765535
0.1493825 0.6335146 2.362238 0.1186152 0.4629686 2.391747 0.08088944 0.3149357 2.277256 0.2585006 0.3229095 2.414954 0.1232838 0.1377274 2.17565 0.3150826 0.2117878 2.617629 0.3091945 0.2161726 2.227657 0.3839025 0.3204685 2.461475 0.3547727 0.2614247 2.231132 0.4059907 0.3624839 2.418069 0.1517903 0.05902948 2.405946 0.158348 -0.0240555 2.4117 0.1178003 -0.05368682 2.40156 0.2061765 -0.07426646 2.423076 0.09743041 -0.5060549 2.416892 0.2044693 -0.5777689 2.67118 0.01011905 -0.8909084 2.475405 0.1636734 -0.8822569 2.698268 0.0804482 -0.9402683 2.475088 0.2317836 -0.8928323 2.767385
0.1516833 0.6331687 2.361853 0.1190759 0.4637684 2.390967 0.08199546 0.3149209 2.27678 0.2589263 0.3237526 2.414187 0.1248822 0.1380244 2.177285 0.3156118 0.2126492 2.616856 0.3115166 0.2165116 2.232056 0.3845446 0.3213869 2.460789 0.3560078 0.2626898 2.237 0.4066423 0.3633974 2.417394 0.1477106 0.05662417 2.403593 0.1525935 -0.02690367 2.408828 0.1114905 -0.0549295 2.398738 0.1982769 -0.07889478 2.419359 0.09761821 -0.5064127 2.417021 0.156155 -0.5940334 2.639898 0.009737584 -0.8918998 2.474631 0.2076206 -0.883613 2.71733 0.08025446 -0.9405695 2.473906 0.264272 -0.8981054 2.795507
0.1435796 0.6333342 2.364242 0.1195891 0.4641144 2.390141 0.0826566 0.3148999 2.276411 0.2594048 0.324125 2.413384 0.1258067 0.1381352 2.178221 0.3161709 0.2130214 2.616044 0.3140638 0.2177277 2.235638 0.3851833 0.32183 2.460059 0.3579946 0.2643657 2.241154 0.4072882 0.3638357 2.416673 0.1533304 0.05651702 2.405539 0.1611697 -0.02636115 2.412348 0.1198235 -0.05530201 2.402936 0.2107294 -0.07642987 2.424132 0.09804757 -0.50596 2.416782 0.2130001 -0.5648245 2.69951 0.009747599 -0.8918489 2.474651 0.1665861 -0.8724725 2.692337 0.0803388 -0.9402344 2.474259 0.2328002 -0.8882763 2.762337
0.1413426 0.6331709 2.364409 0.1196653 0.4641817 2.390084 0.08308943 0.3148689 2.276138 0.2594726 0.324201 2.413329 0.1277921 0.1376856 2.178691 0.3162638 0.2130977 2.615996 0.3144323 0.2178491 2.237214 0.3853131 0.3219287 2.460035 0.3581527 0.2646272 2.243121 0.4074198 0.3639298 2.416655 0.1552263 0.05569599 2.407011 0.1632844 -0.02714748 2.414114 0.1210964 -0.05725838 2.403932 0.2144358 -0.07577229 2.427576 0.09813568 -0.5069232 2.416878 0.2137031 -0.5668787 2.698291 0.009723135 -0.8923281 2.475 0.1726652 -0.8748567 2.697119 0.08073389 -0.9407064 2.473557 0.2139243 -0.8979881 2.775331
0.1493558 0.6325488 2.362939 0.120082 0.4641021 2.389797 0.08351588 0.314834 2.276061 0.2598586 0.324142 2.413059 0.1282823 0.1369033 2.178719 0.3167019 0.2130291 2.615719 0.313941 0.2173554 2.238603 0.3858155 0.3218949 2.459805 0.3578612 0.2640047 2.243947 0.4079279 0.3638898 2.416433 0.156305 0.055133 2.407306 0.1642634 -0.02759432 2.414444 0.1219572 -0.05758217 2.404078 0.2152 -0.07642759 2.427961 0.09843076 -0.5069891 2.416958 0.2031089 -0.589835 2.655669 0.009776012 -0.8920627 2.474953 0.1487853 -0.8939735 2.670726 0.08176295 -0.9410033 2.477471 0.2164592 -0.8914337 2.741072
0.1446996 0.6326033 2.362296 0.1202209 0.4637747 2.389486 0.08371001 0.314632 2.276052 0.2599808 0.3238414 2.412763 0.1282857 0.1370041 2.178636 0.3168505 0.2127192 2.615424 0.3119872 0.2161683 2.238777 0.3860078 0.321639 2.459562 0.3561413 0.2626151 2.243875 0.4081222 0.363629 2.416195 0.1572565 0.05509372 2.40737 0.1653751 -0.02740357 2.414549 0.1232802 -0.05732983 2.404174 0.2159814 -0.07632381 2.427981 0.0987899 -0.5073059 2.417124 0.2156769 -0.5728316 2.689162 0.009542243 -0.8918877 2.475004 0.1688597 -0.8786489 2.700713 0.0823091 -0.9407231 2.479339 0.212353 -0.8887458 2.774401
0.1403257 0.6324726 2.360759 0.1206879 0.4623083 2.38785 0.08377571 0.3144772 2.275959 0.2604192 0.3224211 2.411153 0.1280258 0.1368386 2.178336 0.3173365 0.2112902 2.61381 0.3104925 0.2155159 2.23899 0.3865943 0.3203274 2.458075 0.3551076 0.2615472 2.243747 0.4087144 0.3623141 2.414718 0.1491058 0.05403957 2.402915 0.1529745 -0.02781156 2.408569 0.1105462 -0.05596328 2.398147 0.1976619 -0.07984115 2.419568 0.09885597 -0.5080479 2.417215 0.1628229 -0.5842542 2.663628 0.009242172 -0.8922178 2.474858 0.1936151 -0.8854302 2.711638 0.07904273 -0.9411761 2.472039 0.2572167 -0.874586 2.743977
0.1397264 0.6322786 2.360438 0.1207726 0.4618053 2.38732 0.08370138 0.3144715 2.275856 0.2604932 0.3219344 2.41063 0.1217593 0.1377881 2.176424 0.3174318 0.2108005 2.613292 0.2951844 0.2041063 2.234016 0.386739 0.3198788 2.457602 0.3485697 0.2546581 2.241159 0.4088616 0.3618634 2.41425 0.151965 0.05729768 2.403956 0.1583275 -0.02211386 2.410779 0.1135519 -0.05471568 2.398194 0.2107104 -0.06654213 2.428058 0.09890769 -0.5080491 2.417198 0.2171122 -0.5614017 2.692143 0.009572946 -0.8924352 2.475064 0.1701153 -0.8678515 2.697537 0.07969488 -0.9414176 2.473959 0.2422556 -0.8865602 2.735512
0.1377084 0.6317687 2.359 0.1208214 0.4610593 2.38698 0.08357815 0.3143511 2.275822 0.2605327 0.3212052 2.410293 0.1163978 0.1384607 2.174703 0.3174909 0.2100696 2.61296 0.2858844 0.199553 2.22918 0.3868471 0.3191676 2.457299 0.3440645 0.2511118 2.237755 0.4089725 0.3611502 2.41395 0.1476228 0.05792603 2.402036 0.1520408 -0.0213299 2.408058 0.1074848 -0.05226646 2.392157 0.1986547 -0.07148812 2.425987 0.09890158 -0.5080323 2.417135 0.2161256 -0.5647321 2.692509 0.00983417 -0.892702 2.475573 0.1676408 -0.8707287 2.699888 0.08083766 -0.9417931 2.476533 0.2328882 -0.8846629 2.759181
0.1374936 0.6318992 2.358996 0.1207419 0.4601122 2.386542 0.08225337 0.3131422 2.275702 0.2604449 0.3202713 2.409855 0.1069553 0.1383838 2.1726 0.3174227 0.2091364 2.61253 0.2784101 0.1979596 2.223388 0.3868283 0.3182563 2.4569 0.340744 0.249175 2.232233 0.4089564 0.3602374 2.413555 0.1531413 0.06800532 2.403936 0.1608468 -0.006527453 2.411248 0.1154412 -0.04653712 2.388515 0.2135048 -0.05431648 2.440846 0.09901438 -0.5076611 2.416735 0.2158581 -0.5576149 2.689378 0.009851303 -0.8925109 2.475402 0.16776 -0.8636647 2.696715 0.08082016 -0.9417025 2.476418 0.2264931 -0.8816332 2.75391
0.136426 0.6319705 2.358418 0.1207391 0.4595489 2.386417 0.08135439 0.3124848 2.275701 0.2604366 0.3197165 2.409731 0.09957775 0.1384944 2.16975 0.3174273 0.2085793 2.612412 0.2767175 0.1974973 2.20325 0.3868647 0.3177047 2.456793 0.321224 0.2373485 2.188235 0.4089938 0.3596827 2.413452 0.1554568 0.07395755 2.405132 0.1632835 -0.0002316539 2.412534 0.118903 -0.04279567 2.385834 0.2155867 -0.05101655 2.444706 0.09919032 -0.5081201 2.416749 0.2162641 -0.5569615 2.688055 0.0098472 -0.8923205 2.475526 0.1662393 -0.8627524 2.694798 0.08044539 -0.94133 2.47916 0.2165472 -0.8867488 2.768611
0.1359461 0.6318965 2.358183 0.1205884 0.4588228 2.386358 0.08087426 0.3120505 2.275904 0.2602808 0.318997 2.409671 0.09273855 0.1393768 2.165997 0.3172853 0.2078596 2.61236 0.2743702 0.1999455 2.172307 0.3867541 0.3169914 2.456751 0.31538 0.2428837 2.155542 0.4088845 0.3589673 2.413414 0.1564088 0.0797627 2.405612 0.164322 0.006735809 2.412994 0.121227 -0.03926159 2.382028 0.2163478 -0.04626444 2.448957 0.09911851 -0.5080795 2.416684 0.2161001 -0.5547127 2.687267 0.009860857 -0.89228 2.475462 0.1653626 -0.8604339 2.69342 0.08110742 -0.9413183 2.481371 0.2173582 -0.8871537 2.771614
0.1351482 0.6316726 2.357858 0.1207526 0.4573318 2.386853 0.0797446 0.3114849 2.27614 0.2604371 0.3175159 2.410163 0.08807112 0.1411399 2.161196 0.3174576 0.2063749 2.612856 0.2612918 0.2137296 2.106063 0.4374346 0.3397949 2.491475 0.2926195 0.2607575 2.080658 0.4595813 0.3817693 2.448147 0.1515309 0.07922401 2.403801 0.1564764 0.005451623 2.409814 0.1139296 -0.03799772 2.377356 0.2026923 -0.05370713 2.444103 0.09910665 -0.5080807 2.416709 0.2148344 -0.5589256 2.688515 0.01000384 -0.8918888 2.475224 0.1640823 -0.8645695 2.69524 0.08177692 -0.9410357 2.481606 0.2301559 -0.8837188 2.764534
0.1346755 0.6314647 2.357751 0.1207353 0.4569351 2.387036 0.07507453 0.3127217 2.275961 0.2604167 0.317122 2.410345 0.07579501 0.1404219 2.150079 0.3396564 0.2071901 2.606926 0.2310732 0.2107733 2.047614 0.382641 0.3052127 2.433843 0.2508984 0.2641585 2.010606 0.4047883 0.3471882 2.390514 0.1459163 0.07996177 2.402267 0.1494426 0.006058454 2.407798 0.1058991 -0.03608418 2.376504 0.1962391 -0.05353291 2.440369 0.09879001 -0.5081631 2.41682 0.2087357 -0.5567385 2.688731 0.01000347 -0.892427 2.475063 0.1667172 -0.8637844 2.694557 0.08263928 -0.9424372 2.470061 0.2324613 -0.883409 2.764049
0.1344258 0.6314182 2.357841 0.120769 0.4569324 2.387086 0.06716368 0.316891 2.27477 0.3188525 0.2923599 2.441079 0.05219803 0.1404162 2.141021 0.3234972 0.1906784 2.58846 0.1882402 0.2134686 2.013024 0.3459219 0.2940062 2.39351 0.2026528 0.2195518 1.999441 0.3680691 0.3359814 2.350181 0.138045 0.09070196 2.399342 0.1396468 0.01965603 2.40406 0.08508478 -0.02628999 2.379968 0.1949189 -0.0488931 2.43191 0.09794543 -0.50911 2.417703 0.2098428 -0.5493937 2.685249 0.009868262 -0.8926222 2.475147 0.1660031 -0.8563147 2.689645 0.08086306 -0.9423801 2.469501 0.2201532 -0.8823152 2.766639
0.1344957 0.6317784 2.358603 0.1205315 0.4575108 2.387683 0.06546541 0.318357 2.273547 0.3185179 0.2929066 2.441463 0.04657853 0.1403229 2.135888 0.3231626 0.1912251 2.588844 0.1722153 0.2144582 1.997238 0.2943562 0.3010741 2.361578 0.1597142 0.2331777 1.966992 0.3169627 0.3157256 2.327322 0.1330217 0.1057239 2.399258 0.1345558 0.03711326 2.403925 0.07911856 -0.01917463 2.351492 0.1916432 -0.04941016 2.452928 0.09810858 -0.5099037 2.418999 0.2118858 -0.5577193 2.690738 0.009824895 -0.8926775 2.475398 0.1651604 -0.8639407 2.697665 0.08174643 -0.9418685 2.478607 0.2217415 -0.8838633 2.770417
0.1348346 0.6319602 2.359328 0.1216271 0.4566733 2.390517 0.05877988 0.3239033 2.272296 0.3193067 0.2921847 2.443721 0.04247264 0.1453446 2.119947 0.3239515 0.1905032 2.591101 0.1236888 0.2200828 1.949172 0.2957614 0.299379 2.363317 0.1153987 0.2235694 1.950319 0.3050869 0.3269562 2.306025 0.1351636 0.09756773 2.401102 0.1378074 0.02444069 2.40591 0.07820653 -0.02928774 2.369299 0.2031548 -0.06445535 2.440903 0.098068 -0.5096107 2.419374 0.2135799 -0.5657093 2.693058 0.009756878 -0.892511 2.475614 0.1658935 -0.8717083 2.700545 0.08213401 -0.9418913 2.481058 0.2357705 -0.8854303 2.767377
0.1354586 0.6322585 2.360668 0.1219737 0.4565873 2.391421 0.05479977 0.3284651 2.277322 0.3195504 0.2921067 2.444451 0.03732413 0.1455457 2.115863 0.3241952 0.1904252 2.591832 0.1024883 0.2249718 1.940014 0.2962352 0.2989262 2.363777 0.1059405 0.2230722 1.946068 0.2963237 0.3249666 2.304569 0.1361101 0.08955505 2.401977 0.1389035 0.01428428 2.406709 0.07650527 -0.03563562 2.377236 0.206363 -0.07133488 2.435234 0.09861488 -0.5086796 2.420105 0.2137446 -0.5689659 2.694191 0.009759557 -0.8924342 2.475653 0.1665622 -0.8748385 2.70339 0.08222724 -0.9417773 2.481055 0.2385677 -0.8875882 2.768137
0.1354865 0.6323042 2.360758 0.1224073 0.4565637 2.392474 0.05143252 0.3324404 2.282261 0.3198923 0.2920824 2.445364 0.03219985 0.1448465 2.11018 0.3090869 0.1709177 2.598174 0.09675059 0.2210391 1.932549 0.2819496 0.2771395 2.368815 0.09326678 0.230057 1.938046 0.2700371 0.3037064 2.300604 0.1356864 0.08681372 2.401681 0.1382332 0.01126593 2.406118 0.07399078 -0.03806382 2.378163 0.2069635 -0.07397325 2.432716 0.09841557 -0.5089625 2.420987 0.2144328 -0.5698009 2.695011 0.009767666 -0.8924522 2.475985 0.1666824 -0.8754908 2.70491 0.08285892 -0.9411376 2.480103 0.2394872 -0.8881236 2.768795
0.1354448 0.63238 2.360783 0.1226863 0.4564834 2.392998 0.04740071 0.332233 2.280888 0.3201166 0.2920065 2.445819 0.02789808 0.1442845 2.104369 0.3102389 0.139723 2.631016 0.09774058 0.222683 1.929959 0.2833807 0.2386425 2.410697 0.09160043 0.2317395 1.937052 0.2771666 0.3337525 2.293308 0.1358484 0.08603783 2.401633 0.1383737 0.01060791 2.406013 0.07337199 -0.03902618 2.377922 0.208125 -0.07517562 2.432636 0.09812593 -0.5087917 2.421301 0.2139069 -0.5717635 2.693663 0.009717086 -0.8922703 2.476561 0.1655504 -0.8770562 2.705957 0.08259191 -0.9407713 2.480109 0.2391428 -0.8883783 2.769196
0.1361187 0.6327032 2.360803 0.1228943 0.45639 2.393203 0.04077744 0.3282641 2.272909 0.320287 0.2919194 2.44599 0.01997129 0.1456159 2.111724 0.3127114 0.1450737 2.635118 0.09730206 0.2176418 1.937747 0.2853086 0.2316348 2.433431 0.09192289 0.2318882 1.937513 0.2791918 0.3343157 2.2943 0.1361344 0.08564959 2.401623 0.13867 0.01032639 2.405972 0.07309041 -0.0399559 2.377594 0.2097961 -0.07574654 2.43299 0.09808603 -0.5083601 2.421256 0.2150778 -0.5718334 2.694999 0.009940304 -0.8918337 2.476517 0.1660727 -0.8769199 2.708001 0.08228696 -0.9407175 2.48046 0.2414457 -0.8882145 2.76913
0.1361184 0.6327839 2.360679 0.1231838 0.4561947 2.393196 0.04148594 0.327498 2.271047 0.3205453 0.29173 2.445967 0.01967529 0.1447842 2.112016 0.3130789 0.1450907 2.635259 0.1033847 0.2209644 1.943216 0.3091145 0.2772155 2.397775 0.09917223 0.2315435 1.942109 0.2984569 0.3309862 2.31224 0.1364319 0.08477142 2.401323 0.1389756 0.009548138 2.405636 0.07317905 -0.0426559 2.374146 0.2104522 -0.0770181 2.434429 0.09782019 -0.5082282 2.420938 0.2181009 -0.5662755 2.702507 0.00987081 -0.8917541 2.476606 0.1721664 -0.8712182 2.720075 0.08238022 -0.9406388 2.480657 0.2495028 -0.8889844 2.777094
0.1362711 0.6328138 2.360473 0.1231844 0.4562344 2.39298 0.04328807 0.3269064 2.270045 0.3205313 0.2917695 2.445727 0.01755096 0.1448517 2.119967 0.3129854 0.1452525 2.635117 0.1363851 0.241577 1.941408 0.3205953 0.2764598 2.402949 0.121439 0.2331821 1.948572 0.3207992 0.3217855 2.339797 0.1403363 0.08354972 2.401377 0.1446644 0.008070501 2.406077 0.08803708 -0.05486661 2.352641 0.2268893 -0.08900025 2.46406 0.0976178 -0.5083602 2.420641 0.2133346 -0.607599 2.713578 0.009656517 -0.8917034 2.476446 0.1738222 -0.8502997 2.718445 0.0821585 -0.9405125 2.479319 0.2466886 -0.8838158 2.774274
0.135983 0.6328264 2.359713 0.1233354 0.4561826 2.39291 0.04764845 0.3247337 2.269863 0.3206667 0.2917173 2.44565 0.01570017 0.1437504 2.131384 0.3131138 0.1453198 2.635136 0.1498254 0.2423147 1.952935 0.3263693 0.2756091 2.412884 0.1945338 0.2751695 1.897827 0.3316597 0.3260102 2.348381 0.1458294 0.09487983 2.401682 0.1518873 0.02533946 2.406713 0.09914849 -0.05438421 2.30574 0.2293119 -0.09004685 2.507272 0.09806033 -0.5081195 2.419956 0.2136174 -0.6074346 2.713638 0.009639873 -0.8915772 2.476477 0.1743646 -0.849948 2.718365 0.08224002 -0.9403543 2.479582 0.2471601 -0.8838399 2.774078
0.1368011 0.6328977 2.359489 0.1234933 0.4559281 2.392744 0.05102415 0.3227089 2.270926 0.3208104 0.2914588 2.445471 0.01590041 0.1412774 2.139157 0.3022611 0.1899953 2.58221 0.1651663 0.2124009 2.008814 0.341711 0.3193959 2.404135 0.1862921 0.2399796 1.974093 0.3533908 0.3332465 2.373596 0.129191 0.04290883 2.396291 0.1304495 -0.03911546 2.399855 0.05189952 -0.07490277 2.373644 0.2103014 -0.1264065 2.425022 0.09845004 -0.5070661 2.418708 0.2170661 -0.6066102 2.7159 0.00966181 -0.8912728 2.47659 0.1741665 -0.8499193 2.718579 0.08156133 -0.9403352 2.481131 0.2166074 -0.8859071 2.770124
0.1364449 0.632831 2.359083 0.1237153 0.4555342 2.392124 0.05596837 0.3199035 2.272249 0.3210145 0.2910562 2.444827 0.01930776 0.1381298 2.145253 0.3037086 0.1884034 2.586682 0.1751656 0.2072622 2.032138 0.3578983 0.3192211 2.415523 0.2093568 0.2436568 1.987806 0.3750372 0.3409644 2.393371 0.1322102 0.04868452 2.397201 0.1350988 -0.03070624 2.401029 0.06209402 -0.06490155 2.39009 0.2162404 -0.1048317 2.411969 0.09873418 -0.5074529 2.418451 0.2168545 -0.5845963 2.701654 0.009469756 -0.8912417 2.47661 0.1619326 -0.8891253 2.710415 0.08162136 -0.9403654 2.481147 0.2181776 -0.8858484 2.769976
0.1364807 0.6324357 2.358586 0.1237226 0.4547238 2.391294 0.05948518 0.3173897 2.272614 0.3209991 0.2902327 2.443969 0.03399777 0.13224 2.149434 0.3035289 0.1879383 2.586908 0.2012924 0.2017342 2.062544 0.3857022 0.3270842 2.447347 0.2401781 0.246884 2.021194 0.3943952 0.3436736 2.439841 0.1336216 0.04961041 2.397403 0.1370377 -0.0296539 2.401139 0.06451261 -0.06548239 2.389607 0.216984 -0.1038891 2.412562 0.09883188 -0.5074642 2.41821 0.2170727 -0.5840187 2.701721 0.009464047 -0.8913063 2.476728 0.1617585 -0.8885294 2.709898 0.0804785 -0.9401206 2.477736 0.2185829 -0.8859546 2.769894
