0.1882401 0.7038808 2.380489 0.1938511 0.5136663 2.415405 0.01653036 0.4114757 2.432758 0.3667776 0.4065286 2.40241 -0.04925609 0.1893649 2.431834 0.3979185 0.1877365 2.301359 -0.2297946 0.2847208 2.271023 0.1672102 0.2605116 2.180083 -0.2837569 0.3131661 2.26736 0.067343 0.2933854 2.167545 0.1867006 0.1592192 2.427504 0.1818545 0.09127666 2.394009 0.1020235 0.01331732 2.390985 0.2574359 0.011635 2.38451 0.07832605 -0.4694501 2.519774 0.3045986 -0.4727225 2.504501 0.07649477 -0.8318884 2.599508 0.3101733 -0.845239 2.597193 0.01594125 -0.9151105 2.596689 0.3583082 -0.914827 2.567301
0.188369 0.703893 2.380539 0.1911572 0.51316 2.41534 0.01606044 0.4121558 2.432652 0.3659889 0.4015527 2.397923 -0.05683623 0.177637 2.431165 0.3842402 0.1853034 2.286211 -0.2518004 0.2820437 2.281756 0.1764137 0.2345246 2.17937 -0.3195922 0.3046727 2.282313 0.07679594 0.2668469 2.163951 0.1870772 0.1592138 2.427737 0.1819816 0.09129784 2.394139 0.102996 0.01335048 2.391696 0.2576025 0.01160771 2.384501 0.07859311 -0.470399 2.519649 0.3052889 -0.4719027 2.50482 0.07664994 -0.8316582 2.599428 0.3099615 -0.8453293 2.597703 0.01617413 -0.9143735 2.595187 0.3574595 -0.9147718 2.565293
0.1884172 0.7039363 2.380635 0.1911006 0.513063 2.415374 0.01509393 0.4133653 2.432467 0.3651024 0.3979224 2.393569 -0.06044699 0.1734897 2.430896 0.377274 0.1832442 2.27718 -0.2666085 0.2745703 2.292091 0.1671453 0.2393016 2.18014 -0.3279213 0.2973689 2.289288 0.06725082 0.2708883 2.16514 0.1874741 0.159195 2.42791 0.1820832 0.09134162 2.394179 0.1032611 0.01335778 2.391921 0.2577397 0.01162227 2.384356 0.07890595 -0.4700099 2.519099 0.3055878 -0.4715131 2.504803 0.07694142 -0.8314556 2.599645 0.3114266 -0.8448321 2.597935 0.01582935 -0.9163707 2.590487 0.356865 -0.9145067 2.563533
0.1880058 0.7038842 2.380725 0.1907716 0.5128378 2.415585 0.01487678 0.4138371 2.431667 0.3642816 0.3969973 2.391653 -0.06835952 0.1696845 2.433792 0.3745734 0.1822512 2.275446 -0.2728518 0.2707165 2.294976 0.1646571 0.2410127 2.180021 -0.3365117 0.2934124 2.293934 0.06473295 0.2726309 2.165434 0.1877936 0.1594026 2.428071 0.1825981 0.0919191 2.394089 0.1044296 0.01408656 2.391963 0.2583609 0.01258348 2.383722 0.07935207 -0.469265 2.518604 0.3064564 -0.4669156 2.503113 0.07688202 -0.8313466 2.599713 0.3139431 -0.8440242 2.599055 0.01601603 -0.9161178 2.590816 0.3560126 -0.9128367 2.566053
0.1877766 0.7039416 2.380827 0.1906659 0.5127927 2.415532 0.01437256 0.4142222 2.431465 0.3640048 0.3960503 2.389682 -0.07337824 0.1690308 2.435478 0.3707487 0.181381 2.273187 -0.272603 0.2656005 2.298887 0.155968 0.2443998 2.195832 -0.3393806 0.292383 2.294351 0.05631307 0.2782812 2.184948 0.1880326 0.1594199 2.428247 0.1827681 0.09198574 2.394156 0.1047549 0.01401707 2.392369 0.2586361 0.01265556 2.383569 0.07934702 -0.4692777 2.518613 0.3067561 -0.4666731 2.503014 0.07688279 -0.833031 2.600233 0.3154831 -0.8442705 2.599263 0.01821188 -0.9162593 2.583231 0.3559036 -0.9129884 2.564747
0.1865705 0.7039512 2.381221 0.1895838 0.5126624 2.415475 0.01408803 0.4144559 2.431348 0.3630828 0.3954934 2.387788 -0.07640737 0.1690268 2.440209 0.3705273 0.1802966 2.272863 -0.2739134 0.2654926 2.29898 0.1561829 0.2446395 2.195693 -0.3399023 0.2922298 2.294364 0.08646011 0.2743765 2.176851 0.1881089 0.1596227 2.428457 0.1827471 0.09228776 2.394311 0.1049519 0.01431736 2.39291 0.2585967 0.01310275 2.38347 0.0796076 -0.4694031 2.518903 0.3072121 -0.4662386 2.502819 0.07687169 -0.833257 2.600194 0.315998 -0.8442875 2.599125 0.01825603 -0.9163101 2.582979 0.3571745 -0.9144636 2.561958
0.1850786 0.704399 2.381147 0.1884827 0.5124419 2.414999 0.01275282 0.415097 2.43165 0.362455 0.3953963 2.387198 -0.07989528 0.1691154 2.442786 0.3699508 0.18008 2.272803 -0.2761086 0.2655903 2.299188 0.1561209 0.2466378 2.196511 -0.3416754 0.2928872 2.294369 0.05542796 0.2780309 2.188725 0.1880868 0.1597627 2.428638 0.1827213 0.09243847 2.39458 0.1051233 0.01438959 2.394019 0.2585997 0.01314638 2.383499 0.08008462 -0.4676376 2.518578 0.3073356 -0.465975 2.502756 0.07713544 -0.833734 2.600302 0.3167685 -0.8435748 2.599287 0.01842095 -0.9159653 2.58346 0.3564888 -0.9125417 2.566695
0.1836504 0.7047629 2.381041 0.188432 0.5125099 2.415013 0.01065224 0.4162825 2.433482 0.3621371 0.3953605 2.386924 -0.08132321 0.1694228 2.443684 0.3700586 0.1799919 2.272928 -0.2769538 0.2655339 2.299082 0.1567238 0.2467093 2.195451 -0.3424516 0.2932191 2.294056 0.05614545 0.2788531 2.188177 0.1880986 0.1602153 2.428799 0.1825778 0.09301277 2.394804 0.1048761 0.01470951 2.394384 0.2585382 0.01352564 2.383467 0.08001108 -0.4670379 2.517965 0.307117 -0.4655176 2.503106 0.0769892 -0.8323179 2.599668 0.3173371 -0.8436032 2.599629 0.01833625 -0.9152998 2.584235 0.3561838 -0.9126007 2.566324
0.1822077 0.7049394 2.380651 0.1881157 0.5129296 2.415061 0.009042492 0.4169488 2.435143 0.3617503 0.3950212 2.386403 -0.0813977 0.169263 2.444136 0.3701067 0.179593 2.272819 -0.2775245 0.2659393 2.29855 0.1441888 0.2569951 2.189719 -0.3426195 0.293067 2.293843 0.04250148 0.2858873 2.18386 0.1880057 0.161176 2.428989 0.1823733 0.0941079 2.395078 0.1046997 0.0153203 2.394693 0.2583962 0.0144022 2.383496 0.07995966 -0.4671738 2.517944 0.3072065 -0.4656906 2.503025 0.07704656 -0.8321462 2.599646 0.3176438 -0.8436663 2.599832 0.01846906 -0.9147867 2.584965 0.3558255 -0.9125385 2.564481
0.1813466 0.7050196 2.380836 0.1872329 0.5129145 2.41513 0.006951436 0.4176174 2.436618 0.3603219 0.3963966 2.386315 -0.08127216 0.1690078 2.444456 0.3701996 0.1808486 2.273416 -0.2774287 0.2664518 2.297928 0.1595176 0.2496909 2.190241 -0.3423811 0.2931891 2.293063 0.05849232 0.2810404 2.183986 0.1877162 0.1620772 2.429127 0.182051 0.09531246 2.395307 0.1045169 0.01599332 2.394984 0.2581696 0.01578912 2.38345 0.08019882 -0.4667112 2.518008 0.3071489 -0.4650492 2.502936 0.07699093 -0.8315904 2.599419 0.3179023 -0.8437831 2.600668 0.018568 -0.9145037 2.585027 0.3552664 -0.9115235 2.566167
0.1805309 0.7049953 2.380914 0.1864815 0.5131009 2.415267 0.006306 0.4185156 2.437648 0.3599869 0.3966283 2.386249 -0.08107536 0.1689719 2.44458 0.370788 0.1809968 2.273896 -0.277086 0.267388 2.296067 0.1533286 0.2543603 2.189213 -0.3412484 0.2946732 2.290532 0.05200624 0.2848721 2.182588 0.187605 0.1626306 2.429378 0.1819731 0.09593535 2.395667 0.1046458 0.01646796 2.395452 0.2580582 0.01646579 2.383684 0.08045962 -0.4668867 2.518049 0.3069062 -0.4662867 2.503946 0.07661282 -0.8339506 2.599393 0.3187884 -0.8444155 2.601053 0.01827541 -0.915432 2.58534 0.3575277 -0.9135908 2.568736
0.1794192 0.7050126 2.380926 0.1855904 0.5133548 2.415318 0.005588698 0.4187633 2.438104 0.3596359 0.3973196 2.386223 -0.07713265 0.1665279 2.444085 0.3713084 0.18151 2.274654 -0.2725677 0.2691039 2.290889 0.1551348 0.2534769 2.189526 -0.3326678 0.2951893 2.284902 0.05411953 0.2850559 2.182351 0.187366 0.1631898 2.429427 0.1818137 0.09653751 2.395774 0.1045679 0.0167708 2.395626 0.2580112 0.01704995 2.383613 0.08047167 -0.4668826 2.517919 0.3068832 -0.4661487 2.503842 0.07670039 -0.8340819 2.599672 0.3188194 -0.8437579 2.600837 0.0180698 -0.9154044 2.58621 0.3564425 -0.9132867 2.56673
0.1788135 0.704835 2.380709 0.1849393 0.5134821 2.415179 0.00450987 0.4191888 2.439303 0.3592689 0.3979042 2.386402 -0.07247989 0.1640936 2.445239 0.3746288 0.181255 2.277829 -0.2653361 0.2709833 2.286159 0.1551527 0.2533753 2.189471 -0.3163131 0.2993485 2.275398 0.0550345 0.2873922 2.180557 0.1872734 0.1636152 2.429403 0.181734 0.09700248 2.395853 0.1045924 0.01702007 2.395806 0.2579648 0.01746224 2.383561 0.08050936 -0.4668666 2.51789 0.3067544 -0.4664659 2.503839 0.07676207 -0.8333464 2.599265 0.3188846 -0.8440649 2.601119 0.01801592 -0.9152451 2.586257 0.3558745 -0.9131697 2.565616
0.1784639 0.704983 2.380791 0.1848027 0.513805 2.415079 0.004179253 0.4187845 2.439451 0.3589116 0.3985211 2.386586 -0.06374902 0.1846115 2.447896 0.3779884 0.1810314 2.281397 -0.2531238 0.2738497 2.279817 0.1556581 0.2532054 2.188423 -0.3043562 0.3014215 2.269536 0.05834848 0.2925169 2.17266 0.1872246 0.1637782 2.429338 0.1817165 0.09710594 2.395863 0.1045944 0.01706321 2.395829 0.257927 0.01761231 2.383559 0.08042931 -0.4663453 2.517543 0.3066429 -0.4670403 2.503797 0.07698791 -0.8327819 2.599329 0.318882 -0.8441285 2.60063 0.01973129 -0.9141188 2.58901 0.3555095 -0.9134095 2.563707
0.1779829 0.7049984 2.380853 0.1846825 0.5138876 2.414977 0.004062673 0.4180293 2.439439 0.3583802 0.3998654 2.387372 -0.06117463 0.1856735 2.448784 0.3816008 0.1809075 2.28791 -0.2344708 0.2771875 2.274013 0.1607664 0.252459 2.187177 -0.2903067 0.3047928 2.263812 0.06641769 0.2956533 2.164826 0.1870868 0.163998 2.429088 0.1816737 0.0973524 2.395628 0.1044946 0.0172168 2.395637 0.2580035 0.01815578 2.383116 0.08041968 -0.4665191 2.517524 0.3066873 -0.4672616 2.503545 0.07693141 -0.8321216 2.598578 0.3192244 -0.8443333 2.600587 0.02121868 -0.9122898 2.589234 0.356335 -0.9140925 2.564532
0.1777767 0.7051204 2.381046 0.1846997 0.5146683 2.414891 0.003989087 0.4175931 2.439372 0.3579357 0.4010299 2.388563 -0.05852551 0.1900149 2.449641 0.3856019 0.1816767 2.292264 -0.1915355 0.2666605 2.262351 0.1550248 0.265851 2.178206 -0.2363141 0.3087171 2.249105 0.09752695 0.3043561 2.153322 0.1869178 0.1641051 2.428966 0.1816151 0.09739095 2.395533 0.1044021 0.01724214 2.395561 0.2579116 0.0182639 2.38292 0.08022743 -0.4665913 2.516807 0.3058208 -0.468284 2.503855 0.07731907 -0.8322296 2.598957 0.3196511 -0.8474906 2.604372 0.02116689 -0.9122983 2.589202 0.3560769 -0.914234 2.559733
0.1775215 0.7050954 2.380843 0.1842953 0.5147772 2.414701 0.003969443 0.4157443 2.438061 0.3575912 0.4016896 2.388954 -0.05637956 0.1918351 2.450077 0.3848591 0.1822021 2.293288 -0.1851875 0.2684452 2.259773 0.1568156 0.273129 2.171561 -0.2066429 0.3071713 2.242281 0.1148401 0.3056291 2.150562 0.1864128 0.1636489 2.428677 0.1812489 0.09671882 2.395192 0.1039737 0.01666288 2.395235 0.2576859 0.01772979 2.382614 0.08016215 -0.4667822 2.516844 0.3058909 -0.4687933 2.503657 0.07735031 -0.8313527 2.599317 0.3197502 -0.8475145 2.604206 0.02047367 -0.9122225 2.590334 0.3555098 -0.9145292 2.558969
0.1771724 0.7050242 2.38093 0.184304 0.514783 2.414607 0.004968769 0.411501 2.436457 0.3574389 0.4029171 2.389733 -0.05367513 0.1913521 2.450621 0.3917043 0.1813567 2.305101 -0.1643119 0.2708461 2.249732 0.1626501 0.2835838 2.163234 -0.1788369 0.3099354 2.228416 0.1270343 0.3099429 2.145055 0.1861097 0.1630211 2.428411 0.1810757 0.09583361 2.394839 0.1036645 0.01580273 2.394555 0.2575552 0.01721087 2.382567 0.08033036 -0.4675818 2.517232 0.3053381 -0.4686075 2.503545 0.07708124 -0.8290488 2.599224 0.3203926 -0.8455416 2.601787 0.02095625 -0.9112342 2.590612 0.3548815 -0.9134333 2.558444
0.1765261 0.7048998 2.380772 0.1840831 0.5147289 2.41426 0.005060826 0.408653 2.435787 0.3571146 0.4038399 2.390429 -0.05183375 0.1878138 2.448044 0.3981031 0.181787 2.312957 -0.141213 0.2733757 2.238794 0.178367 0.2888797 2.156544 -0.1420812 0.305955 2.222434 0.1591275 0.3096878 2.136721 0.185674 0.1623778 2.427992 0.1807286 0.09503445 2.394372 0.1031068 0.01501222 2.393842 0.2573764 0.0166647 2.382378 0.08005297 -0.469529 2.517532 0.3049315 -0.4684537 2.503076 0.07716325 -0.8287603 2.599243 0.3203196 -0.8455963 2.601833 0.020104 -0.91125 2.591188 0.3547956 -0.9134334 2.558533
0.1745438 0.7043792 2.380193 0.1840521 0.5147383 2.414197 0.004729701 0.4062305 2.435339 0.3567134 0.4042103 2.390839 -0.04597318 0.1835694 2.445038 0.3985238 0.1816143 2.317079 -0.1170456 0.2784501 2.232733 0.1923666 0.2904227 2.150454 -0.1231945 0.3058979 2.21676 0.1782268 0.3082516 2.132926 0.1853566 0.1615798 2.427841 0.180414 0.09393774 2.394167 0.1026949 0.01383574 2.393519 0.2570764 0.01586358 2.382324 0.07998189 -0.469736 2.517781 0.3048998 -0.4686589 2.502991 0.07686064 -0.8285307 2.598675 0.3185448 -0.8456838 2.600607 0.01932929 -0.9123698 2.586994 0.3545747 -0.9132176 2.5583
0.1734772 0.7043265 2.379955 0.1838595 0.5147453 2.41403 0.005392787 0.4058332 2.434187 0.3563769 0.4043565 2.390893 -0.04191455 0.1814844 2.436721 0.4008345 0.1809609 2.324514 -0.09091635 0.2814226 2.220395 0.2077906 0.2921867 2.143696 -0.09308094 0.3051981 2.209185 0.1962273 0.3091731 2.129211 0.1844247 0.160519 2.427389 0.1794294 0.09262093 2.393552 0.1016288 0.01300947 2.392704 0.2561258 0.01489751 2.381987 0.07968219 -0.4703713 2.517885 0.3046863 -0.4692942 2.502732 0.0768159 -0.8289444 2.599035 0.3201765 -0.8459516 2.598531 0.02061998 -0.9127039 2.591818 0.3536939 -0.9141664 2.557417
0.1724606 0.7040499 2.380133 0.1838361 0.5149741 2.413954 0.007865421 0.4080619 2.431796 0.3560501 0.4047406 2.391046 -0.0391582 0.1821044 2.415767 0.4078406 0.1811144 2.334046 -0.06627112 0.2925068 2.200894 0.2635396 0.2703303 2.163469 -0.06138985 0.2956751 2.21231 0.2244384 0.3039005 2.129238 0.1837773 0.1598729 2.427238 0.1788408 0.09167478 2.393206 0.1012233 0.01274289 2.392384 0.2552561 0.01413221 2.381737 0.07926358 -0.4717517 2.518187 0.3044239 -0.469418 2.50232 0.0769852 -0.8334406 2.601394 0.3200471 -0.8445719 2.598092 0.01850387 -0.9143915 2.592988 0.3525529 -0.9106473 2.561028
0.1716783 0.7040203 2.380086 0.1838628 0.5155792 2.413545 0.008955007 0.4085631 2.429858 0.3572387 0.4040799 2.392047 -0.03972338 0.187996 2.354779 0.407674 0.1804179 2.334458 -0.03416461 0.3329736 2.16137 0.2683617 0.2730537 2.161527 -0.04773911 0.2951812 2.209709 0.2353659 0.3035971 2.126915 0.1831556 0.1596343 2.427104 0.1783932 0.09126894 2.392967 0.1003963 0.01241892 2.39175 0.2546466 0.01337732 2.381781 0.07923786 -0.4716339 2.518158 0.3043442 -0.469145 2.501981 0.07691648 -0.8333824 2.601284 0.3200559 -0.8442782 2.598264 0.01855683 -0.9144531 2.594485 0.3544226 -0.9104203 2.570453
0.1704763 0.7041194 2.379668 0.1834411 0.5158367 2.412784 0.008843254 0.4086712 2.429895 0.3575298 0.4076875 2.39367 -0.03943647 0.1879137 2.355814 0.4085576 0.1797079 2.33636 -0.02016046 0.3261141 2.158201 0.2732964 0.2745373 2.159492 -0.02567748 0.29288 2.202634 0.2432662 0.3055084 2.124055 0.1827643 0.1596941 2.426894 0.1781927 0.09128223 2.39283 0.09994563 0.01239404 2.391402 0.254586 0.01336071 2.381795 0.07763117 -0.4707847 2.518073 0.3043454 -0.469119 2.501819 0.07742915 -0.8348316 2.605342 0.3196906 -0.8430345 2.597359 0.01800124 -0.9153716 2.598352 0.3536204 -0.909222 2.570004
0.1699482 0.7041566 2.379559 0.1834224 0.5158169 2.412813 0.007077175 0.4115821 2.431838 0.359262 0.4075444 2.39484 -0.0382006 0.1838774 2.372603 0.4087454 0.1796326 2.336644 -0.01050828 0.3124931 2.169319 0.2778263 0.2748731 2.158128 -0.0169677 0.2902446 2.20243 0.2512474 0.3052902 2.123063 0.1825064 0.1598103 2.426898 0.177846 0.09150626 2.392832 0.0991187 0.0123675 2.391168 0.2544173 0.01328256 2.381851 0.07737801 -0.4707175 2.518177 0.3038338 -0.4690875 2.501131 0.07651334 -0.8333747 2.603124 0.3198424 -0.8441777 2.600005 0.01725948 -0.9153813 2.598202 0.3534644 -0.9091294 2.570068
0.1694128 0.703793 2.379466 0.1833169 0.5157688 2.41267 0.007055112 0.4114538 2.431742 0.3604978 0.4082881 2.396122 -0.03737974 0.1842795 2.373281 0.4100782 0.1789898 2.338724 0.002633683 0.3089043 2.169641 0.2815911 0.2756971 2.156471 -0.01132889 0.2875566 2.200063 0.2582938 0.3061192 2.120958 0.1820428 0.1597229 2.426641 0.1775117 0.09146426 2.392552 0.09819066 0.01203641 2.390311 0.2542778 0.01311204 2.381779 0.0772635 -0.4707296 2.518064 0.3035035 -0.4692698 2.501101 0.07549717 -0.831934 2.601785 0.3198933 -0.8443519 2.600024 0.01728461 -0.9150208 2.597088 0.3530294 -0.9098517 2.566136
0.1680742 0.7027961 2.378829 0.1832779 0.5154652 2.412342 0.006934894 0.4113838 2.431757 0.362286 0.4085788 2.398278 -0.03709677 0.181894 2.375403 0.4116711 0.1782058 2.340641 0.003819276 0.3065069 2.172055 0.2842654 0.2759962 2.154874 -0.007314506 0.2865274 2.199543 0.2621621 0.3057467 2.119805 0.1815415 0.1597594 2.426464 0.1771737 0.09158573 2.392371 0.09732437 0.01191856 2.389875 0.2541409 0.01301129 2.381751 0.07726516 -0.4707549 2.51813 0.3031941 -0.4690232 2.500887 0.07488947 -0.8335625 2.600777 0.3195662 -0.8422207 2.598617 0.01689117 -0.9155737 2.596405 0.3525802 -0.9082868 2.567676
0.1677891 0.7023925 2.378721 0.1832105 0.5152935 2.412268 0.00676599 0.4111088 2.431615 0.362765 0.4088458 2.399263 -0.03706918 0.1809816 2.377049 0.4118463 0.1783661 2.34113 0.005677715 0.3045638 2.173538 0.2848905 0.2759862 2.15502 -0.00597444 0.2858489 2.199037 0.2646032 0.3040864 2.121096 0.1811961 0.1596833 2.426381 0.1769219 0.09155726 2.392287 0.09700574 0.01180233 2.389671 0.2537916 0.01272162 2.381765 0.07726954 -0.470742 2.518149 0.303168 -0.4689766 2.50079 0.07494781 -0.8310268 2.599397 0.319483 -0.8422246 2.599187 0.01671375 -0.9154014 2.596376 0.3524092 -0.9080477 2.569144
0.167282 0.7022097 2.378655 0.1830129 0.5147028 2.412062 0.006615988 0.4109434 2.431562 0.3630971 0.4084887 2.399688 -0.036954 0.1805164 2.377884 0.4115981 0.1784092 2.341177 0.007339578 0.3035122 2.17445 0.2851341 0.2759579 2.155104 -0.005419738 0.2859748 2.198319 0.265302 0.3036149 2.12183 0.1809129 0.1595213 2.426345 0.1767157 0.09145503 2.392299 0.09680592 0.01163457 2.389638 0.2534346 0.01225071 2.381942 0.07667733 -0.4713921 2.518994 0.3030797 -0.4693287 2.500824 0.07491228 -0.8309316 2.599283 0.3209975 -0.849458 2.606031 0.01654398 -0.916041 2.592262 0.3560305 -0.9116654 2.567837
0.1673188 0.7022812 2.378792 0.1830105 0.514565 2.411869 0.005709705 0.4129927 2.432633 0.3625716 0.4093279 2.400002 -0.03685097 0.1805933 2.37816 0.4108714 0.1781415 2.342017 0.006198999 0.3030965 2.174226 0.2852389 0.275953 2.155358 -0.0047311 0.2873389 2.197735 0.2655529 0.3033021 2.122745 0.1805792 0.1596654 2.426126 0.1761967 0.09173654 2.392104 0.09620415 0.01199599 2.389334 0.2528357 0.01235675 2.381895 0.07670511 -0.4716787 2.5189 0.3031806 -0.4700864 2.501094 0.07537467 -0.8335089 2.60008 0.3211532 -0.8494405 2.605652 0.01634315 -0.9162855 2.591921 0.3550882 -0.9125451 2.565119
0.1673364 0.702249 2.378552 0.1829556 0.5143461 2.411427 0.005112314 0.4143644 2.433578 0.3633158 0.407801 2.400482 -0.03692098 0.1801815 2.378996 0.4098427 0.1776924 2.342927 0.00488364 0.3025125 2.174773 0.2851162 0.2760244 2.15546 -0.006143142 0.2880208 2.197042 0.2651123 0.3031929 2.122917 0.1802104 0.1598108 2.425944 0.1757303 0.09195872 2.392034 0.09543493 0.01213106 2.389311 0.2525213 0.01224991 2.381906 0.0767673 -0.471926 2.519037 0.3029937 -0.4700713 2.501119 0.07530648 -0.8337927 2.599949 0.321364 -0.8477445 2.602034 0.01630532 -0.9166956 2.591208 0.3550597 -0.9126271 2.566612
0.1674691 0.7024308 2.378676 0.1829573 0.5143466 2.411315 0.004586498 0.4153869 2.434833 0.3625418 0.4083978 2.4003 -0.0371001 0.1802316 2.379645 0.4078078 0.1767202 2.343317 0.002924986 0.3014084 2.174404 0.2843771 0.2763593 2.156499 -0.007174174 0.2893523 2.1958 0.2619421 0.303885 2.124571 0.1802038 0.1598599 2.425854 0.1755719 0.09201668 2.392044 0.09537721 0.01216591 2.389322 0.2521514 0.01232924 2.382026 0.07669877 -0.4727698 2.519242 0.3023842 -0.4689107 2.500805 0.07523934 -0.8328748 2.599412 0.3214344 -0.8475975 2.602148 0.01539294 -0.9167825 2.594128 0.353768 -0.9118844 2.563698
0.1675054 0.7024336 2.378689 0.1828823 0.5142006 2.411241 0.005124257 0.4148427 2.434572 0.3626316 0.4053798 2.399678 -0.03740846 0.1811321 2.380473 0.4068554 0.1768101 2.343427 0.0008025952 0.3012904 2.174317 0.2829122 0.2769113 2.158181 -0.009558078 0.2911509 2.194504 0.2590252 0.3037857 2.125648 0.1798614 0.1595981 2.425702 0.1751881 0.0917538 2.391963 0.09507876 0.01205973 2.389297 0.2516521 0.01190538 2.381925 0.07643799 -0.4721737 2.518999 0.30242 -0.468807 2.500727 0.07559196 -0.8328688 2.600529 0.3214294 -0.8473212 2.602126 0.01554566 -0.9161724 2.59499 0.3552012 -0.9114941 2.570798
0.1674976 0.7024354 2.378538 0.1827722 0.5140262 2.411192 0.005430995 0.4146069 2.434366 0.36256 0.4037011 2.399354 -0.04341934 0.1749903 2.405235 0.4052632 0.1759576 2.342893 -0.005465746 0.2892388 2.195551 0.2733119 0.2796096 2.147529 -0.01144437 0.2921903 2.19514 0.2570467 0.3032956 2.125877 0.1795678 0.1593446 2.425624 0.1748905 0.09149918 2.391956 0.09495005 0.01192271 2.389311 0.2511629 0.01157682 2.381941 0.07642449 -0.4724961 2.51924 0.3022967 -0.4690975 2.500682 0.07565278 -0.8323085 2.600695 0.3214958 -0.847194 2.601736 0.01555373 -0.9162931 2.596292 0.3539879 -0.9113624 2.567471
0.1674414 0.7024134 2.378525 0.1827004 0.5139559 2.411281 0.005603973 0.4144379 2.434367 0.3610981 0.4045053 2.39914 -0.04056727 0.19049 2.370857 0.4036061 0.176115 2.342395 -0.0004445575 0.3111851 2.165627 0.2683432 0.2546341 2.160178 -0.01342098 0.2932702 2.19585 0.2513462 0.3023086 2.126793 0.1793751 0.1590935 2.425653 0.1746469 0.09121308 2.392031 0.0949412 0.01188155 2.389323 0.2506228 0.01144426 2.382125 0.07577613 -0.4717664 2.519295 0.3023493 -0.4691263 2.50071 0.07549851 -0.8306932 2.59985 0.3215952 -0.8471429 2.601986 0.01701898 -0.9136043 2.595003 0.3532613 -0.911708 2.565018
0.1670082 0.7025207 2.378563 0.18265 0.5139988 2.411312 0.005775898 0.4142349 2.434376 0.3594613 0.4052846 2.398443 -0.03983571 0.1915531 2.367727 0.403653 0.1761646 2.342543 -0.006876383 0.3142801 2.162533 0.2622208 0.2466057 2.161955 -0.01776733 0.29327 2.198484 0.2463033 0.3011173 2.125965 0.1791342 0.1588463 2.42559 0.1742502 0.09086524 2.392 0.09475077 0.01166685 2.389315 0.2500578 0.01148652 2.382102 0.07573338 -0.4714977 2.519369 0.3021131 -0.4692213 2.500745 0.07850133 -0.8359589 2.611135 0.321318 -0.8482875 2.60271 0.01729523 -0.9135356 2.594977 0.3536736 -0.9121652 2.564397
0.1668962 0.7024988 2.378928 0.1826226 0.5140011 2.411349 0.006424936 0.4139244 2.434249 0.3579158 0.4050716 2.397621 -0.03940975 0.1915 2.365647 0.4036801 0.1764459 2.343164 -0.01557837 0.3173999 2.16127 0.260507 0.2528869 2.166883 -0.0255488 0.2915773 2.203048 0.2427706 0.2950693 2.129917 0.1790292 0.1585291 2.425562 0.1740353 0.09044739 2.391997 0.09476038 0.01163787 2.389312 0.2496112 0.01133413 2.382156 0.07568037 -0.4714724 2.519491 0.3019481 -0.469934 2.500682 0.07759387 -0.8322051 2.606402 0.3216239 -0.8481407 2.602659 0.01766633 -0.9130995 2.595207 0.355195 -0.9137186 2.566704
0.1671498 0.7032503 2.379701 0.1825674 0.5141744 2.411565 0.007597632 0.413727 2.433721 0.3567282 0.4051675 2.396977 -0.03552413 0.1828266 2.394811 0.4039873 0.1784995 2.342886 -0.03673668 0.3000584 2.183647 0.2590087 0.2530491 2.167452 -0.03914055 0.2887561 2.209092 0.2147655 0.3033391 2.122141 0.1787898 0.1581923 2.425658 0.1736886 0.08994536 2.392104 0.0947466 0.01160417 2.38934 0.2488796 0.01118238 2.382318 0.07532366 -0.4701252 2.519361 0.3019363 -0.4700934 2.500706 0.07697603 -0.8311551 2.60417 0.3219576 -0.8477951 2.602678 0.01738557 -0.9131197 2.595353 0.3554303 -0.9139607 2.567422
0.1669871 0.7031107 2.379831 0.1824949 0.5141565 2.411653 0.00802369 0.4125589 2.434098 0.3553336 0.4057602 2.396515 -0.03345688 0.1832708 2.41268 0.4030226 0.1791973 2.341465 -0.07961237 0.2830654 2.197465 0.2535717 0.2519209 2.169428 -0.07031722 0.2863408 2.21491 0.1984212 0.2998645 2.126249 0.1787029 0.1579378 2.425732 0.1734912 0.08965123 2.392204 0.09473225 0.01156178 2.389432 0.2485496 0.0111064 2.382385 0.07499135 -0.4700804 2.519504 0.301809 -0.4702451 2.500621 0.07883705 -0.834382 2.608136 0.3218691 -0.8483937 2.603382 0.01687992 -0.9136813 2.596886 0.3559856 -0.9145867 2.567447
0.1671681 0.7031507 2.380002 0.1823163 0.5140883 2.41198 0.007247099 0.4094002 2.435885 0.3552753 0.4059423 2.396399 -0.03645628 0.1823123 2.42348 0.39871 0.1784653 2.331779 -0.1152854 0.2802022 2.217781 0.2390396 0.2518101 2.170489 -0.1216317 0.2975193 2.222774 0.1571297 0.3071022 2.13298 0.1787933 0.1579799 2.425817 0.1733993 0.08975055 2.392282 0.09458673 0.01162963 2.389836 0.2484646 0.01126072 2.382231 0.07491092 -0.4697004 2.519653 0.3018389 -0.4702573 2.500662 0.07816405 -0.8330856 2.606501 0.3220715 -0.8480635 2.603318 0.01706293 -0.9135834 2.597672 0.3548922 -0.9134331 2.564177
0.1674549 0.7031688 2.380131 0.1819799 0.5139369 2.41236 0.007060759 0.4090884 2.436112 0.3549784 0.4056111 2.395948 -0.03942951 0.1864222 2.43851 0.3975202 0.1821193 2.322316 -0.160104 0.2685048 2.247846 0.1604881 0.2741493 2.168468 -0.1712414 0.2961272 2.242012 0.1339958 0.2968602 2.144943 0.1787023 0.1579563 2.42611 0.1732861 0.08977478 2.392548 0.09454791 0.01169546 2.390596 0.2484078 0.01127341 2.382265 0.07480597 -0.46954 2.519352 0.3012255 -0.4710466 2.50206 0.07809589 -0.8332615 2.605523 0.3225943 -0.8465691 2.600725 0.01697527 -0.9139841 2.597701 0.3540477 -0.9130211 2.562178
0.1675765 0.7031773 2.38015 0.1819309 0.5138948 2.412658 0.007103839 0.4092519 2.436233 0.3551197 0.4051951 2.395608 -0.04254429 0.1878987 2.442469 0.3918186 0.1715792 2.307695 -0.2008371 0.2591905 2.278983 0.1595079 0.2652358 2.176462 -0.2626382 0.3001455 2.265685 0.1216546 0.2854468 2.164785 0.1787447 0.1580388 2.426295 0.1733099 0.08992279 2.392703 0.09468767 0.01197511 2.391192 0.248419 0.01134077 2.382214 0.07497738 -0.4696102 2.519329 0.3014014 -0.4708285 2.502284 0.07800148 -0.832873 2.60469 0.3221203 -0.8435711 2.598317 0.01697679 -0.9140261 2.597623 0.3532587 -0.9108812 2.564091
0.1684672 0.7031049 2.380659 0.182101 0.5139595 2.41336 0.006648228 0.4097264 2.436412 0.3551043 0.4046866 2.395192 -0.0500244 0.1785361 2.443293 0.3842765 0.1833792 2.299679 -0.2522044 0.2691604 2.290664 0.1569183 0.2570108 2.187013 -0.3118655 0.287654 2.289556 0.05637514 0.2856217 2.186744 0.1790629 0.1583229 2.426847 0.1736409 0.09031779 2.393206 0.09523903 0.01238903 2.391951 0.2485934 0.01147537 2.382345 0.0753523 -0.4695871 2.518917 0.3010976 -0.470083 2.502296 0.07776186 -0.8324322 2.604322 0.3216597 -0.8423153 2.597521 0.01698909 -0.9140463 2.597746 0.3529936 -0.9098147 2.564641
0.1709936 0.7034767 2.382077 0.183485 0.5141113 2.414761 0.006481229 0.4100086 2.436098 0.3565808 0.4011192 2.393792 -0.05509325 0.174931 2.442232 0.3772494 0.185947 2.290921 -0.2649969 0.2667339 2.302435 0.1703989 0.2438982 2.197544 -0.3310831 0.2844775 2.305338 0.07183181 0.2771455 2.186759 0.1796895 0.1584056 2.427484 0.1741129 0.09051704 2.393598 0.09550697 0.01252105 2.392291 0.2490588 0.01137038 2.382469 0.07574137 -0.4689148 2.518305 0.3013346 -0.4702443 2.503376 0.07655986 -0.8320649 2.602885 0.3218103 -0.8430033 2.598119 0.01667882 -0.914519 2.597741 0.3528812 -0.9102468 2.563777
0.1723009 0.7038493 2.38275 0.1840217 0.5145217 2.415831 0.006559358 0.4109527 2.435703 0.3566839 0.4002203 2.393364 -0.08534261 0.1731194 2.427626 0.3717679 0.1864991 2.285455 -0.29682 0.2659649 2.314405 0.1635096 0.2455515 2.196903 -0.3710175 0.286405 2.320753 0.09000322 0.2667932 2.186463 0.1800479 0.1584892 2.428113 0.1744394 0.09065478 2.393931 0.0959451 0.01273215 2.392771 0.2492517 0.01139122 2.382526 0.07628474 -0.468924 2.517385 0.3014015 -0.4702314 2.503473 0.07656526 -0.8320259 2.60283 0.3221566 -0.8438455 2.599047 0.01733911 -0.9138372 2.59811 0.3528249 -0.9104391 2.562377
0.173173 0.7039081 2.383059 0.1849788 0.5147567 2.41695 0.006649518 0.4134369 2.435741 0.3572479 0.3985131 2.393108 -0.1098254 0.1902509 2.425903 0.3698975 0.1851707 2.28401 -0.3072745 0.2674052 2.315995 0.1613241 0.2454866 2.197612 -0.3814554 0.2880136 2.320791 0.08834034 0.2677705 2.186328 0.1807282 0.1595978 2.428927 0.1751089 0.0921672 2.394408 0.09666744 0.01425203 2.393073 0.2496125 0.0122707 2.382667 0.07636822 -0.46879 2.516994 0.3013265 -0.4691952 2.503489 0.07652767 -0.8311539 2.602403 0.3222477 -0.843667 2.599135 0.01844492 -0.9128319 2.597089 0.353598 -0.91093 2.563025
0.174044 0.7038237 2.383957 0.184661 0.5144928 2.417074 0.006135907 0.4165711 2.437322 0.3575648 0.3969395 2.392247 -0.1125469 0.195141 2.428389 0.3665345 0.1842203 2.281288 -0.3091528 0.2671663 2.316714 0.1581498 0.246477 2.196247 -0.3833146 0.2880319 2.320402 0.06033495 0.2826272 2.192416 0.1809696 0.1597056 2.429319 0.1752177 0.0923869 2.394679 0.09678717 0.01446063 2.39345 0.2498696 0.01232551 2.382843 0.07648275 -0.4687798 2.516937 0.301439 -0.4686802 2.50334 0.07630084 -0.8309307 2.601895 0.3222228 -0.8438369 2.598582 0.01847614 -0.9128334 2.597127 0.3568977 -0.914257 2.569911
0.1747653 0.7040552 2.384376 0.1843035 0.514388 2.41701 0.006102958 0.4202295 2.438139 0.3576299 0.3966017 2.392083 -0.1140151 0.198715 2.430828 0.3651346 0.1840287 2.28082 -0.309836 0.267397 2.316696 0.1583134 0.2377965 2.185333 -0.3834487 0.2903381 2.318145 0.06108874 0.2744366 2.175795 0.1811703 0.1599193 2.429637 0.1754948 0.09272511 2.394944 0.09728174 0.01479373 2.393831 0.2503231 0.01261223 2.383128 0.0768345 -0.4686698 2.516509 0.3020645 -0.4681155 2.503411 0.07633951 -0.8310611 2.60197 0.3222247 -0.843844 2.598593 0.01837263 -0.9127936 2.596898 0.3557979 -0.9132476 2.565657
0.1748534 0.7036855 2.38465 0.1841619 0.5144826 2.417412 0.005724543 0.4211357 2.438587 0.3576617 0.396404 2.392079 -0.1148132 0.2005954 2.432548 0.3642872 0.1840515 2.280399 -0.3082717 0.2655655 2.315532 0.1546713 0.2526957 2.19664 -0.3754246 0.2907043 2.312691 0.05638146 0.2875101 2.193407 0.1815401 0.1609781 2.43034 0.1759725 0.0940805 2.395535 0.09774186 0.01562586 2.394263 0.2510113 0.01398038 2.383571 0.07703921 -0.4683432 2.516362 0.3027648 -0.4674137 2.503108 0.07660657 -0.8305575 2.602004 0.3226188 -0.8433568 2.598007 0.01837698 -0.912906 2.596975 0.3570866 -0.9139953 2.566911
0.1751869 0.7035532 2.384907 0.1838783 0.5143843 2.417648 0.004851274 0.422748 2.439729 0.3577819 0.3958939 2.392355 -0.1149171 0.2019197 2.433367 0.3645146 0.1836889 2.280523 -0.307042 0.2656932 2.313332 0.1567783 0.2507913 2.196722 -0.3724471 0.2919722 2.306415 0.05882066 0.2867165 2.191968 0.1816572 0.1619108 2.430857 0.1761346 0.0953722 2.396026 0.09792551 0.01655696 2.394681 0.2513325 0.01483884 2.383899 0.07725888 -0.4743325 2.518296 0.3027476 -0.4673738 2.503115 0.07663837 -0.8307401 2.601951 0.323 -0.8472186 2.601207 0.01908868 -0.9140177 2.593294 0.3576132 -0.9150631 2.566962
0.1753275 0.7033967 2.384781 0.1835536 0.5141206 2.417833 0.004404109 0.4231012 2.440228 0.3576694 0.3961371 2.392661 -0.1148025 0.2028971 2.433722 0.3647511 0.1840059 2.280888 -0.3037017 0.2671914 2.308517 0.1574288 0.2496835 2.196827 -0.3659096 0.291054 2.299812 0.05963599 0.286346 2.19171 0.1817893 0.1623827 2.431221 0.1763584 0.09605537 2.396391 0.09836006 0.0172122 2.39504 0.2516105 0.0154599 2.384284 0.07733288 -0.4741739 2.518102 0.3026631 -0.4680521 2.503388 0.07658446 -0.829374 2.600968 0.3235588 -0.8476035 2.600762 0.01875958 -0.9140974 2.593722 0.3579416 -0.9160466 2.567429
0.1753214 0.7033972 2.384812 0.1834693 0.51426 2.418032 0.004049996 0.4231819 2.440758 0.3573582 0.3967817 2.392951 -0.1116833 0.2023365 2.434299 0.3653693 0.1846352 2.281511 -0.2987322 0.266875 2.305119 0.1581306 0.2486932 2.195981 -0.3647684 0.2911276 2.297522 0.06058434 0.286103 2.189259 0.1820108 0.1629013 2.431717 0.1765953 0.09655686 2.396872 0.09875614 0.01766486 2.395464 0.2518677 0.01611361 2.384967 0.07728136 -0.4744254 2.518231 0.3018342 -0.4662737 2.503065 0.07605845 -0.8335504 2.600512 0.3224793 -0.8436618 2.598116 0.01674397 -0.9174014 2.590889 0.3559796 -0.9123243 2.566896
0.1756772 0.7035354 2.385315 0.1833158 0.5145509 2.418158 0.003708801 0.4229826 2.440997 0.3569307 0.3976642 2.39343 -0.09048609 0.1758234 2.446837 0.3676964 0.1848273 2.28422 -0.2934969 0.2667226 2.301065 0.1608105 0.2477665 2.196892 -0.3573745 0.2892724 2.292483 0.06315597 0.2851012 2.189681 0.1821109 0.163357 2.432069 0.1767488 0.09695902 2.397241 0.0990572 0.0180731 2.395949 0.2520395 0.01656615 2.385367 0.07723392 -0.4727406 2.517915 0.3018882 -0.4656783 2.502845 0.07608548 -0.8335234 2.600391 0.3224315 -0.843653 2.598194 0.0167444 -0.9168161 2.591979 0.354888 -0.9108533 2.56643
0.1756778 0.7035326 2.385319 0.1832173 0.5144764 2.418124 0.002915528 0.4226453 2.44163 0.3566187 0.3985656 2.394309 -0.08645812 0.1722002 2.447793 0.3707558 0.1852435 2.287039 -0.2865264 0.2681481 2.29666 0.1628656 0.2470095 2.197809 -0.3480614 0.2889181 2.288088 0.06515482 0.2844603 2.190549 0.1820459 0.1637727 2.432258 0.1767127 0.09750513 2.397552 0.09899329 0.01846497 2.396397 0.2520828 0.01706302 2.385623 0.076933 -0.4718667 2.517395 0.3018631 -0.465759 2.50334 0.07620773 -0.8331317 2.600391 0.3228183 -0.8435301 2.598403 0.01693382 -0.9163641 2.592476 0.3539956 -0.9109479 2.562704
0.175615 0.7036068 2.385816 0.1832343 0.5145091 2.418195 0.002796262 0.4224695 2.4418 0.3564744 0.3991002 2.394772 -0.07866342 0.1685022 2.446645 0.3727948 0.1850543 2.290032 -0.2697403 0.268218 2.288815 0.1618127 0.24741 2.197778 -0.3352066 0.2905051 2.28225 0.06500588 0.2868727 2.188432 0.1821062 0.1640795 2.432591 0.1767975 0.09778444 2.39799 0.09912908 0.01863927 2.397032 0.2521365 0.01749425 2.386058 0.07692146 -0.472044 2.517413 0.3016635 -0.4661882 2.504255 0.07540905 -0.8341292 2.600146 0.3232259 -0.8444896 2.599062 0.01698339 -0.9169027 2.589292 0.3552965 -0.9119617 2.563776
0.175328 0.7041571 2.38615 0.183181 0.5145261 2.418183 0.002462021 0.4220373 2.442161 0.3559394 0.3999723 2.394914 -0.06567856 0.1615251 2.45696 0.3747957 0.1851086 2.293201 -0.2517901 0.2646641 2.283645 0.1608953 0.2483165 2.197186 -0.3017638 0.2896075 2.268952 0.06527201 0.290375 2.186936 0.1820731 0.1642349 2.432647 0.1767356 0.09792536 2.398162 0.09903127 0.0188018 2.397388 0.2520929 0.01769006 2.386205 0.07704387 -0.4716331 2.517246 0.3029432 -0.4759713 2.50861 0.07531989 -0.8337938 2.600036 0.3236262 -0.8475558 2.599646 0.01924555 -0.9145598 2.594933 0.3563378 -0.9144039 2.563942
0.1749643 0.7042822 2.386166 0.1831666 0.5146307 2.418216 0.002196409 0.4203809 2.442288 0.3558247 0.400921 2.395649 -0.05587902 0.1887891 2.459263 0.381353 0.1846282 2.300583 -0.2705184 0.2821381 2.263713 0.1631616 0.2495781 2.196389 -0.2725032 0.2912664 2.260399 0.0842714 0.2961894 2.172629 0.1820264 0.1645164 2.432832 0.1767328 0.09816348 2.398475 0.09894527 0.01891738 2.397803 0.252184 0.01813239 2.386589 0.07715514 -0.471291 2.517278 0.3027191 -0.4752998 2.508417 0.07491117 -0.8339185 2.598353 0.3235495 -0.8473021 2.599908 0.01882895 -0.9157447 2.594105 0.3557678 -0.914229 2.563141
0.1740926 0.7039291 2.385833 0.1830221 0.5147513 2.418217 0.002446847 0.4181926 2.442203 0.3551692 0.4017953 2.396235 -0.05542827 0.1903422 2.458777 0.3872406 0.1840524 2.309324 -0.1869793 0.252054 2.269197 0.1656319 0.252946 2.193541 -0.2382095 0.2949268 2.240347 0.1029033 0.2978319 2.167411 0.1819004 0.1642506 2.433136 0.1766565 0.09756368 2.39913 0.09894197 0.01824575 2.39884 0.2521259 0.01786925 2.387174 0.07733113 -0.47164 2.517872 0.3020193 -0.4729596 2.507979 0.07532765 -0.8336744 2.599165 0.3236238 -0.8465814 2.599598 0.01963983 -0.9145082 2.596531 0.354132 -0.9130088 2.560495
0.1737951 0.7041515 2.385913 0.1828276 0.514891 2.418284 0.002696371 0.4170621 2.442307 0.3549325 0.402533 2.396944 -0.0547829 0.1912255 2.458937 0.3883472 0.1805806 2.317024 -0.1815711 0.25129 2.265435 0.1617345 0.2777974 2.173911 -0.1931183 0.2892307 2.230162 0.1239817 0.2987925 2.15982 0.1817371 0.1643511 2.433182 0.1765583 0.09761794 2.399323 0.0988728 0.01829269 2.3989 0.2520013 0.01817006 2.387772 0.07749255 -0.4708301 2.517687 0.3020123 -0.4725564 2.507932 0.07520071 -0.8328094 2.598987 0.3237306 -0.846676 2.599696 0.01953765 -0.9141898 2.596611 0.3540684 -0.9130229 2.560502
0.1719207 0.7034138 2.385167 0.1826688 0.5153108 2.418592 0.002975211 0.4150304 2.442258 0.3547541 0.4039852 2.397848 -0.05102519 0.1976185 2.461602 0.3906363 0.1809819 2.321929 -0.1626491 0.2516575 2.256607 0.1660062 0.2815976 2.169628 -0.1760896 0.2890891 2.225332 0.1459701 0.302175 2.151716 0.1815838 0.1641357 2.43347 0.1764731 0.09715597 2.399836 0.09877516 0.01782691 2.399256 0.2519605 0.01791737 2.388492 0.07720108 -0.4703291 2.517924 0.3020514 -0.4723678 2.507773 0.07481641 -0.8325569 2.598686 0.3234675 -0.8457491 2.5991 0.01863585 -0.9145024 2.597246 0.3540353 -0.913025 2.560495
0.1711159 0.703465 2.385129 0.1826384 0.5153399 2.418625 0.002033445 0.411572 2.443215 0.3544753 0.4045624 2.398241 -0.0496776 0.1952854 2.465866 0.3937467 0.178961 2.328229 -0.1312165 0.2557903 2.248144 0.1830654 0.2894011 2.156186 -0.1427906 0.2879637 2.218854 0.1735448 0.3022351 2.142798 0.1814323 0.1639783 2.433502 0.1761964 0.09687974 2.400063 0.09803757 0.01734089 2.399371 0.2518494 0.01770831 2.388891 0.07723869 -0.4698688 2.51804 0.3014338 -0.4688012 2.50508 0.07506694 -0.8327248 2.599812 0.3235421 -0.8457457 2.599971 0.01830918 -0.9146289 2.597897 0.3547996 -0.9115946 2.567555
0.1697082 0.7033529 2.384631 0.1826373 0.5155676 2.418574 0.002061271 0.4102512 2.44343 0.3537025 0.4054297 2.398453 -0.04482791 0.1917868 2.46065 0.3939378 0.1779147 2.331391 -0.1148386 0.2573237 2.240311 0.2413534 0.2618618 2.170851 -0.1166456 0.2817449 2.219448 0.1850439 0.3035247 2.138174 0.1812077 0.1637345 2.433471 0.1758299 0.09636586 2.400266 0.09756442 0.01703018 2.399396 0.25149 0.0173032 2.389411 0.07689939 -0.4710874 2.519242 0.3013132 -0.4695247 2.505657 0.07518037 -0.8327522 2.599812 0.3236439 -0.8462447 2.599704 0.0181213 -0.9146127 2.598362 0.3551515 -0.9136663 2.564965
0.1692936 0.7034869 2.384566 0.1826902 0.5156456 2.418565 0.002292919 0.4100364 2.443326 0.3540015 0.4046463 2.398803 -0.04232206 0.1909159 2.459188 0.3942387 0.1768923 2.33326 -0.0916939 0.2564487 2.23306 0.2466584 0.2622212 2.168591 -0.09949946 0.2765902 2.21588 0.2123836 0.3017001 2.130589 0.1808852 0.1633611 2.433507 0.1754284 0.09572987 2.40054 0.09694486 0.01647775 2.399415 0.2510176 0.01653309 2.390168 0.07651608 -0.4697254 2.519639 0.3013518 -0.4695491 2.50563 0.0752259 -0.8320246 2.599719 0.3237118 -0.8456362 2.598675 0.01726246 -0.9148152 2.599035 0.3544291 -0.9131984 2.562785
0.1684262 0.7041164 2.384479 0.1826655 0.5157928 2.418368 0.003141704 0.4104163 2.442975 0.3547475 0.4040807 2.399287 -0.04004211 0.1889693 2.445933 0.3955314 0.1759255 2.334738 -0.0777543 0.2594146 2.219082 0.2493212 0.2912085 2.123976 -0.08097018 0.2739506 2.213108 0.2290818 0.2991183 2.122159 0.1804421 0.1631876 2.433346 0.174968 0.09542083 2.40058 0.09607732 0.01620407 2.399654 0.250648 0.01619915 2.390157 0.07550563 -0.4702094 2.520831 0.3010561 -0.4690457 2.50413 0.07506473 -0.831149 2.598935 0.3235832 -0.8442764 2.597009 0.01694578 -0.9148565 2.599064 0.3535837 -0.9123026 2.560553
0.16594 0.7037022 2.382337 0.1822223 0.515591 2.41819 0.003748116 0.4106852 2.44252 0.3555053 0.4038259 2.399808 -0.04246274 0.1850404 2.418085 0.3956471 0.1757609 2.334785 -0.06364044 0.2701155 2.194397 0.246921 0.3123795 2.111526 -0.06513991 0.2716528 2.208907 0.2403857 0.2956195 2.118257 0.1799802 0.1629789 2.433118 0.1746727 0.09521972 2.400512 0.0956173 0.01601638 2.399534 0.2505318 0.01600924 2.39012 0.07552695 -0.4702011 2.521084 0.3010701 -0.4693037 2.503168 0.07510009 -0.8313214 2.598947 0.3242643 -0.8464 2.597665 0.01703256 -0.9149779 2.59904 0.3568051 -0.9173627 2.558336
0.1650638 0.703306 2.381362 0.1822259 0.5155818 2.418123 0.003792491 0.4107325 2.442493 0.356444 0.4042962 2.400443 -0.03950222 0.179458 2.399153 0.400045 0.1734366 2.340073 -0.05379631 0.2777351 2.180792 0.2775754 0.2770968 2.140312 -0.05375182 0.270137 2.205674 0.2540921 0.2893303 2.11822 0.1797586 0.1629377 2.432971 0.1745007 0.09515715 2.400535 0.09511781 0.01585058 2.399536 0.2504383 0.01587448 2.390176 0.07547512 -0.4697778 2.521132 0.3009649 -0.4690118 2.502003 0.07487629 -0.8313211 2.599407 0.3242828 -0.8465966 2.598474 0.01832732 -0.9137232 2.593409 0.3570264 -0.9168899 2.560663
0.1646223 0.7031277 2.381022 0.1824015 0.5159762 2.417994 0.003839578 0.4110349 2.442636 0.3566447 0.4045497 2.400463 -0.03910356 0.1780476 2.395365 0.3999249 0.1738016 2.338553 -0.04774105 0.278441 2.177788 0.2871517 0.2622372 2.148281 -0.04746001 0.2694446 2.203995 0.2563837 0.2890238 2.117245 0.1796639 0.162983 2.432811 0.1743621 0.09516075 2.400543 0.09473602 0.01587962 2.39958 0.250344 0.01582649 2.390174 0.07517558 -0.4691024 2.521616 0.3010569 -0.4685957 2.500597 0.07477761 -0.8312949 2.599349 0.3240111 -0.8463304 2.597939 0.01790124 -0.9136909 2.593926 0.3555115 -0.9150347 2.559282
0.1637456 0.7024994 2.380323 0.1823442 0.5159175 2.417851 0.003787707 0.4110292 2.442717 0.3560141 0.4080269 2.400827 -0.03894094 0.1771277 2.379965 0.4064555 0.172293 2.34352 -0.04262248 0.2858371 2.166614 0.2904606 0.2570479 2.153606 -0.04262277 0.2693236 2.202484 0.2587997 0.288377 2.117899 0.1794944 0.1629586 2.432629 0.1741908 0.09512757 2.400531 0.09454366 0.01585661 2.399612 0.2501818 0.01580711 2.390148 0.07517277 -0.4690934 2.521635 0.3009486 -0.4685687 2.500307 0.0749061 -0.829704 2.598809 0.3230089 -0.8487593 2.600209 0.0190477 -0.9120796 2.592228 0.3549353 -0.914552 2.560141
0.1634806 0.7026896 2.380357 0.1823762 0.5162684 2.417684 0.00390987 0.4111536 2.442672 0.356334 0.407674 2.400676 -0.03873878 0.176176 2.377593 0.4063038 0.1726424 2.342949 -0.0397874 0.2871883 2.165549 0.2898015 0.2565971 2.15306 -0.04042234 0.2697895 2.201966 0.2592799 0.2881629 2.118591 0.1792366 0.162977 2.43245 0.1738514 0.09507071 2.400516 0.09402298 0.01585244 2.399689 0.2498008 0.01564687 2.390074 0.07491804 -0.4687918 2.522046 0.3012122 -0.4658066 2.497541 0.07440491 -0.8295482 2.598699 0.3218331 -0.845307 2.598058 0.01894633 -0.9120592 2.592211 0.3539169 -0.9124687 2.560209
0.1629969 0.7022622 2.380154 0.1823235 0.5164308 2.417542 0.003911555 0.4112444 2.442775 0.3560356 0.4084033 2.400341 -0.03933679 0.1745197 2.37862 0.4075142 0.1747026 2.342413 -0.03887438 0.2865135 2.167193 0.289273 0.2569214 2.15294 -0.03965813 0.2701926 2.201133 0.2588421 0.288441 2.118962 0.1791523 0.1629859 2.43225 0.1737271 0.09504066 2.400475 0.09389294 0.01585976 2.399692 0.2496934 0.015638 2.390008 0.07491792 -0.4690205 2.52223 0.3012772 -0.4658716 2.497553 0.07512537 -0.8298456 2.600551 0.3223906 -0.8448651 2.596652 0.01890867 -0.911984 2.591794 0.3553434 -0.914078 2.556944
0.1615398 0.7018399 2.380436 0.1822816 0.5164205 2.417428 0.00418753 0.4113732 2.442659 0.3554738 0.4090784 2.399452 -0.03910182 0.1754813 2.37726 0.4067301 0.1753897 2.341293 -0.03892555 0.2875359 2.165932 0.2835141 0.2470599 2.150696 -0.03974777 0.2704332 2.201274 0.255582 0.2921284 2.119186 0.1787837 0.162631 2.432029 0.1731898 0.09457035 2.400416 0.09360196 0.01570023 2.399764 0.2488794 0.01527671 2.389845 0.07493179 -0.4690916 2.522318 0.3012008 -0.4660038 2.497506 0.07495441 -0.8297705 2.600219 0.3212158 -0.8489287 2.599802 0.01834545 -0.9127691 2.591219 0.3551896 -0.9143767 2.556787
0.1590547 0.6996508 2.379702 0.1822456 0.5163945 2.417372 0.004390861 0.4114333 2.44276 0.3543679 0.4100646 2.398535 -0.04002634 0.1768579 2.381991 0.4062158 0.1760963 2.340456 -0.03973934 0.2857618 2.168977 0.2720559 0.2706745 2.150571 -0.04190473 0.2723317 2.201 0.2487115 0.2971199 2.119538 0.1784375 0.1621561 2.431835 0.1726557 0.09396891 2.400363 0.09313113 0.01523399 2.399972 0.2483162 0.01510042 2.389605 0.0749815 -0.4692461 2.522385 0.3013045 -0.4660531 2.497474 0.07575484 -0.832342 2.600855 0.3213108 -0.8489309 2.599761 0.01693174 -0.9154512 2.587343 0.3546588 -0.9136608 2.556895
0.1578391 0.6989536 2.379505 0.1822246 0.5163819 2.417375 0.005068879 0.4117555 2.442474 0.3539104 0.4106584 2.398026 -0.04034045 0.1774623 2.384129 0.4060091 0.1763348 2.340197 -0.04352207 0.2861384 2.171082 0.2719981 0.2679916 2.153559 -0.04580897 0.2746824 2.202358 0.2430575 0.2999136 2.118904 0.1782994 0.1619796 2.43171 0.1724872 0.09376185 2.400339 0.09310453 0.01521287 2.399997 0.2479981 0.01502081 2.389468 0.07495846 -0.469219 2.522401 0.3013261 -0.4659677 2.497437 0.07592317 -0.8318197 2.600567 0.3212225 -0.8478259 2.598343 0.01793495 -0.9137404 2.588836 0.3537378 -0.9128045 2.555712
0.1564062 0.6982613 2.379652 0.1820849 0.5163841 2.417284 0.005245904 0.4116839 2.442466 0.3550124 0.4074179 2.396582 -0.04158221 0.1794057 2.408333 0.4044111 0.1781372 2.337661 -0.05193141 0.2775986 2.190227 0.2708731 0.262632 2.159158 -0.05347806 0.2776005 2.205483 0.2386863 0.2983202 2.120781 0.1779336 0.1617212 2.431478 0.1719937 0.09345251 2.400201 0.09239708 0.01497048 2.400045 0.2475223 0.01449782 2.389089 0.07516394 -0.4689955 2.522547 0.3013261 -0.4659131 2.497408 0.07575791 -0.8317254 2.599695 0.3212377 -0.8477664 2.598309 0.01754421 -0.9139175 2.589094 0.3542084 -0.9129401 2.556068
0.1559099 0.6977792 2.379826 0.1820581 0.5165529 2.417363 0.005469142 0.4113895 2.442662 0.3536691 0.4075808 2.395123 -0.0416545 0.180214 2.409924 0.4046419 0.1785653 2.337248 -0.06262914 0.2775095 2.19228 0.2168679 0.2902536 2.123149 -0.06247621 0.2785528 2.208838 0.2214037 0.3039877 2.117537 0.1777622 0.1613621 2.431416 0.1715523 0.0928899 2.400211 0.09212393 0.01474235 2.400218 0.2469131 0.01414599 2.388854 0.07513209 -0.4689938 2.522637 0.301504 -0.4668299 2.497857 0.07529857 -0.8308553 2.598683 0.3218352 -0.8480616 2.597995 0.01652393 -0.914541 2.592266 0.3548386 -0.9155953 2.557898
0.1553877 0.697673 2.379834 0.1819335 0.5166732 2.417233 0.004558922 0.4106162 2.445447 0.352364 0.4076655 2.393535 -0.03614879 0.1855336 2.438505 0.4034019 0.1809273 2.335251 -0.07616515 0.266739 2.216791 0.2559001 0.2568449 2.162904 -0.07653306 0.2811616 2.210313 0.2082123 0.3066995 2.117847 0.1779213 0.1613104 2.431263 0.1713217 0.09280814 2.400216 0.09189438 0.01466671 2.400482 0.2465184 0.01409767 2.388646 0.07506107 -0.4687658 2.522526 0.3014442 -0.4666088 2.497571 0.07566293 -0.829137 2.598471 0.321904 -0.8472779 2.597249 0.01667716 -0.9140892 2.592606 0.3531225 -0.9126739 2.55932
0.1539733 0.6967892 2.379937 0.1817046 0.5165961 2.417099 0.002406931 0.4070695 2.448809 0.3515907 0.407761 2.392293 -0.03731977 0.1846114 2.440391 0.4016289 0.1817742 2.331618 -0.0969896 0.2643952 2.222969 0.2497409 0.2526572 2.165177 -0.1015791 0.2903407 2.209332 0.1968064 0.3046758 2.121412 0.1780975 0.161292 2.431076 0.1711351 0.09280732 2.400191 0.09143474 0.01447769 2.400918 0.2463494 0.01410993 2.388247 0.07488936 -0.4685249 2.522476 0.301126 -0.4670626 2.497878 0.07571234 -0.8289298 2.59837 0.3221143 -0.8471882 2.597391 0.01651952 -0.9139106 2.592732 0.3529837 -0.9125566 2.558719
0.1537921 0.6969026 2.37999 0.1816553 0.5166911 2.417005 0.001434045 0.4062147 2.450299 0.35103 0.4080851 2.391299 -0.04414425 0.1858654 2.450587 0.3879985 0.1822073 2.310958 -0.1199352 0.2626596 2.237509 0.2304565 0.2586997 2.153323 -0.1246969 0.2967691 2.212832 0.1776316 0.3040163 2.122179 0.178203 0.1613816 2.430922 0.1710366 0.09290447 2.400163 0.09128555 0.01449837 2.401215 0.2461749 0.01428508 2.38778 0.07527026 -0.4685357 2.522628 0.3013735 -0.467681 2.498462 0.07571941 -0.8285123 2.59834 0.3223981 -0.8468128 2.597049 0.01663044 -0.9134622 2.591756 0.3528487 -0.9124039 2.558295
0.1537633 0.6969645 2.380101 0.1816743 0.5169107 2.416906 0.001660315 0.4066639 2.450618 0.350705 0.4078247 2.390139 -0.04830175 0.187797 2.454252 0.3879752 0.1835845 2.308579 -0.1475119 0.2593444 2.249785 0.1655017 0.2893573 2.148452 -0.1641271 0.2980396 2.221431 0.1294202 0.315765 2.127951 0.1782295 0.1614837 2.430806 0.1709336 0.09299798 2.400164 0.09113664 0.01466828 2.40191 0.2458232 0.01456596 2.387133 0.07526228 -0.4685708 2.52267 0.3010929 -0.4670658 2.498401 0.07566135 -0.8283423 2.597995 0.3223364 -0.8466719 2.596882 0.01659473 -0.9134651 2.591821 0.351982 -0.9113894 2.559229
0.1553488 0.6981878 2.381227 0.1818374 0.517243 2.416833 0.00151823 0.4076719 2.451418 0.3496458 0.4053325 2.387421 -0.0473194 0.1778205 2.463043 0.3841468 0.1872929 2.30017 -0.1725034 0.2564031 2.277664 0.160272 0.2816094 2.155696 -0.2206861 0.3091505 2.23677 0.1212759 0.3049712 2.138938 0.1785085 0.161557 2.430669 0.1709314 0.09305072 2.400166 0.09120415 0.01489714 2.402412 0.245776 0.01461308 2.386767 0.07532506 -0.4684207 2.522606 0.3011059 -0.4668494 2.498311 0.07551675 -0.8280113 2.597678 0.3221412 -0.845955 2.596202 0.01819365 -0.9119804 2.592829 0.3551308 -0.9120551 2.568515
0.1565712 0.6984556 2.382246 0.1819452 0.5171806 2.416587 0.001172801 0.4096484 2.452364 0.3495321 0.4029472 2.384584 -0.05892017 0.1499246 2.492865 0.3826873 0.1882389 2.29365 -0.2302679 0.2664755 2.284129 0.1476355 0.2660201 2.170886 -0.2784845 0.3084731 2.264795 0.04750471 0.2905093 2.160086 0.178804 0.1616983 2.430475 0.1709632 0.09326237 2.40014 0.0913211 0.01519506 2.402845 0.2457966 0.01472086 2.38639 0.07527053 -0.4673513 2.522253 0.3011166 -0.4668998 2.498392 0.0753365 -0.828708 2.597415 0.3222544 -0.8460347 2.596368 0.0173129 -0.9128227 2.59465 0.35528 -0.9121262 2.56872
0.1567307 0.6984822 2.382304 0.1819501 0.5171648 2.41658 0.0006524554 0.4104133 2.452364 0.3493038 0.401911 2.38335 -0.0825735 0.1612438 2.43365 0.378838 0.1883595 2.287163 -0.2702414 0.2727177 2.291686 0.1445954 0.2614935 2.179844 -0.3308358 0.3074327 2.281593 0.04376965 0.2854546 2.180733 0.1790667 0.1622921 2.430428 0.171271 0.09417617 2.400247 0.09191535 0.01590955 2.403311 0.2459976 0.01539818 2.386182 0.0753829 -0.4672629 2.522064 0.3009922 -0.4658658 2.498352 0.07531003 -0.8286579 2.597482 0.3220119 -0.8453892 2.595783 0.01716876 -0.9133154 2.597231 0.3560441 -0.9120223 2.570802
0.1593555 0.699149 2.382658 0.1820904 0.5172364 2.416691 0.001686605 0.411673 2.449169 0.3488635 0.4008006 2.38184 -0.08445524 0.1629274 2.432888 0.3723528 0.188838 2.278945 -0.2897037 0.2696954 2.304608 0.1447319 0.2536376 2.190808 -0.3607574 0.2875316 2.303706 0.05706569 0.2761416 2.189736 0.1792641 0.1625951 2.43046 0.1716832 0.09452684 2.400321 0.09318106 0.01669155 2.403831 0.2461943 0.01575882 2.385988 0.07558046 -0.4675458 2.522054 0.3007517 -0.4655921 2.498833 0.07530341 -0.8286838 2.597482 0.3218612 -0.8510282 2.601433 0.01683149 -0.9134151 2.59908 0.357919 -0.9138111 2.569484
0.1614778 0.6992699 2.382697 0.1821096 0.5172293 2.416685 0.002338655 0.4124845 2.446896 0.3490533 0.3982158 2.379538 -0.1028498 0.1745533 2.419742 0.369426 0.1866866 2.27473 -0.3189286 0.2719873 2.31564 0.08426907 0.2716475 2.19903 -0.3933966 0.2897955 2.315748 0.007761829 0.2687874 2.197986 0.1794216 0.1626617 2.430312 0.1719282 0.09461784 2.400203 0.09361719 0.01674259 2.403763 0.2464613 0.01594818 2.385683 0.07560641 -0.4674656 2.522045 0.3007712 -0.4646003 2.498863 0.07523195 -0.8286099 2.597471 0.320432 -0.8485209 2.597889 0.01668414 -0.9135499 2.599312 0.3577682 -0.9135537 2.571002
0.1617556 0.6991255 2.382241 0.1831514 0.5172023 2.416725 0.002720695 0.4128033 2.444265 0.3497304 0.3968744 2.378657 -0.1199125 0.187881 2.421083 0.3665606 0.1858989 2.271714 -0.3252501 0.2717022 2.316804 0.1517175 0.2288243 2.201514 -0.4001491 0.2877552 2.318383 0.05494034 0.2648956 2.192691 0.1799766 0.1629195 2.430198 0.172617 0.09493199 2.400071 0.0943736 0.01695591 2.403797 0.2469687 0.01613687 2.385295 0.07606056 -0.4670389 2.521623 0.300802 -0.4646384 2.499318 0.07540344 -0.8286026 2.597846 0.3210974 -0.8481938 2.59792 0.01663183 -0.913471 2.599225 0.357879 -0.913821 2.570964
0.163482 0.7000685 2.382523 0.1833169 0.5170335 2.416533 0.002984325 0.413498 2.44272 0.3499011 0.3960303 2.378061 -0.1219245 0.1935645 2.425175 0.3664635 0.1850107 2.27137 -0.3285892 0.2712806 2.318543 0.1518822 0.2305493 2.202509 -0.4031592 0.2886075 2.31923 0.08668505 0.2675798 2.187035 0.1800225 0.1630583 2.430081 0.1727805 0.09513203 2.399987 0.09465237 0.01720278 2.40382 0.2470451 0.01625744 2.385134 0.07601239 -0.4671349 2.521269 0.3008094 -0.4643864 2.499226 0.07562418 -0.831982 2.599077 0.3211041 -0.8479774 2.5978 0.01667077 -0.9145116 2.596601 0.3555919 -0.9121158 2.567533
0.16371 0.7001966 2.38244 0.1834934 0.5173167 2.41631 0.002945273 0.4141427 2.442418 0.3502896 0.3951546 2.377474 -0.1223674 0.1975083 2.429688 0.3664206 0.1839517 2.271385 -0.3285191 0.2708279 2.318737 0.1528088 0.234751 2.203661 -0.402858 0.2890374 2.316873 0.05718902 0.2737331 2.195527 0.1801925 0.1634365 2.429903 0.172948 0.09550184 2.399886 0.09484778 0.0174564 2.403836 0.2471239 0.01646276 2.384962 0.07595727 -0.467074 2.520727 0.3007423 -0.4639163 2.499111 0.07571221 -0.8315247 2.598997 0.3203672 -0.8445987 2.594933 0.01629692 -0.9146456 2.597665 0.3542302 -0.909803 2.5663
0.1642278 0.7000468 2.382367 0.1840121 0.5172284 2.415977 0.003067991 0.4150587 2.442212 0.35058 0.3947937 2.377331 -0.1227165 0.1998401 2.432373 0.3663542 0.1836175 2.271302 -0.3282539 0.2705158 2.318306 0.1531765 0.2353633 2.203064 -0.3914825 0.2870695 2.31254 0.05723735 0.2733842 2.194294 0.1803611 0.1636885 2.429652 0.1731083 0.09581096 2.399701 0.09493038 0.01764655 2.403777 0.2472267 0.01666835 2.384665 0.07599067 -0.4671416 2.52072 0.2998213 -0.4649127 2.500434 0.07513166 -0.8311709 2.598213 0.3210041 -0.8448124 2.594935 0.01461493 -0.9180207 2.591413 0.3578842 -0.9142308 2.566731
