0.1925993 0.688013 2.358252 0.1540274 0.507217 2.390474 0.06590781 0.3723818 2.270971 0.3351334 0.3598882 2.55444 0.08035576 0.165629 2.176033 0.4037728 0.1794355 2.574947 0.2447973 0.2724451 2.12979 0.4525232 0.3807822 2.389802 0.2834221 0.3370392 2.127402 0.4582629 0.4219714 2.368925 0.1953484 0.152648 2.387689 0.2063775 0.08174445 2.387685 0.1527447 0.02034987 2.342808 0.2778625 0.003479057 2.425346 0.1210419 -0.5000068 2.406289 0.2792112 -0.4814345 2.659602 0.06748021 -0.8786647 2.430142 0.2164363 -0.8211446 2.711285 0.1237451 -0.9443177 2.395338 0.2361097 -0.9130084 2.687099
0.1925089 0.6880357 2.357989 0.1539171 0.5071993 2.390314 0.06527913 0.3721491 2.270837 0.335025 0.3598735 2.554271 0.08080819 0.1654993 2.176752 0.4031633 0.1795131 2.575741 0.243665 0.2746739 2.130517 0.4500548 0.3535728 2.411395 0.2807954 0.3340444 2.127625 0.4574975 0.4218102 2.368465 0.1953405 0.1530768 2.3873 0.2064102 0.08242635 2.387211 0.1527594 0.02042055 2.34286 0.2779064 0.006212817 2.423509 0.1211028 -0.5001722 2.406352 0.2794675 -0.4813449 2.659642 0.06746415 -0.8786681 2.43017 0.2162822 -0.8211231 2.711058 0.1239184 -0.9445044 2.395238 0.2544866 -0.8815964 2.737933
0.1924662 0.6879752 2.357924 0.153933 0.5071826 2.390325 0.06452576 0.3721277 2.270774 0.3350416 0.3598585 2.554278 0.08075471 0.1655031 2.177069 0.4024675 0.1795794 2.57694 0.2435275 0.2747718 2.130877 0.4492006 0.3789369 2.389035 0.2793093 0.3354036 2.127492 0.4558361 0.4217292 2.366971 0.1953682 0.1534513 2.387154 0.2064314 0.08305152 2.386995 0.152746 0.02063009 2.34315 0.2778852 0.007775691 2.422445 0.1211817 -0.5001505 2.406586 0.279446 -0.481109 2.659534 0.06724223 -0.8780069 2.430528 0.2166085 -0.8222968 2.711544 0.1237765 -0.9443191 2.395072 0.2298766 -0.9045092 2.68347
0.1922831 0.6876956 2.357771 0.1539817 0.5070822 2.390414 0.063652 0.371925 2.270635 0.335092 0.3597634 2.554359 0.08073543 0.1655334 2.177083 0.4008228 0.1786392 2.576109 0.2463197 0.2699906 2.129454 0.4489883 0.3560169 2.404775 0.278984 0.3374002 2.126651 0.4555034 0.4215727 2.366443 0.1954041 0.1533594 2.387187 0.2064615 0.08296533 2.387025 0.1527292 0.02048217 2.343914 0.2779287 0.007618589 2.422307 0.1211841 -0.5001502 2.406586 0.2796032 -0.4810666 2.65957 0.06717616 -0.8780407 2.430729 0.216616 -0.8223531 2.711525 0.1238343 -0.9442227 2.394919 0.2348834 -0.901941 2.69502
0.1921224 0.6874191 2.357605 0.1539757 0.5068569 2.390584 0.06294729 0.3718235 2.270718 0.3350905 0.359547 2.554517 0.08076897 0.1655362 2.177064 0.3998147 0.177927 2.575667 0.2479122 0.2657029 2.124627 0.454196 0.3728551 2.385091 0.2778649 0.3392022 2.123613 0.4542468 0.4201237 2.361045 0.1952448 0.1529738 2.38711 0.2062542 0.08253694 2.3869 0.1519568 0.01969506 2.343199 0.2779044 0.005735774 2.42286 0.121222 -0.5001806 2.406691 0.2753627 -0.4985351 2.663453 0.06719725 -0.8778257 2.43089 0.2163948 -0.8214737 2.711023 0.1239498 -0.9443484 2.394964 0.2348785 -0.9061153 2.686614
0.1918699 0.6871064 2.357794 0.1540246 0.5066168 2.390823 0.0616929 0.3720647 2.270863 0.3351429 0.3593141 2.554745 0.08056776 0.1662483 2.17602 0.4109667 0.1805076 2.569716 0.2430803 0.2700303 2.114567 0.4538082 0.3737854 2.37427 0.2767497 0.342566 2.107132 0.4525376 0.4194231 2.349623 0.1952552 0.1527315 2.38712 0.2062536 0.08229401 2.386882 0.1518186 0.01936398 2.342853 0.2782664 0.003720251 2.423629 0.1212407 -0.5000116 2.406525 0.2774597 -0.4905807 2.662873 0.06727706 -0.8777887 2.43047 0.2163196 -0.8217032 2.710492 0.1242943 -0.9446586 2.394498 0.2564789 -0.8801264 2.738997
0.1916955 0.687211 2.358488 0.1539323 0.5065826 2.39089 0.06123281 0.3721352 2.270932 0.3350564 0.3592823 2.554806 0.08074643 0.1680902 2.17225 0.4127873 0.1805472 2.566337 0.233328 0.2775767 2.093873 0.4514824 0.348059 2.376667 0.2748411 0.3440965 2.086971 0.4484311 0.4201598 2.324001 0.1938209 0.1527788 2.387254 0.2043404 0.08239435 2.387048 0.1496444 0.0196428 2.342396 0.2751991 0.002601229 2.424933 0.1211704 -0.499813 2.406292 0.2781197 -0.4847572 2.659039 0.06722911 -0.8777673 2.430102 0.2161951 -0.8216257 2.709233 0.1244153 -0.9448389 2.394306 0.2562069 -0.8797242 2.738589
0.1916289 0.6879329 2.360687 0.1538814 0.5065831 2.391316 0.06072602 0.3730232 2.271635 0.3350104 0.359285 2.555218 0.08116268 0.1696963 2.166939 0.4153608 0.1881164 2.589207 0.2340611 0.2724783 2.07907 0.4498468 0.3492357 2.363274 0.270022 0.3309397 2.048654 0.4487593 0.4180878 2.315133 0.1928104 0.1527395 2.387717 0.2030338 0.08234154 2.387542 0.1473226 0.02106509 2.344844 0.2734046 0.002562349 2.424443 0.1210697 -0.4995885 2.406153 0.2783361 -0.4842346 2.658909 0.06730791 -0.8778623 2.429988 0.2157071 -0.8213623 2.709435 0.1214089 -0.9432341 2.395536 0.2472001 -0.8892457 2.72485
0.1913519 0.688446 2.361512 0.1537691 0.5065261 2.391445 0.06055928 0.3733259 2.272123 0.3349032 0.3592308 2.555341 0.08148696 0.1730876 2.160138 0.4326966 0.1864559 2.52335 0.2297905 0.2606084 2.047551 0.4508705 0.3271525 2.362647 0.2674753 0.3255368 2.024646 0.4483108 0.4106948 2.295996 0.1928774 0.1528492 2.387877 0.2031895 0.08252979 2.387759 0.1481424 0.0217381 2.34578 0.2735513 0.002961292 2.424452 0.1210049 -0.4993381 2.40595 0.2781936 -0.4844138 2.658732 0.06749159 -0.8780311 2.429849 0.2159148 -0.8217758 2.709753 0.1220383 -0.9433878 2.395512 0.2506008 -0.8867295 2.730123
0.1908686 0.6897483 2.364039 0.1540868 0.5065832 2.393305 0.06023241 0.3738807 2.272595 0.3352262 0.3592913 2.557182 0.08259587 0.1764898 2.149637 0.4503501 0.2024246 2.490751 0.2242689 0.228449 2.00691 0.4495818 0.3423148 2.316452 0.2617713 0.3161707 1.972749 0.4492495 0.3928218 2.270818 0.1917606 0.1528409 2.388737 0.2017256 0.08250564 2.388553 0.1464485 0.02193221 2.346057 0.2716153 0.001972368 2.425523 0.1209895 -0.4993429 2.405985 0.2786994 -0.4829452 2.658855 0.0674708 -0.8779497 2.429801 0.2158826 -0.8218389 2.709714 0.1224139 -0.9435684 2.39535 0.2307003 -0.9026281 2.685036
0.1899946 0.6903687 2.369133 0.1543478 0.5063229 2.395176 0.06047241 0.3749081 2.273215 0.3354921 0.3590348 2.559042 0.08448348 0.181143 2.14009 0.4540157 0.2584225 2.408731 0.2252224 0.2255169 1.993587 0.4504263 0.3743911 2.233945 0.2575634 0.3070821 1.91858 0.4420491 0.3812703 2.235811 0.1907467 0.1522592 2.38991 0.2004773 0.08182608 2.389654 0.1450914 0.02171544 2.347087 0.270154 0.001012515 2.426372 0.121023 -0.4996701 2.40614 0.2788219 -0.4822554 2.659065 0.06743575 -0.8779389 2.429789 0.2160378 -0.822602 2.710756 0.1226602 -0.9435989 2.395221 0.2308647 -0.9026424 2.684895
0.1890188 0.691189 2.370951 0.1547592 0.5065269 2.399288 0.06112612 0.3753685 2.27398 0.3359101 0.359242 2.563142 0.08702676 0.1928457 2.131997 0.4339561 0.2864558 2.375798 0.2098434 0.2126217 1.963597 0.456172 0.3847459 2.191068 0.2517066 0.2917828 1.866106 0.4364954 0.3705297 2.208327 0.1914697 0.1539866 2.392643 0.201382 0.08391969 2.392228 0.1468633 0.0253108 2.351328 0.2709206 0.00376395 2.427726 0.120973 -0.4993772 2.406192 0.2765599 -0.4946764 2.666698 0.06766458 -0.8781605 2.429654 0.2158283 -0.8222429 2.710653 0.1229964 -0.9438658 2.394943 0.2325077 -0.900693 2.693126
0.1885298 0.6919956 2.373883 0.154296 0.5063141 2.40026 0.06251375 0.3764438 2.275354 0.3354506 0.3590309 2.564111 0.08642039 0.2006415 2.129122 0.4489816 0.202458 2.492507 0.2007058 0.195693 1.953217 0.4174857 0.3330792 2.246287 0.2308905 0.2713429 1.800375 0.4191505 0.3541162 2.174776 0.1912713 0.1545654 2.393117 0.2012463 0.08471404 2.392648 0.1472416 0.02623134 2.352355 0.2699859 0.006851812 2.427169 0.1208254 -0.4990784 2.405968 0.278536 -0.4854735 2.665226 0.06783667 -0.8781813 2.429924 0.2157263 -0.8224431 2.710586 0.1230747 -0.9439507 2.39496 0.2577771 -0.8805935 2.736784
0.189202 0.6941872 2.378347 0.1531489 0.5070518 2.401645 0.06919067 0.3794903 2.278778 0.3343075 0.3597693 2.565493 0.08278178 0.214531 2.126834 0.4486436 0.205329 2.488929 0.1916182 0.1870427 1.949474 0.4153387 0.3350604 2.242506 0.2316912 0.2650558 1.807724 0.4149954 0.3495471 2.17362 0.1916521 0.1576986 2.395281 0.2022042 0.08863039 2.395049 0.1496198 0.02788373 2.352037 0.2702908 0.01306188 2.433944 0.1206367 -0.4988787 2.405972 0.2786569 -0.4842503 2.664804 0.0680273 -0.8784797 2.429846 0.2157665 -0.8222877 2.710532 0.1236746 -0.9442387 2.395516 0.2372019 -0.9063726 2.684679
0.1891335 0.6947714 2.379748 0.1527191 0.5077884 2.403383 0.07211752 0.3805177 2.279728 0.3338799 0.3605068 2.56723 0.07905301 0.2256862 2.12528 0.4468491 0.2085456 2.480862 0.1663252 0.1757279 1.940483 0.4097137 0.3215805 2.226442 0.226203 0.2557259 1.809554 0.4071974 0.3376817 2.167013 0.1924249 0.1570732 2.396404 0.2033499 0.08758522 2.396192 0.1515452 0.02660348 2.353117 0.2709956 0.01292096 2.434443 0.1205535 -0.4987996 2.405913 0.2787737 -0.4843869 2.665153 0.0678381 -0.8781613 2.429799 0.2159883 -0.8234286 2.711599 0.1242317 -0.9444686 2.395362 0.2372328 -0.9062519 2.684275
0.1888777 0.6952376 2.381281 0.1526892 0.508359 2.404944 0.07542047 0.3806818 2.280118 0.3338515 0.3610784 2.568791 0.07884733 0.2271911 2.120879 0.4408272 0.2059058 2.479685 0.1634263 0.1718459 1.936383 0.408363 0.3198686 2.225022 0.224166 0.2495967 1.804307 0.4063217 0.3378627 2.167668 0.1929688 0.1567968 2.397038 0.2040296 0.08714137 2.396711 0.1531872 0.02489805 2.352951 0.2715459 0.01297263 2.435069 0.120539 -0.4987897 2.405946 0.2770954 -0.4923177 2.666797 0.06800368 -0.8783907 2.429633 0.2158897 -0.8236116 2.711918 0.1244523 -0.9446112 2.395266 0.2374548 -0.9062878 2.683731
0.1889053 0.6954836 2.383233 0.1530615 0.5086396 2.406359 0.07959896 0.3813623 2.280342 0.3342249 0.3613598 2.570205 0.07663732 0.2303806 2.119446 0.4399402 0.2059605 2.479528 0.1577629 0.1690898 1.935303 0.4104895 0.3051007 2.218019 0.199964 0.208858 1.835296 0.4028338 0.3275988 2.164314 0.1931328 0.1582842 2.397674 0.2041534 0.08895791 2.397152 0.1537834 0.02598849 2.352704 0.2709446 0.01552989 2.435598 0.1205949 -0.4989918 2.40623 0.2763928 -0.4965209 2.668114 0.06791031 -0.8783254 2.429622 0.2161108 -0.8232891 2.711512 0.1245301 -0.9446662 2.395326 0.2391846 -0.8993431 2.691901
0.188668 0.6965654 2.385073 0.1533808 0.5088233 2.406955 0.08190216 0.3811008 2.28051 0.334545 0.361544 2.570801 0.07497869 0.2291092 2.11588 0.4307292 0.198272 2.484865 0.1526929 0.1703553 1.929269 0.4082626 0.3043665 2.225509 0.2007801 0.2106219 1.834633 0.4027236 0.3216031 2.16891 0.1938991 0.1607129 2.399268 0.2049915 0.09198671 2.398883 0.1566276 0.02905206 2.349022 0.2713116 0.01313321 2.445431 0.1205777 -0.4989498 2.406225 0.2780532 -0.4867471 2.664282 0.06808844 -0.8783966 2.429393 0.2161129 -0.8232322 2.711424 0.1246739 -0.944732 2.394983 0.2586932 -0.8804775 2.738728
0.1885814 0.6967078 2.385102 0.1535607 0.5094447 2.407389 0.08247389 0.3811378 2.280518 0.3347256 0.362166 2.571235 0.07348699 0.2291707 2.116292 0.4272299 0.1961683 2.487023 0.1504773 0.1678909 1.930228 0.4073897 0.3048074 2.228546 0.2083402 0.2358554 1.774984 0.4037449 0.2548772 2.177531 0.1937487 0.1609277 2.399513 0.2047994 0.09211247 2.399078 0.1564877 0.03016533 2.348923 0.2704234 0.01239789 2.445632 0.1205409 -0.498964 2.406245 0.2779744 -0.4863076 2.664257 0.0681709 -0.8783697 2.429466 0.2155964 -0.8239675 2.711971 0.1246681 -0.9446226 2.394823 0.2585642 -0.8804108 2.740306
0.1889497 0.6969159 2.385625 0.15354 0.5097635 2.407381 0.08327091 0.3806578 2.280542 0.3347052 0.3624852 2.571227 0.07249312 0.2287812 2.116642 0.4264752 0.1958437 2.487688 0.1498635 0.167477 1.930751 0.407678 0.3071685 2.23033 0.1961479 0.2128201 1.805162 0.4014122 0.3442768 2.149094 0.1937509 0.1626673 2.400104 0.2047928 0.09410298 2.399788 0.1574921 0.03220259 2.347014 0.2699259 0.01178802 2.448342 0.1204936 -0.499281 2.406472 0.275774 -0.4944083 2.664672 0.06820367 -0.8782842 2.429533 0.2156724 -0.823688 2.712793 0.1246182 -0.9445919 2.394908 0.2418214 -0.8966877 2.717619
0.1889595 0.6969333 2.385602 0.1535322 0.5100215 2.407278 0.08399135 0.3802456 2.280871 0.3346976 0.3627435 2.571124 0.07122291 0.2265066 2.116393 0.4260138 0.1955333 2.488515 0.1503826 0.1665693 1.930829 0.4076781 0.3074996 2.231408 0.1981998 0.2139677 1.810183 0.4015662 0.3448218 2.150256 0.1937443 0.1641591 2.400438 0.204771 0.09583665 2.400221 0.1581616 0.03336684 2.34575 0.2695817 0.01171469 2.449882 0.1203043 -0.4994034 2.406254 0.2749344 -0.4974895 2.66382 0.06843673 -0.8785836 2.428726 0.2157667 -0.8239467 2.712971 0.1250551 -0.944726 2.394749 0.2408491 -0.8972554 2.715231
0.1893468 0.696982 2.385947 0.1535527 0.5099968 2.407294 0.08456159 0.3796252 2.280941 0.3347182 0.3627189 2.57114 0.07051826 0.2243406 2.115915 0.4254658 0.1938863 2.492619 0.151872 0.164206 1.931442 0.4077662 0.3074278 2.236187 0.199973 0.2141526 1.8111 0.4018663 0.3452749 2.15526 0.1941648 0.1667556 2.400953 0.2053022 0.09945332 2.400838 0.1596224 0.03416106 2.343905 0.2697603 0.01257252 2.451941 0.1202161 -0.4993932 2.40608 0.2736704 -0.5004822 2.663507 0.06850164 -0.8785306 2.428564 0.2155855 -0.8236539 2.712781 0.1251526 -0.9447129 2.394681 0.2409953 -0.8961086 2.714618
0.1894402 0.6975958 2.386098 0.1535417 0.5099797 2.407262 0.08457674 0.3795226 2.280926 0.2829165 0.4288291 2.533571 0.06968725 0.2206542 2.116765 0.4078657 0.2457339 2.48289 0.1540485 0.1606167 1.93373 0.405483 0.3235853 2.212187 0.225263 0.244376 1.804285 0.4046888 0.3495358 2.126502 0.1944648 0.1682452 2.401212 0.2057537 0.1013148 2.401241 0.1638273 0.03517126 2.34376 0.2656512 0.02281374 2.453947 0.1201186 -0.4991681 2.405869 0.2753815 -0.4939548 2.662462 0.06846402 -0.8801043 2.427593 0.2155986 -0.8233903 2.712573 0.125481 -0.945042 2.394751 0.2520823 -0.8853765 2.738265
0.1895556 0.6976867 2.386237 0.1535043 0.5096849 2.406941 0.08484018 0.3791619 2.28108 0.2829156 0.4286542 2.533412 0.06754322 0.2183499 2.120069 0.3789011 0.2536611 2.543535 0.1557276 0.159576 1.938557 0.4435337 0.2622418 2.342382 0.2255649 0.2428795 1.800734 0.4280265 0.2532634 2.360016 0.19529 0.1688885 2.40145 0.2069096 0.1021827 2.401642 0.1686163 0.03536752 2.344464 0.2658914 0.02597697 2.454513 0.1199221 -0.4991568 2.405482 0.2768093 -0.4881524 2.659616 0.06853522 -0.8801048 2.42753 0.2156243 -0.824104 2.712499 0.1255607 -0.9451469 2.394802 0.2408585 -0.9055604 2.693031
0.1899073 0.6969271 2.384773 0.1535339 0.5094972 2.40686 0.08478256 0.378974 2.281122 0.2829575 0.4285283 2.533397 0.06631397 0.2128347 2.122745 0.3795539 0.2527271 2.542603 0.1735093 0.2232192 1.897853 0.4416482 0.2539337 2.340414 0.2263481 0.2401096 1.797517 0.4203032 0.3340935 2.210883 0.1959409 0.1693875 2.401709 0.20772 0.1028011 2.401971 0.1706821 0.0351973 2.344846 0.2661215 0.02772635 2.454781 0.1199532 -0.4993845 2.405631 0.2777538 -0.4849779 2.659317 0.06856892 -0.8801035 2.427637 0.2155931 -0.8237879 2.712216 0.1255764 -0.9450853 2.394849 0.2483925 -0.9037178 2.704401
0.1894762 0.6967949 2.383945 0.1536747 0.5092976 2.40658 0.0848244 0.3784854 2.281034 0.2830996 0.4283919 2.533228 0.06602303 0.2068468 2.124561 0.3811478 0.2509686 2.541428 0.1768399 0.1523466 1.955508 0.4419834 0.2543615 2.338865 0.2288071 0.2404724 1.800023 0.4206461 0.3369427 2.211377 0.1974185 0.1657018 2.400969 0.2096307 0.09729746 2.400989 0.1722207 0.03292364 2.349203 0.2665326 0.0283377 2.446751 0.1199096 -0.4993955 2.405625 0.278145 -0.4826112 2.658228 0.06866946 -0.880045 2.427671 0.2150993 -0.8232543 2.710884 0.1221339 -0.9428856 2.395058 0.2466394 -0.9001034 2.70488
0.1895979 0.6959535 2.382899 0.153669 0.5088986 2.405835 0.08419761 0.3776852 2.280429 0.2831327 0.4280862 2.532669 0.07115521 0.1992674 2.12028 0.3850245 0.2468256 2.530032 0.1834234 0.1536609 1.949424 0.4498273 0.2568445 2.329037 0.2384441 0.2490513 1.817107 0.4237027 0.3460879 2.227946 0.1989978 0.1591427 2.399745 0.2115768 0.08864716 2.399694 0.1731803 0.02861172 2.354048 0.2675348 0.026023 2.44003 0.1197297 -0.4987842 2.405324 0.2784749 -0.4820723 2.658526 0.06816573 -0.8793764 2.427738 0.2151329 -0.8232995 2.710875 0.1224007 -0.9429291 2.395145 0.2460737 -0.9000351 2.703271
0.1899616 0.6956193 2.381988 0.153823 0.5089489 2.405399 0.08345675 0.3773907 2.280078 0.2833003 0.428156 2.532322 0.07354806 0.1963275 2.119846 0.3911861 0.2480237 2.512956 0.1953566 0.1515972 1.956006 0.4372427 0.3350317 2.249466 0.2488758 0.2594314 1.842745 0.4298256 0.3500246 2.220244 0.199103 0.1585896 2.399234 0.2115875 0.08809792 2.399151 0.1731297 0.02802353 2.353758 0.2674305 0.02548547 2.439048 0.1197001 -0.4989952 2.405286 0.2785245 -0.4820501 2.658562 0.06813834 -0.8805026 2.42831 0.2149406 -0.8226079 2.71073 0.1224873 -0.9430094 2.395087 0.2565074 -0.8759045 2.746282
0.1913793 0.694811 2.37956 0.1540931 0.5088186 2.405264 0.08158953 0.3766363 2.278899 0.2835916 0.4280465 2.532229 0.07562754 0.1887217 2.121994 0.4016282 0.2478041 2.498591 0.2151953 0.2003432 1.967706 0.451057 0.3436202 2.244995 0.2628022 0.2744394 1.884331 0.4358456 0.3531051 2.22798 0.1992393 0.1578005 2.398242 0.2115544 0.08728543 2.397853 0.1727947 0.02742699 2.353285 0.2674949 0.02485565 2.435632 0.1196882 -0.4990013 2.405271 0.2786397 -0.4803884 2.657904 0.06821106 -0.880472 2.428379 0.2148589 -0.8219676 2.710257 0.1197165 -0.9416739 2.395557 0.2453141 -0.8912784 2.720265
0.192065 0.6945857 2.377936 0.154085 0.5087318 2.404519 0.07882403 0.3769851 2.277313 0.2836138 0.4279922 2.531596 0.07570575 0.1824738 2.126691 0.4027968 0.2488918 2.496489 0.2309571 0.2055142 1.99156 0.456643 0.3621915 2.265213 0.2720628 0.294437 1.929779 0.446279 0.3851797 2.25725 0.1995647 0.1569613 2.397706 0.2118844 0.08641779 2.397355 0.172818 0.02679766 2.352163 0.2686905 0.02204282 2.436007 0.1198451 -0.4991203 2.40544 0.2786914 -0.4804467 2.65805 0.06832246 -0.8800949 2.428453 0.2149574 -0.8218207 2.709958 0.1201279 -0.9418729 2.395363 0.2389024 -0.8958917 2.707
0.1924962 0.6926481 2.375026 0.1544586 0.5086002 2.403556 0.07769027 0.3769264 2.276996 0.2840061 0.4278925 2.530718 0.06666653 0.1687074 2.147174 0.4039598 0.2483982 2.497296 0.2590137 0.2697669 1.991858 0.4491002 0.3720402 2.307112 0.2722362 0.299463 1.978572 0.4418129 0.3855165 2.288137 0.1996647 0.1565178 2.397145 0.2118938 0.08601183 2.396846 0.1719998 0.02600655 2.349717 0.2692291 0.02029356 2.436491 0.1198631 -0.4991816 2.405457 0.2787894 -0.4803284 2.658088 0.06799468 -0.8809714 2.428694 0.2145552 -0.8214362 2.70946 0.1211035 -0.942858 2.395463 0.2540885 -0.8812134 2.735809
0.1931894 0.6922994 2.374173 0.155057 0.5085913 2.402672 0.07700749 0.3767097 2.276685 0.2846273 0.4279072 2.529885 0.06475656 0.1677214 2.15122 0.4056647 0.2487741 2.49859 0.2585429 0.2536182 2.027845 0.4666204 0.3525204 2.327112 0.2832443 0.3052517 2.023695 0.4446462 0.3884343 2.293488 0.1999007 0.1560175 2.396637 0.2120278 0.08549837 2.396376 0.17175 0.0255394 2.348525 0.2697826 0.01850224 2.436774 0.1198631 -0.4991071 2.40538 0.2798927 -0.477075 2.657351 0.06815416 -0.8806541 2.429243 0.2142282 -0.823212 2.710607 0.1216518 -0.9431583 2.395691 0.2403166 -0.9031535 2.675978
0.1952518 0.6918437 2.372149 0.1548808 0.5090055 2.3997 0.07549756 0.3766867 2.27607 0.2845002 0.428348 2.527017 0.06841522 0.1688291 2.154138 0.4086705 0.2494311 2.504243 0.2460395 0.2322564 2.078735 0.4648416 0.375807 2.344383 0.2847261 0.3058115 2.054868 0.4602094 0.3894778 2.332909 0.1999398 0.1556633 2.39593 0.2120414 0.08513354 2.395876 0.1713338 0.02523426 2.345849 0.2704732 0.01535377 2.438416 0.1200134 -0.4992873 2.405577 0.279986 -0.4770277 2.657368 0.06812318 -0.8805761 2.429249 0.2143712 -0.8230478 2.710498 0.1218093 -0.9431855 2.39558 0.2367377 -0.9018504 2.698146
0.1961668 0.6928505 2.369298 0.1549974 0.5091702 2.396605 0.07461625 0.3762629 2.27535 0.2846509 0.4285392 2.523978 0.06983645 0.1689363 2.159048 0.4067129 0.2432232 2.517885 0.2463166 0.2405188 2.089578 0.4642352 0.3770604 2.34735 0.2852527 0.3057254 2.083474 0.4618917 0.3893921 2.34168 0.1999985 0.1557929 2.394957 0.2120519 0.08527624 2.395191 0.1710617 0.02481958 2.34392 0.270584 0.01531756 2.438539 0.120184 -0.4995216 2.40576 0.279874 -0.477157 2.65652 0.06817819 -0.8804486 2.428192 0.2144116 -0.8230019 2.710535 0.1228675 -0.9437997 2.395325 0.2369701 -0.9011265 2.69849
0.1981949 0.6921856 2.369096 0.1555234 0.5087242 2.394497 0.07429259 0.3760881 2.274992 0.2851969 0.4281134 2.521892 0.07104431 0.1680492 2.166313 0.4009432 0.2405894 2.537136 0.2460386 0.2529187 2.113195 0.4628678 0.3778497 2.354166 0.2900142 0.3162636 2.11022 0.4613815 0.3895043 2.349661 0.2001717 0.154902 2.393815 0.2121257 0.08438107 2.394253 0.1707863 0.02428887 2.34345 0.2708147 0.01485146 2.438184 0.1201914 -0.4994918 2.405639 0.2801998 -0.47688 2.656614 0.06825712 -0.8800353 2.427913 0.2150499 -0.8219696 2.710392 0.1232272 -0.9439682 2.395336 0.2385129 -0.9011133 2.701175
0.1989909 0.6924928 2.366666 0.1560376 0.5084963 2.393272 0.07440119 0.3754121 2.274668 0.2857248 0.4278966 2.520676 0.07400519 0.1671126 2.173863 0.4004432 0.2415143 2.540798 0.2482188 0.2559907 2.126569 0.471606 0.36521 2.389248 0.289955 0.315934 2.118714 0.4632484 0.3919597 2.368396 0.2009161 0.1524531 2.392543 0.2128833 0.08130804 2.393029 0.1708477 0.01968668 2.343398 0.2715723 0.01413703 2.437255 0.1203167 -0.4999467 2.405979 0.2803093 -0.4767865 2.656527 0.06838997 -0.879948 2.42794 0.2148139 -0.8215162 2.709813 0.1233245 -0.9439672 2.395314 0.2390488 -0.8993314 2.702522
0.2015863 0.6915356 2.364841 0.156663 0.5085074 2.392442 0.07428874 0.3754753 2.274485 0.2863627 0.4279157 2.519847 0.07435264 0.1666015 2.181155 0.3997606 0.242236 2.544387 0.2481847 0.2561834 2.133787 0.4708624 0.3659102 2.392794 0.2911445 0.3186655 2.131141 0.4638873 0.3925944 2.370766 0.2013467 0.154528 2.391176 0.2132083 0.08429752 2.391461 0.1710883 0.0207166 2.342673 0.2719831 0.01842346 2.435222 0.1203417 -0.4999717 2.405949 0.2772733 -0.4920081 2.660781 0.06843144 -0.8800068 2.427932 0.2146352 -0.8218644 2.709375 0.1208502 -0.9426722 2.395986 0.2389117 -0.8991106 2.701875
0.2031691 0.6901304 2.363338 0.1572105 0.5083979 2.392157 0.07423014 0.3754797 2.274311 0.2869204 0.4278108 2.519564 0.07829592 0.1675834 2.184961 0.391532 0.2332903 2.565952 0.2531188 0.2581205 2.146454 0.4615458 0.3521965 2.409696 0.2971113 0.3280163 2.147522 0.4638565 0.3942782 2.373414 0.2016324 0.1550926 2.390672 0.21343 0.0850501 2.3909 0.1711812 0.02098254 2.342226 0.2723511 0.01939699 2.434641 0.120325 -0.5001268 2.405808 0.2777243 -0.4913601 2.661555 0.0685864 -0.8799735 2.428038 0.2145117 -0.8205663 2.707891 0.1214328 -0.9429554 2.39592 0.2379597 -0.9020808 2.697644
0.203581 0.6900004 2.363037 0.1584241 0.5081767 2.392118 0.07431521 0.3755378 2.274327 0.2881486 0.4275951 2.519529 0.08183613 0.1685414 2.188025 0.3886777 0.2342126 2.570718 0.2823794 0.3000067 2.16119 0.4604922 0.3496121 2.412496 0.2972193 0.3266264 2.150091 0.4639816 0.395016 2.374629 0.201914 0.1553157 2.390434 0.2136094 0.08531991 2.39064 0.1712165 0.02102772 2.341999 0.2726275 0.01980422 2.434322 0.1203353 -0.5003595 2.405927 0.2764677 -0.5006087 2.663218 0.06843248 -0.8810787 2.427922 0.2146068 -0.8206894 2.708725 0.1223018 -0.9436345 2.396106 0.2380678 -0.9018624 2.697924
0.2044393 0.6899951 2.363142 0.1587117 0.5080786 2.391666 0.07423162 0.3756565 2.274306 0.2884397 0.427501 2.51908 0.08301164 0.1689946 2.189526 0.3887588 0.2348709 2.57067 0.2590623 0.259966 2.165652 0.4608049 0.3497167 2.41213 0.2976517 0.3262599 2.151597 0.4636347 0.3955352 2.374992 0.2019999 0.1553529 2.390316 0.2136547 0.0853534 2.390575 0.1712223 0.02159292 2.341714 0.2727598 0.01961728 2.434362 0.1203729 -0.5006501 2.40603 0.2774894 -0.4947662 2.661919 0.06831577 -0.8801177 2.428069 0.2152011 -0.8210335 2.70981 0.1226633 -0.9437923 2.395899 0.2380009 -0.9017802 2.69754
0.2046276 0.6909794 2.362323 0.1592415 0.508297 2.391618 0.07423398 0.3756893 2.274302 0.2889772 0.4277246 2.519033 0.08395281 0.1692769 2.190133 0.3933585 0.2367138 2.563553 0.2850439 0.2948549 2.159933 0.4631009 0.355222 2.406854 0.2978237 0.3238781 2.153425 0.4637479 0.3959217 2.375042 0.2022429 0.1553728 2.390333 0.2138376 0.08534121 2.390609 0.1713702 0.02184583 2.341576 0.27335 0.01878343 2.434927 0.1203965 -0.5007193 2.406096 0.2783059 -0.4911137 2.660363 0.06829204 -0.8797851 2.428031 0.215629 -0.8202243 2.710204 0.1228203 -0.9437729 2.395913 0.2367887 -0.9038088 2.694678
0.2051816 0.6907947 2.362459 0.1594369 0.5083144 2.391047 0.07417221 0.3757628 2.274179 0.2891751 0.427745 2.518466 0.08428778 0.1691722 2.190451 0.3927171 0.2346268 2.56284 0.2596634 0.2599746 2.157608 0.4620565 0.3547424 2.407297 0.2948531 0.3200651 2.15296 0.4631233 0.3965919 2.37418 0.2024162 0.1552618 2.390187 0.2139955 0.08520326 2.390525 0.1714587 0.02187145 2.341432 0.2736893 0.01827202 2.435086 0.1203699 -0.500724 2.406051 0.2787337 -0.4888521 2.659283 0.06823662 -0.8803513 2.428338 0.2157771 -0.8203649 2.710189 0.1231269 -0.944149 2.395647 0.2533485 -0.8789858 2.74149
0.2056334 0.6909765 2.362313 0.1595874 0.5083967 2.390779 0.07472907 0.375275 2.274219 0.2893276 0.4278293 2.518198 0.08467423 0.1691606 2.190598 0.3935173 0.2374505 2.559968 0.2599093 0.2600262 2.156848 0.4617919 0.3550094 2.4018 0.2941583 0.3194419 2.151686 0.4623683 0.3970791 2.372607 0.2026391 0.1548512 2.389816 0.2142271 0.0846189 2.390142 0.1717568 0.02182266 2.340935 0.2737414 0.0169701 2.434861 0.1203998 -0.500748 2.406094 0.2798581 -0.4797993 2.653834 0.06823623 -0.8803527 2.428336 0.2156637 -0.8203464 2.710166 0.1236931 -0.9445789 2.395397 0.2418393 -0.8954088 2.705299
0.2058056 0.6908596 2.362371 0.159717 0.5084735 2.390539 0.07474034 0.3752781 2.274237 0.2894589 0.4279079 2.517959 0.08513986 0.16921 2.19051 0.391623 0.235919 2.560648 0.2593506 0.2612506 2.153517 0.4568256 0.3514408 2.399458 0.2927306 0.3209358 2.147032 0.4576198 0.397921 2.367069 0.2028852 0.1546516 2.389735 0.2145082 0.08433088 2.390111 0.1718638 0.02179619 2.340952 0.2740522 0.01675861 2.434865 0.1203589 -0.5015172 2.406576 0.2797884 -0.4797927 2.654015 0.06826313 -0.8814535 2.42777 0.2153651 -0.820208 2.70955 0.1239257 -0.9448907 2.395351 0.2418649 -0.8953648 2.705289
0.2064068 0.6904631 2.362918 0.1599882 0.5084056 2.390502 0.07456956 0.3755512 2.274139 0.2897324 0.4278414 2.517924 0.08485904 0.1687262 2.190092 0.3895997 0.2340438 2.56082 0.2570927 0.2633318 2.149074 0.4553149 0.3492374 2.399608 0.2920227 0.322918 2.143058 0.4554886 0.397343 2.363362 0.2030011 0.1544716 2.389642 0.2145853 0.08412416 2.390018 0.1718383 0.02181676 2.340909 0.2742558 0.01622491 2.434705 0.1201535 -0.5009359 2.405905 0.2757059 -0.4944918 2.656638 0.06870469 -0.8809479 2.427721 0.2156609 -0.8195445 2.709281 0.1240238 -0.9448593 2.395252 0.2406521 -0.8998756 2.702209
0.2066325 0.6900566 2.363297 0.160053 0.5083424 2.39055 0.07405578 0.3757113 2.273826 0.2897982 0.4277789 2.517972 0.08414919 0.168426 2.188397 0.3886046 0.2332018 2.558283 0.2535582 0.2663489 2.141986 0.4476885 0.3867415 2.351152 0.2891795 0.324456 2.13643 0.4486639 0.3984059 2.350954 0.2031078 0.1539816 2.389585 0.2146772 0.0834934 2.389939 0.1716855 0.02152387 2.340791 0.2746319 0.01537228 2.434657 0.1201589 -0.5009023 2.40587 0.2792896 -0.4834168 2.656015 0.0682698 -0.8798926 2.427691 0.2154384 -0.8201115 2.70919 0.1242149 -0.9449662 2.39564 0.241176 -0.900986 2.696225
0.206873 0.6903758 2.363814 0.1595239 0.5089771 2.390049 0.07345143 0.3759635 2.273509 0.2892716 0.4284158 2.517473 0.08352322 0.1677143 2.185573 0.3863349 0.2342788 2.557557 0.2472569 0.2698913 2.12598 0.4454875 0.333414 2.382563 0.288381 0.340374 2.11349 0.4487616 0.3978194 2.34421 0.2030733 0.1540127 2.389445 0.2146696 0.08348637 2.389842 0.171669 0.02168435 2.340689 0.2746431 0.01535353 2.434563 0.120225 -0.5009964 2.405925 0.2762887 -0.4966786 2.662602 0.06803071 -0.8803464 2.428 0.2149399 -0.8191741 2.707383 0.1241834 -0.9450358 2.395601 0.2405728 -0.9007827 2.696299
0.2068263 0.6903763 2.363818 0.1593915 0.5091528 2.389893 0.07216647 0.3768912 2.272691 0.2891402 0.4285926 2.517317 0.08327046 0.169267 2.180068 0.3912041 0.203184 2.594576 0.2395942 0.275284 2.105712 0.4430063 0.3297454 2.381737 0.2837435 0.3461907 2.095113 0.4394608 0.3905632 2.312234 0.2026321 0.1532537 2.388804 0.21409 0.08231989 2.389043 0.1708131 0.02148665 2.340579 0.2742451 0.01430192 2.432835 0.1203265 -0.5008979 2.405814 0.2801578 -0.4840709 2.660274 0.06781728 -0.8809202 2.428097 0.2147092 -0.8193586 2.7074 0.1242766 -0.9450871 2.395626 0.2407828 -0.9009935 2.696527
0.2064653 0.6902511 2.364502 0.1593423 0.5090889 2.390241 0.07107513 0.3781293 2.272629 0.2890921 0.42853 2.517667 0.08211941 0.1774353 2.169731 0.3888289 0.2047201 2.546149 0.2455676 0.2703267 2.082511 0.4351566 0.3581331 2.317169 0.2691996 0.3335624 2.049722 0.437399 0.3840777 2.298019 0.2024435 0.1528493 2.388675 0.2138361 0.08179601 2.388799 0.1702095 0.02137613 2.340592 0.2741482 0.01390018 2.432085 0.1204511 -0.5004501 2.405375 0.2804661 -0.4832966 2.660013 0.06800371 -0.8806942 2.428283 0.2146349 -0.8190589 2.707279 0.1243236 -0.9450719 2.395622 0.2395218 -0.9023973 2.693708
0.2052275 0.6906419 2.366125 0.1592388 0.5095024 2.391037 0.06999716 0.3787109 2.27224 0.2889899 0.4289462 2.518466 0.08052179 0.1798122 2.159837 0.3899533 0.220464 2.528922 0.2612331 0.2867523 2.03083 0.4337105 0.3615041 2.291131 0.2642 0.3365549 2.018109 0.4329261 0.378278 2.265999 0.2021539 0.1527676 2.388673 0.213436 0.08164778 2.388716 0.1689944 0.02154208 2.340832 0.2738262 0.01389189 2.431574 0.1206877 -0.5007337 2.405562 0.2806257 -0.4818674 2.658715 0.06765026 -0.8814313 2.429155 0.2147364 -0.8196191 2.707623 0.1243409 -0.9450798 2.395631 0.2398389 -0.9025305 2.693745
0.2027187 0.6907356 2.367318 0.1590373 0.5095752 2.391593 0.06835215 0.3802076 2.271954 0.2887894 0.4290203 2.519022 0.08220088 0.1818396 2.148587 0.3835187 0.2344011 2.539821 0.2518186 0.299732 1.974631 0.4327999 0.3547783 2.291388 0.2584691 0.3236772 1.961883 0.4319882 0.3724664 2.25224 0.2018515 0.1526747 2.388663 0.2130741 0.08153536 2.388631 0.1682944 0.02168426 2.340684 0.2735405 0.01361296 2.431366 0.1207844 -0.5003353 2.405234 0.2814876 -0.4803044 2.658843 0.06769991 -0.8810756 2.428802 0.2149667 -0.8203995 2.707834 0.1243839 -0.9450784 2.395617 0.2526876 -0.8794824 2.738473
0.201588 0.6908811 2.368251 0.1596111 0.5089464 2.395184 0.06779693 0.3804319 2.271747 0.2893659 0.428394 2.522616 0.0844135 0.1856985 2.136016 0.381721 0.2403416 2.54066 0.2096683 0.2392349 1.977129 0.4366144 0.261542 2.337558 0.2583058 0.3162941 1.907651 0.4215542 0.2826017 2.326279 0.201514 0.152667 2.389095 0.2126837 0.08160682 2.388885 0.1673924 0.02215456 2.340981 0.2733169 0.01349097 2.431382 0.1208492 -0.500662 2.405557 0.2816573 -0.4800237 2.658924 0.06734373 -0.8808807 2.429016 0.2149669 -0.8205122 2.707953 0.1201213 -0.9427975 2.396865 0.2356524 -0.9074846 2.68464
0.2002178 0.6906304 2.369917 0.1597794 0.5086153 2.399487 0.06781054 0.3804376 2.27177 0.2895361 0.4280651 2.52692 0.0876353 0.1964372 2.124757 0.3813697 0.2439083 2.536187 0.1998772 0.2137438 1.948458 0.4386869 0.2525082 2.332819 0.2522227 0.2957535 1.851177 0.4577926 0.2553748 2.269578 0.1997826 0.1530637 2.390435 0.2104802 0.08223075 2.389905 0.1638698 0.02562315 2.344794 0.2694145 0.01500759 2.430001 0.1209337 -0.5001543 2.405449 0.2811889 -0.4791052 2.657309 0.0674518 -0.8808246 2.428978 0.2147724 -0.8204837 2.707776 0.120577 -0.9428432 2.396715 0.2391203 -0.9006939 2.69219
0.1988421 0.6911909 2.372285 0.1599863 0.5087651 2.401696 0.06836375 0.3822156 2.272671 0.289744 0.4282161 2.52913 0.08990231 0.2024691 2.113888 0.3975345 0.2412348 2.488828 0.1921169 0.2111335 1.930452 0.45835 0.2278397 2.286838 0.2452783 0.2704147 1.794119 0.4786218 0.2233747 2.224056 0.1984288 0.1527767 2.391526 0.2087686 0.08187402 2.390784 0.1611156 0.02812465 2.349811 0.2663051 0.0156268 2.427823 0.1209278 -0.5000731 2.405388 0.2812258 -0.4791532 2.657339 0.06747326 -0.8805556 2.428749 0.2150694 -0.8203698 2.707322 0.1187643 -0.9420254 2.396653 0.2388515 -0.9017722 2.692319
0.198377 0.6928971 2.375451 0.1600314 0.5086526 2.404319 0.07173318 0.3829186 2.274177 0.28979 0.4281046 2.531753 0.08829527 0.2085601 2.110188 0.3974953 0.2411633 2.489043 0.1817246 0.204411 1.921604 0.455889 0.2247063 2.286536 0.2316495 0.2295268 1.757345 0.4753536 0.2192207 2.223582 0.1989735 0.1552095 2.393622 0.2095514 0.08515587 2.392782 0.1639554 0.03061332 2.348742 0.2667155 0.0177247 2.431754 0.1208595 -0.500144 2.405222 0.2810993 -0.4780627 2.656094 0.06769193 -0.8802989 2.428772 0.2150536 -0.8204094 2.707323 0.1198263 -0.9424751 2.396914 0.2389964 -0.902827 2.691281
0.1980115 0.6934839 2.376047 0.1596381 0.50879 2.404502 0.07649508 0.3828778 2.27542 0.289397 0.4282422 2.531936 0.08702426 0.2127693 2.104769 0.4090575 0.2701225 2.510045 0.1737514 0.1950569 1.913618 0.3927292 0.3018117 2.230419 0.2210964 0.1824794 1.730406 0.3658168 0.3490946 2.184094 0.2005635 0.1525428 2.394988 0.2122283 0.08106995 2.394562 0.1690366 0.02544197 2.349274 0.269136 0.01551843 2.434323 0.1205758 -0.5012235 2.405472 0.2808876 -0.4781603 2.65576 0.0672766 -0.8806918 2.428869 0.2149758 -0.8203292 2.707627 0.1209302 -0.9432465 2.397086 0.2388407 -0.9035048 2.689312
0.1977407 0.6934351 2.376165 0.1590936 0.5088811 2.404511 0.08189341 0.3818323 2.276709 0.288853 0.4283336 2.531945 0.0820249 0.2220891 2.105285 0.4088001 0.2704481 2.509944 0.163641 0.1792956 1.916013 0.4137327 0.2455356 2.299595 0.1872944 0.1877176 1.822654 0.3830895 0.3093112 2.191342 0.2008875 0.1505846 2.395507 0.2128061 0.0785151 2.395159 0.1707404 0.02331877 2.348783 0.2692171 0.01278276 2.436131 0.1204289 -0.5011598 2.405281 0.27662 -0.4913051 2.659152 0.06731034 -0.8806412 2.42881 0.2150897 -0.8206483 2.708123 0.1218509 -0.9435365 2.396679 0.2389043 -0.9005907 2.696143
0.1972612 0.6938474 2.376791 0.158649 0.5089748 2.404501 0.08414437 0.3809837 2.276748 0.2884086 0.4284276 2.531935 0.08088019 0.2220732 2.10477 0.4085716 0.2707236 2.509842 0.1598468 0.1732601 1.915875 0.4132234 0.2450117 2.299606 0.1789695 0.1923733 1.831532 0.3837855 0.3079574 2.192908 0.2004166 0.1521237 2.395941 0.2121843 0.08098459 2.395706 0.1716994 0.02670873 2.34742 0.2676507 0.01375487 2.438273 0.1204635 -0.5012222 2.405377 0.2779793 -0.4893474 2.659142 0.06722784 -0.8800653 2.42942 0.214972 -0.8203706 2.70798 0.1194391 -0.9421037 2.396467 0.2383789 -0.8989386 2.697784
0.1970583 0.6937798 2.376862 0.1580117 0.5088881 2.404207 0.08435171 0.3808995 2.276697 0.2877718 0.4283413 2.531642 0.07867585 0.2230916 2.106042 0.3882607 0.2507777 2.464744 0.1546487 0.1703937 1.916958 0.3856525 0.3048986 2.2246 0.1929469 0.2043485 1.780862 0.3836831 0.3080384 2.193097 0.199591 0.1542655 2.395896 0.2111363 0.08422144 2.395622 0.1718637 0.02978689 2.345793 0.2662944 0.01499119 2.439286 0.1203 -0.5011336 2.405327 0.274886 -0.5012542 2.664438 0.0672889 -0.8800415 2.429348 0.2151761 -0.8198196 2.708414 0.1182321 -0.9418457 2.397046 0.2361628 -0.9019281 2.691965
0.1966728 0.6941757 2.376415 0.1575624 0.5091704 2.403243 0.08455257 0.3804964 2.276656 0.2873227 0.4286239 2.530677 0.07598996 0.2215436 2.106411 0.3884885 0.2529294 2.467532 0.152643 0.1679607 1.917902 0.3769289 0.3389987 2.216504 0.1900742 0.2033616 1.794193 0.3857616 0.3090455 2.199659 0.199215 0.1553042 2.395616 0.2107031 0.08542824 2.395393 0.1717963 0.03075378 2.345298 0.2656704 0.01565576 2.439487 0.1201513 -0.5008637 2.405176 0.2743388 -0.5030553 2.663827 0.06729151 -0.8796688 2.429416 0.2151434 -0.8196203 2.708501 0.1189335 -0.9419631 2.397024 0.2363185 -0.9022123 2.690592
0.1968867 0.6935858 2.375391 0.1572866 0.5092022 2.403138 0.0849143 0.3793494 2.27639 0.287047 0.4286559 2.530572 0.07299507 0.2197222 2.106551 0.3895341 0.2545475 2.469397 0.1526501 0.1692163 1.918479 0.4089808 0.2752438 2.259502 0.1900373 0.2032497 1.798462 0.3870017 0.3102906 2.204648 0.1990801 0.1577996 2.396039 0.2106483 0.08875842 2.395949 0.17233 0.03204211 2.344167 0.2655049 0.01757476 2.442122 0.1200415 -0.5008152 2.404983 0.2792538 -0.4872779 2.660954 0.06723566 -0.8793893 2.429595 0.2148649 -0.8207737 2.70978 0.1204195 -0.9424416 2.396734 0.2367601 -0.9019881 2.688909
0.1968782 0.6934483 2.375098 0.1572004 0.5088685 2.403077 0.08515298 0.3774925 2.275746 0.2869609 0.4283223 2.530511 0.07123061 0.2168645 2.105587 0.3898213 0.2541659 2.468702 0.1537889 0.1602882 1.920769 0.3924921 0.3277002 2.202551 0.1905229 0.2033079 1.798324 0.3902875 0.3116165 2.208411 0.1986394 0.1622718 2.39626 0.2099918 0.09523679 2.396171 0.17264 0.03345171 2.338547 0.2652597 0.01937345 2.447397 0.1200273 -0.5005056 2.404886 0.2772474 -0.4967997 2.663385 0.06715276 -0.8794724 2.429365 0.214686 -0.8206736 2.709876 0.1213713 -0.9425828 2.396302 0.2614228 -0.8940389 2.725739
0.1967415 0.6926566 2.374182 0.1568009 0.5086438 2.40257 0.08533012 0.3767123 2.275644 0.2865615 0.4280979 2.530005 0.06999139 0.2130183 2.104901 0.3756384 0.2555774 2.543416 0.1549072 0.1613312 1.919703 0.4217823 0.2493294 2.337043 0.1921589 0.2041472 1.799413 0.3946125 0.3143251 2.217367 0.1986261 0.1633299 2.39604 0.2100586 0.09630476 2.39598 0.1731129 0.03379732 2.337742 0.2652415 0.02005458 2.447811 0.1199634 -0.5006377 2.404877 0.2799054 -0.472305 2.649031 0.06703831 -0.8788602 2.429051 0.2147556 -0.8210045 2.709817 0.1203117 -0.9420914 2.396281 0.251298 -0.8925663 2.717289
0.1965753 0.6923841 2.373183 0.1566999 0.5085186 2.402524 0.08530255 0.3763369 2.27559 0.2864606 0.4279728 2.529958 0.06923689 0.2096078 2.104902 0.3734021 0.2546161 2.544383 0.157991 0.1583478 1.921541 0.422216 0.2528682 2.338586 0.1974035 0.2092097 1.804245 0.4082501 0.2913086 2.27864 0.1985635 0.1640009 2.395959 0.2100088 0.09699237 2.395861 0.1733164 0.03402928 2.337038 0.2651715 0.02021294 2.448004 0.1200192 -0.5016143 2.405304 0.2797172 -0.4740041 2.64958 0.06752001 -0.8788471 2.428414 0.2151513 -0.8214211 2.709317 0.1214389 -0.942826 2.395756 0.2481586 -0.8935877 2.716415
0.1966916 0.6918093 2.371858 0.1561192 0.5082442 2.401206 0.08481982 0.3758232 2.275369 0.28588 0.4276986 2.528641 0.06633979 0.2055392 2.108211 0.3739293 0.2524013 2.537919 0.1643381 0.1891307 1.923009 0.4263241 0.2544685 2.33308 0.2198757 0.2350163 1.778641 0.4074506 0.3111839 2.250848 0.1987968 0.1644188 2.39529 0.2103518 0.09735689 2.395213 0.1737534 0.03425677 2.337731 0.2661263 0.02674929 2.441931 0.1199851 -0.5012597 2.404953 0.279821 -0.4736399 2.649617 0.0675367 -0.878852 2.428444 0.2150969 -0.8214559 2.709292 0.1223984 -0.9433306 2.395353 0.2516824 -0.8856752 2.728276
0.1964834 0.6913499 2.370771 0.1557942 0.5077618 2.400004 0.08370536 0.3749432 2.274872 0.2861735 0.4294526 2.529186 0.06483011 0.2007439 2.110672 0.3732693 0.2508024 2.53977 0.1726374 0.1679864 1.933914 0.4282696 0.2549717 2.335708 0.221319 0.2386774 1.782106 0.4091884 0.3132679 2.252196 0.1989028 0.1659588 2.394789 0.2105474 0.09927213 2.394795 0.1738662 0.03440811 2.33783 0.266385 0.02847333 2.441918 0.1199788 -0.5011219 2.40485 0.279737 -0.474467 2.650567 0.06749067 -0.8787667 2.428466 0.2150706 -0.8221623 2.70895 0.1227166 -0.9434452 2.395344 0.2530699 -0.8847642 2.730388
0.1960961 0.6912084 2.369603 0.156016 0.5076149 2.399962 0.08263568 0.3744913 2.274445 0.2876602 0.4314149 2.531166 0.0705546 0.1920747 2.102477 0.3804562 0.2302931 2.544636 0.1804988 0.1697852 1.925381 0.4236895 0.2653416 2.34072 0.2249286 0.2440293 1.78946 0.4108048 0.3193672 2.256455 0.1992076 0.1659109 2.394541 0.2108832 0.09913275 2.394448 0.1738913 0.03398513 2.33891 0.2677062 0.03007259 2.438929 0.1199724 -0.5010474 2.404724 0.2792924 -0.4770511 2.652691 0.0674993 -0.8787066 2.428402 0.21506 -0.8221675 2.708932 0.1229698 -0.9435235 2.395366 0.2534473 -0.8835059 2.733141
0.1957102 0.6901061 2.368033 0.1561525 0.507338 2.399797 0.08095537 0.3740226 2.273807 0.2881197 0.4320337 2.531794 0.07467899 0.187549 2.099332 0.3804745 0.2306549 2.544451 0.1956197 0.2071376 1.929835 0.4316232 0.2618876 2.341839 0.2339762 0.253752 1.804113 0.4161294 0.3242549 2.238519 0.1994959 0.1655784 2.394302 0.211231 0.09861682 2.394134 0.1738852 0.03308199 2.339568 0.2682979 0.02988612 2.438231 0.1199429 -0.5008307 2.404549 0.2798353 -0.4758266 2.653153 0.06746311 -0.8786979 2.428406 0.2150104 -0.8223807 2.709032 0.1231338 -0.9436834 2.395387 0.2539263 -0.8829804 2.734226
0.1952146 0.6893883 2.365678 0.1564232 0.5069785 2.399669 0.07913456 0.3734923 2.27318 0.288669 0.4324471 2.532369 0.0754016 0.1862806 2.099842 0.3804067 0.2329055 2.547177 0.218061 0.1759328 1.948934 0.4318123 0.2605081 2.344072 0.24453 0.2641607 1.832114 0.4245634 0.3384997 2.232233 0.1996411 0.1653062 2.393987 0.2113443 0.09822688 2.393711 0.1734444 0.03205514 2.339646 0.2686775 0.02965381 2.437589 0.1200031 -0.5007976 2.40469 0.2797312 -0.4765674 2.654026 0.06745089 -0.8786873 2.428373 0.2149706 -0.8224804 2.708887 0.1235139 -0.9437553 2.394936 0.2452826 -0.8924932 2.709487
0.1950981 0.6888309 2.364317 0.1563735 0.5067806 2.398837 0.07534251 0.3733339 2.272159 0.2887307 0.4328792 2.532231 0.07696766 0.1833214 2.102228 0.3802525 0.2343451 2.548816 0.2211438 0.2058325 1.954398 0.4369213 0.2637243 2.347489 0.256187 0.2844819 1.870645 0.4273304 0.3650953 2.244732 0.1996681 0.1635006 2.392983 0.2113436 0.09555326 2.392569 0.1721312 0.0296056 2.340975 0.2693853 0.02809267 2.435081 0.1198534 -0.5000838 2.404313 0.2797317 -0.476549 2.654029 0.06759775 -0.8783971 2.427955 0.2148298 -0.8223654 2.708828 0.1237183 -0.9437484 2.394861 0.250418 -0.887419 2.726769
0.1948494 0.6881857 2.362062 0.1563335 0.5064437 2.397923 0.07137559 0.3745125 2.271287 0.2887788 0.4331081 2.532053 0.07783349 0.1797204 2.109029 0.3793962 0.2337179 2.551694 0.2208884 0.2106296 1.961672 0.4429432 0.2682422 2.353472 0.2640212 0.3000829 1.901972 0.4292672 0.3708014 2.257229 0.1996845 0.1635138 2.392537 0.2113397 0.09558882 2.392184 0.1718959 0.02943287 2.340944 0.2696705 0.02822102 2.434483 0.1198312 -0.5000534 2.404253 0.2798271 -0.4764632 2.653945 0.06770582 -0.8785079 2.427958 0.2153601 -0.8226717 2.709553 0.124262 -0.9440361 2.395043 0.2443213 -0.8982563 2.70398
0.1952236 0.688043 2.360935 0.1559392 0.5054107 2.395511 0.06964409 0.374676 2.271168 0.2886538 0.4331574 2.531069 0.07755527 0.1774229 2.11717 0.3792126 0.2349258 2.551931 0.2303869 0.2198125 1.984596 0.4486184 0.2714296 2.35622 0.2760428 0.3171102 1.941899 0.4310973 0.3731325 2.261765 0.1998542 0.1621143 2.39124 0.211577 0.09404621 2.391042 0.1714873 0.02816175 2.341063 0.2705417 0.02724676 2.432837 0.1198306 -0.4996499 2.403917 0.2805901 -0.4748471 2.654653 0.06766345 -0.8785089 2.427658 0.2155824 -0.8227709 2.70963 0.1247219 -0.9443215 2.395318 0.2602082 -0.8784826 2.736545
0.1956643 0.6880115 2.359533 0.1560029 0.5050399 2.394535 0.06884513 0.3744516 2.271021 0.2887521 0.4332746 2.530606 0.0612412 0.1678686 2.15003 0.3785836 0.2341611 2.555104 0.2611316 0.2717557 2.00646 0.4538907 0.2762069 2.362972 0.280089 0.3184899 1.975274 0.4534847 0.336184 2.287121 0.199994 0.1622447 2.390815 0.2117143 0.09422944 2.39069 0.1714929 0.02803705 2.340767 0.2707742 0.02723827 2.432768 0.1201108 -0.4999022 2.404555 0.2762119 -0.4999947 2.662223 0.0675085 -0.8781512 2.427459 0.2160005 -0.823269 2.711916 0.1217867 -0.9424084 2.395543 0.2330078 -0.9115571 2.679994
0.1964029 0.6872944 2.358829 0.1562461 0.5047013 2.393399 0.06812699 0.3744074 2.271477 0.2890112 0.4334097 2.529891 0.06644337 0.1695796 2.149189 0.3794684 0.232564 2.557647 0.2303827 0.2429006 2.051614 0.457018 0.2809935 2.368115 0.2829552 0.3198547 2.011218 0.4789865 0.3255112 2.316701 0.200283 0.162237 2.390297 0.2119815 0.09425512 2.390279 0.1715312 0.0276564 2.340384 0.2713799 0.02718426 2.432586 0.1200837 -0.5000355 2.404512 0.2764837 -0.4968404 2.661069 0.06766625 -0.8781559 2.427492 0.2158745 -0.8233072 2.711483 0.1204511 -0.941792 2.395391 0.2356028 -0.9046488 2.696133
0.1966663 0.6872321 2.357511 0.1565829 0.5040934 2.392867 0.0680147 0.3741809 2.271688 0.2892902 0.4332446 2.529626 0.07100378 0.1697494 2.151003 0.3802805 0.2319103 2.558035 0.2361403 0.2467182 2.05925 0.4638847 0.290474 2.374463 0.281296 0.3073013 2.04501 0.4693901 0.3610207 2.308565 0.2007446 0.1616695 2.390045 0.2124585 0.09368841 2.390096 0.1718331 0.02680939 2.340455 0.2720889 0.02663259 2.432509 0.1200624 -0.5000276 2.404382 0.2778147 -0.4909226 2.658302 0.06796191 -0.8781717 2.427046 0.2161337 -0.8236807 2.711657 0.1218726 -0.9426529 2.395004 0.2576504 -0.8793073 2.743296
0.1971831 0.6871422 2.356295 0.1567236 0.5039449 2.392493 0.06788333 0.3740412 2.272076 0.2894523 0.4333019 2.529378 0.07410064 0.1698577 2.153978 0.3816654 0.2303889 2.566342 0.277738 0.2844521 2.079344 0.473161 0.2937712 2.38867 0.2891881 0.3121671 2.063874 0.4491259 0.3838134 2.327842 0.2009842 0.161498 2.389882 0.2127117 0.09350724 2.389976 0.1719974 0.02656405 2.340526 0.2724305 0.02647761 2.432409 0.1202851 -0.5008136 2.405015 0.2784156 -0.4897613 2.657865 0.06812426 -0.878368 2.427207 0.2162123 -0.8235897 2.711642 0.1229869 -0.9433939 2.395411 0.2335638 -0.9068189 2.677897
0.1982593 0.6866043 2.354924 0.1571129 0.5035366 2.391408 0.06807937 0.3732007 2.272316 0.2898717 0.433237 2.52852 0.07627885 0.1683191 2.158729 0.38205 0.2282017 2.569805 0.2808391 0.2868637 2.085464 0.4739297 0.2958983 2.394086 0.295011 0.3171191 2.084942 0.4503925 0.3856126 2.336502 0.2015964 0.1608595 2.389603 0.2133944 0.09277596 2.389838 0.1725879 0.02582433 2.341037 0.2730713 0.02610798 2.432204 0.1199908 -0.500375 2.404332 0.2794862 -0.4793123 2.650587 0.06822399 -0.8783972 2.427054 0.2157312 -0.8237153 2.711508 0.1235936 -0.9437602 2.395405 0.2570077 -0.8803805 2.745882
0.1989528 0.6862435 2.354805 0.157306 0.5034458 2.391263 0.06857849 0.3725554 2.272676 0.2901008 0.4332753 2.528411 0.07702255 0.1672075 2.161831 0.3961375 0.2372967 2.555224 0.2835547 0.2873886 2.098401 0.4853658 0.3069202 2.378846 0.2975797 0.3175749 2.09797 0.4524271 0.3870383 2.342166 0.2021622 0.1600944 2.389486 0.2140513 0.09180334 2.389771 0.1731205 0.02499552 2.341471 0.2736099 0.02556908 2.431991 0.1199002 -0.4999565 2.403913 0.2797882 -0.4792317 2.650617 0.06806719 -0.8778136 2.427116 0.2156803 -0.8237261 2.711465 0.1240155 -0.9439691 2.395427 0.2450551 -0.906222 2.701294
0.2003072 0.6856638 2.354245 0.1578542 0.5032721 2.390829 0.06860695 0.3725219 2.272733 0.2907005 0.4333017 2.528037 0.07814732 0.166195 2.165297 0.4029412 0.2483511 2.546626 0.2592414 0.2435988 2.129203 0.4681923 0.3594459 2.382351 0.3000136 0.3153516 2.109541 0.4541818 0.3884233 2.348784 0.2025765 0.1601071 2.389384 0.214434 0.09184916 2.389723 0.1734861 0.02476546 2.341326 0.2742462 0.02537889 2.432287 0.1199401 -0.5001739 2.404043 0.2773936 -0.4911341 2.653185 0.06807289 -0.8777596 2.427307 0.2157079 -0.8236268 2.711542 0.1242009 -0.94415 2.395601 0.2400785 -0.9088311 2.695469
0.2009741 0.6855488 2.354446 0.1581965 0.5030912 2.390916 0.06929406 0.3719426 2.273008 0.2910863 0.4332511 2.528163 0.08380384 0.166662 2.16881 0.4030652 0.2479178 2.54767 0.2628467 0.2475993 2.129068 0.4608627 0.386294 2.378377 0.3010025 0.3156432 2.115465 0.4599932 0.3911315 2.361644 0.2030976 0.1598349 2.389356 0.2149751 0.09157535 2.389683 0.174024 0.0244522 2.341419 0.2747265 0.02523003 2.432196 0.1200799 -0.5004172 2.404337 0.2796166 -0.4825026 2.651837 0.06792302 -0.8778153 2.427591 0.2156314 -0.8236864 2.7118 0.1247907 -0.9445646 2.396565 0.2393163 -0.9081531 2.690131
0.2014897 0.6855537 2.354589 0.1584522 0.5029904 2.390808 0.06984372 0.3718464 2.273283 0.2913717 0.4332531 2.528083 0.08427026 0.166516 2.169661 0.3937731 0.2390606 2.571382 0.2627259 0.2490514 2.13095 0.462006 0.3504309 2.408651 0.2999578 0.3155605 2.120439 0.4604293 0.3923579 2.363278 0.2033664 0.1597812 2.3893 0.2152349 0.09153797 2.389647 0.1744106 0.02422134 2.341226 0.2750162 0.02508729 2.432373 0.1199896 -0.500376 2.404017 0.2803578 -0.4796411 2.651129 0.06776966 -0.8787002 2.427281 0.2156145 -0.8241419 2.712129 0.124724 -0.9447194 2.396545 0.2390756 -0.9080959 2.689759
0.2018212 0.6855674 2.354453 0.1587962 0.5029532 2.390791 0.07033285 0.3716749 2.273443 0.2917804 0.4333251 2.528096 0.08432765 0.1666011 2.170198 0.3948305 0.2399213 2.569349 0.2627619 0.2492051 2.131593 0.4579979 0.3850247 2.377307 0.2996148 0.3158854 2.122376 0.4597375 0.3925321 2.364261 0.2036308 0.1598841 2.389309 0.2154864 0.09167469 2.389668 0.174724 0.02412879 2.341007 0.2753313 0.02503959 2.432762 0.1200765 -0.5007735 2.404014 0.2803356 -0.4806693 2.652241 0.06767144 -0.8803285 2.428471 0.2153964 -0.8213633 2.711171 0.1248086 -0.9447838 2.396596 0.2387232 -0.9077948 2.691276
0.2027847 0.6858096 2.354979 0.1593466 0.5029283 2.391278 0.07068232 0.3716049 2.273579 0.2924122 0.4334459 2.528663 0.08466787 0.1668322 2.170869 0.3952518 0.240683 2.568823 0.2626654 0.2505518 2.132903 0.463092 0.3553153 2.408414 0.2995985 0.3159607 2.123601 0.4592331 0.3962929 2.369163 0.2038236 0.1602835 2.389226 0.2156509 0.09225977 2.389473 0.1747202 0.02443104 2.341016 0.2755922 0.02677576 2.431828 0.1201514 -0.5004762 2.403667 0.280351 -0.4806336 2.652402 0.06775898 -0.880106 2.428613 0.2153077 -0.8216018 2.711042 0.124784 -0.9447016 2.396541 0.256206 -0.8804404 2.740975
0.2028649 0.6858584 2.354749 0.1595916 0.502865 2.391304 0.07093078 0.3714834 2.273571 0.2926808 0.4334528 2.528707 0.08481231 0.1670169 2.171562 0.3958222 0.2413373 2.566926 0.2622712 0.2516926 2.133013 0.4637898 0.3565637 2.407049 0.3031446 0.3265702 2.126604 0.4593723 0.3977055 2.373133 0.2039127 0.1604126 2.389181 0.2157198 0.09244246 2.389414 0.1747902 0.02443531 2.340819 0.2756075 0.02678839 2.431884 0.1202022 -0.5008961 2.404163 0.2803214 -0.479769 2.652162 0.06794966 -0.8794907 2.427773 0.214686 -0.8214297 2.709154 0.1251036 -0.9448559 2.396256 0.245785 -0.8933566 2.713583
0.2032493 0.6858436 2.355203 0.1596454 0.5028813 2.391248 0.07107008 0.3714382 2.273567 0.2927529 0.4335148 2.528651 0.08686993 0.1679229 2.172373 0.3940122 0.2392867 2.57025 0.2635337 0.2539464 2.132844 0.457081 0.3911141 2.383794 0.3024029 0.3252288 2.1269 0.4587107 0.3996237 2.373345 0.2039509 0.160465 2.389101 0.2157473 0.09249903 2.389337 0.1748372 0.02440619 2.34067 0.2756074 0.02678838 2.431884 0.120195 -0.5006377 2.403848 0.28104 -0.4771814 2.653037 0.06811525 -0.8791919 2.428015 0.2147442 -0.821523 2.709274 0.1250167 -0.9447683 2.396019 0.2513632 -0.8855778 2.732066
0.2037327 0.685765 2.354968 0.159731 0.5029134 2.391122 0.07110365 0.3714633 2.273576 0.2928555 0.4336018 2.528528 0.08668858 0.1678943 2.172672 0.3935706 0.2387082 2.570258 0.2624839 0.2557132 2.133291 0.4546253 0.3512276 2.405323 0.3010732 0.3240875 2.126838 0.4581001 0.4000337 2.373322 0.2039422 0.1607847 2.388684 0.2156865 0.09290705 2.388847 0.1746445 0.02445637 2.340255 0.2755961 0.02749308 2.431341 0.1203407 -0.5002546 2.403416 0.2812008 -0.4764914 2.652813 0.06810856 -0.87919 2.428025 0.2145566 -0.8221807 2.709064 0.1250167 -0.9447677 2.395957 0.2519885 -0.8844202 2.732366
0.2038044 0.685749 2.355088 0.1596774 0.5028861 2.390868 0.07110693 0.3714559 2.273579 0.2928152 0.4336309 2.528306 0.08622316 0.1680226 2.173017 0.3884315 0.2358071 2.570518 0.260695 0.2578642 2.131715 0.4534257 0.3857454 2.36967 0.3006819 0.3243161 2.126448 0.4557768 0.3988748 2.369569 0.2039997 0.1607506 2.388623 0.2157576 0.09286595 2.388806 0.1747638 0.02432174 2.340235 0.275654 0.02747139 2.431346 0.1204502 -0.5003715 2.403502 0.2812543 -0.476415 2.652783 0.06799786 -0.8789832 2.42803 0.2142274 -0.8221945 2.708371 0.1202238 -0.9424602 2.396726 0.2459957 -0.9038944 2.700494
0.2040768 0.6855512 2.355128 0.160004 0.5028133 2.39098 0.07114568 0.3714621 2.273576 0.2931607 0.4336213 2.528435 0.08579116 0.1682092 2.173429 0.3904535 0.2105178 2.614173 0.2786917 0.3039648 2.114228 0.4456362 0.3312383 2.407783 0.2967587 0.3226682 2.121171 0.4515382 0.3990003 2.360582 0.2040406 0.1607906 2.388611 0.2157771 0.09291676 2.388787 0.1747342 0.02426185 2.340159 0.2756712 0.027488 2.431361 0.1204607 -0.5008848 2.403908 0.2812496 -0.4764365 2.652817 0.06806226 -0.878999 2.427889 0.2149547 -0.8206827 2.707845 0.1218216 -0.9434764 2.396976 0.2477888 -0.9058477 2.701592
0.2041863 0.6855399 2.354949 0.1600683 0.5029022 2.3908 0.07125787 0.3716863 2.273695 0.2932381 0.4337656 2.528252 0.08546555 0.1682347 2.173511 0.3904877 0.2101322 2.612994 0.2497733 0.2657158 2.107119 0.445517 0.3311129 2.406327 0.2936953 0.3247266 2.109844 0.449118 0.398005 2.351551 0.2039841 0.1610436 2.388448 0.215678 0.0932125 2.388632 0.1745907 0.02429481 2.339756 0.2755972 0.02757503 2.431447 0.120459 -0.5007827 2.40368 0.2813453 -0.4761339 2.652236 0.06814669 -0.8788325 2.427847 0.2151324 -0.8208887 2.707788 0.122335 -0.9439144 2.396809 0.2449651 -0.9045589 2.701168
0.2049811 0.6857038 2.35591 0.1600496 0.5030659 2.390613 0.07104804 0.3724006 2.273725 0.2932255 0.4339938 2.52806 0.08546121 0.1689687 2.172707 0.3938658 0.2059612 2.600188 0.2498806 0.2439585 2.077659 0.4465857 0.285586 2.412868 0.283983 0.3248108 2.083374 0.4462546 0.39718 2.334261 0.2039754 0.1610648 2.388436 0.215669 0.093221 2.38863 0.1744647 0.0244425 2.340077 0.2755502 0.02769831 2.431333 0.1204236 -0.5008707 2.403681 0.2813604 -0.4765284 2.652699 0.06821024 -0.8800357 2.427097 0.2154031 -0.8205081 2.707502 0.1229725 -0.944284 2.396676 0.2436135 -0.9055198 2.698895
0.2055759 0.6856866 2.356613 0.1602511 0.5036665 2.390407 0.07052157 0.3732283 2.273786 0.2934564 0.4347181 2.527858 0.08649337 0.1712173 2.169527 0.3937703 0.2057489 2.598155 0.2360391 0.2612491 2.061989 0.4427208 0.284542 2.409354 0.2787017 0.3244289 2.053565 0.4362634 0.3865728 2.307437 0.2039023 0.1613123 2.388437 0.2155489 0.09342733 2.388659 0.1738904 0.02499099 2.340824 0.2753888 0.02815723 2.431051 0.120437 -0.5006753 2.403533 0.281341 -0.476452 2.652836 0.06835429 -0.8798034 2.427284 0.2156596 -0.8197684 2.707676 0.123133 -0.9442819 2.396647 0.2409401 -0.9051415 2.691115
0.205488 0.6859333 2.35695 0.1603964 0.5041808 2.39049 0.06906489 0.3764724 2.274279 0.2936222 0.4353298 2.527968 0.07992961 0.1738812 2.164755 0.3956802 0.2076649 2.52741 0.2545303 0.2545951 2.024348 0.4526681 0.3200965 2.360806 0.2675788 0.3178881 2.005867 0.4520268 0.3493875 2.295616 0.2036983 0.1613055 2.388492 0.2151687 0.0933103 2.388736 0.1726291 0.02506059 2.341558 0.2750908 0.0280353 2.43088 0.1204146 -0.5003691 2.403348 0.2815393 -0.4745298 2.653299 0.06825163 -0.8794446 2.427362 0.2152013 -0.8207105 2.707912 0.1232857 -0.9441752 2.396536 0.2407545 -0.9035223 2.689835
0.2052154 0.685943 2.358239 0.1609961 0.5046588 2.391473 0.06890084 0.3768244 2.274203 0.2942498 0.4358813 2.529008 0.07521098 0.1765897 2.158967 0.3797378 0.2270977 2.534083 0.2469612 0.2898474 1.973328 0.454532 0.2916459 2.348617 0.2550368 0.3095012 1.960529 0.4210298 0.372927 2.246106 0.2034428 0.161139 2.388767 0.2147024 0.09297606 2.389019 0.1708232 0.02495047 2.343469 0.2747305 0.02806003 2.430438 0.1203912 -0.5003576 2.40333 0.2769044 -0.4957554 2.662338 0.06832026 -0.8794509 2.427384 0.2153517 -0.8216226 2.708972 0.1236882 -0.9444108 2.396482 0.2415025 -0.9042068 2.693198
0.205486 0.6869106 2.360399 0.1618164 0.5055101 2.392845 0.06855391 0.3783879 2.274384 0.2950909 0.4368047 2.530426 0.08065969 0.1891606 2.130292 0.3869419 0.2408315 2.509957 0.2081919 0.2463828 1.964763 0.4421932 0.2720341 2.308551 0.2445592 0.2973963 1.911613 0.4377643 0.3106605 2.248591 0.2030579 0.1612803 2.389411 0.2141006 0.09302334 2.38965 0.1693498 0.02535087 2.344883 0.2744022 0.0281432 2.430514 0.120431 -0.5004737 2.403576 0.2778855 -0.4899036 2.661201 0.06813363 -0.8798295 2.428223 0.2155203 -0.8211462 2.708938 0.12433 -0.9447879 2.396742 0.2384722 -0.9039736 2.688474
0.2080355 0.6885052 2.364565 0.1616297 0.5076129 2.39372 0.06881786 0.3812739 2.274545 0.2948998 0.4389921 2.531326 0.08248708 0.2007526 2.121461 0.3863118 0.2412933 2.509642 0.1942433 0.2110421 1.944465 0.4401128 0.2645203 2.30667 0.2412956 0.2830309 1.84548 0.4347225 0.298492 2.244022 0.2023334 0.1626456 2.390411 0.2132937 0.09422701 2.390644 0.1679193 0.03141051 2.352492 0.2719558 0.0329662 2.428079 0.1204245 -0.5002714 2.403551 0.278324 -0.4878879 2.661961 0.06810367 -0.8796174 2.428243 0.2154633 -0.821279 2.708931 0.1245206 -0.9448387 2.39663 0.2390013 -0.9035783 2.689126
0.2091465 0.6888705 2.36766 0.1616963 0.5079018 2.394871 0.07016359 0.3833745 2.274805 0.2949668 0.4393012 2.532486 0.08020791 0.2106291 2.117948 0.3860657 0.2456092 2.506037 0.1826807 0.2055244 1.934746 0.4418204 0.2566912 2.302537 0.2312239 0.2608729 1.779437 0.4361588 0.2917615 2.240521 0.2020788 0.1624006 2.391604 0.2129809 0.09384394 2.391857 0.1677907 0.03246095 2.357432 0.2714914 0.03345945 2.427503 0.1203905 -0.5004991 2.403715 0.2796063 -0.4850908 2.66313 0.06817631 -0.8807896 2.428161 0.2153301 -0.8206807 2.708848 0.1249596 -0.945289 2.396626 0.2387165 -0.904259 2.688526
0.211278 0.690672 2.372472 0.1614758 0.5087998 2.39661 0.07536248 0.3853573 2.276678 0.2947452 0.4402236 2.534235 0.05481529 0.2365483 2.120648 0.4066259 0.2516654 2.428919 0.163466 0.2023669 1.942339 0.3949407 0.2870539 2.205866 0.2290198 0.2481901 1.759208 0.3905776 0.3002675 2.127672 0.2020934 0.165264 2.394335 0.2130989 0.09718083 2.394794 0.169393 0.03447194 2.35694 0.2705041 0.03576045 2.432936 0.1203273 -0.5005298 2.40381 0.2800983 -0.4810972 2.663258 0.06799934 -0.8795961 2.428055 0.2154266 -0.8208712 2.709669 0.1248064 -0.9452265 2.396317 0.2540615 -0.8804777 2.737448
0.2118025 0.6920958 2.375023 0.1612305 0.5092274 2.396959 0.08042878 0.3860961 2.277263 0.2944978 0.4406635 2.534586 0.05439827 0.2381549 2.121249 0.3936602 0.2765962 2.433941 0.1535176 0.1963004 1.932544 0.3842289 0.2999406 2.160921 0.2066263 0.2125752 1.792049 0.390204 0.2998587 2.129362 0.2023738 0.1651857 2.395251 0.2135834 0.09692314 2.395965 0.1719273 0.03066839 2.352978 0.2722481 0.03312583 2.443012 0.1202968 -0.5005938 2.404023 0.280053 -0.4810485 2.663079 0.06830665 -0.8795081 2.427977 0.2150633 -0.8207694 2.709104 0.1248961 -0.9452448 2.396239 0.2483465 -0.888101 2.72235
0.2118126 0.6928207 2.376288 0.1614022 0.5093182 2.397426 0.0840026 0.3857313 2.277917 0.2946699 0.4407607 2.535053 0.07020506 0.2390097 2.102073 0.3963661 0.2702431 2.431061 0.1535324 0.1899168 1.915485 0.3813329 0.3043623 2.152908 0.2062893 0.2117217 1.791525 0.3867349 0.3019299 2.133011 0.2031076 0.1645237 2.396653 0.2144773 0.09599845 2.397593 0.1729674 0.02945137 2.352181 0.2734488 0.03095428 2.446758 0.1202458 -0.5005982 2.404024 0.2799775 -0.480732 2.663043 0.06833727 -0.8795363 2.428023 0.2148661 -0.8212946 2.708883 0.1250004 -0.9452252 2.395818 0.2525891 -0.8836585 2.731333
0.2111078 0.6935499 2.377094 0.1613678 0.5096991 2.397713 0.08749612 0.3842705 2.278141 0.2946356 0.4411504 2.535342 0.07004039 0.2371314 2.100101 0.4032987 0.2567663 2.44241 0.1563208 0.1912568 1.887595 0.3827921 0.3024432 2.165405 0.2049925 0.2097092 1.790728 0.3858637 0.3166603 2.141852 0.2034431 0.1667191 2.398541 0.2149311 0.09870952 2.399906 0.1757976 0.03279942 2.351697 0.2722892 0.03056069 2.450051 0.1202216 -0.5006547 2.404679 0.2801958 -0.4795809 2.662561 0.06832395 -0.8795037 2.428016 0.2147967 -0.8212891 2.708842 0.1250252 -0.9452323 2.395862 0.256294 -0.8878846 2.730369
0.2095504 0.6941996 2.376397 0.1610946 0.5099645 2.397592 0.08835436 0.3838831 2.278197 0.3053961 0.4346147 2.545993 0.06914535 0.2333838 2.099394 0.4046496 0.2545368 2.444075 0.1553762 0.1890409 1.891347 0.4214401 0.238229 2.233682 0.2044697 0.2094071 1.791114 0.3916287 0.3089598 2.15707 0.2016046 0.1735394 2.398264 0.2125825 0.1078514 2.399499 0.1739999 0.03695294 2.346489 0.2713592 0.03280957 2.451434 0.1201594 -0.5004905 2.404821 0.280021 -0.4788426 2.662029 0.06829691 -0.8794168 2.427963 0.21481 -0.8215088 2.708967 0.1250154 -0.9452591 2.39593 0.2556173 -0.8850106 2.733729
0.2095846 0.694169 2.376396 0.1610619 0.5099986 2.39772 0.08847867 0.3834043 2.278195 0.3143674 0.4160158 2.542495 0.06810603 0.2303891 2.100294 0.3881218 0.2328079 2.499907 0.1553366 0.1892177 1.890967 0.4178217 0.2449447 2.290757 0.2041705 0.209602 1.791393 0.3976081 0.2978631 2.181341 0.2012908 0.175 2.398095 0.2121594 0.1094867 2.399086 0.1728297 0.03772125 2.343211 0.2713388 0.03295406 2.451585 0.120001 -0.5008175 2.405 0.280033 -0.4786513 2.662005 0.0682077 -0.8806399 2.427739 0.2150409 -0.8214915 2.709484 0.1250888 -0.9453642 2.395902 0.2463777 -0.8909426 2.712621
0.2096295 0.6942562 2.376253 0.1609859 0.5100534 2.397637 0.08825012 0.3828865 2.278006 0.3153147 0.413703 2.541084 0.0667547 0.2270255 2.102391 0.3933239 0.2342406 2.483381 0.1559081 0.1897639 1.890199 0.4201169 0.2461202 2.273811 0.2027987 0.2109768 1.79563 0.3977588 0.3041808 2.182367 0.2010209 0.1755198 2.397793 0.2118698 0.1099589 2.398743 0.1719237 0.03792445 2.342009 0.2713277 0.03300292 2.451548 0.1199911 -0.5008287 2.405002 0.2773365 -0.491793 2.664344 0.06765347 -0.8797193 2.428315 0.2146296 -0.8212212 2.709178 0.1202423 -0.9430884 2.396158 0.2454532 -0.8908777 2.712728
0.2077306 0.6950916 2.374758 0.1599743 0.5104841 2.397203 0.08811809 0.3821402 2.277843 0.3149628 0.4127781 2.540133 0.06665461 0.2212129 2.103767 0.3927891 0.23199 2.490961 0.1560221 0.1899158 1.890857 0.4229001 0.2483813 2.282215 0.200989 0.2117508 1.802396 0.3997787 0.3078597 2.192213 0.2005884 0.1762296 2.397395 0.2115583 0.1105617 2.398358 0.1715963 0.03809774 2.340889 0.2712682 0.03316838 2.451553 0.1201089 -0.5015204 2.405493 0.2766401 -0.5004538 2.667143 0.06759024 -0.8795552 2.428055 0.2146774 -0.8216164 2.709694 0.1208238 -0.9432533 2.396018 0.2451097 -0.8914842 2.712247
0.2063853 0.6952088 2.373917 0.1599396 0.5103645 2.397383 0.08894268 0.3806444 2.27811 0.3155799 0.4111126 2.540194 0.06632347 0.217522 2.104886 0.3884589 0.2270295 2.507159 0.1554314 0.1900217 1.897274 0.4042227 0.2903886 2.286167 0.1855982 0.1968068 1.833481 0.4096152 0.2963092 2.246687 0.2006291 0.1765945 2.397299 0.2116276 0.1110406 2.398156 0.1717924 0.0382064 2.339612 0.2713374 0.03320494 2.451614 0.1201039 -0.5015444 2.405416 0.2762982 -0.5003404 2.666712 0.06772322 -0.879463 2.427781 0.2146406 -0.8219667 2.709717 0.1217333 -0.9437113 2.395782 0.2521093 -0.8860193 2.727236
0.2055548 0.6953108 2.373129 0.1593848 0.5103074 2.39705 0.08862577 0.3802549 2.277904 0.3157483 0.4097583 2.539882 0.06719675 0.2135525 2.104179 0.3822002 0.2231753 2.511169 0.1547456 0.1871389 1.914844 0.4412202 0.2901082 2.320702 0.2004645 0.2166778 1.816411 0.4228083 0.2586275 2.319662 0.2004003 0.1767389 2.397035 0.2114488 0.1111513 2.3979 0.1716252 0.03814607 2.339243 0.2712708 0.0331372 2.451488 0.1201092 -0.5016887 2.405473 0.2757957 -0.5009322 2.666809 0.06772231 -0.8810085 2.429181 0.2148177 -0.8217268 2.710129 0.1220379 -0.943961 2.396071 0.2412988 -0.8980336 2.703613
0.2051762 0.6954233 2.372509 0.1594145 0.5101908 2.397124 0.08862276 0.3798466 2.277879 0.3169487 0.4079739 2.540396 0.06736766 0.2118039 2.104018 0.3771487 0.2395391 2.59869 0.1569062 0.1870559 1.915456 0.4255405 0.2494639 2.343143 0.2162528 0.2262828 1.757723 0.413403 0.3006723 2.268857 0.2003266 0.1787567 2.396631 0.2113164 0.1139723 2.397238 0.1715438 0.03875009 2.337668 0.2714216 0.03437562 2.451639 0.1203717 -0.5019722 2.405912 0.2785373 -0.4888117 2.664459 0.06784545 -0.8808155 2.429074 0.2146859 -0.8216637 2.709982 0.1224574 -0.9440098 2.395855 0.2418991 -0.8935688 2.707341
0.2037435 0.694559 2.37102 0.159144 0.5100374 2.396645 0.08838914 0.3793192 2.277959 0.3171614 0.4070829 2.539825 0.06532572 0.2052931 2.107789 0.389788 0.2232577 2.525612 0.1592232 0.1903915 1.920416 0.4305206 0.2542433 2.320654 0.2175128 0.2266272 1.760878 0.4092674 0.3499954 2.196964 0.2002403 0.1788887 2.396484 0.2112597 0.1140571 2.397146 0.1715198 0.03875872 2.337627 0.2714014 0.0344313 2.451588 0.1205011 -0.5017054 2.406 0.2806723 -0.4779593 2.659907 0.06785026 -0.8802623 2.428711 0.2147247 -0.8217289 2.709662 0.1226595 -0.9439945 2.3953 0.2393658 -0.8962511 2.704381
