0.2027823 0.6864148 2.350531 0.1600651 0.5069933 2.387094 0.06100705 0.3765355 2.27274 0.33959 0.3646906 2.545555 0.07648547 0.1693667 2.180391 0.3872068 0.2004127 2.623813 0.2348476 0.2868326 2.155996 0.4378807 0.3627412 2.404143 0.2723143 0.3507477 2.142532 0.4423996 0.4219517 2.359349 0.1946405 0.1603568 2.389669 0.2073506 0.09218004 2.387445 0.1530467 0.02463868 2.335792 0.2795638 0.008359483 2.433458 0.1197842 -0.499295 2.40449 0.2812699 -0.4771196 2.655712 0.06777685 -0.8780749 2.428581 0.2149877 -0.8231617 2.710398 0.1237759 -0.9438754 2.395774 0.2374493 -0.9048779 2.684897
0.2027421 0.6860989 2.350587 0.1600809 0.5069761 2.386997 0.0610992 0.3765413 2.272778 0.3396093 0.3646522 2.545457 0.07742335 0.1693825 2.181754 0.3875232 0.2002773 2.62138 0.2343671 0.2884782 2.15494 0.4379691 0.3644668 2.40315 0.2716815 0.3490791 2.143523 0.4410643 0.4227332 2.361022 0.1942039 0.1603095 2.390074 0.2073533 0.09218927 2.38742 0.1530611 0.02445151 2.335212 0.2795783 0.007928488 2.433929 0.1198666 -0.4990907 2.404368 0.2812376 -0.4767074 2.655644 0.06779299 -0.8776494 2.42831 0.2145406 -0.8232916 2.709819 0.1237762 -0.9439585 2.395384 0.2404074 -0.8988906 2.696137
0.2026712 0.6860487 2.350591 0.1601296 0.5069798 2.386998 0.0611635 0.3765649 2.272788 0.3396627 0.3646419 2.545459 0.07808555 0.1696233 2.182243 0.3865582 0.1997679 2.619172 0.2340554 0.2896534 2.15258 0.4378377 0.3650917 2.402083 0.2721682 0.3497784 2.143057 0.4400041 0.4167627 2.362396 0.1937197 0.1592989 2.390301 0.2071891 0.09071314 2.387167 0.1525375 0.02365013 2.335726 0.2794491 0.006801764 2.43292 0.1200371 -0.4996172 2.405373 0.2813655 -0.4757657 2.655198 0.06788149 -0.8775746 2.42811 0.2146247 -0.8225795 2.710045 0.1238507 -0.9439917 2.395404 0.2388527 -0.9004215 2.693595
0.2026555 0.6859839 2.350599 0.1600928 0.5070068 2.386822 0.06118463 0.3765899 2.27283 0.3396304 0.3646439 2.545291 0.07830464 0.1694538 2.182632 0.3862914 0.1996256 2.617952 0.2347333 0.2906841 2.149466 0.4354445 0.3648505 2.400275 0.272713 0.3498163 2.140936 0.4387081 0.4116324 2.3597 0.1934953 0.157709 2.390572 0.2074126 0.08847205 2.387206 0.1526234 0.02250838 2.336504 0.2796002 0.004693643 2.432466 0.1200641 -0.4996668 2.40537 0.2812802 -0.476171 2.654904 0.06735357 -0.87832 2.428249 0.2147384 -0.8223274 2.710206 0.1238558 -0.9441457 2.395388 0.2383705 -0.8999372 2.695205
0.2025818 0.6860771 2.350799 0.1601453 0.5069394 2.386621 0.06106164 0.3765251 2.272829 0.3396881 0.3645477 2.545087 0.07841767 0.1694002 2.182657 0.3852828 0.1983366 2.617142 0.2352059 0.291306 2.142545 0.432813 0.3596027 2.395961 0.273072 0.3500372 2.134622 0.439296 0.4071652 2.350088 0.1931273 0.1571944 2.390612 0.2073391 0.08796116 2.386914 0.152246 0.02212351 2.33674 0.2796966 0.00427463 2.43152 0.1199191 -0.4995306 2.405213 0.2804929 -0.4775566 2.654522 0.06735475 -0.87828 2.428253 0.2146372 -0.821247 2.709542 0.1213246 -0.9426651 2.396105 0.237699 -0.9029055 2.694457
0.2024613 0.6860878 2.350873 0.1603348 0.5066428 2.386286 0.06082077 0.3764399 2.272859 0.3398905 0.3642013 2.544742 0.07849929 0.1694628 2.182586 0.39041 0.1787897 2.563205 0.2367419 0.2791472 2.125363 0.435966 0.3666037 2.365227 0.2721159 0.3484692 2.122445 0.4382995 0.3984664 2.336214 0.1930125 0.1562707 2.3907 0.2074793 0.08700315 2.386764 0.1520772 0.02138157 2.337103 0.2800652 0.003151006 2.431001 0.1199103 -0.4995028 2.40507 0.2809584 -0.474195 2.654508 0.06784692 -0.8780953 2.427902 0.2147152 -0.8202379 2.708107 0.1218944 -0.9429452 2.395877 0.2364324 -0.9056 2.68409
0.201152 0.6856099 2.350357 0.1603342 0.5065671 2.386301 0.06030056 0.3762027 2.273033 0.3398914 0.3640994 2.544762 0.07734948 0.1691627 2.18196 0.3849496 0.1902144 2.635635 0.2351215 0.2736648 2.112149 0.4290011 0.3091752 2.386982 0.2711607 0.3445745 2.10622 0.4328745 0.3916685 2.315184 0.1927043 0.1558828 2.390839 0.2074181 0.08662985 2.386582 0.1517135 0.02083823 2.337137 0.280174 0.00287721 2.430552 0.1198936 -0.4994789 2.404996 0.2813327 -0.4749446 2.655786 0.06784031 -0.8780996 2.427896 0.2149465 -0.8215593 2.709115 0.1225116 -0.943373 2.395688 0.23626 -0.9066795 2.68055
0.2011261 0.6856495 2.350315 0.1602923 0.5065695 2.386333 0.06008694 0.3760405 2.273521 0.33985 0.3640925 2.544796 0.0762554 0.1702822 2.18021 0.3890624 0.183082 2.579536 0.2334615 0.2507577 2.07841 0.4252925 0.3133626 2.368481 0.2653745 0.3318912 2.084963 0.4209692 0.3740789 2.294192 0.1925133 0.155859 2.391105 0.2075022 0.08666453 2.386592 0.1521808 0.0215686 2.339509 0.2805637 0.004904698 2.428263 0.1198391 -0.499176 2.404788 0.2813705 -0.4748516 2.655781 0.06777187 -0.8772595 2.427975 0.2147235 -0.8221635 2.709261 0.1226847 -0.943368 2.395617 0.2374327 -0.9064296 2.682562
0.2016791 0.6858643 2.351681 0.1603328 0.5064839 2.386562 0.05982428 0.3761329 2.273962 0.3398946 0.363983 2.545039 0.06625719 0.1692643 2.177838 0.3844897 0.1720411 2.507031 0.2232173 0.2429381 2.069915 0.4168689 0.3104197 2.346031 0.2579194 0.3207105 2.05383 0.4185113 0.3473357 2.286711 0.1924018 0.1557224 2.391374 0.207638 0.08657473 2.386587 0.1521963 0.02143116 2.339512 0.2808885 0.004809671 2.428209 0.1198268 -0.4991773 2.404786 0.2813304 -0.4750693 2.655832 0.0678411 -0.8773593 2.427905 0.2149369 -0.8213988 2.709168 0.1229592 -0.9435561 2.395742 0.2367535 -0.9067657 2.681372
0.2015349 0.6859124 2.352576 0.160362 0.505874 2.386935 0.05928234 0.3763078 2.274338 0.3399282 0.3633183 2.545431 0.05976631 0.1702334 2.174257 0.3841425 0.1712861 2.507813 0.2529582 0.2823159 2.025855 0.4028007 0.2987595 2.304976 0.2484547 0.3098121 2.021431 0.4124707 0.3238849 2.255796 0.1921705 0.1556656 2.391631 0.2076372 0.08657724 2.386586 0.1520047 0.02186117 2.340696 0.2807561 0.005383997 2.426918 0.1198042 -0.4989749 2.404655 0.281381 -0.4751211 2.655887 0.06784647 -0.877293 2.427583 0.2152559 -0.8212565 2.70944 0.1232008 -0.9436867 2.395857 0.2368408 -0.9067402 2.683013
0.1999609 0.6870714 2.353179 0.1605607 0.5056733 2.388015 0.05765257 0.3781531 2.275405 0.3401319 0.3630867 2.546522 0.053268 0.1728135 2.166033 0.3829349 0.1708497 2.507333 0.2206412 0.2867545 1.978386 0.4029166 0.2910264 2.290923 0.2400731 0.3188573 1.960152 0.414996 0.3196396 2.226558 0.1918565 0.1551383 2.392096 0.2075437 0.08606093 2.386624 0.1510179 0.02101203 2.345479 0.280244 0.005958981 2.421991 0.1197966 -0.49898 2.40466 0.2813239 -0.4754897 2.656031 0.06790464 -0.877239 2.427438 0.2152745 -0.8213956 2.709431 0.1233965 -0.9437345 2.395895 0.2370878 -0.9067023 2.683283
0.1989172 0.6874241 2.353786 0.1605307 0.505537 2.389403 0.05744007 0.3786049 2.275789 0.3401047 0.3629225 2.547915 0.05127966 0.1765532 2.155022 0.3804727 0.1708464 2.500882 0.1876601 0.2802404 1.936665 0.3956236 0.2472638 2.305974 0.2202799 0.3018273 1.898092 0.3926659 0.290692 2.17524 0.1911581 0.1548123 2.392619 0.2071197 0.08579442 2.386674 0.1496348 0.02044453 2.345236 0.280156 0.005937722 2.422007 0.119867 -0.4987883 2.404492 0.2811798 -0.4771472 2.656553 0.0679515 -0.8770911 2.427425 0.2151293 -0.8215553 2.709391 0.1234542 -0.9437475 2.395917 0.23951 -0.8978946 2.694422
0.1983766 0.6878138 2.355095 0.1592527 0.5054963 2.392446 0.05903115 0.3782339 2.276461 0.3388307 0.3628469 2.550957 0.06088995 0.1897946 2.117833 0.3707175 0.172223 2.484546 0.1646278 0.2190793 1.938959 0.3740051 0.3023299 2.237865 0.1936645 0.2670443 1.846894 0.3894417 0.2876334 2.167251 0.1906094 0.1573359 2.394066 0.2067496 0.08941283 2.388034 0.150926 0.02480626 2.346898 0.2778033 0.01476839 2.423167 0.1198903 -0.499159 2.404672 0.2814125 -0.4761004 2.656038 0.06771851 -0.8777122 2.427786 0.2152646 -0.8218281 2.710674 0.1234601 -0.9437396 2.39574 0.2558869 -0.8777229 2.742817
0.1984306 0.6878318 2.358665 0.1585133 0.5054256 2.394907 0.06281814 0.3783858 2.277131 0.3380936 0.3627532 2.553419 0.06027196 0.190303 2.11717 0.3746416 0.1952344 2.42909 0.1507445 0.1743423 1.928957 0.3737938 0.3111429 2.214634 0.1820451 0.2561049 1.807595 0.3880076 0.2796523 2.161523 0.1907376 0.1587265 2.395347 0.2071724 0.09122244 2.38925 0.1557037 0.02594127 2.335964 0.2785244 0.003878798 2.443839 0.1198955 -0.4991421 2.404677 0.2814544 -0.4772834 2.658067 0.0677117 -0.8775854 2.428006 0.2149966 -0.8214716 2.71029 0.1234988 -0.9437307 2.395731 0.2556282 -0.8772913 2.742545
0.1971981 0.688768 2.361088 0.1583214 0.5057135 2.396188 0.06681187 0.3784617 2.277788 0.3381921 0.3627602 2.553264 0.05856612 0.194064 2.114406 0.3600418 0.176165 2.466361 0.1610999 0.2505887 1.860944 0.3769912 0.2682705 2.202818 0.1809434 0.254385 1.80501 0.3865596 0.2792932 2.162292 0.1914551 0.1587829 2.396179 0.2081694 0.0912495 2.390046 0.1573482 0.02587502 2.337233 0.2793184 0.0048366 2.442873 0.1199023 -0.4989273 2.404664 0.28146 -0.4772514 2.658469 0.06779994 -0.8776125 2.42844 0.2150642 -0.8216243 2.710214 0.1236321 -0.9438012 2.395727 0.2418626 -0.9010011 2.6912
0.1969157 0.6903602 2.364158 0.1577662 0.506305 2.397373 0.06906033 0.3789977 2.277896 0.3382219 0.3669546 2.555095 0.05442429 0.2104241 2.11573 0.3637232 0.1808162 2.468278 0.1586093 0.2486102 1.859405 0.3776212 0.2683297 2.202931 0.1781918 0.2483691 1.80154 0.3856401 0.2779227 2.162242 0.1915703 0.1620164 2.39778 0.2085711 0.09525692 2.391692 0.1579996 0.02718699 2.337363 0.2792007 0.009561789 2.443557 0.1199067 -0.4989372 2.404669 0.2813071 -0.476665 2.658258 0.0675396 -0.8770933 2.428141 0.2150658 -0.8216474 2.710163 0.1236527 -0.9437528 2.395612 0.2417509 -0.8982023 2.698319
0.19646 0.6911782 2.366126 0.1577538 0.5063912 2.398757 0.07049548 0.3787907 2.27771 0.3372165 0.3706183 2.556578 0.05029949 0.2188188 2.118308 0.3647129 0.1849851 2.469152 0.155027 0.2450161 1.860662 0.3777176 0.2677791 2.202198 0.1755968 0.2420316 1.798377 0.3834267 0.2772474 2.157896 0.1919836 0.1634268 2.399168 0.2091281 0.0969376 2.393084 0.1590779 0.02841107 2.337088 0.2792702 0.01025862 2.445232 0.1199034 -0.498959 2.404684 0.2814691 -0.4762986 2.657948 0.06789383 -0.8770733 2.428 0.213923 -0.819709 2.707987 0.1237104 -0.9437973 2.39558 0.2413241 -0.897621 2.697564
0.1967053 0.6915439 2.368107 0.1577526 0.5062154 2.400112 0.07213809 0.3785039 2.277986 0.3367505 0.3720714 2.557521 0.04863247 0.2200473 2.119378 0.3820072 0.2028144 2.440243 0.143032 0.2026603 1.876486 0.3804985 0.2794839 2.171059 0.1624612 0.2160982 1.823421 0.3831848 0.2793231 2.157506 0.1922459 0.1628949 2.399715 0.2094808 0.09629128 2.393566 0.1594987 0.02843181 2.337493 0.2793064 0.0101219 2.445167 0.1199086 -0.4989617 2.404691 0.2813962 -0.4766976 2.658378 0.06799013 -0.8771026 2.428022 0.2139697 -0.8197555 2.708029 0.1238397 -0.9438757 2.395558 0.2515987 -0.8784693 2.73874
0.1966421 0.6915872 2.368413 0.15767 0.5062191 2.400173 0.07268025 0.3782474 2.277905 0.3366256 0.382128 2.56316 0.0460483 0.2188928 2.120415 0.3730152 0.1985078 2.47439 0.1432665 0.2024318 1.875713 0.3857469 0.2555846 2.200454 0.1717837 0.2226875 1.776868 0.3849089 0.2843611 2.152983 0.1922145 0.161945 2.400107 0.2095747 0.09484512 2.394145 0.1595536 0.02818707 2.338741 0.279249 0.009560536 2.44481 0.1199253 -0.4991944 2.404732 0.2813092 -0.4760247 2.658163 0.06774894 -0.8768736 2.427813 0.2140134 -0.8201081 2.708265 0.1238931 -0.9439483 2.395438 0.2520593 -0.8785757 2.738926
0.1966668 0.6915663 2.36855 0.1576815 0.5062503 2.400583 0.07304056 0.3778557 2.27788 0.3363737 0.3825402 2.562797 0.04548023 0.2166298 2.119886 0.3765546 0.1947526 2.491305 0.1256262 0.1860379 1.928722 0.3865456 0.2517623 2.217262 0.1714118 0.2214616 1.782656 0.3868513 0.2865469 2.154292 0.1921735 0.1622618 2.400335 0.2095093 0.09524658 2.394325 0.1596017 0.02850138 2.338638 0.2790452 0.009832391 2.444933 0.1197939 -0.4997978 2.40458 0.28236 -0.4725088 2.657529 0.06756295 -0.8766862 2.428204 0.2138903 -0.8208498 2.708409 0.1239456 -0.9440493 2.395447 0.2596306 -0.8805091 2.748981
0.19671 0.6916209 2.368648 0.1576069 0.5063533 2.400542 0.07342976 0.3773727 2.278022 0.3356562 0.383541 2.561239 0.04515899 0.2159417 2.120334 0.3767074 0.194728 2.495277 0.1260609 0.1827436 1.930005 0.3931528 0.2801493 2.229488 0.1719537 0.2201577 1.781936 0.3914225 0.2932518 2.164013 0.192285 0.1632531 2.400416 0.2096725 0.09654652 2.394403 0.1601448 0.02865434 2.33865 0.2786143 0.0124104 2.444648 0.1196872 -0.4998299 2.404452 0.2820342 -0.4736557 2.657609 0.06770527 -0.876696 2.427685 0.2143746 -0.8216178 2.708454 0.1239652 -0.944075 2.395457 0.240499 -0.9024301 2.687137
0.1967101 0.6916568 2.368644 0.1573495 0.5063038 2.400764 0.07424155 0.3763801 2.277912 0.3341471 0.3883147 2.563853 0.04708626 0.2118014 2.11766 0.377392 0.1991844 2.502098 0.1341967 0.1675009 1.932823 0.3930836 0.2794791 2.234609 0.1736006 0.217258 1.78443 0.4040516 0.2746983 2.226443 0.1922697 0.1665874 2.401035 0.2098749 0.1013249 2.395131 0.1617177 0.02987514 2.338031 0.2778053 0.01652184 2.446112 0.1196177 -0.4990427 2.404043 0.2823603 -0.4714392 2.656479 0.06765684 -0.8767007 2.427709 0.2150209 -0.8239478 2.710458 0.1240593 -0.9441465 2.395428 0.2395619 -0.903783 2.684094
0.1966256 0.6914441 2.368682 0.1574573 0.5062197 2.401175 0.07481925 0.3756606 2.277901 0.3339352 0.3881117 2.564005 0.04784824 0.20894 2.117751 0.3827693 0.20536 2.481796 0.1363328 0.1709099 1.932131 0.4155924 0.2466556 2.278236 0.1748856 0.209452 1.787316 0.4014447 0.3026677 2.181657 0.1918838 0.1696087 2.400903 0.2092147 0.1053381 2.394657 0.1618399 0.03098646 2.336785 0.2762812 0.02172639 2.445804 0.1196085 -0.4991205 2.404048 0.2819088 -0.4738941 2.656424 0.06766562 -0.8766825 2.427794 0.2149977 -0.8238884 2.710375 0.1241217 -0.9441835 2.395348 0.2387613 -0.9029022 2.686482
0.1965282 0.6913878 2.368608 0.1573769 0.5061458 2.401158 0.07630497 0.3740203 2.278255 0.3249257 0.3899817 2.553157 0.04967788 0.2014714 2.1181 0.3873264 0.2104758 2.474091 0.1411928 0.1652311 1.9337 0.4192569 0.2479951 2.269614 0.1779484 0.2004697 1.809161 0.4020841 0.3044921 2.183125 0.1919065 0.1696344 2.400927 0.2092435 0.1053459 2.394682 0.1629882 0.03131762 2.335521 0.2759268 0.02133873 2.447132 0.1195706 -0.4991713 2.403965 0.281579 -0.4737571 2.655676 0.06756776 -0.8766451 2.427818 0.2149927 -0.8238922 2.710379 0.1242792 -0.944307 2.395321 0.2557305 -0.8795504 2.743634
0.1966341 0.6914183 2.368534 0.156496 0.5063715 2.400432 0.07679377 0.3735904 2.27851 0.3242181 0.3885044 2.550355 0.05060825 0.1986321 2.117804 0.39019 0.2099097 2.472621 0.1479701 0.15578 1.938253 0.3974236 0.2863473 2.260123 0.1809091 0.2025425 1.811488 0.4036627 0.3041446 2.185472 0.1918861 0.1701187 2.400997 0.2092973 0.1057597 2.394828 0.1640015 0.03193644 2.334204 0.2758548 0.02066929 2.449673 0.1195239 -0.4992339 2.403944 0.2809659 -0.4750264 2.655468 0.06734424 -0.8774453 2.428354 0.2149191 -0.8233973 2.710038 0.1244347 -0.9445335 2.395409 0.2555325 -0.879559 2.743367
0.1966656 0.6914177 2.368496 0.1564805 0.506382 2.400411 0.07674876 0.373548 2.278502 0.3229219 0.3906368 2.549032 0.05098782 0.1982205 2.118278 0.3901202 0.2056528 2.532715 0.1507718 0.1571465 1.939741 0.4196046 0.2414594 2.327549 0.2007121 0.2251471 1.820039 0.4090488 0.3064978 2.197799 0.1919761 0.1689099 2.401068 0.2094659 0.1035408 2.394991 0.1642178 0.03273066 2.338174 0.2752201 0.02045474 2.446517 0.1194949 -0.4990691 2.403863 0.2809858 -0.4749457 2.65548 0.06730396 -0.8774555 2.428392 0.2146798 -0.823465 2.709064 0.1246596 -0.9447183 2.395322 0.2555733 -0.8794396 2.743213
0.1966418 0.6912898 2.367248 0.1565006 0.5062998 2.399924 0.07641817 0.3735253 2.278346 0.3222253 0.3918114 2.547287 0.05540472 0.1939969 2.116977 0.3867507 0.2066697 2.500614 0.1672755 0.2045052 1.941457 0.4336006 0.2508756 2.300747 0.2138787 0.2435775 1.827218 0.4146354 0.3090932 2.218625 0.1920658 0.1684279 2.400935 0.2095539 0.102824 2.394889 0.1642551 0.03263225 2.338191 0.2751855 0.01996733 2.446284 0.1195105 -0.4988643 2.403825 0.2809001 -0.4763368 2.656044 0.06744214 -0.877108 2.42849 0.2146916 -0.8240911 2.709896 0.1246704 -0.944644 2.395231 0.2555471 -0.879239 2.742981
0.1967252 0.6917262 2.366378 0.1562623 0.5065517 2.397936 0.07419513 0.3752878 2.277179 0.3210947 0.3936299 2.543872 0.05970735 0.1870154 2.116821 0.3858137 0.2082601 2.500275 0.1895286 0.1778172 1.95523 0.4350699 0.2608423 2.303237 0.2227815 0.2607935 1.850777 0.4158821 0.3091152 2.220164 0.1913068 0.1647031 2.398888 0.2084882 0.09741991 2.39264 0.1617491 0.03152167 2.342639 0.2733857 0.01947476 2.432566 0.1194227 -0.4989286 2.403858 0.280992 -0.4741864 2.655039 0.06762349 -0.8771967 2.428427 0.2145992 -0.8241013 2.709786 0.124683 -0.9446441 2.395217 0.2558777 -0.8791559 2.742494
0.1971565 0.6917298 2.365783 0.1566456 0.5066351 2.396798 0.07098152 0.3760438 2.275887 0.3211975 0.394376 2.542416 0.06025663 0.1806611 2.12299 0.3831314 0.2073378 2.51215 0.1877728 0.2275648 1.966648 0.4345614 0.2631021 2.316664 0.2351673 0.2920588 1.89171 0.425701 0.3169735 2.239121 0.1914762 0.1623564 2.397574 0.2085353 0.09446456 2.391252 0.1609807 0.02927046 2.341756 0.2740005 0.01660208 2.431923 0.1194076 -0.4989588 2.403837 0.2808846 -0.4746934 2.655074 0.06761242 -0.8770297 2.428215 0.2145921 -0.8240862 2.709856 0.1247228 -0.9446294 2.395199 0.2560417 -0.8788947 2.742755
0.1963491 0.6914897 2.362735 0.1570167 0.5064057 2.39523 0.06685284 0.3790442 2.275629 0.3212777 0.3946807 2.540738 0.05854214 0.1708397 2.140489 0.3834431 0.2077029 2.51224 0.19742 0.232616 2.001476 0.4395392 0.2738527 2.321691 0.2376792 0.3174723 1.934709 0.4246788 0.3595385 2.239472 0.1914786 0.1592811 2.395954 0.2083491 0.0907736 2.38959 0.1592623 0.02624166 2.341373 0.2748778 0.0139079 2.430181 0.1194849 -0.4992778 2.404227 0.2808315 -0.4744332 2.654951 0.06780579 -0.8770121 2.428261 0.2143379 -0.8232216 2.709635 0.1246047 -0.9444108 2.395027 0.2488815 -0.8895087 2.724359
0.1955728 0.6910945 2.360586 0.157376 0.5072242 2.393608 0.06555025 0.3787219 2.275409 0.3213952 0.3961366 2.53883 0.06034394 0.1705772 2.14768 0.400994 0.205285 2.557578 0.2015009 0.2416194 2.01636 0.4262528 0.2739984 2.361023 0.2338664 0.3179554 1.986055 0.4259947 0.3719138 2.266388 0.1916558 0.159275 2.395613 0.2084574 0.09072424 2.389324 0.1590461 0.02587857 2.341152 0.275407 0.01413946 2.42997 0.1194528 -0.4992824 2.404192 0.280959 -0.4746717 2.65547 0.06761022 -0.8770844 2.428499 0.2143327 -0.8231267 2.709474 0.1247251 -0.9445736 2.395149 0.2518044 -0.8859495 2.730753
0.1965264 0.6903596 2.358671 0.1575022 0.5074684 2.391822 0.06510632 0.3783824 2.275395 0.3213111 0.3967357 2.536976 0.06234893 0.1673398 2.159751 0.3928428 0.1993975 2.572105 0.2043786 0.2594656 2.04531 0.4280016 0.2875659 2.385818 0.2295883 0.3220357 2.015314 0.4270057 0.3878335 2.294805 0.1920698 0.1584678 2.394799 0.2089088 0.08978184 2.388619 0.1588866 0.02480759 2.341102 0.2764663 0.0141528 2.429115 0.1195945 -0.5004449 2.40499 0.280337 -0.4774847 2.658477 0.06758018 -0.8772418 2.42856 0.2143539 -0.8231558 2.709525 0.1248103 -0.9445976 2.395142 0.242575 -0.8954341 2.709703
0.1974616 0.6892648 2.357208 0.1577265 0.5077813 2.390497 0.06488195 0.3778252 2.27544 0.3213917 0.3972973 2.535622 0.06434949 0.1675391 2.167546 0.3923658 0.1973131 2.57233 0.2138003 0.2618715 2.066809 0.4255655 0.3235409 2.399775 0.2351443 0.341519 2.049393 0.4273408 0.3958846 2.318812 0.1927118 0.1575921 2.394206 0.2096683 0.08865681 2.388117 0.1591346 0.02360689 2.341511 0.277703 0.01419672 2.428214 0.1195432 -0.5004117 2.40491 0.2803613 -0.4774685 2.658314 0.0675687 -0.8772767 2.428598 0.2145588 -0.8239348 2.710615 0.1250213 -0.9447078 2.395259 0.2414873 -0.9001133 2.697849
0.197248 0.6878268 2.353874 0.1580413 0.507651 2.389549 0.06443726 0.3772009 2.275439 0.3215916 0.3973281 2.534735 0.06607762 0.1653895 2.177693 0.3917882 0.1950309 2.575183 0.2192687 0.2667449 2.092784 0.426744 0.3246411 2.402933 0.2524709 0.3578994 2.073937 0.4299529 0.4000063 2.338949 0.1929217 0.1569935 2.393393 0.2098208 0.08804855 2.387362 0.1588888 0.02296226 2.341229 0.2781766 0.01406574 2.427205 0.1195539 -0.5007927 2.404839 0.2805137 -0.4772103 2.658158 0.06765731 -0.8797548 2.429255 0.2145626 -0.8239323 2.710491 0.1252402 -0.9452542 2.395415 0.2548366 -0.8845176 2.733076
0.1977086 0.6875033 2.352502 0.1583582 0.5074282 2.388685 0.06361939 0.3765925 2.275115 0.3218099 0.3972458 2.533926 0.06879742 0.1652672 2.181993 0.3764452 0.2095378 2.531698 0.2211656 0.2776089 2.113769 0.4356262 0.346925 2.389861 0.2460613 0.3433805 2.099835 0.4342169 0.4016061 2.352521 0.1930565 0.1570424 2.393044 0.209905 0.08814216 2.387068 0.1587767 0.02267247 2.340551 0.2783587 0.01407655 2.427201 0.1198791 -0.5018152 2.406028 0.2805604 -0.4773516 2.658229 0.06783992 -0.8798495 2.429124 0.2141208 -0.8204514 2.707134 0.1224898 -0.9436603 2.395334 0.2327333 -0.9074689 2.676695
0.1988665 0.6871457 2.351255 0.1585245 0.5073075 2.388145 0.06355537 0.37641 2.274964 0.3219154 0.3972171 2.533408 0.07000532 0.1652451 2.185643 0.3802466 0.1956182 2.602413 0.2233467 0.2770768 2.119131 0.4303648 0.3350454 2.412714 0.2483955 0.3435573 2.109987 0.437224 0.4126397 2.363702 0.1932945 0.1569986 2.392527 0.2101397 0.08815661 2.386576 0.1588821 0.02199844 2.339926 0.2788797 0.01454392 2.426751 0.1198954 -0.5018142 2.406053 0.2806136 -0.4772431 2.657564 0.06785568 -0.8797637 2.429234 0.21407 -0.8205383 2.70767 0.1228307 -0.9437779 2.395211 0.2386988 -0.8994403 2.697359
0.1992914 0.6860057 2.349887 0.1588442 0.5072694 2.387638 0.06338219 0.3762082 2.274716 0.3221748 0.3972597 2.532916 0.07095266 0.1651613 2.187514 0.3768657 0.1882907 2.590988 0.2272606 0.2757663 2.127516 0.4304437 0.3365383 2.418463 0.2607807 0.3507708 2.126014 0.4369286 0.4150733 2.367793 0.1932175 0.1566732 2.392303 0.2102458 0.08785652 2.386138 0.1586758 0.02136019 2.339992 0.279287 0.01486504 2.42558 0.1200594 -0.5017278 2.406226 0.2807598 -0.4771815 2.657682 0.06795539 -0.8796459 2.428805 0.2146102 -0.818828 2.706784 0.1237093 -0.9441884 2.39518 0.2358897 -0.9035196 2.682442
0.2009311 0.6864073 2.349699 0.1589214 0.5073373 2.387295 0.06342389 0.376175 2.274642 0.3222197 0.3973891 2.532556 0.07158965 0.1652641 2.189234 0.376165 0.1847713 2.589915 0.2344205 0.2691922 2.136871 0.4305268 0.3370467 2.425346 0.2613025 0.3481875 2.130106 0.4367598 0.4171866 2.369841 0.1931737 0.1572015 2.392457 0.210413 0.08868708 2.386211 0.159401 0.02214677 2.337592 0.2795894 0.0137438 2.429901 0.1201614 -0.5013918 2.405788 0.280883 -0.4771346 2.657644 0.06792963 -0.87959 2.428632 0.2146331 -0.8190585 2.706154 0.1240959 -0.9442159 2.395197 0.2535652 -0.8793039 2.734472
0.2010725 0.6859463 2.349386 0.1591071 0.507412 2.386917 0.06323318 0.37617 2.274363 0.3223723 0.397521 2.532173 0.07308914 0.1658354 2.190224 0.3822077 0.189023 2.64949 0.2368122 0.2685626 2.138408 0.4296836 0.3365008 2.428904 0.2678417 0.351658 2.136663 0.4363186 0.4152471 2.371211 0.1931959 0.1573118 2.391924 0.2106133 0.0888712 2.385405 0.1594848 0.02148925 2.338024 0.2799993 0.01872842 2.423201 0.1203081 -0.5016659 2.406264 0.2784781 -0.4937028 2.664709 0.06796072 -0.8796207 2.428587 0.2145477 -0.8194613 2.706278 0.120976 -0.9426407 2.395772 0.2379283 -0.9012664 2.690604
0.2010954 0.6858947 2.34934 0.1591332 0.507448 2.386729 0.06320595 0.3762329 2.274285 0.3223778 0.3975947 2.531974 0.07477449 0.1666913 2.190723 0.3739635 0.215531 2.560072 0.2391571 0.2687295 2.139968 0.4357551 0.3498364 2.416241 0.2672997 0.3520917 2.138838 0.4358291 0.416566 2.37099 0.1931238 0.1562992 2.391938 0.2107266 0.08745732 2.385293 0.1593191 0.02097647 2.338298 0.2802445 0.0162939 2.42358 0.1203692 -0.5016503 2.406287 0.2790983 -0.4923282 2.66517 0.06800581 -0.8796017 2.428579 0.2148546 -0.818765 2.706464 0.1218775 -0.9429893 2.395851 0.2353221 -0.9038978 2.684417
0.2011668 0.6859373 2.349382 0.1588091 0.5075982 2.385745 0.06316231 0.3761562 2.273831 0.3219974 0.3978259 2.530959 0.0757321 0.1668241 2.190767 0.3742178 0.2155313 2.557628 0.2398332 0.2691781 2.139699 0.4366114 0.3505745 2.414871 0.2664166 0.35166 2.138534 0.436295 0.4150199 2.370655 0.1931396 0.1573148 2.391945 0.2109225 0.08897561 2.385433 0.159987 0.02179901 2.33705 0.2803864 0.01626282 2.427785 0.1203369 -0.5013044 2.40581 0.2800393 -0.4884617 2.663746 0.0681451 -0.8792471 2.428705 0.2150848 -0.8192922 2.707185 0.1220624 -0.9429904 2.395595 0.2374591 -0.9007916 2.699809
0.2013624 0.6860254 2.349677 0.1587726 0.5076663 2.385588 0.06365964 0.3754783 2.273281 0.3219413 0.3979275 2.53079 0.07654411 0.1667637 2.190684 0.3743012 0.2156824 2.55745 0.2401719 0.2695457 2.138788 0.4359446 0.3881373 2.369642 0.266002 0.3519755 2.136677 0.4343451 0.4150724 2.367949 0.193072 0.1570736 2.391925 0.2109332 0.08860902 2.385387 0.1599883 0.02174848 2.337062 0.280265 0.01559636 2.427865 0.1204029 -0.5012565 2.405701 0.278246 -0.4949725 2.664135 0.0681068 -0.8790478 2.428663 0.2150813 -0.8193638 2.707131 0.1224712 -0.9431886 2.395517 0.2372124 -0.9010575 2.700517
0.2012928 0.6860748 2.349776 0.1588597 0.5076703 2.38562 0.06339223 0.3756182 2.273003 0.3220127 0.3979473 2.530821 0.0767941 0.1668389 2.190484 0.3741904 0.2155145 2.556972 0.2385257 0.2715403 2.135888 0.4357808 0.3882051 2.368016 0.262005 0.3486872 2.132591 0.4345407 0.4082977 2.359711 0.1928262 0.1562305 2.39183 0.2106069 0.08739864 2.385118 0.1590454 0.02132775 2.337899 0.2799408 0.01410083 2.426224 0.1204552 -0.5019561 2.406269 0.2793895 -0.4881319 2.662048 0.06813551 -0.8790644 2.428744 0.2150657 -0.8195492 2.707027 0.1200927 -0.9420748 2.395698 0.2372979 -0.9005071 2.701507
0.2014124 0.6861637 2.349972 0.1588957 0.5076954 2.385652 0.0631708 0.3756588 2.272782 0.322043 0.3979875 2.530856 0.07799168 0.1669444 2.189314 0.3815627 0.1908122 2.609206 0.2361945 0.2748128 2.129497 0.4283145 0.3623026 2.39704 0.2564755 0.3466965 2.122959 0.4339209 0.4061684 2.356819 0.192708 0.1557806 2.391885 0.2105191 0.08678703 2.385082 0.1586234 0.02094744 2.338331 0.2799495 0.01362318 2.425894 0.1205114 -0.5020553 2.406465 0.2799318 -0.4841786 2.660301 0.06814857 -0.879091 2.428735 0.2149757 -0.8195233 2.707033 0.1214534 -0.9424661 2.395288 0.2526409 -0.8820911 2.739604
0.2013073 0.6861662 2.350133 0.1590351 0.5076841 2.385766 0.06308907 0.375432 2.272494 0.3221631 0.397998 2.530965 0.07882641 0.1674479 2.187489 0.3798375 0.1867479 2.627852 0.2332814 0.2772071 2.120068 0.4243335 0.3489676 2.407542 0.2526247 0.3440992 2.10958 0.4323692 0.4012665 2.345877 0.1923783 0.1553208 2.391964 0.2101133 0.0861866 2.385058 0.1576605 0.02044622 2.338601 0.2795879 0.01303 2.425713 0.1207517 -0.5023115 2.406658 0.2808629 -0.4827051 2.660369 0.06819161 -0.8791869 2.429272 0.2151079 -0.8190266 2.707237 0.1219064 -0.9427466 2.395503 0.2362357 -0.9071474 2.684639
0.2009952 0.6861731 2.350356 0.1592588 0.5078768 2.386238 0.0630495 0.3753894 2.272439 0.3223689 0.398231 2.531448 0.07887898 0.1678841 2.184678 0.3828537 0.1877717 2.611323 0.2324331 0.2656168 2.09578 0.4241532 0.3484104 2.389125 0.2567588 0.3527232 2.0787 0.432004 0.3981622 2.332725 0.1922004 0.1553405 2.392129 0.2099913 0.08623685 2.385115 0.1573115 0.02062052 2.338883 0.2794099 0.01311803 2.425669 0.1207001 -0.5022332 2.406412 0.2812455 -0.4817488 2.660044 0.06821823 -0.8790424 2.429185 0.2150523 -0.8194466 2.707404 0.1223076 -0.9429209 2.395203 0.2565702 -0.8752244 2.738485
0.2007348 0.6868916 2.351385 0.1595237 0.5079235 2.386628 0.06304031 0.3753479 2.272391 0.322614 0.3983071 2.531837 0.07941574 0.1709461 2.178955 0.38616 0.2067899 2.542444 0.2310904 0.2612133 2.077925 0.4274287 0.3702622 2.322467 0.2528674 0.3480225 2.064578 0.4307999 0.3908165 2.303856 0.1919633 0.1552096 2.392337 0.209785 0.08609361 2.385201 0.1567407 0.02055862 2.339208 0.279217 0.01298547 2.425636 0.1205867 -0.502018 2.406095 0.2811448 -0.4817759 2.659802 0.06836698 -0.8788103 2.428422 0.2148338 -0.8190684 2.707514 0.1206603 -0.9420642 2.395173 0.2388215 -0.9067938 2.697958
0.2004736 0.6878784 2.353304 0.159466 0.5080183 2.386798 0.06270053 0.376065 2.272766 0.3225417 0.3984268 2.532018 0.07843963 0.1725883 2.173508 0.3869786 0.207824 2.535835 0.2242761 0.252507 2.054366 0.4272485 0.365471 2.311196 0.2442334 0.3372845 2.030979 0.4324602 0.3885709 2.285085 0.1915707 0.1554614 2.392535 0.2094104 0.08645924 2.385264 0.1563434 0.0210021 2.339313 0.278739 0.013336 2.425659 0.1204657 -0.5015991 2.405877 0.2811344 -0.4794622 2.657022 0.06840261 -0.8788371 2.428362 0.2148868 -0.8194399 2.707885 0.1221251 -0.9428735 2.395503 0.2377195 -0.9078557 2.686808
0.1994593 0.688287 2.354023 0.1595258 0.5081034 2.387086 0.06272808 0.3766812 2.273062 0.3225907 0.3985335 2.532311 0.07620197 0.1755788 2.159656 0.3892778 0.2133748 2.513231 0.2203548 0.2443384 2.030803 0.4353569 0.3417677 2.270726 0.238505 0.3295251 2.003243 0.4368349 0.368752 2.239091 0.1900557 0.1583294 2.392208 0.2074647 0.09070025 2.384293 0.1556423 0.02139048 2.339121 0.2746003 0.02373787 2.422346 0.1205015 -0.5010469 2.405738 0.2815245 -0.4774397 2.656997 0.06834085 -0.8787037 2.428316 0.2148012 -0.8195116 2.707711 0.1226637 -0.9430383 2.395588 0.235846 -0.9081873 2.677492
0.1983929 0.6891921 2.354711 0.1596558 0.5078931 2.387604 0.06267036 0.3770393 2.272984 0.3227039 0.3983518 2.53282 0.0744762 0.1790821 2.146377 0.3933404 0.2151255 2.491144 0.2017748 0.2605587 1.992311 0.4379427 0.3407991 2.24686 0.2238401 0.3071896 1.960133 0.4382485 0.3570228 2.225706 0.1892757 0.1585019 2.392414 0.2067094 0.09096306 2.384223 0.15008 0.02445652 2.358866 0.2696907 0.03565487 2.400254 0.120504 -0.5009745 2.405643 0.2813984 -0.4776339 2.657036 0.06835576 -0.8786392 2.428263 0.2146263 -0.8198932 2.707369 0.1230279 -0.9430796 2.395233 0.2382358 -0.8991181 2.701268
0.1976716 0.6894026 2.355626 0.1593865 0.5081385 2.388205 0.0627227 0.3771146 2.272881 0.3224142 0.3986274 2.533436 0.07493494 0.182622 2.132035 0.4033186 0.2232416 2.468303 0.1912653 0.2524444 1.97569 0.4345894 0.3229475 2.209605 0.2149186 0.2956891 1.913164 0.435033 0.3288312 2.206526 0.1888997 0.1577178 2.393704 0.2064204 0.0896321 2.385906 0.1504005 0.02494555 2.360993 0.2706203 0.03152863 2.404147 0.1208575 -0.5013683 2.405972 0.2814029 -0.4774538 2.657545 0.06813131 -0.8803856 2.427848 0.2152735 -0.8193523 2.708444 0.1235272 -0.9435374 2.39521 0.2348698 -0.9042823 2.678028
0.1972603 0.6891966 2.357244 0.1589707 0.5080978 2.388657 0.06300312 0.3774552 2.27266 0.3219831 0.3986056 2.533893 0.07927662 0.1925345 2.105407 0.4070985 0.2405233 2.426285 0.1991369 0.2887269 1.874169 0.4206741 0.3024603 2.211857 0.2117865 0.3023523 1.849713 0.4261506 0.3178507 2.151534 0.1879161 0.1564678 2.394905 0.2054237 0.08789049 2.387367 0.1498388 0.02525836 2.36359 0.270143 0.02928834 2.405255 0.1206851 -0.5009325 2.405897 0.2814447 -0.4770821 2.657478 0.06829938 -0.8803284 2.428077 0.2154648 -0.8191066 2.708745 0.123772 -0.9436301 2.395402 0.235732 -0.9049242 2.681221
0.196974 0.6895331 2.358275 0.1583227 0.5081074 2.389487 0.0644099 0.3786257 2.272568 0.3213185 0.3986379 2.534728 0.08042513 0.1996679 2.100487 0.4079558 0.2336721 2.444328 0.1840675 0.261826 1.849452 0.4236356 0.3048936 2.174481 0.2040342 0.2723602 1.805984 0.4236672 0.3096123 2.15636 0.1877423 0.1560093 2.395678 0.2054656 0.08734015 2.388243 0.1507604 0.02596443 2.364044 0.2700537 0.02734453 2.408247 0.1206749 -0.5005746 2.406042 0.2814922 -0.4765151 2.658519 0.06816152 -0.8801753 2.428161 0.2152371 -0.8194872 2.708959 0.1243684 -0.9440137 2.395697 0.2362754 -0.9046264 2.681377
0.196017 0.6895732 2.359364 0.1581873 0.5079625 2.390421 0.06805424 0.3801823 2.272136 0.3211742 0.3985116 2.535657 0.07730543 0.2078829 2.09963 0.4001844 0.2181597 2.50859 0.1616972 0.228578 1.834198 0.4132662 0.2857552 2.23764 0.2179441 0.2903644 1.821628 0.4184096 0.3041397 2.157845 0.1878109 0.1631262 2.39927 0.20597 0.09750742 2.392808 0.1570805 0.0325552 2.34785 0.2709797 0.02620141 2.449572 0.1206636 -0.5002914 2.406034 0.2817497 -0.4764485 2.660302 0.06820341 -0.8796012 2.428283 0.2152359 -0.8194025 2.70891 0.1245058 -0.9440196 2.395415 0.2404443 -0.8965092 2.699456
0.1957715 0.6900238 2.359862 0.1577988 0.507939 2.390459 0.07150768 0.3818471 2.272116 0.320776 0.398498 2.535694 0.0747796 0.2144196 2.100171 0.4073801 0.2270467 2.465773 0.1810237 0.266955 1.848014 0.4137555 0.2941731 2.19447 0.1949592 0.2510323 1.773847 0.4147852 0.2999856 2.161272 0.187831 0.1653256 2.400146 0.2063212 0.09996404 2.393923 0.1594318 0.03411867 2.344565 0.2709462 0.02573328 2.450455 0.120497 -0.4999585 2.406042 0.2818503 -0.4775425 2.662608 0.06824648 -0.8793015 2.428329 0.2151747 -0.8194525 2.709193 0.1200517 -0.9420535 2.39585 0.2405725 -0.8944397 2.701454
0.195927 0.6902548 2.36045 0.1574898 0.508018 2.390508 0.07409982 0.3824665 2.272465 0.3204576 0.3985868 2.535744 0.06985763 0.2200092 2.103125 0.4026475 0.2205407 2.491691 0.1751629 0.2525297 1.847042 0.4185398 0.2868424 2.293401 0.1913078 0.2424835 1.778672 0.4099835 0.2964255 2.166606 0.187974 0.1663538 2.400831 0.206677 0.1009783 2.394758 0.1608968 0.03494889 2.342571 0.2712437 0.0240496 2.452708 0.1204094 -0.4996593 2.406149 0.2818157 -0.4765821 2.662367 0.06817972 -0.8788545 2.428255 0.2153522 -0.8216333 2.709516 0.1210536 -0.9425555 2.395671 0.2409193 -0.8974854 2.695666
0.1956415 0.6905321 2.360745 0.1574716 0.5079467 2.390601 0.07523526 0.3824183 2.272057 0.3204379 0.3985215 2.535835 0.06727669 0.2218963 2.104696 0.4019701 0.2248487 2.465077 0.1497609 0.1987294 1.885094 0.4289028 0.2490472 2.257979 0.1843168 0.2321839 1.77657 0.408993 0.2963758 2.164974 0.188044 0.1666154 2.401261 0.2067941 0.1011985 2.395244 0.1611397 0.0350134 2.34216 0.2712961 0.02273983 2.45364 0.1203457 -0.499905 2.406406 0.2817647 -0.476604 2.662434 0.06818371 -0.8786752 2.427521 0.2150205 -0.8229764 2.710704 0.1197663 -0.9416063 2.395144 0.2559763 -0.8810575 2.754817
0.1955692 0.6907076 2.36058 0.1572163 0.5077276 2.390394 0.07548782 0.3818834 2.271497 0.3201806 0.3983112 2.535629 0.06471325 0.2145722 2.101459 0.391714 0.2150606 2.515657 0.1364282 0.1738615 1.909128 0.4221249 0.2428183 2.307117 0.1807823 0.2257597 1.776459 0.4116724 0.2700537 2.247663 0.1880575 0.1666322 2.401308 0.2068649 0.1012003 2.395359 0.1613711 0.03482614 2.34176 0.2714884 0.02212292 2.45381 0.1204097 -0.5008615 2.407156 0.281725 -0.4757895 2.662064 0.06825999 -0.8795161 2.42802 0.2148067 -0.8225417 2.710603 0.1202392 -0.9421403 2.395252 0.2562826 -0.8804194 2.750598
0.1955529 0.6907391 2.360539 0.1567421 0.5076153 2.390309 0.07602063 0.3808272 2.271043 0.3197012 0.3982064 2.535542 0.06184711 0.2144995 2.103956 0.3902622 0.2145906 2.515359 0.1428715 0.1874062 1.910427 0.424438 0.2427543 2.309985 0.1675911 0.2072166 1.824676 0.4120039 0.2705598 2.247595 0.1880385 0.166575 2.401318 0.2069203 0.1010664 2.395426 0.1616117 0.03511826 2.342304 0.271358 0.0223974 2.452034 0.1203815 -0.5009174 2.407124 0.2812147 -0.4763024 2.662428 0.06833366 -0.8793522 2.427968 0.2146836 -0.8224843 2.710388 0.1210247 -0.942471 2.395066 0.2558336 -0.879343 2.748954
0.1955345 0.6906315 2.360459 0.1565377 0.5074615 2.390435 0.07626095 0.3796923 2.27075 0.3194956 0.3980588 2.535667 0.05888025 0.2160454 2.109243 0.3910644 0.2148302 2.514827 0.1398252 0.1853013 1.918912 0.4244149 0.2438128 2.309448 0.168168 0.2065845 1.824464 0.4126359 0.3022512 2.176242 0.1879552 0.1667631 2.40143 0.2068711 0.1012578 2.395532 0.1617245 0.03491657 2.340811 0.2712318 0.02149942 2.452794 0.1203819 -0.5007037 2.407225 0.2821357 -0.4750684 2.664053 0.06840573 -0.8793448 2.428096 0.2143928 -0.8222946 2.710938 0.1191612 -0.9415761 2.395364 0.2388427 -0.9012781 2.684645
0.1954566 0.69075 2.360518 0.1564199 0.5073317 2.390627 0.07657162 0.3784169 2.270408 0.3193764 0.3979344 2.535859 0.05990935 0.2104577 2.105297 0.3911908 0.2149175 2.517512 0.144359 0.1811516 1.916388 0.4244122 0.2430804 2.312007 0.1739973 0.2067806 1.804666 0.4179654 0.2772256 2.253646 0.1881033 0.1663922 2.401503 0.2071526 0.100648 2.395581 0.1619495 0.03497928 2.341702 0.2716803 0.02157487 2.44998 0.1203835 -0.5010364 2.407529 0.2820438 -0.4751012 2.663696 0.06822688 -0.8791813 2.42821 0.2145025 -0.8222991 2.710834 0.1203046 -0.9421445 2.395169 0.2406031 -0.8968509 2.697513
0.1954052 0.6906219 2.360294 0.1562417 0.5071098 2.390936 0.07639432 0.3775553 2.270151 0.3191965 0.3977189 2.536166 0.06318497 0.1994984 2.09892 0.3914095 0.2148477 2.517181 0.1487239 0.1788476 1.909324 0.4256745 0.2440903 2.312038 0.1753093 0.2071614 1.806203 0.418123 0.3051765 2.202394 0.1880682 0.1655037 2.401397 0.2071538 0.09932297 2.395289 0.1619304 0.03486509 2.342042 0.2711786 0.02021553 2.446543 0.120556 -0.5015385 2.408125 0.2819602 -0.4756019 2.663438 0.06835656 -0.8791187 2.428108 0.2146744 -0.820657 2.709423 0.1218909 -0.9430537 2.395439 0.2370921 -0.8984634 2.686196
0.1953266 0.6904992 2.36018 0.1562227 0.5070755 2.391121 0.07639135 0.3768975 2.270121 0.319176 0.397688 2.536351 0.06508531 0.1951134 2.097929 0.3922979 0.2152865 2.51931 0.152746 0.1801001 1.908823 0.433255 0.2769 2.323396 0.1765886 0.2071711 1.806968 0.4188035 0.3053734 2.204859 0.1883873 0.1662271 2.401514 0.207588 0.1003245 2.395351 0.1629018 0.03515477 2.340442 0.2716405 0.02013306 2.447471 0.1207781 -0.5018023 2.408731 0.2786852 -0.4961736 2.668936 0.0684574 -0.8788938 2.428071 0.2149407 -0.8206027 2.709562 0.1220934 -0.9431434 2.395193 0.2316716 -0.9026959 2.681496
0.1952566 0.6903495 2.359275 0.1561045 0.5069242 2.391058 0.07742621 0.375657 2.270701 0.319057 0.3975409 2.536288 0.06609602 0.1906741 2.098929 0.3909805 0.2149572 2.523548 0.1660901 0.1772673 1.916428 0.4349701 0.247065 2.320896 0.1813944 0.2069723 1.860098 0.421024 0.3078728 2.205888 0.1888091 0.1685432 2.401215 0.2082568 0.1037612 2.394968 0.1645695 0.03574337 2.337578 0.2721087 0.02175655 2.448925 0.1207594 -0.5016509 2.408603 0.2790702 -0.4857738 2.664407 0.06813099 -0.8783606 2.427972 0.2149392 -0.8209471 2.709694 0.1223526 -0.943368 2.395143 0.2569121 -0.8785817 2.73643
0.1950882 0.6898367 2.358798 0.1560504 0.5068844 2.39107 0.07748639 0.3751221 2.270683 0.3190024 0.3975029 2.536299 0.06848749 0.1871816 2.097972 0.3954282 0.2162314 2.508767 0.1740128 0.1959901 1.918574 0.4392214 0.2512169 2.306592 0.1994773 0.2321413 1.826505 0.424868 0.3124263 2.214743 0.1890161 0.1677165 2.400875 0.2085778 0.1023562 2.394423 0.1645699 0.03514725 2.339615 0.2725591 0.02368311 2.442935 0.1207209 -0.5016429 2.408488 0.2790413 -0.484449 2.662709 0.06813496 -0.8783374 2.427948 0.2147009 -0.8213325 2.709616 0.1201852 -0.9423546 2.396052 0.2450081 -0.8910604 2.71377
0.1947762 0.6896762 2.35842 0.1560795 0.5068613 2.391053 0.07509618 0.3750197 2.269586 0.31903 0.3974817 2.536283 0.06549636 0.1844457 2.108401 0.4048464 0.2218955 2.487157 0.1732474 0.2015444 1.931105 0.445274 0.2662364 2.28621 0.2186836 0.2619848 1.826623 0.4306757 0.3183058 2.214216 0.188913 0.1652873 2.399831 0.2082207 0.0986877 2.392907 0.162108 0.03306898 2.343713 0.2727715 0.02318724 2.433469 0.120598 -0.5012401 2.408028 0.2807868 -0.4801587 2.664226 0.06814855 -0.8785321 2.427912 0.2144759 -0.8214317 2.709658 0.1190865 -0.9419844 2.396558 0.2412381 -0.8988416 2.699733
0.1939329 0.6897244 2.357617 0.1556796 0.5067789 2.390173 0.07171386 0.3756937 2.268701 0.3186267 0.3974051 2.535402 0.06541432 0.1804276 2.113103 0.4058031 0.2223748 2.487267 0.1863964 0.21175 1.947588 0.437785 0.3031578 2.288423 0.2362598 0.2857358 1.841614 0.4373229 0.3205866 2.227933 0.188317 0.158852 2.397115 0.2074911 0.08996503 2.389773 0.1595654 0.0275247 2.344294 0.2734102 0.0179504 2.429264 0.1207623 -0.501025 2.408044 0.2806703 -0.4811573 2.663922 0.0679874 -0.8780501 2.427999 0.2146233 -0.8214365 2.70946 0.1198617 -0.9425172 2.396239 0.2408186 -0.899029 2.700105
0.1931811 0.6890408 2.35574 0.15571 0.5066314 2.39015 0.06878985 0.3761002 2.268322 0.3186557 0.3972617 2.53538 0.0670142 0.1764897 2.117355 0.3831985 0.2171495 2.554332 0.1996283 0.2223858 1.96592 0.4346328 0.3177081 2.299765 0.2423747 0.3034845 1.876156 0.4450566 0.3400944 2.229965 0.1884666 0.1572817 2.396134 0.2075596 0.08841051 2.388585 0.1587273 0.02557753 2.34321 0.2741734 0.01588286 2.427512 0.1208665 -0.50076 2.407871 0.2780611 -0.5034736 2.674209 0.06780756 -0.877894 2.428147 0.2146963 -0.8213971 2.709447 0.1201933 -0.942593 2.396227 0.2410639 -0.8971004 2.702043
0.1926214 0.689046 2.354715 0.1559251 0.5063011 2.389729 0.06680983 0.3757524 2.267574 0.318868 0.3969363 2.53496 0.06430551 0.1713142 2.12913 0.3833404 0.2159895 2.550544 0.1982788 0.2249925 1.981899 0.4410719 0.3257176 2.301482 0.2539369 0.3219947 1.923045 0.4537818 0.3506048 2.255587 0.1883733 0.1565305 2.395181 0.2073266 0.08776685 2.387577 0.1573657 0.02429576 2.342221 0.2744389 0.01534395 2.426285 0.1207523 -0.5003566 2.407161 0.2831499 -0.4791289 2.665608 0.06809714 -0.8784084 2.428944 0.21469 -0.8215008 2.709216 0.1216202 -0.9433137 2.39632 0.2397001 -0.89956 2.69145
0.1931895 0.6885967 2.353932 0.1563476 0.5060002 2.388798 0.06552388 0.3753069 2.266883 0.319288 0.3966397 2.534031 0.06024008 0.1677274 2.137307 0.3883535 0.2159918 2.54311 0.2435604 0.3030363 1.986247 0.4510023 0.3481649 2.307213 0.2550725 0.32918 1.964646 0.4575583 0.3620474 2.271709 0.1886635 0.1550546 2.394434 0.2075129 0.08617905 2.386897 0.1568118 0.02326884 2.341804 0.2754574 0.01271274 2.425762 0.1203869 -0.4998939 2.406492 0.2831823 -0.4767887 2.663519 0.06797733 -0.8782983 2.429056 0.2144247 -0.8225262 2.709991 0.122281 -0.9436755 2.396505 0.2398491 -0.8997139 2.691814
0.1932347 0.6876516 2.351441 0.1566678 0.5059382 2.387178 0.06454188 0.3757297 2.266766 0.3196061 0.3965819 2.53241 0.05918257 0.1655268 2.141303 0.4016259 0.2031819 2.580982 0.2520035 0.297527 2.034158 0.4497693 0.3407903 2.344771 0.2665214 0.3391849 2.014935 0.4600583 0.3745756 2.294264 0.1888482 0.1542561 2.393834 0.2076175 0.08530176 2.386401 0.1565413 0.02228631 2.340804 0.2759975 0.01027673 2.426178 0.1203729 -0.4999421 2.40652 0.2831813 -0.4767244 2.66349 0.06775823 -0.8795286 2.429335 0.214725 -0.8219597 2.708871 0.1199479 -0.9430884 2.396642 0.2403563 -0.8977449 2.696598
0.1948179 0.6877749 2.350674 0.157087 0.5057972 2.385616 0.0643004 0.3758494 2.266771 0.3200236 0.3964443 2.530848 0.06347936 0.1683294 2.144461 0.3785747 0.2192577 2.56625 0.217085 0.274531 2.06916 0.4583611 0.364421 2.344407 0.2676182 0.3400904 2.042645 0.464025 0.3847468 2.321596 0.189467 0.1531984 2.393217 0.2082397 0.08409027 2.385913 0.156854 0.02136081 2.340112 0.2771463 0.008044058 2.426574 0.120596 -0.5001389 2.406541 0.283401 -0.4757835 2.662873 0.0678298 -0.8807319 2.429656 0.2148253 -0.8216122 2.708269 0.1207497 -0.9433192 2.396187 0.2516195 -0.8836294 2.732677
0.1951368 0.687164 2.34973 0.1571959 0.5056461 2.384839 0.06416359 0.3758772 2.266725 0.3201315 0.3962952 2.530071 0.06584608 0.1693856 2.145653 0.3785193 0.219435 2.56652 0.2244334 0.2745323 2.082343 0.4620468 0.3688886 2.349246 0.2770314 0.3430217 2.095874 0.4683308 0.3892016 2.336583 0.1899991 0.1519503 2.392682 0.208857 0.0826162 2.385455 0.15719 0.02060366 2.339726 0.277951 0.006168696 2.426547 0.1206067 -0.500047 2.406361 0.2833763 -0.4755838 2.662564 0.06782956 -0.8807712 2.429642 0.2149161 -0.8224067 2.708848 0.1220004 -0.9437504 2.396528 0.2388162 -0.8997928 2.683414
0.1964404 0.6869543 2.349589 0.1573093 0.5055118 2.384607 0.06423584 0.3758606 2.266756 0.3202442 0.3961621 2.529839 0.06521537 0.1698267 2.149202 0.3850671 0.2214431 2.565941 0.2295286 0.2734138 2.104881 0.4639578 0.340232 2.409763 0.273904 0.3432161 2.103051 0.4723936 0.3951205 2.359717 0.1903607 0.1512868 2.392479 0.2092509 0.0818998 2.385287 0.1573226 0.02031091 2.339634 0.278371 0.005751404 2.426504 0.1206148 -0.4999653 2.406189 0.2833128 -0.4755594 2.661815 0.06786812 -0.8803983 2.429809 0.2149675 -0.8222758 2.708849 0.1226127 -0.944018 2.396667 0.2378283 -0.9007264 2.682815
0.1970276 0.6861626 2.348376 0.1575382 0.5054629 2.384324 0.0643865 0.3759333 2.266725 0.3204725 0.3961143 2.529556 0.06479704 0.1705664 2.151796 0.3841434 0.2212459 2.566386 0.232506 0.2720983 2.1229 0.463435 0.3411148 2.412849 0.2789882 0.3433144 2.124668 0.4733191 0.3981653 2.368092 0.1911374 0.1502932 2.392409 0.210163 0.08068467 2.385312 0.1581192 0.01954241 2.339577 0.2793229 0.004417168 2.42689 0.1208108 -0.5001048 2.406309 0.283378 -0.4754696 2.661533 0.06806179 -0.8801852 2.430066 0.2149938 -0.8223816 2.709094 0.1228995 -0.9441282 2.396641 0.2361185 -0.8981308 2.694994
0.1985141 0.6862044 2.348565 0.1577129 0.5054618 2.384171 0.06471223 0.3761153 2.266741 0.3206467 0.3961139 2.529402 0.06545706 0.1713811 2.154684 0.3899975 0.2224867 2.563603 0.2342946 0.2716767 2.131114 0.4630206 0.3476555 2.417091 0.2786812 0.3357154 2.134586 0.4728537 0.4039492 2.376533 0.1917571 0.1512431 2.392533 0.2109544 0.0821706 2.385579 0.1593208 0.02083599 2.339905 0.2799655 0.006782751 2.427428 0.120873 -0.500033 2.406053 0.2832582 -0.4767945 2.661641 0.06812941 -0.8799023 2.430053 0.2151439 -0.822587 2.70884 0.1230764 -0.9441347 2.396609 0.2372472 -0.8992865 2.688648
0.2001646 0.6856038 2.348355 0.1579201 0.5054988 2.383814 0.06537133 0.3759887 2.266727 0.3208535 0.3961519 2.529046 0.06882872 0.1711538 2.158284 0.388183 0.2226689 2.565835 0.2374633 0.2721397 2.139715 0.4628792 0.3517994 2.424147 0.2850382 0.3343555 2.148051 0.4718747 0.406652 2.384918 0.1922075 0.1509681 2.392412 0.2114654 0.0818191 2.385503 0.1603442 0.02049347 2.339384 0.2804098 0.005989507 2.427844 0.1210752 -0.4994731 2.40531 0.2833633 -0.4768853 2.661143 0.06799733 -0.8793002 2.429758 0.2152135 -0.8226151 2.708715 0.1231716 -0.9440358 2.396433 0.2553556 -0.8802221 2.738119
0.2008467 0.6852217 2.348664 0.1583799 0.5055963 2.383698 0.06592572 0.3756954 2.266678 0.3213128 0.3962503 2.528929 0.07078003 0.1701035 2.161623 0.3933242 0.2236307 2.562835 0.2386246 0.2723036 2.141742 0.464391 0.3566849 2.42313 0.284744 0.3332847 2.14917 0.4715301 0.4080952 2.389229 0.1925095 0.1507696 2.392368 0.2117323 0.08156443 2.385462 0.1605927 0.01996546 2.339037 0.2807145 0.005689445 2.428058 0.1211617 -0.4995119 2.405033 0.2774309 -0.5040516 2.664014 0.06802201 -0.8790886 2.429821 0.2153372 -0.8226804 2.708814 0.1232729 -0.9440016 2.396266 0.2364582 -0.8957464 2.705758
0.2029265 0.6849328 2.349692 0.1586353 0.5056211 2.383623 0.06644592 0.3756415 2.26679 0.3215677 0.3962757 2.528854 0.07251689 0.1701012 2.16418 0.393335 0.2236481 2.56299 0.2400135 0.2727525 2.142881 0.4642443 0.358328 2.424951 0.2850704 0.3332354 2.150002 0.4714442 0.4086839 2.390535 0.1930435 0.1503116 2.392352 0.2123146 0.08097913 2.385461 0.1613381 0.01943768 2.338631 0.2813444 0.004426642 2.428609 0.1212072 -0.4995027 2.40504 0.2773176 -0.5045586 2.664164 0.06786604 -0.879059 2.430282 0.2154623 -0.8227857 2.708913 0.1233846 -0.9439454 2.396197 0.2368444 -0.8957602 2.705572
0.20358 0.6852248 2.350355 0.1588313 0.505761 2.383495 0.06651936 0.375718 2.266814 0.3217637 0.3964163 2.528726 0.0740741 0.169803 2.165891 0.3976145 0.225716 2.563306 0.2410441 0.2732044 2.143568 0.4642948 0.3609717 2.423584 0.2855166 0.3333422 2.149999 0.471228 0.4087871 2.390918 0.1934456 0.1506378 2.392499 0.2127531 0.08137681 2.385677 0.1619903 0.01958741 2.338316 0.2818355 0.004438308 2.429785 0.121273 -0.4992574 2.404615 0.2770665 -0.5038581 2.663515 0.06845396 -0.8783827 2.428918 0.2156634 -0.822542 2.709392 0.123694 -0.9440043 2.395924 0.2340612 -0.9059281 2.682903
0.2042844 0.6857938 2.351312 0.1587418 0.5059316 2.383418 0.06659138 0.3757664 2.266825 0.3216737 0.3965877 2.528649 0.0756883 0.1694205 2.167324 0.3974863 0.2257583 2.562877 0.2420152 0.2736684 2.143239 0.4642408 0.3614216 2.423652 0.2858232 0.3338998 2.147381 0.4708876 0.4093676 2.391503 0.1936508 0.1503906 2.392487 0.2130829 0.0809584 2.385675 0.1624263 0.01929768 2.33816 0.2821221 0.003938723 2.429941 0.1212811 -0.4991591 2.404349 0.2804979 -0.4892606 2.66024 0.06804383 -0.8778596 2.427796 0.2158071 -0.8225333 2.709383 0.1238197 -0.9440488 2.395834 0.2540564 -0.8797699 2.745085
0.2046669 0.6858286 2.351505 0.1586062 0.5060232 2.3832 0.06665002 0.3757926 2.266857 0.3215378 0.3966799 2.52843 0.07653744 0.1693408 2.16785 0.3961801 0.225173 2.56216 0.2425067 0.2740337 2.142802 0.4637817 0.3612675 2.423876 0.2851879 0.3332703 2.145744 0.470434 0.4096575 2.391351 0.193757 0.1502579 2.392509 0.2132521 0.08075219 2.385744 0.1628683 0.01903417 2.337956 0.2822777 0.003254563 2.430577 0.1213011 -0.4992968 2.404402 0.2818084 -0.4864669 2.660723 0.06805309 -0.878785 2.42806 0.2158801 -0.8232858 2.710919 0.1239509 -0.944092 2.395715 0.235573 -0.9086922 2.691511
0.2046992 0.685754 2.351751 0.1588186 0.5059965 2.383238 0.06665992 0.3758336 2.266837 0.3217498 0.3966537 2.528468 0.07685539 0.1696254 2.167773 0.3930432 0.2239331 2.562747 0.2425209 0.2747124 2.142137 0.4628068 0.3592174 2.424791 0.2849401 0.337187 2.143829 0.4688628 0.4091741 2.390152 0.193915 0.1498996 2.392516 0.2133656 0.08031979 2.38573 0.1628474 0.0189004 2.337955 0.282409 0.002584734 2.430442 0.1213423 -0.4992656 2.404429 0.2820906 -0.4831435 2.660337 0.0680736 -0.8787223 2.428112 0.2153715 -0.8227556 2.708951 0.1239871 -0.9441068 2.39568 0.2541084 -0.8809265 2.739095
0.2044799 0.6855912 2.3526 0.1588223 0.5060034 2.383202 0.06657351 0.3758578 2.266742 0.3217535 0.3966607 2.528432 0.07746476 0.170074 2.167817 0.3928815 0.2237105 2.562216 0.2426499 0.2757539 2.141007 0.4614289 0.3580222 2.422559 0.2852921 0.3382818 2.142809 0.4665692 0.4081976 2.384975 0.193979 0.1495804 2.392526 0.213429 0.07989579 2.385759 0.1628292 0.01866687 2.337997 0.2824872 0.002108123 2.430448 0.1215005 -0.499947 2.405385 0.2820631 -0.4831567 2.660141 0.06821626 -0.878484 2.427824 0.215127 -0.8229315 2.708738 0.120682 -0.9429926 2.39616 0.2418252 -0.9049616 2.696079
0.2044237 0.6856506 2.35287 0.1587682 0.5060622 2.383126 0.06632377 0.3761901 2.266812 0.3216992 0.3967198 2.528356 0.07739007 0.1701066 2.167815 0.3878023 0.2212572 2.560548 0.2420263 0.2761248 2.137491 0.4587763 0.3530447 2.419593 0.2827609 0.3361065 2.135438 0.4618161 0.4070713 2.373708 0.1940032 0.1493381 2.392546 0.213457 0.07954507 2.3858 0.1628019 0.01853642 2.338221 0.2825015 0.001890724 2.430313 0.1215087 -0.4997237 2.40477 0.2819936 -0.4831111 2.660089 0.06822216 -0.8784249 2.427838 0.215002 -0.8231204 2.708311 0.1212659 -0.9431925 2.395746 0.2568699 -0.8783013 2.739846
0.2042986 0.6856201 2.353244 0.1588415 0.5061607 2.383344 0.06594165 0.376561 2.266715 0.3217724 0.3968186 2.528574 0.0767753 0.1706949 2.167374 0.3891296 0.2193291 2.55268 0.2409561 0.2763852 2.131536 0.4549282 0.3497804 2.407652 0.2811391 0.3411547 2.120254 0.4595568 0.4049194 2.365391 0.1940531 0.1492755 2.392622 0.2134914 0.07948072 2.38585 0.1627602 0.01845937 2.338345 0.2825554 0.00186406 2.430281 0.1214596 -0.4994398 2.404255 0.2821219 -0.4827101 2.660218 0.06828879 -0.8783814 2.427892 0.2154904 -0.8235777 2.709822 0.1218058 -0.9434527 2.395478 0.2380051 -0.9044523 2.683603
0.2038775 0.6853441 2.353233 0.1588134 0.5064778 2.383735 0.06581967 0.376693 2.26685 0.321744 0.3971363 2.528965 0.07413037 0.1719003 2.165855 0.3866034 0.2182853 2.551481 0.2381942 0.2738391 2.116093 0.4496641 0.3405544 2.397561 0.2717566 0.3330844 2.101962 0.4568622 0.3995751 2.350986 0.1939874 0.1492744 2.392633 0.2133878 0.07947377 2.385832 0.1623262 0.01849805 2.338486 0.2823769 0.002137061 2.429875 0.121426 -0.4994248 2.404177 0.2823832 -0.4795699 2.65782 0.06813605 -0.8777264 2.427757 0.2155716 -0.8238949 2.709835 0.1224957 -0.9436914 2.395109 0.2567182 -0.880031 2.746061
0.2039812 0.6856274 2.353485 0.1587547 0.5066417 2.383856 0.06576394 0.376804 2.267155 0.3216852 0.3973006 2.529085 0.07056759 0.173881 2.162283 0.3844875 0.217171 2.549522 0.2347045 0.2485551 2.070614 0.4448547 0.3286507 2.385789 0.263902 0.3268857 2.080591 0.4516572 0.3860633 2.322784 0.1939054 0.1495359 2.392696 0.2132739 0.07980235 2.385868 0.1618299 0.02017491 2.340836 0.2816734 0.00555631 2.427061 0.1214403 -0.4995597 2.404441 0.2821263 -0.4806632 2.658801 0.06828395 -0.8776345 2.42787 0.2156432 -0.8239068 2.709827 0.1227607 -0.9437494 2.39527 0.2381682 -0.9102108 2.685149
0.2037267 0.6858506 2.353837 0.1586561 0.5066613 2.384156 0.06565967 0.3768182 2.267399 0.3215865 0.3973205 2.529385 0.05698308 0.1757174 2.159558 0.3891915 0.2080057 2.564101 0.252411 0.298737 2.033137 0.4366776 0.316301 2.356025 0.2597881 0.3244717 2.038379 0.4441242 0.3782883 2.297226 0.1938809 0.1490959 2.392899 0.2132527 0.07923815 2.386043 0.1617426 0.0196333 2.340879 0.2817993 0.004603646 2.427393 0.1214266 -0.4994633 2.404368 0.2820798 -0.4802487 2.658991 0.06830412 -0.877694 2.42794 0.215179 -0.8238277 2.7092 0.1231142 -0.9438589 2.39518 0.2584403 -0.8788781 2.739022
0.2018353 0.6866489 2.353795 0.1585351 0.5067577 2.384621 0.0650285 0.3773757 2.268243 0.3214653 0.3974173 2.529851 0.05296582 0.1763764 2.155753 0.3797517 0.2113588 2.527465 0.2477778 0.2872289 2.002877 0.4483792 0.2763388 2.341605 0.2476409 0.3108704 1.989352 0.4423572 0.3600809 2.263384 0.1937264 0.1491304 2.393007 0.2130437 0.07929175 2.386089 0.1610344 0.01964718 2.341275 0.2816865 0.00482585 2.427168 0.1213669 -0.4994503 2.404349 0.2821433 -0.4785558 2.657593 0.06829747 -0.8776775 2.427896 0.2152368 -0.8239278 2.70953 0.1237647 -0.9440794 2.394948 0.2369814 -0.9079298 2.673234
0.2015744 0.6866172 2.35423 0.1581369 0.5071207 2.38629 0.06313853 0.3786354 2.268879 0.3210669 0.3977809 2.53152 0.05059087 0.1771545 2.14737 0.3788151 0.2119285 2.531773 0.215409 0.2847023 1.955089 0.4434423 0.2675528 2.341168 0.2460581 0.3120001 1.92867 0.440996 0.3435901 2.223408 0.193245 0.1492026 2.393395 0.2125058 0.07938932 2.386324 0.1600305 0.01981142 2.341871 0.2813844 0.004827213 2.427022 0.1211406 -0.4994189 2.404242 0.2822006 -0.4777239 2.657903 0.06804534 -0.8774701 2.428111 0.2154464 -0.8245788 2.709918 0.1239739 -0.9441772 2.395095 0.2374717 -0.9075897 2.674415
0.2008586 0.6873609 2.356023 0.1588797 0.5069624 2.390049 0.06297514 0.3787898 2.269378 0.3218094 0.3976232 2.535278 0.05508107 0.177911 2.127818 0.3805641 0.2113804 2.530035 0.1717291 0.2148071 1.960498 0.432955 0.2505071 2.331172 0.2318764 0.2943202 1.859822 0.4284346 0.3170892 2.182924 0.1927544 0.1492903 2.394144 0.2119271 0.07957611 2.386834 0.1588476 0.02017104 2.343025 0.2809395 0.0050141 2.426855 0.1209751 -0.4990909 2.404158 0.2821726 -0.477376 2.657703 0.06826516 -0.8774492 2.428081 0.2157871 -0.8221424 2.709813 0.1240961 -0.9441988 2.395138 0.2361955 -0.9084663 2.67351
0.2002287 0.6879086 2.358576 0.1590014 0.5071582 2.394515 0.06458303 0.3785529 2.270444 0.321931 0.3978194 2.539745 0.06328425 0.1911963 2.107156 0.3821901 0.211409 2.5277 0.1649636 0.2079347 1.926299 0.4315224 0.2585214 2.32987 0.2102175 0.2740109 1.782558 0.4252225 0.2992583 2.176395 0.1914531 0.1549839 2.396518 0.210147 0.08746816 2.388771 0.1586693 0.0226554 2.343086 0.2773373 0.01595657 2.428708 0.1208849 -0.498981 2.404247 0.2819165 -0.4766198 2.657284 0.06817916 -0.8773762 2.428142 0.2151181 -0.8220611 2.70898 0.1209602 -0.9429521 2.39573 0.2582956 -0.877334 2.743708
0.198846 0.689002 2.362024 0.1588729 0.5071789 2.398255 0.07137066 0.3792208 2.274721 0.3378155 0.3788652 2.561834 0.06279488 0.2012274 2.109451 0.3966027 0.1937986 2.505434 0.1545547 0.1964092 1.922229 0.4278743 0.2776624 2.316972 0.1819224 0.2303904 1.816884 0.4213646 0.2778423 2.158597 0.1910793 0.1624799 2.399765 0.210005 0.09707613 2.391934 0.1598135 0.03113947 2.3469 0.2768409 0.0248984 2.429548 0.1208473 -0.4988939 2.404283 0.2817621 -0.4768557 2.657356 0.06821985 -0.8775356 2.428135 0.2150875 -0.8223944 2.708225 0.119216 -0.9422848 2.395308 0.2572568 -0.8776401 2.742719
0.1979879 0.6895757 2.365258 0.158474 0.5070218 2.400851 0.07806338 0.3788105 2.277996 0.33786 0.3792946 2.561706 0.06165155 0.2112968 2.110324 0.4074397 0.2118248 2.459558 0.1332677 0.1804412 1.916448 0.4287679 0.3058978 2.274856 0.1726185 0.2153988 1.825867 0.4188711 0.2747326 2.156553 0.1906678 0.1641487 2.401181 0.2096804 0.09879526 2.393147 0.1600994 0.03171898 2.346212 0.2760069 0.02525873 2.433989 0.1208188 -0.498823 2.404294 0.2816134 -0.4766759 2.657065 0.06825759 -0.8775676 2.428147 0.2152548 -0.8223758 2.708169 0.1201533 -0.9426897 2.395142 0.2569678 -0.8780302 2.743027
0.1979394 0.6918062 2.368312 0.1584682 0.5070755 2.401336 0.08242228 0.3787356 2.279677 0.3365322 0.3824313 2.561182 0.0609735 0.2123666 2.108248 0.4002133 0.2043837 2.481411 0.1291482 0.1706935 1.915237 0.424028 0.237169 2.275637 0.1790588 0.2125268 1.765758 0.4154328 0.2745171 2.155729 0.1911256 0.1657099 2.402606 0.2103446 0.1005187 2.394783 0.1619543 0.03255307 2.345445 0.2763025 0.02543163 2.440032 0.1209479 -0.498899 2.405019 0.2815392 -0.4767689 2.657436 0.0683036 -0.877791 2.427896 0.2151326 -0.8225431 2.708414 0.1209228 -0.9430274 2.395157 0.2553652 -0.87705 2.74307
0.2011542 0.6941093 2.374418 0.1580434 0.5075259 2.401455 0.08409582 0.3785478 2.280155 0.3363085 0.3833984 2.561278 0.05972707 0.2163607 2.109116 0.3975856 0.2032932 2.485868 0.1234299 0.1658998 1.916739 0.4256712 0.2350404 2.280516 0.1781722 0.2110694 1.759513 0.4127941 0.2745184 2.156686 0.1912861 0.1667246 2.403387 0.2107033 0.1015054 2.395746 0.163085 0.03303532 2.345016 0.2766773 0.02514052 2.443093 0.1208482 -0.4991107 2.405293 0.2811945 -0.4768995 2.656991 0.06823757 -0.8779626 2.427985 0.2149958 -0.8226539 2.708612 0.1190291 -0.9421499 2.396312 0.2355156 -0.898621 2.704956
0.2010423 0.6942593 2.374402 0.157942 0.5077269 2.401547 0.08444279 0.3781779 2.280208 0.333415 0.3867248 2.559161 0.05891291 0.2159828 2.107785 0.396042 0.2040737 2.496753 0.1214446 0.1635112 1.915594 0.4236774 0.2325765 2.290847 0.1779228 0.2111996 1.76146 0.4110133 0.274268 2.158144 0.1914171 0.1671235 2.403727 0.2108994 0.1018468 2.396131 0.1639169 0.03313939 2.344615 0.2766928 0.02508339 2.444181 0.1208505 -0.4991834 2.405379 0.273267 -0.5040716 2.664523 0.06835648 -0.877716 2.42816 0.2150799 -0.8226389 2.708534 0.1197601 -0.942633 2.396403 0.2344724 -0.9086009 2.688134
0.2008865 0.6944315 2.374458 0.1579506 0.5077447 2.401568 0.0846376 0.3769282 2.279832 0.33355 0.3866558 2.559619 0.05198896 0.2173409 2.112453 0.3931734 0.2026787 2.49902 0.1186669 0.1610731 1.922958 0.4111407 0.2539647 2.269656 0.1620367 0.1783264 1.838143 0.4075483 0.2724359 2.215014 0.1915179 0.1667044 2.404092 0.2110558 0.1010771 2.396675 0.1639829 0.03333513 2.345627 0.276797 0.02455084 2.444068 0.1207752 -0.4992975 2.4056 0.2736738 -0.5057679 2.666258 0.06837995 -0.877905 2.428151 0.2152472 -0.8227329 2.708793 0.1209752 -0.9432575 2.396161 0.2345165 -0.9070519 2.690289
0.2007824 0.6942539 2.37423 0.1582389 0.5073932 2.402145 0.08461287 0.3766639 2.279848 0.3335383 0.3882487 2.560917 0.05014828 0.2163456 2.114073 0.3919891 0.2026756 2.507932 0.1177083 0.1586201 1.925408 0.4123035 0.2534297 2.271381 0.1760384 0.2054146 1.772949 0.4070346 0.2876191 2.187615 0.1932622 0.1654533 2.405867 0.2132401 0.09948038 2.398758 0.1672739 0.031489 2.344413 0.2823004 0.01214802 2.454587 0.120773 -0.4993145 2.405625 0.2779396 -0.4941842 2.666042 0.06835577 -0.8778786 2.428184 0.2151855 -0.8225537 2.708522 0.1216863 -0.9436281 2.39575 0.2355824 -0.9031761 2.690602
0.2008875 0.6943758 2.374095 0.1582805 0.5073806 2.402193 0.08458196 0.3759653 2.279698 0.3334336 0.3882514 2.560751 0.04858033 0.2147856 2.115564 0.3921478 0.2021035 2.513089 0.1181002 0.1585425 1.927205 0.4231665 0.2390437 2.3092 0.1760768 0.2052319 1.77314 0.4068463 0.2911643 2.189471 0.1941985 0.1644866 2.406521 0.2144481 0.09811783 2.399567 0.1693039 0.0300444 2.343259 0.2831907 0.009137823 2.456201 0.1207798 -0.4995572 2.405724 0.2787107 -0.4913375 2.66346 0.06838891 -0.8778923 2.428311 0.215202 -0.8227084 2.709051 0.1218655 -0.943652 2.395651 0.2357504 -0.9025363 2.69229
0.2016218 0.6942022 2.373448 0.1584591 0.5072761 2.402278 0.08472213 0.375288 2.279756 0.3330235 0.3851883 2.559077 0.04758703 0.2134203 2.117482 0.3932069 0.199201 2.514553 0.1197126 0.1542044 1.931193 0.4194442 0.2755161 2.322018 0.1578286 0.1799406 1.826867 0.4077759 0.2947013 2.188448 0.1957517 0.1622621 2.407804 0.2163061 0.09518085 2.40115 0.1711858 0.02862386 2.343774 0.2840591 0.006223348 2.457338 0.1213879 -0.5019028 2.407571 0.2738577 -0.5109211 2.670496 0.06836753 -0.8779419 2.428282 0.2153792 -0.82274 2.709644 0.1232044 -0.9443478 2.3957 0.2354442 -0.9039258 2.689832
0.2020244 0.6934894 2.3733 0.1585057 0.5071851 2.402309 0.08462341 0.3751465 2.279765 0.3323671 0.3852786 2.558496 0.04807232 0.2092766 2.11727 0.3928115 0.198726 2.523468 0.1222176 0.1527892 1.930941 0.4207673 0.2736753 2.330635 0.1584273 0.1804045 1.826503 0.4183999 0.2754101 2.262121 0.195522 0.1622559 2.407779 0.2158743 0.09521852 2.401065 0.1701116 0.02908016 2.341378 0.2828226 0.005418111 2.457952 0.1213938 -0.5018973 2.407559 0.2819727 -0.4795729 2.657695 0.06839012 -0.8778505 2.428257 0.2163667 -0.8248148 2.711875 0.1234322 -0.9443799 2.395737 0.2367063 -0.9039453 2.690777
0.2025068 0.6930175 2.37307 0.1585076 0.5071671 2.402319 0.08480804 0.3742911 2.279759 0.3316774 0.3854904 2.557967 0.05056448 0.1988542 2.113088 0.3911107 0.1984618 2.528618 0.1307123 0.1545662 1.9259 0.4288314 0.2460261 2.328384 0.1611496 0.1822199 1.826102 0.4187948 0.2777516 2.264216 0.1958013 0.1629177 2.408132 0.2162542 0.09625671 2.401529 0.171717 0.02934508 2.339996 0.2829435 0.005698786 2.460138 0.121527 -0.5023622 2.407446 0.2783309 -0.498531 2.668432 0.06767619 -0.8784749 2.42816 0.2162077 -0.8249742 2.712159 0.1236079 -0.9444563 2.39563 0.2332555 -0.9053404 2.682355
0.2026803 0.6929306 2.372994 0.1584679 0.5071626 2.402307 0.08464081 0.3740256 2.279685 0.3307734 0.3858066 2.557314 0.05320048 0.1958695 2.110117 0.3866875 0.198076 2.542654 0.1423023 0.1563642 1.926186 0.4266382 0.2431075 2.341731 0.1950502 0.2160664 1.804747 0.421345 0.2795478 2.272563 0.195258 0.164176 2.407739 0.2154748 0.09809563 2.400913 0.17138 0.03016509 2.337378 0.2820463 0.00667552 2.460301 0.1215216 -0.502353 2.40738 0.2807384 -0.4871568 2.664613 0.06769172 -0.878457 2.428135 0.2160926 -0.8251018 2.7122 0.1239706 -0.9446409 2.395543 0.257186 -0.8818862 2.741802
0.2024802 0.6928402 2.372438 0.158508 0.5068274 2.401735 0.08437558 0.3737856 2.279593 0.3222659 0.3948995 2.552118 0.05317219 0.1935345 2.1121 0.3870181 0.2097948 2.53271 0.1473467 0.1573371 1.930188 0.4300847 0.2447356 2.330875 0.1982173 0.2197597 1.808106 0.4230052 0.3207286 2.233294 0.1950812 0.1647246 2.407518 0.2152542 0.09892027 2.400766 0.1718385 0.03071453 2.336371 0.281054 0.00729171 2.460908 0.1215241 -0.50246 2.407537 0.280693 -0.4871747 2.664606 0.06783787 -0.8785645 2.428272 0.2162515 -0.8246951 2.712317 0.1244851 -0.9449164 2.395891 0.2339998 -0.9087864 2.679933
0.2025374 0.6927208 2.371995 0.1573063 0.5068266 2.39921 0.0834607 0.3738366 2.27966 0.3168358 0.3993963 2.547577 0.05504138 0.1793225 2.112601 0.388771 0.216894 2.51591 0.1573166 0.1646759 1.932177 0.4423995 0.2721618 2.321826 0.210104 0.2365269 1.817345 0.4228397 0.3230982 2.232639 0.1944456 0.1622495 2.405253 0.2146746 0.09547489 2.398311 0.1716206 0.0304801 2.336803 0.2788971 0.00880281 2.451993 0.1214762 -0.5022579 2.407341 0.2808064 -0.4842196 2.662545 0.06783585 -0.8785593 2.428266 0.2162128 -0.8246611 2.712207 0.1245482 -0.9448771 2.395856 0.2571447 -0.8834817 2.737775
