0.2412642 0.700629 2.377379 0.1904293 0.5144493 2.400271 0.08028709 0.3864268 2.309101 0.3476513 0.4173318 2.524382 0.03829896 0.1716611 2.255894 0.4011492 0.1734753 2.532202 0.2197647 0.2330009 2.15188 0.4447122 0.2966899 2.33492 0.2622555 0.3070398 2.123056 0.4491409 0.3359138 2.290219 0.2158255 0.1610018 2.407617 0.2341663 0.09328578 2.395959 0.1807283 0.02021858 2.339846 0.3037135 0.01019057 2.4451 0.1210053 -0.5100436 2.440804 0.2881385 -0.4839894 2.616231 0.09246323 -0.8839235 2.488261 0.2400369 -0.8491667 2.669297 0.131931 -0.9400844 2.432592 0.218124 -0.9227373 2.642839
0.2409129 0.7009177 2.377675 0.1905856 0.5143344 2.400807 0.08005342 0.3865885 2.309318 0.3488648 0.4183943 2.528394 0.04672692 0.1755978 2.248029 0.4061907 0.2172879 2.534583 0.2283506 0.2356137 2.143525 0.44056 0.2948644 2.326868 0.2594671 0.3060043 2.10282 0.4437784 0.3324546 2.282887 0.215568 0.1615467 2.407843 0.2339448 0.09391166 2.396124 0.1804068 0.0206185 2.339735 0.303647 0.01029479 2.445254 0.1207359 -0.5109288 2.441023 0.2877948 -0.4849039 2.616661 0.09295601 -0.8848596 2.488124 0.2400568 -0.8502867 2.669885 0.1311477 -0.9425304 2.42521 0.2125878 -0.9278494 2.637092
0.2410677 0.7013437 2.38017 0.1902037 0.5143883 2.401454 0.07996786 0.3867938 2.309608 0.3502753 0.4111723 2.529638 0.05031015 0.1788635 2.239911 0.3984508 0.1761909 2.515048 0.226496 0.2389616 2.125346 0.4350628 0.2867178 2.324046 0.2584674 0.307846 2.080166 0.4353745 0.3286046 2.267322 0.2157334 0.1606023 2.409079 0.2342945 0.09235816 2.39768 0.1813556 0.01904285 2.341775 0.3038833 0.007837702 2.447044 0.1204685 -0.5117372 2.441202 0.287387 -0.4874343 2.618404 0.09300236 -0.8851435 2.487206 0.2401386 -0.8506145 2.669937 0.1314688 -0.9430219 2.424501 0.2796251 -0.9079839 2.718674
0.2403614 0.701887 2.380982 0.1897106 0.5142077 2.403382 0.07994226 0.3869271 2.309844 0.3499936 0.4124277 2.532001 0.04835004 0.1784778 2.236649 0.3994548 0.1740815 2.563751 0.2065563 0.1963509 2.083398 0.4214544 0.2434366 2.351222 0.2440168 0.3040243 2.032634 0.4285121 0.3258197 2.248071 0.2150989 0.1612747 2.409595 0.2337353 0.09325211 2.397935 0.1807506 0.01975629 2.34133 0.3034843 0.008251649 2.447421 0.1203132 -0.5116493 2.441122 0.2875344 -0.4889863 2.620291 0.09292168 -0.885026 2.487303 0.2402325 -0.8507078 2.669864 0.1311905 -0.9427817 2.425083 0.2824833 -0.9083703 2.721007
0.2397222 0.7013517 2.38217 0.1897806 0.5137293 2.405567 0.07972706 0.3871725 2.310248 0.3504024 0.4105066 2.531822 0.05159827 0.1799233 2.221226 0.3945682 0.2036089 2.498276 0.2089131 0.1972079 2.066946 0.4353078 0.252356 2.282643 0.220425 0.2822258 2.015607 0.419201 0.3212471 2.215278 0.2140315 0.1636839 2.410807 0.2324112 0.09667848 2.398632 0.1796318 0.0221787 2.340789 0.3022768 0.009861999 2.448156 0.1204111 -0.5111551 2.441018 0.2879486 -0.4890562 2.621327 0.09294601 -0.8847035 2.488052 0.2396256 -0.8516315 2.67004 0.131656 -0.9419979 2.426565 0.2791545 -0.9130927 2.712683
0.2390126 0.7012008 2.382701 0.1887063 0.5139724 2.407604 0.07969321 0.3871037 2.31039 0.3513576 0.4082032 2.531968 0.05338351 0.1802908 2.208122 0.3996439 0.20228 2.497795 0.199413 0.1923466 2.041689 0.4122262 0.2492728 2.2781 0.1992603 0.2794339 1.968379 0.403316 0.3171362 2.184118 0.2133971 0.1639863 2.41183 0.2321387 0.09697746 2.39907 0.1794117 0.02240993 2.34096 0.3021176 0.009939752 2.448523 0.1204143 -0.5111352 2.441087 0.2881674 -0.4851208 2.619985 0.09275505 -0.8849093 2.487928 0.2407352 -0.8527102 2.671439 0.1329299 -0.9429656 2.42644 0.275048 -0.9224995 2.68362
0.2389381 0.701142 2.384567 0.1886166 0.5143633 2.409476 0.07977978 0.3870526 2.310385 0.3515615 0.4059563 2.532023 0.05404265 0.1849461 2.199419 0.4029429 0.2010865 2.492302 0.1695011 0.1898946 2.008433 0.4085395 0.2550875 2.274054 0.181795 0.2787041 1.917295 0.3977507 0.3109831 2.183827 0.2139112 0.1635085 2.414709 0.2330594 0.09615023 2.401876 0.1818419 0.02278161 2.347802 0.3022555 0.009960376 2.449235 0.1205785 -0.5105363 2.441247 0.2888012 -0.4833618 2.620708 0.09252036 -0.8846374 2.488068 0.2397013 -0.8526491 2.670787 0.1323905 -0.9422193 2.427679 0.2750427 -0.9212326 2.686341
0.2383128 0.7014884 2.386786 0.1881285 0.5155697 2.410878 0.07996311 0.387166 2.310283 0.3535747 0.4042737 2.53506 0.05359029 0.1904641 2.187496 0.4026373 0.1991932 2.490894 0.1440665 0.2081063 1.983334 0.4077744 0.250825 2.272057 0.1726154 0.2779853 1.9029 0.3917192 0.30509 2.189176 0.214112 0.161034 2.416353 0.233815 0.09193429 2.403673 0.1808748 0.02066947 2.34936 0.3046116 0.006776666 2.450409 0.1207395 -0.5095112 2.441311 0.2894592 -0.4832716 2.622625 0.09255259 -0.883757 2.489053 0.2396775 -0.8525649 2.670912 0.1318569 -0.9411508 2.428426 0.2751631 -0.9210778 2.686397
0.2375309 0.7010897 2.388721 0.1882223 0.5161094 2.413212 0.08003934 0.3874331 2.309855 0.3535975 0.4040554 2.535721 0.06507162 0.1958206 2.148299 0.3980751 0.1987529 2.483806 0.1419834 0.260594 1.948453 0.3861877 0.2754173 2.234462 0.1619567 0.2768232 1.898667 0.3870961 0.3030139 2.189528 0.2156508 0.1539787 2.421166 0.2357449 0.08229872 2.40909 0.1816237 0.01351334 2.359898 0.3059656 0.002861791 2.451315 0.1206826 -0.5095043 2.441542 0.2894616 -0.4884805 2.627346 0.09291476 -0.884364 2.488505 0.2400307 -0.853224 2.671359 0.1330586 -0.9429754 2.427117 0.2761272 -0.9129703 2.707757
0.2373565 0.7019008 2.392972 0.1881617 0.5163857 2.414319 0.07943786 0.3884959 2.308986 0.3527899 0.4055737 2.536445 0.0625921 0.1955833 2.151528 0.4194607 0.2097997 2.415506 0.1372769 0.2548319 1.948971 0.3840561 0.2954822 2.201135 0.1536874 0.2755576 1.896297 0.3823239 0.2996743 2.191319 0.2154389 0.1528103 2.422055 0.2354669 0.0811373 2.40991 0.1808272 0.01276586 2.361619 0.3059227 0.002218295 2.451485 0.120851 -0.5089173 2.441914 0.2893873 -0.4889524 2.629026 0.09287422 -0.8842871 2.4886 0.2403187 -0.8553625 2.674408 0.1333241 -0.9430578 2.427451 0.2765482 -0.9192926 2.702528
0.2366111 0.7021412 2.393315 0.1884361 0.5165941 2.414863 0.07892799 0.3891661 2.308248 0.3510933 0.409722 2.537632 0.06468288 0.1960455 2.134448 0.418295 0.2095568 2.414734 0.1398183 0.2705297 1.893435 0.3909529 0.260024 2.197424 0.1582127 0.3030982 1.820971 0.379424 0.2974536 2.193596 0.215447 0.1519348 2.422659 0.2353915 0.08018569 2.410598 0.180484 0.01216465 2.363295 0.3058556 0.001801965 2.451573 0.1207006 -0.5081787 2.441802 0.2891437 -0.4896935 2.629509 0.09302328 -0.8840641 2.488814 0.2400362 -0.8556058 2.674463 0.13363 -0.9430839 2.427381 0.2740413 -0.9202771 2.703621
0.2363694 0.7019441 2.393579 0.1879525 0.5170616 2.415161 0.07836995 0.3897881 2.307591 0.3500373 0.4095026 2.53598 0.06367452 0.1951682 2.132658 0.4171703 0.2102621 2.41252 0.1397661 0.2702067 1.89362 0.3837679 0.2595834 2.195844 0.1180269 0.2618507 1.857047 0.3770276 0.296518 2.198191 0.2153803 0.1514094 2.422823 0.2352998 0.07953952 2.410777 0.1803102 0.01185521 2.363676 0.3059072 0.001441952 2.45154 0.1206417 -0.50739 2.441884 0.2891138 -0.4896397 2.629571 0.09250006 -0.8837517 2.488787 0.2398292 -0.8564342 2.673337 0.1315142 -0.9396969 2.43391 0.2749344 -0.9202749 2.702986
0.2358097 0.7022749 2.394866 0.1878543 0.5171244 2.415376 0.0775988 0.3902015 2.307284 0.3498081 0.4095109 2.535756 0.06260099 0.1943754 2.131363 0.4149318 0.2064255 2.417295 0.1402213 0.2702063 1.89483 0.3870363 0.2603617 2.20097 0.1032973 0.2568386 1.831928 0.3757846 0.2975484 2.197771 0.2147452 0.1506466 2.422795 0.2344427 0.07863098 2.410614 0.1791079 0.01106097 2.36372 0.3050157 0.0003944502 2.450983 0.1204218 -0.5074533 2.442072 0.2888862 -0.4901602 2.629995 0.09258219 -0.8844368 2.489084 0.239811 -0.8562636 2.673101 0.1320614 -0.9408766 2.432635 0.279345 -0.9165903 2.704454
0.2357592 0.7023257 2.395062 0.1879027 0.5169758 2.415702 0.07743452 0.3904779 2.307314 0.3486699 0.4117158 2.535229 0.0605629 0.1942201 2.132807 0.4150186 0.2065873 2.415495 0.1299259 0.2413098 1.92491 0.3866526 0.2603787 2.199204 0.1417014 0.270627 1.90002 0.3743269 0.2990181 2.196225 0.2146473 0.1503083 2.422898 0.2343312 0.07837567 2.410646 0.1790165 0.01097569 2.363827 0.3048622 0.0002345826 2.450872 0.1205231 -0.5079697 2.442822 0.2884982 -0.4896277 2.629071 0.09252688 -0.8845953 2.489198 0.2393153 -0.8567225 2.673346 0.1316001 -0.9407918 2.433198 0.2798741 -0.9166199 2.70418
0.235664 0.7023584 2.395009 0.1877635 0.5170875 2.41585 0.07753012 0.3908288 2.30768 0.3481978 0.4117411 2.534786 0.05100979 0.1927027 2.145207 0.4152977 0.2066651 2.415418 0.1258765 0.2377358 1.938884 0.3861512 0.2601878 2.199177 0.1419546 0.2705685 1.900917 0.3703039 0.3008442 2.186057 0.2137668 0.1497695 2.422321 0.2332398 0.07773486 2.409566 0.1767492 0.01087421 2.361925 0.3041795 -0.0002410364 2.44991 0.1210662 -0.5089828 2.444639 0.2868825 -0.4934577 2.629694 0.09259296 -0.884897 2.488896 0.2391926 -0.8566585 2.673347 0.1313652 -0.9410776 2.431742 0.2801175 -0.9164943 2.703789
0.235312 0.7024767 2.394814 0.1879677 0.5170439 2.416404 0.07759544 0.3912165 2.308316 0.3481461 0.4104753 2.534353 0.0509591 0.1927756 2.145343 0.4159768 0.2065092 2.416679 0.1411437 0.2659239 1.904473 0.3738243 0.2927288 2.204067 0.1656171 0.3057418 1.846955 0.3697292 0.301105 2.184745 0.213644 0.148492 2.4224 0.2331617 0.07625112 2.409279 0.1766727 0.01032205 2.362002 0.3039828 -0.001916675 2.448878 0.1208944 -0.5078892 2.444493 0.2869317 -0.4931172 2.629872 0.09228308 -0.884064 2.488524 0.2391047 -0.8566965 2.673177 0.1305998 -0.9391383 2.43332 0.2881148 -0.9105508 2.723404
0.2353079 0.7024909 2.39482 0.1879593 0.5170361 2.416407 0.07750941 0.39144 2.308662 0.3494808 0.4124475 2.537378 0.04938591 0.1927467 2.148314 0.4163798 0.2067194 2.416479 0.1315498 0.2384902 1.945181 0.3526994 0.2663289 2.171423 0.1441506 0.262872 1.910206 0.3716024 0.2982309 2.187596 0.2134604 0.1486015 2.422524 0.2331207 0.07656679 2.40933 0.1766935 0.01046279 2.362072 0.3039649 -0.001837682 2.448913 0.120393 -0.5094246 2.44419 0.2864674 -0.4929983 2.629189 0.0923598 -0.8845773 2.48823 0.2391495 -0.855957 2.67265 0.1295467 -0.940319 2.432759 0.2799957 -0.9188437 2.69624
0.2353402 0.7023672 2.396023 0.1879994 0.5166522 2.416993 0.07739668 0.3915212 2.308851 0.3482313 0.4134814 2.536891 0.04726905 0.1927139 2.153765 0.4164555 0.2069493 2.4168 0.12962 0.237263 1.950439 0.3898489 0.2608201 2.200331 0.1441637 0.2628725 1.910218 0.3717075 0.2961258 2.1854 0.2132588 0.1488427 2.422647 0.2330327 0.07728715 2.40912 0.1769968 0.0110601 2.360892 0.303753 -0.001560975 2.449081 0.1204013 -0.5087924 2.444018 0.2861924 -0.492004 2.627913 0.09245056 -0.8841227 2.488986 0.2386411 -0.8562023 2.672154 0.1296499 -0.9401307 2.432875 0.2794254 -0.9188196 2.696523
0.2353867 0.7024056 2.39599 0.1877496 0.516997 2.416898 0.07718846 0.3915012 2.309138 0.3475212 0.4116034 2.535862 0.04370902 0.1934609 2.162588 0.4165201 0.2069403 2.41683 0.1463205 0.2650228 1.91564 0.3753228 0.3046358 2.220162 0.1687527 0.2967607 1.852589 0.3706009 0.3009967 2.183455 0.2129133 0.1487224 2.42257 0.2328142 0.07713873 2.408798 0.176923 0.01095297 2.360714 0.3033523 -0.001750213 2.448632 0.1200624 -0.5079785 2.443292 0.2864011 -0.490207 2.627097 0.09266637 -0.8834823 2.489786 0.2383438 -0.8563721 2.672273 0.1323583 -0.9404979 2.433606 0.2796389 -0.9184687 2.69708
0.2351989 0.7024721 2.39595 0.187994 0.51695 2.417229 0.07738786 0.3912898 2.30952 0.3467012 0.4127579 2.535057 0.04386897 0.192249 2.164526 0.4161873 0.2056225 2.428781 0.1361255 0.2142319 1.961832 0.3908283 0.2652105 2.213784 0.1484362 0.2562739 1.928072 0.3706345 0.3008093 2.183459 0.2128237 0.1486932 2.422732 0.2328815 0.07717348 2.408689 0.1771747 0.01095533 2.360502 0.3032911 -0.001547105 2.448455 0.1198138 -0.5069865 2.44283 0.2862051 -0.4900796 2.626695 0.09253961 -0.8832355 2.489705 0.2384434 -0.8562241 2.672112 0.1312324 -0.9390327 2.434899 0.291516 -0.9080667 2.725301
0.235035 0.7024035 2.395773 0.188173 0.5169169 2.417378 0.0770202 0.3912817 2.309664 0.3471624 0.4103836 2.534423 0.03647868 0.1902848 2.189675 0.4158856 0.2054247 2.432666 0.1315021 0.2126349 1.988422 0.3892159 0.265802 2.218095 0.1510145 0.2607413 1.922395 0.3714954 0.3038428 2.187006 0.2126757 0.1485036 2.422793 0.2328261 0.07698573 2.408403 0.1769873 0.01059811 2.360154 0.3032513 -0.001864962 2.447993 0.119821 -0.5068511 2.442863 0.2859853 -0.4888664 2.625461 0.0923145 -0.8832119 2.489813 0.2383257 -0.8564687 2.672396 0.1311985 -0.9390116 2.435095 0.2801091 -0.9169663 2.700121
0.2342336 0.7025252 2.394831 0.1879085 0.5169697 2.41714 0.07628649 0.3913155 2.31028 0.3467483 0.4083762 2.533119 0.03582244 0.1892287 2.194847 0.4150845 0.2066253 2.430897 0.133974 0.2108084 1.995144 0.3866114 0.27209 2.218196 0.1588058 0.2668246 1.924021 0.371453 0.3080419 2.187494 0.212496 0.1484671 2.422823 0.2327683 0.07698756 2.408217 0.1769507 0.01003714 2.359415 0.3032478 -0.001881551 2.447999 0.1208164 -0.5079052 2.444513 0.2856114 -0.4902796 2.625522 0.0927759 -0.8830684 2.489338 0.2378924 -0.8564669 2.671898 0.1313185 -0.9393379 2.434419 0.2798837 -0.9164667 2.700351
0.2340067 0.7021734 2.393476 0.1878752 0.5169127 2.417093 0.0757477 0.3912971 2.310541 0.3464883 0.4065128 2.532104 0.035335 0.1883737 2.198246 0.4150675 0.2063568 2.434412 0.1472553 0.2594534 2.007959 0.3880519 0.2759584 2.222941 0.1773491 0.2785657 1.960485 0.3747656 0.3132836 2.192399 0.2121642 0.1479781 2.422489 0.2325436 0.0764902 2.407505 0.1765436 0.008421122 2.357008 0.303072 -0.003017718 2.447862 0.1202057 -0.5073309 2.443956 0.284881 -0.4908493 2.624873 0.09284537 -0.8829914 2.489579 0.2378886 -0.8564568 2.671916 0.1317592 -0.9396117 2.434383 0.2807536 -0.9155095 2.701012
0.2337605 0.701907 2.392893 0.1874377 0.5168188 2.416292 0.07570432 0.3911683 2.310842 0.344848 0.4050021 2.530105 0.03327208 0.1861383 2.206223 0.4154646 0.2087221 2.434322 0.1542107 0.2181793 2.022158 0.3907803 0.2801243 2.223211 0.1842363 0.2850002 1.988528 0.3825587 0.3191251 2.207057 0.2113479 0.1469095 2.42151 0.2318649 0.07528491 2.406224 0.1761078 0.006649686 2.354763 0.302229 -0.004267097 2.44755 0.1201402 -0.507279 2.443717 0.2850855 -0.4952728 2.627778 0.0929992 -0.8830148 2.48998 0.23769 -0.8565884 2.671674 0.1321803 -0.9399934 2.434039 0.2955585 -0.9109808 2.722904
0.2339737 0.7019022 2.392693 0.187391 0.5162532 2.41582 0.07562482 0.3912697 2.311369 0.3446045 0.4036851 2.529336 0.03187281 0.185406 2.211291 0.4096311 0.2001822 2.461451 0.1782698 0.2384904 2.05471 0.3970621 0.282093 2.253326 0.192454 0.2855578 2.025854 0.3916788 0.3219343 2.222017 0.2112306 0.1468792 2.421553 0.2318706 0.07533631 2.406079 0.1764508 0.006598369 2.354403 0.3021097 -0.004358388 2.447587 0.1200503 -0.5072995 2.443607 0.2847141 -0.4934883 2.626348 0.09300312 -0.8830165 2.489993 0.2372958 -0.8565306 2.671279 0.1349929 -0.9415965 2.432704 0.2835423 -0.9106587 2.704464
0.2337499 0.7015793 2.392212 0.1877202 0.5156646 2.415416 0.07557845 0.3912154 2.311497 0.3447704 0.4040616 2.529944 0.02983593 0.1825759 2.220928 0.4084333 0.2029527 2.464776 0.188826 0.2298451 2.076306 0.4038367 0.313428 2.270993 0.1960681 0.2814144 2.041883 0.3992181 0.3244326 2.237237 0.2102265 0.1485612 2.420235 0.2306102 0.07834036 2.403879 0.1745132 0.009525485 2.349378 0.3015072 -0.003731788 2.447381 0.11961 -0.5079995 2.443307 0.2843575 -0.4926099 2.62526 0.09269156 -0.8830295 2.489771 0.2371757 -0.8579915 2.672148 0.1334692 -0.9408135 2.432879 0.2871208 -0.9082167 2.7162
0.2337182 0.7014109 2.391443 0.1875158 0.5152549 2.414689 0.07563553 0.3910447 2.311843 0.3455895 0.4037597 2.531689 0.02975772 0.179648 2.226569 0.4071421 0.2014765 2.471974 0.190518 0.231376 2.085898 0.4053114 0.3119258 2.278156 0.2022687 0.2765656 2.063258 0.4052136 0.3262644 2.252063 0.2100823 0.1486905 2.42019 0.2307507 0.07853879 2.403703 0.1753001 0.009430093 2.349143 0.301501 -0.003730014 2.447387 0.1185532 -0.5120322 2.443787 0.281972 -0.5019439 2.626903 0.09272553 -0.8870838 2.488704 0.2381144 -0.8575144 2.673181 0.1326651 -0.9427794 2.430445 0.3113067 -0.8936292 2.741283
0.2331213 0.7011695 2.390359 0.1869547 0.515087 2.413624 0.07582825 0.3906547 2.312069 0.346045 0.4040748 2.534113 0.02927273 0.1763332 2.232878 0.406273 0.1999022 2.476249 0.1976595 0.2627176 2.125304 0.4105174 0.3151318 2.285524 0.2033287 0.2628617 2.099508 0.4095445 0.328766 2.2715 0.2092054 0.1495215 2.419111 0.2301879 0.0795527 2.402569 0.1746757 0.0104531 2.346757 0.3013342 -0.003688027 2.44737 0.1185536 -0.5120314 2.443784 0.2833357 -0.4867877 2.618798 0.09253793 -0.8868883 2.488555 0.2403131 -0.8506553 2.672032 0.1329788 -0.9431008 2.429295 0.2793582 -0.9181198 2.681785
0.2327651 0.7012131 2.388785 0.1869716 0.5150521 2.413495 0.07589737 0.3902371 2.312276 0.3461364 0.4041589 2.533978 0.02969011 0.1749122 2.23745 0.4015322 0.1958763 2.491957 0.2140074 0.232095 2.137869 0.4159691 0.3115185 2.30207 0.2014425 0.235144 2.13521 0.4118748 0.3302472 2.280193 0.2087769 0.1507683 2.418489 0.2299094 0.08130437 2.401534 0.1744577 0.0118505 2.343782 0.3012092 -0.003522349 2.447509 0.1185194 -0.5121163 2.443742 0.2828888 -0.488389 2.619241 0.09249009 -0.8867345 2.488621 0.2408039 -0.8537899 2.673474 0.1308492 -0.9410214 2.431845 0.291432 -0.9107194 2.726878
0.2323103 0.7011286 2.387558 0.1863956 0.5150217 2.412736 0.07596766 0.3897957 2.312568 0.3444608 0.4087195 2.534995 0.02969101 0.1740085 2.24102 0.4030527 0.1932012 2.493828 0.2126318 0.2333793 2.140045 0.4176918 0.3125041 2.306442 0.2035357 0.2441782 2.136289 0.4141443 0.3322462 2.285256 0.2085361 0.1511304 2.418268 0.2299945 0.08172599 2.401247 0.1750199 0.01210065 2.343351 0.3011138 -0.003250618 2.447604 0.1184665 -0.5116804 2.44336 0.2827246 -0.4892769 2.619318 0.09247573 -0.8863826 2.488646 0.2403291 -0.8541917 2.673522 0.1315245 -0.941005 2.431258 0.2915497 -0.9102151 2.726752
0.2323178 0.7009875 2.387161 0.1854251 0.5148063 2.411373 0.07602189 0.3894192 2.312785 0.3438787 0.4080115 2.533708 0.03015008 0.1732731 2.244274 0.3949066 0.1909113 2.505867 0.2122422 0.2349199 2.143154 0.4205752 0.3096005 2.319369 0.2214773 0.2705665 2.140259 0.4166176 0.3344322 2.288719 0.2083475 0.1512168 2.417844 0.2299742 0.08180261 2.400858 0.1752521 0.01196866 2.342809 0.3010797 -0.003214648 2.447593 0.1184575 -0.5113423 2.443117 0.2826189 -0.4899895 2.619348 0.09237228 -0.8861997 2.488751 0.2396034 -0.8548346 2.67347 0.1313907 -0.9408851 2.431612 0.2065212 -0.9308901 2.653654
0.2325357 0.7007015 2.385682 0.185731 0.5144782 2.411457 0.07598908 0.3891741 2.313007 0.3438938 0.4086668 2.534049 0.03183873 0.1735039 2.247001 0.3933969 0.1899683 2.511302 0.2131825 0.2359966 2.144983 0.420418 0.3086973 2.325065 0.2246435 0.276135 2.140907 0.417607 0.3357651 2.291546 0.2078659 0.1539468 2.417453 0.229349 0.08601546 2.400097 0.1749567 0.01481803 2.341091 0.3001009 -0.0007343031 2.448054 0.1183094 -0.5115281 2.442961 0.2827428 -0.489608 2.619207 0.09186932 -0.8860822 2.489268 0.2378547 -0.8571631 2.674039 0.1311365 -0.9408614 2.431409 0.273725 -0.9267348 2.680403
0.232801 0.7004348 2.385272 0.1858026 0.5143856 2.411323 0.07600586 0.3888004 2.313282 0.3441103 0.4103622 2.535714 0.03228387 0.1733713 2.247791 0.3930658 0.1903095 2.511297 0.2141833 0.2361268 2.147161 0.4229664 0.309998 2.326227 0.2258721 0.2782101 2.141076 0.4182124 0.3359154 2.295097 0.2078327 0.1551412 2.417365 0.2295372 0.08747597 2.399991 0.1753011 0.0151579 2.340825 0.3000149 0.0008029864 2.448631 0.1181275 -0.5117546 2.442815 0.2827329 -0.4903059 2.619767 0.09236165 -0.88647 2.489 0.2389379 -0.856355 2.674502 0.131165 -0.9437699 2.426805 0.2751911 -0.9247928 2.687454
0.2324103 0.7002293 2.384735 0.1856553 0.5143622 2.411209 0.07612453 0.3884067 2.313514 0.3444212 0.4105173 2.536015 0.0329733 0.1736331 2.248196 0.3932636 0.1896565 2.511022 0.2152617 0.236295 2.148369 0.423207 0.3097062 2.326239 0.2282088 0.2810023 2.139821 0.4181081 0.3357182 2.296525 0.2078912 0.1559188 2.417613 0.2298312 0.0883841 2.400285 0.1757168 0.01551583 2.340935 0.3004798 0.002047526 2.44964 0.1180082 -0.5124306 2.442716 0.2823648 -0.4923193 2.620639 0.09250425 -0.8864745 2.489518 0.2388209 -0.8547726 2.673026 0.130678 -0.9436365 2.426471 0.2862049 -0.9153707 2.700819
0.2323079 0.7001359 2.384535 0.1855953 0.51426 2.411018 0.07575782 0.3884388 2.313622 0.3452733 0.4121442 2.53828 0.03363994 0.1736977 2.248406 0.3936201 0.1870578 2.515718 0.2158553 0.2379735 2.14967 0.419532 0.3094976 2.331999 0.2295731 0.2831585 2.140141 0.4180913 0.335664 2.296789 0.2110163 0.1596256 2.418164 0.2344701 0.09359156 2.401451 0.1805883 0.01808464 2.341464 0.308161 0.009017111 2.452962 0.1185185 -0.5109847 2.442054 0.2831988 -0.4898444 2.619935 0.09246556 -0.8854629 2.489846 0.2378555 -0.8545825 2.673399 0.130918 -0.9421872 2.427674 0.2974841 -0.8956434 2.751151
0.2321279 0.7001332 2.38423 0.1852975 0.5143359 2.41093 0.07554668 0.3883708 2.313685 0.3448209 0.4133191 2.539033 0.03435678 0.1736682 2.248785 0.3984706 0.1733777 2.525136 0.2144605 0.2438298 2.150234 0.4174943 0.3000837 2.343663 0.2326304 0.2899166 2.13964 0.4178466 0.3357354 2.296899 0.2091967 0.1593141 2.41734 0.2319588 0.09265962 2.40017 0.1777519 0.01803085 2.340122 0.3038121 0.006826071 2.450678 0.1183363 -0.5128587 2.442384 0.2814111 -0.497831 2.621698 0.09282628 -0.885978 2.489196 0.2388446 -0.8537276 2.673422 0.1298194 -0.9423989 2.427268 0.2758538 -0.9195303 2.694993
0.2317903 0.6998685 2.383714 0.1853983 0.5142277 2.410812 0.07559927 0.3882973 2.313872 0.3452492 0.4129311 2.539243 0.03519037 0.1739575 2.248605 0.3981416 0.1867332 2.515112 0.2151943 0.2442556 2.150001 0.4189417 0.3087023 2.330394 0.2330436 0.291696 2.139287 0.4177178 0.3358094 2.296798 0.2090531 0.1592078 2.417354 0.2317511 0.0924037 2.400108 0.1775774 0.01779816 2.339974 0.3031828 0.005874353 2.450809 0.1183361 -0.5141585 2.442893 0.2811581 -0.5031371 2.623411 0.09233614 -0.8867188 2.489039 0.2388067 -0.8531015 2.673372 0.129364 -0.9429476 2.42692 0.2741532 -0.9203256 2.693254
0.2317337 0.6998934 2.383893 0.1853644 0.5142384 2.410824 0.07564542 0.3878994 2.314038 0.3459061 0.41114 2.538848 0.03517502 0.1739682 2.2488 0.3967296 0.1876291 2.512935 0.2153425 0.2437421 2.150159 0.4160886 0.3097387 2.328172 0.2330241 0.2922508 2.138773 0.4171265 0.3358563 2.29606 0.2088089 0.1589973 2.417366 0.2314139 0.09195001 2.399971 0.1772683 0.0174374 2.339743 0.3026769 0.005028589 2.450692 0.1182247 -0.5143939 2.442914 0.2815222 -0.5023041 2.623527 0.09260926 -0.8872396 2.488782 0.2388663 -0.8530509 2.673342 0.1303314 -0.9447566 2.425153 0.2901535 -0.9138761 2.705449
0.2317179 0.6998489 2.383855 0.1853843 0.5142457 2.410832 0.07576418 0.3878834 2.31432 0.3465188 0.4132184 2.541316 0.03545983 0.1739471 2.248895 0.403442 0.1921486 2.501367 0.2150497 0.2433482 2.14879 0.4161801 0.3160122 2.317272 0.2192281 0.2733592 2.135492 0.4164789 0.335818 2.295041 0.2098991 0.1603592 2.417808 0.2329475 0.09366944 2.400628 0.178913 0.01819206 2.339278 0.3053611 0.006589684 2.453237 0.1181735 -0.5145132 2.442882 0.2818575 -0.5007023 2.623169 0.09279424 -0.8877483 2.488885 0.238746 -0.8526983 2.672312 0.1301664 -0.9447598 2.424904 0.2835983 -0.916623 2.698888
0.2317985 0.7003881 2.384255 0.1853404 0.5143225 2.410823 0.07572448 0.3879754 2.314648 0.3476132 0.4118263 2.539435 0.0354574 0.1739654 2.249026 0.4057842 0.1979429 2.490526 0.2142309 0.2427028 2.14678 0.4122877 0.3230847 2.307044 0.2176277 0.28414 2.12481 0.4130921 0.3376421 2.289447 0.2089375 0.1605753 2.417537 0.2315224 0.09373442 2.40005 0.1765489 0.0188481 2.338431 0.3036162 0.005997224 2.452303 0.118737 -0.5124112 2.442212 0.283892 -0.4939468 2.621617 0.09281802 -0.8851484 2.489853 0.2386659 -0.8524545 2.67111 0.1307585 -0.9430765 2.425981 0.2833388 -0.9165253 2.69909
0.2316559 0.7003444 2.384119 0.1852695 0.5142904 2.410945 0.07552124 0.3882225 2.315177 0.348296 0.4112331 2.539757 0.03545589 0.1739994 2.248945 0.4066342 0.1982586 2.48832 0.2126067 0.2415358 2.142661 0.408214 0.3172785 2.300405 0.221178 0.2978727 2.109938 0.4056613 0.3397059 2.27539 0.2085092 0.160597 2.417585 0.231006 0.09371131 2.399956 0.175765 0.01904353 2.338294 0.3030777 0.005614646 2.452042 0.1187533 -0.5122167 2.442129 0.2839797 -0.493003 2.621035 0.0928698 -0.88505 2.489849 0.2385209 -0.8529745 2.670775 0.1312906 -0.943014 2.426437 0.287739 -0.912608 2.715369
0.231633 0.7003202 2.384125 0.1853551 0.5143158 2.41121 0.07542102 0.3883098 2.315658 0.3478995 0.4112727 2.537662 0.03544579 0.1745636 2.247884 0.407187 0.1991051 2.482895 0.2012284 0.2162841 2.110561 0.4036296 0.3145912 2.292674 0.2078201 0.2844184 2.092748 0.400078 0.3383372 2.261115 0.2086645 0.159803 2.417903 0.2311662 0.09238233 2.400132 0.1759572 0.01838098 2.338983 0.3031231 0.004981272 2.451661 0.1189507 -0.5120182 2.442157 0.2844386 -0.4918882 2.62108 0.09289258 -0.8850983 2.489856 0.2385601 -0.8530747 2.670646 0.1314706 -0.9430457 2.426635 0.2826853 -0.915325 2.703744
0.2314748 0.700497 2.384668 0.1859598 0.5139434 2.411914 0.07499521 0.3884174 2.316032 0.347591 0.4094277 2.535292 0.03503878 0.1760555 2.245092 0.4081034 0.1985681 2.480104 0.1872535 0.2231953 2.093168 0.381084 0.34722 2.224283 0.1975077 0.2924152 2.058784 0.3918568 0.3328854 2.243988 0.208537 0.1582703 2.41815 0.2308209 0.09028465 2.400003 0.1752279 0.01769496 2.339679 0.3028712 0.003270548 2.450177 0.1194663 -0.5097581 2.442002 0.2845506 -0.4912248 2.621136 0.09282777 -0.8816393 2.490082 0.2384922 -0.854005 2.671224 0.1299478 -0.9390422 2.42907 0.2811329 -0.9163381 2.700469
0.2313757 0.7005576 2.38463 0.185873 0.5143363 2.412693 0.07486534 0.3886001 2.316621 0.3457645 0.4139161 2.532285 0.03578324 0.1802652 2.23623 0.4086106 0.2024501 2.459244 0.166452 0.223086 2.062592 0.3746564 0.3474351 2.216211 0.190355 0.2980026 2.015004 0.3807693 0.3307841 2.224013 0.2080645 0.1570159 2.418765 0.2301842 0.08836031 2.400334 0.1743102 0.01688429 2.341583 0.3022326 0.00266201 2.449275 0.1193487 -0.5095189 2.441952 0.2851789 -0.4886539 2.620754 0.09281134 -0.8822148 2.490419 0.2385234 -0.8540143 2.671207 0.1300924 -0.9391116 2.42893 0.2808498 -0.9164236 2.699898
0.2312871 0.7007843 2.384892 0.186166 0.5145305 2.413765 0.07480581 0.3885325 2.316728 0.3458185 0.4152216 2.532584 0.03792049 0.1812118 2.222026 0.4088853 0.2024976 2.459326 0.1453161 0.2224076 2.029009 0.3859203 0.2678788 2.246431 0.1758365 0.288992 1.95486 0.3740169 0.3129568 2.218238 0.2080231 0.1564763 2.419573 0.2302701 0.08776394 2.400941 0.1741457 0.01633964 2.342859 0.3022935 0.002603335 2.449336 0.1193087 -0.5101057 2.443024 0.2850087 -0.488879 2.620924 0.09264407 -0.8825837 2.490337 0.2382171 -0.85416 2.671437 0.1308862 -0.9402027 2.428019 0.2801657 -0.9162267 2.697981
0.2309634 0.7004409 2.385206 0.1865492 0.5143031 2.415032 0.07488338 0.3885029 2.316713 0.3452491 0.4164081 2.532021 0.04586706 0.1900854 2.181277 0.4113941 0.2052894 2.449097 0.1504265 0.2662836 1.91329 0.3825947 0.2675782 2.235989 0.1542557 0.272852 1.897884 0.3669764 0.3071889 2.210203 0.2083544 0.1536461 2.421027 0.2307795 0.08421439 2.402241 0.1741082 0.01459069 2.346743 0.3025696 0.001908551 2.448824 0.1193603 -0.5093253 2.442966 0.2855638 -0.4877943 2.621353 0.09264678 -0.8825648 2.490343 0.2392573 -0.8492494 2.671531 0.1309149 -0.9401563 2.429157 0.2916527 -0.9058716 2.720857
0.2312289 0.7008097 2.387103 0.1866141 0.5145919 2.415823 0.07498247 0.3886747 2.316612 0.3462652 0.420357 2.535917 0.03987085 0.1945521 2.186109 0.4114035 0.2068457 2.42415 0.149408 0.2736391 1.921141 0.3541511 0.2814784 2.202839 0.1429545 0.2636623 1.891956 0.3528314 0.2943608 2.19484 0.2081692 0.1531584 2.421745 0.2308439 0.08366146 2.40292 0.1738584 0.01480104 2.350193 0.302656 0.001871862 2.448629 0.1193257 -0.5094481 2.443053 0.2855516 -0.4871339 2.621367 0.09204736 -0.8827383 2.490293 0.2382133 -0.8517036 2.671085 0.13088 -0.9402219 2.429223 0.291316 -0.9059107 2.721493
0.2313052 0.7010169 2.388965 0.186201 0.5151288 2.417441 0.07528848 0.3890415 2.316463 0.3444175 0.4219518 2.535035 0.0386777 0.1978836 2.183619 0.4150904 0.2045019 2.386128 0.1097789 0.2047206 1.893727 0.3449001 0.2809355 2.187271 0.1173258 0.221974 1.870052 0.347843 0.2917393 2.185403 0.2076043 0.1528464 2.422365 0.2305044 0.08341295 2.403214 0.1732232 0.01647524 2.353841 0.3010846 0.003407814 2.446069 0.1194509 -0.5091203 2.443234 0.2852961 -0.4884431 2.623192 0.09214185 -0.8823874 2.490302 0.2371343 -0.8538483 2.670897 0.1313134 -0.9400727 2.430411 0.2680841 -0.9187525 2.702309
0.2314886 0.7008716 2.389989 0.1862181 0.5154977 2.41895 0.07576203 0.3889638 2.315975 0.3427524 0.4220699 2.53345 0.03551349 0.2022044 2.174947 0.4110269 0.2217902 2.315197 0.09953263 0.1972826 1.883279 0.3099847 0.247029 2.118144 0.10679 0.2110929 1.855579 0.3430046 0.2769824 2.173591 0.20715 0.1520744 2.423226 0.2302616 0.08253392 2.403702 0.1732685 0.01653338 2.355051 0.3006056 0.003391807 2.445515 0.1195991 -0.5091518 2.443527 0.2858964 -0.4863987 2.623816 0.0921915 -0.8824998 2.490484 0.2371162 -0.8522815 2.671137 0.1320044 -0.9404955 2.430894 0.2921694 -0.9017062 2.725392
0.2315378 0.7007387 2.390464 0.1863012 0.5158243 2.419944 0.07624191 0.3890584 2.315412 0.3419155 0.4220906 2.532532 0.02937427 0.2199188 2.171647 0.411117 0.2215217 2.314929 0.09752001 0.1977457 1.881816 0.3115065 0.2468901 2.117119 0.1034025 0.208713 1.850681 0.342114 0.2741745 2.169415 0.2065574 0.1514032 2.423944 0.2298454 0.08170703 2.404058 0.1730524 0.01656569 2.356088 0.299766 0.003302727 2.444702 0.1196808 -0.5092288 2.443692 0.2851359 -0.4885375 2.624741 0.09212211 -0.8827832 2.490567 0.2370868 -0.8518763 2.671114 0.1319628 -0.9409969 2.429572 0.2196692 -0.9242509 2.631161
0.2315636 0.7007589 2.390609 0.1861365 0.515912 2.420155 0.07650254 0.3890661 2.315031 0.3414314 0.4223573 2.532398 0.01541009 0.2223688 2.174388 0.4116246 0.2219751 2.314982 0.0893501 0.1975247 1.886295 0.3142996 0.2471685 2.115941 0.09384611 0.1970203 1.838634 0.3406158 0.2718427 2.162115 0.206345 0.1510678 2.424717 0.2299433 0.08132844 2.404684 0.1741748 0.01640158 2.358019 0.2996416 0.003377826 2.444702 0.119668 -0.5088598 2.443923 0.2854142 -0.487936 2.62512 0.09207004 -0.8827477 2.490748 0.2375468 -0.8527302 2.671295 0.1309461 -0.9389724 2.433882 0.2125522 -0.9283209 2.642627
0.2330679 0.701237 2.392174 0.1861302 0.5160003 2.420197 0.07678543 0.389405 2.314636 0.3414758 0.4226463 2.532543 0.01105685 0.2237253 2.175126 0.4148779 0.2070426 2.333914 0.08750524 0.19782 1.887841 0.3331496 0.2503187 2.130743 0.09332319 0.1964414 1.838456 0.3408993 0.2716536 2.161684 0.2063341 0.1507493 2.425658 0.2301578 0.08085937 2.405765 0.1751109 0.01631101 2.360371 0.2995721 0.003332902 2.444886 0.1192634 -0.5114835 2.444866 0.285472 -0.4877633 2.625219 0.09205031 -0.8835817 2.490306 0.2376938 -0.852096 2.670509 0.1297709 -0.9398379 2.433069 0.2777635 -0.917871 2.687647
0.2335863 0.7012106 2.392426 0.186076 0.5161924 2.420371 0.07723309 0.3897437 2.314448 0.3427142 0.4231216 2.533319 0.00771004 0.2232801 2.178462 0.4165173 0.2013595 2.343048 0.08606607 0.1978655 1.891697 0.3326514 0.239728 2.139773 0.09312753 0.1946975 1.839227 0.341861 0.2711211 2.162007 0.2063444 0.1508882 2.426285 0.2303087 0.08102857 2.406375 0.1755753 0.01623516 2.361438 0.299587 0.003733458 2.445057 0.1191043 -0.5120909 2.445202 0.2851299 -0.4889021 2.625242 0.09269563 -0.8850509 2.489594 0.2377612 -0.8514739 2.670443 0.1304819 -0.9430937 2.429055 0.277747 -0.9176653 2.687363
0.2341753 0.7014726 2.392821 0.1860032 0.5162386 2.420488 0.07766885 0.3895176 2.31442 0.3427548 0.4229864 2.533216 0.007339366 0.2227962 2.179381 0.4203984 0.1990669 2.348298 0.08615437 0.1976701 1.892745 0.3353473 0.238676 2.145827 0.09359433 0.1929354 1.841393 0.3431273 0.2698134 2.162865 0.206229 0.1509092 2.426505 0.2302797 0.08108043 2.406505 0.1756809 0.01629735 2.361491 0.2993603 0.003860508 2.445144 0.1190934 -0.5124777 2.445418 0.2838616 -0.4935427 2.626343 0.09263591 -0.8850708 2.489678 0.2370879 -0.8526452 2.671181 0.1305048 -0.9431096 2.429034 0.2769798 -0.9182451 2.687235
0.2355341 0.7006856 2.392767 0.1859957 0.5160065 2.420721 0.0776551 0.3894254 2.314309 0.3431036 0.4228949 2.533599 0.01680173 0.2153423 2.185304 0.4183001 0.1977254 2.350289 0.0887204 0.196032 1.896309 0.3392269 0.2609475 2.151698 0.09521085 0.1898266 1.846187 0.343376 0.2696066 2.162658 0.2061516 0.1509133 2.426733 0.230277 0.08116338 2.406648 0.1757465 0.01633012 2.361729 0.2992999 0.004040888 2.445064 0.1189785 -0.5116549 2.445174 0.2839415 -0.4937037 2.626526 0.09254891 -0.8841919 2.490459 0.2366834 -0.8533133 2.671209 0.1303519 -0.9415363 2.430541 0.2892404 -0.9109681 2.719355
0.2357463 0.7008154 2.392841 0.1860434 0.5159154 2.420766 0.07778902 0.3892902 2.314187 0.3440199 0.4225892 2.534667 0.01928624 0.2142738 2.185416 0.4191652 0.1973959 2.352696 0.09263203 0.1980459 1.896605 0.3395582 0.2757645 2.149238 0.09686444 0.1884243 1.84958 0.3465212 0.2689099 2.165834 0.2060981 0.1509814 2.426878 0.2303073 0.08132868 2.406772 0.1757953 0.01634472 2.36173 0.2992832 0.004125119 2.445122 0.1189783 -0.5116569 2.445175 0.2837193 -0.4935573 2.625975 0.09266385 -0.8845209 2.490338 0.2363369 -0.8534373 2.670916 0.1307132 -0.9418051 2.429675 0.279797 -0.9161801 2.699332
0.236551 0.7010185 2.392846 0.1859123 0.5158752 2.420579 0.07793339 0.3891968 2.314087 0.3443145 0.4222038 2.534586 0.02190096 0.2127826 2.186366 0.4155455 0.1986111 2.381936 0.09539367 0.1980863 1.897525 0.3500259 0.2696332 2.170327 0.1004736 0.1939189 1.85505 0.3495651 0.2701327 2.168935 0.2057001 0.1495139 2.426666 0.2299223 0.07940523 2.406435 0.1754551 0.01512138 2.361961 0.2987829 0.002506337 2.443787 0.1189139 -0.5117965 2.445173 0.2833616 -0.493263 2.625356 0.09272242 -0.8846295 2.490285 0.2371152 -0.8526145 2.671343 0.1307315 -0.9421861 2.430081 0.2796957 -0.9161939 2.698149
0.2371035 0.7011995 2.39305 0.1858755 0.5159174 2.420461 0.07807181 0.3891075 2.313974 0.3449459 0.4215863 2.535369 0.02282519 0.2119189 2.187201 0.421072 0.1987854 2.378381 0.100828 0.198949 1.89953 0.3515282 0.2713961 2.168705 0.1048424 0.1981394 1.861533 0.3525551 0.270324 2.171599 0.2055925 0.1500247 2.426438 0.2299239 0.0802554 2.406033 0.1751616 0.01632454 2.360446 0.2989487 0.002773363 2.443738 0.1189597 -0.5109939 2.444723 0.2840706 -0.492008 2.62522 0.0925397 -0.8846335 2.490479 0.237189 -0.8529042 2.67117 0.1296326 -0.9395285 2.434077 0.2797896 -0.9162144 2.698062
0.2372425 0.7012702 2.393044 0.1859484 0.5157961 2.420266 0.07853552 0.3889616 2.313931 0.3449983 0.4214645 2.535369 0.0238024 0.2110227 2.188245 0.4162874 0.2001105 2.393877 0.09789726 0.1784193 1.979955 0.3608226 0.2550085 2.184401 0.1104032 0.205938 1.870654 0.3562064 0.2703625 2.176678 0.2054197 0.1501702 2.42633 0.2297683 0.08054688 2.405803 0.174839 0.01651515 2.359758 0.298824 0.003087876 2.443656 0.1189168 -0.5118073 2.444655 0.2821884 -0.5032138 2.628113 0.09351815 -0.8860569 2.489169 0.2371656 -0.8529229 2.671088 0.1303418 -0.941609 2.431141 0.286598 -0.912605 2.710726
0.2374807 0.7014425 2.392859 0.185805 0.5161462 2.419801 0.07854911 0.3887764 2.313672 0.3451334 0.4210749 2.53473 0.0241492 0.2027405 2.187335 0.414833 0.200554 2.396215 0.09846723 0.133663 1.988922 0.3593621 0.2649049 2.184892 0.1112341 0.2065314 1.871553 0.3570936 0.2722706 2.175735 0.2054203 0.1502613 2.42627 0.2298014 0.08061644 2.405707 0.1748457 0.0166821 2.359523 0.2989147 0.003086601 2.443611 0.1188433 -0.5114517 2.444273 0.2836022 -0.4981964 2.627025 0.0935002 -0.8860494 2.488992 0.237181 -0.8529312 2.670766 0.1310456 -0.942381 2.4296 0.2871469 -0.9105644 2.713311
0.237425 0.7014741 2.392906 0.1858605 0.5163522 2.419606 0.07842738 0.3888749 2.313607 0.3429489 0.4205341 2.531387 0.02406429 0.1998145 2.187613 0.4138191 0.2036947 2.405163 0.09917935 0.1324172 1.988916 0.3592424 0.2727919 2.189663 0.1162573 0.2133494 1.86867 0.352462 0.2813762 2.164595 0.2055145 0.1502877 2.426033 0.2298799 0.08063451 2.40529 0.1748835 0.0168201 2.359129 0.2990449 0.003426422 2.442857 0.1193219 -0.5089282 2.443157 0.2844657 -0.4915344 2.624174 0.09325604 -0.8848334 2.488466 0.2372957 -0.8527223 2.670222 0.1307089 -0.9412825 2.431639 0.2870747 -0.911319 2.712384
0.237496 0.7015542 2.392751 0.1857758 0.5165815 2.419078 0.07817987 0.3887239 2.313275 0.3416292 0.4208986 2.530198 0.02436844 0.1955971 2.188202 0.414269 0.2041302 2.405496 0.1147144 0.2041964 1.942568 0.3613207 0.2734309 2.179375 0.124981 0.222447 1.891234 0.3525984 0.2846684 2.163532 0.2054567 0.1499172 2.425607 0.2298777 0.08011577 2.404769 0.1748404 0.01653142 2.358689 0.2990665 0.003130153 2.442416 0.1192712 -0.5090296 2.443106 0.2845128 -0.4908956 2.624234 0.09313543 -0.8850152 2.488465 0.236506 -0.8531727 2.668529 0.1313339 -0.9421094 2.430727 0.3030125 -0.8946434 2.740028
0.2375391 0.7015935 2.39278 0.1861843 0.5164391 2.418638 0.07801193 0.3887857 2.313206 0.3413272 0.4211619 2.530055 0.02471371 0.1918779 2.192331 0.4143019 0.2045306 2.405594 0.1198924 0.2076389 1.963088 0.3743685 0.2863802 2.201877 0.1399305 0.2378925 1.930268 0.3607735 0.2948609 2.175066 0.2053911 0.1488603 2.424896 0.2297545 0.07880308 2.403866 0.1740816 0.01539329 2.35716 0.2992175 0.001497817 2.441789 0.1192586 -0.5090855 2.443089 0.2845745 -0.49067 2.624138 0.09303988 -0.8848606 2.488324 0.2366266 -0.8537184 2.669505 0.1312156 -0.942098 2.430537 0.2772688 -0.9181775 2.690164
0.2373492 0.7016828 2.391975 0.1864228 0.5156748 2.417792 0.07762644 0.3889112 2.313079 0.3413288 0.4205643 2.529606 0.02339896 0.188872 2.201773 0.4107837 0.1833689 2.45803 0.1314009 0.2142398 2.00894 0.3981347 0.2572139 2.247394 0.1543112 0.2486872 1.975423 0.3749967 0.3010068 2.198984 0.2054301 0.1485439 2.424266 0.2297992 0.07858615 2.403194 0.173921 0.01515283 2.356413 0.2994814 0.00121037 2.441011 0.1193896 -0.5089076 2.443018 0.285406 -0.4866267 2.622814 0.09294593 -0.8838879 2.48874 0.2367342 -0.8539686 2.669377 0.1310754 -0.9415014 2.4312 0.2744267 -0.9195604 2.689948
0.237687 0.7017133 2.39098 0.186457 0.5154602 2.416739 0.07760239 0.388918 2.313065 0.3431775 0.4167778 2.530178 0.02160373 0.1866816 2.21095 0.4045279 0.1960126 2.473496 0.142318 0.2147562 2.026871 0.4030406 0.2542396 2.257318 0.1673839 0.2555858 2.006731 0.3845486 0.3065239 2.214026 0.2056786 0.1481009 2.423988 0.2300744 0.0780586 2.403018 0.1745746 0.01423006 2.356056 0.2998222 -0.0002246065 2.441115 0.1194164 -0.5088232 2.442957 0.2853554 -0.4868461 2.622902 0.09318442 -0.8834556 2.489207 0.2366816 -0.8535864 2.669205 0.1316213 -0.941489 2.431098 0.2767329 -0.9121268 2.707726
0.2374704 0.701265 2.389434 0.1865098 0.5154575 2.41602 0.07751766 0.3888347 2.31312 0.3440503 0.4151924 2.530639 0.02260634 0.1841486 2.21703 0.4108369 0.1788144 2.48596 0.1627356 0.2197632 2.050099 0.4087427 0.2578835 2.276993 0.1774029 0.2625815 2.035223 0.3932939 0.3120964 2.229838 0.2056367 0.148434 2.423429 0.2299829 0.07847967 2.402501 0.1742062 0.01386627 2.352819 0.2998708 -0.0004210498 2.441406 0.1194543 -0.5091558 2.442952 0.2856158 -0.4858666 2.622223 0.09326536 -0.8835642 2.489288 0.2368412 -0.8541235 2.669658 0.1321172 -0.9424545 2.429383 0.2859582 -0.9107381 2.712033
0.2369102 0.7008061 2.387743 0.1862799 0.5151759 2.414839 0.07749975 0.3888272 2.313135 0.3456677 0.4043367 2.527142 0.02425535 0.1800747 2.225388 0.4120516 0.1771758 2.488993 0.1786404 0.2233027 2.075033 0.4157428 0.2705957 2.286511 0.1863572 0.2606462 2.063786 0.4014159 0.3180252 2.239605 0.2060047 0.1483734 2.423226 0.2301414 0.07839076 2.402369 0.175243 0.01246194 2.351746 0.300171 -0.00117874 2.44206 0.1194312 -0.5091782 2.442997 0.2854773 -0.4864195 2.622392 0.09337218 -0.8835944 2.489481 0.2368179 -0.8541311 2.669686 0.132416 -0.9425149 2.429589 0.2852862 -0.9112533 2.710681
0.2368216 0.7010366 2.387215 0.1858267 0.5148712 2.413575 0.07744198 0.3887582 2.313168 0.3452818 0.403516 2.52633 0.02538774 0.1763346 2.234998 0.408767 0.177081 2.494698 0.1911427 0.2246423 2.100621 0.4193519 0.2734513 2.293985 0.1920325 0.2589157 2.086573 0.4106094 0.3224128 2.25504 0.2063633 0.1486869 2.422942 0.2305041 0.07886975 2.402387 0.1770989 0.01115654 2.349902 0.3007565 -0.001345966 2.445002 0.1195198 -0.5093941 2.44293 0.2855919 -0.4865481 2.622442 0.09343494 -0.8839724 2.488997 0.2381882 -0.8544178 2.671411 0.132731 -0.9425623 2.429322 0.2767856 -0.9149414 2.702877
0.236335 0.7003059 2.385637 0.185711 0.5141656 2.412374 0.07742752 0.388683 2.313212 0.3452247 0.403965 2.52692 0.02663857 0.1745885 2.239295 0.404709 0.1708138 2.514727 0.2095474 0.2143469 2.129007 0.4245144 0.2824394 2.322271 0.2015525 0.263468 2.104566 0.417649 0.3258259 2.267276 0.2086946 0.1499206 2.422818 0.2337615 0.0810366 2.403248 0.1826229 0.01114137 2.35068 0.3039798 0.0009429783 2.447523 0.119465 -0.5107571 2.443246 0.2858071 -0.4862596 2.622219 0.09349857 -0.884141 2.488924 0.2382963 -0.8544853 2.671462 0.1324462 -0.9422408 2.428729 0.2773104 -0.9177627 2.696276
0.236138 0.7004806 2.385016 0.1855763 0.5140374 2.411722 0.07759526 0.3884843 2.313358 0.3450816 0.4035719 2.52678 0.02745136 0.1738928 2.242108 0.4032861 0.204267 2.535052 0.2126028 0.2277656 2.143745 0.4257163 0.2827406 2.324358 0.2054877 0.2608598 2.123582 0.4215558 0.3291731 2.272264 0.2090443 0.1499907 2.422428 0.2338167 0.08102649 2.403248 0.1831382 0.01027705 2.349934 0.3039199 0.0003963574 2.448511 0.1194197 -0.5104795 2.44297 0.2858333 -0.4863655 2.62224 0.09337472 -0.8840646 2.490016 0.238321 -0.8544819 2.671497 0.1326085 -0.9421244 2.428725 0.2868091 -0.9154109 2.704589
0.2361886 0.700357 2.384749 0.1857291 0.513693 2.411517 0.07760958 0.3879548 2.313467 0.3450147 0.4032958 2.526781 0.02825311 0.1727294 2.245466 0.4032777 0.2040467 2.535065 0.2129614 0.2301753 2.148583 0.4280989 0.2921245 2.324088 0.2159573 0.270438 2.129473 0.4249416 0.3314693 2.277481 0.209294 0.1501313 2.422009 0.233738 0.081175 2.403137 0.1830008 0.01013314 2.349364 0.3035922 0.0003225129 2.448653 0.1192996 -0.5104956 2.442597 0.2842028 -0.4897463 2.622045 0.09345073 -0.8840118 2.489891 0.2383176 -0.8544073 2.670905 0.1326263 -0.9420875 2.428885 0.286818 -0.9155008 2.703796
0.2362721 0.7002753 2.384592 0.1852006 0.5134352 2.410626 0.07761633 0.3876064 2.313604 0.3449591 0.403361 2.52694 0.02930087 0.1725639 2.247686 0.4016265 0.2016607 2.52071 0.2134895 0.2308481 2.150306 0.4303663 0.2969447 2.321476 0.2205369 0.2752432 2.132336 0.4271141 0.3333383 2.281441 0.2097539 0.1509742 2.421562 0.2339974 0.08229279 2.403229 0.1834653 0.01048214 2.349222 0.3036006 0.0009495001 2.449331 0.1190971 -0.5098882 2.442046 0.2843978 -0.4875315 2.620714 0.09339167 -0.88366 2.489771 0.2380139 -0.8548865 2.672088 0.1313133 -0.9397857 2.432007 0.3015868 -0.9023563 2.733485
0.2353902 0.6992356 2.382836 0.1850167 0.513397 2.410465 0.07742144 0.3871277 2.313757 0.3448396 0.4037062 2.527304 0.03029418 0.1725246 2.248671 0.4017764 0.201609 2.515402 0.2138698 0.2332102 2.151721 0.435628 0.3002282 2.318823 0.2262452 0.2825803 2.133839 0.4294842 0.3349751 2.285151 0.2100213 0.151027 2.421213 0.2339915 0.08229276 2.403234 0.1834786 0.01037966 2.34925 0.3035092 0.0009277986 2.449384 0.1189613 -0.5099061 2.441774 0.284569 -0.4878359 2.620826 0.09323932 -0.8834835 2.489275 0.238518 -0.8552217 2.67293 0.1312796 -0.9401002 2.431938 0.2788705 -0.9180695 2.696627
0.2351908 0.6992711 2.382326 0.1850773 0.513378 2.410385 0.0774349 0.3866367 2.313929 0.344769 0.4037257 2.527548 0.03141041 0.1727477 2.24959 0.4008397 0.2016427 2.518419 0.2147241 0.2346463 2.153034 0.4376101 0.3004045 2.322517 0.2280092 0.2849495 2.135206 0.4320956 0.3370206 2.290215 0.2100027 0.1536895 2.420277 0.2334676 0.08589207 2.40242 0.1823133 0.01293477 2.345434 0.3033144 0.002211703 2.450388 0.1189793 -0.5095374 2.441637 0.2846164 -0.4879113 2.620798 0.09322561 -0.8833485 2.488895 0.2384345 -0.8558087 2.673091 0.1322813 -0.9407911 2.431517 0.2893988 -0.9090984 2.721067
0.2352068 0.6992479 2.38238 0.1849459 0.5134051 2.41025 0.07745504 0.3865229 2.314138 0.3445044 0.4029775 2.527648 0.0319586 0.1728629 2.24996 0.3973759 0.2000479 2.520805 0.2149231 0.2351054 2.152961 0.440308 0.2989474 2.326363 0.2286226 0.2858644 2.136329 0.4335755 0.337218 2.292598 0.2102232 0.1535254 2.420107 0.2335331 0.08539494 2.402655 0.1827203 0.01216236 2.346221 0.3031693 0.001949961 2.450567 0.1189462 -0.5095191 2.441591 0.2846395 -0.4882597 2.620833 0.09321827 -0.8833356 2.488892 0.2387271 -0.8556836 2.673089 0.1327532 -0.9409027 2.431477 0.2752534 -0.9163569 2.70659
0.2351341 0.699432 2.382091 0.1849833 0.5134094 2.410069 0.07750158 0.3864504 2.314208 0.3444701 0.4042414 2.529305 0.03222181 0.1729856 2.25012 0.397426 0.1873663 2.529444 0.2153117 0.235249 2.153468 0.4374225 0.2929503 2.338163 0.2285839 0.2861212 2.136491 0.434649 0.3287439 2.304325 0.2104565 0.1546186 2.420076 0.2335619 0.08669327 2.40318 0.182889 0.01243478 2.346334 0.3027919 0.003191886 2.45207 0.1189834 -0.5094965 2.441576 0.2846943 -0.4879672 2.620543 0.0932221 -0.8832936 2.488951 0.2387156 -0.8556622 2.672735 0.1330815 -0.9409822 2.431293 0.2812254 -0.9141812 2.704506
0.2354932 0.6998419 2.382573 0.1848998 0.5134699 2.409927 0.07748115 0.3862961 2.314245 0.344479 0.4061251 2.533208 0.03261695 0.1730172 2.250273 0.3978365 0.2044414 2.533524 0.2128358 0.24152 2.152333 0.4383145 0.2944472 2.333997 0.228467 0.286217 2.136236 0.4343678 0.3256109 2.308375 0.2105134 0.1546313 2.41975 0.2335267 0.08658122 2.403345 0.1829815 0.01216269 2.34663 0.302543 0.002842363 2.45252 0.1189365 -0.5093879 2.441389 0.2848208 -0.4879441 2.620687 0.09313811 -0.8832508 2.489067 0.2380867 -0.8561644 2.672408 0.1333493 -0.9410611 2.43114 0.2825809 -0.9141113 2.70776
0.235179 0.6998229 2.382249 0.1849278 0.5134854 2.409944 0.07755151 0.3861492 2.314337 0.3444472 0.4059408 2.53333 0.03290791 0.1730982 2.250249 0.3997524 0.1825916 2.532533 0.2136122 0.2378468 2.150446 0.435747 0.2904574 2.341823 0.2274154 0.2848056 2.134629 0.432861 0.3311139 2.298795 0.2108337 0.1546008 2.419676 0.2336445 0.08640767 2.403611 0.183267 0.01187778 2.347094 0.3025313 0.002735818 2.452764 0.1189153 -0.5092601 2.441218 0.2848248 -0.487983 2.620684 0.09325971 -0.883578 2.489873 0.2380762 -0.8561926 2.672125 0.1334303 -0.9411186 2.431013 0.2899951 -0.9111935 2.714527
0.2351615 0.6999279 2.382265 0.1851252 0.5135802 2.410094 0.07756309 0.3861513 2.314377 0.344424 0.4065237 2.533705 0.03420798 0.1734852 2.249579 0.3995975 0.1796493 2.532579 0.2140734 0.2370942 2.147251 0.4341383 0.2884697 2.342186 0.2299577 0.2947072 2.119329 0.4317194 0.3314784 2.294392 0.213446 0.1567335 2.421226 0.2364538 0.08892021 2.406079 0.187299 0.01324756 2.349115 0.3053383 0.005127228 2.456631 0.1189895 -0.5090449 2.441211 0.2847682 -0.4878313 2.620487 0.09310496 -0.8835642 2.490469 0.237645 -0.8568021 2.671762 0.1334957 -0.9411855 2.431045 0.2866386 -0.9129261 2.709377
0.2351398 0.6999739 2.3823 0.1849474 0.5137382 2.410149 0.07755354 0.3860961 2.314441 0.3442524 0.406619 2.533563 0.03607515 0.1745813 2.247989 0.404432 0.1555316 2.534643 0.2140039 0.2151244 2.129657 0.4317245 0.286245 2.339285 0.2188551 0.2860613 2.104391 0.4288421 0.3312666 2.288039 0.2132004 0.157159 2.420406 0.2357782 0.08931345 2.405318 0.1856553 0.01410328 2.346746 0.3050104 0.00515001 2.456326 0.1191213 -0.5086697 2.441145 0.2848338 -0.4877566 2.62043 0.09308814 -0.883588 2.490537 0.2374056 -0.8570194 2.671417 0.1352521 -0.9418927 2.429633 0.2865227 -0.9122095 2.711486
0.235323 0.7001616 2.383449 0.1845955 0.5140402 2.410209 0.07756154 0.3861134 2.314605 0.3435339 0.4069737 2.532615 0.03829947 0.1755228 2.245828 0.3994343 0.1797885 2.539104 0.2128423 0.2108252 2.120183 0.4246425 0.2669953 2.335654 0.2087276 0.2756249 2.098328 0.4237146 0.3312192 2.27908 0.2133527 0.1571459 2.420181 0.2356527 0.08915883 2.405368 0.1856592 0.01394718 2.34676 0.3046455 0.004784839 2.456534 0.1191154 -0.5085358 2.441002 0.2855436 -0.486368 2.620397 0.093182 -0.8832099 2.490597 0.2378958 -0.8568295 2.671223 0.1350054 -0.9413801 2.429366 0.2744424 -0.9173996 2.704819
0.2348951 0.7000005 2.383294 0.1866269 0.5135704 2.412118 0.07734301 0.3864226 2.315089 0.3437549 0.409829 2.53386 0.03822946 0.1761414 2.24459 0.4034758 0.1774747 2.517184 0.1872807 0.2253085 2.090874 0.4154184 0.2830682 2.298015 0.2049868 0.2877519 2.063475 0.4078424 0.3306885 2.247299 0.2136582 0.1570346 2.42036 0.2357156 0.08904768 2.405518 0.1856857 0.0137911 2.346838 0.3045762 0.004367748 2.456687 0.1193405 -0.5078863 2.44085 0.2857068 -0.4854864 2.620116 0.0942014 -0.8824703 2.489547 0.2381403 -0.856764 2.67145 0.1349688 -0.9410661 2.429408 0.2756615 -0.9172785 2.705023
0.2349928 0.7000817 2.383642 0.1861008 0.513711 2.412218 0.07714512 0.3868384 2.31548 0.3439315 0.409789 2.534083 0.03908426 0.1773019 2.240662 0.4139568 0.1817002 2.481912 0.1857152 0.2463964 2.063396 0.4143746 0.284847 2.284925 0.2035922 0.2929878 2.030646 0.4052691 0.3240975 2.239798 0.2134805 0.1565279 2.420298 0.2353859 0.08815508 2.405486 0.1853545 0.01330011 2.347003 0.3043135 0.003051495 2.456293 0.1192528 -0.5079921 2.440821 0.2856733 -0.4854641 2.620015 0.09372227 -0.8833945 2.489755 0.2374168 -0.8559834 2.67055 0.1358354 -0.9422794 2.428274 0.2773694 -0.9194497 2.693065
0.2350873 0.7002248 2.384272 0.1861447 0.5136811 2.412688 0.07710335 0.3869967 2.315727 0.3438805 0.4110754 2.535029 0.03968659 0.1793197 2.234223 0.4100167 0.1804459 2.486535 0.1797016 0.2724759 1.991024 0.4117552 0.2803325 2.287776 0.1912396 0.2774034 1.978655 0.3936058 0.3167443 2.225976 0.2133314 0.1566163 2.420312 0.2351144 0.08826996 2.405512 0.1844161 0.01504275 2.348582 0.3031836 0.003797073 2.454758 0.1194711 -0.5078804 2.441043 0.2857454 -0.4860101 2.620396 0.09365076 -0.8834098 2.489846 0.2375511 -0.8558947 2.670639 0.1347593 -0.9414541 2.429447 0.3042078 -0.9054546 2.73231
0.2351751 0.701389 2.386331 0.1861706 0.5140897 2.413749 0.07707571 0.3870683 2.315806 0.3439353 0.4106122 2.535143 0.03943489 0.1797598 2.225969 0.40674 0.1866197 2.48623 0.1596269 0.2604211 1.967344 0.4108563 0.2612538 2.275975 0.1796768 0.2698073 1.938207 0.3894387 0.3075007 2.225777 0.2133397 0.1569011 2.420724 0.2351116 0.08852495 2.405777 0.1846602 0.01713921 2.351341 0.302967 0.004931131 2.453842 0.1194554 -0.5079492 2.441093 0.2858858 -0.4858819 2.620839 0.09354898 -0.8832409 2.489855 0.2381597 -0.856369 2.671778 0.1341182 -0.9408816 2.430286 0.2977751 -0.9071623 2.73061
0.2353586 0.7008728 2.387305 0.186457 0.5145853 2.416136 0.07717632 0.387027 2.315799 0.3433672 0.4094364 2.534259 0.03901437 0.1821057 2.215316 0.4063953 0.1869099 2.486557 0.1581967 0.256683 1.954306 0.417169 0.243836 2.270725 0.1647908 0.2500506 1.940274 0.3844922 0.2898236 2.227188 0.2132474 0.1552984 2.421136 0.2351142 0.08611163 2.405542 0.1839679 0.01659996 2.351521 0.3036467 0.003769572 2.452185 0.1195009 -0.5077581 2.441139 0.2856175 -0.4870954 2.621619 0.0932452 -0.8831875 2.48987 0.2373923 -0.8568186 2.671141 0.1337678 -0.9406103 2.430525 0.2255219 -0.9306237 2.647835
0.2363003 0.7008917 2.390991 0.1860212 0.5149464 2.417662 0.07718933 0.3870449 2.315745 0.3433288 0.4090447 2.534872 0.03826119 0.1862145 2.206787 0.4028507 0.1898853 2.485828 0.1203967 0.186665 1.999542 0.389611 0.2520346 2.26221 0.1591697 0.2462601 1.926186 0.382015 0.282819 2.227639 0.212406 0.1541791 2.42173 0.234386 0.08467282 2.405623 0.1821568 0.01618037 2.352128 0.3035 0.002903155 2.451351 0.1194541 -0.5076899 2.441189 0.2858313 -0.4843929 2.620909 0.09324276 -0.8831166 2.489755 0.2395763 -0.8496481 2.672305 0.1336007 -0.9404989 2.430798 0.2965015 -0.8998838 2.725561
0.2358717 0.7008029 2.391323 0.1855284 0.5151457 2.418965 0.07767392 0.3867958 2.315573 0.3426895 0.4080141 2.534143 0.03830749 0.1925744 2.191923 0.4006152 0.1955683 2.484362 0.1146033 0.1978068 1.970378 0.4000394 0.2410341 2.265407 0.1455688 0.2322142 1.902664 0.3820743 0.271061 2.229787 0.2114352 0.1533702 2.422276 0.2336107 0.08376376 2.405584 0.1810303 0.01599338 2.352858 0.3024803 0.002985472 2.449841 0.1192263 -0.5085149 2.44154 0.2857718 -0.4845879 2.621046 0.09321889 -0.8833406 2.489321 0.2400881 -0.8507394 2.673 0.1339957 -0.9415104 2.429347 0.279631 -0.9182321 2.676282
0.2357545 0.7005152 2.39157 0.1850244 0.5155048 2.41936 0.0781903 0.3867629 2.315436 0.3424406 0.4078029 2.53394 0.03647479 0.1962389 2.18826 0.3964198 0.1968247 2.481448 0.1345748 0.2129427 1.908146 0.4011895 0.2341577 2.260937 0.1378522 0.2222381 1.890182 0.3782167 0.2664053 2.225323 0.2109919 0.1534608 2.423066 0.2335232 0.0839316 2.406052 0.1814704 0.01638255 2.353815 0.3020636 0.003376656 2.450153 0.1191964 -0.5083004 2.441706 0.2864664 -0.4831365 2.620864 0.09328256 -0.8836312 2.489378 0.2393386 -0.8515646 2.672329 0.137119 -0.9435596 2.42943 0.2824552 -0.9141234 2.691193
0.2350714 0.7005109 2.392444 0.1847436 0.5156093 2.419657 0.07848762 0.3866899 2.315233 0.3410722 0.4075672 2.531857 0.03404646 0.1996399 2.187118 0.3936142 0.1993911 2.473142 0.1332526 0.2112377 1.907178 0.4007995 0.2310508 2.251781 0.1370484 0.2211787 1.888831 0.3776819 0.2643318 2.227079 0.2105308 0.1529748 2.423679 0.2333044 0.08339872 2.40632 0.1814812 0.01586365 2.354025 0.3016877 0.003177923 2.450307 0.1194526 -0.5081639 2.442196 0.2864836 -0.4830584 2.620909 0.09326193 -0.8834873 2.489316 0.238334 -0.852646 2.672439 0.1368516 -0.9431084 2.430542 0.2824771 -0.9122739 2.697408
0.234118 0.6998542 2.39275 0.1845536 0.5157248 2.419967 0.0785349 0.38676 2.31513 0.3402665 0.4070528 2.530825 0.03330313 0.2001648 2.186311 0.391706 0.199966 2.471289 0.133385 0.2112811 1.906713 0.3946881 0.2286261 2.249414 0.1372154 0.2215322 1.889043 0.3761477 0.2650458 2.226381 0.2096635 0.1521759 2.423994 0.2325263 0.0823722 2.40617 0.1809151 0.0155408 2.354637 0.3000204 0.002831221 2.448505 0.1194506 -0.507728 2.44223 0.2863701 -0.4830587 2.620965 0.09317061 -0.8833815 2.489413 0.2384526 -0.8528201 2.672378 0.1365222 -0.9425915 2.430956 0.2812536 -0.9133172 2.698623
0.2334497 0.7000915 2.393383 0.1839958 0.5160148 2.420454 0.07857554 0.3867728 2.315099 0.3388812 0.4052309 2.528689 0.03241574 0.2000678 2.18556 0.3891155 0.2001557 2.467009 0.1336038 0.2115361 1.906432 0.3659684 0.24789 2.200851 0.1374826 0.222252 1.889749 0.3743941 0.2647999 2.224983 0.2089314 0.1518003 2.424573 0.2320173 0.08198665 2.406375 0.180727 0.01527308 2.354802 0.2990911 0.002576186 2.448653 0.1193807 -0.5080287 2.442386 0.2856326 -0.4838203 2.620521 0.09413555 -0.8840979 2.490557 0.239066 -0.8531287 2.672373 0.1372645 -0.9434296 2.429993 0.2956579 -0.9077495 2.717627
0.2329942 0.7001787 2.393745 0.1836054 0.5163162 2.420511 0.07857506 0.3868211 2.315068 0.3383635 0.4040253 2.527159 0.03129312 0.2001397 2.185721 0.389099 0.2001818 2.466954 0.1360464 0.2177744 1.908359 0.3751463 0.2596608 2.242216 0.1376401 0.2224607 1.889865 0.3739853 0.2646103 2.224656 0.2079551 0.1510895 2.424771 0.2311087 0.08103022 2.406165 0.1799995 0.01502785 2.355328 0.297699 0.002000182 2.447371 0.1194905 -0.5081141 2.442548 0.2855654 -0.4839975 2.620748 0.09416957 -0.8839669 2.490561 0.2391974 -0.8532352 2.672523 0.1371688 -0.9433501 2.430091 0.2951196 -0.9077118 2.719408
0.2325955 0.7002518 2.393725 0.1833589 0.5165507 2.420685 0.07867762 0.386752 2.315015 0.3381628 0.4043216 2.527108 0.03021094 0.1996673 2.185853 0.3883531 0.2004038 2.467352 0.1385441 0.2210589 1.910259 0.366652 0.2557157 2.197746 0.1389156 0.222965 1.892161 0.3738273 0.2647704 2.224606 0.2074881 0.1504149 2.425167 0.230872 0.08014217 2.406289 0.1797312 0.01433584 2.355574 0.2975889 0.001694431 2.447389 0.1193079 -0.5084122 2.44236 0.285519 -0.4841026 2.620807 0.09403127 -0.8839954 2.490394 0.2392484 -0.8533973 2.672399 0.1345506 -0.9418724 2.430572 0.3000505 -0.9062135 2.725813
0.2322398 0.7001672 2.393692 0.1822639 0.5174845 2.420743 0.07872428 0.3867572 2.314971 0.338171 0.4042062 2.527137 0.03019956 0.1995929 2.185767 0.3885914 0.2009708 2.469582 0.1402647 0.2167197 1.91062 0.4018275 0.2302396 2.248297 0.1393232 0.2229375 1.892766 0.3741798 0.2642007 2.225005 0.2068094 0.1516026 2.425461 0.2305022 0.08168361 2.406343 0.1797825 0.01514257 2.355365 0.2972046 0.002864504 2.447744 0.1194286 -0.5088639 2.442538 0.2858473 -0.4850525 2.621707 0.09405804 -0.8843518 2.48957 0.2393603 -0.853389 2.672488 0.134104 -0.9420559 2.430755 0.2949576 -0.9109321 2.720185
0.232038 0.7001691 2.393567 0.1819217 0.5176098 2.420719 0.07881307 0.3866481 2.314991 0.3378823 0.4048465 2.527472 0.03015572 0.1995397 2.18587 0.395739 0.1878477 2.471325 0.1033169 0.138392 1.985027 0.4044261 0.2346354 2.253052 0.1398958 0.2200976 1.894257 0.3765335 0.2608451 2.225258 0.2065577 0.1518618 2.425714 0.230504 0.08212036 2.406435 0.1799828 0.01543955 2.355253 0.2971617 0.00322528 2.448119 0.1193554 -0.508813 2.442395 0.2857989 -0.485061 2.621698 0.09403594 -0.8841945 2.489589 0.2386776 -0.8527567 2.671345 0.1342374 -0.9420822 2.430722 0.2892812 -0.9127844 2.710176
0.2313565 0.7003037 2.393256 0.1816261 0.5178767 2.420668 0.0787961 0.3866731 2.315001 0.3378206 0.4050987 2.52772 0.02985252 0.19973 2.1869 0.3913113 0.1985291 2.47925 0.1141502 0.186631 1.981299 0.4038441 0.2327047 2.258718 0.1405548 0.2202238 1.895078 0.3756744 0.2638495 2.225097 0.2063629 0.1518154 2.425896 0.2304846 0.08209858 2.406449 0.1799569 0.01546826 2.355504 0.2971298 0.003269945 2.448045 0.1192632 -0.5087291 2.442304 0.2856026 -0.484969 2.621603 0.0940795 -0.8839597 2.489672 0.2377638 -0.8540092 2.670908 0.1342935 -0.9420901 2.430728 0.2769344 -0.9153528 2.701101
0.2303758 0.7002316 2.39337 0.1805257 0.5184433 2.420728 0.07883713 0.3867474 2.315011 0.3374019 0.4049683 2.527573 0.02977923 0.1993622 2.187228 0.3932979 0.1926237 2.476579 0.1148656 0.1872442 1.981936 0.4012233 0.2374593 2.257888 0.1419708 0.2202214 1.8979 0.3774278 0.261982 2.224798 0.2055818 0.1515503 2.425734 0.2299271 0.08179168 2.405993 0.1790862 0.01545961 2.354906 0.2968745 0.003241756 2.447657 0.1191635 -0.508957 2.442264 0.2855175 -0.4854659 2.621785 0.09394174 -0.8841513 2.489983 0.238117 -0.8542065 2.671 0.1352744 -0.9428354 2.429375 0.2332579 -0.9278929 2.645094
0.2298743 0.7001745 2.393758 0.1802723 0.518387 2.420803 0.07852456 0.3869224 2.315023 0.3375399 0.4046379 2.52761 0.02910481 0.1982492 2.189233 0.389212 0.1989785 2.477962 0.1161994 0.1857278 1.984899 0.4154376 0.2335142 2.258826 0.1445892 0.2194458 1.903997 0.3799041 0.266953 2.22955 0.2051843 0.1513881 2.425889 0.2297021 0.08167047 2.405921 0.1787496 0.01535515 2.354969 0.296718 0.003111796 2.447379 0.1190342 -0.509077 2.442242 0.2852866 -0.4844675 2.621105 0.09328558 -0.8841925 2.489487 0.2364295 -0.8566084 2.669951 0.1329261 -0.9404673 2.431822 0.2776951 -0.9190262 2.69285
