0.08188452 0.7069646 2.397912 0.05158955 0.5158864 2.418388 -0.05066537 0.4135108 2.302848 0.2384033 0.3845681 2.543536 -0.05357224 0.2448426 2.152271 0.4044945 0.2822376 2.562128 0.1532421 0.3555197 2.077015 0.4352868 0.4111117 2.381698 0.2305077 0.4173382 2.086775 0.4386534 0.478064 2.296815 0.08075136 0.1545004 2.42314 0.1025172 0.08671088 2.408118 0.04026765 0.01723175 2.361156 0.1826071 0.004469175 2.446941 0.00229377 -0.5100133 2.463302 0.1782133 -0.474521 2.625414 -0.01858303 -0.8764569 2.51459 0.1401224 -0.8576772 2.702506 0.008000376 -0.933212 2.45166 0.2111551 -0.904147 2.725199
0.08173826 0.706979 2.397685 0.05154066 0.5159148 2.418466 -0.0521027 0.4109117 2.302958 0.2382961 0.3730207 2.540893 -0.05012832 0.2343426 2.147011 0.4049047 0.2779721 2.571756 0.1541599 0.3558654 2.076475 0.4442286 0.4023375 2.39023 0.2333924 0.4095348 2.07905 0.4572646 0.4376486 2.343608 0.08060747 0.154314 2.423409 0.1024965 0.08622753 2.408046 0.03980761 0.01598962 2.360456 0.1829375 0.003868049 2.447105 0.002300257 -0.5100011 2.463289 0.1784274 -0.4745477 2.625514 -0.01881557 -0.8762538 2.514741 0.1402464 -0.8570508 2.699933 0.008073722 -0.9331124 2.451619 0.2103 -0.9042621 2.724406
0.08194342 0.7069792 2.397375 0.0519945 0.5159069 2.418058 -0.05268973 0.4085817 2.30367 0.2399206 0.3688873 2.538261 -0.0771096 0.2266791 2.162631 0.3988925 0.2725774 2.586094 0.152714 0.3467527 2.070381 0.4546552 0.380736 2.413404 0.2056006 0.3625792 2.057397 0.4663111 0.4101864 2.373814 0.08039599 0.1524085 2.422981 0.1021013 0.08299316 2.40702 0.03885177 0.01408171 2.361389 0.1825437 0.0005273942 2.443393 0.002162157 -0.5098368 2.463043 0.1767889 -0.4833278 2.628033 -0.01898517 -0.8758821 2.515056 0.1402068 -0.8589789 2.700311 0.00824436 -0.9329349 2.452658 0.2087336 -0.9052975 2.724759
0.08320071 0.7063168 2.396394 0.05282346 0.5160754 2.417509 -0.05240789 0.4056966 2.305345 0.241177 0.3672139 2.536888 -0.08565725 0.222509 2.167802 0.3767143 0.2601396 2.611495 0.1456222 0.3318081 2.064856 0.4551938 0.3816209 2.41252 0.2043956 0.3596802 2.056286 0.4698062 0.4059808 2.375872 0.08153693 0.1497207 2.423055 0.1035519 0.07893853 2.406997 0.03929387 0.009680674 2.362629 0.1844532 -0.002017221 2.442911 0.002280425 -0.5098677 2.463174 0.176831 -0.4830148 2.627779 -0.01920457 -0.875967 2.515147 0.1424551 -0.8564466 2.700575 0.008120645 -0.9322948 2.453624 0.2086077 -0.9054053 2.724199
0.08536129 0.7047693 2.394098 0.05378401 0.5160596 2.417036 -0.05136283 0.4018141 2.307193 0.2068609 0.4747559 2.559732 -0.09786029 0.2150178 2.176678 0.3352357 0.2603278 2.63667 0.1334705 0.3128054 2.061371 0.4494384 0.3287788 2.473446 0.1903515 0.3286619 2.044849 0.4764846 0.3800811 2.399704 0.08391109 0.154688 2.423378 0.1080734 0.08654466 2.409325 0.05092227 0.01539803 2.362826 0.1849783 0.01480123 2.451196 0.002257328 -0.5098903 2.463167 0.1767437 -0.4826759 2.627477 -0.01836309 -0.8726815 2.513578 0.142183 -0.8568715 2.701286 0.008232654 -0.9320091 2.453554 0.2100189 -0.9065146 2.72476
0.08959746 0.7031752 2.391268 0.05566519 0.5158503 2.414995 -0.05042559 0.3988011 2.308535 0.2104445 0.4531689 2.5442 -0.1082037 0.204834 2.185468 0.3206924 0.2606739 2.67305 0.1102188 0.2701911 2.052146 0.4349605 0.3145025 2.504008 0.1758681 0.3086446 2.042169 0.4831212 0.3667518 2.411941 0.08575076 0.1554612 2.423353 0.1090573 0.08709899 2.409155 0.05324265 0.01532196 2.361706 0.1850994 0.01513555 2.45143 0.002265259 -0.5098025 2.463044 0.1775028 -0.4796705 2.626056 -0.01861465 -0.8723415 2.5135 0.143481 -0.8506292 2.698961 0.00823447 -0.9320111 2.453545 0.2091209 -0.9034228 2.723803
0.09267521 0.7034825 2.38811 0.05739724 0.5162916 2.412571 -0.04961349 0.3963419 2.309849 0.2122553 0.4456519 2.541241 -0.1246102 0.1960353 2.19765 0.3171968 0.2523453 2.672741 0.1021326 0.2620209 2.051154 0.4374049 0.309783 2.509577 0.1393164 0.2774844 2.040332 0.4893363 0.3498549 2.434587 0.0878509 0.1569042 2.422688 0.110674 0.08840612 2.408963 0.05605781 0.01588135 2.360107 0.1857089 0.01566779 2.45233 0.001940396 -0.5096858 2.462257 0.1774007 -0.4799355 2.626119 -0.01878746 -0.8722113 2.513037 0.1380092 -0.8620843 2.70644 0.008673258 -0.9319646 2.452831 0.2100153 -0.9042627 2.726036
0.09488348 0.7032143 2.38573 0.05933729 0.5169305 2.411315 -0.04850344 0.3945436 2.310864 0.2179947 0.4285038 2.535852 -0.1321892 0.1931338 2.205177 0.3098867 0.2480863 2.689191 0.04302547 0.2226058 2.062894 0.4387412 0.3028126 2.518957 0.1254256 0.2629661 2.038562 0.4934074 0.33845 2.445681 0.09597571 0.1596489 2.423808 0.1194466 0.09148817 2.411337 0.06729462 0.01575522 2.360363 0.1951026 0.01851649 2.458937 0.002326924 -0.5116795 2.463125 0.1773576 -0.4792169 2.626168 -0.01918969 -0.8734155 2.512938 0.1402889 -0.8552643 2.704206 0.008942232 -0.9320002 2.451289 0.2100026 -0.903878 2.72614
0.09764598 0.7029865 2.384337 0.06073651 0.5167183 2.408229 -0.04772906 0.3939865 2.311342 0.2164562 0.4231991 2.528858 -0.1375015 0.1938579 2.211424 0.3261022 0.2586781 2.653868 0.02530397 0.2165626 2.069768 0.4617974 0.3081482 2.50149 0.1003522 0.2472659 2.038086 0.4962118 0.3355879 2.449827 0.09833769 0.1588923 2.422373 0.1210839 0.09023738 2.41067 0.06901871 0.01493618 2.359807 0.1957884 0.01779972 2.45866 0.003251833 -0.5144073 2.466121 0.1773414 -0.4800162 2.626647 -0.01873359 -0.874919 2.512722 0.1398045 -0.8571773 2.704635 0.008706955 -0.9333652 2.449492 0.2107335 -0.9043642 2.727058
0.09913889 0.7035661 2.382917 0.06164636 0.5164791 2.406425 -0.04738182 0.393239 2.311629 0.2172743 0.4175215 2.5255 -0.1412882 0.1940415 2.215746 0.3134777 0.2348529 2.674268 0.02447407 0.2158477 2.068219 0.4460097 0.3002783 2.525481 0.09727257 0.2450431 2.036857 0.5010103 0.3329219 2.461938 0.1000632 0.1586146 2.421022 0.1220379 0.08971195 2.410097 0.06979961 0.01464421 2.359334 0.1965802 0.01710608 2.4582 0.00295544 -0.5121717 2.46492 0.1768404 -0.4863368 2.630367 -0.0190731 -0.8736635 2.513042 0.1405335 -0.8605316 2.706343 0.007623849 -0.9308718 2.45335 0.2088922 -0.9058233 2.725782
0.1024807 0.7024704 2.381074 0.06252474 0.5162089 2.40518 -0.04730259 0.3928928 2.311858 0.2173683 0.4139799 2.523059 -0.1433063 0.1938537 2.218254 0.309814 0.2445562 2.686524 0.02268778 0.2154688 2.066892 0.442845 0.2983018 2.530507 0.09635049 0.2447165 2.035664 0.5011436 0.3326765 2.462616 0.1016894 0.1579452 2.419557 0.1229855 0.08874772 2.409325 0.07039783 0.01410296 2.358799 0.1974535 0.01601724 2.457346 0.002968302 -0.5115905 2.464667 0.1764398 -0.4873335 2.630934 -0.01903524 -0.8734639 2.513411 0.1405804 -0.8605674 2.706295 0.007786293 -0.9307378 2.453028 0.2073851 -0.9061224 2.723589
0.1040031 0.7025123 2.380308 0.06284976 0.5160905 2.404324 -0.0472828 0.3927516 2.312057 0.217701 0.4132171 2.522898 -0.1436612 0.1938182 2.218437 0.3214784 0.2516428 2.66454 0.01886818 0.2145884 2.066346 0.4598706 0.304725 2.516208 0.09541591 0.2452527 2.034445 0.5017251 0.3328973 2.463009 0.1025864 0.1578104 2.418589 0.1232947 0.08845097 2.409095 0.07053878 0.01396421 2.358742 0.1978147 0.01560543 2.456986 0.003102176 -0.5106422 2.464387 0.1763586 -0.4862837 2.630417 -0.01893062 -0.8720781 2.51265 0.1403859 -0.859451 2.703096 0.008163848 -0.9298894 2.455059 0.2071991 -0.9060653 2.723127
0.1045636 0.7025435 2.379862 0.06330576 0.5158498 2.40423 -0.04722595 0.3927081 2.31222 0.2179149 0.412597 2.522686 -0.1438479 0.193648 2.21822 0.3213002 0.2519476 2.663433 0.01791023 0.2151335 2.064917 0.4606107 0.3055218 2.516246 0.09382221 0.2465694 2.033165 0.4998605 0.3339306 2.465556 0.1034756 0.1575789 2.417763 0.1236392 0.08810468 2.408833 0.07075467 0.01380753 2.358526 0.1981328 0.01503059 2.456546 0.00286292 -0.5104245 2.463954 0.1763798 -0.4863075 2.630307 -0.01667031 -0.8729314 2.514024 0.1443892 -0.8663101 2.702972 0.008040168 -0.9294893 2.455745 0.209233 -0.9082204 2.724016
0.1056328 0.7012624 2.37968 0.06326896 0.5157759 2.40409 -0.04719635 0.3926663 2.312301 0.2184669 0.4125214 2.52355 -0.1438554 0.1932622 2.217418 0.3214031 0.251757 2.663318 0.02092615 0.2194259 2.061961 0.4603845 0.3067335 2.516358 0.09605786 0.2522188 2.031315 0.500061 0.3382111 2.463566 0.1038668 0.1576642 2.417165 0.1235863 0.08812147 2.408799 0.07059092 0.01375008 2.358249 0.1980398 0.01482178 2.456654 0.002187175 -0.5102026 2.462552 0.1759833 -0.4875931 2.630974 -0.01690408 -0.8729655 2.514115 0.1438485 -0.8675516 2.702563 0.008209428 -0.9296798 2.455793 0.2087642 -0.9076319 2.726715
0.1061158 0.7014886 2.379587 0.06325281 0.5157835 2.404094 -0.04721677 0.3925328 2.312369 0.2185611 0.4124545 2.523771 -0.1426746 0.1921605 2.214656 0.3183643 0.2356138 2.672168 0.02438917 0.2240048 2.05971 0.4504432 0.3051949 2.52501 0.1007212 0.260064 2.02848 0.4997447 0.3423796 2.461428 0.1049728 0.1581332 2.416811 0.1245348 0.08866037 2.409014 0.07177848 0.01376095 2.357898 0.1995912 0.01526852 2.457633 0.002190952 -0.510313 2.462561 0.1756934 -0.4879688 2.631116 -0.01668154 -0.8739413 2.513399 0.142207 -0.8561497 2.699552 0.007727753 -0.9302793 2.455554 0.2085168 -0.9053881 2.724624
0.1065373 0.7016636 2.380093 0.06337968 0.5158944 2.404256 -0.0472235 0.3925016 2.312391 0.2189511 0.4126511 2.526012 -0.1399517 0.1912748 2.211205 0.3209323 0.2403972 2.66563 0.02786271 0.2285001 2.058584 0.4546297 0.3090488 2.519603 0.1039521 0.2662485 2.027593 0.4960548 0.3462792 2.460249 0.1061316 0.1586955 2.416534 0.1254693 0.08923628 2.409222 0.07289447 0.0139318 2.357535 0.200659 0.01548619 2.458294 0.002419442 -0.5115054 2.463212 0.1756741 -0.488017 2.63109 -0.01655222 -0.8741019 2.512895 0.1432751 -0.864816 2.69991 0.007559866 -0.9303941 2.455453 0.2086631 -0.9058215 2.724246
0.1074899 0.7015995 2.381454 0.06356614 0.5158389 2.404583 -0.04712159 0.3925317 2.312419 0.2151779 0.4269979 2.538211 -0.1371307 0.1929002 2.209048 0.3198758 0.2437272 2.659955 0.07711381 0.2602887 2.043786 0.455789 0.3123298 2.516177 0.1309397 0.2864344 2.026264 0.4949709 0.351333 2.456789 0.1072865 0.1591266 2.416541 0.1267369 0.08976492 2.410005 0.07506566 0.01432796 2.358567 0.2015662 0.01652232 2.45899 0.002345579 -0.5115409 2.463127 0.1755032 -0.4883353 2.630784 -0.01658333 -0.8752812 2.513822 0.1423604 -0.8628029 2.70064 0.007941469 -0.9307896 2.455214 0.217244 -0.9051801 2.73229
0.107282 0.7032061 2.383 0.06347224 0.5159363 2.404805 -0.04702345 0.3925341 2.312519 0.215141 0.4316593 2.541916 -0.1231362 0.1946181 2.196254 0.3212092 0.2451968 2.655699 0.09202994 0.267854 2.036681 0.4567702 0.3154283 2.512421 0.1364268 0.2917225 2.028113 0.4916347 0.3591661 2.449261 0.1057706 0.159814 2.415508 0.1242263 0.09058562 2.408856 0.0711672 0.01561054 2.355885 0.1983328 0.01655863 2.457869 0.002277134 -0.511727 2.463257 0.1749828 -0.4891803 2.630825 -0.01660691 -0.8752395 2.513758 0.1422228 -0.8630583 2.700969 0.007933982 -0.9308808 2.455145 0.2200038 -0.906387 2.73195
0.1070181 0.7032902 2.383293 0.06364353 0.5158288 2.405844 -0.04702719 0.3925387 2.31252 0.212008 0.442967 2.544504 -0.1194281 0.1953817 2.193506 0.3224373 0.2378755 2.656259 0.1024126 0.2900743 2.056358 0.4486926 0.3188627 2.509892 0.1526608 0.3054644 2.030766 0.4881517 0.3666923 2.442704 0.1047727 0.1591256 2.415088 0.1226314 0.08950289 2.408309 0.06917104 0.01536403 2.356275 0.1954382 0.01596303 2.455063 0.002252318 -0.5117752 2.463258 0.1750929 -0.4882503 2.630547 -0.01685486 -0.8754912 2.513324 0.1405322 -0.8645968 2.702755 0.008022764 -0.9312795 2.453731 0.2125759 -0.9035987 2.736212
0.1063915 0.7031732 2.384428 0.06373481 0.5154389 2.406587 -0.04704751 0.3925074 2.312469 0.2112742 0.4449016 2.544979 -0.1116136 0.2001381 2.188376 0.3225398 0.244619 2.66297 0.09631773 0.2720988 2.056901 0.4429451 0.3201669 2.508221 0.1612831 0.3132649 2.034788 0.4843163 0.3798897 2.429203 0.1026658 0.1578816 2.414401 0.1197823 0.08788067 2.407134 0.06589217 0.01513903 2.356506 0.1909973 0.01474438 2.451057 0.001700622 -0.5109547 2.462135 0.1751213 -0.4882234 2.630476 -0.01612865 -0.8730853 2.512711 0.1398995 -0.862544 2.703421 0.008041358 -0.9310492 2.45324 0.2102461 -0.9018429 2.731185
0.105803 0.7032878 2.385419 0.06355469 0.5153854 2.407414 -0.04700725 0.3925743 2.312327 0.2101888 0.4470753 2.545701 -0.1049746 0.2050857 2.184436 0.3363941 0.2410528 2.641716 0.09646076 0.2722797 2.057207 0.4470197 0.3332882 2.488892 0.1774148 0.3252575 2.039365 0.481453 0.3862297 2.414113 0.1015466 0.1566748 2.414349 0.1186482 0.08634176 2.406832 0.06483511 0.01480778 2.357359 0.1896091 0.01403629 2.449332 0.00166058 -0.5112506 2.462287 0.1747031 -0.4892577 2.630657 -0.01652974 -0.8746725 2.511626 0.1396197 -0.86265 2.703265 0.00843994 -0.9332081 2.45024 0.2102695 -0.9018703 2.731241
0.1051269 0.7032084 2.386319 0.06332042 0.5150908 2.409554 -0.04710004 0.3929257 2.312246 0.2094328 0.4484034 2.547194 -0.09763025 0.2115545 2.179757 0.3370508 0.2415332 2.640293 0.09315403 0.2730425 2.063048 0.4535349 0.3787654 2.424082 0.1904527 0.3372018 2.045285 0.475939 0.3932638 2.403261 0.1003802 0.155609 2.414908 0.1176626 0.08519197 2.407021 0.06340526 0.01475129 2.358613 0.1887358 0.01337555 2.448591 0.001264579 -0.5107031 2.461828 0.174595 -0.4891935 2.630622 -0.01659597 -0.8745269 2.512546 0.1387986 -0.8669471 2.705141 0.008509161 -0.9329616 2.450883 0.2101262 -0.902422 2.730698
0.1030821 0.7032108 2.387309 0.062263 0.5158278 2.411224 -0.0476813 0.3939204 2.311177 0.2075105 0.4510357 2.548735 -0.08484289 0.211061 2.168946 0.3493496 0.2418467 2.6198 0.1440132 0.3245609 2.064841 0.4566988 0.3842937 2.416083 0.2008967 0.3501751 2.05341 0.4697403 0.4001817 2.394539 0.09850837 0.1548958 2.415562 0.1161022 0.08431696 2.407287 0.06146757 0.01521015 2.36007 0.1869556 0.01279342 2.447802 0.00139288 -0.5102948 2.462005 0.1743401 -0.4896636 2.630801 -0.01716403 -0.8729888 2.513565 0.1392495 -0.8671194 2.705172 0.008422313 -0.9315929 2.454001 0.2087585 -0.9035038 2.729735
0.1016793 0.7039692 2.388475 0.06151257 0.5162538 2.411929 -0.04832163 0.3961642 2.31019 0.2063032 0.4524387 2.549216 -0.07966904 0.2157038 2.166644 0.3738512 0.2729867 2.576324 0.149946 0.3290337 2.064266 0.4542672 0.3856152 2.411067 0.2218509 0.3720736 2.062653 0.4633952 0.4107067 2.372105 0.09672678 0.1537077 2.416037 0.1145524 0.08275154 2.407396 0.06018239 0.01490847 2.361298 0.1849585 0.01169771 2.446614 0.001270571 -0.5100595 2.461778 0.174844 -0.4882143 2.630206 -0.01774789 -0.8730137 2.514138 0.139489 -0.8677049 2.705539 0.008392826 -0.9315519 2.454018 0.2084949 -0.9041007 2.729892
0.1004132 0.7038285 2.389267 0.06084038 0.5157411 2.412632 -0.04900129 0.3976603 2.30829 0.2432033 0.3593726 2.549461 -0.07234649 0.2250519 2.163433 0.3931544 0.2455673 2.591163 0.1592673 0.3369831 2.064566 0.4399532 0.3964925 2.396949 0.2315161 0.3945898 2.073329 0.4564598 0.4167635 2.362749 0.09304988 0.150409 2.415652 0.1102786 0.07877629 2.405555 0.04658129 0.009191853 2.358321 0.184834 2.063299E-05 2.44275 0.001304755 -0.5100113 2.462037 0.1749343 -0.4877489 2.630038 -0.01706154 -0.8723806 2.513716 0.1385892 -0.8689995 2.705946 0.008407077 -0.9314803 2.454007 0.2091016 -0.9048858 2.729749
0.0969604 0.7048319 2.391388 0.05976328 0.5157 2.413885 -0.05043467 0.4021621 2.306744 0.2436705 0.3613096 2.549867 -0.007164936 0.2643866 2.136014 0.4085231 0.2592663 2.573422 0.1676039 0.3452889 2.067351 0.4379437 0.394902 2.397575 0.2372026 0.407321 2.079985 0.4499558 0.4203676 2.355863 0.0897795 0.1529855 2.416446 0.1070345 0.08255827 2.405652 0.04402452 0.01461704 2.360452 0.1829654 0.001400085 2.441606 0.001301746 -0.509923 2.462107 0.1760178 -0.4851709 2.62915 -0.01676761 -0.8716392 2.514037 0.140264 -0.8639913 2.700257 0.008512598 -0.931484 2.453873 0.2099914 -0.9057766 2.725316
0.0934286 0.7045003 2.393328 0.05868295 0.5154578 2.414327 -0.05063751 0.4041653 2.305406 0.243658 0.3650173 2.551075 0.003786308 0.2756188 2.133344 0.409862 0.2620184 2.567734 0.1806055 0.3521782 2.065043 0.4354656 0.393988 2.39721 0.2508919 0.4201293 2.083165 0.4491587 0.4321579 2.335921 0.08827113 0.1520318 2.416754 0.1061742 0.08157129 2.405429 0.04255673 0.01316818 2.359518 0.1830581 -0.0002159089 2.441935 0.001156976 -0.5096835 2.462371 0.1765765 -0.4834429 2.628759 -0.01679735 -0.8715447 2.51411 0.1406057 -0.8634469 2.701078 0.008724088 -0.9315347 2.452764 0.2136575 -0.9073998 2.727298
0.0902662 0.7051696 2.394636 0.05726264 0.5153593 2.41466 -0.05033191 0.4098336 2.304718 0.2482664 0.3844954 2.563024 0.004324897 0.2782635 2.13401 0.4097235 0.2679365 2.557711 0.2033244 0.3944445 2.090677 0.4326104 0.3978102 2.393349 0.2752521 0.4599187 2.111301 0.4458355 0.436718 2.332423 0.08738783 0.1519809 2.417196 0.1060501 0.08163562 2.40552 0.04180949 0.01325028 2.35993 0.1840253 -5.452457E-07 2.442141 0.001427903 -0.5094031 2.462886 0.1776692 -0.4815985 2.628276 -0.01716138 -0.8717576 2.513892 0.140981 -0.8606953 2.700719 0.008863932 -0.9316385 2.452698 0.2135215 -0.9064412 2.724957
0.08815765 0.7057925 2.395455 0.05590874 0.5156707 2.415362 -0.05003147 0.4143825 2.303606 0.2468987 0.3904441 2.561795 0.007560384 0.2868854 2.133554 0.4250115 0.3002631 2.519122 0.2222474 0.4139817 2.096205 0.4313796 0.4311081 2.354008 0.2883224 0.4778426 2.121681 0.4432193 0.470548 2.29314 0.08626994 0.1509701 2.418008 0.1055207 0.08036804 2.405947 0.041463 0.01237897 2.360637 0.1840338 -0.0009611315 2.442325 0.001345623 -0.5091525 2.462914 0.1776961 -0.4816331 2.628388 -0.01829278 -0.8725113 2.514883 0.140783 -0.8616058 2.701137 0.008870819 -0.9317228 2.452789 0.2125058 -0.9064499 2.724844
0.0869388 0.7066795 2.39632 0.05433348 0.516103 2.415981 -0.0511163 0.4195575 2.302739 0.2470175 0.39703 2.563867 0.0129083 0.2930723 2.132063 0.4218109 0.3013125 2.517287 0.2062788 0.4054998 2.095607 0.4265536 0.4321677 2.352131 0.2770506 0.470997 2.119836 0.4387378 0.4719222 2.291536 0.08537742 0.1515558 2.418845 0.1052663 0.08114289 2.40644 0.04109991 0.01261008 2.360879 0.1850634 0.0001310015 2.443403 0.001155363 -0.5090392 2.462642 0.1775302 -0.4817615 2.628542 -0.01834205 -0.8724648 2.515051 0.1406781 -0.8621162 2.701413 0.008879919 -0.931706 2.452773 0.2118834 -0.9062522 2.726019
0.08575092 0.7073599 2.397136 0.05394337 0.5165089 2.416194 -0.0512748 0.4226533 2.302621 0.2462525 0.3979399 2.563075 0.01485633 0.2987092 2.133157 0.4224215 0.3059777 2.511576 0.2171865 0.4197607 2.100216 0.4128187 0.4423619 2.351623 0.2862059 0.4856829 2.128075 0.4256736 0.4821522 2.291191 0.08488325 0.1518743 2.41939 0.1052115 0.08153696 2.406625 0.04099588 0.012834 2.360728 0.1856033 0.0005571992 2.444406 0.00144848 -0.5076766 2.462183 0.1775005 -0.4801974 2.628015 -0.01854868 -0.8720373 2.515115 0.1414013 -0.8606981 2.702202 0.008584972 -0.9303997 2.453439 0.2108904 -0.9031765 2.718514
0.08503899 0.7075786 2.397299 0.0535991 0.5168318 2.416821 -0.05179368 0.4276105 2.303958 0.246306 0.4021799 2.562676 0.0159873 0.3013394 2.13325 0.4224231 0.312227 2.504404 0.215119 0.4188232 2.100349 0.3867167 0.4525158 2.352409 0.2826914 0.4858199 2.129177 0.3991475 0.4929996 2.292349 0.08439414 0.1521722 2.419998 0.1050724 0.08192608 2.406758 0.04057049 0.01313935 2.360758 0.1859509 0.0009570463 2.444544 0.001646777 -0.5072393 2.462082 0.1775807 -0.4803549 2.628168 -0.01862824 -0.87183 2.514662 0.1413353 -0.8625798 2.703547 0.008841159 -0.9305921 2.452654 0.2127 -0.9045911 2.71842
0.08481866 0.7077051 2.397432 0.05294795 0.5173539 2.417429 -0.05204549 0.4283103 2.303291 0.2466655 0.4055777 2.563617 0.01673445 0.3028595 2.13377 0.4210057 0.3126855 2.504058 0.2132842 0.4181402 2.101263 0.3974818 0.4605996 2.357513 0.2797399 0.4858418 2.131028 0.4099128 0.5010839 2.297452 0.08382006 0.1528955 2.420613 0.1049828 0.08283809 2.406988 0.04043655 0.01334643 2.360682 0.1865737 0.001914419 2.445061 0.00166032 -0.5068322 2.461907 0.1782867 -0.4790887 2.628028 -0.01821286 -0.8712468 2.514293 0.1414125 -0.8628325 2.703609 0.008773087 -0.9305725 2.452314 0.2230877 -0.9081503 2.722632
0.08449257 0.7079706 2.398113 0.0525381 0.5174483 2.41764 -0.05206241 0.4287201 2.303182 0.2487426 0.405542 2.563701 0.01733422 0.3032661 2.133838 0.4223924 0.3116435 2.503393 0.194695 0.4052699 2.099588 0.3931902 0.448564 2.3466 0.2636508 0.4717264 2.12633 0.4056216 0.4890496 2.286538 0.08357153 0.1533503 2.421393 0.1051274 0.08351292 2.407543 0.04056311 0.01334214 2.361154 0.1872489 0.002443711 2.445595 0.001809263 -0.5066191 2.461873 0.1786456 -0.4780002 2.62736 -0.01871536 -0.8711515 2.514745 0.1425959 -0.8551745 2.701002 0.008596503 -0.9306017 2.452758 0.2214193 -0.9074121 2.721525
0.08443847 0.7079285 2.398242 0.05244675 0.5176106 2.417631 -0.05219606 0.4286848 2.302983 0.2476027 0.4056286 2.562987 0.01707678 0.3025291 2.133805 0.4211295 0.3110974 2.503879 0.2100583 0.4164897 2.102756 0.4097529 0.4458129 2.34255 0.277317 0.4839939 2.13115 0.4221844 0.4862991 2.282486 0.08340742 0.1533781 2.421783 0.1052913 0.08357229 2.407758 0.0409334 0.01328371 2.361287 0.1875405 0.002493927 2.446231 0.002081576 -0.5065966 2.462186 0.1786574 -0.478024 2.62734 -0.0187307 -0.8711624 2.514723 0.1422605 -0.8533179 2.701161 0.008836164 -0.9307416 2.452315 0.2129941 -0.9036674 2.717894
0.08435045 0.7078592 2.398178 0.05224455 0.5174969 2.417632 -0.05158297 0.4279853 2.302888 0.2474749 0.4036513 2.562508 0.01570857 0.2998476 2.1342 0.42154 0.3095157 2.505234 0.2061549 0.4091522 2.100621 0.412264 0.4433787 2.342995 0.2744243 0.4761639 2.127747 0.4246957 0.4838657 2.28293 0.08314995 0.1531797 2.422031 0.1052957 0.08338449 2.407795 0.04090181 0.01318898 2.361284 0.1877221 0.002252415 2.446339 0.002271972 -0.507162 2.462759 0.178622 -0.478118 2.627409 -0.01877379 -0.8711482 2.514704 0.1407715 -0.858671 2.701898 0.009087874 -0.9307714 2.451914 0.209313 -0.9054718 2.718063
0.08417294 0.7077311 2.397983 0.05228481 0.5173335 2.417681 -0.05173114 0.4237781 2.301096 0.2511095 0.399861 2.565536 0.01332249 0.2923471 2.134878 0.4270029 0.3182781 2.488841 0.205465 0.4125168 2.099238 0.4094768 0.4565087 2.331431 0.2812922 0.4720773 2.123527 0.4219086 0.4969956 2.271366 0.08306102 0.1530759 2.422379 0.1054785 0.08332311 2.408046 0.04101092 0.01285946 2.361856 0.1884382 0.001780915 2.446564 0.002333032 -0.5071527 2.462788 0.1787462 -0.4774566 2.627154 -0.01837969 -0.8698909 2.513665 0.1420822 -0.852604 2.698868 0.009118001 -0.9308231 2.451934 0.2100322 -0.9051204 2.71792
0.08444589 0.7074975 2.397447 0.05266322 0.5170837 2.417655 -0.05023411 0.4198359 2.301501 0.2503721 0.3814257 2.555806 -0.03524444 0.2529868 2.148607 0.4365863 0.3245117 2.482458 0.1576811 0.3474228 2.082004 0.4037079 0.4595149 2.324682 0.2304032 0.413347 2.097927 0.4161401 0.5000035 2.264614 0.08339852 0.1516534 2.422642 0.105815 0.08148268 2.407946 0.04122626 0.01178674 2.361933 0.1886619 -0.0006574136 2.44613 0.00225362 -0.5068849 2.462489 0.1787145 -0.4755382 2.625955 -0.01883991 -0.8693783 2.514078 0.141623 -0.8530324 2.699776 0.008531829 -0.9295039 2.454994 0.2106324 -0.9047202 2.71778
0.0856378 0.7071412 2.396537 0.05337327 0.5172427 2.417526 -0.04937646 0.4110218 2.299426 0.2507073 0.3802569 2.554686 -0.05304975 0.236923 2.152879 0.4102999 0.2641851 2.561753 0.1588796 0.3475136 2.081655 0.4252928 0.3916137 2.393987 0.2417164 0.4113073 2.089749 0.4334558 0.4266883 2.345676 0.08348849 0.1512939 2.42276 0.1060308 0.08098315 2.407917 0.04173383 0.01126355 2.362263 0.1885142 -0.001357497 2.445736 0.002513204 -0.5082358 2.463286 0.1786893 -0.475753 2.625839 -0.01871605 -0.8707407 2.513922 0.1416637 -0.8531513 2.69994 0.008272526 -0.9317932 2.452264 0.2143048 -0.9054713 2.719813
0.08885683 0.7065497 2.394612 0.0539585 0.5171545 2.417271 -0.04920179 0.4087701 2.30028 0.2510051 0.378861 2.553452 -0.06029323 0.2218816 2.154476 0.3669114 0.2464036 2.670359 0.1606448 0.344926 2.079756 0.4259035 0.3748158 2.425646 0.2394552 0.3945963 2.083793 0.4439516 0.4213275 2.350159 0.08389615 0.1504159 2.42262 0.1065039 0.07989907 2.40752 0.04258323 0.01029231 2.362726 0.1884681 -0.002414312 2.444206 0.003368904 -0.5100212 2.46546 0.1784841 -0.4761608 2.626117 -0.01847968 -0.8715084 2.513514 0.1432036 -0.8526281 2.700112 0.008346055 -0.9319159 2.452295 0.2239315 -0.9069136 2.725832
0.09326644 0.7043129 2.392308 0.05551917 0.5167106 2.416034 -0.04897839 0.4055844 2.300832 0.2521096 0.3770254 2.551125 -0.07492431 0.22053 2.163046 0.3615133 0.2431918 2.683186 0.158869 0.3365929 2.077022 0.430959 0.3678939 2.43935 0.2224005 0.3652925 2.07325 0.453985 0.4141724 2.362184 0.08461849 0.1496283 2.422077 0.107078 0.07902592 2.406836 0.04309024 0.009674835 2.362657 0.1888236 -0.003491837 2.442793 0.003714667 -0.5104052 2.466279 0.1782363 -0.4760064 2.62583 -0.01866384 -0.8720775 2.513306 0.1428506 -0.8531193 2.700426 0.008358349 -0.9321129 2.452101 0.2235119 -0.9066631 2.725945
0.09662119 0.7037591 2.389612 0.0582031 0.5164602 2.415114 -0.0480878 0.4025746 2.302222 0.2539982 0.3759513 2.549794 -0.08715798 0.215543 2.170429 0.3539172 0.2408636 2.643018 0.1486901 0.3190504 2.072953 0.4415913 0.3808085 2.414691 0.2164662 0.3470554 2.068166 0.4610148 0.4050596 2.376375 0.08540723 0.1500102 2.421182 0.1076253 0.07950033 2.40562 0.04391558 0.009745657 2.360142 0.1889243 -0.003553966 2.442312 0.003841307 -0.5098707 2.466053 0.1781641 -0.4761207 2.625907 -0.01842283 -0.8704659 2.512378 0.1461043 -0.8481294 2.698819 0.009126439 -0.932253 2.452881 0.2210915 -0.9061862 2.72184
0.09959725 0.7035955 2.386333 0.06071318 0.5162964 2.412725 -0.04625894 0.3988611 2.304159 0.2130854 0.4522162 2.540954 -0.09956202 0.2080251 2.177666 0.3453065 0.2501903 2.636995 0.1173853 0.2750373 2.063802 0.4480353 0.3393469 2.476467 0.2023373 0.3264088 2.058324 0.4725021 0.3865529 2.39905 0.08801942 0.1517329 2.42033 0.1109325 0.08176058 2.405695 0.05568536 0.01199403 2.35745 0.1888377 0.003031417 2.44623 0.003208226 -0.515974 2.467641 0.1747413 -0.4873265 2.630986 -0.01840711 -0.8755835 2.510215 0.1427255 -0.8502806 2.70159 0.008529793 -0.937554 2.44613 0.2211155 -0.9061176 2.722
0.1022102 0.7026986 2.383896 0.06144803 0.5158284 2.410251 -0.04419205 0.3958099 2.305851 0.2133918 0.4517597 2.540844 -0.1082339 0.2019351 2.183668 0.3370593 0.2506623 2.64692 0.1150598 0.2711644 2.063122 0.4477556 0.3307899 2.486975 0.1873217 0.3004639 2.046535 0.4794184 0.3653578 2.42221 0.0898729 0.1532032 2.419176 0.1128687 0.0837207 2.404962 0.05957773 0.01337621 2.355207 0.188893 0.005788986 2.447286 0.003106372 -0.5145786 2.466604 0.1758152 -0.4838096 2.628545 -0.01887088 -0.8750646 2.51243 0.14277 -0.8500437 2.70117 0.008236613 -0.935384 2.448046 0.2150019 -0.9042584 2.719207
0.1056655 0.6989917 2.378498 0.06281578 0.5155468 2.408418 -0.04320426 0.3941637 2.306771 0.2162582 0.4362264 2.530436 -0.1192078 0.196951 2.192078 0.3360752 0.2508854 2.650637 0.1118217 0.264308 2.0602 0.4514436 0.3271954 2.492267 0.1712355 0.283399 2.042321 0.4815333 0.3581963 2.435239 0.09259571 0.1540403 2.418579 0.1150592 0.08464375 2.404599 0.06298806 0.0130533 2.353508 0.189773 0.007085647 2.448476 0.003002311 -0.514117 2.466213 0.1761505 -0.4841089 2.628706 -0.01896228 -0.8745949 2.512376 0.140626 -0.8568143 2.702653 0.008488475 -0.9348624 2.447862 0.2140744 -0.9050579 2.725339
0.1065444 0.6984925 2.376625 0.06408484 0.5147789 2.406345 -0.04286257 0.3928625 2.307525 0.2171106 0.430039 2.525514 -0.1262234 0.1963514 2.199419 0.3336947 0.2526269 2.653528 0.1050739 0.2515459 2.056066 0.4529897 0.3240192 2.495831 0.1589596 0.2698609 2.041738 0.4848482 0.3535612 2.442986 0.09508418 0.1545621 2.417907 0.1171867 0.08526014 2.4045 0.06564559 0.01289589 2.352719 0.1910946 0.007940799 2.449795 0.002938462 -0.5137132 2.466071 0.1760687 -0.485267 2.629066 -0.01921003 -0.8748664 2.51249 0.1413082 -0.857688 2.703327 0.008069314 -0.9337008 2.449471 0.2169907 -0.9066209 2.72645
0.1103491 0.6979035 2.376113 0.06507593 0.514462 2.405468 -0.04248519 0.3920593 2.30804 0.217451 0.4276981 2.52419 -0.1305843 0.1948162 2.203412 0.3332697 0.2531751 2.653597 0.09952563 0.2462982 2.056467 0.4563645 0.3220285 2.497873 0.144176 0.2568168 2.042956 0.4876358 0.3497366 2.44794 0.1000896 0.1555745 2.417386 0.1226538 0.086712 2.404786 0.07255466 0.01326275 2.352018 0.195896 0.009971063 2.452069 0.002897822 -0.513429 2.465944 0.1765708 -0.4853685 2.629026 -0.01845635 -0.8730451 2.51184 0.1424485 -0.8595967 2.703145 0.008704561 -0.9331574 2.450128 0.2205241 -0.9089463 2.732238
0.111255 0.6983352 2.37531 0.06548189 0.5143766 2.405067 -0.04167394 0.3913971 2.308584 0.2188174 0.4235657 2.522608 -0.1327788 0.1935749 2.205324 0.3334351 0.2539938 2.654177 0.09598267 0.2425049 2.055133 0.4602365 0.3189475 2.499882 0.1397186 0.2537618 2.042638 0.4890006 0.346004 2.454596 0.1025511 0.1560512 2.416482 0.1249388 0.08727799 2.404245 0.07492153 0.01336927 2.350867 0.1981243 0.01086471 2.452278 0.002824271 -0.5133746 2.465527 0.1778065 -0.4817814 2.626695 -0.01852141 -0.8728812 2.512039 0.1420712 -0.8565342 2.702342 0.008791924 -0.9330261 2.450092 0.2123228 -0.903772 2.726682
0.1117744 0.6979373 2.37457 0.06562846 0.5140556 2.404824 -0.04157704 0.3910169 2.308894 0.2198958 0.4203384 2.52076 -0.134094 0.1930005 2.206626 0.3319873 0.2535246 2.656027 0.0934848 0.2409039 2.054111 0.4609731 0.316791 2.502952 0.1240014 0.2486497 2.044684 0.4898919 0.3436778 2.458274 0.1042712 0.1559253 2.416056 0.1265032 0.08714349 2.404188 0.0762833 0.01312635 2.350756 0.2000833 0.01093893 2.45249 0.002887621 -0.5133722 2.465693 0.1780793 -0.4820763 2.627151 -0.01848234 -0.8728938 2.512065 0.1423 -0.861944 2.703645 0.008888402 -0.933023 2.450158 0.2124628 -0.9048348 2.727354
0.1128827 0.6979243 2.374556 0.06643718 0.5137272 2.403796 -0.04143173 0.3905965 2.309165 0.2201319 0.4198325 2.520793 -0.1343799 0.1929057 2.206871 0.3318424 0.2536261 2.656222 0.09288092 0.240466 2.053716 0.4617989 0.3160507 2.503668 0.1230753 0.2484749 2.044295 0.4897615 0.3429165 2.459958 0.1058216 0.1563803 2.415476 0.1277122 0.08761574 2.404181 0.07762278 0.01305835 2.350472 0.2011747 0.01138122 2.453116 0.003118045 -0.5134971 2.465627 0.1776269 -0.4850336 2.627456 -0.01849875 -0.8727999 2.512172 0.1427711 -0.8624598 2.70375 0.007914639 -0.9312336 2.452067 0.2113749 -0.9042361 2.725578
0.1131678 0.6980516 2.374381 0.06694576 0.5132724 2.403392 -0.04142179 0.3902166 2.309266 0.2201868 0.4197231 2.520649 -0.1345807 0.1928331 2.207001 0.3313097 0.2529805 2.656447 0.09230673 0.2404164 2.053245 0.4618001 0.3154605 2.504417 0.1265818 0.2527008 2.041485 0.4908013 0.3422949 2.459885 0.1069961 0.1565972 2.41488 0.1285593 0.08787699 2.404018 0.07830714 0.01308292 2.350235 0.2020943 0.01181957 2.453156 0.003271334 -0.5129176 2.46554 0.1776686 -0.4865272 2.627903 -0.01881276 -0.8723861 2.513109 0.1430153 -0.8649542 2.704824 0.007712821 -0.9296156 2.453336 0.2087436 -0.9057233 2.725257
0.1140004 0.6980077 2.374525 0.06708531 0.512941 2.402758 -0.04131278 0.3901015 2.309335 0.2201134 0.4198916 2.520519 -0.1319756 0.1921156 2.20508 0.3309216 0.2525367 2.656263 0.09457631 0.2427073 2.051831 0.4616607 0.3158796 2.50486 0.1329536 0.260557 2.039666 0.4906529 0.3420298 2.460167 0.1076967 0.1565012 2.414175 0.128941 0.08772565 2.403751 0.07852293 0.01299562 2.350108 0.2024693 0.01194903 2.452899 0.003341187 -0.5127247 2.465252 0.1778549 -0.4864762 2.627661 -0.01870834 -0.8724614 2.513384 0.1452247 -0.863872 2.703766 0.00818966 -0.9299764 2.453673 0.2133301 -0.9081975 2.727583
0.1140369 0.6970508 2.374148 0.06752905 0.5121761 2.402723 -0.04095897 0.3897854 2.309326 0.2197944 0.4266583 2.524863 -0.1317069 0.1918329 2.204528 0.3305344 0.252406 2.655057 0.09451212 0.2447642 2.051603 0.4620419 0.3162791 2.504631 0.135279 0.2634374 2.038826 0.4906709 0.3425325 2.45968 0.107685 0.1567494 2.413564 0.1285237 0.08821672 2.40342 0.07797553 0.01334745 2.349508 0.2016167 0.01254789 2.452601 0.003312313 -0.5127026 2.46519 0.1784987 -0.4816148 2.623226 -0.01882725 -0.8717703 2.513631 0.1421362 -0.8484498 2.698347 0.008283413 -0.9299282 2.453585 0.2136519 -0.9076308 2.727414
