0.1193227 0.643118 2.17925 0.1111412 0.475665 2.175071 0.07461566 0.3103559 2.059644 0.2273285 0.3529048 2.29677 0.2988031 0.3113104 1.95371 0.4116302 0.2007677 2.322148 0.4364994 0.4778714 2.061123 0.4308952 0.4051222 2.15841 0.4611551 0.5302948 2.103335 0.4439317 0.4389064 2.063788 0.1207043 0.03663313 2.180175 0.1227746 -0.05098344 2.184327 0.07683372 -0.08099808 2.171557 0.1698213 -0.09187318 2.195737 0.09868746 -0.4940299 2.224803 0.1929627 -0.5898767 2.452179 0.03530937 -0.910233 2.308056 0.1975748 -0.8905692 2.539946 0.08028758 -0.9491474 2.352578 0.2529794 -0.9238302 2.616935
0.1195924 0.6434013 2.180372 0.1112177 0.4757128 2.174994 0.07489778 0.3104801 2.059423 0.2274049 0.3529526 2.296694 0.2952738 0.306029 1.949603 0.4117066 0.2008155 2.322072 0.4347504 0.4678459 2.055981 0.4283224 0.4036092 2.155926 0.4605134 0.5172601 2.094214 0.4398656 0.4337315 2.062371 0.1207308 0.0366122 2.180193 0.1228004 -0.05103178 2.18437 0.07691594 -0.08119666 2.17191 0.169836 -0.09187674 2.195731 0.09870578 -0.4942876 2.224824 0.1924964 -0.5897828 2.4524 0.03573459 -0.9105223 2.308191 0.1957346 -0.8904825 2.540195 0.08461866 -0.9487998 2.348991 0.2681561 -0.9210649 2.578928
0.1182055 0.6429461 2.179556 0.1111259 0.4753456 2.17492 0.07489756 0.3102652 2.059223 0.2273131 0.3525855 2.29662 0.2918659 0.3000129 1.944685 0.4116148 0.2004483 2.321998 0.4368013 0.4636938 2.056894 0.4223642 0.3990121 2.149895 0.4639055 0.513014 2.094311 0.4310272 0.4237146 2.056392 0.1201192 0.03596667 2.180292 0.1219798 -0.05180694 2.184539 0.07574037 -0.08220854 2.17132 0.1689459 -0.09300325 2.196961 0.09898834 -0.4951271 2.224828 0.1920851 -0.59038 2.453015 0.03581637 -0.9111913 2.308727 0.195916 -0.891511 2.539642 0.08813249 -0.9459336 2.348419 0.2651153 -0.9178467 2.575845
0.1184222 0.6417351 2.179899 0.1107741 0.4742137 2.175533 0.07430436 0.3097537 2.058974 0.2269613 0.3514536 2.297233 0.2853194 0.2896898 1.935618 0.411263 0.1993164 2.322611 0.433568 0.4505769 2.052749 0.421811 0.3935662 2.14525 0.4693774 0.4953963 2.088469 0.4303591 0.415886 2.049832 0.1211905 0.03463876 2.180681 0.1234878 -0.05331085 2.184906 0.07703328 -0.08386935 2.170925 0.1718992 -0.09533092 2.198523 0.09908978 -0.496674 2.225548 0.196092 -0.5941641 2.453354 0.04273639 -0.8335169 2.282598 0.1959436 -0.8952432 2.54018 0.06559702 -0.9203448 2.327782 0.253935 -0.922554 2.586511
0.11955 0.641238 2.179511 0.1105495 0.4738089 2.175275 0.07299634 0.3088324 2.058325 0.2267368 0.3510488 2.296975 0.2737803 0.2701983 1.921575 0.4110384 0.1989116 2.322353 0.4229757 0.4280868 2.041272 0.4192831 0.3807768 2.131254 0.4666621 0.4670932 2.074992 0.4264291 0.3890281 2.038255 0.1210616 0.0346099 2.180593 0.1233438 -0.05329898 2.184827 0.07672808 -0.08574028 2.162813 0.1703129 -0.09770056 2.204905 0.09879079 -0.4969504 2.226535 0.1983899 -0.5988438 2.45501 0.02789187 -0.9115772 2.311141 0.1997779 -0.900182 2.541131 0.08123711 -0.9466096 2.349175 0.2593655 -0.9196308 2.581013
0.1204662 0.6410491 2.179486 0.1104164 0.4736883 2.1753 0.07089552 0.3071511 2.057206 0.2266037 0.3509282 2.296999 0.2677033 0.2573963 1.914749 0.4109053 0.198791 2.322377 0.4144403 0.3641931 1.99653 0.4191158 0.3803359 2.130948 0.4499986 0.4173545 2.044734 0.4262336 0.3881351 2.038141 0.1210417 0.03461289 2.180589 0.1233229 -0.05328412 2.18482 0.0771179 -0.08800042 2.156538 0.1700116 -0.100089 2.211638 0.0994031 -0.4978108 2.227357 0.2004772 -0.6036313 2.456859 0.02766656 -0.9122388 2.312165 0.1942758 -0.9046384 2.543704 0.07870615 -0.9490628 2.351642 0.256509 -0.9192477 2.582047
0.121115 0.639277 2.179198 0.1096437 0.4720828 2.17538 0.067036 0.3029166 2.054405 0.225831 0.3493227 2.29708 0.2556455 0.2394083 1.904907 0.4101326 0.1971855 2.322457 0.4132679 0.3425334 1.989414 0.4183226 0.3780968 2.130382 0.4489205 0.3959169 2.03405 0.425403 0.3849987 2.037968 0.1210534 0.03412675 2.180703 0.1233936 -0.05363572 2.184933 0.07748266 -0.08999748 2.154104 0.1709411 -0.103283 2.216045 0.09925219 -0.4991798 2.228073 0.2018281 -0.6082526 2.458315 0.03116309 -0.8714588 2.294594 0.1938634 -0.9092194 2.545154 0.0475823 -0.9430617 2.355886 0.2605703 -0.9158695 2.577177
0.1217802 0.6378472 2.179029 0.1088773 0.4708013 2.175429 0.06410219 0.3017015 2.053532 0.2250645 0.3480412 2.297129 0.2350963 0.2192982 1.895496 0.4093662 0.195904 2.322506 0.3956738 0.2881203 1.952347 0.4175903 0.3764979 2.130111 0.4534216 0.3388675 2.001842 0.4246711 0.3829979 2.03785 0.1201474 0.03289803 2.181057 0.1224559 -0.0548166 2.185354 0.0760876 -0.09227093 2.151738 0.1691622 -0.1081366 2.220986 0.09771931 -0.5007023 2.229206 0.2028517 -0.6145185 2.460196 0.02842738 -0.8799407 2.303362 0.1934877 -0.9150202 2.548161 0.0488704 -0.9423207 2.355314 0.2305672 -0.9108766 2.612406
0.1224088 0.6350917 2.179446 0.1091162 0.467997 2.175475 0.06087743 0.3010188 2.05166 0.2253035 0.3452369 2.297175 0.2259324 0.2043814 1.889523 0.4096051 0.1930997 2.322552 0.3860144 0.2749926 1.945727 0.313798 0.3554403 2.480601 0.4448747 0.3240233 1.995641 0.2818623 0.4095538 2.537652 0.1185389 0.03598845 2.180498 0.1197124 -0.04880361 2.184425 0.07533771 -0.09144903 2.132789 0.1625458 -0.1083801 2.232377 0.09752056 -0.4951208 2.229437 0.2025015 -0.619674 2.46053 0.02982917 -0.8794923 2.304085 0.1926807 -0.9196987 2.549705 0.06039709 -0.9340521 2.344188 0.2552272 -0.9144375 2.58945
0.1227648 0.6320916 2.17985 0.1094379 0.4649081 2.175444 0.05851533 0.3014234 2.049845 0.2256252 0.342148 2.297144 0.2085801 0.1923831 1.887153 0.4099268 0.1900108 2.322521 0.3765387 0.2485514 1.937698 0.3057177 0.3574725 2.470427 0.4212851 0.2799359 1.975584 0.2709814 0.413293 2.524098 0.1186225 0.0354705 2.18092 0.1198879 -0.04939634 2.185041 0.07574677 -0.09224638 2.13341 0.1635534 -0.1110082 2.234817 0.09768707 -0.4960227 2.229728 0.2114394 -0.6215025 2.463224 0.03162253 -0.8782529 2.302508 0.1882387 -0.9222202 2.548597 0.06419714 -0.9329535 2.340799 0.2487133 -0.9009099 2.511072
0.1242298 0.6306649 2.179053 0.1097959 0.4637316 2.175413 0.05569912 0.3020189 2.049624 0.2259832 0.3409715 2.297113 0.1788786 0.1803058 1.88562 0.4102848 0.1888343 2.322491 0.3537315 0.2238267 1.926819 0.3338871 0.3070558 2.49425 0.4123771 0.2560661 1.962917 0.3084212 0.346463 2.555871 0.1322709 0.03112179 2.188624 0.1396759 -0.05534396 2.196303 0.09361049 -0.09774612 2.150737 0.1978975 -0.1151555 2.245855 0.09499901 -0.5061827 2.230732 0.1180179 -0.5769953 2.259302 0.03181191 -0.8628463 2.298672 0.1949905 -0.8653732 2.529139 0.06363789 -0.9293671 2.336761 0.2608162 -0.9070392 2.489513
0.1262524 0.625968 2.178457 0.1122745 0.4590571 2.175114 0.05439497 0.3026113 2.048632 0.2284618 0.336297 2.296814 0.1656068 0.1728453 1.88441 0.4127634 0.1841598 2.322191 0.3469716 0.1884795 1.919044 0.3374 0.2912268 2.498329 0.4005485 0.2226737 1.945132 0.3122789 0.3269157 2.56141 0.1585892 0.0591648 2.191316 0.1712217 -0.01420388 2.198324 0.1313551 -0.07027898 2.158294 0.2224597 -0.06605933 2.240618 0.09383912 -0.479945 2.224286 0.1185689 -0.5761389 2.259351 0.02806132 -0.8789836 2.307353 0.1948366 -0.8651572 2.528655 0.06044536 -0.935573 2.342968 0.2376061 -0.9209483 2.552687
0.127687 0.623664 2.178628 0.1133335 0.4566343 2.174576 0.05607022 0.3026105 2.048386 0.2295208 0.3338742 2.296276 0.145106 0.1641569 1.885528 0.4138224 0.181737 2.321653 0.3303436 0.1730651 1.910559 0.3007604 0.2909597 2.508837 0.3912809 0.1988811 1.933732 0.2630731 0.3273673 2.575601 0.1590549 0.05891585 2.191332 0.1713973 -0.01532131 2.198334 0.1318422 -0.07001058 2.159016 0.2222758 -0.06660012 2.239968 0.09299171 -0.4796948 2.224266 0.1216175 -0.5717629 2.260322 0.02409538 -0.8938751 2.31178 0.1953156 -0.8661286 2.528888 0.06866704 -0.941664 2.34712 0.2550516 -0.9135783 2.567633
0.1284423 0.6212481 2.178098 0.1138442 0.4542726 2.174212 0.06005675 0.3014246 2.048865 0.2300315 0.3315125 2.295912 0.1364681 0.1533943 1.883013 0.4143331 0.1793753 2.321289 0.3263618 0.1603318 1.908674 0.3010759 0.2799659 2.512838 0.3876559 0.1828763 1.926043 0.2633235 0.3134961 2.581056 0.1591225 0.05707711 2.19097 0.170422 -0.01971998 2.197619 0.1317303 -0.07052957 2.159195 0.220436 -0.06950477 2.238055 0.09291846 -0.4802399 2.224327 0.1233365 -0.5690739 2.259827 0.02619683 -0.8840026 2.308895 0.1940269 -0.8648483 2.528535 0.06678872 -0.9394808 2.337068 0.2521055 -0.9143708 2.574424
0.1291955 0.6207764 2.177332 0.1140831 0.4539589 2.173984 0.06570625 0.3000647 2.049661 0.2302705 0.3311988 2.295683 0.09731991 0.1496664 1.880241 0.4145721 0.1790616 2.32106 0.312689 0.1366539 1.903002 0.3017236 0.2671508 2.518513 0.376491 0.1545881 1.91621 0.2641075 0.2965139 2.5887 0.1609626 0.05511053 2.191294 0.1723139 -0.02311642 2.198193 0.1354136 -0.07312083 2.160239 0.2207233 -0.07080117 2.238298 0.09224499 -0.4824625 2.225015 0.1243774 -0.5699275 2.260099 0.02754582 -0.8841078 2.307101 0.1941825 -0.8648562 2.528159 0.0676558 -0.93962 2.335892 0.2609634 -0.9055843 2.489163
0.1297977 0.6203651 2.176799 0.1143672 0.4536567 2.173832 0.07010201 0.2988988 2.050432 0.2305545 0.3308966 2.295532 0.09032302 0.1470103 1.880438 0.4148561 0.1787594 2.320908 0.3061053 0.1272999 1.901162 0.3037355 0.2573813 2.522978 0.3695146 0.1477038 1.912546 0.2666954 0.2835886 2.594703 0.1607031 0.05282141 2.191219 0.1711671 -0.02702509 2.198097 0.1350631 -0.07339806 2.16108 0.2180336 -0.07514889 2.236042 0.09129219 -0.4828733 2.226986 0.1248493 -0.5712146 2.259974 0.02679765 -0.8865904 2.307818 0.191204 -0.8714292 2.535286 0.06906937 -0.9405885 2.336396 0.2583858 -0.9121195 2.496943
0.1302052 0.6197532 2.176579 0.1149458 0.4530166 2.173559 0.07218002 0.2980685 2.050193 0.2311331 0.3302565 2.295259 0.08468156 0.1461801 1.881715 0.4154347 0.1781193 2.320635 0.266934 0.1037138 1.888563 0.4024379 0.208501 2.515581 0.3430177 0.128003 1.902698 0.3981056 0.2186282 2.584931 0.1601327 0.05100081 2.190889 0.1698445 -0.02953264 2.197663 0.1343491 -0.07376623 2.161471 0.2157084 -0.07820933 2.234473 0.09064902 -0.4829581 2.226732 0.1249896 -0.5715408 2.259719 0.0281552 -0.8866425 2.306597 0.1924936 -0.8687165 2.531832 0.06860265 -0.9411638 2.336778 0.2598352 -0.9094212 2.493784
0.130592 0.6196113 2.176455 0.1152328 0.4528886 2.173463 0.07416362 0.2974876 2.049755 0.2314201 0.3301285 2.295163 0.07810774 0.1450471 1.883153 0.4157217 0.1779913 2.32054 0.2610049 0.1045073 1.888014 0.4459617 0.2189777 2.488606 0.3370559 0.1222322 1.900605 0.4560416 0.2326398 2.548996 0.1597374 0.05028321 2.190742 0.169026 -0.03054272 2.197461 0.1338253 -0.07375571 2.161736 0.2141844 -0.07948168 2.233727 0.0901151 -0.4829514 2.226969 0.12509 -0.5716595 2.259586 0.02839218 -0.8866428 2.306514 0.1952652 -0.8698955 2.531913 0.06900929 -0.9408581 2.337015 0.2628252 -0.9105824 2.494237
0.1318032 0.6195682 2.176349 0.1157659 0.45289 2.173274 0.07496174 0.2974073 2.049548 0.2319532 0.33013 2.294974 0.07349461 0.1426523 1.883305 0.4162548 0.1779928 2.32035 0.2697033 0.1004876 1.889871 0.4459888 0.2183704 2.488636 0.3342595 0.1182643 1.898981 0.4559002 0.2318296 2.549101 0.1594074 0.05020531 2.190661 0.1682627 -0.03064457 2.197352 0.1330193 -0.0730444 2.161867 0.2124448 -0.08037335 2.233534 0.08983135 -0.4823557 2.226783 0.1250513 -0.5750101 2.259511 0.02787565 -0.8848174 2.306677 0.191664 -0.8744869 2.532433 0.04619177 -0.9432348 2.356026 0.2456102 -0.9245545 2.542555
0.1320262 0.6193891 2.176316 0.1160211 0.4526971 2.173197 0.07516253 0.297334 2.049452 0.2322084 0.329937 2.294897 0.07192819 0.1418002 1.883342 0.41651 0.1777998 2.320273 0.2724138 0.09905702 1.890352 0.4466644 0.217901 2.488552 0.3369386 0.1173662 1.89858 0.4567159 0.2312681 2.549013 0.1592625 0.04997297 2.190563 0.1679975 -0.03089592 2.197232 0.1327218 -0.07276251 2.162165 0.2119447 -0.08083247 2.232924 0.08949429 -0.4821624 2.22659 0.1250293 -0.5762467 2.259328 0.02777466 -0.8849862 2.306631 0.1932044 -0.8738732 2.531355 0.06062204 -0.9390289 2.345615 0.2469852 -0.9197099 2.554287
0.1322238 0.6193101 2.176075 0.1160535 0.452681 2.17318 0.07538284 0.2972386 2.049218 0.2322408 0.3299209 2.29488 0.07156415 0.1414499 1.883173 0.4165424 0.1777837 2.320257 0.2684565 0.09935103 1.889066 0.4466729 0.2178946 2.488537 0.3333324 0.1160478 1.897932 0.4567164 0.2312649 2.549 0.1578963 0.04985424 2.190176 0.1659217 -0.03097994 2.196687 0.1307355 -0.07212286 2.161101 0.2089395 -0.08229034 2.233119 0.08937261 -0.4815592 2.226344 0.1235726 -0.5785119 2.258256 0.02703788 -0.8825152 2.306492 0.1934237 -0.873127 2.531106 0.05125134 -0.9431499 2.355009 0.2571232 -0.9171408 2.575311
0.1320906 0.6191887 2.175781 0.1160681 0.4526013 2.173151 0.07547635 0.2971134 2.049053 0.2322554 0.3298412 2.294851 0.07189765 0.1427154 1.883203 0.416557 0.177704 2.320227 0.266903 0.1004734 1.888108 0.4486033 0.220911 2.487466 0.3320246 0.1161259 1.897073 0.4592854 0.2353133 2.54758 0.1574735 0.04979046 2.189963 0.1653863 -0.030994 2.196425 0.1300647 -0.07190289 2.16113 0.2084712 -0.08203319 2.232593 0.08880191 -0.4814936 2.225614 0.1233012 -0.5773258 2.257632 0.02701408 -0.8823111 2.306105 0.1954295 -0.8734644 2.531796 0.04987963 -0.942261 2.354826 0.2630347 -0.9142419 2.4943
0.1322098 0.6187279 2.175574 0.1159754 0.4521514 2.172906 0.07547013 0.2971124 2.049061 0.2321627 0.3293913 2.294606 0.07293668 0.145235 1.883373 0.4164642 0.1772541 2.319982 0.2819751 0.1059048 1.889283 0.3983423 0.2098789 2.507074 0.3466434 0.1230347 1.898804 0.3923017 0.2207538 2.573807 0.1571527 0.04978954 2.189727 0.1650344 -0.03089149 2.196182 0.1295306 -0.0719015 2.160622 0.2083825 -0.08196238 2.232595 0.08879698 -0.4814446 2.225634 0.1232515 -0.5761148 2.257284 0.02696872 -0.883322 2.306213 0.1973214 -0.8694557 2.532594 0.04901918 -0.9421759 2.353927 0.2560793 -0.9075497 2.575914
0.1321264 0.6187343 2.175708 0.1159706 0.4520967 2.172799 0.07475706 0.2969037 2.048987 0.2321579 0.3293366 2.294499 0.07947667 0.1450784 1.880999 0.4164595 0.1771995 2.319875 0.2966838 0.1172764 1.891728 0.3967259 0.2152397 2.501993 0.3613933 0.1346464 1.900498 0.390148 0.2279198 2.567067 0.1569308 0.04989977 2.189476 0.1647789 -0.03070729 2.195903 0.1290745 -0.07177421 2.160633 0.2083815 -0.08132875 2.231857 0.08832335 -0.4813479 2.225474 0.1225676 -0.5742713 2.256539 0.02690301 -0.8834057 2.306302 0.1974787 -0.8691829 2.532442 0.06256435 -0.9375648 2.342555 0.2496901 -0.91469 2.584886
0.1321183 0.6187142 2.175718 0.115954 0.4520727 2.172794 0.07280459 0.2969724 2.048392 0.2321413 0.3293126 2.294493 0.08573336 0.1466 1.878885 0.4164429 0.1771755 2.31987 0.3031569 0.126003 1.892255 0.4011998 0.2232189 2.491839 0.3653843 0.1496815 1.903784 0.3961187 0.2385667 2.553531 0.1571961 0.05120845 2.189302 0.1652793 -0.02866263 2.195671 0.1292009 -0.07117691 2.160463 0.2099924 -0.07850286 2.231961 0.08789168 -0.4806655 2.225458 0.1227132 -0.5729323 2.256486 0.02676626 -0.8834719 2.306579 0.1979693 -0.8691588 2.532556 0.05539392 -0.9393603 2.346278 0.2451254 -0.9144258 2.571725
0.1312242 0.6188856 2.176055 0.1157373 0.4521271 2.172891 0.06916393 0.297068 2.047419 0.2319247 0.329367 2.294591 0.1130553 0.1548976 1.879701 0.4162262 0.1772299 2.319967 0.3127962 0.1423173 1.893097 0.4034532 0.2440328 2.482339 0.3776191 0.1707077 1.909995 0.3991956 0.2663005 2.540832 0.1567749 0.05272474 2.188977 0.1648682 -0.02669081 2.195197 0.1287452 -0.07061544 2.160017 0.2102416 -0.07645206 2.231743 0.08759214 -0.4800309 2.225476 0.1215275 -0.5719002 2.25575 0.02639742 -0.8845348 2.307374 0.1980132 -0.8689979 2.53253 0.05895369 -0.9397165 2.344978 0.2455342 -0.9144884 2.570403
0.1308507 0.617981 2.176338 0.1155135 0.4511987 2.173133 0.06129523 0.2986775 2.045096 0.2317009 0.3284386 2.294833 0.1334406 0.16174 1.880964 0.4160024 0.1763014 2.320209 0.325914 0.1661209 1.898429 0.4074295 0.2626943 2.47408 0.3911282 0.1983432 1.920356 0.4045718 0.2914919 2.529739 0.1566619 0.05319438 2.189157 0.1647477 -0.02582369 2.195466 0.1283877 -0.07077686 2.159933 0.2109212 -0.07564443 2.232692 0.08631332 -0.4816211 2.229251 0.2087723 -0.5274717 2.468668 0.02576258 -0.8864734 2.3082 0.1956165 -0.8664399 2.529962 0.06143721 -0.9397768 2.345683 0.2433982 -0.9215803 2.580484
0.1301014 0.6178775 2.176462 0.1151516 0.4510724 2.173322 0.05365577 0.3009202 2.042378 0.2313389 0.3283123 2.295022 0.1506244 0.1688697 1.881212 0.4156404 0.1761751 2.320398 0.335556 0.1839793 1.899581 0.4167013 0.2897125 2.462686 0.4036239 0.2224585 1.927996 0.417055 0.3275583 2.514484 0.1569643 0.06562556 2.185632 0.1657506 -0.008210176 2.190225 0.1282095 -0.06799206 2.150258 0.2160221 -0.0571414 2.234063 0.08571356 -0.4825234 2.230539 0.2089986 -0.5286451 2.468546 0.02635623 -0.8867317 2.307193 0.1952762 -0.8669403 2.529869 0.06203564 -0.9401715 2.344476 0.2471543 -0.9203857 2.576875
0.1300557 0.6179079 2.176476 0.1149135 0.4511722 2.173585 0.05152487 0.3018109 2.041471 0.2311009 0.3284121 2.295285 0.1660692 0.1810927 1.883589 0.4154024 0.1762749 2.320661 0.3480236 0.2158249 1.903726 0.4173323 0.2917961 2.462672 0.4199466 0.2586496 1.940475 0.4179756 0.3303032 2.514378 0.1494584 0.06786526 2.18459 0.1554346 -0.006709489 2.188991 0.1132018 -0.0659603 2.141805 0.2033642 -0.06207822 2.236467 0.08540399 -0.4810355 2.229093 0.1968965 -0.5791261 2.455408 0.02642219 -0.8868051 2.306942 0.1857848 -0.8836073 2.532159 0.06317736 -0.9405718 2.342676 0.244636 -0.9230996 2.567496
0.1284156 0.6204244 2.17695 0.1124037 0.4538051 2.174227 0.04987637 0.302007 2.04189 0.228591 0.331045 2.295927 0.196741 0.1982894 1.881333 0.4128926 0.1789079 2.321304 0.3696357 0.2590128 1.921329 0.4158607 0.2974427 2.462505 0.4371753 0.3032202 1.964241 0.4168501 0.3369543 2.513941 0.1418917 0.06927612 2.184504 0.1471508 -0.00659078 2.189096 0.1065504 -0.06452549 2.141623 0.1942764 -0.06393086 2.236797 0.08588856 -0.479139 2.227273 0.1946228 -0.5811278 2.4555 0.02685549 -0.886298 2.306094 0.1890076 -0.8854656 2.533118 0.05289135 -0.9410226 2.349059 0.2253564 -0.9245101 2.584819
0.1280366 0.6229485 2.176241 0.1089028 0.4568059 2.174197 0.04917278 0.3015391 2.042106 0.2250901 0.3340458 2.295896 0.2059892 0.2070151 1.882317 0.4093917 0.1819086 2.321273 0.3749439 0.2711338 1.925955 0.4134409 0.3017842 2.461825 0.437104 0.3213682 1.970341 0.4147906 0.3417428 2.513045 0.1127667 0.03183791 2.18041 0.1142908 -0.05564564 2.184741 0.0675067 -0.09729216 2.141398 0.1636178 -0.1124409 2.227611 0.09016526 -0.5025993 2.231761 0.1882177 -0.6142708 2.469366 0.0277281 -0.8850622 2.304926 0.1979245 -0.9185533 2.546839 0.06198987 -0.939767 2.341697 0.2625095 -0.914655 2.583338
0.125694 0.6260061 2.176726 0.1075709 0.4597405 2.174644 0.04924729 0.3019645 2.042471 0.2237581 0.3369804 2.296344 0.2215634 0.2220523 1.886782 0.4080598 0.1848432 2.321721 0.3878142 0.2971999 1.937858 0.4127554 0.3057566 2.461927 0.4417184 0.3541236 1.984886 0.4143206 0.3460611 2.513032 0.1130995 0.032701 2.180381 0.1148393 -0.05432496 2.184655 0.06816017 -0.09635236 2.140851 0.164027 -0.11125 2.227926 0.0901307 -0.5016485 2.231415 0.1859805 -0.6100948 2.467878 0.02773235 -0.8850662 2.304916 0.1970586 -0.9144881 2.544881 0.06364197 -0.9386247 2.341801 0.2568492 -0.9190385 2.588732
0.125448 0.627605 2.176741 0.1068149 0.4615341 2.175287 0.05007401 0.3026555 2.044058 0.2230022 0.338774 2.296987 0.2374927 0.242787 1.89402 0.4073039 0.1866368 2.322363 0.4178757 0.3571889 1.971564 0.4124209 0.3079492 2.462379 0.4588896 0.3965305 2.008114 0.4141266 0.3483866 2.51342 0.1133148 0.03304734 2.180364 0.1151625 -0.05384353 2.18457 0.06864315 -0.09501539 2.141519 0.164718 -0.10948 2.226625 0.08941478 -0.5007672 2.230545 0.1842786 -0.6047984 2.4661 0.0278045 -0.885269 2.3053 0.1963675 -0.9090793 2.543319 0.06398961 -0.9391579 2.341429 0.2104331 -0.8682296 2.603751
0.125251 0.6300108 2.176284 0.1074146 0.4640898 2.175877 0.05204935 0.304386 2.046286 0.2236019 0.3413297 2.297577 0.2507881 0.2604772 1.899661 0.4079035 0.1891925 2.322953 0.4299036 0.3987896 2.00327 0.4135391 0.3110683 2.462815 0.4646829 0.4502938 2.029794 0.4154176 0.3516935 2.513804 0.1148125 0.0330392 2.180822 0.1168969 -0.05404637 2.185065 0.07177117 -0.09213813 2.156737 0.1709738 -0.1043153 2.215306 0.08912829 -0.5018043 2.229482 0.2135523 -0.5142769 2.467963 0.0277096 -0.8858476 2.306994 0.1933786 -0.8669896 2.528622 0.06177768 -0.9409416 2.343363 0.2592218 -0.9090301 2.489435
0.1254096 0.633598 2.175373 0.1084558 0.4677529 2.175694 0.05733809 0.3065397 2.049357 0.2246431 0.3449928 2.297394 0.2635413 0.2820293 1.909387 0.4089447 0.1928557 2.32277 0.4442008 0.4179981 2.013373 0.4150058 0.3151084 2.462413 0.4713164 0.4716065 2.044301 0.4170262 0.3558592 2.513329 0.1168951 0.03414077 2.181621 0.1191747 -0.05308767 2.186075 0.0753081 -0.08756216 2.166247 0.1729889 -0.1000913 2.210478 0.08810686 -0.4994485 2.228546 0.2020139 -0.587078 2.485895 0.02911522 -0.8801244 2.303742 0.1860273 -0.9004946 2.529777 0.06011531 -0.9378464 2.338756 0.2386545 -0.8509539 2.512605
0.1258176 0.6361637 2.174442 0.1100284 0.470397 2.17558 0.06043947 0.3071343 2.051776 0.2262156 0.3476369 2.297279 0.2700516 0.2951776 1.917002 0.4105172 0.1954997 2.322656 0.4468869 0.4372081 2.019625 0.4168529 0.3178953 2.462168 0.4759593 0.4913495 2.058776 0.4189648 0.3586938 2.513041 0.1184781 0.03584779 2.181894 0.120639 -0.05143118 2.186399 0.07616094 -0.08467495 2.169221 0.1738421 -0.09657186 2.206626 0.09017546 -0.4971684 2.227916 0.2017344 -0.5828619 2.483335 0.03034923 -0.9144192 2.309257 0.1876538 -0.896189 2.528022 0.07499173 -0.9502501 2.356606 0.2591509 -0.9130628 2.572169
0.1251228 0.6385186 2.17339 0.110626 0.4727778 2.175128 0.06373794 0.3082421 2.054446 0.2268133 0.3500177 2.296828 0.2823859 0.3138122 1.927845 0.4111149 0.1978806 2.322205 0.4457864 0.4529085 2.024377 0.4244638 0.3953965 2.148953 0.4775538 0.5038906 2.064419 0.435393 0.4361928 2.041519 0.1186674 0.03701328 2.181532 0.1207072 -0.05035413 2.186036 0.0758695 -0.08292405 2.170028 0.1721393 -0.09337926 2.202561 0.09006961 -0.495616 2.227553 0.1988084 -0.5789188 2.480648 0.02975998 -0.9126625 2.309412 0.1871999 -0.8915978 2.528587 0.07496062 -0.9498277 2.355175 0.2114906 -0.9226953 2.591528
0.1245192 0.6396948 2.172897 0.1104518 0.474006 2.175003 0.06513484 0.308842 2.055831 0.2266391 0.3512459 2.296703 0.2879253 0.3217232 1.933417 0.4109407 0.1991087 2.32208 0.4393678 0.4606097 2.026074 0.4244789 0.3979867 2.150536 0.4769386 0.5201894 2.07389 0.4355828 0.4406022 2.04312 0.1187647 0.03787557 2.181324 0.1207974 -0.04949963 2.185805 0.07567693 -0.08161418 2.171037 0.1714678 -0.0911721 2.199931 0.08995706 -0.4945086 2.22737 0.1965187 -0.575927 2.479472 0.02758119 -0.9107533 2.311136 0.1889108 -0.888608 2.527921 0.04931144 -0.9498301 2.370461 0.2610474 -0.9171854 2.572577
0.1254692 0.6417949 2.173638 0.1109142 0.4758497 2.174525 0.06755815 0.3099901 2.057298 0.2271015 0.3530896 2.296225 0.2928122 0.3297442 1.938692 0.4114031 0.2009524 2.321602 0.4364042 0.4725009 2.032924 0.4226209 0.408819 2.161851 0.4731821 0.5344243 2.082949 0.4325419 0.4571083 2.060057 0.1193936 0.03916048 2.18089 0.1213937 -0.04828613 2.185375 0.07627869 -0.08006369 2.171814 0.1714635 -0.08938864 2.197859 0.08988395 -0.4931699 2.227031 0.1953165 -0.5737182 2.478211 0.02746164 -0.9094267 2.310723 0.1895406 -0.8853334 2.531171 0.04976586 -0.9505441 2.368433 0.245106 -0.9157482 2.57851
0.1239001 0.6435088 2.173996 0.1103141 0.4772984 2.174117 0.0681501 0.3105824 2.058066 0.2265013 0.3545384 2.295817 0.295527 0.3343719 1.942425 0.4108029 0.2024012 2.321194 0.4370242 0.4786852 2.037051 0.4291737 0.4113211 2.163676 0.4735608 0.5374385 2.085141 0.4430852 0.4620302 2.061793 0.118236 0.0401934 2.180646 0.1199987 -0.04725935 2.185148 0.07461366 -0.07876462 2.172496 0.1684753 -0.08780183 2.196582 0.08979919 -0.4919918 2.226651 0.2106696 -0.5222524 2.463934 0.02942549 -0.9086683 2.3099 0.1912142 -0.8693891 2.531482 0.05570596 -0.9499955 2.365758 0.1933525 -0.9252541 2.580402
0.1246507 0.6446201 2.174087 0.1107893 0.478362 2.173914 0.06906666 0.3115464 2.058983 0.2269765 0.3556019 2.295614 0.2968791 0.3367559 1.94488 0.4112781 0.2034648 2.320991 0.4363649 0.4796407 2.037858 0.4301193 0.4135475 2.165228 0.4729708 0.5415092 2.08947 0.4443104 0.4651529 2.064121 0.1188014 0.04112359 2.180432 0.1205534 -0.04635586 2.184932 0.07497492 -0.07792362 2.173006 0.1690444 -0.08692141 2.195654 0.08928558 -0.4912771 2.226587 0.2109026 -0.5213315 2.464672 0.02907895 -0.9079822 2.309825 0.1901245 -0.8691701 2.532499 0.05903521 -0.9482014 2.364631 0.2397284 -0.9190257 2.589764
0.1233088 0.6454512 2.174668 0.1105922 0.4789411 2.173805 0.06999242 0.3120319 2.059648 0.2267795 0.356181 2.295505 0.2990566 0.3381544 1.946562 0.4110811 0.2040439 2.320882 0.4366749 0.4833731 2.042109 0.4332913 0.4143037 2.165864 0.4719457 0.5431597 2.091086 0.4494213 0.4669722 2.064511 0.118564 0.04139243 2.180434 0.1202879 -0.04611939 2.184952 0.0746718 -0.07757106 2.173337 0.1683553 -0.08644274 2.195448 0.09002074 -0.490954 2.226514 0.2069495 -0.5184133 2.466294 0.02885495 -0.9076416 2.309291 0.1928315 -0.8711936 2.532359 0.05731567 -0.9492968 2.36382 0.2488936 -0.9126922 2.580155
0.1235243 0.645533 2.17462 0.1106334 0.4790415 2.173788 0.07067847 0.3121652 2.060174 0.2268206 0.3562815 2.295488 0.2990817 0.3381122 1.946657 0.4111222 0.2041444 2.320865 0.4364393 0.4841632 2.043263 0.4324406 0.4144317 2.165749 0.4715787 0.5436165 2.091567 0.4480234 0.4665547 2.064719 0.1188726 0.04155549 2.180356 0.1206653 -0.04594507 2.184857 0.07518733 -0.07722271 2.173684 0.1686949 -0.08632715 2.194997 0.0922687 -0.4907208 2.225721 0.2073141 -0.5184537 2.466594 0.0306841 -0.9077348 2.307003 0.1904819 -0.8710054 2.533999 0.07523455 -0.9421645 2.355464 0.2562039 -0.914046 2.582449
0.1231189 0.645393 2.173718 0.1106686 0.4790729 2.17378 0.07088941 0.3118761 2.060539 0.2268558 0.3563128 2.29548 0.2987454 0.3371429 1.94649 0.4111575 0.2041757 2.320857 0.4365142 0.4840406 2.043384 0.4316508 0.4124429 2.162672 0.4715004 0.5432401 2.091559 0.4465387 0.4609867 2.061688 0.1192651 0.04169946 2.180309 0.1211517 -0.04577345 2.1848 0.07549474 -0.07714177 2.173861 0.1693234 -0.08621117 2.194703 0.09223196 -0.4906807 2.225739 0.2076229 -0.518302 2.466775 0.03071699 -0.9076665 2.307178 0.1902853 -0.8712814 2.533081 0.06389928 -0.9494441 2.35887 0.2572853 -0.9146076 2.582655
0.1231548 0.6454365 2.173981 0.1106652 0.4790593 2.173794 0.07088625 0.3118896 2.060559 0.2268524 0.3562993 2.295494 0.2969178 0.3333178 1.945178 0.4111541 0.2041621 2.320871 0.4379599 0.4826469 2.043241 0.4295086 0.4064231 2.15415 0.4725233 0.5377491 2.088944 0.4429762 0.4487154 2.050904 0.1191693 0.04166823 2.180373 0.1210066 -0.0458105 2.184885 0.0751508 -0.0771848 2.17423 0.1691226 -0.08634029 2.194708 0.09244531 -0.49073 2.22593 0.2063972 -0.5182869 2.467622 0.03149463 -0.9075757 2.308241 0.1910079 -0.8701745 2.531672 0.05916054 -0.9508052 2.361947 0.1947608 -0.9228532 2.583916
0.1233388 0.6453724 2.173938 0.1109425 0.4790348 2.173959 0.07105871 0.3118215 2.060615 0.2271297 0.3562748 2.295659 0.2934613 0.3262663 1.94104 0.4114313 0.2041376 2.321036 0.4403197 0.477737 2.042774 0.4295309 0.4062117 2.154037 0.473434 0.5238661 2.083409 0.4428158 0.4478476 2.051071 0.1191742 0.04161274 2.180435 0.120977 -0.04588001 2.184948 0.075046 -0.07731092 2.174413 0.1690436 -0.08652444 2.194751 0.09223185 -0.4908543 2.226163 0.206072 -0.5184121 2.467988 0.03151267 -0.9078741 2.307937 0.1911575 -0.8705055 2.531279 0.05099299 -0.9512748 2.364994 0.2611241 -0.9124138 2.569607
0.1227526 0.6453951 2.174064 0.1109225 0.4789864 2.173965 0.07120319 0.3117436 2.060373 0.2271098 0.3562264 2.295665 0.2820939 0.3093005 1.93057 0.4114114 0.2040893 2.321042 0.4412237 0.466337 2.039375 0.4270997 0.3903672 2.135021 0.4765548 0.50932 2.077708 0.438364 0.4146515 2.030731 0.1191534 0.04138197 2.180552 0.1209474 -0.04616488 2.185101 0.07496337 -0.07776238 2.174535 0.1689928 -0.08673508 2.195018 0.0916703 -0.4911292 2.227535 0.205276 -0.518442 2.468528 0.03147133 -0.9084862 2.308294 0.191656 -0.8703763 2.531318 0.05307364 -0.9524997 2.364105 0.1979013 -0.9267444 2.5793
0.1222783 0.6445184 2.174637 0.110713 0.4780338 2.174299 0.07074142 0.3110377 2.060152 0.2269002 0.3552738 2.295998 0.2794185 0.2981869 1.92355 0.4112018 0.2031367 2.321375 0.4453408 0.4471842 2.033387 0.4269 0.3894391 2.13538 0.4799537 0.4916717 2.070644 0.4381671 0.4137145 2.031121 0.1184187 0.04065705 2.180815 0.1200466 -0.0468703 2.185355 0.07363669 -0.07853352 2.173286 0.1671279 -0.08932723 2.197917 0.09197422 -0.4915975 2.227738 0.2048174 -0.5195861 2.469434 0.03066324 -0.9088744 2.308183 0.1913815 -0.8704807 2.53264 0.05677848 -0.9510981 2.363445 0.266538 -0.9165184 2.580949
0.1228907 0.6429775 2.174988 0.1103395 0.4766291 2.174936 0.06928465 0.3102162 2.059641 0.2265267 0.3538691 2.296635 0.2685484 0.2777813 1.910889 0.4108283 0.201732 2.322013 0.4346104 0.4248442 2.022851 0.4262202 0.3812135 2.128918 0.4718334 0.4692175 2.057647 0.4369738 0.3979804 2.025664 0.1184974 0.04033415 2.180858 0.12015 -0.04708439 2.185346 0.07476819 -0.08247429 2.161917 0.168196 -0.09486758 2.208343 0.09159686 -0.4933006 2.229196 0.2139549 -0.5317582 2.473732 0.03037627 -0.9105048 2.309983 0.1916096 -0.8705282 2.532212 0.07222322 -0.9513596 2.355792 0.2105854 -0.9192175 2.585013
0.1243535 0.6407674 2.173501 0.1091998 0.4752097 2.175837 0.0674374 0.3084202 2.058829 0.225387 0.3524496 2.297536 0.2576368 0.2603641 1.901244 0.4096886 0.2003125 2.322913 0.4156549 0.3533736 1.976853 0.4249972 0.3786446 2.12867 0.4594846 0.405004 2.022602 0.4357047 0.3947949 2.025015 0.1184435 0.03974003 2.180833 0.1202046 -0.04759445 2.185214 0.07527193 -0.08459554 2.157028 0.1680724 -0.09730791 2.211584 0.09112093 -0.49433 2.229889 0.2149876 -0.5349644 2.474118 0.03156606 -0.9117342 2.310841 0.189822 -0.8722112 2.534319 0.07330807 -0.9524012 2.356913 0.2421114 -0.9210751 2.554245
0.124337 0.6395271 2.175094 0.1088568 0.4736663 2.176073 0.06457072 0.3064904 2.057252 0.225044 0.3509062 2.297773 0.2407386 0.2362369 1.892462 0.4093456 0.198769 2.32315 0.4007798 0.3038805 1.951732 0.4247329 0.3761518 2.127982 0.4514357 0.361758 2.001136 0.4354687 0.3918045 2.023995 0.1185726 0.03899572 2.180868 0.1203991 -0.04818504 2.185201 0.07564636 -0.08743757 2.151835 0.1689178 -0.1017345 2.217711 0.09120958 -0.4959678 2.230301 0.2173837 -0.5388618 2.475999 0.02990941 -0.9131336 2.311199 0.1899518 -0.8716384 2.534094 0.06949729 -0.9534776 2.359407 0.224664 -0.9291022 2.608095
0.1245305 0.6356524 2.176388 0.1099125 0.4693823 2.17597 0.06022368 0.3032292 2.054639 0.2260998 0.3466223 2.297669 0.2305894 0.2194325 1.886304 0.4104014 0.1944851 2.323046 0.3885249 0.2917376 1.945695 0.4261193 0.3708665 2.126934 0.4495048 0.3368251 1.996736 0.4370092 0.3861607 2.02244 0.1190457 0.03714768 2.181132 0.1207975 -0.0495937 2.185461 0.07527471 -0.08980545 2.150383 0.1702738 -0.1052436 2.220685 0.09142151 -0.4978747 2.230786 0.2183558 -0.5435454 2.477464 0.02957894 -0.9154291 2.309837 0.1900261 -0.8716253 2.534101 0.07059789 -0.9522906 2.359612 0.2022551 -0.9253183 2.583965
0.1256163 0.6329173 2.176652 0.1108733 0.466637 2.176149 0.057626 0.3030977 2.053466 0.2270605 0.3438769 2.297848 0.2124471 0.2054838 1.886234 0.4113621 0.1917397 2.323225 0.3826883 0.2563531 1.935242 0.4271725 0.3677908 2.126801 0.4390074 0.2973321 1.977261 0.4381225 0.3831503 2.021949 0.1206522 0.03294916 2.182507 0.1225602 -0.0539738 2.187082 0.07534628 -0.09247014 2.150993 0.1738759 -0.1113603 2.223688 0.09167078 -0.5005804 2.231189 0.2275812 -0.5555159 2.482757 0.0308045 -0.9185616 2.309104 0.1907403 -0.870374 2.533881 0.08025497 -0.9439002 2.358414 0.2593763 -0.9123597 2.572614
0.1265165 0.6295094 2.177315 0.1130971 0.4630857 2.176682 0.05506098 0.3042777 2.053586 0.2292843 0.3403257 2.298382 0.1834778 0.186038 1.888088 0.4135859 0.1881885 2.323759 0.3646354 0.2134108 1.918119 0.3384931 0.316025 2.493358 0.4380174 0.2518908 1.956733 0.3134621 0.3586371 2.55426 0.1643996 0.08175115 2.187764 0.1735869 0.007219169 2.192914 0.1344377 -0.05882993 2.144667 0.2272222 -0.04438348 2.24164 0.09045619 -0.4653981 2.222636 0.2919066 -0.5080696 2.497978 0.02880316 -0.8798221 2.300433 0.1901419 -0.8698473 2.533847 0.06398238 -0.9341876 2.336842 0.2557629 -0.9154928 2.577161
0.1288623 0.6246281 2.178375 0.1165062 0.4578006 2.176321 0.05510536 0.3042484 2.053595 0.2326935 0.3350405 2.29802 0.1754385 0.1686598 1.883191 0.4169951 0.1829033 2.323397 0.3575504 0.1910169 1.912084 0.3353987 0.2893818 2.506096 0.4116519 0.2165537 1.936473 0.3081999 0.3248746 2.571364 0.1637148 0.07625502 2.188473 0.1723333 0.0001839898 2.194059 0.1333516 -0.06034721 2.147192 0.2248125 -0.05306796 2.240418 0.0894066 -0.4673653 2.223151 0.2827226 -0.5382003 2.502028 0.02831512 -0.8809178 2.301073 0.1908652 -0.8691923 2.532337 0.05415047 -0.9362576 2.343756 0.2560797 -0.9138161 2.573737
0.1301223 0.6236493 2.178582 0.1171382 0.4567969 2.176202 0.05743649 0.3039655 2.053345 0.2333255 0.3340369 2.297902 0.1400138 0.1608475 1.888792 0.4176271 0.1818997 2.323278 0.3360812 0.1620604 1.902817 0.347989 0.2590231 2.511039 0.4002018 0.1919149 1.924823 0.3247763 0.2847309 2.577995 0.1641625 0.06836648 2.190214 0.1729593 -0.01021711 2.196553 0.1342683 -0.06393512 2.153336 0.2239219 -0.06030352 2.239372 0.08764319 -0.4715715 2.225001 0.2188739 -0.5195967 2.486633 0.02840665 -0.8639733 2.296864 0.1917249 -0.8673975 2.532521 0.05736404 -0.9313153 2.336062 0.2570001 -0.9083797 2.491313
0.1325572 0.6228139 2.178246 0.1182321 0.4561288 2.176134 0.06356109 0.3031415 2.053987 0.2344194 0.3333687 2.297834 0.1081908 0.148472 1.883155 0.418721 0.1812315 2.32321 0.3205656 0.1309856 1.892424 0.4878595 0.2606381 2.466127 0.3848301 0.1492694 1.90247 0.5109057 0.2871069 2.518135 0.1628438 0.06176712 2.190619 0.1708876 -0.01834697 2.19699 0.1327977 -0.06639969 2.156688 0.2198819 -0.06868739 2.236225 0.08763225 -0.4748445 2.225194 0.2187985 -0.5200871 2.486385 0.02081232 -0.8884509 2.316184 0.1919633 -0.8675163 2.532828 0.06573956 -0.9419928 2.341355 0.2660536 -0.9184778 2.572252
0.1357683 0.6218427 2.178015 0.1189894 0.4553882 2.175917 0.06970697 0.3006112 2.052917 0.2351766 0.3326282 2.297616 0.1010955 0.1440254 1.883107 0.4194782 0.180491 2.322993 0.3052896 0.1116161 1.887772 0.4028115 0.2130646 2.501354 0.368234 0.1347378 1.896042 0.397256 0.2239224 2.565177 0.1619762 0.06025356 2.190434 0.1698112 -0.01975404 2.19677 0.1325104 -0.06654663 2.156842 0.2167995 -0.07160808 2.235794 0.08822095 -0.4745544 2.227971 0.2121596 -0.5346702 2.477138 0.02280714 -0.8893982 2.315312 0.1907587 -0.865127 2.530726 0.06376114 -0.9444538 2.343778 0.2446948 -0.9242537 2.548975
0.1385877 0.6214631 2.178911 0.1206915 0.4549148 2.175854 0.07393888 0.2995836 2.05279 0.2368788 0.3321547 2.297554 0.08916763 0.1408737 1.884526 0.4211804 0.1800175 2.32293 0.297851 0.1019092 1.885779 0.4074587 0.2103835 2.506908 0.3644002 0.1134246 1.883936 0.4028848 0.2205055 2.572603 0.1613175 0.0576334 2.19019 0.1686701 -0.02284951 2.196401 0.1317114 -0.0672253 2.15794 0.2147467 -0.07461654 2.233761 0.08798674 -0.4755987 2.22758 0.2110231 -0.5403922 2.475236 0.02370994 -0.8906811 2.314699 0.1898874 -0.8621751 2.528359 0.06613962 -0.9438731 2.344516 0.224639 -0.9258935 2.544201
0.1410559 0.6196487 2.179095 0.1223561 0.4529756 2.175038 0.07674433 0.2985376 2.052681 0.2385433 0.3302155 2.296738 0.07861914 0.1381866 1.885463 0.4228449 0.1780783 2.322114 0.2908847 0.09212499 1.882073 0.4100673 0.2069491 2.509916 0.356071 0.1098789 1.882446 0.4058082 0.2165727 2.576885 0.1600086 0.05462272 2.189735 0.1668762 -0.02585955 2.195986 0.1305763 -0.06806834 2.158521 0.2116757 -0.0783471 2.23263 0.08792488 -0.4766153 2.227861 0.2156429 -0.5218781 2.476159 0.02349754 -0.8923292 2.312547 0.1899218 -0.8624195 2.528612 0.0569988 -0.9453694 2.352335 0.2564192 -0.9154229 2.571994
0.1421781 0.6192346 2.178782 0.1233964 0.4525826 2.174789 0.07851936 0.2979442 2.051899 0.2395837 0.3298225 2.296489 0.07190865 0.1360573 1.886323 0.4238853 0.1776853 2.321865 0.2484438 0.07093345 1.868339 0.4101489 0.1997098 2.515146 0.3382193 0.08646543 1.87572 0.4055701 0.2070513 2.583942 0.1594911 0.05397223 2.189136 0.1660603 -0.02652638 2.195208 0.1298613 -0.06774364 2.158871 0.209772 -0.07907756 2.229841 0.08813535 -0.4765745 2.227269 0.2172627 -0.511547 2.473876 0.02457049 -0.8929157 2.310081 0.19067 -0.8628603 2.528933 0.06495251 -0.9444529 2.345178 0.2571665 -0.9156602 2.572813
0.1423773 0.6177844 2.178356 0.123832 0.4511119 2.174399 0.08009461 0.2969593 2.051465 0.2400192 0.3283519 2.296098 0.06823774 0.1349246 1.886177 0.4243208 0.1762147 2.321474 0.2738945 0.07706107 1.874994 0.4120755 0.1977736 2.515773 0.3380226 0.09828624 1.876231 0.4079937 0.2049599 2.584908 0.1584195 0.05162446 2.188937 0.1648137 -0.02879083 2.195067 0.1290951 -0.06849793 2.15929 0.2081307 -0.08121143 2.229686 0.0859773 -0.4773962 2.226615 0.2169086 -0.5137075 2.472077 0.0256401 -0.8868091 2.308995 0.1907581 -0.862393 2.528132 0.05888863 -0.9422902 2.345533 0.2578204 -0.9034423 2.489976
0.1428133 0.6178224 2.178384 0.1239671 0.4511452 2.174248 0.08072631 0.2969021 2.051282 0.2401543 0.3283851 2.295948 0.06611994 0.1353061 1.886202 0.424456 0.176248 2.321324 0.2747278 0.07731727 1.87447 0.4121631 0.1967307 2.516963 0.3389595 0.09824538 1.875178 0.4080654 0.2035583 2.586545 0.1582618 0.05128624 2.188888 0.1646176 -0.02919528 2.195044 0.128976 -0.06848423 2.15965 0.2077101 -0.08164605 2.229494 0.08588959 -0.477483 2.226475 0.2164393 -0.5169878 2.47092 0.02614921 -0.8868126 2.308998 0.1896161 -0.8630075 2.53105 0.06312203 -0.9424307 2.341529 0.2630569 -0.9164513 2.574082
0.1427444 0.6179783 2.178295 0.1239542 0.4513016 2.174199 0.08094972 0.2968376 2.050943 0.2401415 0.3285415 2.295899 0.06583072 0.1353306 1.886037 0.4244431 0.1764043 2.321275 0.275674 0.07818127 1.874019 0.4116996 0.1967762 2.517427 0.3399657 0.09891562 1.87483 0.4074517 0.2035668 2.58718 0.1581473 0.05111193 2.188645 0.1645125 -0.02943584 2.194727 0.1289515 -0.0684928 2.159672 0.2074948 -0.08166794 2.228744 0.0856794 -0.4775685 2.226 0.2145199 -0.5175362 2.467943 0.02626959 -0.88675 2.308619 0.1904056 -0.8651114 2.532209 0.05386372 -0.9415804 2.350461 0.2649147 -0.9183702 2.573603
0.1430844 0.6179314 2.178178 0.1239404 0.4513115 2.174169 0.08103338 0.2968566 2.050801 0.2401277 0.3285514 2.295868 0.06681377 0.1388275 1.886188 0.4244293 0.1764143 2.321244 0.2782859 0.08099058 1.873047 0.412625 0.1971661 2.51633 0.3429601 0.1004778 1.87417 0.4086902 0.2040833 2.585728 0.1577157 0.05031874 2.188313 0.1640332 -0.03041581 2.194324 0.1283813 -0.06900756 2.159858 0.2071787 -0.08213059 2.228146 0.08763102 -0.4783562 2.226112 0.2125991 -0.5201929 2.466295 0.02690158 -0.8805159 2.305068 0.1883726 -0.8650621 2.532529 0.05403437 -0.9384654 2.346078 0.2555592 -0.9061059 2.49459
0.1431724 0.617994 2.178116 0.1238826 0.4513931 2.174124 0.08114384 0.2969278 2.05066 0.2400699 0.3286331 2.295823 0.07073268 0.1393675 1.884579 0.4243715 0.1764959 2.321199 0.2858459 0.0897546 1.873631 0.4135797 0.2000089 2.515083 0.3508378 0.1081554 1.874639 0.4099824 0.2078465 2.58408 0.1578301 0.04992656 2.188263 0.1642756 -0.03096407 2.194275 0.1285773 -0.06949069 2.160136 0.2073851 -0.08225847 2.228039 0.0870314 -0.478833 2.226007 0.2112442 -0.5220126 2.462598 0.02783228 -0.8816456 2.304614 0.1887238 -0.8604022 2.528497 0.05695087 -0.9386551 2.342304 0.2589905 -0.9141724 2.57617
0.1431994 0.6184222 2.178189 0.1236869 0.4518135 2.17404 0.08062346 0.2971698 2.050366 0.2398741 0.3290534 2.29574 0.07741131 0.1452645 1.884884 0.4241757 0.1769162 2.321115 0.2950125 0.1003925 1.874825 0.4125968 0.2043421 2.500365 0.3593928 0.1205184 1.878508 0.4087372 0.2134841 2.564483 0.1579351 0.0500861 2.188152 0.1644957 -0.03074753 2.194123 0.1286537 -0.06941932 2.160181 0.2080502 -0.08156452 2.227582 0.08774549 -0.4789954 2.225168 0.1206906 -0.5814649 2.271213 0.02801487 -0.8813719 2.304517 0.1888064 -0.8614452 2.527418 0.06251417 -0.9359872 2.342855 0.2560046 -0.9024666 2.489477
0.143094 0.6185091 2.178154 0.1235515 0.4519078 2.17403 0.0784906 0.2982588 2.048821 0.2397387 0.3291477 2.29573 0.08519613 0.1463361 1.883254 0.4240403 0.1770105 2.321105 0.3086669 0.1168245 1.879446 0.407204 0.216244 2.491323 0.3706661 0.1421605 1.888257 0.4015919 0.2293219 2.552431 0.158621 0.0509558 2.187829 0.1656954 -0.02938494 2.193645 0.1294174 -0.0694208 2.159172 0.2104734 -0.0799461 2.228281 0.08747357 -0.4788008 2.224636 0.1206154 -0.5809307 2.270923 0.02732332 -0.8838151 2.307175 0.1914389 -0.8597145 2.528737 0.06596009 -0.9365852 2.342398 0.2585468 -0.9007045 2.490607
0.1422631 0.6186682 2.178021 0.1227691 0.4520599 2.173898 0.07575702 0.2988541 2.047593 0.2389563 0.3292998 2.295598 0.09174762 0.1520579 1.883319 0.4232579 0.1771626 2.320974 0.3153063 0.1290782 1.883277 0.4095294 0.2298373 2.488054 0.3817616 0.1569954 1.895859 0.4049532 0.2473955 2.548116 0.15895 0.05228179 2.187318 0.1664213 -0.0274679 2.192971 0.1299065 -0.06906726 2.158199 0.211786 -0.07786189 2.228428 0.08793492 -0.4783007 2.224409 0.1200849 -0.5799683 2.270386 0.02430201 -0.8938 2.310409 0.1911056 -0.8607942 2.528489 0.06250416 -0.9418164 2.35228 0.2580943 -0.9017533 2.490115
0.1418754 0.6183982 2.177854 0.1227522 0.4517849 2.173919 0.07076472 0.3005061 2.046691 0.2389394 0.3290248 2.295619 0.1456683 0.1538272 1.882419 0.423241 0.1768877 2.320995 0.3375723 0.1585194 1.892319 0.4148912 0.2506527 2.480861 0.3993077 0.1864756 1.912843 0.4121079 0.275241 2.538518 0.1600345 0.05422385 2.187196 0.1679833 -0.02444809 2.192834 0.1304864 -0.06894498 2.157254 0.2149719 -0.07508393 2.230169 0.0877192 -0.4779379 2.224276 0.1199817 -0.5795375 2.270395 0.02137566 -0.8928578 2.310861 0.1919152 -0.8608676 2.527983 0.06807913 -0.9398466 2.344462 0.259257 -0.9112166 2.568594
0.1405139 0.6185722 2.177641 0.1223954 0.4518679 2.173815 0.06126592 0.30478 2.043301 0.2385826 0.3291079 2.295514 0.1540346 0.1597736 1.883106 0.4228842 0.1769707 2.32089 0.3445784 0.1708547 1.894745 0.4143005 0.2535631 2.479512 0.4126565 0.2065002 1.920438 0.4114393 0.2790939 2.536755 0.1604939 0.05736251 2.187088 0.1686978 -0.02050969 2.192817 0.130715 -0.06826662 2.156291 0.216581 -0.07270644 2.231692 0.0877803 -0.477138 2.223843 0.1198401 -0.5803338 2.270994 0.02194374 -0.8920457 2.310783 0.1902977 -0.8707163 2.536714 0.06218509 -0.9423698 2.347747 0.2682283 -0.9092997 2.587102
0.1402009 0.6186146 2.177586 0.12212 0.4519122 2.173795 0.0574078 0.3051577 2.04192 0.2383072 0.3291521 2.295495 0.1696032 0.1703571 1.883033 0.4226089 0.1770149 2.320871 0.3606288 0.2069559 1.903472 0.4141966 0.2762168 2.467511 0.4249262 0.2359156 1.932864 0.4113925 0.3092841 2.520761 0.1596767 0.06233985 2.186707 0.167652 -0.01419135 2.192364 0.1300316 -0.0673497 2.151972 0.2163383 -0.06976329 2.23491 0.08768903 -0.4754962 2.223415 0.2159915 -0.5293874 2.473897 0.02321965 -0.8907392 2.309914 0.1896772 -0.8701653 2.535168 0.05451951 -0.9428822 2.352571 0.2411705 -0.9243299 2.598978
0.1386606 0.6190674 2.17743 0.1211253 0.4523529 2.173867 0.05653328 0.3046786 2.041333 0.2373126 0.3295929 2.295566 0.1989328 0.1872758 1.877352 0.4216142 0.1774557 2.320942 0.3775043 0.2257701 1.909653 0.4133302 0.2791339 2.466026 0.4457445 0.2724485 1.948619 0.4105688 0.3130267 2.518756 0.1226567 0.02303705 2.181425 0.1241235 -0.06333487 2.186049 0.0753684 -0.103105 2.141639 0.1745748 -0.1241475 2.230202 0.08940525 -0.508891 2.231808 0.1790167 -0.5368493 2.460644 0.02543176 -0.9242204 2.318275 0.1903038 -0.8703892 2.535689 0.06765317 -0.9513708 2.373031 0.2274163 -0.9154441 2.586218
0.1354129 0.6214998 2.177048 0.1176071 0.4548722 2.173767 0.05605691 0.3035016 2.040703 0.2337943 0.3321121 2.295466 0.2129666 0.197068 1.876614 0.418096 0.179975 2.320842 0.3888173 0.2604254 1.920862 0.4102776 0.2841507 2.464318 0.4561753 0.3037177 1.96494 0.4076715 0.318876 2.516512 0.1226232 0.02309123 2.18139 0.1241277 -0.06332383 2.186028 0.07552613 -0.1029059 2.142044 0.1745406 -0.1232032 2.229192 0.08963274 -0.5088893 2.231426 0.1757903 -0.5340411 2.458803 0.02780423 -0.924738 2.317174 0.1908032 -0.8710268 2.535754 0.06090494 -0.9519489 2.377853 0.2374648 -0.9200122 2.593696
0.1357824 0.6236032 2.176613 0.1164518 0.4571481 2.173352 0.05609767 0.3033898 2.040798 0.232639 0.334388 2.295051 0.2263632 0.2126304 1.880248 0.4169406 0.1822509 2.320427 0.3934578 0.2762242 1.92667 0.4096604 0.2878833 2.462951 0.4572283 0.3230046 1.972488 0.4072336 0.3230941 2.514828 0.1221814 0.02368945 2.181061 0.1237057 -0.06289526 2.185722 0.07518426 -0.1023502 2.142178 0.1735785 -0.1217564 2.22797 0.0894172 -0.5083624 2.231431 0.1698174 -0.531819 2.456169 0.02927667 -0.8851293 2.304567 0.1931267 -0.8691436 2.531902 0.07064784 -0.9371639 2.337715 0.2546151 -0.9204708 2.584774
0.1358842 0.6261995 2.175816 0.1150053 0.4601086 2.17338 0.05647634 0.303194 2.041135 0.2311925 0.3373485 2.295079 0.2405372 0.2293896 1.885865 0.4154942 0.1852114 2.320455 0.403879 0.2987278 1.935562 0.4087494 0.2915914 2.462495 0.4553618 0.3569969 1.983611 0.4065012 0.3270514 2.51421 0.1218567 0.02589352 2.17986 0.1234857 -0.06077665 2.18428 0.07527794 -0.1000866 2.142239 0.1729008 -0.1153701 2.22269 0.08890774 -0.5062669 2.230907 0.1647008 -0.520396 2.450469 0.03007306 -0.8837116 2.303856 0.1939227 -0.8697765 2.530853 0.06920183 -0.9375353 2.336868 0.2457467 -0.922942 2.598587
0.1350767 0.6290574 2.176496 0.1148417 0.4627125 2.173264 0.05924408 0.3043775 2.043486 0.2310289 0.3399524 2.294964 0.2557691 0.2489903 1.892732 0.4153306 0.1878152 2.320339 0.4296437 0.3614135 1.973815 0.4090438 0.2947156 2.462041 0.4765931 0.4054143 2.017327 0.4069482 0.330349 2.513644 0.1223649 0.02779906 2.179586 0.1240522 -0.05904838 2.183998 0.07681131 -0.0963415 2.144184 0.1733405 -0.112104 2.220961 0.08929912 -0.5032735 2.229957 0.1650366 -0.5193434 2.450656 0.03004797 -0.8812253 2.303278 0.1962717 -0.8688128 2.530877 0.04382359 -0.9497929 2.365672 0.2560514 -0.9105301 2.600064
0.1351672 0.6314977 2.175635 0.1151846 0.4653224 2.173333 0.06238793 0.3051919 2.045941 0.2313718 0.3425623 2.295033 0.2691994 0.2678778 1.901563 0.4156734 0.1904252 2.320408 0.4453405 0.4036793 2.012518 0.4097609 0.2976283 2.461917 0.4840476 0.4536127 2.036447 0.40779 0.3333626 2.513455 0.1238122 0.02903941 2.18002 0.1257333 -0.05801358 2.184528 0.08181372 -0.0897937 2.158914 0.1771159 -0.10657 2.21312 0.09016411 -0.5006542 2.227364 0.1662769 -0.5161297 2.451221 0.03083772 -0.8797944 2.300852 0.196333 -0.8689497 2.530889 0.0480518 -0.9427267 2.350192 0.2474423 -0.9157441 2.584089
0.1352556 0.6344212 2.174716 0.1157264 0.4683484 2.173126 0.06765378 0.3076085 2.048846 0.2319136 0.3455883 2.294825 0.27793 0.2858189 1.912143 0.4162152 0.1934512 2.320201 0.4569087 0.4195411 2.021285 0.4105911 0.3008429 2.46159 0.4804649 0.4738934 2.053767 0.4087164 0.3366401 2.513089 0.1255726 0.03040267 2.180078 0.1277432 -0.05691986 2.184639 0.08487679 -0.08744761 2.165457 0.1798086 -0.1013415 2.204543 0.09073614 -0.499815 2.226155 0.1659876 -0.5126899 2.450567 0.03101091 -0.8794917 2.30058 0.1963622 -0.8687606 2.530636 0.05101101 -0.9397842 2.344258 0.2666568 -0.9075124 2.591116
0.1346856 0.638371 2.173543 0.1167426 0.4722506 2.172542 0.07190567 0.3087134 2.050941 0.2329298 0.3494905 2.294241 0.2896566 0.3053413 1.923611 0.4172314 0.1973533 2.319617 0.4581847 0.4472716 2.033333 0.4387623 0.3902352 2.141605 0.4873213 0.4956609 2.070395 0.4885199 0.4299736 2.164168 0.1272898 0.03292123 2.179143 0.1295167 -0.05472902 2.18366 0.08609258 -0.08579397 2.166537 0.1805045 -0.09663457 2.199142 0.0917513 -0.4985696 2.224937 0.1637675 -0.5068361 2.447796 0.03172236 -0.8778999 2.299241 0.1952413 -0.8698803 2.530459 0.04853035 -0.9403161 2.345787 0.2617059 -0.9117653 2.492172
0.1333128 0.6399875 2.171937 0.1170793 0.4739545 2.172081 0.07405469 0.3096602 2.052592 0.2332665 0.3511944 2.293781 0.2922313 0.3122998 1.927905 0.4175681 0.1990573 2.319157 0.4456667 0.4672502 2.046362 0.4409006 0.4047996 2.15777 0.4766479 0.5185115 2.077612 0.4982354 0.4379304 2.171154 0.126288 0.03495764 2.178647 0.1281475 -0.05261455 2.183143 0.083514 -0.08321316 2.168364 0.1770819 -0.09307333 2.195845 0.09561007 -0.4965547 2.222579 0.1485513 -0.4892102 2.44329 0.03586439 -0.9141768 2.30274 0.1953644 -0.8696976 2.530734 0.07432468 -0.9474282 2.356901 0.2458789 -0.913486 2.58621
0.1317976 0.6420137 2.172228 0.1175998 0.475701 2.171981 0.07534476 0.309678 2.054322 0.2337871 0.3529409 2.293681 0.2982116 0.3229705 1.935472 0.4180887 0.2008037 2.319056 0.451313 0.4780789 2.054135 0.4434608 0.4090391 2.161532 0.4774452 0.532536 2.084394 0.4859165 0.4546 2.18772 0.1254617 0.036585 2.178342 0.1269994 -0.05098511 2.182784 0.08144151 -0.0813857 2.169451 0.1755557 -0.09172045 2.194414 0.09812255 -0.4949923 2.221009 0.1471846 -0.4863905 2.442908 0.03836491 -0.9124449 2.301843 0.1967632 -0.8706577 2.530982 0.08061085 -0.9428843 2.354824 0.2530869 -0.9159812 2.583094
0.1305699 0.6446578 2.174098 0.1178499 0.4777199 2.171609 0.07647408 0.3112401 2.055215 0.2340371 0.3549598 2.293308 0.3022662 0.3300631 1.939713 0.4183387 0.2028226 2.318684 0.4513318 0.4885314 2.059006 0.4440563 0.4114192 2.161741 0.4729474 0.544247 2.090513 0.4820229 0.4604359 2.188574 0.1250864 0.03857731 2.177829 0.1265146 -0.04907631 2.182256 0.08094388 -0.07986742 2.169133 0.1747069 -0.08996529 2.193976 0.09837702 -0.4934413 2.220706 0.1463047 -0.4830539 2.442362 0.0387027 -0.9107374 2.302212 0.1962751 -0.8709769 2.531796 0.0808046 -0.9446154 2.353183 0.2626857 -0.9129947 2.493561
0.1308165 0.645732 2.173331 0.1180864 0.4789481 2.171546 0.07771842 0.3123206 2.055864 0.2342736 0.356188 2.293246 0.3046845 0.3337532 1.941559 0.4185752 0.2040508 2.318622 0.4503871 0.4951767 2.061029 0.4446209 0.4124736 2.161484 0.4728182 0.5502891 2.093024 0.4800481 0.4631942 2.188622 0.1247013 0.04051315 2.177463 0.1259787 -0.04702188 2.181818 0.08024533 -0.07700142 2.170266 0.1736346 -0.08790799 2.19204 0.09850409 -0.4907754 2.220319 0.1458289 -0.4815978 2.442093 0.03865067 -0.908142 2.301465 0.1964538 -0.8708458 2.531349 0.07947943 -0.9450393 2.351364 0.2680228 -0.9143476 2.586905
0.1307197 0.6464581 2.172822 0.118333 0.4797218 2.171374 0.07836857 0.3119535 2.05667 0.2345202 0.3569617 2.293074 0.3076306 0.3370776 1.943346 0.4188219 0.2048245 2.31845 0.4514965 0.4996279 2.063447 0.4445407 0.4133431 2.161388 0.4753365 0.5544162 2.094976 0.4761769 0.4664268 2.188692 0.1250164 0.04108769 2.177389 0.1263075 -0.04650676 2.181765 0.08083036 -0.07647896 2.171336 0.1738877 -0.08736714 2.191056 0.0986541 -0.4904442 2.220253 0.1458588 -0.4814295 2.442077 0.03784461 -0.907693 2.301332 0.1954947 -0.8737371 2.53197 0.05925829 -0.9454448 2.36162 0.2685463 -0.9160748 2.586486
0.1302783 0.6475149 2.172511 0.1188291 0.4807481 2.171235 0.07890411 0.3120405 2.056968 0.2350163 0.3579881 2.292934 0.3076979 0.3374589 1.943543 0.419318 0.2058509 2.31831 0.4506876 0.5009166 2.063479 0.4449356 0.4144356 2.161324 0.4744282 0.555925 2.094699 0.475388 0.4680486 2.188938 0.125101 0.04155681 2.177368 0.1263455 -0.04613909 2.18176 0.08078183 -0.07633958 2.171411 0.1739128 -0.08709447 2.191017 0.09900308 -0.4903105 2.220177 0.1460365 -0.4808818 2.442186 0.03316946 -0.906552 2.302219 0.1985974 -0.8735337 2.533228 0.05344196 -0.9464461 2.361514 0.2670443 -0.9161005 2.581754
0.1310828 0.6478541 2.172194 0.1191131 0.4811938 2.171234 0.07900884 0.3120419 2.057258 0.2353003 0.3584338 2.292934 0.3063794 0.3368466 1.943184 0.4196019 0.2062966 2.31831 0.4502991 0.4999265 2.062584 0.4384117 0.4150732 2.16055 0.4742434 0.554775 2.09393 0.4815408 0.5625632 2.107605 0.1261184 0.04237305 2.177153 0.1275643 -0.04526318 2.181488 0.08151143 -0.07592007 2.171551 0.1754423 -0.08641222 2.190316 0.09880702 -0.4899651 2.220092 0.1488048 -0.480813 2.441885 0.03388114 -0.9066675 2.30091 0.1985168 -0.872911 2.532664 0.06332709 -0.9439147 2.358041 0.2629578 -0.9179155 2.5842
0.1303159 0.6484872 2.173783 0.1190898 0.4814065 2.171171 0.07885178 0.3123485 2.057266 0.235277 0.3586465 2.292871 0.3038581 0.3333707 1.941208 0.4195787 0.2065093 2.318247 0.4487282 0.495977 2.060156 0.4348255 0.4140473 2.158299 0.4730385 0.5507174 2.09141 0.4782432 0.4605315 2.181067 0.1260462 0.04264078 2.17707 0.127481 -0.0450014 2.181408 0.08136544 -0.07582502 2.17154 0.1754103 -0.08620181 2.190231 0.09883954 -0.4897392 2.220909 0.1486301 -0.4801625 2.441902 0.03173962 -0.8716372 2.296674 0.1981941 -0.8675016 2.533057 0.05172742 -0.9401183 2.353434 0.2496436 -0.9141805 2.583514
0.1303935 0.6485562 2.174088 0.1191083 0.4814097 2.17116 0.07880514 0.3122934 2.057369 0.2352955 0.3586496 2.29286 0.2861138 0.3146538 1.93081 0.4195972 0.2065124 2.318236 0.449995 0.4627171 2.034088 0.4368629 0.412295 2.156056 0.4797083 0.5165603 2.076315 0.4857464 0.4548022 2.175233 0.1273754 0.04224629 2.177176 0.1293261 -0.0455889 2.181586 0.08351713 -0.07713489 2.171823 0.1773796 -0.08672033 2.190513 0.0991907 -0.4911377 2.221096 0.2084776 -0.5701612 2.47173 0.03328296 -0.8712457 2.296811 0.1968324 -0.879042 2.534462 0.04891461 -0.9400408 2.352931 0.2463174 -0.9169748 2.589041
0.1289474 0.6488053 2.175163 0.1190934 0.4813561 2.17124 0.0786949 0.3119019 2.057338 0.2352806 0.358596 2.292939 0.2832903 0.3101289 1.926335 0.4195823 0.2064588 2.318315 0.4515719 0.456189 2.032361 0.4310757 0.4008338 2.141031 0.4816019 0.5038102 2.069704 0.4803571 0.4431589 2.159579 0.1276079 0.04197637 2.17742 0.1296099 -0.04591907 2.181869 0.08379184 -0.07782693 2.17204 0.1777375 -0.08704152 2.19104 0.09881854 -0.4918243 2.221523 0.2066356 -0.5705575 2.472363 0.03379964 -0.8719309 2.296753 0.1958641 -0.8801615 2.532642 0.06409653 -0.9287127 2.333853 0.1959285 -0.9205225 2.595007
0.1290421 0.6482375 2.174924 0.1190701 0.4808246 2.17115 0.07834949 0.3116349 2.056899 0.2352573 0.3580646 2.292849 0.2792353 0.3007815 1.916464 0.419559 0.2059274 2.318225 0.4522731 0.4408928 2.02703 0.4306325 0.3990149 2.139399 0.4830395 0.4889999 2.063128 0.4801836 0.4411601 2.157631 0.1287151 0.04129738 2.177429 0.1310429 -0.04663759 2.181909 0.08531064 -0.07922 2.171463 0.1795975 -0.0877248 2.191801 0.09829278 -0.4931067 2.222136 0.2075129 -0.5715863 2.472656 0.03312765 -0.9093314 2.304667 0.1944767 -0.8813749 2.53195 0.08046391 -0.9417677 2.351845 0.1979597 -0.9209421 2.594726
0.1294791 0.6449255 2.171925 0.1202397 0.4782574 2.171726 0.07629807 0.3104065 2.056391 0.2364269 0.3554973 2.293425 0.2729197 0.282487 1.904604 0.4207286 0.2033601 2.318801 0.4456128 0.420334 2.018162 0.4316459 0.3956087 2.13899 0.4780745 0.4685478 2.052595 0.4813706 0.4376152 2.15707 0.1287585 0.04088705 2.177486 0.1309903 -0.04685239 2.181925 0.08369982 -0.08240934 2.163313 0.1798201 -0.09365032 2.200944 0.0976746 -0.4945284 2.224386 0.2077988 -0.5671429 2.471836 0.03121619 -0.8708297 2.298981 0.194377 -0.8766536 2.532076 0.06181258 -0.9300778 2.334324 0.2529784 -0.9199525 2.588422
0.130481 0.6424936 2.170006 0.1194589 0.4764424 2.171943 0.07302759 0.3086008 2.055466 0.2356461 0.3536823 2.293643 0.259746 0.2643921 1.893713 0.4199478 0.2015451 2.319018 0.416255 0.354869 1.969244 0.430512 0.3932755 2.138587 0.4598734 0.4047497 2.017816 0.4884607 0.4444254 2.044936 0.1287921 0.0404107 2.177623 0.1310432 -0.04714016 2.182031 0.08398053 -0.08373174 2.159824 0.1802865 -0.09647807 2.205863 0.09729754 -0.4951097 2.225025 0.2078402 -0.5667237 2.471884 0.03500039 -0.8567631 2.295314 0.1932408 -0.8758325 2.533366 0.06322061 -0.9288732 2.331685 0.2590653 -0.9178309 2.494107
0.1318589 0.6391002 2.170417 0.1166138 0.4734534 2.172646 0.06812519 0.3065961 2.054925 0.232801 0.3506933 2.294346 0.2458355 0.2458815 1.884712 0.4171027 0.1985561 2.319721 0.4079781 0.3069511 1.945224 0.4273448 0.3898816 2.138805 0.457226 0.3651207 1.995675 0.4869062 0.4223705 2.034865 0.1283548 0.03914873 2.177779 0.1308174 -0.04809998 2.182113 0.08364721 -0.08658495 2.155046 0.1799803 -0.09998494 2.210209 0.09754153 -0.4968519 2.225786 0.2078771 -0.5666817 2.471902 0.03194522 -0.873199 2.301773 0.191746 -0.8761407 2.531856 0.06497869 -0.9318269 2.333236 0.2590805 -0.9099904 2.570581
0.1333903 0.6369151 2.170682 0.1158264 0.4712962 2.172096 0.06403735 0.3047001 2.054004 0.2320136 0.3485361 2.293796 0.2334774 0.2288711 1.880416 0.4163152 0.1963989 2.319171 0.3958877 0.2974201 1.941635 0.4264355 0.3874597 2.137943 0.4467328 0.3341851 1.98392 0.4877216 0.4186801 2.032246 0.1291499 0.0382094 2.177927 0.1319344 -0.04890002 2.182366 0.08668552 -0.0905356 2.14814 0.1841903 -0.1054859 2.219162 0.09597895 -0.4992363 2.226796 0.2081961 -0.5492991 2.462427 0.03320658 -0.8724587 2.299711 0.1924236 -0.8662915 2.528885 0.06347838 -0.9317368 2.332696 0.2594457 -0.9104619 2.572137
0.1348537 0.6345109 2.170554 0.1164112 0.4688825 2.171542 0.06135804 0.303237 2.052217 0.2325984 0.3461224 2.293241 0.2215607 0.2139518 1.874964 0.4169 0.1939852 2.318616 0.39067 0.2629462 1.928505 0.4269946 0.3848937 2.137212 0.4503354 0.3131976 1.976143 0.4899152 0.4152524 2.030296 0.1294381 0.03628533 2.178368 0.1321445 -0.05059653 2.182949 0.08618819 -0.0922796 2.146967 0.1843335 -0.1094421 2.222242 0.09598556 -0.5006003 2.227249 0.2072862 -0.5493435 2.461679 0.03174099 -0.8733756 2.301088 0.1954404 -0.8691097 2.530418 0.05258573 -0.9386762 2.346192 0.2591787 -0.9106439 2.571698
0.1388791 0.6297916 2.170814 0.1177988 0.4643183 2.171139 0.05914523 0.3037043 2.051259 0.233986 0.3415582 2.292839 0.2025107 0.2008964 1.874602 0.4182876 0.1894211 2.318214 0.3773333 0.2429437 1.91726 0.4680306 0.2866345 2.075003 0.4356771 0.2670408 1.953953 0.4678849 0.3041205 1.980127 0.1338368 0.03656657 2.179402 0.1380007 -0.04902789 2.184492 0.09270813 -0.09237719 2.142204 0.1926128 -0.1095644 2.231199 0.09422404 -0.4995577 2.227816 0.2318117 -0.535098 2.463057 0.03221291 -0.8806171 2.303288 0.1910944 -0.866895 2.526802 0.05193185 -0.9393906 2.347267 0.2521231 -0.9154739 2.576971
0.1415201 0.6255286 2.17101 0.1198003 0.4602056 2.171626 0.05751936 0.3041268 2.050202 0.2359875 0.3374455 2.293326 0.1863008 0.1897142 1.875284 0.4202892 0.1853083 2.318701 0.3659803 0.2182443 1.910574 0.4686458 0.2849129 2.076217 0.4258747 0.2437857 1.943604 0.468268 0.3037514 1.980401 0.1617132 0.06591831 2.184306 0.1727792 -0.007267594 2.190444 0.1325112 -0.06759435 2.142816 0.2242593 -0.06618225 2.23924 0.09346965 -0.4745035 2.221603 0.2355839 -0.5375773 2.464625 0.03591881 -0.8800573 2.302684 0.1917011 -0.8667483 2.526888 0.06609592 -0.9373601 2.33907 0.2544153 -0.9137318 2.57378
0.1439448 0.6226779 2.171285 0.1215089 0.4573815 2.171617 0.05702935 0.3047327 2.049371 0.2376961 0.3346214 2.293317 0.1698157 0.1745303 1.87421 0.4219977 0.1824842 2.318692 0.354324 0.1728582 1.898454 0.3270406 0.2835576 2.519222 0.4309328 0.2094384 1.932323 0.2953883 0.3172488 2.590434 0.1627608 0.06575319 2.18457 0.1733928 -0.007923637 2.190682 0.133594 -0.06697342 2.145613 0.2251731 -0.06601752 2.237943 0.09339149 -0.4744338 2.22141 0.2446807 -0.5337017 2.469172 0.03508245 -0.8792164 2.301757 0.1918146 -0.8667564 2.526879 0.0656468 -0.9368747 2.337249 0.2086098 -0.9242797 2.57078
0.146239 0.6212773 2.17146 0.1226007 0.4560885 2.171545 0.06058776 0.3039753 2.048565 0.2387879 0.3333283 2.293244 0.1539795 0.1665584 1.875966 0.4230896 0.1811912 2.318619 0.3395295 0.165417 1.894662 0.3382039 0.2678902 2.522582 0.4040683 0.1856127 1.915936 0.3099086 0.2967899 2.594939 0.1629517 0.06499023 2.184609 0.1730232 -0.01017459 2.19071 0.1334551 -0.06687719 2.147188 0.2239645 -0.06674144 2.235815 0.09312215 -0.4746944 2.221275 0.2460776 -0.5330715 2.469667 0.02924784 -0.8894908 2.309888 0.1916499 -0.8669839 2.527439 0.07247849 -0.9421216 2.339542 0.2439296 -0.922757 2.592685
0.1480483 0.6200953 2.171284 0.1234163 0.4549804 2.171071 0.0645724 0.3029677 2.047991 0.2396035 0.3322203 2.292771 0.1389074 0.1515909 1.872831 0.4239052 0.1800831 2.318146 0.3254024 0.1409499 1.889466 0.3362997 0.2550406 2.530626 0.3892316 0.1567863 1.904927 0.3070979 0.2800264 2.605822 0.163707 0.06277089 2.184635 0.1733735 -0.01414157 2.190825 0.1338616 -0.06734265 2.149476 0.2236191 -0.06808648 2.233682 0.09315768 -0.4755982 2.221312 0.2474648 -0.5318334 2.469893 0.03381837 -0.8770115 2.303164 0.1938439 -0.8691544 2.529033 0.06481764 -0.9341778 2.339363 0.1904262 -0.9201168 2.582971
0.1489533 0.6192704 2.171288 0.1236867 0.4541588 2.170683 0.0695153 0.3015529 2.047436 0.2398739 0.3313986 2.292382 0.1084287 0.1474736 1.870957 0.4241756 0.1792615 2.317757 0.3190454 0.126093 1.886797 0.4246372 0.2169082 2.506135 0.3830312 0.1434293 1.899808 0.424791 0.2294571 2.573297 0.1636588 0.06113164 2.184348 0.1728449 -0.01669013 2.190457 0.1338693 -0.06749491 2.150182 0.2219875 -0.06934389 2.231442 0.09293565 -0.4758531 2.221413 0.2479969 -0.53124 2.469693 0.03176928 -0.8792639 2.304088 0.1937328 -0.8700879 2.5287 0.06504561 -0.9358867 2.338797 0.2390833 -0.9279402 2.539408
0.1503877 0.6190009 2.171007 0.1244864 0.453962 2.170297 0.07389268 0.3003844 2.046997 0.2406735 0.3312018 2.291996 0.1000727 0.1504519 1.874282 0.4249752 0.1790647 2.317371 0.3131411 0.1152901 1.884772 0.4230228 0.2145099 2.507235 0.3779446 0.1320406 1.893933 0.422372 0.226325 2.574892 0.1636273 0.0590906 2.184327 0.172188 -0.01993671 2.190526 0.1337083 -0.06788614 2.15135 0.2202262 -0.07205573 2.229908 0.09221214 -0.4764789 2.221167 0.2046743 -0.5788836 2.470202 0.03147042 -0.8796649 2.304311 0.1936564 -0.8899717 2.524915 0.05894478 -0.9368842 2.342904 0.2057806 -0.9134907 2.594327
0.1512111 0.6185704 2.170953 0.125839 0.4533848 2.169968 0.07618113 0.2994643 2.046567 0.2420262 0.3306247 2.291667 0.09632361 0.1474481 1.873885 0.4263278 0.1784876 2.317042 0.306631 0.1066206 1.883173 0.423382 0.2120295 2.508616 0.3721176 0.1217123 1.890069 0.4224001 0.2232102 2.576843 0.1635256 0.05828977 2.184227 0.1716974 -0.02097024 2.19041 0.133413 -0.06776317 2.152172 0.2187406 -0.07331177 2.228519 0.092083 -0.476554 2.221098 0.2045209 -0.5794118 2.470346 0.03115257 -0.8728011 2.301287 0.1933153 -0.8906579 2.524412 0.0603015 -0.9351078 2.341238 0.2607322 -0.9174252 2.579779
0.1523653 0.6188421 2.171016 0.1264538 0.4536904 2.169819 0.07700612 0.2999468 2.046858 0.242641 0.3309303 2.291519 0.09302144 0.1479693 1.874791 0.4269426 0.1787931 2.316894 0.3040465 0.1020346 1.880982 0.4232159 0.2094729 2.51046 0.3694429 0.117751 1.8873 0.4219736 0.2196995 2.579351 0.1636882 0.05768971 2.184293 0.171709 -0.02187838 2.190523 0.1335136 -0.06758839 2.153992 0.2185008 -0.07384928 2.227649 0.09207588 -0.4767275 2.221115 0.2044952 -0.5795156 2.470352 0.02833922 -0.8777267 2.303957 0.1930983 -0.8890129 2.530922 0.05997719 -0.9347147 2.33959 0.2612707 -0.9177458 2.579109
