0.1031158 0.6251666 2.191895 0.1051619 0.4563564 2.185727 0.07504835 0.294957 2.074696 0.2839683 0.3218457 2.383 0.2685237 0.1727595 2.036329 0.3267228 0.09347832 2.25102 0.3782959 0.2854719 2.148024 0.3736559 0.2948382 2.181065 0.4198705 0.3332275 2.124804 0.4210064 0.3162919 2.097347 0.1175776 0.04133204 2.19521 0.1223793 -0.04166118 2.198843 0.05858616 -0.08762199 2.196866 0.1887207 -0.097963 2.200886 0.1098251 -0.499564 2.240435 0.2363147 -0.507228 2.453837 0.06629159 -0.8662437 2.310489 0.226457 -0.8599257 2.528189 0.1164655 -0.9257345 2.37169 0.2915984 -0.9011101 2.48982
0.1028847 0.6250152 2.191905 0.1051693 0.4562092 2.18575 0.07507448 0.2946347 2.074812 0.2854539 0.321036 2.383248 0.2716395 0.1743209 2.037584 0.3274675 0.09271553 2.250866 0.4138331 0.2930269 2.154251 0.4080976 0.272265 2.143742 0.461231 0.3325956 2.197539 0.4393414 0.3090578 2.102865 0.1168639 0.04042805 2.19587 0.1213933 -0.04279434 2.199705 0.0581459 -0.08773627 2.197018 0.1871178 -0.09971483 2.203024 0.1111449 -0.4990698 2.243318 0.236365 -0.5077975 2.453971 0.066479 -0.8663242 2.310498 0.2257963 -0.8598062 2.527263 0.1159668 -0.926443 2.371644 0.2623416 -0.934111 2.557766
0.1027349 0.6251114 2.191888 0.1050934 0.4563247 2.185833 0.07521869 0.2944013 2.074901 0.2862765 0.3208155 2.383445 0.2802377 0.1753009 2.041367 0.281704 0.09697329 2.234626 0.4161027 0.2898869 2.156412 0.4146162 0.269565 2.144949 0.4730574 0.3048317 2.123532 0.456603 0.2954915 2.114429 0.1161651 0.04026321 2.19628 0.1205072 -0.04306084 2.200187 0.05718435 -0.08746468 2.197192 0.1861993 -0.09989619 2.203869 0.1111713 -0.4987119 2.2432 0.2351477 -0.5108589 2.452952 0.06757163 -0.8655189 2.309237 0.225772 -0.8596548 2.526832 0.114881 -0.9287763 2.368925 0.2906836 -0.9009641 2.488205
0.1020046 0.6249369 2.1917 0.1049663 0.4562018 2.185867 0.07518602 0.2943059 2.074949 0.2880932 0.3207281 2.384082 0.2884856 0.1776056 2.045252 0.2819445 0.09798692 2.233341 0.4293819 0.2842802 2.154553 0.4315264 0.254003 2.163625 0.4883935 0.3114244 2.136411 0.4753406 0.2891854 2.115555 0.1160001 0.04022288 2.196351 0.1203498 -0.04307307 2.200244 0.0565418 -0.08746299 2.196217 0.1861027 -0.09985448 2.205146 0.110848 -0.4988478 2.240964 0.2358976 -0.5106425 2.453356 0.06643676 -0.8637462 2.308908 0.2255466 -0.8600312 2.52678 0.1140462 -0.9261096 2.369296 0.2903211 -0.901364 2.487948
0.1004636 0.6255555 2.194125 0.1048836 0.4564174 2.186012 0.07519537 0.2942633 2.074996 0.2892337 0.3207347 2.384684 0.2945618 0.1792064 2.048498 0.2837093 0.1010262 2.228645 0.4317939 0.2541626 2.141077 0.433544 0.2512229 2.166951 0.4963802 0.2727256 2.135394 0.5004976 0.286795 2.118062 0.1156648 0.04061083 2.196361 0.1199516 -0.04261214 2.200191 0.05540445 -0.08720458 2.19495 0.1860227 -0.09833772 2.206034 0.1106379 -0.4984988 2.239466 0.2366586 -0.5129744 2.454993 0.06600573 -0.8632029 2.308524 0.2263635 -0.8582338 2.52671 0.1140032 -0.924598 2.369594 0.2910649 -0.8995842 2.487773
0.100084 0.6255201 2.19406 0.1048788 0.4564075 2.186038 0.07521145 0.2942288 2.075059 0.291673 0.320019 2.385527 0.3020539 0.1816664 2.052659 0.2849107 0.1014905 2.227568 0.4493316 0.2673756 2.164381 0.4358609 0.247637 2.171779 0.5009867 0.2655488 2.12106 0.502169 0.2841055 2.120802 0.1156 0.04063345 2.196477 0.1198744 -0.04257279 2.200309 0.05522721 -0.08722758 2.194793 0.1861571 -0.09828836 2.206886 0.1105201 -0.4984346 2.23987 0.2382564 -0.5069887 2.455201 0.06606609 -0.8623114 2.308391 0.2258388 -0.8580301 2.526798 0.1141921 -0.9235655 2.369503 0.2513456 -0.9273461 2.524758
0.09969996 0.6256986 2.19488 0.104681 0.4564514 2.186095 0.07522907 0.2941847 2.075112 0.2914483 0.3204234 2.384692 0.301952 0.1819035 2.053267 0.2817238 0.09933525 2.23125 0.4508165 0.2666601 2.165391 0.4397128 0.245283 2.174728 0.5027134 0.2609616 2.1227 0.5090388 0.2760026 2.123978 0.1156858 0.04093147 2.196582 0.1200789 -0.04212932 2.200432 0.05607466 -0.08672174 2.194891 0.1862189 -0.09690848 2.207047 0.1100998 -0.4984953 2.237087 0.2384414 -0.5075917 2.456118 0.06647806 -0.8625613 2.308195 0.2256949 -0.8582319 2.526244 0.1140027 -0.9244175 2.369171 0.2901882 -0.8996081 2.486988
0.09993287 0.6257083 2.19486 0.1046614 0.4564629 2.186133 0.0751783 0.2942341 2.075194 0.2910548 0.3208886 2.384585 0.3001572 0.1811014 2.05249 0.2822056 0.09913956 2.232225 0.4525368 0.2658496 2.16737 0.4441696 0.2430592 2.180773 0.5031682 0.2592398 2.123312 0.5098453 0.2742222 2.125628 0.1156246 0.04089267 2.196627 0.1200139 -0.04217997 2.200472 0.05606702 -0.08664694 2.194893 0.1860871 -0.09703007 2.207103 0.1097109 -0.4985274 2.236661 0.2249207 -0.4979805 2.42582 0.06637825 -0.8656512 2.310139 0.2259045 -0.8584195 2.526035 0.1143515 -0.9267522 2.371526 0.2904162 -0.8997947 2.486806
0.09992097 0.6257633 2.19505 0.104735 0.4564838 2.186128 0.07507595 0.2943178 2.075378 0.2909979 0.32124 2.384381 0.3015907 0.1813204 2.053751 0.2817306 0.09945108 2.232115 0.455268 0.2669452 2.168792 0.4438222 0.2417652 2.180147 0.5039238 0.2573387 2.12309 0.5099611 0.2732031 2.125716 0.1156164 0.04093842 2.19665 0.1199912 -0.04211936 2.200499 0.05609976 -0.08661165 2.194908 0.185957 -0.09681445 2.207124 0.1096516 -0.4984201 2.237301 0.2341323 -0.4954845 2.445932 0.06696352 -0.8662294 2.309874 0.2244396 -0.8594139 2.528281 0.1162769 -0.9252922 2.372188 0.2532271 -0.9333299 2.579234
0.09980829 0.6257672 2.195108 0.104716 0.4564758 2.186111 0.07513993 0.2942836 2.07542 0.2914546 0.3208214 2.384841 0.2989277 0.1819133 2.053361 0.2829176 0.09837794 2.233674 0.4559371 0.2665763 2.168523 0.443924 0.2417324 2.180032 0.5043076 0.2572215 2.122467 0.5102558 0.2723969 2.125395 0.1154233 0.04122096 2.196404 0.1197452 -0.04170808 2.20015 0.05601268 -0.08639272 2.194628 0.1855297 -0.09598194 2.206451 0.1092382 -0.4983405 2.236299 0.2346565 -0.5113724 2.448268 0.06672862 -0.8576609 2.304087 0.2282126 -0.859404 2.528638 0.1129742 -0.9190285 2.366527 0.2178737 -0.9301378 2.512967
0.1001758 0.625914 2.1958 0.1047099 0.4564848 2.186086 0.07502451 0.2942131 2.075498 0.2914677 0.3208469 2.384827 0.2965596 0.1818303 2.05167 0.2832983 0.09803461 2.234287 0.4485167 0.2746138 2.179863 0.4434308 0.2421235 2.179795 0.499169 0.3055417 2.226994 0.5095087 0.2715904 2.124198 0.1155495 0.04111 2.196426 0.1199512 -0.04188755 2.200193 0.05612269 -0.08684588 2.194318 0.1864011 -0.09614122 2.207 0.109197 -0.4989137 2.235229 0.2349053 -0.5108764 2.447915 0.06792583 -0.8550888 2.303456 0.2303111 -0.8586265 2.528215 0.1144489 -0.9184154 2.363697 0.2780141 -0.9273778 2.571499
0.09978976 0.6261432 2.195596 0.1045084 0.4567645 2.186151 0.07517259 0.294085 2.075555 0.2919954 0.3207579 2.385288 0.2966931 0.181675 2.051656 0.2914007 0.09401269 2.241767 0.4389083 0.2593446 2.157065 0.4419402 0.2418329 2.178528 0.4963529 0.2937351 2.165173 0.5074673 0.2742825 2.123951 0.1156435 0.04107398 2.196501 0.1201494 -0.04199448 2.200302 0.05629211 -0.08710308 2.194212 0.1870121 -0.09613007 2.207474 0.1120793 -0.4978867 2.241754 0.2345477 -0.5110875 2.447365 0.06933375 -0.8583418 2.30452 0.2288876 -0.8583413 2.527625 0.1133883 -0.9176195 2.370469 0.2933418 -0.8997142 2.488292
0.09982489 0.6262481 2.195492 0.1044222 0.4568759 2.18611 0.0751567 0.2939902 2.07559 0.2925293 0.3203596 2.385393 0.2965805 0.1812931 2.05146 0.2908131 0.09403628 2.241067 0.4391699 0.2619273 2.157676 0.4410123 0.2454201 2.172635 0.4940038 0.3009829 2.161696 0.4914266 0.280882 2.115063 0.1156066 0.04103285 2.196578 0.1201102 -0.04207918 2.200416 0.05617617 -0.08704718 2.194492 0.1870449 -0.0966296 2.207504 0.1154814 -0.4967323 2.245995 0.2316827 -0.5611179 2.465399 0.06961406 -0.8560373 2.303417 0.2265162 -0.8697326 2.528847 0.1130278 -0.918925 2.36638 0.2194655 -0.940108 2.510042
0.09933458 0.6262529 2.195245 0.1044139 0.4569415 2.186139 0.07531342 0.2935915 2.075552 0.293241 0.3199276 2.385692 0.2914746 0.1798316 2.049093 0.2875369 0.09354357 2.241602 0.4217383 0.265792 2.151557 0.4355221 0.2545947 2.156992 0.4693487 0.3115391 2.165296 0.4773695 0.2832092 2.115834 0.1160903 0.04091715 2.196698 0.1208255 -0.04228599 2.200555 0.05697684 -0.08751234 2.194242 0.1881803 -0.0967631 2.20801 0.1134109 -0.4981743 2.242012 0.2395359 -0.5004054 2.455987 0.06843709 -0.8594117 2.304241 0.2262415 -0.8585365 2.524839 0.1130416 -0.9222322 2.366435 0.25823 -0.9298218 2.559548
0.09990066 0.6264293 2.195396 0.1045901 0.4570971 2.186244 0.07536827 0.2935706 2.075554 0.2944278 0.3195523 2.386129 0.2819019 0.1822578 2.042339 0.2872997 0.09327504 2.241906 0.4204876 0.277463 2.15231 0.4203856 0.2626944 2.150363 0.4586916 0.3330355 2.151617 0.4479745 0.2906627 2.109829 0.116429 0.04110172 2.196714 0.121192 -0.04208711 2.200531 0.05771955 -0.08745039 2.194407 0.1883715 -0.09655105 2.207732 0.1121589 -0.4986936 2.240034 0.2393234 -0.5036227 2.455575 0.06850042 -0.8588501 2.304137 0.2314491 -0.863536 2.529368 0.1126164 -0.9220616 2.366284 0.2957649 -0.9049039 2.489802
0.1005063 0.6266288 2.195526 0.104749 0.4572778 2.186342 0.07604877 0.2932671 2.075449 0.2905831 0.321362 2.387032 0.2806521 0.1810267 2.041793 0.2382746 0.11842 2.215078 0.3994309 0.2748492 2.141453 0.4026933 0.2939057 2.152928 0.4273208 0.3196687 2.183424 0.4421545 0.300645 2.098655 0.1166606 0.04056218 2.196922 0.1214766 -0.04293106 2.20081 0.0586711 -0.08776955 2.194598 0.1881 -0.09670322 2.207901 0.1122647 -0.4991407 2.240107 0.2390273 -0.5032204 2.454965 0.06923065 -0.8554465 2.303237 0.2304544 -0.8623056 2.528286 0.1123114 -0.9203856 2.364322 0.205769 -0.9546232 2.502353
0.1007153 0.6266199 2.195573 0.1047941 0.4572443 2.186279 0.0768614 0.2930644 2.074969 0.2853742 0.325325 2.389213 0.2804662 0.1781817 2.042069 0.2355244 0.1218491 2.217141 0.3950409 0.2777066 2.141191 0.3839516 0.2933716 2.166174 0.416345 0.3405215 2.128996 0.4180343 0.3018961 2.108607 0.1188231 0.04082479 2.196912 0.1244677 -0.04244911 2.200881 0.06950077 -0.08612897 2.194958 0.1885674 -0.09476129 2.207796 0.1130323 -0.4984396 2.242175 0.2394038 -0.5042686 2.45561 0.07081535 -0.8672723 2.30872 0.2342372 -0.8573928 2.525868 0.1180159 -0.9250895 2.373788 0.2722329 -0.9222997 2.543351
0.1008955 0.6269467 2.1951 0.1051041 0.4576505 2.186244 0.07741323 0.2934603 2.074776 0.2834409 0.3285933 2.390578 0.2742738 0.1772425 2.037321 0.2348416 0.1246516 2.218733 0.3728426 0.2995437 2.134904 0.3766759 0.2915049 2.154542 0.3916834 0.3560207 2.103223 0.3800845 0.3383504 2.092499 0.119618 0.04131624 2.197059 0.1252859 -0.04195332 2.201061 0.0706799 -0.08519685 2.195846 0.1886238 -0.0935623 2.207381 0.1129156 -0.4977643 2.242225 0.2284355 -0.5381573 2.452363 0.07031472 -0.8679052 2.308964 0.2330757 -0.8571157 2.525572 0.1175686 -0.9259087 2.373828 0.2989662 -0.8981255 2.488285
0.1018787 0.6273476 2.194932 0.1057986 0.458053 2.186132 0.07739963 0.2934639 2.074661 0.2830685 0.3299301 2.391071 0.2540007 0.1606224 2.034536 0.2234143 0.1337332 2.212846 0.3575377 0.3064026 2.149578 0.3387887 0.2803719 2.108117 0.3696359 0.3575766 2.107349 0.3700647 0.344242 2.099955 0.1211755 0.04270353 2.196729 0.1269394 -0.04030168 2.20065 0.0712956 -0.08473222 2.196048 0.1903758 -0.08982521 2.205461 0.1123172 -0.4976772 2.240634 0.2301387 -0.5193629 2.447939 0.07015526 -0.867677 2.308943 0.233216 -0.8582677 2.52459 0.1166841 -0.9280208 2.372176 0.29919 -0.8992251 2.487392
0.1022584 0.6275947 2.195201 0.1062556 0.4582537 2.186139 0.07728986 0.2938183 2.074449 0.282797 0.3307106 2.391511 0.2244046 0.1757045 2.024904 0.2233495 0.1341601 2.21366 0.350821 0.3119103 2.146765 0.3388931 0.2791966 2.108695 0.3545302 0.3670061 2.108047 0.3435911 0.3547338 2.107362 0.1219422 0.04341735 2.196735 0.1277108 -0.03946343 2.200641 0.07165778 -0.08401114 2.196816 0.1911176 -0.08874612 2.20452 0.1106658 -0.4976971 2.237356 0.2371707 -0.5033325 2.453007 0.06945375 -0.8696873 2.310476 0.2344028 -0.8584561 2.524854 0.1172526 -0.92917 2.373579 0.3004349 -0.8993926 2.487735
0.104222 0.6278429 2.195605 0.1066366 0.4583911 2.186092 0.07741761 0.294669 2.074347 0.2826239 0.3312089 2.391747 0.218935 0.1713308 2.028201 0.2194046 0.135351 2.214523 0.319727 0.3202055 2.135807 0.330911 0.2770797 2.107693 0.3490838 0.3709495 2.102465 0.3333251 0.3595911 2.110756 0.1226716 0.0441609 2.196626 0.1284729 -0.03855461 2.200506 0.07246217 -0.08306507 2.197224 0.1913967 -0.08763586 2.203842 0.1103197 -0.4970288 2.236432 0.2160093 -0.5191936 2.418856 0.06929114 -0.8687059 2.310671 0.2327859 -0.8585684 2.525007 0.1173393 -0.9275252 2.374205 0.2988746 -0.8994803 2.487961
0.1047852 0.6276855 2.195602 0.1069246 0.4582283 2.186087 0.07751695 0.2955264 2.07402 0.3058131 0.316258 2.202477 0.2150416 0.167357 2.030514 0.1916344 0.1030619 2.094312 0.3150832 0.3272625 2.134064 0.2833409 0.2953709 2.093337 0.3218069 0.3855279 2.100773 0.2865239 0.3860743 2.101431 0.123729 0.04402663 2.196865 0.1285491 -0.03875481 2.200063 0.07181466 -0.08379857 2.197183 0.192212 -0.08969373 2.201458 0.1102877 -0.497703 2.23641 0.2359753 -0.508284 2.446206 0.07072762 -0.8686716 2.31043 0.2344667 -0.8579607 2.524742 0.1177056 -0.9270798 2.375133 0.2733659 -0.9018862 2.461723
0.106361 0.6277068 2.196197 0.1077996 0.4581563 2.186192 0.07755367 0.2955846 2.073902 0.3017 0.3171969 2.203097 0.2146046 0.1668527 2.030808 0.2719979 0.06410101 2.159404 0.3103461 0.3348997 2.131282 0.3910018 0.2844726 2.19651 0.3141955 0.3931212 2.097462 0.4545754 0.4870073 2.230132 0.1245864 0.04345445 2.196167 0.1292947 -0.03947334 2.199389 0.07221533 -0.08432779 2.197065 0.192755 -0.09069878 2.20018 0.1110609 -0.4981496 2.236666 0.2369496 -0.4996546 2.447873 0.06827611 -0.8607819 2.30811 0.2327768 -0.8449473 2.52005 0.1159791 -0.9238052 2.367756 0.224032 -0.9169641 2.504767
0.1064114 0.6276635 2.196301 0.1082989 0.458106 2.186237 0.07764333 0.296 2.073719 0.3011529 0.3173643 2.201927 0.2130016 0.1653661 2.031583 0.2739769 0.06381938 2.160762 0.3085624 0.3379383 2.131287 0.3939816 0.2835328 2.19837 0.3096339 0.3954242 2.096037 0.45644 0.4827619 2.231559 0.1248553 0.04347513 2.195581 0.129436 -0.03943044 2.198716 0.07197054 -0.08442195 2.196646 0.1930562 -0.09093083 2.199148 0.1110822 -0.4982399 2.236082 0.2363704 -0.5017012 2.447978 0.06815654 -0.8611203 2.308164 0.2354905 -0.8579227 2.52748 0.1158913 -0.9233208 2.368643 0.2233808 -0.9262841 2.504311
0.1066312 0.6278948 2.196341 0.1088445 0.4583551 2.186364 0.07765318 0.2963967 2.073684 0.3001528 0.3212952 2.203268 0.2253085 0.1832939 2.015278 0.2673021 0.06858382 2.159632 0.3078521 0.3389991 2.131813 0.3870346 0.2884758 2.197112 0.3074037 0.3961302 2.095978 0.4489049 0.4869598 2.230046 0.124919 0.04376957 2.195199 0.1293748 -0.0390661 2.19823 0.0714538 -0.08441823 2.195551 0.1929997 -0.09070335 2.199049 0.1127628 -0.4970045 2.24245 0.2365737 -0.5080304 2.450455 0.06822924 -0.8618661 2.308245 0.2328388 -0.8566759 2.52666 0.1161593 -0.9237601 2.368884 0.2727351 -0.9004882 2.464187
0.1070046 0.6279615 2.19638 0.1094432 0.4584388 2.186491 0.07764368 0.2965146 2.073654 0.2987166 0.3211553 2.203083 0.2263417 0.1852438 2.013712 0.2693622 0.06791785 2.160871 0.3075072 0.3406101 2.131034 0.3898588 0.2873242 2.198645 0.3059641 0.3973243 2.094574 0.4511795 0.4838875 2.231333 0.1249117 0.04357858 2.194788 0.1292424 -0.03937112 2.197559 0.0710756 -0.08504276 2.194539 0.192717 -0.09079661 2.198614 0.1128574 -0.4974981 2.242007 0.2372982 -0.5026374 2.452934 0.06769378 -0.8618863 2.308467 0.2339119 -0.8531774 2.528758 0.1154484 -0.9244276 2.36858 0.2693719 -0.9317609 2.577469
0.108242 0.6278943 2.196593 0.1100588 0.4583136 2.186418 0.07766545 0.2966171 2.073539 0.2985873 0.3214111 2.204042 0.2247659 0.1727205 2.025464 0.307785 0.06613812 2.175225 0.3074114 0.3410811 2.130043 0.4397333 0.2778539 2.217013 0.3049489 0.3974767 2.093141 0.4963 0.4542132 2.247353 0.1250037 0.04346055 2.194711 0.1292961 -0.0394815 2.197471 0.07093485 -0.08559366 2.194252 0.1927529 -0.090854 2.19864 0.1125633 -0.4979961 2.242182 0.237624 -0.4995761 2.449916 0.06749942 -0.8614822 2.308691 0.2345697 -0.8527058 2.527877 0.115138 -0.9247065 2.368181 0.2748877 -0.8964871 2.46565
0.1082861 0.6278198 2.196999 0.110832 0.4582737 2.186979 0.07764547 0.2967064 2.073523 0.2956333 0.2911935 2.164275 0.2183784 0.1726612 2.026211 0.2948395 0.037992 2.172221 0.3089696 0.3408204 2.12939 0.4154789 0.256544 2.213234 0.30796 0.3979027 2.093491 0.4809011 0.4600005 2.249296 0.1246795 0.0426317 2.194788 0.128271 -0.04077837 2.197137 0.06881166 -0.08640134 2.195093 0.1912946 -0.0942248 2.196618 0.1129763 -0.4987479 2.24161 0.2267315 -0.5538977 2.458505 0.0675693 -0.8611358 2.308739 0.2388133 -0.8615443 2.528347 0.1163477 -0.9220877 2.36966 0.2112757 -0.9271096 2.499292
0.1084065 0.6280144 2.196865 0.110747 0.4584982 2.187042 0.07775684 0.2966833 2.073454 0.3143626 0.3062597 2.249497 0.2189288 0.1713174 2.026693 0.2943605 0.0546256 2.184369 0.3111501 0.3389554 2.125683 0.3506826 0.2878771 2.198036 0.3153372 0.3961547 2.090201 0.3538656 0.3785804 2.20613 0.12385 0.04269368 2.194561 0.1278427 -0.0407041 2.197017 0.0667215 -0.08648557 2.19565 0.1913504 -0.09484583 2.196153 0.1131715 -0.4986664 2.241578 0.2273666 -0.5513666 2.457134 0.06764504 -0.8628002 2.308744 0.2356215 -0.8607798 2.526151 0.1166408 -0.9226297 2.370596 0.2403015 -0.9325414 2.512533
0.1084267 0.6278822 2.19717 0.1109022 0.4583228 2.187093 0.07786436 0.2966389 2.073342 0.3108532 0.3223436 2.276304 0.2206353 0.1698866 2.026937 0.2944173 0.07413666 2.192243 0.320545 0.3277634 2.126045 0.3518929 0.2890812 2.197406 0.323863 0.3889496 2.097876 0.3550759 0.3797845 2.2055 0.1238682 0.04302192 2.194618 0.128136 -0.04007558 2.197151 0.0667632 -0.08627764 2.196241 0.1921706 -0.09436344 2.195958 0.1130583 -0.4985994 2.241303 0.2305842 -0.5325278 2.45207 0.06714796 -0.8628335 2.308631 0.2356727 -0.8607998 2.526226 0.1154842 -0.923504 2.370184 0.287636 -0.9035912 2.472528
0.108683 0.6277184 2.196628 0.1110444 0.458255 2.187123 0.07774269 0.2965935 2.073326 0.2968501 0.3364441 2.323258 0.2343553 0.1630493 2.029216 0.3251006 0.09504209 2.218696 0.3365097 0.2988924 2.133439 0.3497472 0.285212 2.184668 0.3380689 0.3581317 2.101244 0.3462438 0.3435493 2.103312 0.1240943 0.04342131 2.194499 0.1286898 -0.03945029 2.197288 0.06708949 -0.08605475 2.196606 0.1933691 -0.093252 2.195986 0.1126488 -0.4985498 2.241018 0.2274595 -0.5175197 2.439409 0.06627353 -0.8583242 2.306524 0.2358031 -0.8610429 2.526822 0.1139617 -0.9199467 2.367637 0.2950986 -0.9029948 2.480572
0.1088447 0.6275998 2.19643 0.1110068 0.4581745 2.187165 0.07779264 0.296579 2.073359 0.2951777 0.3315626 2.40011 0.2479571 0.1882296 2.016639 0.322961 0.1096472 2.250743 0.351612 0.2965387 2.142162 0.3604699 0.2827924 2.172225 0.3861637 0.3326417 2.188402 0.3563229 0.3404335 2.095876 0.1241914 0.04385703 2.194904 0.1291177 -0.03874186 2.198228 0.0681104 -0.08469798 2.198739 0.1936821 -0.09267001 2.196701 0.1118889 -0.497842 2.239783 0.2316072 -0.503162 2.441844 0.06600201 -0.8580085 2.306206 0.2294383 -0.84475 2.521244 0.1141976 -0.9210301 2.365468 0.2949715 -0.8858082 2.483365
0.108781 0.6275751 2.196323 0.1109389 0.4581737 2.187201 0.07788195 0.2963338 2.073341 0.2876053 0.3317318 2.396185 0.2692236 0.1721536 2.035964 0.3206412 0.1098165 2.248113 0.3697053 0.2888911 2.131988 0.3678334 0.2804509 2.169261 0.3901867 0.3374389 2.089895 0.3765526 0.3310242 2.088356 0.1247588 0.04382081 2.195278 0.1299959 -0.03881621 2.198776 0.07188627 -0.08441074 2.199422 0.193638 -0.09137992 2.197877 0.1111761 -0.4980752 2.239932 0.2342487 -0.4973568 2.444618 0.06565373 -0.8602005 2.308192 0.2286973 -0.8446943 2.520284 0.1156457 -0.919587 2.369683 0.3030084 -0.8893965 2.568102
0.1087636 0.6276613 2.196298 0.1108171 0.4582673 2.187233 0.07800283 0.2961194 2.073428 0.2883925 0.3299232 2.394771 0.2728008 0.1721883 2.038069 0.3350524 0.1056601 2.255761 0.3817596 0.279411 2.135712 0.3839393 0.2883168 2.179531 0.4156494 0.3329953 2.112725 0.3986301 0.3245683 2.084507 0.1247786 0.04377279 2.195332 0.1300283 -0.03891742 2.198844 0.07189032 -0.08446237 2.199413 0.1936283 -0.09142013 2.198071 0.1110134 -0.4981287 2.240029 0.2343246 -0.5047086 2.446012 0.06596642 -0.8637728 2.310448 0.2322909 -0.8475617 2.521326 0.1153723 -0.925023 2.370571 0.2981483 -0.8885447 2.483924
0.1082893 0.6278634 2.19638 0.1105146 0.4584406 2.187148 0.07799018 0.295819 2.073625 0.2880258 0.3304874 2.394894 0.2726804 0.1748475 2.036816 0.3359127 0.1057864 2.257268 0.4132763 0.2901202 2.147713 0.4133965 0.2698097 2.14705 0.4601416 0.3285444 2.189078 0.4384529 0.2944079 2.098729 0.1247902 0.04391494 2.195384 0.1300693 -0.03876587 2.198917 0.07197504 -0.08435133 2.19928 0.1934798 -0.09043459 2.198862 0.11286 -0.4976456 2.241424 0.2334615 -0.5092819 2.44533 0.06490083 -0.8658313 2.309985 0.2315487 -0.8473263 2.521109 0.1127444 -0.9305786 2.367658 0.2974347 -0.8882973 2.483743
0.1079225 0.6276964 2.196633 0.1099513 0.4581847 2.186914 0.07782683 0.2956598 2.073746 0.2892423 0.3298745 2.394669 0.2787632 0.1759779 2.0395 0.3382285 0.1050211 2.257824 0.4165388 0.2836677 2.143317 0.4162476 0.2696062 2.146747 0.4645484 0.3261583 2.122391 0.4475588 0.2957846 2.100109 0.1246455 0.04411598 2.195546 0.1299196 -0.03844133 2.199175 0.07154302 -0.0843503 2.199044 0.193572 -0.08963217 2.200397 0.1126224 -0.497626 2.241184 0.234054 -0.506773 2.44734 0.06571578 -0.8704082 2.311225 0.2299638 -0.8480657 2.52018 0.1132666 -0.9312083 2.373272 0.2957075 -0.8890574 2.482585
0.1075342 0.6289127 2.197003 0.108387 0.4592897 2.186702 0.07783439 0.2955501 2.073946 0.2909449 0.3286602 2.393297 0.2892413 0.1777716 2.044106 0.3140542 0.1044668 2.247095 0.4226288 0.2779788 2.142282 0.4394587 0.2580125 2.163842 0.4738829 0.3214731 2.147709 0.484376 0.2960299 2.105361 0.1245123 0.04433078 2.195686 0.1298705 -0.03830628 2.199309 0.07116097 -0.08416072 2.19909 0.1937932 -0.08963885 2.200657 0.1108721 -0.497817 2.239355 0.2340671 -0.5111434 2.449591 0.06544844 -0.8725488 2.31262 0.2292622 -0.8524919 2.519804 0.1141876 -0.931657 2.375377 0.2947788 -0.893483 2.481813
0.1077173 0.6295894 2.197006 0.1069307 0.4599634 2.186697 0.07778071 0.2955181 2.074172 0.2939376 0.3273883 2.391508 0.2997043 0.1832649 2.04848 0.31614 0.1032615 2.245005 0.4496168 0.2827937 2.159272 0.4414031 0.2570665 2.168285 0.4980514 0.2814868 2.112362 0.5004307 0.296225 2.10722 0.1227064 0.04492548 2.195882 0.1279973 -0.03778932 2.199517 0.06646423 -0.08331691 2.197984 0.193069 -0.08995875 2.201319 0.1157954 -0.4944016 2.248995 0.2326869 -0.5117967 2.445427 0.0655188 -0.8723472 2.312572 0.2274136 -0.8532904 2.521906 0.1306256 -0.9134243 2.273972 0.2267982 -0.9266476 2.50305
0.1063382 0.6292471 2.196011 0.1067901 0.4597966 2.186732 0.07784566 0.2954794 2.074293 0.2971648 0.3270934 2.391775 0.3037861 0.1893154 2.053698 0.3201436 0.1029789 2.245388 0.4556277 0.2780949 2.163464 0.4425688 0.2591078 2.167484 0.5151606 0.2807323 2.131888 0.5172383 0.2884633 2.109969 0.1223195 0.04469286 2.196452 0.1275228 -0.03806735 2.200251 0.06529295 -0.08361242 2.197935 0.1933756 -0.09219974 2.204688 0.115487 -0.4946693 2.248453 0.2343701 -0.500761 2.44983 0.06543776 -0.872029 2.312457 0.2272593 -0.8524401 2.520809 0.1108613 -0.9274586 2.380812 0.295128 -0.9119073 2.561621
0.1058046 0.6290252 2.195461 0.1068242 0.4596899 2.186824 0.07775896 0.2955263 2.074773 0.3006707 0.3262804 2.390956 0.3069289 0.1898232 2.054872 0.3216732 0.1019636 2.244577 0.4727488 0.2712668 2.17161 0.4541392 0.2586476 2.175438 0.5208172 0.2701373 2.12432 0.5205484 0.2803994 2.116771 0.1221149 0.04463086 2.196764 0.1272234 -0.03813224 2.200605 0.0636067 -0.08387385 2.197743 0.1939218 -0.09330595 2.20595 0.1140953 -0.4950024 2.247562 0.2345672 -0.4976467 2.447874 0.0654964 -0.8726089 2.312663 0.2289332 -0.853993 2.521432 0.113341 -0.928322 2.379111 0.2935787 -0.9157461 2.564045
0.1041197 0.6289002 2.19588 0.106751 0.4595445 2.187042 0.07768165 0.2954749 2.075084 0.3014703 0.3258989 2.390433 0.3082061 0.189976 2.055489 0.3277933 0.1011154 2.245979 0.4783069 0.269766 2.17599 0.4509483 0.2551269 2.172782 0.5234634 0.2621706 2.126479 0.5325723 0.2775767 2.115253 0.121172 0.04507913 2.196821 0.1259302 -0.03746359 2.200555 0.06193642 -0.08343584 2.197057 0.1929796 -0.09295914 2.205939 0.1104662 -0.4956891 2.240769 0.2198063 -0.4969668 2.413594 0.0662566 -0.8723119 2.312401 0.2290553 -0.8553084 2.522631 0.1154702 -0.9258783 2.379611 0.293296 -0.8965988 2.48282
0.1038626 0.6288929 2.196012 0.1064746 0.4595225 2.187101 0.07759717 0.295613 2.075527 0.3010742 0.325672 2.389871 0.3100625 0.1899908 2.058541 0.3272073 0.1012109 2.244758 0.4785227 0.2677653 2.175475 0.4523955 0.2513331 2.176124 0.534676 0.2936901 2.218853 0.5256304 0.2701815 2.125069 0.1187637 0.04439475 2.197191 0.1229394 -0.03845127 2.200994 0.05800953 -0.08327983 2.196191 0.1899995 -0.09499589 2.207302 0.110987 -0.4949409 2.240221 0.2334578 -0.4891901 2.441874 0.06645115 -0.864747 2.307655 0.2269744 -0.8566442 2.524805 0.1137846 -0.924378 2.370998 0.2670064 -0.9260824 2.554204
0.1032052 0.6289111 2.196476 0.1062689 0.4595377 2.187515 0.07727889 0.2957374 2.076034 0.3010689 0.3255915 2.389683 0.3097972 0.1902707 2.059572 0.2861902 0.1052759 2.235259 0.4849141 0.2633862 2.178383 0.4503225 0.248969 2.175314 0.5432864 0.287758 2.222386 0.5258077 0.2679205 2.12769 0.1184853 0.04433703 2.197339 0.1226878 -0.03852579 2.201087 0.05756445 -0.08340978 2.19637 0.1899322 -0.09509451 2.207233 0.1102371 -0.4951583 2.24005 0.232766 -0.4889834 2.43983 0.06658515 -0.8663819 2.308425 0.2310744 -0.8548764 2.522576 0.1147399 -0.9255735 2.371562 0.2221728 -0.924973 2.503447
0.101443 0.6291251 2.198191 0.1062027 0.459509 2.18761 0.0770523 0.2958901 2.076346 0.2993128 0.3259748 2.389296 0.3102075 0.1920763 2.062269 0.2847732 0.1045809 2.236692 0.4867726 0.2616269 2.17884 0.4519185 0.2456796 2.179006 0.5456276 0.2848105 2.222097 0.5265401 0.2630813 2.129467 0.1182436 0.04422728 2.19761 0.1224482 -0.0386625 2.201386 0.0574642 -0.08344255 2.196392 0.1896769 -0.0950419 2.207802 0.1091478 -0.4954551 2.239057 0.2079362 -0.5144554 2.397501 0.06617044 -0.8681564 2.308695 0.2311506 -0.8549909 2.522055 0.1141905 -0.9206282 2.377614 0.2218365 -0.9250262 2.502293
0.1018713 0.6292626 2.199496 0.1060564 0.4594468 2.187803 0.07690862 0.2959488 2.076716 0.2998421 0.3254215 2.388932 0.3098515 0.1916344 2.062481 0.278772 0.1048035 2.235887 0.4872129 0.2597969 2.178672 0.4924411 0.221194 2.144722 0.5304822 0.2427276 2.129839 0.54461 0.2648902 2.117604 0.1183265 0.04476728 2.197722 0.1226607 -0.03785636 2.201466 0.05780037 -0.08303371 2.196728 0.1900323 -0.0939596 2.207242 0.1142439 -0.4929638 2.249241 0.2381586 -0.4974524 2.453397 0.06631714 -0.8646941 2.308022 0.2341149 -0.8566071 2.524553 0.1146643 -0.9238655 2.371032 0.2981892 -0.8980092 2.484586
0.1008444 0.6289374 2.198765 0.1060804 0.4592915 2.187938 0.07656175 0.2959692 2.076965 0.2995501 0.3253435 2.388539 0.3092839 0.191125 2.06245 0.2767189 0.1054899 2.234473 0.4872568 0.2595087 2.179104 0.4444905 0.2331972 2.168001 0.5304788 0.2419664 2.130397 0.5227692 0.2578107 2.128101 0.118743 0.0451445 2.197707 0.1233091 -0.03725027 2.201377 0.05974699 -0.08289111 2.196367 0.1903353 -0.0925694 2.207067 0.111612 -0.4940329 2.244966 0.2381529 -0.4974096 2.453382 0.06637967 -0.8642843 2.30781 0.2280377 -0.823592 2.517205 0.114808 -0.9240596 2.370187 0.2920771 -0.8649745 2.477159
0.1009729 0.6286278 2.198853 0.1060692 0.4589907 2.188113 0.07636495 0.2959398 2.077227 0.2996885 0.3250029 2.388296 0.3085067 0.1896953 2.061588 0.2786325 0.1045529 2.234947 0.4866885 0.2588003 2.178354 0.4473275 0.235232 2.17189 0.5294889 0.2461457 2.127795 0.5233216 0.2590068 2.127336 0.118506 0.04476856 2.197842 0.123004 -0.03771179 2.201508 0.05879178 -0.08346317 2.196289 0.1903636 -0.09349288 2.207369 0.1116622 -0.4944749 2.2449 0.237956 -0.4969521 2.453002 0.0645792 -0.8712494 2.313889 0.2273851 -0.8575115 2.528787 0.1160658 -0.9298487 2.374919 0.291356 -0.8989135 2.488649
0.1008577 0.6277287 2.198813 0.1061779 0.4581772 2.18855 0.07637139 0.2959034 2.077355 0.2998843 0.3237408 2.387535 0.3083044 0.1891459 2.061171 0.2798742 0.1025683 2.235267 0.4827368 0.260832 2.177689 0.4485096 0.2393914 2.175991 0.5408809 0.2847273 2.220927 0.5203261 0.2640309 2.125387 0.1184333 0.04424017 2.198053 0.1229078 -0.03825157 2.201687 0.05875777 -0.08378384 2.196139 0.1901462 -0.09446155 2.208016 0.1119879 -0.4944709 2.246572 0.2381487 -0.4962499 2.453351 0.06486768 -0.8696526 2.31323 0.2275541 -0.8594218 2.530881 0.1159541 -0.9291155 2.373761 0.2914506 -0.900836 2.490637
0.1003989 0.6271703 2.198732 0.1062132 0.4576508 2.188569 0.07635375 0.2955472 2.077577 0.3006806 0.3229437 2.386088 0.3080443 0.1892694 2.06113 0.2805361 0.1013814 2.234522 0.4562826 0.2713998 2.161716 0.4479919 0.240108 2.176686 0.5049437 0.3161039 2.14823 0.5087585 0.2771288 2.11957 0.1184315 0.04419214 2.198124 0.1229001 -0.03827701 2.201759 0.0588696 -0.08404991 2.196143 0.190035 -0.09441918 2.208242 0.1124958 -0.4945458 2.24747 0.2167318 -0.5210347 2.422595 0.06580335 -0.8712811 2.312861 0.2265025 -0.8598011 2.530756 0.1155488 -0.9305928 2.374646 0.2735329 -0.9305286 2.552485
0.100459 0.6271533 2.198701 0.1062343 0.4576318 2.188543 0.07648569 0.2954578 2.077602 0.3006651 0.3219125 2.386826 0.3052023 0.185085 2.059526 0.2809424 0.1005576 2.234822 0.4303375 0.2719751 2.157947 0.4414853 0.2598608 2.160917 0.4898441 0.3036333 2.15571 0.4796903 0.2928667 2.111342 0.1185973 0.04406907 2.198177 0.1231354 -0.03845445 2.201851 0.05969066 -0.08451451 2.196404 0.1900504 -0.0944114 2.208243 0.1118627 -0.4953474 2.24677 0.2304289 -0.5044381 2.447395 0.06577973 -0.8705721 2.312569 0.2243585 -0.8607493 2.533434 0.1170785 -0.9276486 2.375186 0.280448 -0.9253846 2.583297
0.1009298 0.6270844 2.198473 0.1062535 0.4575863 2.188546 0.07648949 0.295382 2.07777 0.3001611 0.3215498 2.387313 0.2689047 0.1764259 2.042564 0.2812065 0.1006518 2.234389 0.4229692 0.2782753 2.152043 0.4223834 0.2747629 2.155883 0.4689255 0.3193446 2.124663 0.4491874 0.2961045 2.1092 0.1184556 0.04374061 2.198454 0.1229303 -0.03889892 2.202235 0.05945558 -0.08463309 2.197234 0.1897833 -0.09492701 2.20828 0.1114133 -0.4956695 2.246449 0.2325463 -0.4997503 2.448269 0.06636041 -0.8738284 2.314227 0.2233898 -0.8598834 2.529769 0.1170416 -0.9305961 2.377624 0.2160393 -0.9392678 2.492771
0.1020835 0.6271103 2.198292 0.106243 0.457608 2.188538 0.07649618 0.2953816 2.077799 0.2949811 0.3216188 2.38808 0.2709038 0.1757487 2.043183 0.2777905 0.101411 2.23371 0.4125051 0.2864584 2.145291 0.413829 0.2782062 2.14459 0.4125336 0.342879 2.108344 0.4211232 0.3178138 2.090494 0.1189989 0.04353474 2.198448 0.1237875 -0.0392355 2.202254 0.06312888 -0.08503957 2.19802 0.1898165 -0.09446774 2.207906 0.1093991 -0.4971 2.244915 0.2336812 -0.4972592 2.44852 0.06642634 -0.8737818 2.314177 0.2270986 -0.8547515 2.527053 0.1169494 -0.9296319 2.378509 0.291492 -0.8960784 2.48751
0.1027214 0.6272746 2.198103 0.1064107 0.4577927 2.188538 0.07652819 0.2954604 2.077852 0.2925328 0.3207304 2.386779 0.2734343 0.1718167 2.04564 0.2760868 0.1008866 2.231685 0.3836831 0.2872674 2.135359 0.3686531 0.2902736 2.174823 0.4095839 0.3383818 2.099795 0.385276 0.329405 2.096717 0.1190089 0.04351062 2.198406 0.1237865 -0.03929745 2.202189 0.06327736 -0.08504196 2.198029 0.1889305 -0.09375663 2.207094 0.1090561 -0.4975258 2.242339 0.2337743 -0.4977297 2.449156 0.06713919 -0.8671963 2.309549 0.231722 -0.8571283 2.528764 0.1153546 -0.9281796 2.370923 0.2962614 -0.8984365 2.48944
0.1032073 0.6273313 2.19805 0.1065411 0.4578565 2.188575 0.07662751 0.2956389 2.077886 0.2900584 0.3205734 2.386132 0.276848 0.1671955 2.047538 0.2800502 0.1020213 2.228213 0.3592017 0.2982523 2.147318 0.36775 0.2857738 2.173756 0.3772848 0.3450183 2.102216 0.3649428 0.3407173 2.100964 0.1201573 0.04359343 2.198588 0.1252289 -0.03921615 2.202408 0.06724533 -0.08457737 2.199403 0.1894214 -0.09252443 2.206638 0.109154 -0.4979352 2.240285 0.2300154 -0.4870317 2.433789 0.06742905 -0.8666801 2.30898 0.2307297 -0.8569137 2.52818 0.114619 -0.9260047 2.372732 0.2626418 -0.9275486 2.576824
0.1036608 0.6276436 2.19909 0.1067171 0.4580161 2.188766 0.07685898 0.2961479 2.07791 0.2879186 0.320936 2.347065 0.2378367 0.1508719 2.041171 0.2801106 0.09013218 2.211787 0.3517948 0.3009631 2.149525 0.3669674 0.2784382 2.174006 0.3484087 0.3552944 2.109714 0.3462487 0.3429191 2.112865 0.1203001 0.04358999 2.198681 0.1252847 -0.03923767 2.202373 0.06734764 -0.08454528 2.199465 0.1892079 -0.0922609 2.206084 0.1090976 -0.4979219 2.240325 0.230742 -0.4991033 2.439107 0.06811458 -0.8665903 2.309165 0.2297101 -0.8580141 2.528716 0.115168 -0.9262482 2.372709 0.2672584 -0.9299406 2.585527
0.1045303 0.6277652 2.198984 0.1073502 0.4582049 2.189085 0.0768435 0.296711 2.0779 0.2954407 0.3226241 2.265059 0.2380392 0.1503007 2.040831 0.2808307 0.07268961 2.188031 0.3310068 0.3097996 2.145568 0.3638689 0.2737086 2.171942 0.3315662 0.360392 2.100977 0.3411411 0.3404807 2.114061 0.1209175 0.04311808 2.19874 0.1254002 -0.03998849 2.202157 0.06689246 -0.08501232 2.199527 0.1897626 -0.09407456 2.204914 0.1095682 -0.4981785 2.241265 0.2340698 -0.5070719 2.449876 0.06818276 -0.8672355 2.309208 0.2293845 -0.8576838 2.528894 0.1176397 -0.9209536 2.376135 0.2152573 -0.9273733 2.51147
0.1067092 0.6277933 2.199033 0.1076588 0.4582467 2.18934 0.07680651 0.2969871 2.077788 0.3030747 0.3142413 2.222791 0.228102 0.1562123 2.037014 0.2790749 0.06043193 2.179578 0.3253222 0.3149044 2.141225 0.3446219 0.2866427 2.171029 0.316121 0.3661985 2.098418 0.3156656 0.356767 2.120341 0.12105 0.04312788 2.19853 0.1250514 -0.0399803 2.201589 0.06567243 -0.0851934 2.198909 0.1893968 -0.09443669 2.203585 0.1095012 -0.498184 2.241061 0.2275357 -0.528558 2.450973 0.06794234 -0.868639 2.309392 0.2286646 -0.8594656 2.529528 0.1163201 -0.9253755 2.374595 0.2110155 -0.9302335 2.523181
0.1080462 0.6279726 2.199752 0.1076341 0.4582999 2.189343 0.07665351 0.2973542 2.077703 0.3030033 0.3145985 2.222144 0.2303679 0.1384433 2.042784 0.2357754 0.07021625 2.163788 0.3094738 0.3303564 2.130607 0.297207 0.3182229 2.154343 0.3333771 0.3782496 2.089582 0.3034702 0.3733112 2.110421 0.1208096 0.04299329 2.198114 0.1246777 -0.04019382 2.201047 0.06367963 -0.08571999 2.198632 0.1896824 -0.09522361 2.202013 0.1093678 -0.4984594 2.241153 0.2154504 -0.516784 2.415429 0.06810623 -0.8692906 2.310138 0.2287199 -0.8590539 2.528804 0.1164993 -0.9258818 2.375458 0.2713928 -0.9027274 2.468056
0.1080259 0.6280013 2.199773 0.1079669 0.4583465 2.18948 0.07652791 0.2974371 2.07762 0.3010582 0.3161649 2.221516 0.2307066 0.1361972 2.043829 0.2361311 0.07100934 2.164318 0.3075078 0.3337195 2.128736 0.2977921 0.3189615 2.154794 0.3306174 0.3872639 2.094865 0.3006542 0.3709822 2.11197 0.1208477 0.04278522 2.198057 0.1246614 -0.04048315 2.200974 0.06342314 -0.0860837 2.198675 0.1897376 -0.09539813 2.201902 0.1117129 -0.4977943 2.246374 0.2311278 -0.5158976 2.446178 0.06868342 -0.8699505 2.311471 0.2284625 -0.8586645 2.528195 0.1163959 -0.9260611 2.377702 0.2712564 -0.9023297 2.467525
0.1087303 0.627839 2.200115 0.1085003 0.4582247 2.190066 0.07648447 0.2975115 2.077587 0.299785 0.3144976 2.219184 0.2083341 0.1375753 2.04553 0.2794158 0.05995223 2.183888 0.306939 0.3341475 2.127977 0.3453561 0.2932449 2.176434 0.3268736 0.3892002 2.094509 0.3408893 0.3467891 2.135674 0.1210461 0.04275832 2.197907 0.1249144 -0.04047743 2.200575 0.06513164 -0.0865927 2.197168 0.1893501 -0.09499066 2.201689 0.1110751 -0.4984404 2.245748 0.2304456 -0.5007638 2.440715 0.06848373 -0.8692405 2.310684 0.229306 -0.8582069 2.527355 0.1163427 -0.9253269 2.376831 0.2135887 -0.9388999 2.504697
0.1089029 0.6279222 2.200207 0.1087299 0.4583001 2.190121 0.07640778 0.2976014 2.077543 0.3002609 0.314077 2.218524 0.2191789 0.1327977 2.0459 0.2803766 0.05944467 2.184608 0.3065892 0.3346683 2.125488 0.3464165 0.2929194 2.1774 0.32719 0.3929505 2.098523 0.3419497 0.3464637 2.13664 0.1217945 0.04361456 2.197556 0.1258907 -0.0393047 2.199929 0.06640381 -0.08634319 2.196201 0.1899059 -0.0931952 2.201516 0.1086814 -0.4988001 2.243317 0.2327092 -0.5041809 2.448771 0.06806807 -0.86879 2.310229 0.2327327 -0.8558725 2.527037 0.1160659 -0.9248919 2.376263 0.2158648 -0.930641 2.50524
0.1094067 0.6280488 2.200581 0.10887 0.4583847 2.190252 0.07638322 0.2976571 2.07755 0.3005931 0.3133749 2.218382 0.2226739 0.1311323 2.046896 0.2828873 0.05853578 2.186038 0.3070614 0.3343234 2.125193 0.3491293 0.2894606 2.179039 0.3253396 0.3938857 2.099375 0.3446625 0.3430051 2.138279 0.1217016 0.04356867 2.197663 0.125836 -0.03939107 2.199879 0.0655545 -0.08641478 2.197616 0.1900577 -0.09439452 2.199573 0.1085704 -0.4990739 2.242796 0.2335472 -0.5019559 2.448583 0.06716181 -0.8701138 2.31079 0.2290405 -0.8568019 2.525601 0.1152889 -0.927188 2.375892 0.2712651 -0.9004546 2.464521
0.1094722 0.6281146 2.200617 0.1088784 0.4584468 2.190272 0.07646492 0.2977786 2.077557 0.3009782 0.3062057 2.231441 0.2225295 0.1308727 2.047291 0.3052548 0.05083594 2.197363 0.3223048 0.3158785 2.139731 0.3756607 0.2729619 2.189769 0.305395 0.3695734 2.102593 0.3369939 0.3353214 2.135531 0.1215647 0.04359962 2.197536 0.1258642 -0.03935969 2.199595 0.06604668 -0.08661688 2.196832 0.1897155 -0.09399933 2.19949 0.1079278 -0.4993688 2.24218 0.2277312 -0.4931837 2.435812 0.06684449 -0.8709815 2.311253 0.2269645 -0.8588968 2.528275 0.1141101 -0.9292434 2.375936 0.2750652 -0.9133264 2.595626
0.109469 0.628194 2.200547 0.108782 0.4585577 2.190393 0.07647317 0.2977854 2.077549 0.3005778 0.3046145 2.234804 0.2170433 0.1570473 2.036051 0.3380362 0.05237868 2.22543 0.3227428 0.3152723 2.139834 0.4156542 0.2750762 2.2232 0.3142762 0.3706927 2.102347 0.3264659 0.3530717 2.119639 0.1213167 0.04353973 2.19747 0.1257081 -0.03946283 2.199275 0.06616341 -0.08685808 2.19634 0.1890691 -0.09379615 2.199272 0.1075074 -0.4995732 2.242323 0.2319912 -0.4924684 2.443607 0.0669052 -0.8714542 2.31239 0.225016 -0.8571098 2.526419 0.11409 -0.9299421 2.376927 0.224294 -0.9282578 2.509154
0.1094938 0.6283565 2.200873 0.1090598 0.4587182 2.190719 0.07648213 0.2978006 2.077552 0.3013574 0.3036164 2.237278 0.2170683 0.1586219 2.035686 0.2859426 0.04912686 2.194128 0.3338056 0.3100397 2.150545 0.3514811 0.2816581 2.181374 0.3297571 0.3617056 2.107387 0.3313208 0.347398 2.121396 0.1213395 0.04353816 2.197567 0.1258695 -0.03947098 2.199159 0.06657201 -0.08696219 2.196215 0.1890789 -0.09378052 2.19923 0.1076271 -0.4995784 2.243081 0.2324311 -0.4927849 2.444841 0.0668375 -0.8698616 2.311659 0.2300456 -0.8573207 2.526896 0.1136309 -0.9288464 2.37603 0.2760569 -0.9006427 2.468366
0.1090129 0.6280795 2.199378 0.1090515 0.4587037 2.190734 0.07642481 0.2977458 2.077646 0.2860885 0.3197795 2.39069 0.2175757 0.1717749 2.029859 0.2831936 0.096947 2.239731 0.3448346 0.3066903 2.150014 0.3527024 0.2816862 2.181827 0.3554557 0.3576237 2.107104 0.3430607 0.3455648 2.11739 0.1212484 0.04305979 2.197621 0.1267319 -0.04009828 2.200291 0.06865442 -0.08660936 2.19921 0.1893698 -0.09410358 2.199814 0.108299 -0.4995732 2.244614 0.2328779 -0.4989539 2.448702 0.06637666 -0.8703686 2.311727 0.2295759 -0.8575861 2.527408 0.1137304 -0.9300861 2.375004 0.2950493 -0.8986537 2.489376
0.1090726 0.6279808 2.199434 0.1087717 0.4585795 2.190654 0.07642613 0.297736 2.077663 0.28655 0.3189569 2.39046 0.2307581 0.1658307 2.032271 0.3193669 0.09748918 2.291767 0.3587106 0.2865528 2.178826 0.3594595 0.2859799 2.183926 0.4013614 0.3267934 2.232078 0.3717743 0.3374018 2.102197 0.122334 0.04369859 2.197556 0.1284756 -0.03901496 2.200242 0.07352482 -0.085312 2.197318 0.1903387 -0.09109783 2.201493 0.1079933 -0.4984768 2.244549 0.2337014 -0.4988973 2.449187 0.06649042 -0.8704497 2.311852 0.2271083 -0.8511512 2.522703 0.1137877 -0.9304638 2.374892 0.2702596 -0.9297619 2.564787
0.108844 0.6279478 2.198994 0.1087357 0.4586243 2.190655 0.07642686 0.2977104 2.077688 0.2860365 0.3187391 2.389795 0.2751532 0.163504 2.055962 0.3182343 0.09806459 2.291158 0.3829575 0.276327 2.149178 0.3730224 0.2755674 2.168867 0.403451 0.3383373 2.132353 0.3971334 0.3282167 2.098424 0.1222609 0.04329555 2.197973 0.1283028 -0.03968973 2.200885 0.07257596 -0.08539076 2.198878 0.190245 -0.09162319 2.201836 0.1080776 -0.4987622 2.244062 0.2339423 -0.5061219 2.453492 0.06642622 -0.8702998 2.311669 0.225976 -0.852336 2.522189 0.1167319 -0.9267763 2.375644 0.2749022 -0.9259988 2.566832
0.1087717 0.627978 2.199217 0.108698 0.4586108 2.190642 0.0765417 0.297484 2.077802 0.2862541 0.3174388 2.389304 0.2757946 0.1647999 2.054673 0.3181612 0.09779344 2.291036 0.4015501 0.2874245 2.146884 0.3897902 0.2734386 2.161789 0.4138259 0.3528957 2.136338 0.4189629 0.3092934 2.101548 0.1224015 0.04285534 2.198255 0.1284598 -0.04028975 2.201276 0.07233375 -0.08564555 2.199435 0.1905684 -0.09219529 2.202175 0.1083529 -0.4991312 2.243482 0.2358002 -0.4942438 2.452922 0.06658057 -0.867328 2.309863 0.2272998 -0.8485017 2.522985 0.1153484 -0.9271508 2.371961 0.2716411 -0.9254763 2.566826
0.1092028 0.6281204 2.199959 0.1086832 0.4586169 2.190622 0.07657808 0.2974443 2.077966 0.2864795 0.3166773 2.388919 0.2771864 0.1662774 2.053511 0.3950545 0.08828986 2.326237 0.4080339 0.2604877 2.138692 0.4018745 0.27191 2.155687 0.4284335 0.2971577 2.124914 0.4326087 0.3054946 2.103453 0.1224621 0.04270805 2.19848 0.1285064 -0.04049441 2.201595 0.07196227 -0.08569068 2.200839 0.1906497 -0.09238438 2.2022 0.10739 -0.4995179 2.242745 0.2356974 -0.4930516 2.451772 0.0672332 -0.8659556 2.308973 0.2269853 -0.84839 2.522676 0.1147882 -0.9280866 2.369731 0.2055603 -0.9172208 2.506051
0.1089936 0.6281477 2.200334 0.1084086 0.4585877 2.190679 0.0766193 0.2971361 2.078141 0.2875624 0.315491 2.388309 0.2808639 0.167699 2.053527 0.3960194 0.08699146 2.325971 0.4209653 0.2699585 2.148009 0.4195616 0.2685006 2.150013 0.4562376 0.3254474 2.163018 0.4537396 0.2937497 2.112642 0.121494 0.042709 2.198454 0.12717 -0.04046401 2.20149 0.06929462 -0.08537208 2.20064 0.1895186 -0.09257279 2.202051 0.1067243 -0.4992169 2.241072 0.2356589 -0.4933727 2.450962 0.0681145 -0.8591208 2.304825 0.2254883 -0.8455148 2.523012 0.1141363 -0.9264343 2.361077 0.2906794 -0.8866234 2.484534
0.1079707 0.6281429 2.200575 0.1083604 0.458549 2.190735 0.07658943 0.2971 2.078273 0.2906549 0.3132679 2.387414 0.2926176 0.1695626 2.056723 0.3240809 0.1274649 2.355559 0.4283886 0.2678311 2.151004 0.4351273 0.2488695 2.172782 0.4805178 0.3094872 2.160785 0.4862552 0.2868761 2.114258 0.1209283 0.04266447 2.198531 0.1263264 -0.04049504 2.20152 0.06644672 -0.08552386 2.200557 0.1892774 -0.09284461 2.202085 0.1074472 -0.4989196 2.241834 0.2359318 -0.4927658 2.450687 0.0675943 -0.8626921 2.306041 0.2354287 -0.8564987 2.527297 0.1143483 -0.9281381 2.363874 0.2694944 -0.9270151 2.587966
0.1074018 0.6279179 2.200243 0.1080275 0.4584019 2.190854 0.0763179 0.2968866 2.078482 0.2917593 0.3123405 2.38732 0.2933916 0.1699636 2.056492 0.3241475 0.1263493 2.355613 0.4331108 0.2653894 2.153733 0.4400029 0.2481029 2.176454 0.4952826 0.2897993 2.163066 0.5025015 0.2805059 2.113581 0.1201942 0.04246948 2.198993 0.1254573 -0.04069138 2.202055 0.06491442 -0.08554134 2.200962 0.1886857 -0.09391845 2.203065 0.1076244 -0.4988205 2.241806 0.2346158 -0.4948355 2.449699 0.06701893 -0.8620095 2.306231 0.2330369 -0.8557687 2.524417 0.1146877 -0.9253644 2.365626 0.2976983 -0.8970131 2.485193
0.1068172 0.6280006 2.200994 0.1077787 0.4583601 2.190883 0.07620591 0.2971295 2.078828 0.2924667 0.3118688 2.387151 0.282038 0.1888686 2.045737 0.3281331 0.1185634 2.359828 0.4730223 0.2618338 2.177955 0.4484924 0.2485663 2.181488 0.5366837 0.2861555 2.226428 0.5131486 0.2716438 2.117775 0.1196772 0.04228402 2.198819 0.1248404 -0.04091462 2.201793 0.06341631 -0.08569901 2.20016 0.1884966 -0.09441903 2.20297 0.1075569 -0.4987382 2.241685 0.2349655 -0.4942786 2.449824 0.06697099 -0.8622431 2.306497 0.2328334 -0.8553711 2.524495 0.1137525 -0.9248376 2.367386 0.2973825 -0.8966389 2.48511
0.1065599 0.6282843 2.202118 0.1074069 0.4584624 2.190938 0.07619685 0.2971511 2.079031 0.2927659 0.3117551 2.387079 0.287881 0.1806902 2.051844 0.3298152 0.1162751 2.358102 0.4760017 0.2572704 2.178047 0.4507864 0.246029 2.189676 0.5387086 0.2827972 2.224514 0.5228393 0.2629082 2.117602 0.1192175 0.04225562 2.198775 0.1243412 -0.0409653 2.201713 0.06258964 -0.08571416 2.199786 0.1883072 -0.09454099 2.203033 0.1108987 -0.4976598 2.245844 0.2349666 -0.4942363 2.449972 0.06698084 -0.8635378 2.307143 0.2325375 -0.8554527 2.524367 0.1127613 -0.9253867 2.369537 0.297039 -0.8967295 2.484912
0.1040571 0.6283604 2.202768 0.1072365 0.4584832 2.191087 0.07602231 0.2970746 2.0792 0.2932553 0.311543 2.387166 0.2889979 0.1774652 2.053586 0.3315221 0.1064751 2.355968 0.4724014 0.2462627 2.175586 0.4547825 0.2416982 2.190517 0.5209447 0.2368805 2.129719 0.5306659 0.2536951 2.116724 0.1190493 0.04247494 2.198664 0.1241399 -0.04064676 2.201502 0.06220579 -0.08562328 2.199042 0.1883017 -0.09426996 2.203062 0.1113071 -0.4973383 2.246043 0.2333593 -0.4876066 2.4433 0.06707156 -0.8650042 2.307653 0.2297523 -0.8556055 2.523228 0.112896 -0.9266667 2.370201 0.2941903 -0.8968852 2.483671
0.1040644 0.6283195 2.203025 0.1068155 0.4584261 2.191298 0.07582895 0.2970741 2.07949 0.2912115 0.312863 2.386269 0.2910827 0.17369 2.055761 0.3318799 0.1062814 2.353214 0.4753973 0.2440645 2.177029 0.4593457 0.2619739 2.202106 0.5242604 0.2321586 2.132097 0.5335565 0.2489426 2.118439 0.119006 0.04225624 2.198771 0.1241536 -0.04092008 2.201613 0.06270121 -0.08609977 2.198499 0.1880717 -0.09429506 2.204134 0.1111805 -0.4978611 2.245686 0.234286 -0.4923682 2.447067 0.06735078 -0.8669902 2.308195 0.2295861 -0.8559884 2.522975 0.1139343 -0.9275711 2.371238 0.2128481 -0.9336576 2.50121
0.1041899 0.6281804 2.203057 0.1067816 0.4582915 2.191382 0.07583605 0.2971522 2.079679 0.2925623 0.3110538 2.385659 0.2922752 0.1716986 2.057064 0.3317144 0.1049322 2.352371 0.4789366 0.2431711 2.179147 0.4605164 0.2542458 2.202178 0.5271164 0.2299245 2.133853 0.5343056 0.2470463 2.118496 0.1180445 0.0412261 2.19923 0.122862 -0.04223251 2.202161 0.06041148 -0.08673076 2.19897 0.1873158 -0.09724641 2.205077 0.1091871 -0.4988718 2.243258 0.2335871 -0.4964147 2.448192 0.0670368 -0.8673147 2.308133 0.2279933 -0.8573194 2.524172 0.11388 -0.9275742 2.371293 0.2923277 -0.8986514 2.484498
0.1040824 0.6283853 2.204583 0.1066602 0.4582694 2.191473 0.0757466 0.2973208 2.079998 0.2932691 0.3099725 2.385805 0.2800708 0.1931976 2.04727 0.3317944 0.1037911 2.352243 0.4791687 0.2431629 2.179528 0.461327 0.2575106 2.203519 0.5269023 0.2297681 2.133808 0.5337256 0.2459823 2.119795 0.1180086 0.04115649 2.199292 0.122843 -0.04230086 2.202209 0.06041289 -0.08683095 2.198922 0.187357 -0.09735899 2.205286 0.1110914 -0.498299 2.2463 0.2322976 -0.5049769 2.448844 0.06798993 -0.861377 2.304828 0.2270076 -0.8564836 2.524184 0.1171558 -0.9162161 2.371088 0.2141958 -0.9388831 2.497441
0.1041375 0.6283602 2.204567 0.1066534 0.4582545 2.191538 0.07585887 0.2974461 2.080111 0.2932655 0.3098544 2.385858 0.2884495 0.1777261 2.054612 0.333177 0.1034725 2.354165 0.4792193 0.2431724 2.179658 0.461474 0.2593236 2.204069 0.5266628 0.2300361 2.133563 0.5333096 0.2448893 2.119825 0.1175255 0.04158001 2.198998 0.1221578 -0.04164549 2.201714 0.06022393 -0.0862231 2.198453 0.1856713 -0.095907 2.204336 0.112712 -0.4971679 2.247812 0.2322398 -0.5062642 2.448546 0.0675008 -0.860359 2.304524 0.2275266 -0.855752 2.523381 0.1154476 -0.9199517 2.367492 0.2782398 -0.9292245 2.548499
0.1033331 0.6288084 2.205712 0.1062218 0.4585352 2.191535 0.07590907 0.297506 2.080187 0.2929323 0.3100105 2.386182 0.2895297 0.1759312 2.055393 0.3323316 0.1050137 2.35175 0.4781686 0.2458775 2.179684 0.4582091 0.2541684 2.200257 0.5410483 0.269193 2.225514 0.5302393 0.2466826 2.119577 0.1175273 0.0415833 2.198972 0.1222052 -0.04165511 2.20167 0.06066111 -0.08638225 2.198044 0.1857643 -0.09559663 2.204424 0.1104584 -0.4981448 2.24414 0.2323909 -0.5062556 2.448804 0.0678774 -0.8593328 2.304688 0.2292246 -0.8571817 2.524421 0.1154606 -0.9194601 2.367425 0.2935454 -0.8985059 2.48471
0.1035721 0.6287864 2.205667 0.1062181 0.4585232 2.191594 0.07590025 0.2974803 2.080237 0.2929505 0.3100176 2.385938 0.2902535 0.1751049 2.055703 0.3241223 0.1145177 2.338765 0.4716698 0.2566838 2.176273 0.4522651 0.2453751 2.194293 0.5321419 0.2838768 2.220862 0.5235177 0.255332 2.117738 0.117475 0.0418077 2.198872 0.1221557 -0.04132449 2.201499 0.06082265 -0.08616154 2.197928 0.1854809 -0.09489876 2.204049 0.1104468 -0.497949 2.243997 0.2323227 -0.5042136 2.44699 0.06683327 -0.860467 2.306402 0.2275074 -0.8583906 2.526788 0.1145842 -0.9215947 2.368038 0.2918089 -0.8997146 2.487042
0.1034701 0.6288547 2.205878 0.1061926 0.4585552 2.191557 0.07601177 0.2972357 2.080322 0.2929176 0.3099116 2.38598 0.2907912 0.1750099 2.055761 0.3199427 0.1220951 2.343024 0.4474549 0.2568594 2.165839 0.4464877 0.244139 2.18795 0.4961085 0.2497985 2.119674 0.5144091 0.2667049 2.114398 0.1173055 0.0417297 2.198783 0.121966 -0.0414484 2.201408 0.06059987 -0.08628741 2.197694 0.1853922 -0.09491955 2.204072 0.1133352 -0.4969717 2.24854 0.2329175 -0.5077935 2.448726 0.06609287 -0.865976 2.30826 0.2279268 -0.8593313 2.525984 0.1136173 -0.9269465 2.370227 0.2922369 -0.9006584 2.486253
0.1037603 0.6288829 2.206049 0.106141 0.4585523 2.191558 0.07608978 0.297191 2.08034 0.2929339 0.3096873 2.385967 0.2897969 0.1748635 2.055086 0.3191963 0.1226452 2.343544 0.4385379 0.2598217 2.161318 0.441421 0.2452232 2.186201 0.4699385 0.3170904 2.144512 0.4837932 0.2836094 2.11516 0.1159167 0.04040789 2.199084 0.120166 -0.0433241 2.201854 0.05815746 -0.08699834 2.197448 0.1839443 -0.09829219 2.205702 0.1142813 -0.496594 2.252262 0.2335005 -0.5066269 2.44866 0.06347206 -0.8737758 2.315537 0.2268914 -0.8599988 2.528769 0.1164161 -0.9321364 2.375595 0.2156082 -0.9419202 2.50122
0.103768 0.6287831 2.205703 0.1061889 0.4585187 2.19167 0.07606435 0.29706 2.080391 0.2930029 0.3096877 2.385978 0.276333 0.1773643 2.048186 0.3092364 0.1219549 2.347104 0.4207355 0.2666119 2.161715 0.4205166 0.2630888 2.152248 0.4597777 0.3188117 2.144421 0.4657557 0.2884342 2.111947 0.116147 0.04066829 2.199073 0.1205513 -0.04287836 2.20179 0.05904375 -0.08683138 2.197298 0.1842375 -0.09732138 2.20561 0.1124885 -0.4981272 2.243459 0.2344436 -0.5037135 2.449413 0.06572524 -0.8673092 2.311655 0.2307863 -0.8623021 2.530083 0.1144719 -0.9284305 2.372515 0.2950586 -0.9036874 2.49035
0.1039083 0.6288295 2.206274 0.1063219 0.4584959 2.191776 0.07626752 0.2969707 2.080324 0.2880593 0.3147501 2.385378 0.2753601 0.1773199 2.047551 0.3072767 0.126868 2.356991 0.412385 0.2772174 2.15275 0.4107122 0.2650299 2.155342 0.4443983 0.3347705 2.138224 0.4440593 0.2974469 2.105555 0.1165503 0.04047941 2.199517 0.1211054 -0.04311673 2.202387 0.05985123 -0.08661582 2.197972 0.1847478 -0.09703957 2.20631 0.1123433 -0.4981448 2.243361 0.2224086 -0.5107208 2.422887 0.06609529 -0.8593801 2.306262 0.2326885 -0.8631886 2.529889 0.1118594 -0.9216944 2.368219 0.2169325 -0.9340374 2.518291
0.1045376 0.6287453 2.206052 0.1066463 0.4584531 2.191874 0.0765229 0.2968825 2.080298 0.2890847 0.3137015 2.385313 0.2706054 0.1754957 2.045483 0.3115652 0.1261792 2.36164 0.3850136 0.2754295 2.14453 0.3981009 0.2703866 2.156044 0.4125465 0.3180807 2.111341 0.4127994 0.3096687 2.103233 0.1182121 0.04102765 2.199755 0.1232717 -0.04231007 2.202657 0.06392097 -0.08609552 2.198867 0.1863092 -0.09571426 2.206192 0.1125994 -0.4983054 2.242741 0.2413758 -0.4832408 2.449405 0.06685593 -0.8599445 2.306553 0.2314268 -0.8617895 2.528812 0.1129354 -0.9215701 2.368965 0.2961008 -0.9030564 2.489609
0.1049569 0.628871 2.205783 0.1070281 0.4586377 2.192017 0.07660866 0.2968908 2.08017 0.2881536 0.3147348 2.385246 0.2698777 0.1746633 2.044409 0.318933 0.1129389 2.500728 0.3823017 0.2779613 2.142411 0.3572801 0.240249 2.269302 0.3950432 0.3282172 2.105017 0.3885662 0.3333119 2.09628 0.1187911 0.04113183 2.20003 0.1239008 -0.0422314 2.20297 0.06564845 -0.08559636 2.200253 0.1864655 -0.0955104 2.206101 0.1129598 -0.4978965 2.244621 0.2395231 -0.4849756 2.446824 0.06612385 -0.8598598 2.306301 0.2357397 -0.8628227 2.531229 0.1124908 -0.921861 2.368127 0.3005145 -0.9040702 2.492171
0.1062412 0.6289953 2.204515 0.1069523 0.4589589 2.192117 0.07664613 0.2969548 2.080157 0.2859899 0.3164398 2.385128 0.2253422 0.1715559 2.031738 0.3176718 0.1137064 2.502334 0.3587651 0.304673 2.151798 0.3534893 0.2391002 2.269374 0.3792045 0.3451731 2.101897 0.3669692 0.3475152 2.10306 0.1187962 0.04123282 2.200042 0.12392 -0.04215904 2.202982 0.06590407 -0.08510458 2.200974 0.1861803 -0.09480733 2.205235 0.1122242 -0.4978161 2.243158 0.2395623 -0.4867512 2.447615 0.06532571 -0.8583262 2.306478 0.2344449 -0.8610106 2.528836 0.1111299 -0.9210364 2.368009 0.2994216 -0.9022219 2.490075
0.1067237 0.6291828 2.20498 0.1070804 0.4590658 2.19208 0.07670972 0.2970383 2.080053 0.3175213 0.295242 2.262864 0.2367769 0.1341012 2.043308 0.3036094 0.1502004 2.446888 0.3554726 0.3056118 2.153627 0.3358328 0.268109 2.209276 0.3585897 0.3535511 2.106295 0.3540939 0.353181 2.105251 0.1197028 0.04171855 2.200365 0.1242511 -0.04158968 2.202589 0.0655729 -0.08526473 2.200936 0.1881713 -0.09510308 2.203591 0.1168702 -0.4965449 2.249063 0.2337679 -0.5058295 2.443992 0.06494698 -0.8594231 2.307429 0.2342245 -0.8609666 2.528824 0.1119317 -0.9209761 2.369239 0.282268 -0.9041725 2.471833
0.1068959 0.6291776 2.205355 0.1071805 0.4590084 2.192123 0.0765622 0.2972097 2.079959 0.3100764 0.2998543 2.277752 0.2145123 0.1705707 2.029404 0.2684405 0.1633003 2.402047 0.3342114 0.3126548 2.146888 0.3003511 0.282998 2.165341 0.3487667 0.3635326 2.105081 0.3100609 0.3840815 2.043901 0.1198465 0.0417795 2.200112 0.1245886 -0.0414826 2.202327 0.06550629 -0.0855142 2.200934 0.1894247 -0.09525923 2.202444 0.1138772 -0.4978563 2.244111 0.2293778 -0.5398914 2.452852 0.06617715 -0.8637348 2.309837 0.2264655 -0.8670217 2.542071 0.1140896 -0.9240642 2.37214 0.2777554 -0.9099085 2.48773
0.1075986 0.6294923 2.205374 0.1074704 0.4593219 2.192143 0.07650185 0.2973891 2.07981 0.3023143 0.321964 2.225928 0.2134131 0.1693704 2.030627 0.2699748 0.166657 2.400359 0.3278261 0.3182553 2.143105 0.3018529 0.2849841 2.162919 0.333825 0.3696757 2.099882 0.3099917 0.3797374 2.052146 0.1213967 0.0431304 2.199447 0.1262276 -0.03984669 2.200972 0.06763037 -0.08568184 2.198741 0.1903998 -0.09288304 2.201651 0.1127473 -0.4981538 2.243641 0.2334528 -0.5170357 2.448798 0.06598215 -0.8644731 2.310412 0.2271151 -0.863848 2.535469 0.1141424 -0.9241019 2.373197 0.2176717 -0.9315706 2.509247
0.1082254 0.6292189 2.205547 0.1082581 0.4590358 2.192242 0.07633869 0.2974974 2.07957 0.30233 0.3183486 2.231541 0.2132789 0.1694414 2.030765 0.2645833 0.1597527 2.402418 0.3092698 0.3378527 2.124042 0.2963903 0.2787859 2.165342 0.3440135 0.3899248 2.098949 0.3053613 0.3769948 2.048662 0.1213382 0.04303778 2.199407 0.1262418 -0.03993823 2.200785 0.06717233 -0.08607662 2.198625 0.1906011 -0.09327786 2.201061 0.1135995 -0.4976569 2.248597 0.2309563 -0.5151558 2.442522 0.06601182 -0.8649137 2.310324 0.2280245 -0.8641713 2.536995 0.1140473 -0.9246758 2.373078 0.2723003 -0.9076294 2.477211
0.1086012 0.6294329 2.206165 0.1086411 0.4591433 2.192154 0.07621229 0.297504 2.079385 0.2995356 0.3179084 2.22568 0.2167749 0.1614292 2.034012 0.2610178 0.1595228 2.396577 0.3090749 0.3380956 2.12385 0.2927459 0.2781817 2.159291 0.3349051 0.395508 2.099665 0.3012996 0.3747995 2.04527 0.1214348 0.04274583 2.199422 0.1263516 -0.0403755 2.200625 0.06709331 -0.08649199 2.198582 0.1906745 -0.09372047 2.200868 0.1137851 -0.4979702 2.249021 0.2328329 -0.5089766 2.442923 0.0670269 -0.8573583 2.306036 0.239119 -0.8620163 2.532433 0.1120063 -0.9194052 2.368839 0.2826036 -0.9055414 2.472118
0.1085799 0.6294745 2.206133 0.1089744 0.4591765 2.192071 0.07604033 0.2980122 2.079115 0.2993775 0.3176196 2.225213 0.2239498 0.1400685 2.042131 0.2554487 0.1583059 2.394219 0.3089131 0.3380055 2.123427 0.2872383 0.2776021 2.15728 0.3321733 0.3964716 2.099157 0.2964858 0.3769718 2.038661 0.122349 0.0433378 2.198665 0.1275351 -0.03960294 2.199424 0.06918647 -0.08658509 2.196487 0.1911378 -0.0924549 2.200154 0.1112026 -0.4990864 2.243468 0.234199 -0.5033314 2.444807 0.06683515 -0.8548764 2.305566 0.2390603 -0.8613513 2.532217 0.1115892 -0.9174794 2.367977 0.2235239 -0.927589 2.505115
0.1082199 0.6294777 2.205433 0.1093871 0.4593033 2.192182 0.07607806 0.2978646 2.078645 0.2993717 0.3175941 2.225112 0.2247673 0.1376415 2.043103 0.2629179 0.1635619 2.399822 0.3092415 0.3378817 2.123855 0.2946404 0.2818997 2.162364 0.3293863 0.3967726 2.097886 0.3026785 0.3764846 2.051912 0.1222135 0.04328998 2.198756 0.1274809 -0.03968901 2.19923 0.06860067 -0.08709752 2.196042 0.1911456 -0.09243532 2.200044 0.1141875 -0.4986849 2.246578 0.2344336 -0.5056472 2.447925 0.06718214 -0.8614436 2.306526 0.2339895 -0.8617092 2.527969 0.112071 -0.9236738 2.369214 0.2233859 -0.9299757 2.503667
0.1090689 0.6293267 2.204922 0.1098534 0.4591838 2.191899 0.07613662 0.2981864 2.078385 0.2987303 0.3123371 2.235435 0.2156933 0.1570445 2.035982 0.2527148 0.1586105 2.392396 0.314631 0.3316091 2.12787 0.3535437 0.2682668 2.218965 0.3134348 0.3920048 2.097882 0.3502795 0.3258982 2.184089 0.1220987 0.04331508 2.198624 0.1275429 -0.03964388 2.199017 0.06879644 -0.08703626 2.195729 0.191005 -0.09236059 2.199941 0.1145072 -0.4984176 2.247494 0.2352084 -0.503714 2.448914 0.06707278 -0.8651857 2.308594 0.2345746 -0.8606279 2.526981 0.1123471 -0.9269253 2.371489 0.2226614 -0.9292845 2.504448
0.1095285 0.6293267 2.204867 0.1099508 0.4591677 2.191752 0.07622349 0.2982804 2.078127 0.2979839 0.3111135 2.23818 0.23508 0.1488375 2.038974 0.4027099 0.2269827 2.34505 0.3182979 0.3241673 2.1309 0.3389257 0.3230503 2.135451 0.3205157 0.3846173 2.101079 0.3129892 0.3766443 2.103776 0.1223474 0.04325144 2.198407 0.1280026 -0.03971024 2.198627 0.07010211 -0.08727177 2.1948 0.1910207 -0.09227856 2.199899 0.1122929 -0.4994817 2.243628 0.2351738 -0.5057787 2.449202 0.06523807 -0.8599178 2.306696 0.2290237 -0.8622345 2.528118 0.1098583 -0.9240949 2.367588 0.2755115 -0.9054642 2.469865
0.1105927 0.6292582 2.204229 0.1099818 0.4591653 2.191546 0.07653508 0.2982285 2.077698 0.3038459 0.3029534 2.23842 0.2241049 0.1745554 2.027239 0.4124765 0.2230781 2.344778 0.3357836 0.3214342 2.155881 0.3438511 0.3083529 2.142747 0.3730099 0.3703938 2.203161 0.3318539 0.3640577 2.105968 0.1222915 0.04305295 2.198539 0.1280104 -0.03999175 2.19863 0.06948291 -0.08770395 2.19552 0.1916206 -0.09401701 2.199308 0.1125538 -0.49999 2.243226 0.2356976 -0.5042441 2.44864 0.06690688 -0.8518732 2.304411 0.2287906 -0.8619162 2.528532 0.1092823 -0.9188533 2.363871 0.2747139 -0.9052004 2.469872
0.1103953 0.6294277 2.202809 0.1098565 0.4595243 2.191308 0.07677466 0.2982259 2.077463 0.3047491 0.3019212 2.238547 0.2561153 0.1665559 2.032613 0.419342 0.2235281 2.340693 0.3450661 0.3184382 2.157765 0.3423054 0.3185817 2.180738 0.3747164 0.3690656 2.203882 0.3448834 0.3598908 2.104799 0.1222713 0.04313136 2.198569 0.1280851 -0.03993932 2.198562 0.06957489 -0.08775228 2.195442 0.1916387 -0.09396621 2.199311 0.1111004 -0.5005366 2.2408 0.235941 -0.5039402 2.450281 0.06708628 -0.8545958 2.307136 0.2266362 -0.8616053 2.527652 0.1097999 -0.9213882 2.366566 0.2725465 -0.9048918 2.468983
