0.114875 0.6262997 2.214708 0.09541562 0.4334182 2.228579 -0.01432108 0.3130741 2.130222 0.2581261 0.3600252 2.289812 0.05587831 0.153224 2.031999 0.3461443 0.1775079 2.158179 0.238506 0.200071 2.00602 0.2303814 0.2377162 1.935469 0.3178453 0.2450422 2.002499 0.2094691 0.2847197 1.891835 0.1088353 0.1034514 2.238704 0.1227453 0.04191297 2.225687 0.07137829 -0.02408384 2.195127 0.1835443 -0.02769325 2.250726 0.01179765 -0.5114055 2.299763 0.2063729 -0.505003 2.414286 -0.003094583 -0.8781039 2.38847 0.2461116 -0.868719 2.480892 0.03679796 -0.921307 2.325536 0.2828446 -0.9319962 2.483484
0.1146774 0.6255988 2.214499 0.09533516 0.4334049 2.228658 -0.0137157 0.312485 2.129838 0.2574616 0.3581623 2.291664 0.0607141 0.1537653 2.031291 0.3537415 0.1712653 2.156691 0.2428151 0.1982102 1.994125 0.2700723 0.1763088 1.974131 0.3178722 0.2445721 2.017504 0.24916 0.2233125 1.930498 0.1091383 0.1051517 2.238961 0.1230384 0.04322858 2.226144 0.07228459 -0.02288423 2.195213 0.1834946 -0.02613133 2.251706 0.009992043 -0.5175375 2.301068 0.206384 -0.5052478 2.414393 -0.003115235 -0.8778826 2.388665 0.2464054 -0.8676281 2.478546 0.03735523 -0.921042 2.326071 0.2993028 -0.9258845 2.487024
0.1145702 0.6256857 2.214608 0.09495331 0.4332385 2.228395 -0.01342111 0.3122153 2.129639 0.2568852 0.3531444 2.292481 0.06293917 0.1538009 2.030305 0.3586094 0.1674523 2.155595 0.2450289 0.1767417 1.972081 0.2430089 0.1785351 1.993323 0.3246514 0.2206191 1.980129 0.2750466 0.2012148 1.949501 0.1087854 0.1039028 2.238478 0.1224763 0.04065368 2.225773 0.07177909 -0.02410208 2.195284 0.1830623 -0.028636 2.250991 0.009906795 -0.5174915 2.301187 0.206467 -0.5048645 2.414321 -0.003104494 -0.8771217 2.388111 0.2469714 -0.8686106 2.47958 0.03772385 -0.9202569 2.325735 0.2953824 -0.9233177 2.484413
0.1146664 0.6256855 2.214998 0.09476927 0.4331103 2.228348 -0.01308067 0.3119791 2.129578 0.257127 0.3480656 2.292166 0.06308421 0.1538981 2.030118 0.3660017 0.1608281 2.161165 0.2460466 0.1770128 1.97568 0.3038912 0.1603309 1.969499 0.3284228 0.2159941 1.980631 0.2764374 0.1895909 1.932632 0.1089234 0.1045682 2.23839 0.1225752 0.04140425 2.225876 0.07207245 -0.02349345 2.195151 0.1830838 -0.02803642 2.251349 0.009923492 -0.5176365 2.301313 0.2062493 -0.5045837 2.414233 -0.00381814 -0.8788412 2.388931 0.2472395 -0.8667289 2.479557 0.03704679 -0.9219711 2.326576 0.2930486 -0.9238682 2.486023
0.1143569 0.6251367 2.214978 0.09456757 0.4328253 2.228316 -0.01269504 0.3115577 2.12944 0.2592195 0.342054 2.291862 0.06406781 0.1536743 2.029755 0.3835495 0.1553469 2.16329 0.2487916 0.170703 1.980539 0.2954689 0.1531368 1.948641 0.329411 0.2133191 1.984319 0.2802075 0.1799646 1.925532 0.1090358 0.1047212 2.238302 0.1225856 0.0415637 2.225925 0.07209166 -0.02344383 2.195094 0.183134 -0.02801363 2.251558 0.009931394 -0.5178686 2.301221 0.2060572 -0.5046205 2.413987 -0.003439404 -0.8754681 2.391294 0.2468238 -0.8669481 2.479342 0.03729241 -0.9186062 2.328858 0.2851273 -0.9289921 2.485899
0.114366 0.6251201 2.215081 0.09416921 0.4324425 2.228292 -0.01246151 0.3112007 2.129328 0.2598709 0.3403295 2.291678 0.065349 0.1531884 2.029329 0.3850077 0.1535229 2.16206 0.2502583 0.16936 1.980674 0.2302485 0.1544518 1.960605 0.3347539 0.2037221 1.97755 0.2827288 0.1739813 1.919117 0.1090144 0.104894 2.238202 0.1224801 0.04175597 2.225962 0.07204206 -0.02337901 2.195051 0.1830712 -0.0279648 2.251661 0.009563725 -0.5182319 2.301409 0.2058621 -0.5046104 2.41379 -0.002653365 -0.8759872 2.392961 0.2484259 -0.8672299 2.479906 0.03803989 -0.9191242 2.330502 0.2901518 -0.9273703 2.481154
0.114258 0.6252045 2.215541 0.09416416 0.4324419 2.228515 -0.01225484 0.3109342 2.129248 0.2612796 0.3372997 2.291309 0.06544884 0.1532056 2.029299 0.3910415 0.1487106 2.168232 0.2504896 0.1682274 1.980825 0.1815686 0.1597175 2.008868 0.3357251 0.2004351 1.97557 0.2854503 0.1676712 1.91337 0.1092207 0.1053271 2.238471 0.1225722 0.04215189 2.226345 0.07210167 -0.02323714 2.195083 0.1832165 -0.02800304 2.252487 0.009405912 -0.5195327 2.301719 0.2057957 -0.5045963 2.413786 -0.001582258 -0.8781197 2.395279 0.2489444 -0.8684328 2.481465 0.03896785 -0.9212691 2.332736 0.2912533 -0.9281737 2.480856
0.1141339 0.6252391 2.215629 0.09399892 0.4323799 2.228435 -0.01202452 0.3107239 2.129136 0.2618545 0.3361228 2.291473 0.06584538 0.1531601 2.029323 0.3935192 0.1480178 2.169422 0.2510208 0.1671975 1.981153 0.2942605 0.1456566 1.920627 0.3366188 0.1982791 1.975082 0.2860946 0.1648919 1.911069 0.1093021 0.1055933 2.238446 0.1226041 0.04243036 2.226526 0.07213143 -0.02320684 2.195112 0.1833189 -0.0277932 2.252922 0.008531718 -0.5190119 2.301049 0.2057399 -0.5045809 2.413795 -0.002568612 -0.8736144 2.392067 0.2472153 -0.8676834 2.482141 0.009425473 -0.9455301 2.385457 0.2884495 -0.9281647 2.48106
0.1141024 0.6252365 2.215576 0.0938937 0.4322123 2.228212 -0.01188074 0.3105214 2.129092 0.2619212 0.3351178 2.291378 0.06724831 0.153067 2.029247 0.3946885 0.1471629 2.170324 0.2526382 0.1666894 1.982063 0.3159331 0.170483 1.965135 0.3380095 0.1987651 1.978467 0.2866313 0.1625662 1.911248 0.1093919 0.1057661 2.238341 0.1226104 0.04261989 2.22664 0.07216128 -0.02311026 2.19507 0.1833433 -0.0278194 2.253533 0.009102104 -0.5168806 2.300925 0.2054595 -0.5049117 2.413822 -0.003545437 -0.8734316 2.389362 0.2473066 -0.8680108 2.482107 0.03704315 -0.9165864 2.326847 0.2878952 -0.9111656 2.419592
0.1141074 0.6250868 2.215481 0.09359305 0.4319804 2.227875 -0.01177932 0.3103136 2.128905 0.2620289 0.3346995 2.291437 0.06792001 0.1525799 2.02915 0.3947174 0.147631 2.170525 0.2534216 0.1660387 1.982515 0.2907945 0.1481686 1.923739 0.3389269 0.197619 1.97788 0.2866008 0.1624115 1.911382 0.1094751 0.1057885 2.238168 0.1226067 0.04262055 2.226656 0.07216597 -0.0231125 2.195113 0.1833548 -0.02785895 2.253577 0.008512827 -0.5178052 2.301439 0.2053834 -0.5051072 2.414043 -0.002801604 -0.8767486 2.388409 0.2472405 -0.8680865 2.481224 0.03783399 -0.9199028 2.325925 0.2902576 -0.9269276 2.48805
0.1139419 0.6250059 2.215515 0.09359253 0.4319323 2.227884 -0.01178074 0.3102892 2.1289 0.2622698 0.3338656 2.291485 0.06798729 0.1525437 2.029207 0.3938997 0.1468264 2.171501 0.2539321 0.1615624 1.983557 0.232155 0.154173 1.963728 0.3392473 0.1932418 1.976639 0.2862 0.1625162 1.911683 0.1094535 0.1060539 2.238079 0.1224374 0.04291876 2.226753 0.07190301 -0.02288049 2.195003 0.1832572 -0.02784712 2.253808 0.008240986 -0.5141952 2.300542 0.2055449 -0.5051091 2.41441 -0.0108701 -0.8676374 2.382032 0.2470495 -0.868058 2.481724 0.02975982 -0.9107952 2.319549 0.28787 -0.9286351 2.486553
0.1137889 0.6250251 2.215483 0.09358633 0.4319205 2.22789 -0.01168168 0.3101544 2.128804 0.2624685 0.3335566 2.291607 0.06792368 0.1525095 2.02925 0.3904636 0.1465797 2.171475 0.2538057 0.1609513 1.98309 0.2344398 0.1553595 1.965097 0.3390805 0.1927437 1.97618 0.2854493 0.1632908 1.913594 0.109555 0.1061194 2.237973 0.1224604 0.04295995 2.226809 0.07191995 -0.02288334 2.195009 0.1832982 -0.02787754 2.253946 0.007613129 -0.5149758 2.300068 0.205845 -0.5047315 2.414373 -0.009740744 -0.8732252 2.383382 0.247054 -0.8685951 2.481956 0.03092113 -0.9163812 2.320917 0.2841991 -0.9315773 2.485527
0.1132146 0.6248196 2.21514 0.09354367 0.4317988 2.227943 -0.01160962 0.3100575 2.128767 0.2623448 0.3335938 2.291731 0.067809 0.152485 2.029246 0.3819788 0.1468886 2.172652 0.2537012 0.1615157 1.983302 0.1808733 0.1595634 2.009573 0.3379934 0.1961068 1.977955 0.283689 0.1660027 1.916951 0.1095943 0.106182 2.237862 0.1224259 0.04301999 2.226836 0.07191512 -0.02284722 2.195007 0.1832242 -0.02782304 2.253988 0.007707308 -0.5166757 2.300187 0.2059233 -0.5048321 2.414387 -0.009317444 -0.8754345 2.384453 0.2463497 -0.8680372 2.481667 0.03139329 -0.9185852 2.322017 0.285179 -0.929827 2.487451
0.1134481 0.6248486 2.215171 0.09355266 0.4318149 2.227942 -0.01156873 0.3100325 2.128757 0.2621984 0.3336006 2.291768 0.06780063 0.152493 2.02925 0.375856 0.1495736 2.167453 0.2532681 0.1650774 1.982095 0.1814316 0.1624287 2.009137 0.3370345 0.2013139 1.982738 0.2803075 0.170979 1.921809 0.1097727 0.1062561 2.237858 0.1225536 0.04304447 2.227021 0.07209571 -0.02278117 2.195105 0.1833717 -0.02793608 2.254449 0.006524129 -0.5121199 2.29821 0.206057 -0.509242 2.414963 -0.009134022 -0.8760341 2.384367 0.2459645 -0.8688267 2.481187 0.03160494 -0.9191855 2.32195 0.2843526 -0.9308605 2.487299
0.1135813 0.6249024 2.215283 0.09355551 0.4317037 2.227889 -0.01156313 0.3100314 2.128756 0.2616151 0.3342629 2.291922 0.06772126 0.1526377 2.029317 0.3689589 0.1548102 2.146968 0.2529746 0.1684896 1.982364 0.2865149 0.1776996 1.955406 0.3349338 0.2086271 1.98096 0.2765212 0.1804742 1.933785 0.109931 0.1064844 2.237761 0.1226775 0.04333318 2.227104 0.07239877 -0.02239954 2.195149 0.1834127 -0.02768854 2.254586 0.006359546 -0.5123103 2.298157 0.2059253 -0.5089641 2.414788 -0.009014994 -0.8745304 2.386456 0.2459622 -0.8690395 2.481379 0.03180699 -0.917676 2.324088 0.2829152 -0.9320629 2.486044
0.1135377 0.6251578 2.215159 0.09359249 0.4315488 2.22796 -0.01151889 0.3099613 2.128705 0.2602544 0.3363053 2.292713 0.06655697 0.1525655 2.029606 0.3680953 0.1559359 2.146535 0.2513368 0.1753422 1.984051 0.2291602 0.1737347 2.006495 0.3288342 0.2219813 1.996271 0.2934438 0.1811956 1.996785 0.110076 0.1068925 2.237761 0.1228181 0.04387584 2.227301 0.07273436 -0.02197761 2.195214 0.1833596 -0.02690838 2.254935 0.008405035 -0.508902 2.297499 0.2059128 -0.5094691 2.414828 -0.008539435 -0.8753343 2.38626 0.2463361 -0.869925 2.481155 0.03256091 -0.9184581 2.32406 0.2843936 -0.9323409 2.485049
0.1135507 0.6251698 2.215149 0.09353627 0.4314709 2.227834 -0.0114732 0.3099369 2.128692 0.2562511 0.3440074 2.295373 0.066525 0.1525951 2.029684 0.3638325 0.1594987 2.148206 0.2510886 0.1846142 1.991577 0.2628232 0.2202284 1.977905 0.3224875 0.2361399 2.015615 0.2291534 0.2404716 1.925535 0.1099417 0.1073827 2.237448 0.1227589 0.04448557 2.22722 0.07290761 -0.02115384 2.194913 0.1830549 -0.02607355 2.25505 0.007924537 -0.5136149 2.298212 0.2056905 -0.5090511 2.414434 -0.007713382 -0.8770635 2.387216 0.2463283 -0.8702443 2.480984 0.03421069 -0.9201196 2.325523 0.2881325 -0.9302654 2.48399
0.1138999 0.6253381 2.214701 0.09360123 0.4314587 2.227875 -0.01141399 0.3099084 2.128657 0.2547162 0.3477388 2.292872 0.06560165 0.1528424 2.02984 0.3547104 0.1699781 2.147922 0.2497155 0.1884653 1.993353 0.2244617 0.238112 1.947031 0.3192017 0.2428606 2.016664 0.1810455 0.2608232 1.884465 0.110121 0.1051182 2.237402 0.1227249 0.04088178 2.227186 0.07267396 -0.0231753 2.196249 0.1828558 -0.02820468 2.253535 0.007964126 -0.5135487 2.298277 0.205472 -0.5081602 2.414402 -0.007698573 -0.8778448 2.387124 0.2465337 -0.8703684 2.480474 0.03389455 -0.9209345 2.32523 0.286491 -0.9316301 2.483574
0.1141226 0.6254506 2.214557 0.0937292 0.4314791 2.227744 -0.01143018 0.3099883 2.128608 0.2564062 0.3530066 2.292201 0.06457573 0.152995 2.030009 0.3516555 0.1717148 2.151479 0.2409324 0.2203616 2.025144 0.2147119 0.2454758 1.951916 0.2731871 0.2709569 1.994309 0.169064 0.2700627 1.889792 0.1102953 0.1043258 2.237153 0.1227312 0.0397806 2.226965 0.07222229 -0.02423806 2.19666 0.1832214 -0.02965899 2.25251 0.00818783 -0.5136268 2.298439 0.2057802 -0.5070061 2.414197 -0.006433567 -0.8768108 2.388062 0.2500343 -0.8653476 2.483746 0.03477604 -0.9199326 2.325936 0.2890706 -0.9271608 2.479958
0.1143438 0.6257826 2.21431 0.09387392 0.4314046 2.227691 -0.0116894 0.3101827 2.128517 0.2626567 0.3511051 2.273113 0.06258715 0.1522693 2.030125 0.3472121 0.1766863 2.155138 0.2329232 0.2322993 2.033955 0.2072397 0.2481901 1.972087 0.2650203 0.281702 2.00109 0.1605822 0.2720246 1.915468 0.110942 0.103461 2.237139 0.1224081 0.03864903 2.226414 0.07063818 -0.02599836 2.196537 0.1835961 -0.03155059 2.250906 0.007531852 -0.5149404 2.298306 0.2058205 -0.5069252 2.414052 -0.006403154 -0.8768547 2.388072 0.2498933 -0.8655002 2.483808 0.03045021 -0.9203006 2.323484 0.2889203 -0.9273645 2.48087
0.1147129 0.6258038 2.214188 0.09399977 0.4314016 2.227615 -0.01240547 0.3106616 2.128522 0.2716739 0.3436873 2.261563 0.05907206 0.1511902 2.030733 0.3481386 0.1782221 2.165461 0.2269622 0.2355011 2.037864 0.2063457 0.2627914 1.995357 0.2588896 0.2851126 2.005149 0.1590814 0.2909811 1.943053 0.1111336 0.1027078 2.236834 0.1218022 0.03764968 2.225595 0.06701244 -0.02835954 2.195834 0.1845879 -0.03427804 2.248664 0.008353584 -0.5178337 2.300454 0.2058801 -0.5063931 2.414041 -0.005027583 -0.8770683 2.389508 0.2497377 -0.8653149 2.483901 0.02858792 -0.9207239 2.323317 0.2917613 -0.9248193 2.476686
0.1147986 0.6256298 2.213789 0.09424298 0.4314573 2.227473 -0.0138482 0.3114172 2.128595 0.2512467 0.3474215 2.247987 0.0558371 0.1509485 2.031269 0.3471175 0.1792243 2.171604 0.1954625 0.2781186 2.02445 0.2050483 0.2646372 1.999349 0.2273397 0.3278201 1.991824 0.1576919 0.2931082 1.946329 0.1113753 0.09041272 2.236286 0.121636 0.02029545 2.224857 0.06577171 -0.04455418 2.196665 0.1849685 -0.04249601 2.247988 0.00873909 -0.5163362 2.299799 0.2059871 -0.5062167 2.414104 -0.005088933 -0.877134 2.389541 0.2494369 -0.8662215 2.483617 0.02737039 -0.9208797 2.322836 0.2879837 -0.9282574 2.47868
0.1150288 0.6254052 2.213032 0.09477811 0.4317229 2.227549 -0.01378878 0.3115474 2.128501 0.2501863 0.3096424 2.184712 0.05403209 0.1502401 2.031275 0.3617947 0.1586163 2.17984 0.2065443 0.2526159 2.062429 0.2036783 0.2660679 2.003674 0.2384213 0.3023171 2.029803 0.1509728 0.3018851 1.94935 0.1132821 0.08375414 2.236633 0.1201694 0.01256339 2.223788 0.06347401 -0.05053649 2.196754 0.1837181 -0.05105443 2.245387 0.00804402 -0.5154583 2.299241 0.2059539 -0.5065306 2.41401 -0.005018278 -0.8749251 2.389184 0.2488022 -0.8668754 2.482716 0.01181912 -0.9194064 2.317389 0.2656396 -0.9113566 2.41092
0.1145664 0.623834 2.212298 0.09479883 0.4317965 2.227308 -0.01349309 0.3115196 2.128314 0.2496717 0.3085332 2.18503 0.05235299 0.1493403 2.03122 0.361802 0.1588497 2.18612 0.1821938 0.2963551 2.039757 0.2025853 0.2676723 2.008478 0.2140707 0.346056 2.007131 0.149513 0.3039465 1.953661 0.1121126 0.07845 2.236298 0.118984 0.006678874 2.223416 0.06210417 -0.0553128 2.196775 0.1826639 -0.05641472 2.245078 0.006986724 -0.5173772 2.299172 0.2056637 -0.5064937 2.414167 -0.005137342 -0.8759459 2.388969 0.247544 -0.8671554 2.481137 0.0119051 -0.9204305 2.317225 0.2645864 -0.91164 2.409393
0.1144595 0.6240585 2.211635 0.09484597 0.4318729 2.227214 -0.01254727 0.3117658 2.127906 0.2495113 0.3077627 2.186206 0.05094002 0.1482872 2.03165 0.3616469 0.1587306 2.190657 0.1887789 0.2927744 2.044968 0.2018927 0.2682905 2.012164 0.2206556 0.3424751 2.012342 0.1486413 0.3048104 1.957064 0.1114612 0.07553495 2.236342 0.1184108 0.003441034 2.223368 0.06147874 -0.05750188 2.197154 0.1820242 -0.05962075 2.244703 0.006532249 -0.5182735 2.299287 0.2056851 -0.5064974 2.414172 -0.00543149 -0.8761657 2.389432 0.2474989 -0.8669975 2.481466 0.01214249 -0.9206403 2.317811 0.2650729 -0.9114721 2.409845
0.1146407 0.6241562 2.211553 0.09483743 0.4321602 2.22663 -0.01120509 0.3119523 2.12763 0.2493721 0.3070203 2.187194 0.05047752 0.1478433 2.031243 0.3621174 0.1587384 2.193017 0.1906189 0.2913703 2.046029 0.201756 0.2689172 2.014118 0.2224954 0.3410707 2.013404 0.1483023 0.3056434 1.958883 0.1110827 0.07408962 2.235969 0.1181736 0.001890707 2.222931 0.06123429 -0.0588273 2.197026 0.1817721 -0.06065927 2.24422 0.007424267 -0.5102217 2.295669 0.2066461 -0.5048897 2.414003 -0.004956712 -0.8777863 2.388179 0.2496506 -0.8700747 2.483511 0.0130828 -0.9222513 2.316669 0.2676901 -0.9145396 2.412001
0.1144852 0.6244842 2.21123 0.09501055 0.4322884 2.226245 -0.01065767 0.3120817 2.127404 0.2488526 0.3068731 2.1874 0.05017181 0.1476472 2.031039 0.3618549 0.1590316 2.194333 0.1938548 0.2864653 2.050613 0.2014875 0.2691644 2.015283 0.2257312 0.3361654 2.017988 0.1480316 0.3058754 1.959998 0.1105396 0.0729831 2.235766 0.1175726 0.000708062 2.222661 0.0605628 -0.05961866 2.196791 0.1810477 -0.06176463 2.24405 0.009127454 -0.5116282 2.297428 0.2073872 -0.5028025 2.41329 -0.00928149 -0.8758489 2.386796 0.2451659 -0.8620544 2.482083 0.008951277 -0.9203154 2.315338 0.2804542 -0.9261755 2.483234
0.1145792 0.6248662 2.211061 0.09508257 0.4323248 2.226235 -0.009811644 0.3120928 2.127146 0.2489282 0.3066704 2.187717 0.04971653 0.1470953 2.030991 0.3620531 0.1590068 2.195016 0.1962083 0.2854874 2.051913 0.2016879 0.2691996 2.016008 0.2280844 0.3351872 2.019289 0.1482328 0.3059306 1.960736 0.1103353 0.07204926 2.235736 0.1174043 -0.000274152 2.222475 0.06023932 -0.0605677 2.196257 0.1808504 -0.06317398 2.244116 0.008323126 -0.5083547 2.29569 0.2073658 -0.5027232 2.41331 -0.008760371 -0.8752661 2.386583 0.2453638 -0.8628043 2.481681 0.009692122 -0.9197227 2.315176 0.2846098 -0.9245862 2.482547
0.1144727 0.6249968 2.210798 0.09498433 0.4325362 2.226012 -0.009660769 0.3121247 2.127155 0.2488609 0.3063872 2.187634 0.04939631 0.1469434 2.03104 0.3620992 0.1590169 2.195825 0.2000919 0.2836237 2.052545 0.2018087 0.2690563 2.016647 0.2319679 0.3333232 2.019921 0.1483785 0.3057361 1.961319 0.1101984 0.07163196 2.235815 0.1173124 -0.0007314041 2.222514 0.06016865 -0.06085838 2.19635 0.1807417 -0.06378261 2.244158 0.008237876 -0.5083368 2.295643 0.207238 -0.5027149 2.413147 -0.008349769 -0.8763238 2.388133 0.2446044 -0.8637896 2.480461 0.01009162 -0.9207879 2.316727 0.291497 -0.9315399 2.491864
0.1143175 0.6251564 2.210637 0.09507892 0.4324689 2.225976 -0.00981933 0.3121473 2.127086 0.2489435 0.3061808 2.187795 0.04914782 0.1468857 2.03109 0.3622598 0.1588714 2.19598 0.1986073 0.2808449 2.049314 0.2019542 0.2689687 2.016859 0.230483 0.330544 2.016689 0.148519 0.3056678 1.96155 0.1101511 0.07158893 2.235868 0.1172944 -0.0007353807 2.222505 0.05998284 -0.06108948 2.196335 0.1807432 -0.06379355 2.244134 0.008273251 -0.5115858 2.296549 0.2072919 -0.5027573 2.41314 -0.008503702 -0.8766317 2.388347 0.2446214 -0.8641762 2.480643 0.009989989 -0.9210948 2.316956 0.2631151 -0.9086393 2.409252
0.1142928 0.6253884 2.210698 0.09505531 0.432539 2.225916 -0.01142689 0.3122665 2.127057 0.2505724 0.302805 2.184558 0.04935794 0.1472185 2.032123 0.3640707 0.1566679 2.196917 0.1958184 0.2777694 2.03973 0.2295056 0.2595187 2.044225 0.227694 0.3274683 2.007106 0.1846506 0.2938023 1.997725 0.1084696 0.07598864 2.235096 0.1147025 0.006144611 2.221051 0.05675487 -0.05589069 2.194027 0.1793169 -0.06079595 2.243439 0.008324864 -0.5134249 2.297673 0.2071329 -0.5039169 2.413588 -0.007734106 -0.8754334 2.388701 0.2457623 -0.8652511 2.480524 0.009699532 -0.9199041 2.31705 0.2631959 -0.9097217 2.408872
0.113969 0.6258081 2.210686 0.09506602 0.4325241 2.225921 -0.01153737 0.3122206 2.126943 0.2375175 0.2881615 2.180732 0.0493754 0.1471812 2.032107 0.3689018 0.158408 2.194871 0.2612378 0.2568259 2.07346 0.2292172 0.2588116 2.041792 0.2931131 0.3065245 2.040836 0.1826557 0.2922795 1.995163 0.108372 0.07596066 2.235331 0.114642 0.006098879 2.221138 0.05714785 -0.0552699 2.194338 0.1782078 -0.06048892 2.243615 0.007895011 -0.5145269 2.29806 0.2069577 -0.5069531 2.414291 -0.007285194 -0.8768196 2.389284 0.2472529 -0.8679442 2.480979 0.01012166 -0.921293 2.317629 0.2646597 -0.9124175 2.409324
0.1138561 0.6261215 2.210706 0.09507944 0.4324876 2.225965 -0.01196395 0.3121625 2.126954 0.2707251 0.345938 2.268561 0.05052242 0.1475606 2.032485 0.3449835 0.1805217 2.183413 0.218961 0.2381176 2.042725 0.2122934 0.2459058 2.003475 0.2508362 0.2878159 2.010101 0.1680634 0.2677004 1.947894 0.1057195 0.08657055 2.234558 0.1165225 0.02139828 2.221683 0.05888661 -0.04478825 2.194256 0.1803412 -0.05079621 2.243661 0.007496011 -0.5149705 2.297992 0.2069804 -0.5069596 2.414287 -0.006685656 -0.8786305 2.388384 0.2476524 -0.8681656 2.480249 0.02881837 -0.9222054 2.323147 0.2881793 -0.9287059 2.487315
0.1137178 0.6251928 2.21032 0.09479525 0.4323173 2.22596 -0.01200812 0.3120811 2.126995 0.2681749 0.3484906 2.273556 0.05240348 0.1483352 2.032262 0.3457948 0.180764 2.173784 0.2208548 0.2330036 2.038437 0.2086187 0.2495815 1.981838 0.2527297 0.2827015 2.005813 0.1628933 0.2725208 1.922253 0.10608 0.08936254 2.235057 0.1174814 0.02427739 2.22246 0.06135295 -0.04027705 2.195771 0.1813993 -0.04669568 2.244309 0.007560009 -0.5158196 2.298124 0.2069776 -0.5069664 2.414294 -0.006623382 -0.8780515 2.389219 0.2475193 -0.8681358 2.479872 0.03008884 -0.9215447 2.3246 0.2857814 -0.9301384 2.486876
0.114176 0.6243102 2.211246 0.09426963 0.4321062 2.226014 -0.01215437 0.3117258 2.127047 0.260906 0.3562385 2.289196 0.05451284 0.1467727 2.035831 0.34581 0.1807209 2.158928 0.2288973 0.2194868 2.024135 0.2046426 0.2448464 1.964297 0.2677485 0.2686038 1.99907 0.1575868 0.2662216 1.903818 0.1055478 0.0910248 2.235124 0.1179017 0.0259924 2.223082 0.06281041 -0.03754618 2.196776 0.1815598 -0.04419433 2.244924 0.0101336 -0.5093094 2.296418 0.206927 -0.5069777 2.414275 -0.005288272 -0.8726677 2.386826 0.2462868 -0.8677703 2.481141 0.03506082 -0.9158981 2.324232 0.2844833 -0.9299393 2.486913
0.1141662 0.6241534 2.211274 0.09425002 0.4320153 2.226362 -0.01224871 0.3113592 2.127306 0.2585358 0.3557837 2.29224 0.05438254 0.1464788 2.035678 0.3481746 0.1803165 2.147792 0.2368379 0.1894229 1.998712 0.2513432 0.2328314 1.981089 0.2399629 0.2283708 1.961291 0.2190661 0.2503363 1.929919 0.1075096 0.101375 2.2369 0.1205245 0.03904081 2.225456 0.06844538 -0.02723711 2.195387 0.1817644 -0.02995973 2.250927 0.008411775 -0.5118462 2.297218 0.2070476 -0.5069041 2.414388 -0.005314781 -0.8729641 2.386617 0.2460923 -0.8681264 2.481213 0.0357965 -0.9161231 2.324472 0.2856219 -0.9294416 2.487132
0.1141102 0.6242017 2.211576 0.09423169 0.4318829 2.226669 -0.01227159 0.3109428 2.127522 0.2582102 0.3536958 2.292783 0.05762628 0.1489448 2.03366 0.3518343 0.1735029 2.146729 0.2409562 0.188166 1.996993 0.1892063 0.186397 2.023581 0.3198572 0.2339196 2.000158 0.134997 0.1906951 1.98693 0.1079463 0.1006836 2.237103 0.1210319 0.03741007 2.226054 0.06887496 -0.02797269 2.196105 0.182355 -0.03184567 2.251167 0.008166407 -0.5098891 2.296673 0.2068927 -0.5066845 2.414405 -0.005879671 -0.8735397 2.386716 0.2459577 -0.8681794 2.480981 0.03534822 -0.9166911 2.324645 0.2895414 -0.9268814 2.484388
0.1145611 0.6240699 2.212317 0.09402157 0.4317749 2.227181 -0.01215905 0.3106359 2.127755 0.2579639 0.3503335 2.293563 0.06005381 0.1501347 2.032506 0.3624499 0.161319 2.159463 0.2434806 0.187142 1.993157 0.1948074 0.1820151 2.034571 0.3248162 0.2282834 1.997709 0.1389266 0.1889138 1.997338 0.1087084 0.1029691 2.237741 0.1218443 0.03992134 2.226907 0.07051657 -0.02614672 2.196085 0.1828219 -0.02948111 2.252796 0.007161945 -0.5150605 2.297436 0.2066668 -0.5060613 2.414363 -0.006556513 -0.8760295 2.388574 0.2459301 -0.8680863 2.48078 0.03485206 -0.9191546 2.326606 0.2835328 -0.9308195 2.48352
0.1144435 0.6239218 2.212445 0.09390548 0.431673 2.227729 -0.01214977 0.3104728 2.127877 0.2581142 0.3442485 2.293403 0.06162665 0.1505438 2.03183 0.367944 0.1572727 2.150065 0.2466978 0.1752328 1.989687 0.1811036 0.1750009 2.014859 0.3280239 0.2164339 1.993852 0.2720061 0.1771468 1.935184 0.1087533 0.1035388 2.237777 0.1217635 0.0404337 2.227022 0.0705161 -0.0257872 2.195931 0.1827091 -0.02912372 2.253053 0.007269848 -0.5157525 2.297924 0.2063248 -0.5059846 2.414387 -0.004137997 -0.8795509 2.389866 0.2447563 -0.8640053 2.479011 0.03728699 -0.9226624 2.327902 0.2840678 -0.9256331 2.482677
0.1140274 0.6234998 2.213253 0.09380849 0.4312319 2.228255 -0.01221942 0.3103368 2.127987 0.259539 0.3395401 2.293778 0.06254139 0.1504369 2.031526 0.3704615 0.1519277 2.16257 0.2485532 0.1686145 1.990619 0.2322602 0.1494011 1.994598 0.33115 0.2074301 1.99086 0.2737404 0.1747635 1.933394 0.1089367 0.1042068 2.237966 0.1218567 0.04122586 2.227298 0.07068951 -0.02528945 2.195867 0.1827951 -0.02883666 2.253446 0.009847076 -0.5167286 2.299394 0.2058714 -0.5061328 2.414711 -0.004364652 -0.8791994 2.390146 0.245163 -0.8651425 2.47889 0.03701086 -0.9223039 2.328144 0.307297 -0.9292495 2.48792
0.1140545 0.6234745 2.213389 0.09356876 0.4310573 2.2288 -0.01228023 0.3102776 2.128094 0.2604229 0.3367444 2.293557 0.06410373 0.1511324 2.0308 0.3791694 0.1441542 2.169662 0.2508147 0.165137 1.992275 0.2342294 0.1528896 1.983291 0.3337306 0.2032573 1.993194 0.276353 0.1693522 1.927115 0.109014 0.1045047 2.238197 0.1218631 0.04149184 2.227547 0.07071917 -0.02520451 2.195933 0.1828556 -0.02873236 2.253767 0.01044692 -0.5182898 2.301017 0.2058749 -0.5061234 2.414767 -0.006487136 -0.8804508 2.393395 0.2449361 -0.865125 2.479032 0.01984265 -0.9485834 2.398015 0.2884429 -0.9253299 2.481862
0.1134885 0.6241661 2.213572 0.0934875 0.4310595 2.228953 -0.0122987 0.3100508 2.128335 0.2608845 0.3354523 2.293497 0.06437324 0.1512413 2.03062 0.3846494 0.1411184 2.172086 0.2513839 0.1640869 1.993746 0.2920519 0.1408658 1.930428 0.3355196 0.1991971 1.997927 0.2812847 0.1641492 1.922729 0.109072 0.1047182 2.238292 0.121855 0.04164809 2.227684 0.07073393 -0.02502739 2.196032 0.1828693 -0.02871165 2.253918 0.00991875 -0.5133134 2.297875 0.205817 -0.5045524 2.414422 -0.005369244 -0.8783388 2.393357 0.2449288 -0.8651111 2.479002 0.02105853 -0.946353 2.399031 0.2892277 -0.9248814 2.481714
0.1134434 0.6244402 2.213691 0.09337433 0.4310721 2.229192 -0.01218358 0.3099575 2.128386 0.2611412 0.3343524 2.293355 0.06445188 0.1512811 2.030591 0.3865101 0.1398638 2.171878 0.2515889 0.1625343 1.993906 0.2921047 0.1403981 1.929719 0.3360652 0.1969125 1.997203 0.2840796 0.1597542 1.91922 0.1090232 0.1048154 2.238354 0.121759 0.04170267 2.227773 0.07063501 -0.02488788 2.196082 0.1827552 -0.02875134 2.254054 0.008913427 -0.517274 2.298666 0.2058174 -0.504935 2.414771 -0.005160902 -0.8789724 2.393111 0.2449345 -0.8651907 2.478945 0.0359646 -0.9220791 2.330947 0.2832751 -0.9272714 2.484639
0.11337 0.6245248 2.214102 0.09325076 0.4310321 2.229355 -0.0121306 0.3099202 2.128391 0.2614925 0.3334469 2.293235 0.06550775 0.1512513 2.030555 0.3884897 0.1392234 2.171979 0.2529866 0.1534647 1.994006 0.2925237 0.1399258 1.928848 0.337696 0.187401 1.995299 0.2852763 0.1581869 1.918877 0.1090289 0.1049784 2.238378 0.1217356 0.04184385 2.227809 0.07064019 -0.02480787 2.196029 0.1827516 -0.0286988 2.254146 0.008658135 -0.519855 2.300029 0.2059848 -0.504793 2.414997 -0.004913682 -0.8806505 2.393668 0.2444988 -0.8648869 2.479825 0.03617051 -0.9237562 2.331476 0.285583 -0.9079925 2.417633
0.113412 0.6246808 2.214504 0.09321322 0.4312624 2.229696 -0.01216191 0.3098623 2.128448 0.2616122 0.3330125 2.293155 0.06584523 0.1512279 2.030425 0.3916611 0.1384276 2.175133 0.25331 0.15222 1.99368 0.2915532 0.1397632 1.928574 0.3380842 0.1859981 1.994868 0.2856297 0.157494 1.91855 0.1090622 0.1051944 2.238467 0.1217436 0.04198146 2.227858 0.07065334 -0.02468866 2.196047 0.1827659 -0.02865168 2.254167 0.009469799 -0.5197722 2.301062 0.2060788 -0.5043774 2.414876 -0.005313784 -0.8801267 2.392464 0.2447977 -0.8654377 2.480333 0.01653909 -0.9499723 2.393232 0.280299 -0.9294152 2.482089
0.1133615 0.6246505 2.214676 0.09319053 0.4312527 2.229695 -0.0121238 0.3098117 2.128432 0.2619838 0.3324218 2.292939 0.06607135 0.1513233 2.030446 0.3915971 0.1380029 2.175384 0.253535 0.1514404 1.993673 0.318355 0.1680126 1.980632 0.3383157 0.1851878 1.995222 0.2857326 0.1574151 1.918508 0.1090928 0.1053938 2.238499 0.1217536 0.04217932 2.227904 0.07066698 -0.02451183 2.195969 0.182827 -0.02861942 2.254358 0.008976947 -0.520697 2.301084 0.2051252 -0.5089883 2.416207 -0.006023266 -0.8774111 2.390587 0.2452523 -0.8656905 2.481406 0.03496157 -0.9205177 2.328331 0.2980533 -0.9257299 2.484655
0.1133035 0.6246347 2.214661 0.09303908 0.4311955 2.229633 -0.01204665 0.3097218 2.128371 0.2621681 0.3321551 2.293041 0.0668638 0.1515571 2.030279 0.3916717 0.1377454 2.175584 0.254721 0.1570256 1.997635 0.2362653 0.1535412 1.970887 0.3399577 0.189532 1.994938 0.285358 0.1573978 1.918697 0.1091406 0.1055593 2.23854 0.1218206 0.04236482 2.228012 0.07083213 -0.02425712 2.196066 0.1829349 -0.02854517 2.254575 0.008710532 -0.5204874 2.300957 0.205033 -0.508122 2.415705 -0.005908587 -0.8774058 2.390635 0.2472197 -0.8574529 2.47816 0.03509657 -0.9205109 2.328392 0.2882249 -0.900558 2.415917
0.1132533 0.6246783 2.214746 0.09291429 0.431146 2.229654 -0.01204357 0.3097198 2.128373 0.2623138 0.3318908 2.293066 0.06721058 0.1516544 2.030182 0.3914663 0.1382611 2.175419 0.2550767 0.1568146 1.99754 0.1837378 0.1648564 2.015644 0.34045 0.1888344 1.993616 0.2848316 0.1588725 1.918975 0.1091506 0.1056506 2.238564 0.1218231 0.04245287 2.228067 0.07085752 -0.02415786 2.196071 0.1829737 -0.02856059 2.254719 0.008440809 -0.5210053 2.300886 0.2050622 -0.5080176 2.41563 -0.006233666 -0.8774319 2.390845 0.2471506 -0.8642848 2.48089 0.03476413 -0.920536 2.328597 0.289306 -0.9239537 2.485228
0.1130315 0.624072 2.214788 0.09279611 0.4311142 2.22965 -0.01189636 0.3096717 2.128263 0.2622974 0.3319004 2.293139 0.06717169 0.151659 2.03016 0.3909743 0.1420604 2.171189 0.254991 0.157094 1.997145 0.2928901 0.1404749 1.970902 0.3401772 0.1896386 1.993474 0.282912 0.1630152 1.925122 0.1090792 0.1057745 2.238575 0.1217412 0.04257226 2.228124 0.07084638 -0.02393437 2.196186 0.1828147 -0.02842215 2.25478 0.007832853 -0.5210884 2.30046 0.2049949 -0.5081413 2.41581 -0.00617338 -0.8773426 2.390821 0.2496969 -0.8697627 2.486551 0.03487426 -0.9204429 2.328604 0.2933623 -0.9284362 2.48392
0.1130401 0.6240817 2.214801 0.09274417 0.4311013 2.229542 -0.011833 0.3096263 2.128223 0.2620659 0.3323177 2.293381 0.06727036 0.1516582 2.030087 0.3767197 0.1526164 2.155789 0.2548405 0.1589545 1.995384 0.2943119 0.1669527 1.963327 0.339373 0.1933396 1.994263 0.2788455 0.1696433 1.929682 0.1090282 0.1063701 2.238521 0.1216622 0.04328752 2.228168 0.07088546 -0.02333544 2.195913 0.1826763 -0.02785268 2.25527 0.007994896 -0.5206439 2.300616 0.2050035 -0.5078813 2.415777 -0.006924247 -0.8772994 2.389711 0.2491524 -0.8700281 2.486608 0.03419935 -0.9203956 2.327543 0.2967323 -0.9256266 2.485595
0.1130195 0.6238803 2.214713 0.0928608 0.4310491 2.229372 -0.01166807 0.309498 2.128113 0.261077 0.3333017 2.293757 0.06737569 0.1517788 2.030082 0.3703654 0.1526826 2.161099 0.2545278 0.1636066 1.993813 0.2812139 0.157274 1.981384 0.3364323 0.2038539 1.992709 0.2783167 0.1803592 1.956659 0.1091399 0.1068533 2.23849 0.1217525 0.04386614 2.228292 0.0711655 -0.02297224 2.195739 0.1824871 -0.02699357 2.256077 0.00983349 -0.5176925 2.301747 0.2049155 -0.5073695 2.41535 -0.007025228 -0.8778259 2.389846 0.2492728 -0.866895 2.486238 0.01778191 -0.9464896 2.394931 0.2923739 -0.9258972 2.482115
0.1129315 0.6237143 2.214698 0.09300119 0.4310189 2.229338 -0.01161582 0.3093513 2.128014 0.2599411 0.3375025 2.295242 0.06743094 0.1518555 2.030098 0.3677173 0.1566495 2.156528 0.2531986 0.1724599 1.989264 0.2734412 0.1737368 1.980491 0.3315933 0.218445 1.99758 0.2521042 0.2089455 1.927053 0.109234 0.1072848 2.238381 0.1218441 0.04436601 2.228282 0.07143381 -0.02240292 2.195554 0.1824153 -0.02661657 2.256184 0.00974661 -0.5193097 2.302813 0.2049454 -0.5073022 2.41532 -0.006960226 -0.8781826 2.390056 0.2475869 -0.8664899 2.483706 0.01721757 -0.9471627 2.393664 0.2916917 -0.9248788 2.482543
0.1132119 0.6233808 2.214344 0.09341919 0.4307948 2.2293 -0.01159203 0.3093247 2.127981 0.2575747 0.3423719 2.296191 0.06720857 0.1520872 2.029997 0.3564458 0.1668865 2.151408 0.2528088 0.1798841 1.994943 0.2276084 0.2360004 1.945898 0.2441099 0.2269956 1.971052 0.2059234 0.2693868 1.891441 0.1088691 0.1051766 2.237725 0.1211738 0.04124159 2.227349 0.07056372 -0.02370957 2.195635 0.1815678 -0.02906168 2.25393 0.009500616 -0.5092205 2.297343 0.2050353 -0.5051738 2.414419 -0.004645948 -0.8815911 2.391653 0.246715 -0.8594441 2.48238 0.01819958 -0.9511045 2.392949 0.2903065 -0.9198782 2.480728
0.1131838 0.62353 2.213855 0.0936821 0.4308392 2.229217 -0.01157548 0.3093119 2.127944 0.2574469 0.3499463 2.297552 0.06419913 0.1499234 2.031423 0.3510737 0.1715819 2.153493 0.2424231 0.212533 2.014477 0.2433433 0.2195068 1.992668 0.2487867 0.236169 1.988809 0.2216585 0.2528929 1.938211 0.1090064 0.1045167 2.237621 0.1213491 0.04030118 2.227239 0.07051498 -0.02469369 2.196497 0.1817899 -0.0295614 2.252916 0.007946109 -0.514973 2.299352 0.2051834 -0.5052135 2.41448 -0.004292663 -0.8815424 2.391787 0.2459567 -0.8571841 2.480103 0.03790543 -0.9245581 2.330292 0.2854215 -0.9207739 2.483805
0.1134347 0.6237217 2.213664 0.09379813 0.4308191 2.229049 -0.01166488 0.3094884 2.127987 0.2596422 0.3499532 2.292944 0.06277483 0.1510241 2.031058 0.3483175 0.1749885 2.155988 0.232702 0.2320023 2.034137 0.2314244 0.235646 2.000493 0.2848949 0.2739288 2.063101 0.2097397 0.269032 1.946037 0.1089941 0.1036073 2.237367 0.1210505 0.03909294 2.226757 0.06940408 -0.02578116 2.197018 0.1819963 -0.03113632 2.250898 0.008013918 -0.5149972 2.299344 0.2051628 -0.5049219 2.414245 -0.003827635 -0.8795747 2.390573 0.2477389 -0.8623655 2.477913 0.03727385 -0.9226789 2.328403 0.2884947 -0.922842 2.483998
0.1135908 0.6231671 2.213327 0.09399641 0.4308246 2.228581 -0.01210843 0.3097049 2.127903 0.2696425 0.344593 2.271589 0.06106517 0.1507295 2.030804 0.347926 0.1784043 2.164325 0.2291333 0.2349658 2.036437 0.2183924 0.2518786 2.00247 0.2812649 0.2752721 2.064203 0.1967078 0.2852644 1.948013 0.1095628 0.1030186 2.237329 0.1205503 0.0383059 2.22609 0.06674477 -0.02784849 2.195747 0.1823726 -0.03301559 2.250102 0.008266175 -0.5157498 2.29962 0.2060869 -0.5093736 2.416378 -0.002076299 -0.8773705 2.390179 0.2467664 -0.8646236 2.478359 0.03391246 -0.9208559 2.325171 0.2864674 -0.925881 2.483529
0.113675 0.6232696 2.212724 0.0943933 0.4311135 2.228223 -0.01208798 0.3097338 2.127866 0.2722447 0.3430572 2.26225 0.05915027 0.1498106 2.03093 0.347679 0.1817072 2.172393 0.2242203 0.2638845 2.044427 0.2143486 0.2613784 2.011155 0.2795542 0.3015154 2.070417 0.1926642 0.2947641 1.956699 0.1100593 0.0951387 2.236403 0.1205394 0.02683202 2.224612 0.06308791 -0.04216735 2.195697 0.185245 -0.04307932 2.247869 0.007869441 -0.5172651 2.299895 0.2060494 -0.5093944 2.416351 -0.002251348 -0.8790108 2.390414 0.2465055 -0.865436 2.479482 0.03160427 -0.9226342 2.324362 0.2869929 -0.9261745 2.484664
0.1138222 0.6233397 2.212929 0.09461224 0.431261 2.227963 -0.01210525 0.3098265 2.127815 0.2534729 0.347319 2.248015 0.05799389 0.1491698 2.031405 0.3467847 0.1826711 2.177469 0.2227025 0.2647166 2.04451 0.2124233 0.2636168 2.01505 0.277662 0.302895 2.070553 0.1907389 0.2970023 1.960594 0.110505 0.08668038 2.235708 0.1208424 0.01654331 2.223595 0.06389761 -0.04785965 2.196614 0.1848663 -0.04687164 2.246096 0.008746386 -0.5109313 2.296041 0.2062349 -0.5092542 2.416403 -0.002202296 -0.8791664 2.39041 0.2464257 -0.8656232 2.479311 0.03035183 -0.9228688 2.32376 0.2858207 -0.9271111 2.484044
0.1144726 0.6237356 2.212578 0.09498803 0.4319102 2.22664 -0.01201975 0.3100381 2.127542 0.2536381 0.3100109 2.188464 0.05612945 0.1485492 2.031127 0.3637062 0.1581982 2.185661 0.199323 0.2766127 2.038709 0.210739 0.2647524 2.018695 0.2536347 0.3160534 2.064726 0.1890547 0.2981377 1.964239 0.1127461 0.08150331 2.235763 0.1201346 0.01016689 2.222773 0.0626877 -0.05284537 2.196978 0.1845451 -0.0535474 2.244324 0.008796514 -0.5109076 2.296139 0.2061064 -0.5092127 2.416063 -0.002605176 -0.8795802 2.390306 0.2463209 -0.8665361 2.478998 0.01542064 -0.9240072 2.3188 0.2986476 -0.9271547 2.485798
0.1140225 0.6239121 2.212335 0.09497353 0.4319258 2.226463 -0.01174962 0.3101078 2.12732 0.2509743 0.3033275 2.176614 0.05572909 0.1480515 2.03157 0.3659706 0.1593046 2.192285 0.1974186 0.2780241 2.038379 0.2111657 0.2657286 2.021528 0.2518778 0.3174438 2.064438 0.1894816 0.2991138 1.967073 0.1123527 0.07773624 2.23548 0.1190667 0.00608304 2.22215 0.0616903 -0.05593724 2.196603 0.1833682 -0.05718423 2.243439 0.009281453 -0.5136776 2.297358 0.2060495 -0.508797 2.415627 -0.003706747 -0.8799288 2.390685 0.2462073 -0.8668166 2.479882 0.01128409 -0.9244565 2.318544 0.2980486 -0.9267122 2.486074
0.1141132 0.6244237 2.212306 0.09514762 0.4322361 2.226301 -0.01120648 0.310614 2.127149 0.2499575 0.3041775 2.179171 0.05566426 0.1481692 2.031723 0.3655114 0.1597333 2.191708 0.2144522 0.2634646 2.050862 0.2108184 0.2658901 2.021583 0.2692097 0.3028886 2.077067 0.1891343 0.2992751 1.967127 0.1118379 0.07641225 2.235335 0.1186508 0.004586572 2.221787 0.06136452 -0.05723552 2.196117 0.1827001 -0.05829817 2.243127 0.009330549 -0.5141265 2.298035 0.2062664 -0.5085047 2.415608 -0.003711295 -0.8797621 2.390648 0.2455218 -0.8666647 2.480076 0.01215292 -0.9242622 2.318678 0.2929197 -0.9237348 2.484694
0.1140371 0.6244113 2.21215 0.09528209 0.4323293 2.226188 -0.0109651 0.3107923 2.126963 0.2500354 0.3025714 2.176655 0.05529319 0.1479019 2.032 0.3660298 0.1593776 2.1924 0.200219 0.2647662 2.050941 0.2107127 0.2659989 2.02154 0.2032727 0.2626101 2.06565 0.1890287 0.2993837 1.967085 0.1115336 0.07527261 2.235276 0.1181323 0.003383814 2.221469 0.06081298 -0.05793721 2.195944 0.1819292 -0.06006394 2.242455 0.009188746 -0.5143026 2.298174 0.2062729 -0.5084124 2.415391 -0.004671928 -0.8790036 2.388514 0.2478016 -0.8686255 2.480451 0.01055141 -0.9235231 2.316419 0.2939104 -0.9252641 2.485014
0.1137903 0.6245714 2.211951 0.09535469 0.4324464 2.226102 -0.01221405 0.3111056 2.127194 0.2500973 0.3040263 2.178741 0.05479225 0.1483708 2.032592 0.3653394 0.1594944 2.19186 0.1928872 0.2767758 2.030999 0.2102518 0.266117 2.021478 0.2451772 0.3140188 2.056963 0.188568 0.2995017 1.967023 0.1114428 0.07510944 2.23541 0.1181663 0.00327827 2.221464 0.06065531 -0.05847415 2.196082 0.1821922 -0.06028653 2.242292 0.009485906 -0.5147344 2.299431 0.2063007 -0.5083531 2.415351 -0.004045505 -0.8802806 2.389213 0.2477247 -0.8676422 2.480186 0.01162316 -0.9247881 2.317207 0.2931742 -0.924765 2.485283
0.1136254 0.625084 2.211707 0.09542523 0.4325281 2.226022 -0.01307845 0.3115034 2.127556 0.263432 0.3348253 2.220589 0.05354518 0.1486691 2.032554 0.3535862 0.1691606 2.183762 0.1925811 0.2761229 2.030156 0.2099305 0.2658822 2.020676 0.2452749 0.3137683 2.056168 0.1882468 0.2992667 1.966221 0.1094991 0.0754187 2.234971 0.1182858 0.004101985 2.221382 0.06052313 -0.05840338 2.195981 0.1826743 -0.06003775 2.242253 0.009431985 -0.5146778 2.299369 0.2064355 -0.5081059 2.415233 -0.003809283 -0.8801997 2.38913 0.2467623 -0.8660284 2.478489 0.0215098 -0.9243299 2.319686 0.2720814 -0.9101587 2.409045
0.1133365 0.6248637 2.211387 0.09547509 0.4324965 2.22602 -0.01331965 0.3114982 2.127475 0.2700663 0.3450414 2.262244 0.05356614 0.148909 2.03242 0.3465244 0.1811916 2.181583 0.2551166 0.2562274 2.059889 0.208748 0.2642725 2.017433 0.3098671 0.2957582 2.08606 0.1870644 0.2976568 1.962979 0.1080914 0.0765728 2.234633 0.1189528 0.006316771 2.221828 0.06053583 -0.05817598 2.195897 0.1841878 -0.05902042 2.243185 0.009797768 -0.5133772 2.298182 0.2063127 -0.5079896 2.415168 -0.002881552 -0.8816646 2.391876 0.2469892 -0.8665026 2.478974 0.03114631 -0.9253236 2.325943 0.2923822 -0.9238366 2.481588
0.1134063 0.6252133 2.211004 0.09551345 0.4324788 2.226099 -0.01339659 0.3115106 2.127486 0.2701409 0.345032 2.262366 0.05380529 0.1492177 2.032047 0.3455269 0.182016 2.177869 0.2240079 0.2388279 2.042023 0.2161645 0.2571143 2.011755 0.2851071 0.2847976 2.079421 0.1944808 0.2904987 1.957301 0.1084718 0.08444622 2.235049 0.1194944 0.01803231 2.222054 0.06151417 -0.04598403 2.196369 0.1847038 -0.05298802 2.242551 0.009270564 -0.5140518 2.297882 0.2062969 -0.5078216 2.415062 -0.003617519 -0.8801627 2.393062 0.2475276 -0.866883 2.479186 0.03041606 -0.9238005 2.32712 0.2876349 -0.92771 2.485959
0.1130474 0.6248569 2.210345 0.09563313 0.4324134 2.226047 -0.0134224 0.3114895 2.127471 0.2687459 0.3463078 2.265889 0.05419813 0.1495303 2.031664 0.3444987 0.1816178 2.167612 0.2243887 0.2349202 2.038835 0.2234521 0.2453767 1.998271 0.2845363 0.2626621 2.051584 0.2017687 0.2787608 1.943817 0.1084808 0.08780614 2.235012 0.1196389 0.02188113 2.222096 0.06227266 -0.04196737 2.196581 0.1842993 -0.04860723 2.242355 0.009471718 -0.5139773 2.298018 0.2062002 -0.5077728 2.414891 -0.002061305 -0.8816192 2.392757 0.2468611 -0.866174 2.478764 0.03281743 -0.9251983 2.32722 0.2901155 -0.9246984 2.486393
0.1130403 0.6248599 2.210368 0.09550308 0.4322826 2.226067 -0.01324364 0.311331 2.127397 0.2653685 0.3518266 2.278734 0.05659275 0.1506775 2.030763 0.3508434 0.1764162 2.170343 0.2313765 0.2222765 2.021354 0.2527409 0.2176518 1.999372 0.2790145 0.2563759 1.987923 0.2310577 0.2510356 1.944919 0.1083659 0.08958714 2.235157 0.1203741 0.02395911 2.222664 0.06437762 -0.0393415 2.197213 0.1846276 -0.04592639 2.243124 0.009380966 -0.5156018 2.298471 0.2062348 -0.5077609 2.414879 -0.001469896 -0.8783259 2.392306 0.2492317 -0.8697343 2.480321 0.03627107 -0.9217102 2.328244 0.2950231 -0.9266061 2.485105
0.1132342 0.6250998 2.210608 0.09548085 0.4322595 2.226079 -0.01298384 0.3111302 2.127439 0.260946 0.3520589 2.286718 0.05791394 0.151253 2.030108 0.3508809 0.1755547 2.162446 0.2382694 0.2060832 2.004451 0.2500737 0.2186242 1.987966 0.2795723 0.2442961 1.967255 0.2283906 0.2520078 1.933513 0.1083759 0.09018415 2.235261 0.1208966 0.02452392 2.223117 0.06623539 -0.03828308 2.197864 0.1846749 -0.04466887 2.24386 0.008191643 -0.5175201 2.299141 0.2063246 -0.5077396 2.414904 -0.002201575 -0.8806462 2.392149 0.248892 -0.8695545 2.479856 0.03755007 -0.9238858 2.329216 0.2883555 -0.9306466 2.487879
0.1124865 0.6245618 2.211532 0.09516303 0.4321472 2.22618 -0.01288183 0.3108841 2.127384 0.2602198 0.3507756 2.288375 0.05837515 0.1512332 2.029906 0.3541734 0.1734187 2.155807 0.2402235 0.1975554 1.994917 0.2711707 0.1798 1.973027 0.2778688 0.2307135 1.988747 0.2494877 0.2131833 1.918575 0.1083236 0.09070794 2.235373 0.1209753 0.02502211 2.223334 0.06678562 -0.03751767 2.198182 0.1844386 -0.04388146 2.244046 0.007986138 -0.5179093 2.298895 0.2060114 -0.5088632 2.41497 -0.001977428 -0.8808153 2.391982 0.2488723 -0.8698646 2.480168 0.03819899 -0.9240184 2.329296 0.2916175 -0.9290328 2.485251
0.1124496 0.6246258 2.211875 0.09510989 0.4321185 2.226198 -0.01271721 0.3107024 2.127415 0.2600926 0.3487601 2.289725 0.06058072 0.1517207 2.029395 0.3609175 0.1673027 2.155073 0.2436721 0.1903474 1.990222 0.1956506 0.175882 2.015762 0.3256363 0.2304138 1.992371 0.2711942 0.1978169 1.954264 0.1084464 0.09152278 2.235605 0.1211806 0.02587231 2.223745 0.06735773 -0.03680655 2.198239 0.1842769 -0.04295465 2.244916 0.007851793 -0.517912 2.299267 0.2060467 -0.5088103 2.414885 -0.002386249 -0.8818576 2.391579 0.2490614 -0.8701214 2.480452 0.03809428 -0.9250418 2.329076 0.2871868 -0.9322516 2.486791
0.112349 0.6246462 2.211938 0.09507868 0.432136 2.226222 -0.01246616 0.3104868 2.127436 0.2603968 0.344087 2.290067 0.06122262 0.1516633 2.029361 0.3680856 0.1619785 2.159759 0.2461591 0.1809282 1.991042 0.2386201 0.163893 1.987699 0.3282684 0.2207292 1.99249 0.2747931 0.1850735 1.934507 0.1090858 0.09645808 2.236417 0.121969 0.03200702 2.225012 0.06931842 -0.03176964 2.197917 0.1840581 -0.0374141 2.247728 0.00778136 -0.5180493 2.299381 0.2061086 -0.5088612 2.414873 -0.002963288 -0.8802764 2.391667 0.2483165 -0.8719822 2.482904 0.03763407 -0.9234586 2.329237 0.2892566 -0.9325403 2.486157
0.1122273 0.6248598 2.212103 0.09497328 0.4321425 2.226243 -0.01225004 0.3102994 2.127528 0.2607065 0.3418411 2.290567 0.06184398 0.1518043 2.02918 0.3834717 0.1566786 2.164677 0.2473318 0.1746245 1.988371 0.3143159 0.1841851 1.977846 0.3290381 0.2151754 1.991201 0.2789657 0.1781895 1.928301 0.109318 0.09939683 2.236941 0.1221766 0.03539669 2.225957 0.07018803 -0.02903443 2.197678 0.1838161 -0.03467369 2.249998 0.008002521 -0.5177826 2.299731 0.206114 -0.5088561 2.41492 -0.003534515 -0.8803626 2.39151 0.2474818 -0.8712049 2.482742 0.0371564 -0.9235493 2.329144 0.2887129 -0.9315077 2.486933
0.1123413 0.6248983 2.2128 0.09488703 0.4321826 2.226228 -0.0121379 0.3102015 2.127592 0.2622554 0.336281 2.28965 0.06289047 0.1519884 2.028711 0.3882161 0.1536304 2.167378 0.2487565 0.1710089 1.98757 0.2352361 0.1594742 1.961775 0.3308931 0.2107327 1.989571 0.2819184 0.1737675 1.921574 0.1090451 0.1016804 2.236829 0.1216235 0.03792726 2.226041 0.06977235 -0.02707833 2.197377 0.1831993 -0.03262256 2.250403 0.007618007 -0.5154572 2.29933 0.2061512 -0.509619 2.415182 -0.003877566 -0.8810722 2.392838 0.2460297 -0.865885 2.477371 0.0365501 -0.9242841 2.330317 0.2850403 -0.9271246 2.486422
0.1121528 0.6241135 2.21368 0.09469537 0.4320967 2.226219 -0.01205103 0.3100996 2.127663 0.2629461 0.3348657 2.289557 0.06332862 0.1519055 2.028752 0.3920422 0.1505156 2.168686 0.2494096 0.1678478 1.987121 0.2941927 0.1453777 1.919429 0.3323531 0.2058782 1.988671 0.2859154 0.1677308 1.917271 0.1091698 0.1023187 2.236727 0.1216444 0.03860291 2.226157 0.06988385 -0.02665146 2.197223 0.1832183 -0.03219508 2.250775 0.006984411 -0.5158176 2.29969 0.2059026 -0.5080341 2.415044 -0.004688182 -0.8785074 2.391163 0.2466331 -0.8657116 2.479348 0.03566141 -0.9217235 2.328597 0.2869827 -0.9089278 2.416781
0.1121793 0.625897 2.214463 0.09454964 0.432253 2.226275 -0.0119355 0.3100998 2.127758 0.2630171 0.3344058 2.289457 0.0641202 0.151925 2.02896 0.393671 0.1497778 2.167472 0.2506409 0.1663523 1.989485 0.3151029 0.1482941 1.94561 0.3339057 0.2037058 1.989253 0.2869976 0.1633354 1.91396 0.1091697 0.1030422 2.236719 0.1215269 0.03922573 2.226341 0.06983757 -0.02598095 2.19698 0.1830314 -0.03181845 2.251405 0.007075969 -0.5113685 2.297742 0.2057656 -0.5077235 2.415123 -0.006001547 -0.8783919 2.391439 0.2475886 -0.8682498 2.479725 0.03432273 -0.9216121 2.328859 0.2879129 -0.91147 2.417145
0.1130351 0.626704 2.215783 0.09447501 0.4323201 2.226309 -0.0116888 0.3101412 2.127862 0.2633964 0.3333566 2.289554 0.06475236 0.1523373 2.029044 0.3955076 0.1475736 2.16719 0.2918281 0.1758115 1.995225 0.296928 0.142983 1.918226 0.3403367 0.2226451 1.993372 0.2876387 0.1605794 1.91267 0.1091994 0.103751 2.236608 0.1214415 0.03992403 2.226401 0.06982709 -0.02514762 2.196479 0.1829079 -0.03151948 2.251831 0.007056641 -0.5114282 2.297739 0.2057173 -0.5074632 2.41499 -0.006966811 -0.8783015 2.389444 0.2469758 -0.8683865 2.479874 0.03335697 -0.9215216 2.326862 0.2872996 -0.9116066 2.417293
0.1129884 0.626626 2.215693 0.09441281 0.4323252 2.226351 -0.01156664 0.3101165 2.128019 0.2634858 0.3326343 2.289513 0.06502376 0.152519 2.029195 0.3961542 0.1462957 2.167607 0.25313 0.1566859 1.999047 0.2966548 0.1424521 1.919523 0.3363141 0.1930047 1.98958 0.2879466 0.1599976 1.912842 0.1094008 0.1040387 2.236607 0.1215612 0.04019419 2.226592 0.0700097 -0.0249976 2.196567 0.1830115 -0.03117138 2.252197 0.007315377 -0.5136837 2.298822 0.205887 -0.5073448 2.41496 -0.005821487 -0.8773821 2.389271 0.2428332 -0.8609859 2.483099 0.03447795 -0.9206041 2.326677 0.2806116 -0.9252926 2.484877
0.1128696 0.6259785 2.215183 0.09422648 0.4322683 2.2265 -0.01151098 0.3100455 2.128144 0.2634372 0.3322692 2.289443 0.0655067 0.1525383 2.029387 0.3961055 0.1456839 2.168075 0.2533621 0.1554592 1.996431 0.2360937 0.1549008 1.966941 0.3371924 0.1903418 1.987259 0.2877425 0.1601338 1.913077 0.1094982 0.1044613 2.236683 0.1215836 0.04066205 2.226854 0.07010782 -0.02482151 2.196506 0.1829909 -0.03070818 2.252999 0.007777839 -0.5103249 2.298372 0.2061186 -0.5064254 2.414836 -0.007168672 -0.8747204 2.390068 0.2437315 -0.8619672 2.482023 0.03310977 -0.9179425 2.327461 0.2805971 -0.9252832 2.484868
0.1127967 0.6259785 2.215113 0.09426549 0.4321447 2.22655 -0.01149204 0.3099993 2.128168 0.2634186 0.3318971 2.289513 0.06582608 0.1526679 2.029482 0.395815 0.1455192 2.169239 0.2535965 0.1551438 1.995677 0.2360271 0.1549326 1.967164 0.3376533 0.1895326 1.986706 0.2870798 0.1607924 1.913852 0.1096307 0.104654 2.236583 0.1216174 0.04088979 2.226912 0.07014206 -0.02469752 2.196472 0.1829967 -0.03049408 2.253136 0.007883386 -0.5147824 2.299877 0.206026 -0.5063659 2.414851 -0.007415321 -0.8770337 2.390542 0.245546 -0.8644265 2.482571 0.0328799 -0.9202537 2.327946 0.2825667 -0.9274832 2.485219
0.1128307 0.6260297 2.215112 0.09420527 0.4321306 2.226646 -0.01146116 0.3099693 2.12819 0.2633686 0.3318472 2.289671 0.06612219 0.1525134 2.029573 0.3957567 0.1456035 2.169291 0.2538436 0.1555224 1.995398 0.2357473 0.1554862 1.968173 0.3377739 0.190284 1.986673 0.2853611 0.1639085 1.917321 0.1098886 0.1052607 2.236692 0.1218465 0.04159274 2.227203 0.07057654 -0.02394915 2.196681 0.1831592 -0.02981067 2.253487 0.01331041 -0.5107177 2.302597 0.2060419 -0.5059085 2.414511 -0.01027289 -0.878086 2.391796 0.2463188 -0.8649623 2.482923 0.01425576 -0.9469117 2.39566 0.286648 -0.9081784 2.420348
0.1130925 0.6260393 2.215117 0.09433255 0.4320701 2.226856 -0.0113941 0.3099108 2.128265 0.2635872 0.3321236 2.290343 0.06612528 0.152508 2.029605 0.3924918 0.1470528 2.166784 0.2538314 0.1565717 1.995473 0.2945541 0.1476727 1.971987 0.3368508 0.1943281 1.992137 0.2831624 0.167535 1.922327 0.1102431 0.1056213 2.236757 0.1221393 0.04198131 2.2274 0.07084893 -0.02374225 2.196672 0.1834398 -0.02951341 2.253821 0.01318142 -0.5096807 2.302143 0.2063844 -0.505246 2.414311 -0.00517111 -0.8763474 2.391067 0.2450786 -0.8575276 2.480049 0.03524837 -0.9195526 2.328543 0.283706 -0.9210207 2.482973
0.1131187 0.6260822 2.214916 0.094377 0.4320713 2.227066 -0.01127416 0.3099284 2.128391 0.2631837 0.3330675 2.291048 0.06611738 0.1525329 2.029703 0.3900725 0.1489453 2.165441 0.2536202 0.1600939 1.994738 0.2475223 0.1684718 2.009278 0.3347632 0.2013432 1.98815 0.2794371 0.1790698 1.932629 0.1103756 0.103733 2.236789 0.1221959 0.03898569 2.22748 0.07061793 -0.02536808 2.19691 0.1836292 -0.03231666 2.253466 0.01193787 -0.5120332 2.302045 0.2066082 -0.5039152 2.414049 -0.005366061 -0.8771911 2.390564 0.2451052 -0.8575318 2.480059 0.03520386 -0.9203862 2.328132 0.2907901 -0.9214299 2.483318
0.1133526 0.6261243 2.214776 0.09443324 0.4320633 2.2271 -0.01118152 0.3098543 2.128479 0.2625005 0.3350704 2.292001 0.06581979 0.1524996 2.030009 0.3729575 0.1519692 2.165876 0.2524779 0.1648166 1.990447 0.1815608 0.1731745 2.016376 0.3339561 0.205786 1.986995 0.2820966 0.1914169 1.956682 0.1106087 0.1049101 2.236757 0.122408 0.04073395 2.227599 0.07107028 -0.02404319 2.196517 0.1835559 -0.0307341 2.254103 0.009929879 -0.514917 2.302625 0.2067186 -0.5038334 2.414226 -0.005926052 -0.8786728 2.390799 0.2459026 -0.8589234 2.48103 0.03485943 -0.9218473 2.328494 0.2879649 -0.9244156 2.485845
0.1132981 0.6262146 2.214818 0.09450103 0.4321258 2.227257 -0.01116062 0.3098246 2.12856 0.2608702 0.340647 2.294847 0.0654238 0.1525038 2.030248 0.3719834 0.1529964 2.165759 0.2503631 0.1840621 1.994925 0.2734392 0.1802653 1.993714 0.3287919 0.2301084 1.987314 0.2405912 0.1893549 1.940764 0.1108549 0.1036391 2.236714 0.1227766 0.03877414 2.227669 0.07138946 -0.02547652 2.197339 0.1838052 -0.03188071 2.25343 0.009337693 -0.5141365 2.301916 0.2067896 -0.5033442 2.414124 -0.005290665 -0.8786706 2.390707 0.2468663 -0.8616377 2.479231 0.03610472 -0.9217932 2.32877 0.2883018 -0.9276439 2.487304
0.1132982 0.626215 2.214817 0.09476138 0.4321181 2.227225 -0.01109233 0.3098133 2.128572 0.2583477 0.345045 2.296025 0.06485365 0.1525256 2.030609 0.359097 0.1650304 2.157364 0.2496973 0.1859181 1.997272 0.2588028 0.2212159 1.985701 0.2445684 0.2312828 1.952965 0.2253714 0.2399444 1.932878 0.111084 0.1025246 2.236497 0.1229791 0.03728262 2.227565 0.07155523 -0.02618077 2.19769 0.1837623 -0.03264896 2.252953 0.009654159 -0.5190797 2.303631 0.2068896 -0.5037006 2.41413 -0.005317628 -0.8789401 2.390831 0.2465274 -0.8645948 2.478979 0.03651422 -0.9220287 2.329166 0.2889656 -0.9256767 2.484445
0.1134314 0.6263573 2.214855 0.09559065 0.4320824 2.227785 -0.01109496 0.3098134 2.128577 0.2590526 0.3521087 2.295292 0.06429575 0.1522971 2.030617 0.3590037 0.1668182 2.167159 0.2486792 0.1914536 2.00488 0.2158044 0.2515406 1.959953 0.2493725 0.2434338 1.971477 0.1680713 0.2797814 1.895282 0.1114917 0.1020458 2.236591 0.1232485 0.03675728 2.227586 0.07164223 -0.02680757 2.198425 0.1842229 -0.03310357 2.252093 0.009930083 -0.5175213 2.303567 0.2070347 -0.5040044 2.414513 -0.004864528 -0.8759496 2.388263 0.2462607 -0.8644291 2.478827 0.03665647 -0.9190591 2.326403 0.2839677 -0.9269592 2.483427
0.1139111 0.6267917 2.214656 0.09559196 0.4321544 2.227702 -0.01120531 0.3098833 2.128593 0.2645155 0.3506834 2.273327 0.06274708 0.1516541 2.030708 0.3511819 0.1745544 2.165376 0.2383062 0.2209834 2.025253 0.2078797 0.2512748 1.962233 0.264269 0.2926126 1.97501 0.1601123 0.2768483 1.898917 0.1122437 0.1017666 2.236721 0.1231495 0.03633333 2.227163 0.07101467 -0.02754009 2.198451 0.184661 -0.03376911 2.250511 0.008748337 -0.5155275 2.301704 0.2071263 -0.5040964 2.414704 -0.004846582 -0.8743195 2.387469 0.2465353 -0.8644366 2.479019 0.03188072 -0.9177828 2.322886 0.2832626 -0.9078999 2.414437
0.1140823 0.6271564 2.214482 0.0960976 0.4320262 2.227604 -0.01188945 0.3103042 2.128674 0.2703655 0.3470867 2.268846 0.06095417 0.1512829 2.031409 0.3492575 0.1759313 2.166085 0.224875 0.2421938 2.041714 0.2071499 0.2488512 1.968294 0.2795153 0.2724974 2.049547 0.1597807 0.2731578 1.906762 0.1123438 0.1013775 2.236483 0.1228229 0.03585888 2.226614 0.06840742 -0.0294385 2.197703 0.1852286 -0.03539496 2.249144 0.007579794 -0.5165675 2.30172 0.2070651 -0.5160028 2.418394 -0.004364864 -0.8739686 2.389409 0.2469999 -0.866504 2.479397 0.03083302 -0.9175357 2.324051 0.2821978 -0.9100711 2.414039
0.112387 0.626852 2.213524 0.09638467 0.4319212 2.227491 -0.01396171 0.3108467 2.129133 0.2770316 0.3360266 2.243303 0.05797392 0.1507147 2.033453 0.3507023 0.1689935 2.168834 0.2580143 0.2737586 2.072721 0.2066069 0.2465233 1.979458 0.3246944 0.3147733 2.090209 0.1585751 0.2723666 1.920731 0.11277 0.09451962 2.235843 0.121711 0.02651395 2.224988 0.06127381 -0.04415387 2.197509 0.1883502 -0.04632166 2.246059 0.007907658 -0.5153872 2.300702 0.2077055 -0.5138546 2.417561 -0.005559923 -0.8732342 2.390601 0.2475971 -0.868552 2.48139 0.02345313 -0.9171667 2.322508 0.2766102 -0.9124845 2.413297
0.1120466 0.6268591 2.213374 0.09647332 0.431991 2.227433 -0.01632422 0.3112331 2.12922 0.2550281 0.344419 2.239205 0.05506498 0.14984 2.034006 0.3466509 0.1795371 2.17906 0.1968194 0.2842928 2.036032 0.207849 0.246555 1.988839 0.1777189 0.3312271 1.979182 0.1615818 0.2688943 1.92983 0.111659 0.09026892 2.23508 0.1205225 0.02127472 2.223823 0.06074442 -0.04638255 2.197448 0.1874112 -0.04751422 2.244926 0.007754283 -0.5153979 2.300727 0.2073448 -0.5118705 2.417048 -0.006297281 -0.8753866 2.389429 0.2467191 -0.8653613 2.477983 0.02340063 -0.9192749 2.321604 0.2866735 -0.9265208 2.481943
0.1115344 0.6272794 2.213035 0.0965133 0.4324291 2.226959 -0.01610148 0.3113053 2.129095 0.2493047 0.3062211 2.182621 0.05339018 0.1491184 2.034165 0.3627311 0.1583865 2.187782 0.1904647 0.2905507 2.036635 0.2075521 0.2466393 1.993047 0.1713643 0.337485 1.979785 0.1558257 0.2760569 1.932534 0.1119394 0.08202098 2.234997 0.1178471 0.01017307 2.222783 0.05888956 -0.05142692 2.198457 0.1843224 -0.05478227 2.242362 0.00782191 -0.5154245 2.30066 0.208674 -0.5070328 2.41599 -0.006207166 -0.8766029 2.389959 0.2458755 -0.8652338 2.478554 0.009813614 -0.9210996 2.318045 0.2826888 -0.9283615 2.482028
