0.09902782 0.6278865 2.22039 0.09384882 0.4462913 2.21935 -0.006645718 0.309765 2.118395 0.2664253 0.2787434 2.159827 0.06804271 0.1503139 2.023478 0.3659947 0.1446528 2.222661 0.2330748 0.229512 2.057816 0.2683458 0.2620333 2.065719 0.2418045 0.2809396 2.015034 0.2282718 0.3268605 2.011752 0.1107892 0.08687277 2.22765 0.1170607 0.01516846 2.212211 0.05866007 -0.04261337 2.192876 0.1813602 -0.05311088 2.225761 0.02226405 -0.5158061 2.289984 0.2111583 -0.5182716 2.419635 -0.006659839 -0.8781677 2.387099 0.2490403 -0.868809 2.481481 0.005991932 -0.9227668 2.314418 0.2880525 -0.9308233 2.480194
0.09959839 0.6282927 2.220541 0.09389313 0.4461057 2.21945 -0.006255761 0.3099455 2.118506 0.2579205 0.3161681 2.217979 0.06826819 0.150346 2.023759 0.3561738 0.155451 2.208899 0.2603965 0.2452027 2.054547 0.2521603 0.2782874 2.018845 0.2653489 0.2888179 2.003317 0.243848 0.3054994 1.995687 0.108013 0.08683532 2.227497 0.1180781 0.01557718 2.212904 0.06150685 -0.04192955 2.192535 0.1821751 -0.05225251 2.228271 0.02004241 -0.5188118 2.291533 0.2104413 -0.5150057 2.418491 -0.007333763 -0.8792318 2.387836 0.2484231 -0.8690565 2.481465 0.02096838 -0.9232283 2.319316 0.2867309 -0.9315212 2.481165
0.09966218 0.6282715 2.220646 0.09384169 0.4456787 2.220198 -0.005821181 0.3099874 2.118559 0.2558315 0.3331591 2.270812 0.06975665 0.1509082 2.023759 0.3564773 0.1540528 2.261007 0.2455331 0.2127289 2.042922 0.3041179 0.2158292 2.073134 0.2927575 0.2841593 2.011325 0.2527044 0.2866282 1.982786 0.1081359 0.09779784 2.229258 0.1221322 0.03290965 2.216662 0.07029568 -0.02959874 2.189876 0.1823812 -0.0315649 2.239201 0.01962583 -0.5177462 2.291395 0.2100014 -0.5144591 2.418513 -0.006018198 -0.8797219 2.387434 0.2465567 -0.8684046 2.482201 0.03405781 -0.922963 2.324538 0.2911689 -0.9262354 2.476302
0.1005557 0.6287102 2.220686 0.09375098 0.445599 2.220552 -0.005513225 0.3098032 2.118806 0.2495791 0.3397802 2.28678 0.07054047 0.1512023 2.023432 0.3685136 0.1611279 2.205888 0.2480695 0.2122511 2.033091 0.2505712 0.1954474 2.043307 0.3095116 0.269577 1.997462 0.2620547 0.2758784 1.966307 0.1087912 0.1020621 2.230409 0.1235418 0.03703884 2.21843 0.07432511 -0.02525872 2.189198 0.1824647 -0.02811468 2.243424 0.01776321 -0.5195271 2.291451 0.2096605 -0.5133501 2.417997 -0.006314529 -0.8814511 2.388959 0.2460347 -0.8687914 2.481885 0.03740328 -0.9244001 2.328329 0.2875421 -0.929153 2.480125
0.1012588 0.6293966 2.220711 0.09333819 0.4455044 2.220665 -0.005529612 0.3097654 2.11894 0.25006 0.3384694 2.288169 0.07153924 0.1518961 2.023023 0.3511442 0.1465539 2.259967 0.2523652 0.2058439 2.022358 0.2537816 0.1939707 2.040546 0.3190609 0.2577784 1.98793 0.2757822 0.2543678 1.949069 0.1092864 0.1037382 2.230999 0.1240796 0.03865855 2.219396 0.07532103 -0.0243254 2.189561 0.1828756 -0.02698123 2.24502 0.0173115 -0.5197583 2.292097 0.2092894 -0.5132961 2.418297 -0.006344381 -0.8814826 2.388754 0.2461415 -0.8684891 2.482348 0.0375623 -0.9244174 2.328251 0.2872233 -0.9291232 2.480045
0.1026333 0.6302359 2.221692 0.09233503 0.4454313 2.220958 -0.005484433 0.3097516 2.11911 0.2510489 0.3378441 2.291331 0.07249846 0.1521453 2.023617 0.3488245 0.152561 2.194318 0.2554768 0.1998563 2.007673 0.3087405 0.1855211 1.999269 0.3261243 0.2301891 1.958482 0.3000818 0.2144976 1.955278 0.1092889 0.1048263 2.231291 0.1241391 0.03967162 2.220012 0.07574018 -0.02347777 2.189907 0.1829225 -0.02645365 2.245791 0.01618787 -0.5210701 2.292776 0.2086284 -0.5118974 2.417449 -0.006134591 -0.8825362 2.391366 0.2457028 -0.8679726 2.481624 0.03820969 -0.9254227 2.331148 0.2900471 -0.910859 2.421406
0.1028805 0.6296557 2.221786 0.09156482 0.4445072 2.221773 -0.005547347 0.3097239 2.119204 0.2530949 0.3360417 2.293664 0.07580395 0.1535832 2.024267 0.351511 0.1502058 2.195111 0.2604235 0.1941245 2.005015 0.3181878 0.1747775 1.99508 0.3416521 0.2252814 1.977408 0.3027403 0.2078942 1.948939 0.1092921 0.1051964 2.231585 0.1240869 0.04008976 2.220505 0.07578837 -0.02321155 2.190191 0.1829481 -0.02648426 2.246263 0.0161005 -0.5110588 2.288743 0.20834 -0.5113031 2.417213 -0.006410697 -0.8823762 2.390655 0.2450824 -0.8679988 2.481515 0.03811412 -0.9252274 2.330544 0.2846976 -0.9294739 2.486103
0.1033729 0.6302257 2.222448 0.09042986 0.4449003 2.222458 -0.005699659 0.3100148 2.119781 0.2551008 0.3336416 2.294894 0.07602085 0.1540702 2.024838 0.3509632 0.1457108 2.199321 0.262199 0.1861487 2.003097 0.320666 0.1706525 1.936991 0.3460298 0.216392 1.983383 0.3137866 0.1862083 1.938349 0.1092734 0.105759 2.231879 0.1240561 0.0405094 2.220838 0.07582299 -0.02288894 2.190503 0.1830372 -0.02643631 2.246422 0.01594535 -0.5107952 2.288774 0.2076917 -0.512858 2.417499 -0.004455897 -0.8762085 2.390301 0.2448647 -0.8680628 2.481769 0.03997962 -0.9190447 2.330115 0.286285 -0.9284231 2.485002
0.103918 0.6314772 2.223394 0.09020998 0.4449019 2.222891 -0.005678813 0.3102735 2.120358 0.256787 0.3316798 2.295843 0.0761278 0.1544738 2.025193 0.3496259 0.1391767 2.202436 0.2637233 0.1765009 2.00268 0.3245892 0.1638238 1.93967 0.3494107 0.2036943 1.9869 0.3218672 0.1754654 1.934477 0.109304 0.1061239 2.232077 0.1240098 0.04080937 2.221069 0.07578285 -0.02277427 2.190573 0.1830923 -0.02643457 2.246627 0.01385977 -0.5123863 2.289233 0.2057576 -0.5095481 2.41548 -0.00461909 -0.8772644 2.391117 0.2443807 -0.8680938 2.481201 0.03972594 -0.9201012 2.330866 0.2934545 -0.9251815 2.486129
0.1030954 0.6314943 2.223618 0.08979452 0.4447508 2.223039 -0.005753655 0.3101659 2.120744 0.2577656 0.3295501 2.296034 0.07716902 0.1539197 2.025734 0.3390422 0.1312733 2.210672 0.2652958 0.1704979 2.002673 0.3451805 0.1921534 1.986402 0.3515224 0.1968199 1.988423 0.3237875 0.1687273 1.93519 0.109283 0.1061707 2.232156 0.1239201 0.04082149 2.221232 0.07571875 -0.02280955 2.190662 0.1830768 -0.02674183 2.246994 0.01351553 -0.5137617 2.290619 0.2047583 -0.5120891 2.415766 -0.003222632 -0.8749748 2.389503 0.2443057 -0.8682847 2.481016 0.04100038 -0.9178176 2.329168 0.2924991 -0.9234617 2.482475
0.1032691 0.6314925 2.223575 0.08971031 0.4446819 2.223266 -0.005751929 0.3100366 2.121292 0.2581476 0.3282813 2.296362 0.07715894 0.1536531 2.026103 0.3386348 0.1291483 2.212039 0.2654678 0.168184 2.003305 0.3326576 0.1427741 1.943422 0.3521468 0.1935877 1.990172 0.3133288 0.1059768 1.890283 0.1091646 0.1062327 2.232357 0.1236827 0.0408214 2.221531 0.07551187 -0.02280691 2.190712 0.1827266 -0.0274641 2.247917 0.01351756 -0.5126398 2.289846 0.2047367 -0.5115495 2.415347 -0.003413543 -0.8745626 2.389528 0.2448511 -0.8685697 2.481296 0.0407446 -0.9174147 2.329152 0.2865928 -0.9287798 2.482585
0.103286 0.631294 2.223772 0.0895492 0.4443511 2.223755 -0.005941713 0.3099487 2.1216 0.259428 0.3261213 2.296947 0.07689881 0.1537044 2.026783 0.3368408 0.1256068 2.216127 0.2654676 0.1641506 2.003789 0.3437503 0.1867773 1.984018 0.3518726 0.1924488 1.995752 0.3269416 0.1540411 1.931985 0.1089382 0.1063626 2.232634 0.1233345 0.04095649 2.221856 0.07495455 -0.02283533 2.191031 0.1825741 -0.02758411 2.248115 0.01396402 -0.5159434 2.292465 0.204213 -0.5087519 2.414864 -0.003976649 -0.8748536 2.388968 0.2443458 -0.8679265 2.481111 0.01137506 -0.946425 2.385623 0.2884179 -0.9107848 2.420676
0.1033019 0.6322696 2.22532 0.08924399 0.4442717 2.224092 -0.005975875 0.3098725 2.122024 0.259812 0.325168 2.297324 0.07677843 0.1535371 2.026947 0.3333664 0.1235915 2.219903 0.2654584 0.1617998 2.004022 0.343328 0.1870916 1.984543 0.3515534 0.1911844 1.996567 0.3262335 0.1542303 1.932893 0.1087647 0.1064803 2.232918 0.1231183 0.04103998 2.222186 0.07477569 -0.02285702 2.191242 0.1824299 -0.02769549 2.248481 0.01317876 -0.5158236 2.292509 0.2044484 -0.506418 2.414251 -0.002944201 -0.878431 2.387478 0.2415075 -0.8633037 2.4781 0.04108687 -0.9212915 2.327014 0.2784207 -0.9263594 2.483648
0.1034799 0.6327198 2.226391 0.08845068 0.4441423 2.224396 -0.006289279 0.3097813 2.122507 0.2601367 0.3248272 2.297844 0.07685157 0.1532617 2.027116 0.3342644 0.1236042 2.219983 0.2656404 0.1599305 2.00514 0.3422127 0.1889647 1.985914 0.351851 0.1885296 1.99612 0.3235078 0.1554817 1.932676 0.1085134 0.1065607 2.233221 0.1228673 0.04109415 2.22255 0.07453785 -0.02287166 2.191501 0.1823459 -0.02801325 2.248993 0.01308334 -0.5151153 2.292694 0.203434 -0.5102308 2.41536 -0.002803445 -0.8788816 2.38738 0.2443705 -0.8682064 2.478601 0.04116844 -0.9217412 2.326872 0.2890138 -0.9258363 2.486032
0.1024603 0.6324732 2.227112 0.08803406 0.4438341 2.22497 -0.006943563 0.3096546 2.122971 0.2601407 0.3245955 2.297991 0.07674515 0.1532673 2.02721 0.3386329 0.1253152 2.21702 0.2655525 0.1594194 2.005271 0.3209954 0.1508728 1.957259 0.3514469 0.1890567 1.996594 0.3216186 0.1575288 1.93461 0.1081645 0.1067997 2.233629 0.1224461 0.04137643 2.222965 0.07409734 -0.02286162 2.191656 0.1821258 -0.02802548 2.249479 0.01310145 -0.5151078 2.292695 0.2035297 -0.5101367 2.415272 -0.002056282 -0.8738109 2.382465 0.2452589 -0.8640234 2.478618 0.04178841 -0.9166772 2.32187 0.2847829 -0.9249591 2.488315
0.102471 0.6324168 2.227127 0.08751226 0.443655 2.225097 -0.007667811 0.3094121 2.123518 0.2601875 0.3246449 2.298893 0.07669279 0.153245 2.027198 0.3405978 0.1264979 2.216651 0.2654716 0.1596612 2.004858 0.3119968 0.1525339 1.953709 0.35091 0.190558 1.996075 0.3152353 0.1639527 1.936408 0.107933 0.1070071 2.233883 0.1221983 0.04160834 2.223314 0.07373701 -0.02278023 2.192092 0.1821008 -0.02796347 2.249717 0.01310885 -0.5151278 2.292739 0.2034843 -0.5102299 2.415231 -0.001154153 -0.8733565 2.384124 0.2452838 -0.8649579 2.478586 0.04265989 -0.9162251 2.32351 0.2899866 -0.9247684 2.485788
0.1021469 0.6323245 2.227518 0.08677739 0.4435185 2.225101 -0.007806276 0.3092958 2.123677 0.2599188 0.3249192 2.299394 0.07649998 0.1534635 2.027357 0.3467333 0.1318872 2.214516 0.2704566 0.1829936 1.990484 0.3103873 0.1554011 1.960902 0.3323809 0.2096673 1.992829 0.3093211 0.1707958 1.944719 0.1076627 0.1070935 2.233925 0.1219578 0.04168814 2.22343 0.07351721 -0.02270966 2.19226 0.1819663 -0.02791337 2.249784 0.01093757 -0.520517 2.294883 0.2034294 -0.5100285 2.414999 -0.0006156103 -0.8791938 2.384412 0.2452922 -0.8648424 2.478572 0.04326797 -0.9220513 2.323842 0.29138 -0.9227518 2.483864
0.100418 0.6320412 2.227745 0.0865189 0.443578 2.225245 -0.00835292 0.3093193 2.124176 0.2577353 0.3262506 2.300176 0.07638009 0.1536306 2.027429 0.3435355 0.1393251 2.202426 0.2612252 0.1843573 1.988745 0.307174 0.1842828 2.000032 0.3476194 0.2134676 1.984259 0.3003914 0.1926688 1.96474 0.1073497 0.1072963 2.233962 0.1216562 0.04187698 2.223528 0.07328165 -0.02248752 2.192413 0.1814922 -0.02751291 2.249798 0.01205223 -0.5173731 2.29427 0.2033555 -0.5097395 2.414987 -0.0008267959 -0.8792233 2.384626 0.2444447 -0.8651036 2.478098 0.04327096 -0.9220607 2.324198 0.2913822 -0.9227522 2.483876
0.1001415 0.6315398 2.227927 0.08538384 0.4437971 2.226027 -0.008593752 0.3091835 2.124323 0.252347 0.3300797 2.300453 0.07625545 0.1537999 2.02735 0.3431282 0.1420184 2.20102 0.261064 0.184983 1.988962 0.3005902 0.1627387 1.957182 0.3408403 0.2293373 1.988712 0.2714524 0.2322085 1.942825 0.1069528 0.1074184 2.234085 0.1214754 0.04199596 2.223634 0.07330586 -0.02236545 2.192455 0.1808963 -0.02684599 2.249965 0.01283026 -0.514325 2.29311 0.2033302 -0.509703 2.414871 -0.0001780413 -0.8783836 2.384801 0.2432912 -0.8574192 2.472135 0.04447864 -0.9211453 2.324733 0.2886427 -0.9222582 2.48173
0.1001153 0.632018 2.22819 0.08514929 0.443837 2.226041 -0.008740099 0.309318 2.12459 0.2432875 0.3370751 2.299363 0.07455698 0.1551424 2.027611 0.3413877 0.1501002 2.188408 0.2615318 0.224588 1.990733 0.296501 0.1697721 1.947827 0.3187378 0.2602999 1.992663 0.2706839 0.2348077 1.935388 0.1066928 0.1074841 2.234036 0.1213838 0.04205674 2.223663 0.07353438 -0.02197286 2.192626 0.1798449 -0.02554008 2.249893 0.0126922 -0.5138944 2.292612 0.2033974 -0.5094855 2.415015 -0.0009120737 -0.8785842 2.385113 0.2417509 -0.861863 2.474949 0.04444185 -0.92128 2.325523 0.2892379 -0.9241453 2.483702
0.09954686 0.6316706 2.228344 0.08461373 0.4435653 2.226347 -0.009343888 0.309289 2.124848 0.2377873 0.3414086 2.296672 0.07377444 0.1549471 2.028023 0.3410891 0.1561158 2.187182 0.2595793 0.2309967 1.993087 0.2952139 0.1761662 1.946892 0.277651 0.2534378 1.994874 0.2705067 0.2391799 1.934058 0.1063052 0.1077362 2.234211 0.1210153 0.04240385 2.223789 0.07358889 -0.02168829 2.192576 0.1784981 -0.02401174 2.250399 0.01228528 -0.5147339 2.29361 0.2033393 -0.5094517 2.414953 -0.001744148 -0.8777764 2.385027 0.2419864 -0.8638859 2.475131 0.04360158 -0.9204658 2.325427 0.2884676 -0.9241056 2.483488
0.09969082 0.6311169 2.229072 0.08421065 0.4435798 2.226488 -0.01011418 0.309423 2.125123 0.2296739 0.3386139 2.287842 0.07312823 0.1552281 2.028126 0.3387662 0.1610464 2.184778 0.2425341 0.2384191 2.026832 0.3065425 0.1735705 1.985668 0.2911224 0.2783306 2.002382 0.2837684 0.2354245 1.973359 0.1054845 0.1067712 2.234185 0.1199145 0.04098687 2.223464 0.0734192 -0.02177227 2.19267 0.1766206 -0.02434602 2.249178 0.01069565 -0.5186088 2.294714 0.2032484 -0.5089655 2.414732 -0.003201619 -0.8788273 2.386426 0.2417084 -0.86423 2.475505 0.04143162 -0.9215842 2.326341 0.2883432 -0.9206592 2.478591
0.09960348 0.6312421 2.229147 0.08406503 0.4434789 2.22634 -0.0118248 0.3100499 2.125809 0.2111352 0.3782261 2.299628 0.07196828 0.1560732 2.028986 0.3315081 0.1692684 2.188262 0.2499928 0.2398939 2.042683 0.2458398 0.2696939 2.030221 0.2621899 0.2976126 2.009951 0.2229927 0.2968084 1.993004 0.1033939 0.1020732 2.233236 0.1182487 0.03449002 2.222845 0.07255928 -0.0243724 2.19472 0.1743674 -0.02751874 2.245867 0.01040926 -0.5128605 2.29162 0.2031639 -0.5088606 2.414685 -0.003620124 -0.8780679 2.386643 0.2414993 -0.8640385 2.476747 0.04452165 -0.9205155 2.329102 0.2885376 -0.9201102 2.480187
0.09838018 0.6287287 2.228018 0.08397681 0.4429815 2.226437 -0.01378889 0.3104151 2.126085 0.2369478 0.3441058 2.24822 0.07009518 0.1562053 2.029882 0.3313146 0.1673933 2.188316 0.225974 0.2814436 2.0236 0.2998246 0.1789808 1.98902 0.2271473 0.3439369 1.998208 0.2133911 0.3050831 1.995784 0.1048551 0.09919387 2.23458 0.1169635 0.03114384 2.222264 0.06850452 -0.02911942 2.196034 0.1744602 -0.03169637 2.243109 0.0112585 -0.5142044 2.292825 0.2031594 -0.5088658 2.41469 -0.003413286 -0.8783945 2.38892 0.2407262 -0.8581939 2.476928 0.03124458 -0.9219535 2.323104 0.2896263 -0.9193571 2.479935
0.09677506 0.6266894 2.228121 0.08399871 0.4423262 2.226259 -0.01590628 0.3105726 2.126274 0.2598861 0.2844123 2.168395 0.06627052 0.1546997 2.031744 0.3342802 0.1598148 2.263746 0.2150979 0.2902009 2.026636 0.2500585 0.2686649 2.077168 0.2162712 0.3526942 2.001244 0.203601 0.320336 2.011966 0.1053158 0.09467565 2.235203 0.1119218 0.025439 2.221084 0.05313138 -0.03808331 2.198498 0.1730202 -0.04350559 2.23766 0.01030954 -0.5164259 2.293543 0.2030588 -0.5088167 2.414791 -0.003780489 -0.8789804 2.388841 0.2438163 -0.8660174 2.478845 0.008856392 -0.9235855 2.316171 0.2927355 -0.925395 2.486073
0.09436142 0.6278819 2.227648 0.08309994 0.4427155 2.225219 -0.01811444 0.311093 2.126718 0.2533378 0.2891498 2.168074 0.06258313 0.1544022 2.032301 0.347416 0.1459501 2.222192 0.209676 0.2922619 2.027043 0.2471261 0.2790505 2.023008 0.2108492 0.3547549 2.001651 0.1889178 0.3353809 2.022999 0.1015901 0.09082155 2.234323 0.1076347 0.02040528 2.2201 0.04960033 -0.04021502 2.200027 0.1704719 -0.04738405 2.234751 0.009790084 -0.5177888 2.294087 0.2031841 -0.5084314 2.414724 -0.005984999 -0.8797079 2.388315 0.2439064 -0.8669629 2.478174 0.006544372 -0.9243366 2.315643 0.2833733 -0.9281424 2.486395
0.09302988 0.6279158 2.227421 0.08229009 0.4434602 2.225103 -0.02038219 0.311331 2.127286 0.2500058 0.2905288 2.167604 0.06091747 0.1549065 2.032978 0.3427302 0.1465975 2.221984 0.2067089 0.2926879 2.027588 0.2432412 0.2789796 2.023228 0.2078821 0.3551808 2.002196 0.1797435 0.338298 2.025574 0.1006242 0.08964862 2.234291 0.1066948 0.01891413 2.219789 0.04869346 -0.04090774 2.200722 0.1700466 -0.04866947 2.233227 0.009513264 -0.5161417 2.294282 0.2034818 -0.5111065 2.416571 -0.005915265 -0.8792505 2.388926 0.243842 -0.8671396 2.478016 0.006346741 -0.9238846 2.316212 0.2861278 -0.9265075 2.485459
0.09265575 0.6279244 2.226659 0.08215251 0.4435604 2.224959 -0.02201755 0.311309 2.127459 0.2457124 0.2917386 2.168811 0.05957572 0.1550229 2.033189 0.3402607 0.1482953 2.221923 0.2023417 0.2948373 2.027236 0.2413421 0.2792282 2.024144 0.203515 0.3573301 2.001844 0.1768624 0.3396651 2.027503 0.1001181 0.08762471 2.234461 0.10639 0.01635443 2.219897 0.04848066 -0.0427233 2.202217 0.1700291 -0.05012608 2.232362 0.008761965 -0.5199745 2.296114 0.2034939 -0.5109235 2.41661 -0.00620075 -0.8805165 2.389184 0.2433101 -0.8668366 2.477728 0.006452973 -0.9251495 2.316538 0.2837233 -0.9277775 2.487391
0.09164175 0.6276946 2.226682 0.08075098 0.4442729 2.224281 -0.02169598 0.3115492 2.127436 0.2407403 0.2970764 2.1773 0.05777981 0.1540662 2.033424 0.3378938 0.1497887 2.219408 0.2011352 0.2951526 2.027248 0.2394769 0.279943 2.024158 0.2023085 0.3576452 2.001856 0.174605 0.3411237 2.027895 0.0980076 0.07820848 2.233976 0.1052381 0.003275511 2.219508 0.04759508 -0.05516328 2.203102 0.1697163 -0.05617102 2.231665 0.00877353 -0.5213627 2.296802 0.2020335 -0.5153444 2.4179 -0.006164899 -0.8805382 2.389269 0.2432917 -0.8667784 2.477721 0.009137153 -0.9251163 2.317101 0.3020932 -0.9319372 2.48946
0.09161931 0.6281112 2.226439 0.08038238 0.4447617 2.224063 -0.02056864 0.3119096 2.127317 0.2401271 0.2994375 2.183363 0.05647737 0.1530126 2.033804 0.3353019 0.1486139 2.220319 0.1998458 0.2951779 2.027338 0.2370616 0.2795566 2.025802 0.201019 0.3576704 2.001947 0.1720794 0.3412119 2.029934 0.09748729 0.07847483 2.233877 0.1051261 0.004070333 2.219293 0.04792073 -0.05374828 2.202556 0.1693558 -0.05566773 2.231583 0.009764627 -0.5212197 2.297665 0.202188 -0.5145789 2.417626 -0.006556671 -0.8757946 2.389907 0.2439286 -0.8698114 2.479473 0.01060788 -0.9203106 2.31812 0.2610932 -0.9143273 2.407686
0.09152383 0.6279292 2.226073 0.08003126 0.4449131 2.22409 -0.0205013 0.3119243 2.127316 0.2396584 0.299806 2.184985 0.05552333 0.1523834 2.034169 0.3336098 0.1481142 2.221686 0.1997626 0.2950042 2.02748 0.2355669 0.2791978 2.027209 0.2009359 0.3574966 2.002089 0.1705662 0.3411499 2.031566 0.09758583 0.07666902 2.234286 0.1055711 0.002204787 2.219724 0.04853959 -0.05601599 2.203204 0.169893 -0.05744402 2.231903 0.008922207 -0.5212396 2.297123 0.2023455 -0.5134162 2.417444 -0.007686053 -0.8762174 2.388731 0.2441511 -0.8699979 2.4795 0.00996841 -0.9207239 2.317059 0.2618056 -0.9145043 2.407827
0.09143777 0.6281174 2.225538 0.08000217 0.4449407 2.224135 -0.02018672 0.3119074 2.127241 0.239388 0.3000574 2.18541 0.05458029 0.15184 2.03394 0.3329118 0.1481005 2.222102 0.1988007 0.294872 2.02738 0.2350444 0.2790541 2.027698 0.199974 0.3573642 2.001989 0.1700469 0.3411471 2.032148 0.0975159 0.07516533 2.234507 0.1055696 0.0006907567 2.219893 0.04843965 -0.0577203 2.202909 0.1699159 -0.0590148 2.232485 0.01036389 -0.5155389 2.295611 0.202323 -0.5131932 2.417562 -0.005864887 -0.873062 2.386838 0.2441461 -0.8699497 2.479597 0.01196391 -0.9175665 2.315208 0.2619749 -0.9144542 2.407967
0.09182633 0.6287879 2.224882 0.07999666 0.4449368 2.224128 -0.02083482 0.3117611 2.127319 0.239577 0.3000179 2.185914 0.05430709 0.151849 2.034072 0.3313251 0.146301 2.220908 0.1988038 0.2947097 2.027573 0.2330998 0.2786139 2.02635 0.199977 0.3572018 2.002182 0.1682364 0.3409431 2.030977 0.09742013 0.07439283 2.234645 0.1054865 -3.896945E-06 2.22004 0.04780928 -0.05888116 2.202625 0.1704347 -0.06153657 2.233484 0.00883516 -0.5192592 2.297104 0.2023868 -0.5127488 2.417715 -0.00515382 -0.8715416 2.386728 0.2457543 -0.872804 2.482251 0.0127377 -0.9160483 2.315117 0.2878811 -0.9324471 2.48822
0.09172782 0.6288361 2.224777 0.07958772 0.444579 2.224108 -0.02154225 0.3115848 2.127465 0.2397059 0.2997186 2.185636 0.05242891 0.1515322 2.033267 0.3318934 0.1462426 2.220568 0.1989064 0.2953322 2.042532 0.2335847 0.2785316 2.026014 0.2000796 0.3578241 2.01714 0.1687054 0.3409467 2.03069 0.09716751 0.07531784 2.23466 0.105139 0.002028379 2.22002 0.04756729 -0.05679424 2.201812 0.1702571 -0.06093099 2.233792 0.008808427 -0.5188052 2.29711 0.202336 -0.5141137 2.418539 -0.005195095 -0.8722356 2.386392 0.2457463 -0.8727696 2.482278 0.01252493 -0.9167446 2.314741 0.2634664 -0.9172786 2.410626
0.09119991 0.6286896 2.223431 0.0794744 0.4443239 2.2242 -0.0225462 0.3115861 2.127785 0.2468256 0.291425 2.176455 0.05216338 0.1518461 2.033665 0.3326597 0.1395292 2.223449 0.1993677 0.2953278 2.042626 0.2320679 0.2774774 2.024031 0.200541 0.3578194 2.017234 0.1780277 0.3303135 2.030919 0.09713024 0.0776936 2.234857 0.1041763 0.006000289 2.219998 0.04608833 -0.05476293 2.200647 0.170163 -0.0597016 2.234354 0.00852341 -0.5211948 2.298639 0.2022608 -0.5144233 2.418643 -0.004723449 -0.8740042 2.387073 0.2451911 -0.8726116 2.481864 0.009934429 -0.9186095 2.314793 0.2836477 -0.9345864 2.488762
0.09113836 0.6289573 2.222923 0.07953256 0.4430107 2.224221 -0.02293829 0.3114558 2.127971 0.2525705 0.2815238 2.167819 0.0524725 0.1520333 2.033886 0.3362194 0.1350843 2.227423 0.212273 0.2809438 2.039582 0.2347041 0.2750768 2.025712 0.2134462 0.343435 2.014191 0.1857104 0.3231337 2.023111 0.09762154 0.07857006 2.235278 0.1040702 0.007510793 2.220562 0.0454234 -0.05332229 2.201033 0.1703878 -0.05953771 2.234836 0.008584978 -0.5214082 2.298646 0.2022125 -0.5149852 2.418796 -0.00524929 -0.8773665 2.387284 0.2453047 -0.8726772 2.481804 0.006736207 -0.9220581 2.314568 0.2889321 -0.9313038 2.486982
0.09189504 0.6287001 2.220651 0.07920281 0.4422639 2.22464 -0.02300244 0.3114637 2.128031 0.2825732 0.284869 2.170359 0.05321145 0.152361 2.034098 0.3347697 0.1239637 2.228938 0.222517 0.2649559 2.039481 0.2356157 0.2709292 2.031327 0.2020862 0.3082941 1.991988 0.1952031 0.3148414 2.006149 0.09790675 0.08453898 2.23622 0.1045807 0.01623495 2.221736 0.04381122 -0.04794864 2.201813 0.1727743 -0.05767412 2.235436 0.00808625 -0.5219091 2.298755 0.2020397 -0.5134957 2.418163 -0.004858365 -0.8771231 2.387022 0.2453959 -0.8726001 2.481757 0.00656544 -0.9218339 2.314228 0.2905459 -0.9302244 2.484593
0.09192365 0.6289032 2.21997 0.07899818 0.4404676 2.224919 -0.02300196 0.3112817 2.128149 0.2935117 0.287551 2.166093 0.05584077 0.1531055 2.035062 0.3343275 0.1230811 2.224065 0.2252049 0.2346162 2.042416 0.2608575 0.2380156 2.039104 0.2816596 0.2617864 2.049265 0.2281015 0.2816129 1.999387 0.09870477 0.08982696 2.236744 0.1052923 0.02348135 2.222427 0.04311296 -0.04451504 2.201337 0.1757403 -0.05463765 2.237118 0.008050456 -0.5219106 2.298682 0.202147 -0.5125595 2.41855 -0.003812413 -0.884001 2.391144 0.247149 -0.8737497 2.485232 0.006106763 -0.928747 2.318151 0.2944086 -0.9296501 2.482257
0.09239125 0.6279624 2.218996 0.07900696 0.4385437 2.225439 -0.02304236 0.3109033 2.128338 0.3057447 0.2873318 2.158248 0.05747828 0.1536292 2.03513 0.3370622 0.1169717 2.208154 0.2292065 0.2320037 2.032723 0.2380769 0.2418595 2.007376 0.2374488 0.2682767 1.989693 0.205321 0.2854565 1.967658 0.1000748 0.09476571 2.237341 0.1064189 0.0298367 2.223104 0.04300502 -0.04255214 2.200771 0.1793296 -0.05066257 2.239228 0.008200539 -0.5212023 2.298525 0.2023061 -0.5115175 2.418621 -0.005828835 -0.877923 2.387517 0.2467477 -0.8729945 2.485307 0.001795085 -0.9227136 2.314275 0.2928212 -0.929806 2.481195
0.09303182 0.6282076 2.218348 0.07895656 0.4374143 2.225576 -0.02286336 0.3107685 2.128746 0.309755 0.2923937 2.136296 0.05958995 0.1545448 2.035437 0.3387502 0.1344003 2.21013 0.2368613 0.2200093 2.028414 0.2422878 0.2326261 2.003938 0.2597911 0.2557658 1.998204 0.2332489 0.2733693 1.950935 0.1037675 0.1125777 2.239311 0.1097822 0.05320245 2.226062 0.04777184 -0.02652907 2.197682 0.1838334 -0.02952262 2.249393 0.00831671 -0.5179551 2.296467 0.2024204 -0.5106131 2.418189 -0.004646065 -0.8756284 2.387753 0.2461256 -0.8713434 2.484529 -0.002566356 -0.9205754 2.31424 0.2934951 -0.9269444 2.478876
0.09363153 0.6272964 2.217943 0.07853001 0.4356162 2.226142 -0.0226106 0.3103579 2.128969 0.2247499 0.3491543 2.301005 0.06217892 0.1541509 2.035647 0.3351378 0.1587674 2.192666 0.2596268 0.2167099 1.986611 0.2839205 0.2188177 2.007661 0.2669244 0.2512032 1.99818 0.2775503 0.2652596 1.959146 0.09612142 0.1112142 2.236948 0.1112031 0.05123811 2.227225 0.06089184 -0.02288659 2.197728 0.1794664 -0.0261822 2.253652 0.00678264 -0.5229806 2.297961 0.2020752 -0.5106607 2.418056 -0.003700316 -0.8791782 2.391974 0.2457582 -0.8716667 2.484205 0.04153411 -0.9219645 2.332378 0.2906369 -0.9295318 2.486372
0.0935789 0.626139 2.217342 0.07810436 0.4346677 2.226458 -0.02249868 0.3098384 2.129138 0.2254032 0.3482402 2.301055 0.0650774 0.1550041 2.035486 0.3379314 0.1589828 2.184399 0.2456253 0.2000834 1.988843 0.2803556 0.1924037 1.994241 0.2771484 0.2429912 1.998295 0.2739855 0.2388452 1.945727 0.09674674 0.1103355 2.237158 0.1117721 0.04927327 2.227911 0.0623184 -0.02252993 2.198288 0.1780325 -0.02559408 2.25418 0.007390853 -0.5166761 2.295969 0.2020581 -0.5106183 2.418207 -0.003727245 -0.8791306 2.391089 0.2456485 -0.8713473 2.483724 0.04142522 -0.9219191 2.331433 0.2932728 -0.9270025 2.484936
0.0945977 0.6253836 2.216027 0.07792111 0.4339826 2.226796 -0.02247849 0.3095258 2.129519 0.2303541 0.3446872 2.302696 0.0696655 0.1553346 2.03432 0.3409488 0.1571668 2.182512 0.2502337 0.2004354 1.987818 0.2862551 0.1886582 1.991091 0.2955661 0.2321183 2.00254 0.279885 0.2350996 1.942577 0.0975551 0.110461 2.237516 0.112315 0.04922178 2.228519 0.06377593 -0.02177978 2.198306 0.1775597 -0.02452889 2.256176 0.006973483 -0.518557 2.297834 0.2022066 -0.5101126 2.418445 -0.003748222 -0.8792804 2.389786 0.2449389 -0.8674949 2.481822 0.04108587 -0.9220915 2.329908 0.2913703 -0.9240366 2.485576
0.09440257 0.6252003 2.215834 0.07798828 0.4333371 2.227206 -0.02236366 0.3092399 2.129594 0.2344998 0.3409108 2.302399 0.07024837 0.1556666 2.034125 0.3477179 0.1500901 2.196492 0.2718152 0.1930732 1.972316 0.2937841 0.1720064 2.003413 0.3098444 0.234646 2.009414 0.280269 0.1864225 1.960333 0.09800564 0.1104136 2.237583 0.1124385 0.0490561 2.22875 0.06399114 -0.02166621 2.198243 0.1770374 -0.02425552 2.256854 0.007092854 -0.5195421 2.298482 0.2023557 -0.5109915 2.41876 -0.003696074 -0.8767064 2.389148 0.2448841 -0.8677601 2.482036 0.04064926 -0.9195558 2.328935 0.2924362 -0.9234584 2.483857
0.09484118 0.6252807 2.214965 0.07790599 0.432986 2.227665 -0.02198013 0.308968 2.129792 0.2386801 0.3372761 2.301623 0.07199617 0.155306 2.033669 0.3579149 0.145868 2.201087 0.2717996 0.1917733 1.972016 0.2929032 0.1606682 1.999644 0.3166377 0.2265339 2.008512 0.2805153 0.1840121 1.958943 0.09844778 0.110271 2.237699 0.1126238 0.04872895 2.228992 0.06419042 -0.02159537 2.198164 0.1768612 -0.02434199 2.257211 0.007092474 -0.5196556 2.298559 0.202352 -0.5110325 2.418839 -0.00361383 -0.8772147 2.389345 0.245173 -0.8681514 2.482513 0.04016846 -0.9201055 2.328752 0.2930793 -0.9235722 2.482034
0.09495188 0.6253536 2.214369 0.07788809 0.4327945 2.22777 -0.02182843 0.3085879 2.129974 0.2402494 0.3359143 2.300918 0.07259317 0.1546367 2.033578 0.3594949 0.1443796 2.200946 0.2716957 0.1886964 1.972098 0.291047 0.1558938 1.994954 0.3175938 0.2234001 2.007306 0.281137 0.1800857 1.956564 0.09900281 0.1100011 2.237769 0.1130542 0.04817276 2.229264 0.06460309 -0.02171843 2.198127 0.1768948 -0.02445297 2.257472 0.007386753 -0.5210902 2.299272 0.2025941 -0.5103311 2.418417 -0.004279736 -0.8824009 2.392893 0.2436966 -0.868086 2.48187 0.03919564 -0.9253166 2.332098 0.3014363 -0.9277846 2.486558
0.09557864 0.6259919 2.214526 0.07797123 0.4327216 2.227818 -0.0216605 0.308474 2.130067 0.2427322 0.3344234 2.300023 0.07255873 0.1547237 2.033542 0.3583438 0.1437656 2.202734 0.2638054 0.2031161 2.005418 0.2971318 0.1713197 2.003439 0.3290151 0.2196165 2.000327 0.2813033 0.1784448 1.955316 0.09965145 0.1100047 2.237791 0.1134781 0.04803857 2.229422 0.065003 -0.02162917 2.198072 0.177089 -0.02439792 2.257688 0.007756 -0.5207792 2.299582 0.2024594 -0.5105479 2.418618 -0.006732216 -0.8756417 2.390348 0.2439689 -0.8686611 2.482125 0.03632207 -0.9185919 2.32928 0.2986229 -0.9270704 2.485663
0.09566851 0.6259167 2.214605 0.0782684 0.432434 2.227969 -0.02150902 0.3083221 2.130109 0.2443786 0.3336288 2.300109 0.0727037 0.1546898 2.033496 0.3601002 0.1425658 2.201976 0.271933 0.1849592 1.97018 0.2844439 0.1506687 1.98803 0.3189729 0.2170047 2.006385 0.2812536 0.1771279 1.955069 0.100071 0.1099075 2.237693 0.1137141 0.04784793 2.229443 0.06513962 -0.02162831 2.198059 0.1771111 -0.02439327 2.25767 0.007477409 -0.5174152 2.298349 0.2024254 -0.5105528 2.418629 -0.006372151 -0.8761044 2.390524 0.2440474 -0.8687584 2.482101 0.03653029 -0.9190654 2.329358 0.2989953 -0.9267474 2.485724
0.09605483 0.6261327 2.214477 0.07833151 0.4323806 2.22797 -0.02138022 0.3082024 2.130155 0.2450728 0.3332017 2.299658 0.0727443 0.1546875 2.033458 0.3573691 0.1424216 2.198046 0.2716454 0.1845409 1.969656 0.2851472 0.1502541 1.989324 0.318656 0.2166464 2.005846 0.2828521 0.1767027 1.956879 0.1004153 0.1099083 2.237639 0.1139044 0.04776305 2.229539 0.06536762 -0.02158651 2.198081 0.1771384 -0.02433292 2.257766 0.007579996 -0.5174167 2.298534 0.2023087 -0.5106648 2.418653 -0.006323962 -0.8755211 2.390186 0.2440126 -0.8710416 2.479427 0.03642926 -0.9184951 2.328925 0.2990214 -0.9284579 2.486526
0.09669665 0.6259311 2.214507 0.07839278 0.4323328 2.22807 -0.02106509 0.3081051 2.130141 0.2453159 0.3333518 2.299591 0.07278077 0.154761 2.03341 0.3558604 0.1446111 2.189909 0.2644446 0.2014928 2.005331 0.2967422 0.1591462 1.995013 0.3297951 0.2174267 2.000255 0.2827239 0.1773655 1.957426 0.1006669 0.109969 2.237546 0.1140248 0.04776721 2.229557 0.06571723 -0.02121411 2.19788 0.1771361 -0.02427275 2.25781 0.007798437 -0.5175247 2.298667 0.2022175 -0.5106162 2.418512 -0.005091235 -0.8726764 2.388631 0.2441336 -0.8708826 2.479661 0.03765683 -0.9156477 2.327365 0.2919427 -0.9272954 2.487473
0.09693985 0.6258744 2.214693 0.07845856 0.4322247 2.228053 -0.02097235 0.3080509 2.130189 0.2455887 0.334085 2.299647 0.07282222 0.1548348 2.033306 0.3635567 0.1645229 2.142353 0.2555047 0.1881446 1.984546 0.271318 0.1570687 1.964285 0.3411726 0.2185307 1.992724 0.2372959 0.1784243 1.910092 0.1008775 0.1101217 2.237414 0.1141162 0.04788403 2.229539 0.0659207 -0.02081292 2.197709 0.1770848 -0.02388498 2.257839 0.007866803 -0.5170074 2.29868 0.2022042 -0.5111088 2.418761 -0.005577534 -0.8713343 2.386468 0.2438454 -0.8691386 2.47941 0.03713895 -0.9143072 2.325183 0.2967385 -0.9274777 2.488585
0.09737642 0.6260279 2.21467 0.07856283 0.4321853 2.227899 -0.02085403 0.3080481 2.130235 0.245699 0.336217 2.300293 0.07277668 0.1552236 2.032997 0.3520504 0.1530699 2.174739 0.2553419 0.1904765 1.985533 0.2832002 0.1659938 1.985933 0.3383818 0.2259822 1.99868 0.2493005 0.1884294 1.932102 0.1014146 0.1100511 2.237274 0.1146501 0.04768554 2.229561 0.06672375 -0.02046443 2.197973 0.1772561 -0.02383278 2.25777 0.00785085 -0.5169932 2.298647 0.2029836 -0.5089865 2.418686 -0.007663125 -0.8709956 2.387783 0.2440823 -0.8692421 2.479586 0.03512796 -0.9139598 2.326544 0.2861758 -0.9291619 2.481548
0.097752 0.6256469 2.21398 0.07883824 0.4320266 2.227729 -0.02072811 0.3079875 2.130262 0.2456821 0.3388338 2.301297 0.07175364 0.1562889 2.032696 0.3504249 0.1542462 2.172815 0.2547403 0.1921594 1.988257 0.2804796 0.1657763 1.958825 0.3315597 0.2372288 2.008173 0.2464649 0.1880588 1.905003 0.1018204 0.1102512 2.237091 0.1149522 0.04785353 2.229527 0.06724091 -0.02000055 2.197795 0.1773617 -0.02350884 2.257812 0.007810532 -0.5177584 2.299084 0.2037678 -0.511763 2.419453 -0.00705787 -0.8783836 2.389167 0.2469942 -0.8713106 2.483515 0.03588185 -0.921337 2.328025 0.287954 -0.9319868 2.480902
0.09802484 0.625751 2.213406 0.07919279 0.4320015 2.22776 -0.02063172 0.3079771 2.130224 0.2459605 0.3452287 2.302938 0.07154806 0.1564335 2.032465 0.3491372 0.1576953 2.170482 0.254477 0.1975269 1.994872 0.2804513 0.1675219 1.957158 0.3296262 0.2459903 2.01312 0.246535 0.189774 1.903262 0.1020817 0.1111981 2.236902 0.1150618 0.04895655 2.229386 0.06734707 -0.01907773 2.197379 0.1769613 -0.02159492 2.257774 0.007841088 -0.5179762 2.299093 0.2036736 -0.5117009 2.419293 -0.005619576 -0.878382 2.389645 0.2470048 -0.8712977 2.483497 0.0374965 -0.9213168 2.328615 0.2989823 -0.9238586 2.491707
0.09940776 0.6254832 2.212801 0.07933319 0.4319641 2.227515 -0.02043972 0.3080426 2.130112 0.2459965 0.3529049 2.30585 0.0714896 0.1563989 2.032372 0.3486147 0.162062 2.170101 0.2533631 0.2070336 2.008927 0.2005293 0.1789396 2.011139 0.2902316 0.2490228 2.020598 0.1667846 0.2008946 1.957014 0.1023787 0.1120838 2.236615 0.1153523 0.04999594 2.229266 0.06785274 -0.01782528 2.197194 0.1769277 -0.02019844 2.257739 0.008049475 -0.5192822 2.299659 0.2036026 -0.5108092 2.418958 -0.005715497 -0.8785537 2.38968 0.2454223 -0.8701942 2.479083 0.02319536 -0.9446293 2.402491 0.2981384 -0.9228942 2.489201
0.1000749 0.6255513 2.212114 0.07980167 0.4319603 2.227314 -0.02036028 0.3081426 2.130103 0.247053 0.3567352 2.29976 0.06896115 0.1572628 2.032833 0.3468633 0.1666324 2.173929 0.245907 0.2237304 2.024002 0.2286421 0.2504151 1.995406 0.2835785 0.2556647 2.035634 0.1948976 0.27237 1.941281 0.1030571 0.1084856 2.23592 0.1156681 0.04437267 2.228114 0.06715578 -0.02050633 2.197602 0.1774201 -0.02560489 2.254482 0.00701637 -0.5209162 2.300976 0.203561 -0.510784 2.418936 -0.005340919 -0.8785377 2.389962 0.2456311 -0.8704095 2.479793 0.03695153 -0.9215343 2.328404 0.2989798 -0.9234169 2.488936
0.1015797 0.6260771 2.211537 0.08047045 0.4321598 2.227242 -0.02009943 0.3084146 2.130232 0.2608403 0.3459974 2.273611 0.06669925 0.1566456 2.032373 0.3451154 0.1701428 2.177862 0.2356084 0.2386018 2.041525 0.2284148 0.2506548 1.995941 0.2861289 0.2714477 2.063704 0.1946704 0.2726096 1.941817 0.1042315 0.1048949 2.235656 0.1156165 0.03928053 2.226855 0.06494977 -0.0241241 2.198731 0.1790354 -0.03299024 2.249055 0.007083374 -0.5209295 2.300911 0.2035486 -0.5107504 2.419 -0.005256359 -0.8810487 2.39131 0.2458519 -0.8712963 2.482106 0.03073806 -0.9245296 2.326191 0.2983729 -0.9239411 2.488425
0.1022134 0.6247606 2.212115 0.08093997 0.4318037 2.226793 -0.02020702 0.3084408 2.130213 0.2655798 0.3439045 2.268964 0.06223488 0.1548027 2.031209 0.3443286 0.1739692 2.179438 0.2684484 0.2654617 2.070278 0.2123605 0.2633705 2.006157 0.3230006 0.2982603 2.094508 0.1786164 0.285325 1.952032 0.1041202 0.1036375 2.235028 0.115182 0.03808821 2.225989 0.06178565 -0.02737745 2.197839 0.1796691 -0.03477515 2.247696 0.009579774 -0.5183971 2.301219 0.2037825 -0.5103337 2.418721 -0.004904685 -0.880468 2.391551 0.2459192 -0.8713429 2.481828 0.02970479 -0.9240474 2.32575 0.2891811 -0.9303333 2.485614
0.1042416 0.6252554 2.212677 0.08184178 0.4318752 2.226184 -0.02028911 0.3086188 2.130207 0.24814 0.3049096 2.184635 0.06060436 0.1540502 2.03144 0.3595201 0.1547271 2.186754 0.224597 0.266592 2.057185 0.2100584 0.2701218 2.017802 0.2791493 0.2993907 2.081415 0.1763145 0.2920761 1.963678 0.1066497 0.08425079 2.234498 0.1138937 0.01117909 2.224178 0.05640287 -0.05391674 2.19729 0.1800599 -0.05142643 2.246852 0.009722138 -0.5183675 2.300726 0.2038095 -0.5102948 2.418434 -0.003494784 -0.8821315 2.39082 0.245228 -0.8707272 2.482348 0.01260888 -0.9266798 2.318828 0.2909938 -0.9279043 2.483797
0.1042463 0.6252384 2.212673 0.08248681 0.4325289 2.225503 -0.01919935 0.3089132 2.129831 0.2460779 0.2955823 2.167486 0.06034477 0.1533737 2.031651 0.3665465 0.1606243 2.196527 0.2033494 0.2784336 2.049859 0.2122688 0.2786556 2.023491 0.2579017 0.3112323 2.074088 0.1785251 0.3006099 1.969367 0.106862 0.07867479 2.234231 0.1132951 0.005628177 2.223746 0.0560098 -0.05676182 2.197905 0.178848 -0.05761728 2.245317 0.009724441 -0.5183061 2.300283 0.204153 -0.5108921 2.418254 -0.002834696 -0.8800895 2.389844 0.2435786 -0.8690822 2.481795 0.008716614 -0.9248013 2.317084 0.2901981 -0.9255452 2.483854
0.1046508 0.6253279 2.212422 0.08350233 0.4327363 2.225453 -0.01729097 0.309613 2.128977 0.2440592 0.3016389 2.17525 0.05809767 0.1516308 2.031652 0.3657561 0.1649211 2.1967 0.2196471 0.2664012 2.062413 0.2130646 0.2811694 2.026016 0.2741995 0.2991998 2.086642 0.179321 0.3031237 1.971893 0.1065711 0.07739558 2.234112 0.1133837 0.004710052 2.223474 0.05629054 -0.05752477 2.197452 0.1786256 -0.05807783 2.245215 0.009668588 -0.5187204 2.30017 0.204025 -0.5104745 2.41785 -0.002171218 -0.8805069 2.390479 0.2430668 -0.8686249 2.481806 0.01202699 -0.9251382 2.318141 0.2899887 -0.9248489 2.483468
0.1048477 0.6248677 2.212032 0.0846924 0.4328603 2.225294 -0.01549592 0.3099273 2.128376 0.243507 0.3036945 2.179466 0.05687451 0.1503029 2.031587 0.3693468 0.1695692 2.197361 0.2335823 0.2916204 2.090396 0.2153421 0.2858461 2.027239 0.2881346 0.324419 2.114626 0.1815987 0.3078002 1.973116 0.10639 0.07636778 2.234054 0.1133826 0.00391148 2.22327 0.0563806 -0.05794604 2.197209 0.1783002 -0.05862877 2.245119 0.01127096 -0.5137228 2.297889 0.2041496 -0.5115434 2.418138 -0.002414893 -0.8800501 2.389659 0.2433077 -0.8687044 2.481845 0.01329804 -0.924637 2.317608 0.2905364 -0.9246805 2.483089
0.1047549 0.6246225 2.211183 0.08537201 0.4329064 2.224956 -0.01302406 0.310252 2.127679 0.242178 0.3091452 2.184498 0.05399951 0.1483918 2.030709 0.3701931 0.1750154 2.195528 0.2347646 0.2945669 2.093926 0.2177054 0.2891845 2.027205 0.2893169 0.3273655 2.118156 0.1839622 0.3111385 1.973082 0.1063241 0.07499795 2.233837 0.1136119 0.002648324 2.222968 0.05697958 -0.05896879 2.196402 0.1780691 -0.0593714 2.245282 0.01065986 -0.5162834 2.298318 0.2042758 -0.5111142 2.417944 -0.003266335 -0.8798424 2.390172 0.2440067 -0.8689525 2.481593 0.01428151 -0.9243697 2.31851 0.2885467 -0.9270319 2.484471
0.1048329 0.6248604 2.211083 0.08631716 0.433104 2.224931 -0.0111031 0.3104059 2.127196 0.2424226 0.3091698 2.186457 0.05371196 0.1468616 2.032062 0.3725279 0.1764066 2.195028 0.2372101 0.2956937 2.096798 0.219174 0.2908911 2.026994 0.2917624 0.3284924 2.121028 0.1854309 0.312845 1.972872 0.1062782 0.07448436 2.233919 0.1136724 0.002210069 2.222921 0.05706064 -0.05904104 2.196361 0.1778701 -0.05974838 2.24527 0.01158591 -0.5179451 2.299351 0.2049001 -0.5090066 2.417237 -0.003691962 -0.8801167 2.391022 0.2434113 -0.8678874 2.480537 0.01468108 -0.9246185 2.319553 0.2829002 -0.9294221 2.484932
0.1048129 0.624896 2.21052 0.08700666 0.4334323 2.224547 -0.008969941 0.3105996 2.127046 0.2427451 0.3095136 2.188537 0.05374843 0.1462371 2.031924 0.3733439 0.1767459 2.195158 0.2387153 0.2960881 2.098253 0.2197593 0.2913968 2.027416 0.2932676 0.3288868 2.122483 0.1860165 0.3133505 1.973294 0.1065323 0.07379355 2.233911 0.1140928 0.001467795 2.222886 0.05766258 -0.05948265 2.196369 0.1779277 -0.06001307 2.245285 0.01089726 -0.5190378 2.299742 0.2052985 -0.5077373 2.417017 -0.003372744 -0.8815733 2.391764 0.2437689 -0.8676335 2.478078 0.01606481 -0.9521565 2.389474 0.2853014 -0.9278067 2.482471
0.1048935 0.6247186 2.210423 0.08776225 0.4332418 2.224727 -0.008089459 0.310629 2.126972 0.2426596 0.3093978 2.188719 0.05353557 0.1458337 2.031902 0.3753828 0.1785242 2.194391 0.2384368 0.29692 2.098853 0.221602 0.2927233 2.026879 0.2929891 0.3297187 2.123083 0.1878594 0.3146769 1.972757 0.1070149 0.07249001 2.234237 0.1145748 0.000171744 2.223111 0.05828329 -0.0601457 2.196665 0.1779691 -0.06081057 2.245365 0.01079225 -0.5190144 2.299689 0.2056535 -0.5073697 2.416461 -0.004313994 -0.8809314 2.391254 0.2433805 -0.8677852 2.478791 0.01581377 -0.9513171 2.388876 0.2843749 -0.9284094 2.481807
0.1057528 0.6244429 2.209494 0.08808844 0.433148 2.2247 -0.007760445 0.3108371 2.126971 0.2426309 0.3093414 2.188807 0.05211229 0.1452282 2.032313 0.3764427 0.1793286 2.193411 0.2044488 0.2201168 2.102333 0.2228531 0.2930336 2.026179 0.2108774 0.2292579 2.100276 0.1891107 0.3149871 1.972057 0.1070584 0.07209858 2.234235 0.114617 -0.0001599049 2.22302 0.05838953 -0.06036209 2.196605 0.1778807 -0.06105362 2.24526 0.009682552 -0.5183739 2.298731 0.2061455 -0.5042379 2.414871 -0.004782213 -0.8840375 2.389884 0.2441542 -0.8687795 2.478663 0.0145618 -0.928517 2.318662 0.2634982 -0.913259 2.40744
0.1061514 0.6245635 2.209649 0.08870171 0.4333233 2.224808 -0.007480793 0.3110427 2.127007 0.2426329 0.3093392 2.188811 0.05356237 0.1454777 2.033284 0.3771256 0.1798315 2.192543 0.2060822 0.2217543 2.101688 0.2235952 0.2932968 2.025502 0.2102476 0.229354 2.098961 0.1898529 0.3152502 1.971381 0.1073107 0.07151345 2.234312 0.1148746 -0.0008300286 2.222973 0.05868055 -0.06073394 2.196702 0.1779471 -0.06165222 2.245036 0.01011241 -0.5183091 2.299235 0.205991 -0.5045029 2.414543 -0.005554078 -0.8838082 2.390091 0.2437919 -0.8687861 2.479479 0.01380334 -0.9282859 2.318872 0.2631494 -0.9132638 2.40826
0.1069136 0.6226198 2.208435 0.08896644 0.4331013 2.224684 -0.007489579 0.3110665 2.126999 0.242434 0.3096108 2.188945 0.05355439 0.1454607 2.033381 0.377496 0.1802226 2.190519 0.1787158 0.2881493 2.045594 0.2244179 0.2931534 2.023938 0.2332681 0.320948 2.069824 0.1906758 0.3151067 1.969817 0.1073776 0.07091492 2.234318 0.1149434 -0.001375708 2.222923 0.05873004 -0.06108329 2.196668 0.1779868 -0.06224997 2.245015 0.01232077 -0.5148935 2.298857 0.2061687 -0.504527 2.414549 -0.005995844 -0.8826098 2.389627 0.2440524 -0.8693777 2.479774 0.01341205 -0.9270886 2.318424 0.2877885 -0.9281284 2.479846
0.107459 0.6227244 2.20802 0.08940932 0.432891 2.224762 -0.007862599 0.3111572 2.127042 0.2429729 0.3111184 2.19053 0.05493242 0.145807 2.034414 0.3775636 0.1807019 2.189409 0.1866166 0.2793804 2.044765 0.2251939 0.2931576 2.023343 0.239627 0.3106149 2.06872 0.1914521 0.3151108 1.969222 0.10741 0.07091162 2.234346 0.1150632 -0.001308407 2.222868 0.05885179 -0.06116606 2.1965 0.1781268 -0.06227562 2.245005 0.0129123 -0.515539 2.299715 0.2063101 -0.5046746 2.414635 -0.006308092 -0.8822561 2.389855 0.2433286 -0.8654826 2.478696 0.01346354 -0.9267185 2.318743 0.2831258 -0.9269561 2.479936
0.1077977 0.6229794 2.208006 0.08957089 0.4328546 2.224802 -0.008787299 0.3113144 2.127687 0.2489447 0.3438735 2.231108 0.0548536 0.1465181 2.034497 0.3608061 0.1933801 2.181231 0.2594683 0.2670662 2.069761 0.2107486 0.2728523 2.023801 0.3140205 0.2998648 2.093991 0.177007 0.2948052 1.96968 0.106431 0.07209469 2.233896 0.1161659 0.0008008096 2.222889 0.05970052 -0.06059448 2.196023 0.1793163 -0.06092823 2.245551 0.01246671 -0.5162664 2.299861 0.2067233 -0.5050487 2.414709 -0.005964111 -0.8811166 2.388983 0.2431103 -0.8671713 2.479665 0.02350424 -0.9251145 2.32101 0.2819339 -0.9292423 2.481702
0.1083883 0.6224965 2.208079 0.09036543 0.4323041 2.225562 -0.008969584 0.3112182 2.127762 0.2633576 0.3553607 2.264614 0.05533213 0.1469577 2.033897 0.3572913 0.1958385 2.170852 0.22867 0.2412054 2.045692 0.2056637 0.265693 2.011371 0.2832223 0.274004 2.069922 0.1719223 0.2876458 1.957251 0.1080333 0.08648702 2.23389 0.1194982 0.02270153 2.222677 0.06372834 -0.04413112 2.194751 0.1821641 -0.04785471 2.244934 0.01246355 -0.5162476 2.29987 0.2068139 -0.5044332 2.414894 -0.005291122 -0.8814417 2.389532 0.2430989 -0.857617 2.474446 0.03014003 -0.9249929 2.324169 0.2815617 -0.9195631 2.48133
0.1110065 0.6227139 2.209265 0.09089836 0.4320641 2.225904 -0.009326323 0.3111291 2.128139 0.2622448 0.3590237 2.272538 0.05657331 0.1481226 2.032805 0.3591867 0.1930802 2.159974 0.2272942 0.2378192 2.040519 0.2004252 0.2484883 1.986747 0.2901404 0.2756924 2.07164 0.1666839 0.2704411 1.932627 0.1086046 0.08989401 2.234152 0.1202302 0.02551891 2.222921 0.06539428 -0.03977405 2.195172 0.1829643 -0.04444795 2.244997 0.01139455 -0.5160952 2.299596 0.207225 -0.5037774 2.414599 -0.005444188 -0.8816078 2.389288 0.244407 -0.8598475 2.476741 0.03156226 -0.9250404 2.324726 0.2817206 -0.9226837 2.481563
0.1111703 0.6227649 2.209137 0.0915188 0.4317334 2.226242 -0.009536161 0.3110641 2.1283 0.2624434 0.3590362 2.278261 0.05764295 0.1490288 2.031929 0.3684997 0.1883654 2.162297 0.230899 0.2245747 2.02193 0.2079914 0.2430165 1.991325 0.2992748 0.2714028 2.06013 0.17425 0.2649693 1.937205 0.1090555 0.09252948 2.234707 0.1208448 0.02813336 2.223559 0.06630416 -0.0370072 2.195193 0.1836359 -0.04223565 2.246234 0.01053763 -0.5163909 2.299692 0.207327 -0.5038136 2.414488 -0.005076741 -0.8808358 2.388879 0.2448143 -0.8598358 2.476908 0.03300194 -0.9241931 2.324892 0.2819013 -0.9228194 2.481556
0.1114882 0.6224231 2.209306 0.0922683 0.4315261 2.226841 -0.00973104 0.3109114 2.128439 0.2613972 0.3577206 2.282242 0.0587598 0.1497679 2.031292 0.3760543 0.1674246 2.178224 0.2383908 0.2079573 2.009069 0.2587311 0.2423464 1.998977 0.3113833 0.2586274 2.029853 0.2249898 0.2642991 1.944857 0.1113961 0.1048573 2.236262 0.1236506 0.04362545 2.225528 0.07125893 -0.02583426 2.193597 0.1851538 -0.02604342 2.251898 0.01163223 -0.5142161 2.298734 0.2073863 -0.5033062 2.414333 -0.004921808 -0.8810475 2.388981 0.2447482 -0.8598709 2.476934 0.0340127 -0.924319 2.325452 0.2818307 -0.9228747 2.481344
0.1115277 0.6224877 2.209376 0.09360071 0.4310271 2.228186 -0.009826885 0.310825 2.128531 0.2635274 0.3541296 2.286524 0.05915705 0.1501116 2.03089 0.3874962 0.1597634 2.171366 0.2407726 0.1996985 2.00062 0.2681542 0.2389643 1.98956 0.3131807 0.2476664 2.028612 0.2344128 0.2609171 1.93544 0.1118974 0.1070132 2.236956 0.1241291 0.04562762 2.22613 0.07209703 -0.02334734 2.194016 0.1854574 -0.02497296 2.252311 0.01139768 -0.5143532 2.298706 0.2074703 -0.5034511 2.414309 -0.005869392 -0.8780311 2.388072 0.2451154 -0.8649265 2.47822 0.03368477 -0.9212443 2.324888 0.2876883 -0.9243091 2.483236
0.1115969 0.622663 2.209605 0.09367202 0.4310277 2.228231 -0.009862183 0.3107778 2.128572 0.2647673 0.3513582 2.287845 0.06244416 0.1521055 2.029672 0.3844806 0.1613002 2.156672 0.2454693 0.1935886 1.993773 0.2643567 0.2426085 1.971096 0.3224869 0.2365895 2.017152 0.2306153 0.2645613 1.916977 0.1118537 0.1078418 2.237009 0.1241128 0.04626288 2.226178 0.07221547 -0.02243763 2.194149 0.1854654 -0.02459835 2.252306 0.009876632 -0.5156523 2.299321 0.207547 -0.5041135 2.414593 -0.005517672 -0.8782352 2.388252 0.2451285 -0.8670909 2.480989 0.03418555 -0.9214363 2.325155 0.2883193 -0.9260731 2.485397
0.1121325 0.6227631 2.209996 0.09374247 0.4310059 2.228185 -0.009887659 0.3106919 2.128554 0.2658451 0.3464427 2.287597 0.06329959 0.1525131 2.029461 0.379662 0.16418 2.136501 0.2477566 0.1805935 1.98591 0.2498101 0.2403332 1.96422 0.3250468 0.22378 2.008014 0.2160685 0.262286 1.9101 0.1118504 0.1079773 2.237034 0.1241044 0.04630714 2.226189 0.07222828 -0.02229585 2.19416 0.1854701 -0.02460638 2.252342 0.01003673 -0.5156058 2.29951 0.2073151 -0.5043463 2.414552 -0.006036395 -0.8799624 2.388997 0.2450114 -0.8672993 2.481074 0.03358281 -0.9231723 2.325853 0.2825514 -0.9298507 2.487546
0.1123843 0.6229239 2.209948 0.09399591 0.4309198 2.228196 -0.009894294 0.3106388 2.128588 0.2667437 0.342738 2.287317 0.06358723 0.1526495 2.029381 0.3853345 0.1617012 2.140704 0.2481643 0.1767908 1.983281 0.2454086 0.1883305 2.003229 0.3259299 0.218641 2.006273 0.2712617 0.1666388 1.940128 0.1119191 0.1080329 2.237094 0.1241473 0.04631059 2.226227 0.07232698 -0.02214503 2.194298 0.1855624 -0.02468982 2.252391 0.009441488 -0.5178075 2.299646 0.2074403 -0.5045339 2.414643 -0.005637187 -0.8803992 2.389139 0.2454584 -0.8673652 2.480894 0.03388361 -0.9236193 2.325941 0.2951177 -0.9249364 2.487298
0.112481 0.6230567 2.209981 0.09512493 0.4309437 2.228436 -0.009893212 0.3106323 2.128618 0.2683811 0.3393527 2.286967 0.06425646 0.15307 2.029167 0.385804 0.1600663 2.140138 0.2489338 0.1728747 1.980812 0.1948308 0.166605 2.009806 0.3322634 0.2081556 1.99261 0.2719091 0.1661248 1.940431 0.1120037 0.1081068 2.237176 0.1241578 0.0463122 2.226239 0.07229253 -0.02209369 2.194314 0.1856316 -0.02486492 2.252435 0.009256219 -0.5124323 2.297733 0.207442 -0.5102377 2.416321 -0.005547013 -0.8798702 2.388154 0.2462302 -0.8703719 2.481962 0.03378082 -0.9231141 2.324851 0.2926889 -0.9267575 2.487063
0.1134368 0.6241519 2.210232 0.09528103 0.4309056 2.228508 -0.009923229 0.3105924 2.128669 0.2693295 0.3372466 2.286556 0.06461626 0.1531014 2.029459 0.3879081 0.1591411 2.141391 0.2494628 0.1695433 1.980271 0.1937432 0.1661107 2.009859 0.3323156 0.2062057 1.991193 0.2717387 0.1650066 1.939507 0.112042 0.1081122 2.237239 0.1241837 0.04628234 2.226251 0.07230155 -0.0220707 2.194342 0.1857898 -0.02520116 2.2524 0.009644322 -0.513769 2.298911 0.2074611 -0.5092761 2.416627 -0.005628639 -0.8805254 2.388365 0.2462767 -0.8703069 2.482186 0.03354092 -0.9237817 2.324972 0.2913022 -0.927851 2.487206
0.1137977 0.6243344 2.209725 0.09543713 0.430832 2.228426 -0.00995768 0.3105251 2.128702 0.2700517 0.335452 2.286128 0.06605595 0.1531247 2.029284 0.3884315 0.1586418 2.142193 0.2508139 0.1675718 1.97881 0.2512867 0.194537 2.003952 0.3331442 0.2052418 1.990247 0.2734797 0.1635617 1.940996 0.1120877 0.1081481 2.237277 0.1241987 0.04628282 2.226256 0.07230528 -0.02205734 2.19435 0.1859056 -0.02536269 2.252453 0.01090548 -0.5145413 2.299914 0.2075387 -0.5089296 2.416454 -0.00558789 -0.8790712 2.388323 0.246389 -0.8706735 2.482154 0.03344115 -0.9223419 2.324853 0.2884747 -0.930442 2.486669
0.1139496 0.6246724 2.210128 0.09644289 0.4309492 2.228688 -0.009995064 0.3104816 2.128787 0.270272 0.334793 2.286051 0.06609847 0.1531079 2.029276 0.3901002 0.1578136 2.143112 0.2508478 0.1651333 1.977912 0.1925743 0.1724908 2.008523 0.3330744 0.2031579 1.988913 0.2738224 0.163515 1.941618 0.1122653 0.1082887 2.237317 0.124286 0.04631833 2.22624 0.07234944 -0.02191048 2.194332 0.186025 -0.02545529 2.25239 0.01435624 -0.5075015 2.298469 0.2076439 -0.508736 2.416353 -0.005048113 -0.8763255 2.385074 0.2467449 -0.8711777 2.482491 0.03393192 -0.9196056 2.32158 0.2876609 -0.9318252 2.485909
0.1143439 0.6249912 2.209974 0.09664796 0.4308927 2.22871 -0.009922592 0.3104604 2.128844 0.270476 0.3346343 2.286186 0.06702252 0.1530385 2.029213 0.3899211 0.1570445 2.144462 0.2517653 0.1649201 1.977773 0.1915695 0.1731033 2.008569 0.332634 0.2030391 1.996085 0.2737545 0.1637293 1.942797 0.1122885 0.1084821 2.237328 0.1242989 0.04645328 2.226209 0.07233896 -0.0215109 2.194257 0.1860251 -0.02545276 2.252381 0.01339967 -0.5096727 2.298754 0.2076592 -0.5085584 2.416208 -0.005154517 -0.8762737 2.385037 0.2472627 -0.8720477 2.481639 0.0248783 -0.9412568 2.400503 0.2907515 -0.930893 2.484789
0.1149318 0.6251658 2.209437 0.0969583 0.4307839 2.228735 -0.009862594 0.3104367 2.128898 0.270413 0.3346829 2.286253 0.06757931 0.1527654 2.029203 0.3899176 0.1570515 2.144461 0.2523573 0.1674081 1.97891 0.1910942 0.1735622 2.008491 0.3317826 0.2066527 2.00081 0.2745853 0.1640463 1.947251 0.1123522 0.1085217 2.23736 0.124353 0.04645877 2.226202 0.07241734 -0.02148291 2.194244 0.1860407 -0.02544894 2.252376 0.01195826 -0.5169072 2.301474 0.2074772 -0.508386 2.41593 -0.005054968 -0.8779058 2.386204 0.2476853 -0.87152 2.481573 0.03394219 -0.9211881 2.322721 0.2924271 -0.9294107 2.484869
0.1155309 0.6251529 2.210015 0.09716294 0.4307497 2.228788 -0.009834408 0.3104338 2.128915 0.2706141 0.334864 2.286599 0.06756674 0.152779 2.029243 0.3896532 0.156954 2.146096 0.2524592 0.1689267 1.980166 0.1921757 0.1786721 2.010758 0.3318336 0.2080757 2.00242 0.2769442 0.1660423 1.955686 0.1125931 0.1066361 2.237281 0.1246199 0.04329139 2.22598 0.07213776 -0.02321047 2.194852 0.1867492 -0.02901433 2.250942 0.01405124 -0.5037771 2.297011 0.2074218 -0.5078973 2.415704 -0.002902254 -0.8685629 2.379791 0.2483058 -0.8708531 2.480982 0.03613604 -0.9118403 2.316331 0.2940143 -0.9279594 2.484656
0.1156963 0.6251343 2.209963 0.09754321 0.4305617 2.22884 -0.009797203 0.310407 2.128911 0.2704293 0.336106 2.287272 0.06760939 0.1527403 2.029252 0.3863655 0.1592666 2.144168 0.2523789 0.1727871 1.981535 0.1920552 0.1783354 2.01065 0.330986 0.2122641 2.005839 0.1272852 0.1846917 1.970542 0.1128207 0.1054407 2.237207 0.1248744 0.04169502 2.225801 0.07214864 -0.02412926 2.195149 0.1870313 -0.0303723 2.25024 0.009595193 -0.5140891 2.29886 0.207436 -0.5076982 2.415592 -0.01343236 -0.8940326 2.405819 0.2407158 -0.8583305 2.475277 0.02448043 -0.9544267 2.389112 0.2873398 -0.9214422 2.484351
0.1161597 0.6256319 2.210261 0.09806941 0.4304937 2.228738 -0.009784061 0.3103921 2.128918 0.2696352 0.3389967 2.288917 0.0678676 0.1528201 2.029078 0.3849429 0.1610128 2.144288 0.252456 0.178611 1.984334 0.1920351 0.1782733 2.010969 0.3282956 0.2209013 2.012407 0.1277325 0.1840268 1.970928 0.112692 0.1051036 2.237005 0.1247517 0.04125115 2.225492 0.07190244 -0.02433478 2.194946 0.1868396 -0.03090348 2.249806 0.00996321 -0.5107716 2.298105 0.207543 -0.5069152 2.415337 -0.007113415 -0.8810244 2.396863 0.2433281 -0.8598114 2.476368 0.0181012 -0.9496771 2.393008 0.2884635 -0.918327 2.480708
0.1166383 0.6257954 2.210269 0.0984547 0.4302786 2.228496 -0.009745359 0.310361 2.128881 0.2680003 0.3434394 2.290886 0.06836437 0.1532319 2.028817 0.3772513 0.1678276 2.141042 0.2524557 0.1925858 1.99845 0.1887491 0.1804112 2.009885 0.326876 0.2396035 2.022519 0.1259151 0.1846058 1.970564 0.1127509 0.1043074 2.236736 0.1249014 0.0403068 2.225207 0.07196245 -0.02482032 2.194982 0.1868895 -0.03148619 2.249366 0.009580235 -0.5131645 2.298346 0.207623 -0.5067489 2.414937 -0.006201857 -0.8822198 2.396129 0.2441276 -0.8622904 2.477902 0.01654528 -0.9516677 2.391286 0.2893839 -0.9203184 2.481347
0.1166398 0.6258037 2.210165 0.09888786 0.430331 2.228297 -0.009743256 0.3103683 2.128859 0.2667292 0.3479502 2.292601 0.06835897 0.1532404 2.028801 0.3733511 0.1714448 2.144641 0.2516575 0.1968225 2.000263 0.1852913 0.1829727 2.013623 0.3215228 0.2469431 2.030843 0.1226047 0.1868154 1.974348 0.1128231 0.1039291 2.236593 0.1250599 0.03981489 2.225045 0.07205839 -0.02523601 2.195107 0.1869746 -0.03166967 2.249029 0.01018987 -0.5153685 2.299516 0.2074589 -0.5062242 2.414733 -0.006164267 -0.8821305 2.396154 0.2430392 -0.860303 2.477616 0.01464402 -0.9521141 2.390404 0.2857679 -0.9224862 2.482975
0.1170175 0.6258473 2.210155 0.09907146 0.4302759 2.228032 -0.009731537 0.3103801 2.1288 0.2663437 0.3486528 2.291883 0.06833448 0.1532237 2.028805 0.3667141 0.1767026 2.147229 0.2485881 0.210104 2.013103 0.2116709 0.2526973 1.963492 0.3194295 0.2595761 2.04247 0.1599899 0.2780288 1.906644 0.1127354 0.1030398 2.236161 0.1249162 0.03868288 2.224467 0.07182454 -0.02577082 2.195011 0.1868329 -0.03261299 2.248032 0.01104245 -0.512878 2.299138 0.2080766 -0.5049327 2.414127 -0.006024686 -0.8821198 2.396143 0.2432973 -0.8602393 2.477612 0.01332371 -0.9525911 2.39134 0.2868773 -0.9230148 2.482857
0.117201 0.6254576 2.209952 0.09931344 0.4302272 2.22736 -0.009797581 0.310405 2.128626 0.2668737 0.3496596 2.286355 0.06827138 0.1531872 2.02882 0.3628765 0.1802893 2.159735 0.2348944 0.2405362 2.034057 0.2073466 0.2494378 1.973488 0.3082401 0.2830437 2.067851 0.1555032 0.2724873 1.915803 0.1127875 0.1026391 2.235865 0.1247215 0.03820307 2.22403 0.07132295 -0.02639716 2.194883 0.1867487 -0.03296649 2.247302 0.01163647 -0.5146704 2.300237 0.20802 -0.5050074 2.414178 -0.006209928 -0.8819913 2.3959 0.2437856 -0.8629116 2.477694 0.01308591 -0.9524017 2.390105 0.2866679 -0.9244641 2.482579
0.1176703 0.6255247 2.209575 0.09967227 0.4304194 2.227154 -0.009639135 0.3104966 2.128471 0.2680095 0.3494803 2.280299 0.06536253 0.1533877 2.028926 0.3596445 0.1837475 2.166222 0.2312717 0.2414218 2.0371 0.2048098 0.2553243 1.994498 0.2907353 0.2891811 2.072561 0.1531982 0.2791833 1.941654 0.1129117 0.1018874 2.235634 0.1245023 0.03708822 2.223475 0.0705388 -0.02790557 2.194258 0.1866905 -0.03380984 2.246754 0.0137443 -0.5111583 2.30028 0.2087258 -0.5059934 2.414648 -0.005471271 -0.8811665 2.395395 0.2439396 -0.8648927 2.47773 0.01250837 -0.95197 2.390199 0.2861218 -0.9246359 2.482759
0.1177298 0.6255905 2.209447 0.09993333 0.4305212 2.226901 -0.01025766 0.3108085 2.128439 0.2537342 0.3297137 2.204961 0.06224699 0.1523327 2.029328 0.3609259 0.1741001 2.173952 0.2348394 0.2620654 2.052463 0.2017205 0.253381 2.002837 0.2941748 0.3111427 2.083625 0.148652 0.2798079 1.950196 0.1153423 0.08808992 2.235295 0.1232604 0.01728979 2.221265 0.06594263 -0.04795239 2.193755 0.1872028 -0.04607097 2.243965 0.01160702 -0.5150734 2.29986 0.2087349 -0.5058001 2.414606 -0.005407109 -0.881399 2.394054 0.2441736 -0.864325 2.4781 0.0118905 -0.9524682 2.390391 0.2663187 -0.9085857 2.407573
0.1178247 0.6257536 2.209398 0.099967 0.4307643 2.226947 -0.009991094 0.3111158 2.128262 0.2507904 0.319836 2.198351 0.05720576 0.1503511 2.029081 0.3651455 0.1694174 2.177772 0.2587545 0.2821187 2.08916 0.2020164 0.2534009 2.006215 0.3171139 0.3333682 2.120228 0.1476401 0.2813953 1.953427 0.1140968 0.08009682 2.235326 0.1216067 0.008286525 2.220869 0.06456553 -0.05266106 2.194332 0.1852137 -0.05462406 2.242037 0.01184026 -0.5161861 2.300031 0.2086704 -0.5059676 2.41457 -0.005263738 -0.8824397 2.394359 0.2438585 -0.8650692 2.478349 0.01206897 -0.9534779 2.390276 0.280471 -0.9283589 2.482526
0.117819 0.6257914 2.209387 0.1001259 0.4309797 2.226703 -0.009318157 0.3114282 2.128003 0.2503586 0.3192813 2.197337 0.0571749 0.1502351 2.029127 0.3648898 0.1692812 2.182072 0.2189423 0.2762516 2.062259 0.201537 0.2537737 2.010056 0.277034 0.3274255 2.093067 0.1470861 0.2819378 1.957116 0.1137435 0.07763603 2.235271 0.1212542 0.005879505 2.220657 0.06422623 -0.05437306 2.194382 0.1846105 -0.05669103 2.241694 0.01118256 -0.5176594 2.29924 0.2087182 -0.5054559 2.414426 -0.005146244 -0.8826349 2.394452 0.2455143 -0.8646794 2.48126 0.01188276 -0.9537666 2.390728 0.2892148 -0.9234135 2.483296
0.1180524 0.6258716 2.209495 0.1000924 0.4314912 2.226395 -0.007581182 0.3120918 2.127798 0.2500342 0.3139818 2.193992 0.05622692 0.1495373 2.029551 0.3683791 0.1676497 2.185735 0.2187042 0.2763383 2.062249 0.2022274 0.254972 2.012736 0.2768154 0.3275103 2.093064 0.1468435 0.2840795 1.959468 0.1124974 0.07139124 2.23559 0.1196294 -0.002111474 2.221068 0.06138606 -0.06004785 2.202172 0.1829681 -0.0644502 2.235403 0.01542079 -0.5119479 2.299615 0.2082209 -0.5088437 2.414946 -0.005330358 -0.8830161 2.393761 0.2451754 -0.8657053 2.48109 0.01470777 -0.927419 2.322694 0.285147 -0.9270151 2.483734
0.1180546 0.6261396 2.209322 0.1001347 0.4320609 2.225749 -0.006756972 0.3123175 2.127523 0.2497545 0.3123375 2.193244 0.05615493 0.1492182 2.029724 0.3693412 0.1675388 2.188828 0.2184327 0.2763177 2.062215 0.2021642 0.2558356 2.015203 0.2765639 0.3274922 2.093038 0.1464385 0.2852679 1.961726 0.1120764 0.06897161 2.235358 0.1192131 -0.00476221 2.220837 0.06096998 -0.0614436 2.204072 0.182311 -0.06699739 2.232718 0.01505616 -0.5106804 2.298533 0.2078441 -0.5083516 2.41464 -0.005290955 -0.8825851 2.393425 0.2458782 -0.8659713 2.479803 0.01471571 -0.9270061 2.322359 0.2886333 -0.9254307 2.480287
0.1181801 0.6261663 2.209362 0.09982661 0.4325717 2.224866 -0.005297865 0.3123825 2.127159 0.2495637 0.3119794 2.193283 0.05444954 0.1477047 2.030269 0.3678772 0.1664742 2.191019 0.1901165 0.290723 2.053755 0.2007137 0.2551595 2.017063 0.2484151 0.3418757 2.084671 0.1449925 0.2847212 1.963475 0.1119298 0.06706306 2.235215 0.1192545 -0.006902864 2.220873 0.06120757 -0.06280552 2.205532 0.182254 -0.06804103 2.231906 0.01439179 -0.5113087 2.298344 0.2081455 -0.5078766 2.414216 -0.005225297 -0.8819096 2.392805 0.2454307 -0.8634232 2.479834 0.01501422 -0.9263449 2.321815 0.2893798 -0.9221414 2.48225
0.1185257 0.6272916 2.210533 0.09988502 0.4327695 2.224821 -0.004041268 0.3123049 2.126948 0.2491922 0.3102293 2.193937 0.0534464 0.1469637 2.02974 0.3685591 0.1655602 2.191493 0.1891245 0.2914111 2.053267 0.2004295 0.2551797 2.017383 0.2474059 0.3425766 2.084178 0.1443864 0.2850528 1.963744 0.1117912 0.06692932 2.235244 0.1192037 -0.006978236 2.220921 0.06130898 -0.06337927 2.203952 0.1815414 -0.0683561 2.234418 0.01347056 -0.5111959 2.297903 0.2079335 -0.506354 2.413912 -0.00490865 -0.8814747 2.39256 0.2462332 -0.8643507 2.480044 0.01572195 -0.9258981 2.321677 0.2938879 -0.9238006 2.482315
0.1183616 0.627206 2.210334 0.09988029 0.4328006 2.224771 -0.004025894 0.3123146 2.126884 0.2491202 0.310138 2.194591 0.05390796 0.1462362 2.031787 0.3682739 0.1653139 2.192259 0.2438019 0.2635792 2.083894 0.2002937 0.2548202 2.018187 0.3020454 0.314775 2.114804 0.1443003 0.2846557 1.964561 0.1117183 0.06683581 2.235275 0.1191855 -0.007008602 2.220973 0.06132668 -0.06398445 2.202344 0.1814684 -0.06906573 2.237 0.01564512 -0.5061129 2.296657 0.2082561 -0.5062711 2.414077 -0.00586788 -0.8813958 2.392128 0.2453352 -0.8646222 2.480335 0.01497472 -0.925814 2.321303 0.2909562 -0.9225079 2.485104
0.1182526 0.6272215 2.210326 0.09985485 0.4327429 2.224811 -0.004647699 0.312285 2.127012 0.2538857 0.3141215 2.204148 0.0536429 0.1463561 2.031862 0.3677716 0.1637821 2.190672 0.1993289 0.2715456 2.051296 0.2000607 0.2546862 2.018089 0.2575725 0.3227414 2.082206 0.1441571 0.2849875 1.964959 0.1113878 0.06769684 2.235353 0.1194555 -0.005086036 2.221339 0.06135485 -0.06375234 2.201516 0.1825081 -0.06738977 2.238776 0.01377745 -0.5099115 2.297223 0.2082371 -0.5062376 2.414253 -0.007757818 -0.8817631 2.392037 0.2449832 -0.8662095 2.480285 0.01522921 -0.9260986 2.321828 0.2679703 -0.9105451 2.410076
0.1179466 0.6256936 2.210135 0.09948643 0.4326925 2.224925 -0.005506765 0.3121565 2.127203 0.2550711 0.3192516 2.210366 0.05226541 0.1462407 2.031593 0.3655798 0.1659892 2.189363 0.1991733 0.2700081 2.047767 0.2001818 0.2547736 2.017931 0.2574168 0.3212039 2.078677 0.1450491 0.2843685 1.965186 0.1112063 0.0689778 2.235538 0.1197916 -0.00287892 2.221769 0.06169024 -0.0632143 2.200519 0.183405 -0.06547089 2.240703 0.01292193 -0.5121804 2.297809 0.2079566 -0.504613 2.413969 -0.005377409 -0.8802308 2.39328 0.2465529 -0.8622003 2.477236 0.03932204 -0.9422373 2.416187 0.2709179 -0.9064759 2.407456
0.1174954 0.6257218 2.209764 0.09934042 0.4325728 2.225123 -0.005711538 0.3119968 2.127243 0.2618311 0.3330076 2.237604 0.05237136 0.146156 2.031717 0.3572872 0.1720735 2.185002 0.2101541 0.251222 2.052024 0.2056863 0.2559265 2.021415 0.2683977 0.3024178 2.082934 0.1551526 0.2838775 1.971284 0.110249 0.07087161 2.235691 0.1202597 4.468113E-05 2.222645 0.06202247 -0.06217053 2.199622 0.1843994 -0.06364467 2.243204 0.012778 -0.5147169 2.298886 0.2079565 -0.5046152 2.413959 -0.005565075 -0.8802322 2.392794 0.2466903 -0.8623452 2.477102 0.02479257 -0.924219 2.325217 0.296762 -0.9232685 2.488973
0.1175785 0.6261808 2.210082 0.09910182 0.4323463 2.225397 -0.005804856 0.3119663 2.127361 0.2696763 0.3416545 2.262309 0.05307622 0.1464525 2.031733 0.350922 0.1794735 2.183302 0.216752 0.247568 2.049972 0.2071393 0.2557528 2.014235 0.2749955 0.2987638 2.080881 0.1592117 0.2811792 1.962276 0.1085821 0.08508942 2.23614 0.1193399 0.02054759 2.223564 0.06221664 -0.04459233 2.19725 0.18363 -0.05163704 2.244899 0.0115006 -0.5132482 2.297438 0.2078929 -0.5047128 2.41404 -0.005999529 -0.879757 2.392718 0.2488367 -0.8685586 2.479761 0.02893334 -0.9234678 2.327205 0.2933788 -0.9259193 2.489186
0.1170667 0.6263779 2.210139 0.09884042 0.4322364 2.225995 -0.006681339 0.311856 2.127985 0.2662512 0.3469934 2.273113 0.053754 0.1471829 2.031703 0.3476616 0.1836872 2.171254 0.2187639 0.2381176 2.04352 0.2090965 0.2577499 1.996807 0.2755803 0.2746592 2.06776 0.1629082 0.2824375 1.943056 0.10821 0.08845508 2.236229 0.1194567 0.02341264 2.223794 0.06288347 -0.03999856 2.197467 0.1834197 -0.04777281 2.244842 0.01072295 -0.5111728 2.296349 0.207617 -0.5040135 2.413983 -0.005913138 -0.8797331 2.392384 0.2482646 -0.8682737 2.480544 0.03130617 -0.9232751 2.328028 0.2952352 -0.9245616 2.487325
0.1170904 0.6263067 2.210684 0.09869771 0.4320546 2.226456 -0.007338505 0.3118637 2.128512 0.2625116 0.354917 2.282603 0.05590671 0.1485755 2.031479 0.3481659 0.1810073 2.170108 0.2303047 0.2199908 2.032725 0.1933025 0.2612804 1.988123 0.2949047 0.275283 2.065872 0.1416814 0.2880381 1.931859 0.1085863 0.09207149 2.236681 0.1203761 0.02729758 2.224577 0.06498778 -0.03615639 2.198263 0.1835836 -0.04203384 2.245636 0.01111559 -0.5089914 2.29581 0.207631 -0.5042046 2.414037 -0.006305398 -0.8816338 2.391807 0.2482369 -0.8690544 2.481189 0.03291081 -0.9250223 2.328544 0.2940155 -0.9259818 2.486332
0.1165074 0.6262832 2.212207 0.09821197 0.4319142 2.227207 -0.007764295 0.3118842 2.128854 0.26136 0.3553791 2.286454 0.05774085 0.1480336 2.035244 0.3528423 0.1823865 2.158061 0.2365042 0.2079632 2.008819 0.1917539 0.2690393 1.973168 0.2881926 0.2462636 1.988528 0.1380578 0.2979235 1.915935 0.1088785 0.09323172 2.237257 0.1209104 0.0283865 2.225359 0.06642588 -0.03466629 2.199283 0.1837875 -0.04074787 2.246401 0.01108201 -0.5089594 2.295918 0.2076122 -0.5040526 2.41405 -0.004988197 -0.8785489 2.391017 0.2479081 -0.8684917 2.48091 0.03497326 -0.9218666 2.328175 0.2935933 -0.9261347 2.486645
0.1165604 0.6268095 2.212802 0.09782334 0.4318361 2.227925 -0.00799678 0.3117559 2.129118 0.2587643 0.353872 2.289795 0.06090183 0.1499944 2.033874 0.3567949 0.1790269 2.152629 0.2424394 0.1983352 1.999944 0.1930977 0.2677464 1.969307 0.2559667 0.2259497 1.976875 0.138532 0.2973195 1.912597 0.1089914 0.09346335 2.237499 0.1212391 0.02852822 2.225773 0.06749716 -0.03404956 2.199602 0.1838438 -0.04053471 2.247059 0.01045442 -0.5083888 2.296069 0.2073685 -0.5035058 2.414177 -0.005285897 -0.8801069 2.391653 0.2484536 -0.8687816 2.479911 0.03553513 -0.9233414 2.329309 0.293569 -0.9261532 2.486602
