0.1642592 0.6346405 2.306626 0.1163322 0.465858 2.306061 0.09766747 0.305941 2.19695 0.2376182 0.337602 2.381816 0.09741666 0.04443038 2.121092 0.2519051 0.2259844 2.596992 0.1723941 -0.1757533 2.115024 0.3440572 0.2511376 2.411689 0.1878877 -0.2509143 2.12071 0.4034899 0.2782018 2.421945 0.1808092 0.03312988 2.340452 0.1945265 -0.05319565 2.349507 0.1578551 -0.08020103 2.334273 0.2400404 -0.08855158 2.368271 0.08678392 -0.5109403 2.349656 0.2161204 -0.5650547 2.644587 -0.01211188 -0.8888182 2.391351 0.1472287 -0.8641968 2.665992 0.0371464 -0.945616 2.369682 0.2093387 -0.8950976 2.700832
0.16518 0.6331825 2.307184 0.1162129 0.4659567 2.306321 0.09756233 0.305941 2.197137 0.2374988 0.3377007 2.382076 0.09698428 0.04444218 2.121214 0.2517858 0.2260827 2.597253 0.1710195 -0.1756602 2.114618 0.3415008 0.2542332 2.411127 0.186543 -0.2505844 2.120294 0.4009373 0.2812901 2.421378 0.1802302 0.03040433 2.340868 0.1938247 -0.05728816 2.350005 0.1558903 -0.09036997 2.326632 0.2403789 -0.09814763 2.378163 0.0867981 -0.5108421 2.349622 0.2152328 -0.5650443 2.641454 -0.01212032 -0.8888353 2.391327 0.1497192 -0.8647997 2.663759 0.03721879 -0.9455556 2.369864 0.1958271 -0.9202574 2.66118
0.1634816 0.6343313 2.309067 0.1161634 0.4659768 2.306333 0.09754089 0.3061091 2.197432 0.2374494 0.3377208 2.382087 0.09676531 0.04465374 2.121278 0.2517364 0.2261022 2.597266 0.1702272 -0.1761404 2.11395 0.34282 0.2567002 2.412275 0.1862843 -0.2507435 2.120228 0.4022591 0.2837519 2.422521 0.1807442 0.02954144 2.3407 0.1946328 -0.05840402 2.349796 0.158809 -0.09191435 2.326869 0.2403809 -0.09800304 2.377705 0.0865559 -0.5111365 2.349783 0.2152824 -0.5649353 2.641418 -0.01207003 -0.8889095 2.391284 0.1496439 -0.8646067 2.664072 0.03716887 -0.9456044 2.369914 0.2119507 -0.8944222 2.70117
0.1624231 0.6352735 2.310367 0.1161442 0.4660976 2.306545 0.09745354 0.3061529 2.197528 0.2374302 0.3378416 2.382299 0.09641125 0.04471937 2.121258 0.2517173 0.2262224 2.597479 0.169753 -0.1762515 2.113488 0.3487834 0.2707304 2.418927 0.1853995 -0.2508276 2.119938 0.3362927 0.2624625 2.47047 0.1798271 0.02797354 2.340752 0.1933811 -0.06049057 2.349787 0.1561705 -0.09445335 2.324015 0.2396676 -0.1008108 2.379851 0.08640151 -0.5112173 2.349891 0.2153884 -0.5655112 2.642661 -0.01211413 -0.888986 2.391542 0.1495371 -0.8652968 2.664314 0.03715058 -0.9456886 2.370036 0.2122045 -0.8948004 2.702577
0.1602731 0.6360099 2.310929 0.1159735 0.4661803 2.306705 0.09736953 0.3061746 2.197559 0.2372595 0.3379243 2.38246 0.09602302 0.04474723 2.121259 0.2515467 0.2263046 2.597641 0.1687003 -0.1760872 2.112664 0.3686159 0.2963193 2.442549 0.183136 -0.2477852 2.117332 0.3388624 0.2735598 2.494604 0.1788105 0.02684453 2.340652 0.1921819 -0.0618338 2.349622 0.1544713 -0.09575172 2.322207 0.2387718 -0.1021849 2.380887 0.08636369 -0.5111942 2.349861 0.2155432 -0.565931 2.642987 -0.01218148 -0.8889836 2.392015 0.1494041 -0.8656871 2.664423 0.03711423 -0.9456631 2.370033 0.2124504 -0.8948816 2.703068
0.1654435 0.6332191 2.311165 0.1159678 0.4662123 2.306726 0.09725724 0.30625 2.197663 0.2372538 0.3379564 2.382481 0.09563305 0.04486939 2.121122 0.251541 0.2263362 2.597663 0.1685234 -0.1759315 2.112646 0.4015037 0.3187402 2.496689 0.1824579 -0.2470566 2.116726 0.3559721 0.3019014 2.51281 0.1793379 0.02993994 2.340419 0.1930548 -0.0569483 2.349311 0.1570117 -0.08278853 2.333442 0.2401224 -0.09217159 2.368944 0.08614315 -0.5111689 2.349813 0.2161238 -0.5664485 2.643721 -0.01223404 -0.8889337 2.391954 0.149231 -0.8661501 2.664439 0.03712479 -0.9456438 2.370081 0.2124552 -0.894928 2.703104
0.1666904 0.6322786 2.311265 0.1157669 0.4662208 2.306619 0.09709921 0.3062099 2.197731 0.2370529 0.3379648 2.382374 0.09489588 0.04486135 2.12104 0.2513402 0.2263442 2.597556 0.1684685 -0.1759887 2.112459 0.4165633 0.3331752 2.581919 0.1827067 -0.247664 2.116725 0.4524352 0.3827712 2.556956 0.1789642 0.02833607 2.339988 0.1926404 -0.05932641 2.348828 0.1551835 -0.09321751 2.321483 0.2398511 -0.1001852 2.377108 0.08610106 -0.51108 2.349785 0.2162163 -0.5687571 2.647458 -0.01226311 -0.8888471 2.391937 0.1466708 -0.8688939 2.660962 0.03680235 -0.9453735 2.369692 0.1943728 -0.9217057 2.648981
0.1646099 0.633388 2.310589 0.1156685 0.4661677 2.306437 0.09689341 0.3062109 2.197779 0.2369545 0.3379117 2.382192 0.09430084 0.0448907 2.120954 0.2512418 0.2262906 2.597376 0.1685009 -0.1760926 2.112504 0.3993165 0.3387092 2.648538 0.1827322 -0.2480109 2.1166 0.4446452 0.3848246 2.634816 0.1784678 0.02694843 2.339701 0.1920173 -0.06115084 2.348604 0.1543574 -0.09478782 2.320199 0.2394155 -0.1025136 2.378831 0.08601812 -0.5112566 2.349739 0.2159452 -0.5693552 2.646782 -0.01252052 -0.8896673 2.391545 0.146577 -0.8694277 2.661073 0.03698287 -0.9454804 2.369097 0.2109151 -0.8955104 2.70218
0.1627829 0.6336558 2.310064 0.1153158 0.4662266 2.306083 0.09660284 0.3060738 2.197681 0.2366018 0.3379706 2.381837 0.09393857 0.04477161 2.120761 0.2508892 0.226349 2.597022 0.1685072 -0.1760749 2.112488 0.3853188 0.3368942 2.675532 0.1828524 -0.2482979 2.116824 0.4352901 0.3798729 2.670508 0.1782722 0.02659661 2.339725 0.1918282 -0.06159726 2.348727 0.1541168 -0.09529398 2.319946 0.2393076 -0.1028565 2.380016 0.08603477 -0.5113032 2.349701 0.2162183 -0.5670886 2.647117 -0.01272223 -0.8901424 2.391566 0.1473624 -0.8674543 2.66008 0.03697435 -0.9454719 2.368985 0.2108808 -0.8953235 2.702238
0.1616131 0.6341471 2.30928 0.1149878 0.4662359 2.305947 0.09633415 0.3057784 2.197651 0.2362739 0.3379799 2.381701 0.09371937 0.04447293 2.120739 0.2505614 0.2263577 2.596887 0.1684793 -0.1760226 2.112484 0.3682907 0.32789 2.704222 0.1831284 -0.2487924 2.117017 0.4165502 0.3730199 2.702276 0.1778845 0.025539 2.339632 0.1914464 -0.06295867 2.348687 0.1537615 -0.09665979 2.319151 0.2390075 -0.1041164 2.381042 0.08590245 -0.5115319 2.349607 0.2143316 -0.5626626 2.636049 -0.01277552 -0.8911824 2.391616 0.1488307 -0.8620643 2.660498 0.03697483 -0.9459029 2.369208 0.2109404 -0.8948847 2.699679
0.1610664 0.6341541 2.30842 0.1148233 0.4662457 2.305839 0.09603219 0.3056722 2.197642 0.2361094 0.3379897 2.381593 0.0934599 0.04434985 2.120808 0.250397 0.226367 2.59678 0.1684189 -0.1759467 2.11242 0.3650718 0.3271171 2.707663 0.1830196 -0.2480424 2.1165 0.4113424 0.3736371 2.715684 0.1774338 0.02513173 2.339442 0.1909401 -0.06342489 2.348503 0.1530515 -0.09713785 2.318242 0.2385369 -0.1047419 2.381595 0.08564463 -0.5116838 2.349554 0.2141739 -0.5629112 2.635899 -0.01259735 -0.8908426 2.391526 0.1492427 -0.8618964 2.663453 0.03672046 -0.9458647 2.369329 0.2108921 -0.8949347 2.699522
0.1600676 0.6344358 2.307452 0.1147805 0.466293 2.305846 0.09591106 0.3055814 2.197642 0.2360666 0.338037 2.381601 0.09323977 0.04425043 2.120852 0.2503542 0.2264138 2.596789 0.1683722 -0.1759195 2.112432 0.3606533 0.3265894 2.712026 0.1828072 -0.2477184 2.116283 0.4061066 0.3735019 2.722153 0.178088 0.02905705 2.33937 0.1919839 -0.05763857 2.348424 0.1559667 -0.08328222 2.330556 0.2395563 -0.09229411 2.370085 0.0855535 -0.511721 2.349461 0.2140801 -0.563235 2.636701 -0.0125691 -0.8907936 2.391818 0.1491913 -0.8623615 2.663511 0.03660432 -0.9461845 2.370025 0.2109887 -0.8946648 2.698487
0.1597251 0.6345991 2.306802 0.1147618 0.4662758 2.305851 0.09585385 0.3055486 2.197653 0.2360479 0.3380198 2.381605 0.09317248 0.0441961 2.120968 0.2503355 0.2263962 2.596794 0.1683942 -0.1762765 2.112581 0.358111 0.3266277 2.714113 0.1827886 -0.2481393 2.116815 0.4043237 0.372731 2.724513 0.1781248 0.02889014 2.339493 0.1920376 -0.05794898 2.348627 0.1559258 -0.08410014 2.330503 0.2395308 -0.09335662 2.370953 0.08551598 -0.5116637 2.349469 0.2133623 -0.5631348 2.633497 -0.0126053 -0.8905998 2.392013 0.1492904 -0.8617966 2.663812 0.03660164 -0.946034 2.369853 0.2109656 -0.8945103 2.698401
0.1594674 0.6347629 2.306317 0.1147487 0.4662652 2.305825 0.0958205 0.3055628 2.197758 0.2360348 0.3380092 2.38158 0.09288432 0.04419842 2.121144 0.2503225 0.2263851 2.59677 0.1681636 -0.1764337 2.112849 0.3576192 0.3267531 2.714379 0.18228 -0.2470773 2.117362 0.4035171 0.3730193 2.725426 0.1780795 0.02889513 2.339429 0.1919694 -0.05796259 2.348551 0.155728 -0.08417727 2.33062 0.2392463 -0.09361996 2.370218 0.08534002 -0.5121158 2.349471 0.2112017 -0.5600857 2.627992 -0.01266106 -0.8910084 2.391976 0.1501301 -0.8583724 2.663389 0.03664915 -0.9461754 2.369906 0.2116758 -0.8942961 2.698887
0.1593628 0.6348703 2.306101 0.11474 0.4662808 2.305837 0.09582686 0.3056294 2.197928 0.236026 0.3380249 2.381592 0.09287146 0.04426965 2.121284 0.2503138 0.2264002 2.596783 0.1680057 -0.1763615 2.113037 0.3575775 0.3264704 2.714648 0.1820669 -0.2465285 2.117622 0.4035118 0.3728856 2.724886 0.1778304 0.02792232 2.339344 0.1915582 -0.05959749 2.348408 0.1541122 -0.08996858 2.324838 0.238721 -0.09860815 2.374898 0.08534255 -0.511996 2.349436 0.2119513 -0.5631642 2.633575 -0.01256992 -0.8906694 2.392131 0.148885 -0.8618008 2.66514 0.03634748 -0.9458315 2.369324 0.2129553 -0.8959517 2.702511
0.1592381 0.6350703 2.305936 0.1147392 0.4662837 2.305837 0.09583817 0.3056816 2.198093 0.2360253 0.3380277 2.381592 0.09285454 0.04431474 2.121482 0.2503131 0.2264026 2.596784 0.1678069 -0.1763957 2.113242 0.3561691 0.3241155 2.71754 0.181924 -0.2478927 2.119556 0.4040866 0.3693193 2.72298 0.1774954 0.02682562 2.339351 0.1910531 -0.06122584 2.348435 0.1532338 -0.09192844 2.323681 0.2383738 -0.1007202 2.376373 0.08532958 -0.5119841 2.349426 0.212154 -0.5634878 2.633728 -0.01258141 -0.8902962 2.391887 0.1488545 -0.8621354 2.664977 0.03641313 -0.9457349 2.369206 0.2092285 -0.8991792 2.678787
0.1591749 0.6351631 2.305921 0.1147327 0.4662814 2.305911 0.09582505 0.3056723 2.198149 0.2360188 0.3380254 2.381665 0.09304955 0.04427668 2.121669 0.2503066 0.2263998 2.596859 0.1681216 -0.1766982 2.114102 0.3562779 0.3241127 2.717524 0.1822314 -0.2471892 2.119989 0.4085369 0.3645633 2.718845 0.1779476 0.02932778 2.339075 0.1917288 -0.05746072 2.347945 0.1549529 -0.08501179 2.328785 0.2388831 -0.0930993 2.369177 0.08535342 -0.511665 2.349357 0.2106182 -0.5859442 2.642863 -0.01258879 -0.890239 2.391989 0.1422814 -0.8858641 2.659929 0.03643139 -0.9457163 2.369165 0.1867481 -0.9225252 2.616493
0.1591314 0.6352711 2.305899 0.1147707 0.4663553 2.306071 0.09589551 0.3057044 2.19831 0.2360567 0.3380992 2.381826 0.09375029 0.04425964 2.122049 0.2503447 0.2264733 2.59702 0.1684362 -0.176706 2.114633 0.3595497 0.3213675 2.717115 0.1825789 -0.2467346 2.120045 0.4145673 0.357533 2.71128 0.1774885 0.0255648 2.340062 0.1909527 -0.06336164 2.349314 0.1520364 -0.09619588 2.322767 0.2394764 -0.1068773 2.38259 0.08545304 -0.5115179 2.349375 0.2128142 -0.5849624 2.651103 -0.01248092 -0.8901068 2.39189 0.1442512 -0.8853146 2.664656 0.03641954 -0.9457079 2.369167 0.2159861 -0.8934445 2.704909
0.1590914 0.6353467 2.305857 0.1148309 0.4663773 2.306108 0.09592968 0.3056783 2.19837 0.236117 0.3381213 2.381862 0.09417232 0.04421103 2.122204 0.250405 0.2264948 2.597058 0.1693344 -0.1763945 2.115308 0.3649521 0.3199438 2.713647 0.1836046 -0.2464531 2.12035 0.4194183 0.3570246 2.708421 0.1787612 0.02963112 2.339903 0.192772 -0.05700339 2.349008 0.1563326 -0.08448119 2.328526 0.2407626 -0.09247754 2.37329 0.08541694 -0.5113908 2.349376 0.2135111 -0.5827248 2.651132 -0.01268783 -0.8898429 2.392282 0.1451439 -0.8830345 2.665336 0.03638661 -0.9455357 2.369249 0.2155622 -0.8939693 2.705045
0.1589421 0.6354937 2.305799 0.1147808 0.4665017 2.30617 0.09591746 0.3057016 2.198399 0.2360668 0.3382456 2.381924 0.09465183 0.04420653 2.122358 0.2503549 0.2266186 2.597121 0.170285 -0.1765794 2.115708 0.3805519 0.3195854 2.698411 0.1853271 -0.2477278 2.121179 0.4342732 0.3567256 2.688241 0.1789107 0.03121409 2.339819 0.19296 -0.0551534 2.348877 0.1567898 -0.08195341 2.330646 0.240372 -0.09026954 2.370688 0.08544325 -0.5112593 2.349428 0.213952 -0.5765381 2.650462 -0.01267107 -0.8898629 2.392323 0.1462702 -0.8769937 2.664732 0.03640084 -0.945564 2.369378 0.2139525 -0.8948237 2.703749
0.1587026 0.6354895 2.305678 0.114738 0.4665986 2.3062 0.09591927 0.3057276 2.198453 0.2360241 0.3383426 2.381954 0.09531628 0.04419476 2.122592 0.2503122 0.2267152 2.597152 0.1722189 -0.1760348 2.116716 0.3887281 0.3162441 2.691326 0.1885731 -0.2490166 2.12239 0.4387171 0.359194 2.686313 0.178658 0.02872098 2.340286 0.1925608 -0.05929581 2.3496 0.1554377 -0.08954254 2.327191 0.240101 -0.09850562 2.377005 0.08530396 -0.5118371 2.34984 0.2144582 -0.5738056 2.650711 -0.01253428 -0.8911957 2.392082 0.1463605 -0.874175 2.66492 0.03648901 -0.9468875 2.370255 0.2119259 -0.893962 2.700015
0.1586691 0.6354985 2.305698 0.1147505 0.4666367 2.306231 0.09596462 0.3057372 2.198555 0.2360365 0.3383808 2.381986 0.09584539 0.04419842 2.122715 0.2503247 0.2267529 2.597184 0.1734802 -0.1758057 2.116962 0.3960779 0.3137108 2.68348 0.1900062 -0.2501419 2.122732 0.446842 0.3540319 2.670601 0.178536 0.02663358 2.340634 0.1923447 -0.06215046 2.350031 0.1543968 -0.09554152 2.322974 0.2405125 -0.1035635 2.382301 0.08528632 -0.5116842 2.349715 0.2149051 -0.5717185 2.653616 -0.01260622 -0.8905832 2.392027 0.1467241 -0.8724873 2.664569 0.03649766 -0.9464419 2.369673 0.2115819 -0.8940606 2.697742
0.1585213 0.6355048 2.305682 0.1146733 0.4667156 2.3062 0.09604329 0.3057494 2.198633 0.2359594 0.3384596 2.381955 0.09640205 0.04420295 2.122828 0.2502477 0.2268312 2.597155 0.1742669 -0.1754578 2.116978 0.4072304 0.3128898 2.665557 0.1911253 -0.2490971 2.121896 0.461412 0.3487734 2.653503 0.1791798 0.02899482 2.340328 0.1933911 -0.05843847 2.34959 0.1579289 -0.08531897 2.328758 0.2406089 -0.09458928 2.374196 0.08545973 -0.5109959 2.34978 0.2153296 -0.5716518 2.654531 -0.01263763 -0.8904662 2.391995 0.1469535 -0.8724726 2.664691 0.03628776 -0.9461722 2.369312 0.2113411 -0.8939999 2.697693
0.1584952 0.6353081 2.305649 0.1145995 0.4669546 2.306488 0.09625322 0.3057133 2.198774 0.2358855 0.3386986 2.382243 0.09691777 0.04415375 2.123035 0.2501739 0.2270697 2.597443 0.1747409 -0.1751272 2.116855 0.4209421 0.3071647 2.640246 0.1919257 -0.2495258 2.121619 0.4714857 0.3393115 2.61231 0.1794929 0.03023836 2.340471 0.19379 -0.05686021 2.349669 0.1586788 -0.08265404 2.33281 0.2406777 -0.09189232 2.370364 0.08550378 -0.510896 2.349795 0.2150403 -0.569029 2.649832 -0.01239099 -0.8897177 2.390906 0.1477411 -0.8694755 2.664793 0.03621948 -0.9459687 2.369026 0.2102729 -0.8942577 2.697704
0.1586012 0.6349139 2.305515 0.1148225 0.4669069 2.306587 0.09637329 0.3057565 2.198906 0.2361086 0.3386509 2.382342 0.0978436 0.04420048 2.123159 0.250397 0.2270215 2.597543 0.1752515 -0.1746926 2.116753 0.4302396 0.2981001 2.620695 0.1926352 -0.2485596 2.120936 0.4726051 0.3391733 2.590919 0.1796168 0.03089263 2.340497 0.1938368 -0.05593446 2.349675 0.1585655 -0.08161262 2.334357 0.2405011 -0.09106737 2.368836 0.08551055 -0.5108753 2.349805 0.2151106 -0.5691559 2.648018 -0.01239288 -0.8896096 2.39096 0.1461905 -0.8685151 2.667933 0.03619115 -0.9458884 2.368891 0.2086545 -0.8951178 2.699958
0.1585938 0.6349124 2.30551 0.1147717 0.4669783 2.306688 0.0963717 0.305761 2.198945 0.2360577 0.3387223 2.382442 0.09867928 0.04418153 2.123347 0.2503462 0.2270925 2.597645 0.1757819 -0.1745034 2.116203 0.4375473 0.287746 2.58496 0.1932849 -0.2480705 2.120513 0.4761319 0.328006 2.549481 0.1800846 0.03128007 2.340761 0.1944572 -0.05548374 2.349987 0.1593855 -0.0811178 2.335623 0.2408936 -0.09092131 2.368599 0.08554388 -0.5108825 2.349798 0.2154792 -0.5699178 2.647279 -0.01223271 -0.8894719 2.390924 0.146275 -0.8690893 2.667979 0.03627864 -0.9458867 2.368853 0.2118173 -0.8941072 2.698647
0.1581336 0.634804 2.30547 0.1147256 0.4669895 2.306712 0.09642769 0.305679 2.198999 0.2360116 0.3387335 2.382467 0.09949106 0.04407504 2.123566 0.2503001 0.2271032 2.597671 0.1764212 -0.1741732 2.115944 0.4282767 0.2814787 2.520421 0.1938407 -0.247628 2.120377 0.3626639 0.2722314 2.530739 0.1806252 0.03230178 2.341026 0.1952055 -0.05412164 2.350338 0.1601367 -0.08017997 2.336106 0.241346 -0.08963165 2.36868 0.08555236 -0.5108769 2.349797 0.2154521 -0.5692249 2.647105 -0.01204508 -0.8894658 2.391124 0.1459973 -0.8683395 2.667796 0.03647197 -0.9462129 2.369425 0.2114764 -0.8946686 2.699036
0.1583627 0.6351119 2.306643 0.1146815 0.4669897 2.306734 0.09644326 0.3055907 2.198998 0.2359675 0.3387337 2.382489 0.09982403 0.04396969 2.12367 0.2502561 0.2271031 2.597693 0.1769259 -0.173946 2.11616 0.4199212 0.2809236 2.500497 0.1939662 -0.2472666 2.120212 0.3600067 0.2704649 2.5207 0.1810931 0.03277276 2.341076 0.1958287 -0.0535313 2.350388 0.1606455 -0.07980861 2.336192 0.2419023 -0.08910688 2.368625 0.0855778 -0.5108784 2.349762 0.2154521 -0.5682922 2.646186 -0.011997 -0.8892722 2.39109 0.146339 -0.8674124 2.667342 0.03644167 -0.9461793 2.369604 0.2119294 -0.8941473 2.698842
0.1579349 0.6352128 2.306711 0.114608 0.4669781 2.306743 0.0965516 0.3053839 2.199014 0.235894 0.3387221 2.382498 0.09990688 0.0437614 2.123686 0.2501826 0.2270912 2.597703 0.1772092 -0.1740293 2.115998 0.3919888 0.2795894 2.458484 0.1943176 -0.2469838 2.120112 0.3519133 0.2684604 2.494996 0.1814722 0.032336 2.341239 0.196385 -0.05423089 2.350628 0.1611467 -0.08051157 2.33647 0.2424438 -0.08987984 2.368792 0.08571976 -0.5108539 2.349841 0.2150571 -0.5689013 2.645027 -0.01214591 -0.8888447 2.391002 0.1471654 -0.8683486 2.665879 0.03649625 -0.9461454 2.369638 0.2001709 -0.9171051 2.66129
0.1577975 0.6351932 2.306578 0.1145586 0.4669606 2.306741 0.096644 0.3053204 2.199097 0.2358447 0.3387046 2.382496 0.1001868 0.04370499 2.123739 0.2501333 0.2270731 2.597703 0.17754 -0.1740492 2.116086 0.3695672 0.2744659 2.435373 0.1944537 -0.2468751 2.120183 0.3487342 0.2653103 2.487651 0.1815969 0.03237312 2.341246 0.196537 -0.05418939 2.350636 0.1614845 -0.08039515 2.337195 0.2427274 -0.08990587 2.368091 0.0856971 -0.5111185 2.350068 0.2149325 -0.5664499 2.643236 -0.01213453 -0.8888378 2.390924 0.1477977 -0.8658319 2.665568 0.03653977 -0.9461334 2.369686 0.2081471 -0.8979542 2.688675
0.1578046 0.6351546 2.306525 0.1145587 0.4669687 2.306733 0.09668727 0.3052816 2.198999 0.2358448 0.3387128 2.382489 0.1002818 0.04362953 2.123833 0.2501335 0.2270807 2.597696 0.1776613 -0.1741221 2.116113 0.3549181 0.2752328 2.424954 0.1944532 -0.2467838 2.120123 0.4160781 0.3002876 2.424875 0.1816786 0.03351983 2.341205 0.1965585 -0.05266745 2.350592 0.1615977 -0.07905468 2.336665 0.2424979 -0.08859463 2.368496 0.08593009 -0.5112565 2.350198 0.2140336 -0.564422 2.638407 -0.01203254 -0.8887974 2.390952 0.1485552 -0.8633775 2.665416 0.03657841 -0.9462172 2.370341 0.2071074 -0.8958969 2.69385
0.1575982 0.6350697 2.306534 0.1145662 0.4669611 2.30673 0.09675128 0.3052636 2.198977 0.2358523 0.3387052 2.382485 0.1003807 0.04359642 2.123887 0.250141 0.2270726 2.597694 0.1779787 -0.1744532 2.116786 0.3471626 0.2744458 2.419885 0.1944582 -0.2465515 2.120358 0.405856 0.2848893 2.448421 0.182074 0.03436785 2.34121 0.19701 -0.05156109 2.350601 0.1620153 -0.07848357 2.336272 0.2428831 -0.08696805 2.369069 0.08598274 -0.5111959 2.350219 0.2140895 -0.5628833 2.63602 -0.01208205 -0.8887084 2.390904 0.1490866 -0.8615116 2.6654 0.03663131 -0.9462377 2.370355 0.2145147 -0.8966656 2.695068
0.1574983 0.6350514 2.306599 0.1145723 0.4669594 2.306693 0.09675086 0.305271 2.198983 0.2358584 0.3387035 2.382448 0.1004347 0.04360738 2.123873 0.2501472 0.2270704 2.597657 0.1783168 -0.1747621 2.117187 0.3323032 0.2691927 2.410586 0.1948702 -0.2482761 2.122022 0.3596885 0.2832335 2.352657 0.1820421 0.03494887 2.341175 0.1969104 -0.05083575 2.350583 0.1619157 -0.0778097 2.335888 0.2427095 -0.08642992 2.369364 0.08627766 -0.5108393 2.350124 0.2136303 -0.5618786 2.634149 -0.01190024 -0.8883484 2.390589 0.1494226 -0.8604093 2.66496 0.03657408 -0.9457661 2.369079 0.2138989 -0.8966607 2.694993
0.1577458 0.6347017 2.30614 0.1145278 0.4669451 2.306501 0.09676448 0.3052574 2.198964 0.2358139 0.3386891 2.382257 0.1005405 0.04359189 2.123865 0.2501028 0.2270555 2.597467 0.1784401 -0.1751775 2.117715 0.3291242 0.2687382 2.408842 0.1951236 -0.2500107 2.123782 0.3554646 0.2826324 2.350395 0.1820917 0.03496289 2.341181 0.1969688 -0.05083358 2.35061 0.1620219 -0.0778587 2.336261 0.2428015 -0.0864118 2.369211 0.08628507 -0.5108451 2.350129 0.2136034 -0.5613656 2.633414 -0.01191548 -0.8882892 2.390504 0.1494679 -0.8598446 2.664576 0.03672437 -0.9457037 2.368987 0.2113665 -0.8960145 2.694612
0.1578711 0.634552 2.305912 0.1144329 0.4669133 2.306209 0.09671925 0.3051651 2.198897 0.2357189 0.3386573 2.381964 0.1005425 0.04349104 2.123841 0.2500078 0.2270234 2.597176 0.1782447 -0.1755816 2.118317 0.3211919 0.2664735 2.404718 0.1952717 -0.2493265 2.123572 0.3449199 0.2796236 2.344994 0.1821073 0.03500027 2.341163 0.196981 -0.05080725 2.35061 0.1620041 -0.07792617 2.336027 0.2428653 -0.08629707 2.369459 0.08658208 -0.5113429 2.350449 0.2124797 -0.558032 2.630912 -0.01206476 -0.8885987 2.390444 0.1512297 -0.8567148 2.664132 0.03701853 -0.946063 2.368769 0.2102314 -0.8946939 2.694044
0.157856 0.6345106 2.30586 0.1143879 0.4667738 2.306083 0.09673107 0.3051317 2.198874 0.2356739 0.3385179 2.381838 0.1005654 0.04345134 2.123847 0.2499629 0.2268834 2.597051 0.1782314 -0.1758503 2.118294 0.3200407 0.2659376 2.40407 0.1952076 -0.2500791 2.123912 0.3434 0.2789556 2.344171 0.1819183 0.03617766 2.341109 0.1966743 -0.04911307 2.350608 0.1618077 -0.07602504 2.336775 0.2422481 -0.08458902 2.368692 0.08676348 -0.5116384 2.350554 0.2123767 -0.5583098 2.630684 -0.01209851 -0.889066 2.390631 0.1515796 -0.8571438 2.663607 0.03730761 -0.9465287 2.369007 0.2102239 -0.8940311 2.69576
0.1577422 0.6345354 2.305592 0.1143021 0.4666764 2.305864 0.09675081 0.3051173 2.198889 0.2355881 0.3384204 2.381619 0.1005551 0.04345021 2.123782 0.2498772 0.2267855 2.596833 0.178035 -0.175969 2.118514 0.3157908 0.2657781 2.402269 0.195181 -0.2508249 2.124483 0.337762 0.2787756 2.341843 0.182025 0.03533777 2.341227 0.1968382 -0.05047904 2.350887 0.1618354 -0.07726507 2.336892 0.2424622 -0.08614877 2.36917 0.08720262 -0.5112591 2.350527 0.2123866 -0.5584111 2.630333 -0.01203542 -0.8889111 2.390608 0.1517362 -0.8571489 2.663889 0.03726226 -0.9462796 2.36868 0.2106293 -0.8931988 2.693425
0.1576756 0.634558 2.305526 0.1140628 0.4666434 2.305746 0.09675671 0.3049784 2.198833 0.2353489 0.3383875 2.381502 0.100635 0.04331064 2.123729 0.249638 0.226752 2.596716 0.177768 -0.1761169 2.118596 0.3141482 0.2645085 2.401387 0.1947511 -0.2518676 2.124986 0.3356517 0.2770941 2.340705 0.1792611 0.02992856 2.341628 0.1930143 -0.05840655 2.351549 0.1552898 -0.08991867 2.328651 0.238021 -0.09955388 2.379704 0.08722378 -0.5112155 2.350527 0.212279 -0.5581031 2.629985 -0.01204608 -0.888795 2.390621 0.1516286 -0.8568481 2.663503 0.03725812 -0.9461657 2.368655 0.2110915 -0.8924165 2.695082
0.1576582 0.6345234 2.305377 0.1139324 0.4664904 2.305414 0.09682039 0.304944 2.198765 0.2352184 0.3382345 2.38117 0.1005965 0.04327291 2.123665 0.2495076 0.2265986 2.596385 0.1775976 -0.1762296 2.118673 0.3142712 0.2645254 2.40118 0.1945416 -0.2523848 2.125271 0.3358591 0.2771676 2.34054 0.179308 0.02967564 2.341447 0.1931066 -0.05857516 2.351388 0.1566093 -0.09143546 2.324146 0.2385697 -0.09996104 2.381578 0.08720138 -0.5121526 2.350826 0.212771 -0.5606157 2.632479 -0.01218101 -0.8896669 2.390248 0.1508907 -0.8595087 2.663955 0.0372839 -0.9463021 2.368766 0.2106626 -0.8919949 2.693997
0.15764 0.6345191 2.305377 0.1139263 0.4663506 2.305338 0.09690201 0.3049043 2.19873 0.2352124 0.3380947 2.381093 0.1005749 0.04323855 2.123588 0.2495016 0.2264582 2.596309 0.1773725 -0.1761873 2.118578 0.3147669 0.2641869 2.401242 0.194159 -0.2528767 2.12527 0.3365219 0.2767631 2.340647 0.179491 0.029556 2.341512 0.1933772 -0.0586234 2.351475 0.1570378 -0.09137145 2.324053 0.2392495 -0.09957914 2.382313 0.08720618 -0.5121738 2.350883 0.2133096 -0.5608886 2.634269 -0.01199462 -0.8904169 2.389462 0.1506251 -0.8600882 2.663224 0.03783406 -0.947135 2.369408 0.2104075 -0.891929 2.694018
0.1574316 0.6344771 2.305116 0.1139347 0.4662954 2.305271 0.09678831 0.3044302 2.198322 0.2352207 0.3380395 2.381026 0.1005649 0.04272887 2.123372 0.24951 0.2264025 2.596244 0.1771034 -0.17625 2.118591 0.3144877 0.2655371 2.401369 0.1938998 -0.2539374 2.125547 0.3361469 0.278582 2.340839 0.1799208 0.03125559 2.341469 0.1941114 -0.05561621 2.351421 0.1583908 -0.08714848 2.325027 0.2401644 -0.09428131 2.381473 0.08725821 -0.5120469 2.350914 0.213566 -0.5609703 2.635356 -0.01183355 -0.8898631 2.389062 0.1504293 -0.8602201 2.663514 0.03761376 -0.9465141 2.368712 0.211589 -0.8928933 2.698887
0.1574496 0.634436 2.305132 0.1139348 0.4660996 2.30507 0.09682272 0.3044006 2.198278 0.2352208 0.3378436 2.380826 0.1004982 0.04270244 2.123297 0.2495102 0.2262062 2.596044 0.1769679 -0.1765065 2.118521 0.3129678 0.2660043 2.400776 0.1937087 -0.2544196 2.125738 0.3341204 0.2792704 2.340115 0.180098 0.03148377 2.341322 0.1943815 -0.05521942 2.351227 0.158919 -0.08636495 2.325015 0.2404087 -0.09357077 2.38108 0.0868753 -0.5130062 2.351309 0.2138301 -0.5617808 2.63622 -0.01191937 -0.890453 2.388668 0.1504108 -0.8611238 2.663525 0.03770351 -0.9468234 2.368689 0.2126745 -0.8937043 2.703403
0.1579057 0.6340765 2.304923 0.1139075 0.4660812 2.30507 0.09679762 0.304381 2.198265 0.2351935 0.3378252 2.380825 0.1004891 0.04268503 2.123267 0.249483 0.2261874 2.596045 0.1770917 -0.1771978 2.11862 0.3131226 0.2659999 2.400842 0.1938209 -0.2547641 2.125842 0.3343358 0.2792707 2.340203 0.1808442 0.03196593 2.341314 0.1955061 -0.05450299 2.351184 0.161198 -0.0838332 2.329458 0.2428635 -0.09093286 2.376478 0.08712439 -0.5128778 2.351272 0.2143095 -0.5623327 2.637275 -0.01163057 -0.8911831 2.388573 0.1504108 -0.8617876 2.663365 0.03760974 -0.9470714 2.368639 0.2123888 -0.8944635 2.700235
0.134454 0.6323917 2.299491 0.1139044 0.4659631 2.30486 0.09680798 0.3042831 2.198185 0.2351904 0.3377072 2.380615 0.1003996 0.04257965 2.123214 0.2494799 0.2260689 2.595836 0.1770388 -0.1773042 2.118659 0.3345557 0.2722072 2.411196 0.1937682 -0.2549228 2.125858 0.3629143 0.2875867 2.354077 0.1812482 0.0247623 2.341715 0.1959701 -0.06480047 2.351962 0.1593946 -0.09590442 2.328156 0.2442548 -0.1016885 2.37989 0.08711945 -0.5128217 2.351307 0.2143597 -0.5623025 2.636372 -0.01174909 -0.8909982 2.388868 0.1502437 -0.8614799 2.663769 0.03743819 -0.94702 2.369104 0.2123408 -0.8944326 2.70039
0.1472317 0.6313376 2.301093 0.1139734 0.465863 2.304698 0.09677749 0.3039946 2.197866 0.2352594 0.3376071 2.380453 0.1003894 0.04224756 2.123124 0.2495489 0.2259683 2.595675 0.1770653 -0.1773524 2.118663 0.366785 0.280673 2.43409 0.1937712 -0.2549251 2.125874 0.4058638 0.2989079 2.384657 0.1816907 0.0272679 2.341268 0.1965424 -0.06022857 2.35127 0.1604445 -0.08959956 2.330296 0.2440674 -0.09520674 2.375897 0.0871454 -0.5124953 2.351445 0.2143585 -0.5623034 2.635865 -0.01178031 -0.8907852 2.389344 0.1498714 -0.861295 2.66385 0.03742345 -0.9469705 2.369182 0.2121087 -0.8945858 2.698099
0.1484283 0.6314467 2.30055 0.1139783 0.4657642 2.304558 0.09685317 0.3037591 2.197657 0.2352643 0.3375083 2.380313 0.1004226 0.04200244 2.122957 0.2495539 0.225869 2.595536 0.1771646 -0.1776729 2.11859 0.4076378 0.2977238 2.489642 0.1939855 -0.2552973 2.125904 0.4603325 0.3216754 2.458773 0.1817996 0.02839466 2.340993 0.1966432 -0.05853885 2.350915 0.1609303 -0.08631945 2.332663 0.2435312 -0.09293967 2.37259 0.0871416 -0.5124214 2.351699 0.2143173 -0.562583 2.635401 -0.01189452 -0.8905822 2.389485 0.1480034 -0.8607088 2.665897 0.03744035 -0.9469423 2.369303 0.207914 -0.8987296 2.704439
0.1496074 0.6313171 2.29955 0.1139133 0.4657475 2.304225 0.09685849 0.3036609 2.197593 0.2351994 0.3374916 2.37998 0.1004028 0.04190516 2.122881 0.249489 0.2258519 2.595204 0.1771155 -0.1777222 2.118433 0.4238636 0.3169208 2.576413 0.1940111 -0.2553723 2.126002 0.4819884 0.3472771 2.574578 0.181349 0.02664884 2.340955 0.1959449 -0.0612384 2.351008 0.1590111 -0.09222898 2.32897 0.2429159 -0.09826475 2.37704 0.08715917 -0.5121309 2.351533 0.2141824 -0.5616024 2.634655 -0.01186177 -0.8898522 2.389194 0.1483741 -0.8597883 2.665424 0.03743989 -0.9469414 2.369304 0.2079962 -0.8972319 2.700232
0.1528814 0.6312659 2.299068 0.1139967 0.4654575 2.303674 0.09688152 0.3036295 2.197554 0.2352827 0.3372016 2.379429 0.1003016 0.04186499 2.122874 0.2495724 0.2255614 2.594654 0.1768062 -0.1777981 2.118235 0.4185237 0.3192652 2.618862 0.1940057 -0.2555457 2.126046 0.4638126 0.3672581 2.622525 0.1804532 0.02579669 2.3403 0.1946807 -0.0622675 2.350257 0.1548118 -0.1016012 2.310755 0.2403927 -0.1063914 2.388845 0.08684187 -0.5145866 2.351876 0.2139861 -0.5615614 2.633976 -0.01177204 -0.889645 2.389256 0.1485747 -0.8596931 2.665481 0.03741409 -0.9468879 2.369302 0.2076487 -0.8951955 2.696726
0.1547283 0.6307747 2.29792 0.1140301 0.4652225 2.303339 0.09690681 0.3033675 2.197284 0.2353162 0.3369666 2.379095 0.1001258 0.04154131 2.122917 0.2496059 0.2253259 2.594321 0.1766822 -0.1780814 2.118227 0.3922367 0.326032 2.671842 0.1940143 -0.2557756 2.126263 0.4365442 0.3714464 2.653344 0.1809066 0.02882582 2.339769 0.1953614 -0.05747526 2.349635 0.1597959 -0.08298965 2.325671 0.2414373 -0.09152418 2.376326 0.08726157 -0.5114529 2.35143 0.21548 -0.5629057 2.638679 -0.0119085 -0.8895316 2.389612 0.1481557 -0.8614633 2.665587 0.03737748 -0.9468456 2.369345 0.2083097 -0.8946549 2.694618
0.1566169 0.6308883 2.297389 0.1140824 0.4651374 2.303095 0.09693761 0.3032925 2.197123 0.2353684 0.3368815 2.37885 0.09998117 0.04144457 2.122856 0.2496583 0.2252403 2.594077 0.1765424 -0.1781755 2.118304 0.3852055 0.3283611 2.679404 0.1936782 -0.2564027 2.126886 0.429512 0.3767664 2.687253 0.1806896 0.02724287 2.339376 0.1949846 -0.06001254 2.349167 0.1577701 -0.09148946 2.32083 0.2419789 -0.09746884 2.379519 0.08721937 -0.5113636 2.351345 0.2160399 -0.5619121 2.64073 -0.01200754 -0.8895174 2.389837 0.1482947 -0.8607808 2.665294 0.03740645 -0.9468344 2.369393 0.2083054 -0.8947628 2.694605
0.15678 0.6310543 2.296586 0.1141875 0.4649434 2.303015 0.09689631 0.303111 2.196816 0.2354736 0.3366875 2.37877 0.09992908 0.04122233 2.122764 0.2497635 0.2250459 2.593998 0.1762929 -0.1783265 2.118437 0.3717906 0.3310812 2.692952 0.193283 -0.2568074 2.127429 0.4177774 0.3785069 2.694878 0.180512 0.02536678 2.339676 0.1946735 -0.06257038 2.349625 0.1568646 -0.09515885 2.31978 0.2425413 -0.1026482 2.383382 0.08715877 -0.5112584 2.351308 0.2173831 -0.5626714 2.643684 -0.01199212 -0.8895186 2.389921 0.148024 -0.8616678 2.665217 0.03741145 -0.946839 2.369406 0.2069513 -0.8943977 2.695828
0.1575343 0.6306666 2.295917 0.1143024 0.4645676 2.302886 0.09689725 0.3030627 2.196779 0.2355884 0.3363116 2.378642 0.09973044 0.04116121 2.122779 0.2498784 0.2246695 2.59387 0.1752848 -0.1780932 2.118626 0.3680367 0.3317477 2.695932 0.1926889 -0.2572614 2.12771 0.411974 0.3809673 2.699751 0.1807126 0.0223113 2.339775 0.1949048 -0.0664239 2.349793 0.1568283 -0.09815507 2.320268 0.243065 -0.1057242 2.383353 0.08681995 -0.512015 2.351226 0.2165668 -0.5641122 2.640399 -0.01211264 -0.890169 2.389384 0.1473567 -0.8625386 2.665582 0.03725465 -0.9469714 2.368924 0.1883727 -0.9206254 2.653287
0.1654988 0.6271775 2.295332 0.114605 0.464667 2.302615 0.09716229 0.3032838 2.196658 0.235891 0.336411 2.37837 0.09949797 0.04132667 2.12293 0.250181 0.2247685 2.5936 0.1749992 -0.1784351 2.118691 0.3662084 0.331179 2.698411 0.1923847 -0.2572962 2.127622 0.4088117 0.3815995 2.701623 0.1811757 0.02779562 2.338795 0.1953463 -0.05843044 2.348543 0.1588509 -0.08383919 2.32848 0.2420168 -0.09188902 2.370933 0.08696772 -0.5115275 2.351221 0.2180847 -0.5607771 2.639809 -0.01205419 -0.890078 2.389426 0.1482513 -0.8590881 2.664817 0.0372383 -0.9468169 2.368765 0.204376 -0.8963718 2.69442
0.1688491 0.625088 2.295122 0.1148547 0.4644123 2.302326 0.09734504 0.3032692 2.196342 0.2361407 0.3361564 2.378082 0.09942838 0.04129198 2.122706 0.2504308 0.2245134 2.593313 0.1738744 -0.1782866 2.118363 0.3653789 0.3315414 2.698622 0.1915777 -0.257096 2.127494 0.4075041 0.3823009 2.702679 0.1812239 0.02730846 2.338819 0.1953743 -0.05926225 2.348652 0.1588739 -0.0921602 2.320004 0.2430521 -0.1003405 2.382988 0.08711824 -0.5114838 2.351093 0.2183234 -0.5581434 2.636841 -0.01222276 -0.8905055 2.389712 0.1490132 -0.8561243 2.664422 0.03723693 -0.9468181 2.368764 0.2052968 -0.8951958 2.693076
0.1718869 0.6250319 2.295187 0.1149255 0.4643934 2.302354 0.09739858 0.3033461 2.196203 0.2362115 0.3361375 2.378109 0.09938208 0.04135221 2.122649 0.2505017 0.224494 2.593341 0.1734413 -0.1787204 2.118165 0.3655043 0.3324619 2.697743 0.1913601 -0.2572372 2.127508 0.4077022 0.3831447 2.701992 0.1813136 0.02674575 2.339058 0.1954812 -0.06022648 2.348991 0.1588955 -0.09389363 2.318999 0.2434272 -0.1019461 2.385078 0.08718511 -0.5114312 2.351073 0.216873 -0.5629977 2.638539 -0.01209427 -0.8901458 2.389728 0.1479558 -0.8612328 2.665205 0.03731519 -0.9467862 2.368877 0.2060783 -0.8946582 2.693896
0.1736231 0.6248375 2.295116 0.1151027 0.4643152 2.30229 0.09751738 0.3033628 2.196143 0.2363887 0.3360592 2.378046 0.09931604 0.0413675 2.122583 0.250679 0.2244153 2.593279 0.1726885 -0.1784109 2.118363 0.3681523 0.3344476 2.693246 0.1905268 -0.2568461 2.127232 0.40988 0.3854764 2.697966 0.1813648 0.02633615 2.33928 0.1955049 -0.06086089 2.349329 0.1588534 -0.09429003 2.318996 0.2434657 -0.1024434 2.385663 0.08734447 -0.5112333 2.351173 0.21611 -0.5640867 2.63893 -0.01200673 -0.8898388 2.390034 0.1477931 -0.8624344 2.665737 0.03726721 -0.9467129 2.368899 0.2066355 -0.894003 2.693096
