0.1169444 0.6265407 2.224188 0.08409342 0.4551597 2.211173 0.03098346 0.2953796 2.100456 0.2254643 0.3373092 2.401065 -0.01507369 0.04821178 2.024194 0.2196874 0.1339168 2.235612 0.01344456 -0.1645086 2.007796 0.3140973 0.1980852 2.381324 0.0258647 -0.2397088 2.010747 0.3455673 0.2194747 2.434304 0.133143 0.07020959 2.227065 0.1431596 -0.008298507 2.233468 0.1045997 -0.06495394 2.186708 0.1967442 -0.07258092 2.283111 0.04389662 -0.4853927 2.282026 0.1778642 -0.5008051 2.481512 0.01200287 -0.8579921 2.358737 0.1712565 -0.864392 2.557621 0.05565551 -0.9429142 2.384876 0.2100392 -0.9262272 2.56277
0.1169023 0.6269024 2.224167 0.08411656 0.4552276 2.211143 0.03100212 0.295416 2.100371 0.224909 0.3378747 2.400938 -0.0147818 0.04822415 2.023969 0.2190713 0.1356348 2.237125 0.01362375 -0.1645983 2.00769 0.3118065 0.1956266 2.39114 0.02609098 -0.2399388 2.010787 0.3427182 0.2156239 2.446887 0.1332531 0.06898164 2.226723 0.1432554 -0.009649618 2.233057 0.1046303 -0.06499133 2.188196 0.1964577 -0.07253359 2.278745 0.04827801 -0.4919032 2.29128 0.1780303 -0.5006437 2.481336 0.00851445 -0.8616594 2.361732 0.1713825 -0.8665608 2.5576 0.0582521 -0.9416302 2.39225 0.2378518 -0.9064512 2.520168
0.1169393 0.6269977 2.224128 0.08411256 0.4552547 2.211089 0.0309769 0.2954239 2.100197 0.2243969 0.3382187 2.400745 -0.0146305 0.04822879 2.023644 0.2186316 0.1364407 2.237828 0.01388946 -0.1647365 2.007119 0.294601 0.1746938 2.410059 0.02663935 -0.2394845 2.010442 0.3199242 0.1874448 2.471879 0.1333983 0.06761947 2.225955 0.1434247 -0.01115531 2.232131 0.1046462 -0.06511275 2.188685 0.1965282 -0.07264008 2.274621 0.04680694 -0.4911879 2.288526 0.1774182 -0.503008 2.482123 0.008897849 -0.8619579 2.361862 0.1673658 -0.859243 2.555686 0.05853577 -0.9418051 2.392862 0.233883 -0.8991114 2.518316
0.1170394 0.6268893 2.224236 0.08429395 0.4550105 2.211099 0.03124339 0.2954019 2.099868 0.2243355 0.3381714 2.40075 -0.01426867 0.0482325 2.023095 0.2186298 0.1365091 2.238449 0.01497705 -0.1650617 2.006848 0.2980072 0.1924801 2.418163 0.02718745 -0.2383811 2.009223 0.3244663 0.2111371 2.482476 0.134609 0.06651302 2.227116 0.1448565 -0.01217158 2.233612 0.1065647 -0.0653564 2.192871 0.1977106 -0.07243207 2.275337 0.04438506 -0.4897585 2.285975 0.1773978 -0.5033587 2.482281 0.008785419 -0.8627961 2.362303 0.1673717 -0.8592706 2.555667 0.05081411 -0.9400986 2.38433 0.2227545 -0.9163873 2.604384
0.1166061 0.6265561 2.223815 0.08406509 0.4548782 2.210517 0.03151726 0.2952433 2.099675 0.223467 0.3382578 2.399963 -0.01341683 0.04807794 2.022362 0.2182312 0.1367245 2.238417 0.01567101 -0.1654008 2.006085 0.2980741 0.1779297 2.431947 0.02774709 -0.2383983 2.008561 0.3246884 0.1916647 2.500866 0.1331233 0.06472563 2.226275 0.1430029 -0.01419058 2.232745 0.1052362 -0.06546628 2.193427 0.1946646 -0.07354064 2.272678 0.04368644 -0.4894058 2.284476 0.1699181 -0.5028486 2.473759 0.00752888 -0.8659068 2.363541 0.1676337 -0.8570154 2.55554 0.04958359 -0.9410123 2.387251 0.234265 -0.896892 2.51838
0.1173395 0.6268795 2.223737 0.08436444 0.4548261 2.21035 0.03167855 0.2952194 2.099522 0.2234918 0.338295 2.399888 -0.01271041 0.04795736 2.022192 0.2183499 0.1369062 2.238583 0.01745676 -0.1657911 2.005448 0.291823 0.2359561 2.423481 0.02886862 -0.2388407 2.008046 0.316314 0.2689728 2.489522 0.1331577 0.06469234 2.226288 0.1430149 -0.01419561 2.23276 0.1051457 -0.06537774 2.193627 0.1947304 -0.07345394 2.272712 0.04487697 -0.4875532 2.283755 0.1652803 -0.5057164 2.46425 0.01497972 -0.8648621 2.359178 0.169509 -0.8554869 2.554786 0.06454116 -0.9414046 2.397721 0.2361547 -0.8953692 2.517659
0.1178433 0.6268823 2.223447 0.08436041 0.4547042 2.20996 0.03184434 0.2951805 2.099381 0.2232134 0.3383028 2.399467 -0.01171362 0.04780188 2.021892 0.2182604 0.1369787 2.238564 0.0185668 -0.1654795 2.004725 0.3739046 0.220386 2.294164 0.03065446 -0.2387778 2.007282 0.425786 0.2481884 2.317106 0.1338093 0.06403843 2.227022 0.1439425 -0.01492243 2.23395 0.1062289 -0.06569815 2.195651 0.1957371 -0.07368211 2.274042 0.04473024 -0.4881473 2.283584 0.1717295 -0.5145276 2.479075 0.0131106 -0.8692517 2.363753 0.1702019 -0.8589548 2.554514 0.06506902 -0.9438516 2.399043 0.2368712 -0.8988357 2.517428
0.1181299 0.6260656 2.223055 0.08468455 0.4542865 2.209721 0.03214014 0.2949089 2.099007 0.2232509 0.3381298 2.399328 -0.01108813 0.04744296 2.021652 0.2183177 0.1369243 2.238624 0.02037921 -0.166001 2.004791 0.3712991 0.224571 2.294925 0.03236128 -0.2384438 2.007267 0.373546 0.291994 2.296424 0.1331294 0.06273004 2.22647 0.1428984 -0.01632853 2.233248 0.1048389 -0.06606209 2.195858 0.1944952 -0.07468634 2.272239 0.04450251 -0.4873857 2.28244 0.1763075 -0.5064949 2.481558 0.01283067 -0.8700871 2.364201 0.1752598 -0.8619076 2.557504 0.06008951 -0.943697 2.395375 0.2419581 -0.901808 2.520493
0.1183681 0.6261829 2.222921 0.08468507 0.4542854 2.209723 0.0324612 0.2948755 2.098745 0.2231553 0.3381699 2.399344 -0.01073115 0.04736349 2.021574 0.2181979 0.1371084 2.238931 0.02156133 -0.1665282 2.005223 0.3034611 0.2390268 2.37589 0.03310531 -0.2385897 2.007127 0.3318821 0.2729996 2.425952 0.1330215 0.06224148 2.226527 0.1427603 -0.01685765 2.233289 0.1046602 -0.06618266 2.196082 0.1943795 -0.07485737 2.272142 0.0499429 -0.4910754 2.292975 0.178228 -0.5073262 2.486486 0.01141484 -0.869061 2.363384 0.1739227 -0.8631603 2.557875 0.06054027 -0.9440194 2.394947 0.2257618 -0.9107909 2.62748
0.1186193 0.6259972 2.222661 0.08475307 0.4541706 2.209442 0.03282503 0.2948723 2.098423 0.2230649 0.3381365 2.39908 -0.01035848 0.04732946 2.021386 0.2181883 0.1371215 2.238919 0.02349149 -0.16745 2.006074 0.3417824 0.2713392 2.276981 0.03435972 -0.2387855 2.007744 0.3829805 0.3160784 2.294077 0.132749 0.06133821 2.226478 0.1423845 -0.01787227 2.2333 0.1041161 -0.06653007 2.196603 0.1940509 -0.07532784 2.271847 0.04576392 -0.4896746 2.286829 0.1807114 -0.5039734 2.488734 0.008369409 -0.8637589 2.359683 0.1742037 -0.8644726 2.558218 0.05867278 -0.9426482 2.392039 0.2410016 -0.9043747 2.521384
0.1185921 0.626044 2.222595 0.08480359 0.4542256 2.209451 0.03303861 0.294836 2.098238 0.2230353 0.338251 2.399093 -0.009868786 0.04721722 2.021328 0.2181923 0.1374257 2.239181 0.0237636 -0.1673483 2.006151 0.3067719 0.241373 2.402631 0.03523229 -0.238782 2.0082 0.3362985 0.2760221 2.461524 0.1326147 0.06128916 2.22648 0.1421684 -0.01792117 2.233285 0.1037394 -0.06647409 2.1966 0.19375 -0.07537939 2.271846 0.0440963 -0.4907854 2.285517 0.1808732 -0.5043671 2.488872 0.009442733 -0.8707386 2.36506 0.1740159 -0.8629694 2.557509 0.05776554 -0.9437566 2.393566 0.2408463 -0.9028706 2.520733
0.1186132 0.6257232 2.222404 0.08494607 0.4539517 2.209256 0.03315216 0.2947436 2.098059 0.2230247 0.3380989 2.398946 -0.009517647 0.04706952 2.021214 0.1986581 0.160361 2.272077 0.02456073 -0.1672254 2.006689 0.3071706 0.2458104 2.40861 0.0357383 -0.2385596 2.00838 0.3433415 0.2742935 2.45853 0.1322846 0.06093164 2.226269 0.1417181 -0.01823883 2.233042 0.1030252 -0.06661797 2.196463 0.193288 -0.0756571 2.271529 0.04393217 -0.4905154 2.284713 0.1808533 -0.4980258 2.48712 0.009366195 -0.8695323 2.364141 0.1740363 -0.8632426 2.557669 0.0572255 -0.9434611 2.392919 0.2408764 -0.9031546 2.520923
0.1181167 0.6255604 2.221885 0.08486705 0.4539774 2.209276 0.03328376 0.2946391 2.097927 0.2227472 0.3382047 2.39898 -0.009154588 0.04686601 2.021364 0.2326591 0.1251407 2.264924 0.02519645 -0.1677121 2.007257 0.3133741 0.253705 2.38755 0.03685824 -0.2387646 2.009104 0.3402791 0.2965597 2.432835 0.1321232 0.06071063 2.226415 0.1415591 -0.01847381 2.233199 0.1028294 -0.0667614 2.196676 0.193157 -0.07572181 2.271647 0.04386238 -0.4905629 2.284137 0.1813745 -0.4986658 2.48788 0.01022574 -0.8691874 2.363251 0.1708707 -0.867407 2.559031 0.05693868 -0.9437054 2.392725 0.2377574 -0.9073136 2.522365
0.1183047 0.6254171 2.22191 0.08502361 0.4537285 2.209253 0.03335209 0.2946167 2.097932 0.2227769 0.338068 2.398962 -0.008930098 0.04682811 2.021307 0.2303487 0.1287322 2.261521 0.02589035 -0.1656737 2.008005 0.3174823 0.2572642 2.369496 0.03715574 -0.2389786 2.009568 0.3465268 0.3001082 2.409896 0.1320803 0.0607395 2.226419 0.141445 -0.01833958 2.233202 0.1024926 -0.06665027 2.19641 0.1930845 -0.07564843 2.271919 0.04521233 -0.4901078 2.286551 0.18152 -0.491796 2.48346 0.009900862 -0.8680494 2.362374 0.1787549 -0.8548945 2.557492 0.05749369 -0.9436682 2.392951 0.2456433 -0.8948069 2.520834
0.118033 0.6250142 2.222077 0.0850977 0.4536345 2.209298 0.03343962 0.2945105 2.097893 0.2227805 0.3380274 2.398988 -0.00884755 0.04670763 2.021333 0.2313116 0.1297648 2.255595 0.02589213 -0.1656895 2.008037 0.3189242 0.2582463 2.362892 0.0374645 -0.2388399 2.009601 0.3481283 0.3010735 2.403068 0.1316714 0.06194796 2.226277 0.140763 -0.0162542 2.232907 0.1014879 -0.0661564 2.193198 0.1926657 -0.0746991 2.274041 0.0449971 -0.4904006 2.285793 0.1802533 -0.4936627 2.482273 0.008246122 -0.8695958 2.363499 0.178805 -0.8579096 2.556487 0.05675776 -0.9450877 2.397971 0.2457027 -0.8978275 2.51985
0.1180444 0.6251048 2.222101 0.08514182 0.4536443 2.209318 0.03360183 0.2944822 2.098014 0.222783 0.338044 2.399001 -0.008821521 0.04671016 2.021409 0.2302961 0.1292852 2.242467 0.02588896 -0.1653223 2.007941 0.32117 0.2571748 2.354271 0.03768303 -0.2386725 2.009634 0.3514613 0.2998046 2.395948 0.1314022 0.06244713 2.226495 0.1403896 -0.01558393 2.233188 0.1012672 -0.06626543 2.192511 0.1918481 -0.0748771 2.276917 0.04455981 -0.4909644 2.285074 0.1799194 -0.5069899 2.491329 0.00867172 -0.8702231 2.363462 0.1773891 -0.8575585 2.555919 0.05830052 -0.9474692 2.400489 0.2442901 -0.8974876 2.519301
0.1183649 0.6255456 2.222415 0.08519865 0.4537251 2.209486 0.03355119 0.294598 2.098122 0.2268756 0.3366827 2.408004 -0.008709148 0.04678597 2.021567 0.2300373 0.1306512 2.229404 0.02588928 -0.165105 2.007991 0.3236557 0.2544102 2.339624 0.0379697 -0.2385724 2.009972 0.3548618 0.2956632 2.380773 0.1310787 0.06290358 2.226689 0.1399859 -0.0150434 2.23337 0.1005608 -0.06593043 2.19238 0.1917946 -0.07494067 2.277169 0.04275243 -0.4895026 2.282978 0.1821551 -0.5028 2.493798 0.01015384 -0.864888 2.360976 0.1765479 -0.8593064 2.555589 0.05887587 -0.9415421 2.400364 0.2165605 -0.9213665 2.596084
0.1184199 0.6255748 2.222552 0.08519899 0.4536732 2.209767 0.0334814 0.2947525 2.098274 0.2280167 0.3357123 2.411344 -0.008637764 0.04689027 2.021837 0.2304294 0.1362022 2.224298 0.02585848 -0.1656736 2.008308 0.3257304 0.3000363 2.210739 0.03798067 -0.2385711 2.010043 0.2979585 0.3372429 2.161759 0.1305789 0.06433748 2.227148 0.1393607 -0.01306586 2.233844 0.09988791 -0.06565796 2.190919 0.191753 -0.07506146 2.280285 0.04253615 -0.4888618 2.28268 0.1823015 -0.5033054 2.494093 0.01004987 -0.8648881 2.360568 0.1770425 -0.8689007 2.561641 0.05968665 -0.9396139 2.402441 0.2441876 -0.9088022 2.525441
0.1184159 0.6256239 2.222596 0.0851476 0.4538089 2.209905 0.03350854 0.2947679 2.098573 0.2283813 0.3357385 2.412594 -0.008613579 0.04692097 2.022051 0.2342847 0.1377719 2.22374 0.02581725 -0.1657367 2.008389 0.3289965 0.3009944 2.192826 0.03790521 -0.2386067 2.010165 0.3052428 0.2960166 2.171358 0.1303691 0.0685156 2.227647 0.1392477 -0.007668939 2.23437 0.1000834 -0.06438342 2.187785 0.1924533 -0.07336055 2.285008 0.04279403 -0.48522 2.280742 0.1814837 -0.5054856 2.495041 0.009739926 -0.8658044 2.361696 0.1753299 -0.8697976 2.562054 0.0605937 -0.9406603 2.40184 0.2425023 -0.9096879 2.525892
0.1184454 0.6256371 2.222666 0.08515618 0.4538435 2.210075 0.03356609 0.2947714 2.098859 0.2289166 0.3328095 2.407692 -0.008681808 0.04697512 2.022181 0.2352341 0.1351195 2.218514 0.02566559 -0.1657989 2.008493 0.3308421 0.2931183 2.162614 0.03775291 -0.2385077 2.010323 0.307402 0.2848722 2.15816 0.130816 0.07069018 2.227731 0.1398918 -0.004997348 2.234349 0.1021087 -0.06453718 2.182162 0.1937381 -0.07395636 2.289556 0.04284982 -0.485293 2.280782 0.1830457 -0.5028316 2.496123 0.01051905 -0.8658049 2.361324 0.1738374 -0.868341 2.561819 0.06069628 -0.940777 2.402098 0.2406893 -0.9082735 2.525114
0.1190164 0.6259294 2.223398 0.08541968 0.4539475 2.210661 0.03341654 0.2949689 2.099341 0.2342864 0.3279412 2.405799 -0.008854616 0.04722117 2.022448 0.3493952 0.1782123 2.363816 0.02477266 -0.1650134 2.00845 0.314683 0.2652785 2.153913 0.03749235 -0.2386421 2.010477 0.3125522 0.2717822 2.155599 0.1317446 0.0733336 2.228002 0.141025 -0.00180945 2.234464 0.1026837 -0.06415308 2.180508 0.1958558 -0.07362115 2.291705 0.04295509 -0.4858435 2.281161 0.1808896 -0.5063178 2.494481 0.0108389 -0.8672562 2.362384 0.1745729 -0.8676071 2.561186 0.0593732 -0.9429292 2.401353 0.2408096 -0.9076301 2.523479
0.1190494 0.6260002 2.223452 0.0854027 0.4539803 2.21073 0.03339873 0.2950457 2.099443 0.2378424 0.3269561 2.40619 -0.009087332 0.04734972 2.022478 0.3488195 0.1743358 2.362439 0.0219828 -0.1641541 2.007594 0.3320159 0.2310023 2.169123 0.03623213 -0.2375131 2.010352 0.3199824 0.246908 2.153403 0.1311405 0.07745992 2.22822 0.140257 0.003369067 2.234707 0.1019865 -0.06286161 2.1785 0.1960773 -0.07280926 2.294099 0.04324681 -0.4858684 2.280923 0.1725379 -0.5045711 2.475391 0.01173177 -0.8659112 2.362375 0.174978 -0.8673214 2.560191 0.06241945 -0.9405311 2.403162 0.2408931 -0.9074163 2.522
0.1192262 0.626277 2.223784 0.08542833 0.4540034 2.210734 0.03330221 0.2952433 2.099654 0.2380322 0.3263445 2.405508 -0.009320844 0.04758136 2.02264 0.3482819 0.1731659 2.362037 0.02181733 -0.1647285 2.008137 0.3253314 0.2138255 2.155943 0.034907 -0.2371002 2.010525 0.3213387 0.2332471 2.149243 0.1332847 0.08474585 2.228283 0.1431237 0.01264763 2.234868 0.105212 -0.06068169 2.172741 0.200799 -0.06832147 2.301893 0.04438598 -0.4848123 2.280966 0.1768425 -0.501623 2.480104 0.01238319 -0.8648453 2.362232 0.160433 -0.8321233 2.550856 0.05986112 -0.9448746 2.396029 0.2263141 -0.8721396 2.512523
0.1194521 0.6265902 2.223819 0.08541322 0.4542923 2.210776 0.03325161 0.2954522 2.099925 0.2380364 0.3262699 2.405198 -0.009668604 0.04788002 2.022727 0.3473566 0.1722657 2.363207 0.02109534 -0.1652006 2.008895 0.3235839 0.2098259 2.151119 0.03393516 -0.2377962 2.011234 0.3229332 0.2157256 2.145261 0.1332072 0.08468021 2.228277 0.1429102 0.01224008 2.234854 0.1051627 -0.06069384 2.172731 0.2002659 -0.06906149 2.301699 0.04397102 -0.4859099 2.281463 0.1789851 -0.4999865 2.484135 0.01221363 -0.8648345 2.362659 0.1659267 -0.8520945 2.557347 0.05430754 -0.9452395 2.392997 0.2106352 -0.9167159 2.617568
0.1194383 0.6270085 2.223443 0.08563009 0.4543201 2.211181 0.03332913 0.2954668 2.100192 0.2382739 0.3258833 2.405211 -0.01024416 0.04802211 2.022931 0.3461423 0.1705712 2.366306 0.02040914 -0.1654179 2.009502 0.3224659 0.1899473 2.144907 0.03318905 -0.2388195 2.011904 0.3262787 0.1979339 2.144794 0.133206 0.08446076 2.22833 0.1428497 0.01164207 2.234877 0.1050825 -0.06093365 2.172639 0.2001481 -0.06968922 2.301618 0.04331504 -0.4871887 2.282052 0.1802956 -0.4981208 2.486937 0.01216356 -0.86445 2.362448 0.1667969 -0.8571895 2.558596 0.05370738 -0.9448653 2.39008 0.2026542 -0.9184219 2.576469
0.1192815 0.6274109 2.222516 0.08566373 0.4543051 2.211165 0.03331784 0.2954435 2.100213 0.2384506 0.3253184 2.404672 -0.0108878 0.04804939 2.023254 0.3202747 0.1546552 2.36853 0.01940812 -0.1658063 2.00949 0.3274646 0.1747822 2.148721 0.03202846 -0.2394567 2.012439 0.3288604 0.1878627 2.147844 0.1336304 0.0843857 2.228246 0.1434229 0.01141879 2.234776 0.1055716 -0.06094427 2.172556 0.2010213 -0.06964953 2.301338 0.04316207 -0.4874801 2.282087 0.1803424 -0.498439 2.486239 0.01283119 -0.8652603 2.361936 0.1640542 -0.8545739 2.551257 0.05305923 -0.9453503 2.388961 0.199581 -0.9169378 2.579936
0.1196979 0.6282876 2.221634 0.08574682 0.4543566 2.211022 0.03323689 0.2955214 2.100196 0.2386372 0.3250012 2.403964 -0.01120804 0.04815347 2.023325 0.3147809 0.1529672 2.401034 0.01821787 -0.1657716 2.009279 0.3315519 0.1666648 2.161159 0.03119392 -0.2400412 2.012526 0.341311 0.169073 2.173448 0.1350889 0.08110373 2.227335 0.1454821 0.006059919 2.233594 0.1063383 -0.0615796 2.175036 0.2035939 -0.07070751 2.293383 0.04313607 -0.4873127 2.281936 0.1800001 -0.4978564 2.485278 0.01095951 -0.8603692 2.359805 0.16664 -0.842492 2.549143 0.05127507 -0.9420344 2.387835 0.2009701 -0.9160374 2.581286
0.1201546 0.6283317 2.22098 0.08597709 0.4543549 2.211086 0.03320546 0.2955059 2.100185 0.2389527 0.32471 2.403803 -0.01152587 0.0481443 2.023543 0.3149749 0.1545232 2.412201 0.01738515 -0.1655239 2.009177 0.331839 0.1550523 2.166212 0.03054427 -0.239955 2.012481 0.3374604 0.1552287 2.088625 0.1350637 0.07911919 2.227378 0.1451854 0.003376873 2.233655 0.1058921 -0.06242739 2.176441 0.2029734 -0.07220863 2.292222 0.04876008 -0.4913406 2.290792 0.1800308 -0.4981116 2.485304 0.01078509 -0.8603169 2.359848 0.1697333 -0.8649362 2.559031 0.05944163 -0.9409101 2.390486 0.2354037 -0.9049633 2.520346
0.1198468 0.6276314 2.220057 0.0862669 0.4536206 2.210697 0.03316633 0.2953897 2.100109 0.2393668 0.3230519 2.402737 -0.01183961 0.04806264 2.023541 0.2945026 0.1432706 2.400489 0.01698949 -0.1653269 2.009177 0.3332635 0.1477846 2.180115 0.02969532 -0.2399884 2.012428 0.341839 0.1612873 2.186802 0.1346826 0.07424802 2.226834 0.1444592 -0.002352216 2.233204 0.104784 -0.06422383 2.179672 0.2016377 -0.07498948 2.288157 0.04722271 -0.4899094 2.287811 0.1799258 -0.5019199 2.486877 0.008294072 -0.8621118 2.360688 0.1713061 -0.8659723 2.559349 0.05674751 -0.9422479 2.392812 0.2121957 -0.9320059 2.620742
0.1199462 0.6277462 2.219777 0.08667167 0.4534742 2.210749 0.03323672 0.2952896 2.099821 0.2398125 0.3226852 2.402612 -0.0119729 0.04795918 2.023452 0.2963764 0.143926 2.404386 0.0169531 -0.1653202 2.009187 0.3371769 0.13972 2.195057 0.02952348 -0.2401509 2.012589 0.3422388 0.1542676 2.194223 0.1368988 0.07243656 2.227658 0.1471245 -0.004446781 2.234266 0.1076169 -0.06577165 2.18373 0.2040529 -0.07508353 2.287568 0.04593046 -0.491091 2.286889 0.1803164 -0.5028359 2.486241 0.006281753 -0.8656932 2.363348 0.1704457 -0.8666938 2.559516 0.05092734 -0.9433409 2.385633 0.2094672 -0.9182522 2.595172
0.1196897 0.6277115 2.21942 0.08675265 0.4533117 2.210393 0.03337562 0.2952389 2.099693 0.239893 0.3222429 2.401896 -0.01200029 0.04793102 2.023368 0.3136376 0.1690484 2.459695 0.01688333 -0.1657388 2.009061 0.3419976 0.1446989 2.215815 0.02950207 -0.2402081 2.012617 0.3590969 0.2080035 2.199848 0.1375306 0.06973734 2.226742 0.1478766 -0.007717467 2.233263 0.1076977 -0.06638538 2.185644 0.2050173 -0.07556199 2.281426 0.04502701 -0.4910613 2.28592 0.1803308 -0.5027978 2.486147 0.007424294 -0.8653294 2.362815 0.1717843 -0.8640551 2.561216 0.05468474 -0.9456486 2.389541 0.2373137 -0.9040993 2.52231
0.1196978 0.62804 2.218505 0.08678801 0.453359 2.210107 0.03361566 0.2951642 2.099504 0.2399105 0.3221753 2.401409 -0.01205747 0.04791625 2.023159 0.313659 0.1693015 2.459788 0.01707945 -0.1659493 2.009244 0.3412486 0.1451508 2.224175 0.02950946 -0.2402121 2.012689 0.3504452 0.1371006 2.150046 0.1378509 0.0692563 2.226477 0.1482541 -0.008248952 2.23301 0.1079847 -0.06622275 2.186499 0.2055486 -0.07505705 2.279868 0.04464433 -0.4912851 2.285245 0.1800708 -0.5061177 2.487799 0.01152406 -0.8698459 2.36223 0.1713198 -0.8642416 2.558002 0.06047519 -0.9471521 2.400031 0.2368535 -0.9042798 2.519097
0.1197177 0.6282359 2.217926 0.08688299 0.4534057 2.209804 0.03388746 0.2948687 2.099087 0.2399998 0.3221163 2.400946 -0.01192575 0.04762743 2.022841 0.3134269 0.1712915 2.463203 0.01711205 -0.1659372 2.008859 0.3388283 0.1426224 2.236114 0.0294471 -0.2402061 2.012511 0.3472954 0.133066 2.164827 0.1381688 0.06798469 2.226025 0.1486079 -0.009823795 2.232538 0.1079891 -0.06664267 2.188035 0.2058554 -0.07502015 2.277179 0.04814397 -0.4930531 2.291419 0.1801034 -0.5028325 2.488711 0.01012379 -0.8718293 2.364364 0.1714837 -0.8644478 2.557991 0.05509379 -0.9478778 2.392246 0.2370314 -0.9044794 2.519104
0.1197429 0.6282275 2.217377 0.08702629 0.4533429 2.209558 0.03406194 0.2948216 2.098906 0.2401527 0.3219359 2.400564 -0.011775 0.04758339 2.02267 0.3133788 0.1721818 2.464788 0.01842248 -0.1671885 2.009217 0.3360062 0.1405009 2.255348 0.02980604 -0.239351 2.011795 0.3435487 0.1299406 2.189944 0.1373258 0.06618914 2.224923 0.1473491 -0.01203825 2.231182 0.1067347 -0.06677998 2.188746 0.2035268 -0.07641415 2.27263 0.04515539 -0.4908618 2.28678 0.1794481 -0.5014842 2.485414 0.01086074 -0.8657579 2.362074 0.1720039 -0.8653605 2.558131 0.05498311 -0.9473187 2.391429 0.2375315 -0.905414 2.519233
0.1199285 0.6283903 2.216919 0.08714715 0.4533032 2.209065 0.03440414 0.2945421 2.098519 0.2402599 0.3217787 2.39992 -0.01110099 0.04723108 2.022344 0.3132632 0.1726289 2.465318 0.01821072 -0.1662334 2.007562 0.3353622 0.1426183 2.259477 0.03030555 -0.2394603 2.011247 0.3427285 0.1326148 2.195273 0.137231 0.06539212 2.224382 0.1472135 -0.01288896 2.230659 0.1065957 -0.06683322 2.188963 0.203222 -0.07671708 2.271539 0.04487895 -0.4907482 2.286201 0.1794363 -0.5012976 2.48543 0.008745437 -0.8632029 2.361291 0.1727614 -0.8675178 2.559756 0.05416028 -0.9460919 2.390758 0.2382893 -0.9075779 2.520865
0.1197352 0.6286646 2.216141 0.08721542 0.4533734 2.208141 0.03459276 0.2943752 2.098184 0.2402953 0.3217302 2.398853 -0.01077977 0.04701623 2.022129 0.3130286 0.1731725 2.465423 0.01913938 -0.165165 2.006787 0.3311274 0.1488318 2.260743 0.03095723 -0.2394221 2.010474 0.3371603 0.1407183 2.196926 0.1371466 0.06549946 2.223987 0.1471141 -0.01270841 2.230313 0.1062825 -0.06650434 2.189098 0.2031435 -0.07534091 2.270499 0.04379845 -0.4887633 2.28304 0.1794696 -0.501101 2.485291 0.01022023 -0.8626503 2.360892 0.1709714 -0.8651249 2.559786 0.05378414 -0.9462904 2.388827 0.2364561 -0.9052049 2.520844
0.1198484 0.6285335 2.215693 0.08747189 0.4532293 2.207858 0.03495004 0.2941603 2.097877 0.2405541 0.3215002 2.398506 -0.009816125 0.04671586 2.021702 0.3132301 0.1733853 2.465826 0.02062656 -0.1664053 2.007379 0.3280627 0.1764508 2.263673 0.03165603 -0.2398153 2.010381 0.3290843 0.1894657 2.289171 0.1366757 0.06472594 2.223727 0.1464169 -0.01358803 2.230068 0.1051392 -0.06662595 2.190104 0.2021632 -0.07582545 2.269556 0.04354395 -0.4882071 2.282315 0.1813158 -0.4998878 2.488409 0.01031593 -0.8631203 2.360512 0.1688485 -0.8676043 2.560139 0.05684416 -0.9451834 2.390545 0.2343281 -0.9077073 2.521212
0.1201751 0.6285318 2.214778 0.08753765 0.4531776 2.20743 0.0351272 0.2941241 2.097692 0.2406022 0.3213792 2.398011 -0.009349231 0.04667695 2.021278 0.31314 0.173579 2.465934 0.02140017 -0.1667062 2.007269 0.3189623 0.2076505 2.266354 0.03235799 -0.2402607 2.010159 0.320903 0.2190077 2.204237 0.1366989 0.06438013 2.223675 0.1464472 -0.0139469 2.230085 0.1050261 -0.06674258 2.190901 0.20219 -0.07583685 2.269454 0.04395698 -0.4889158 2.282991 0.1814253 -0.499391 2.487782 0.01143076 -0.8645781 2.361269 0.1684383 -0.8676461 2.559602 0.05768504 -0.94686 2.391132 0.2347615 -0.9028839 2.624109
0.1203526 0.6284769 2.214489 0.08761907 0.4531472 2.207185 0.03541416 0.2940755 2.09745 0.2406736 0.321302 2.397727 -0.00862141 0.04658067 2.020888 0.313118 0.1737274 2.466076 0.02215822 -0.1667963 2.007452 0.3196012 0.2091512 2.266771 0.03297782 -0.2402456 2.010036 0.3217623 0.2209591 2.204745 0.1364023 0.06370419 2.223442 0.1460518 -0.01473608 2.229877 0.1046591 -0.0668532 2.191267 0.2016096 -0.07638797 2.268853 0.04386096 -0.4885314 2.2821 0.178623 -0.4998195 2.481656 0.01162688 -0.8648182 2.361101 0.17048 -0.8646842 2.558136 0.05891173 -0.9446324 2.395675 0.2359607 -0.9048084 2.51923
0.1206988 0.6287605 2.214464 0.08784296 0.4532682 2.207204 0.03581474 0.2942232 2.097298 0.2408589 0.3213757 2.397731 -0.007384874 0.04656661 2.020809 0.3134393 0.1743092 2.466765 0.02259457 -0.1662953 2.007284 0.2887099 0.3132267 2.326999 0.03383924 -0.2399988 2.010162 0.3229597 0.2301504 2.283739 0.1361673 0.063494 2.223299 0.1456517 -0.01502893 2.229656 0.1040724 -0.06678215 2.191433 0.2009879 -0.07656908 2.26826 0.04415795 -0.4871497 2.280954 0.1817675 -0.495937 2.485931 0.01122444 -0.8638939 2.361565 0.1702177 -0.8636712 2.55481 0.05878385 -0.9436295 2.395943 0.2357253 -0.9038008 2.515954
0.1208771 0.6287611 2.214276 0.0883081 0.4532285 2.207244 0.03619109 0.2941194 2.097203 0.2412983 0.3212917 2.397752 -0.006720513 0.04644369 2.020566 0.3139727 0.1746342 2.467344 0.02361272 -0.1668021 2.007725 0.3226015 0.2476799 2.276543 0.03473672 -0.2397972 2.009966 0.3207986 0.2392802 2.277484 0.1359731 0.06286266 2.223233 0.1452926 -0.01580544 2.229563 0.1034195 -0.0670645 2.191872 0.200649 -0.07714383 2.26784 0.04386904 -0.4879757 2.28074 0.1813735 -0.4971142 2.485255 0.01249443 -0.8677187 2.360275 0.1699681 -0.8632879 2.554583 0.06234777 -0.9446392 2.397683 0.2354674 -0.9034368 2.515734
0.1210623 0.6288391 2.214226 0.08868866 0.4532008 2.207247 0.03636776 0.2941176 2.097098 0.2416603 0.3212273 2.397741 -0.005886797 0.04633804 2.02042 0.3143433 0.1748273 2.467719 0.02404233 -0.1667259 2.007671 0.3128214 0.2829516 2.24981 0.03659104 -0.2395538 2.010439 0.3195683 0.2526371 2.276323 0.1359231 0.06281011 2.223234 0.1451894 -0.01585269 2.229566 0.1029183 -0.06705619 2.192245 0.2005691 -0.07708795 2.267756 0.04360718 -0.4875752 2.280092 0.1815077 -0.4990135 2.486009 0.01221628 -0.862175 2.3585 0.1689758 -0.8681983 2.564394 0.06030663 -0.9412478 2.393661 0.1987036 -0.9313252 2.586439
0.1216362 0.6291249 2.214158 0.08903311 0.4532476 2.207246 0.03662968 0.2941422 2.0971 0.241983 0.3212405 2.397727 -0.005264081 0.04631916 2.020339 0.314644 0.1750348 2.468016 0.02422647 -0.1663235 2.007018 0.313226 0.2834335 2.249746 0.03731849 -0.239136 2.009827 0.3145679 0.2694171 2.270385 0.1359137 0.06284572 2.223224 0.145144 -0.01576012 2.229549 0.1027708 -0.06699651 2.192077 0.2005479 -0.07702271 2.267945 0.0444574 -0.4866952 2.279222 0.1768471 -0.5020155 2.480805 0.01276203 -0.8588619 2.356679 0.1710029 -0.8628974 2.559678 0.05538218 -0.9434987 2.385344 0.2003445 -0.9227017 2.589963
0.1217242 0.6298103 2.214296 0.08921607 0.4536199 2.207459 0.03691451 0.2940961 2.097161 0.2421425 0.3215502 2.397909 -0.004378259 0.04624476 2.02005 0.313589 0.1732397 2.465859 0.02489045 -0.1662745 2.006873 0.3264629 0.3136768 2.326011 0.03828256 -0.2392026 2.01011 0.3159068 0.2850398 2.259212 0.1356236 0.06312855 2.223239 0.1447115 -0.0153815 2.229529 0.1020429 -0.06655857 2.192032 0.2001105 -0.07643687 2.268022 0.0496382 -0.4855439 2.285714 0.1783882 -0.5031244 2.48271 0.01407971 -0.85501 2.354619 0.1707014 -0.8636529 2.558408 0.05348043 -0.9412141 2.380404 0.2011952 -0.9219833 2.590383
0.1218122 0.6299995 2.214317 0.08952617 0.4537619 2.207644 0.03705955 0.2940596 2.097226 0.2424313 0.32166 2.398076 -0.003455386 0.04611681 2.019942 0.3505797 0.1983786 2.467115 0.02539273 -0.1658997 2.006742 0.295542 0.3084273 2.309732 0.0387275 -0.2390566 2.010025 0.3157675 0.2870924 2.257448 0.1355552 0.06323208 2.2233 0.1445778 -0.01521759 2.229597 0.1018442 -0.06649113 2.191966 0.1999812 -0.07633435 2.268369 0.04659585 -0.4843156 2.282922 0.1795467 -0.5025442 2.48443 0.0128386 -0.8577948 2.357905 0.171031 -0.8633592 2.558953 0.05531158 -0.9412509 2.383527 0.2169214 -0.917719 2.627807
0.1218465 0.6299889 2.214358 0.08978903 0.4537425 2.207864 0.03722993 0.2940114 2.097263 0.2426852 0.3216191 2.398283 -0.003057346 0.04601721 2.020053 0.3544817 0.1913232 2.452596 0.02654599 -0.1662686 2.006864 0.293567 0.318706 2.312943 0.0391531 -0.2388351 2.010023 0.3150414 0.2955278 2.23699 0.1351062 0.0637071 2.224055 0.1438649 -0.01446545 2.2306 0.1015493 -0.06657934 2.191825 0.1984233 -0.07684611 2.273467 0.04952115 -0.4891273 2.288992 0.1796071 -0.5027626 2.484397 0.01244246 -0.8595499 2.357944 0.1713168 -0.8676655 2.560416 0.05520418 -0.941865 2.383564 0.2367725 -0.9078935 2.521573
0.1220397 0.6303703 2.214437 0.08997008 0.4539607 2.207933 0.03744593 0.2940275 2.097405 0.2428524 0.3218065 2.398343 -0.00218951 0.04602753 2.019722 0.3604822 0.1899383 2.440889 0.02709336 -0.1663956 2.006953 0.3249608 0.2881514 2.22385 0.03974888 -0.2385865 2.00993 0.3169348 0.2972785 2.223184 0.1345894 0.06490839 2.224304 0.1431294 -0.01287625 2.230888 0.1009199 -0.06617387 2.190527 0.1977496 -0.07635926 2.275335 0.05012707 -0.4898084 2.290981 0.1800866 -0.4993514 2.48617 0.01627751 -0.8639185 2.365785 0.1710608 -0.8712742 2.561705 0.06180693 -0.946215 2.396706 0.2365024 -0.9115265 2.522863
0.1220762 0.6303935 2.214413 0.09002668 0.4539353 2.207914 0.03767288 0.2940632 2.097676 0.2429108 0.3217715 2.39832 -0.00173365 0.04608402 2.019724 0.3661885 0.1861854 2.420713 0.02748931 -0.1663795 2.00701 0.3253795 0.2870165 2.21894 0.04067069 -0.2387066 2.009902 0.318785 0.2974917 2.207278 0.1340058 0.06576415 2.224468 0.1423105 -0.01161966 2.231123 0.1001428 -0.06580457 2.18885 0.1967119 -0.07654247 2.277757 0.04858275 -0.4889506 2.288045 0.1804086 -0.4988727 2.486364 0.01484412 -0.8642805 2.366213 0.1728434 -0.8650327 2.559677 0.05711211 -0.9472477 2.396079 0.2382706 -0.9053096 2.520837
0.1224831 0.6314217 2.214982 0.09007768 0.4542112 2.208086 0.0377613 0.294327 2.097957 0.2429568 0.3220169 2.398477 -0.001371227 0.04632784 2.019899 0.3665863 0.183155 2.409286 0.02749831 -0.1659463 2.006933 0.3253089 0.2836457 2.20271 0.04093856 -0.2387002 2.00995 0.3183029 0.2941207 2.188722 0.1334209 0.07569601 2.224494 0.1417207 0.001702649 2.230858 0.1009014 -0.06255616 2.176938 0.1974656 -0.0723516 2.287505 0.04696666 -0.4902474 2.287093 0.1804218 -0.4988453 2.486364 0.01325873 -0.8667761 2.36694 0.1726638 -0.8680753 2.561059 0.06112257 -0.947132 2.399404 0.2343217 -0.926292 2.607738
0.1233264 0.6318043 2.215713 0.09063943 0.454379 2.208884 0.03814917 0.2945658 2.098375 0.2435081 0.3221581 2.399257 -0.001063354 0.04660587 2.020195 0.3682972 0.1814544 2.396726 0.02796119 -0.1658388 2.006821 0.3301045 0.2771007 2.185644 0.04118927 -0.2384165 2.009946 0.3212574 0.2842209 2.16167 0.1328643 0.07781063 2.225089 0.1409626 0.003863023 2.231362 0.1003805 -0.06203887 2.175565 0.1965216 -0.07179458 2.290495 0.04696124 -0.4899793 2.286089 0.1804605 -0.4988962 2.48635 0.01303406 -0.8669274 2.366965 0.1732373 -0.8687829 2.561706 0.06075969 -0.9473625 2.39888 0.2328655 -0.9266978 2.608301
0.1235449 0.6320068 2.215779 0.09064248 0.4544285 2.208896 0.03823248 0.2946806 2.098508 0.2435104 0.3221985 2.399268 -0.0008395202 0.04672669 2.020198 0.3633811 0.1756506 2.381878 0.02803612 -0.1658274 2.006857 0.3245799 0.2699986 2.149339 0.04147315 -0.2382901 2.009965 0.3251436 0.2765474 2.161927 0.1327627 0.07879422 2.2254 0.1408986 0.004785724 2.231739 0.1006581 -0.06191718 2.17459 0.1964224 -0.07242464 2.293862 0.05109087 -0.4909361 2.291399 0.1802974 -0.5020216 2.487918 0.01187084 -0.8659832 2.366469 0.1743817 -0.868363 2.560735 0.05909184 -0.9462067 2.39654 0.1779933 -0.9402145 2.547346
0.1237936 0.6326057 2.216151 0.09074022 0.4547009 2.209098 0.03835775 0.2947265 2.098671 0.2463538 0.3246602 2.403724 -0.0007404909 0.04680997 2.020208 0.357515 0.1713377 2.37041 0.02818603 -0.1658772 2.006881 0.3375748 0.2277374 2.177349 0.04157454 -0.2380299 2.010041 0.3248668 0.2574664 2.149728 0.1326115 0.07993559 2.225774 0.1407406 0.005850809 2.232126 0.1005799 -0.06168695 2.174414 0.1964393 -0.07219391 2.294563 0.05390256 -0.489783 2.293338 0.180916 -0.5073485 2.488338 0.01037 -0.8682501 2.366902 0.174219 -0.8683474 2.560541 0.05896549 -0.9459758 2.396239 0.239647 -0.9086376 2.521714
0.1239846 0.6326831 2.21621 0.09084929 0.454747 2.209212 0.03836609 0.2948196 2.098778 0.25419 0.315583 2.401871 -0.0007131584 0.04687965 2.020416 0.344586 0.1492587 2.36679 0.02819026 -0.1656698 2.006815 0.3404719 0.2319677 2.156729 0.04192379 -0.2377214 2.009984 0.3338814 0.242317 2.148426 0.1332251 0.08098445 2.225916 0.1415245 0.007039279 2.23227 0.1007941 -0.061329 2.173822 0.1989108 -0.07212141 2.295722 0.0489734 -0.4872247 2.287443 0.1815559 -0.503506 2.4894 0.01057352 -0.8669351 2.365915 0.1741661 -0.8683373 2.560145 0.05643404 -0.9425366 2.390151 0.2387858 -0.9087616 2.520123
0.1243498 0.6331542 2.216594 0.09083297 0.4550044 2.209353 0.03838725 0.294877 2.098886 0.2553159 0.3143302 2.40151 -0.0007821172 0.04693142 2.020625 0.3444163 0.1473539 2.365643 0.02796257 -0.1650809 2.006706 0.3429822 0.2255187 2.154781 0.04190655 -0.2376862 2.009913 0.3378401 0.22921 2.144869 0.1330562 0.08160187 2.2259 0.1413644 0.0075778 2.232231 0.1003925 -0.06132471 2.17256 0.1989871 -0.0725418 2.296291 0.04760724 -0.4878152 2.286673 0.1814588 -0.5046225 2.489834 0.01050843 -0.8670924 2.365639 0.1678338 -0.8499124 2.552039 0.05794576 -0.9448137 2.391709 0.2323235 -0.8903605 2.511832
0.1243743 0.6332937 2.216898 0.09085591 0.4550919 2.209648 0.03848196 0.2949238 2.099014 0.2563209 0.3129443 2.401598 -0.0008157119 0.04700235 2.020741 0.3417766 0.1438125 2.372577 0.02793842 -0.1649647 2.00666 0.3500096 0.1986051 2.151603 0.04187838 -0.2375218 2.010008 0.3395396 0.213241 2.144947 0.1334085 0.08178665 2.225837 0.1418794 0.007747517 2.232079 0.1006214 -0.06136407 2.172273 0.2006929 -0.07222608 2.295835 0.05199546 -0.4872557 2.290324 0.181045 -0.503754 2.489855 0.009738204 -0.8677777 2.366668 0.1682532 -0.8522377 2.553694 0.05763954 -0.9444151 2.391717 0.2326761 -0.8926782 2.513373
0.1245404 0.6333508 2.216759 0.0908556 0.4551213 2.209596 0.03846071 0.2949672 2.099006 0.2570506 0.31184 2.400792 -0.0009848401 0.04705268 2.02082 0.3205334 0.1334127 2.381949 0.02788191 -0.1648121 2.006633 0.3490962 0.1809482 2.177944 0.04180031 -0.2374425 2.009987 0.3424664 0.1975345 2.152448 0.1335532 0.08155262 2.225684 0.1421192 0.007295339 2.231888 0.1006225 -0.06141373 2.172316 0.2013713 -0.07283768 2.294866 0.04925107 -0.4885564 2.287295 0.1816966 -0.5026224 2.490395 0.01002122 -0.8719509 2.367984 0.1684211 -0.8631791 2.557574 0.05762094 -0.9465108 2.396556 0.2327273 -0.9036339 2.517082
0.1245234 0.6332867 2.216683 0.09087262 0.4551323 2.209552 0.03847973 0.2949417 2.098999 0.2576733 0.3109541 2.400202 -0.001178425 0.04704759 2.020885 0.3205234 0.1326255 2.387098 0.02764116 -0.1646667 2.006405 0.3494283 0.1759913 2.183564 0.04176474 -0.2374535 2.010024 0.344439 0.1887315 2.158491 0.133558 0.08114657 2.225336 0.1421173 0.006633901 2.231438 0.100496 -0.06141232 2.172429 0.2014086 -0.0734387 2.292666 0.04762505 -0.4868435 2.284457 0.1822572 -0.5028306 2.491163 0.01164159 -0.8701704 2.366441 0.1681574 -0.8624314 2.556268 0.05062642 -0.9391335 2.387742 0.2323726 -0.9028975 2.515645
0.1245045 0.6332598 2.216374 0.09086794 0.4551559 2.209437 0.03852691 0.2949641 2.098985 0.2580415 0.3103313 2.399642 -0.001421127 0.04710098 2.020954 0.315704 0.1325762 2.405208 0.0275486 -0.1647961 2.006341 0.3199719 0.2815048 2.274855 0.04107391 -0.2375993 2.009815 0.3463275 0.1816787 2.165412 0.1343681 0.07977043 2.22474 0.1433094 0.004548194 2.230732 0.1009315 -0.06159438 2.174164 0.2036683 -0.07311249 2.28745 0.04811264 -0.4854212 2.282926 0.181987 -0.5029618 2.490732 0.009517003 -0.8711644 2.366999 0.1704605 -0.8526789 2.554535 0.05232695 -0.9412109 2.388949 0.2346311 -0.8931199 2.513817
0.1245075 0.6332511 2.216373 0.0908481 0.4551455 2.209237 0.03855879 0.2949136 2.098925 0.2583306 0.3097063 2.399034 -0.001633696 0.04708748 2.020915 0.3183537 0.1363509 2.420615 0.02701439 -0.1643256 2.005885 0.3411154 0.1461496 2.188587 0.04037573 -0.2372234 2.009571 0.3487025 0.1494159 2.115654 0.133806 0.07836385 2.223948 0.1425122 0.002652875 2.229829 0.1000813 -0.06176392 2.174959 0.2020054 -0.07427517 2.284145 0.04731295 -0.4854652 2.282087 0.1825561 -0.5034959 2.491086 0.01362475 -0.8661085 2.364976 0.1692187 -0.8584078 2.557809 0.05758089 -0.9408804 2.390815 0.2221136 -0.9257531 2.582488
0.124507 0.6332534 2.216029 0.09096212 0.4551803 2.209075 0.03865602 0.2948946 2.098854 0.2588179 0.3092996 2.398604 -0.0017762 0.04707614 2.021002 0.3154111 0.1430316 2.443822 0.02698196 -0.1642013 2.005848 0.3409546 0.145748 2.191486 0.03984756 -0.2372582 2.009351 0.3494691 0.1466535 2.111784 0.1347704 0.07697612 2.223774 0.1437529 0.0007963229 2.229751 0.1007612 -0.06218244 2.178232 0.2037579 -0.07391207 2.281588 0.04845166 -0.484866 2.282765 0.1810514 -0.5053166 2.488471 0.01572635 -0.8654186 2.363602 0.1691407 -0.8581868 2.557582 0.05513488 -0.9418455 2.384383 0.2331958 -0.8986392 2.516695
0.1245581 0.6332471 2.21596 0.09115538 0.4551899 2.209063 0.03867432 0.2949161 2.098775 0.2593927 0.3089173 2.398504 -0.001865536 0.04711071 2.020953 0.3170323 0.1466692 2.451707 0.02697515 -0.1641972 2.005844 0.3467546 0.1453183 2.215395 0.03979427 -0.2372725 2.009334 0.3566621 0.144868 2.141034 0.1353647 0.07568997 2.223463 0.1443951 -0.0008132627 2.229373 0.1006833 -0.06258516 2.179717 0.2048272 -0.07405602 2.27885 0.04838624 -0.4850283 2.281998 0.1808558 -0.5053092 2.486875 0.01247928 -0.8718733 2.367875 0.1691833 -0.8574836 2.556884 0.05363648 -0.942757 2.387372 0.2228328 -0.8990229 2.596016
0.1245954 0.6332042 2.215867 0.09143768 0.4550758 2.208662 0.03875775 0.2949294 2.098747 0.2600178 0.3083009 2.397824 -0.001885787 0.04714827 2.020897 0.3165178 0.1501293 2.459628 0.02664534 -0.1637285 2.005525 0.3457093 0.1451946 2.22123 0.03959448 -0.2373555 2.009323 0.3554398 0.1435497 2.146174 0.1360505 0.07464273 2.223055 0.1451348 -0.001978675 2.229025 0.1008856 -0.0626879 2.18129 0.2060473 -0.07372355 2.276404 0.04738366 -0.4851872 2.281281 0.1796992 -0.50639 2.484355 0.01387585 -0.8706747 2.365035 0.1683538 -0.8568214 2.556013 0.0530552 -0.9432366 2.387495 0.1965466 -0.9163325 2.598099
0.124645 0.633225 2.215834 0.09154477 0.4551394 2.208575 0.03884213 0.2949513 2.098555 0.2602423 0.3081998 2.397683 -0.001918942 0.04717338 2.020789 0.316232 0.1515215 2.462441 0.02521113 -0.1582188 2.004564 0.3439972 0.1439002 2.232128 0.03942977 -0.2371667 2.009182 0.3532523 0.1413598 2.159766 0.1365818 0.07386792 2.222469 0.1457626 -0.00295984 2.228312 0.1009319 -0.06273497 2.182283 0.207472 -0.07255317 2.27203 0.04615648 -0.4861002 2.280143 0.1794715 -0.5047624 2.483328 0.01457523 -0.86866 2.362798 0.1684764 -0.8496183 2.55282 0.06204916 -0.9480326 2.395015 0.2323989 -0.8900561 2.511713
0.1247067 0.6333071 2.215536 0.09143288 0.4552647 2.208032 0.03903611 0.2948376 2.098329 0.2602283 0.3080738 2.397103 -0.001768813 0.04704511 2.020674 0.3156627 0.1519299 2.463113 0.02543681 -0.1592098 2.004668 0.3448439 0.1456747 2.240111 0.03944832 -0.237277 2.009235 0.354571 0.1435897 2.170187 0.1388774 0.07369059 2.222224 0.1490965 -0.003125663 2.228253 0.1036931 -0.06250738 2.185399 0.2145782 -0.06678937 2.269359 0.04625498 -0.4857064 2.279252 0.1809932 -0.504303 2.486563 0.01692225 -0.8660188 2.363238 0.168985 -0.850714 2.551465 0.05869787 -0.9469632 2.390507 0.2329459 -0.8910803 2.510348
0.1253772 0.6330069 2.215107 0.09166489 0.4552028 2.207865 0.03923992 0.2947729 2.098159 0.2606429 0.3077632 2.396847 -0.001699388 0.0469884 2.020578 0.3157445 0.1522757 2.464157 0.02627427 -0.1607417 2.005506 0.3439113 0.1572554 2.256357 0.03954317 -0.2372302 2.009193 0.3533002 0.1589153 2.191499 0.1384088 0.071575 2.222022 0.1481295 -0.005928078 2.228076 0.1026883 -0.0632763 2.186513 0.2112943 -0.07103123 2.268145 0.04584358 -0.4849709 2.278224 0.1827518 -0.5033967 2.489591 0.01677007 -0.8656334 2.362948 0.1742373 -0.8579386 2.553331 0.060175 -0.9439176 2.392601 0.2381516 -0.8983443 2.512181
0.1253374 0.632976 2.214744 0.09160469 0.4549823 2.207285 0.03937949 0.2946348 2.097874 0.2606562 0.3072662 2.396155 -0.00122229 0.04685196 2.020025 0.3153304 0.1522661 2.46452 0.02631842 -0.1608489 2.005012 0.3410224 0.1667222 2.262549 0.03971242 -0.237657 2.008926 0.3427076 0.1784655 2.276075 0.1371537 0.06991426 2.2215 0.146419 -0.007861035 2.227613 0.1010238 -0.06375694 2.187497 0.2076693 -0.07318368 2.266656 0.05133987 -0.4893962 2.289306 0.1831757 -0.5013186 2.490605 0.01111198 -0.8715636 2.366045 0.1743171 -0.8582756 2.554091 0.06003609 -0.9447616 2.395805 0.2381892 -0.8987295 2.512923
0.1252219 0.6326591 2.214334 0.09180449 0.454665 2.206803 0.03958947 0.2944334 2.09756 0.2609721 0.3066776 2.395575 -0.0004128553 0.04666643 2.01918 0.3152346 0.1520941 2.464855 0.02711445 -0.1631217 2.004433 0.3385693 0.1967617 2.262162 0.04047173 -0.238141 2.008885 0.3463475 0.211651 2.199007 0.1365568 0.06929291 2.221193 0.1455727 -0.008475105 2.227328 0.09963319 -0.06372862 2.188002 0.206356 -0.07375439 2.266066 0.04872296 -0.48684 2.284546 0.1824473 -0.5048401 2.487521 0.01061074 -0.8613307 2.360885 0.1738549 -0.8579665 2.554097 0.05831293 -0.9418376 2.387794 0.237682 -0.8984548 2.512895
0.1254372 0.6325317 2.214042 0.09175181 0.4546422 2.206473 0.03976797 0.2943052 2.097387 0.2609558 0.3065452 2.395242 -0.0002425648 0.04653674 2.019026 0.3150292 0.1522024 2.465017 0.02880357 -0.1644111 2.004945 0.3312918 0.2062215 2.258364 0.04068246 -0.2381678 2.008876 0.3367127 0.2242278 2.193889 0.1364938 0.06900991 2.221067 0.1455102 -0.008741803 2.22724 0.09945163 -0.06372569 2.18833 0.2062677 -0.07377743 2.265861 0.04696542 -0.4859062 2.281904 0.1830424 -0.5044461 2.487764 0.01133029 -0.8617135 2.359816 0.1738432 -0.8562528 2.554568 0.05791573 -0.9422017 2.387049 0.2376743 -0.896745 2.513376
0.1259397 0.6324192 2.213534 0.09207367 0.4546376 2.206255 0.03998173 0.2941007 2.097209 0.2613511 0.3064259 2.395012 0.0005024783 0.04635383 2.018351 0.3152058 0.1523359 2.465314 0.02919655 -0.1643561 2.004799 0.3280008 0.2150672 2.265493 0.04133048 -0.2384681 2.008319 0.3322658 0.2359777 2.203295 0.1358869 0.06758602 2.221036 0.1445068 -0.01060939 2.227284 0.09788643 -0.06457729 2.189976 0.2048741 -0.07534511 2.264938 0.0471469 -0.4858331 2.282284 0.1818389 -0.5085392 2.489886 0.01169655 -0.8615952 2.35963 0.1748959 -0.8576527 2.55625 0.05664818 -0.943629 2.385637 0.2386781 -0.8981916 2.515029
0.1261721 0.6323678 2.213143 0.09229238 0.4546382 2.205967 0.04011473 0.2939923 2.097085 0.2616135 0.3063312 2.394718 0.0009071827 0.04616083 2.018427 0.3152216 0.1524307 2.465458 0.03197224 -0.1660077 2.005397 0.3059416 0.3243985 2.373158 0.04265003 -0.2392294 2.008703 0.3238272 0.2288618 2.268459 0.135582 0.06681428 2.220946 0.1440602 -0.0115169 2.227246 0.09694615 -0.06483746 2.191238 0.2043086 -0.07590354 2.264129 0.04739325 -0.4856431 2.282053 0.1819303 -0.5005013 2.485935 0.0156188 -0.8563868 2.357152 0.1664096 -0.8458366 2.555705 0.05611538 -0.9422001 2.385381 0.198668 -0.9133694 2.587287
0.1261048 0.6324348 2.213136 0.09234366 0.4547046 2.205816 0.0401731 0.2939508 2.097015 0.2616771 0.3063401 2.394585 0.001386516 0.04610094 2.018139 0.3151731 0.1525412 2.465547 0.0350079 -0.16736 2.005932 0.3217169 0.2538174 2.268649 0.04410406 -0.2391812 2.00841 0.3182724 0.2512502 2.258452 0.1352707 0.06679988 2.22089 0.1436294 -0.01148625 2.227205 0.09613422 -0.06460135 2.191305 0.2038558 -0.07580605 2.264153 0.04706696 -0.4855616 2.281341 0.1804468 -0.5021323 2.48506 0.01183992 -0.8583142 2.359266 0.1629139 -0.852621 2.55547 0.05311955 -0.9405497 2.386894 0.2160149 -0.9086618 2.617445
0.1260416 0.6324871 2.213048 0.09233697 0.4547203 2.205787 0.04020887 0.2939347 2.09699 0.2616776 0.3063338 2.394564 0.001547281 0.04604831 2.018199 0.3150525 0.1526298 2.465741 0.03555794 -0.1667505 2.005682 0.3124062 0.2772505 2.240077 0.04599294 -0.2391505 2.008777 0.3169127 0.2559012 2.258608 0.1351439 0.06659991 2.220948 0.1434985 -0.01168912 2.227283 0.09590065 -0.06469769 2.191547 0.2037921 -0.07585207 2.264185 0.04648776 -0.4862013 2.281179 0.18132 -0.5006181 2.486673 0.01197525 -0.8582644 2.359357 0.1683991 -0.8568971 2.554307 0.05333299 -0.9410112 2.387213 0.2321281 -0.897486 2.51305
0.1260425 0.6326668 2.21304 0.09234387 0.4547268 2.205801 0.04018644 0.2939571 2.096965 0.2616934 0.3063211 2.394585 0.001913536 0.04595782 2.018427 0.310655 0.1532615 2.469047 0.03616132 -0.1666984 2.005556 0.3133442 0.2785279 2.241172 0.04702869 -0.2389562 2.008423 0.3104467 0.2744473 2.250902 0.1345807 0.06622757 2.221194 0.1427752 -0.01210498 2.227574 0.09530909 -0.064767 2.19166 0.2023584 -0.07723671 2.265158 0.04634134 -0.4865704 2.281195 0.1804177 -0.5019579 2.483732 0.01200175 -0.8583204 2.358799 0.1687272 -0.8659174 2.556481 0.05395915 -0.9418601 2.387341 0.2324407 -0.9065316 2.515225
0.1260247 0.6326452 2.213079 0.09227002 0.4546657 2.205848 0.04012371 0.2939614 2.096901 0.2616192 0.306199 2.394646 0.002146613 0.04585722 2.018648 0.2905758 0.1882416 2.514137 0.03721982 -0.1664131 2.005629 0.3119159 0.2737447 2.260148 0.0479506 -0.2388708 2.008125 0.3058161 0.2915353 2.233738 0.1341246 0.06590747 2.221323 0.1422962 -0.0123924 2.227695 0.09472257 -0.06490999 2.191811 0.2019649 -0.0774686 2.265294 0.04633188 -0.4866011 2.281212 0.1815719 -0.5008902 2.486212 0.01008328 -0.86095 2.36139 0.1675707 -0.8664179 2.557954 0.05351066 -0.9420507 2.387966 0.2251653 -0.9168778 2.620706
0.1258459 0.6326108 2.213048 0.09211676 0.4546616 2.205986 0.04010751 0.2938994 2.096872 0.2614841 0.3061436 2.394789 0.002218537 0.04575126 2.018769 0.2904811 0.1889588 2.514894 0.03854184 -0.1662926 2.005842 0.3283304 0.2728323 2.336007 0.0492737 -0.2383464 2.008413 0.3050497 0.2929829 2.231958 0.1337627 0.06568472 2.221449 0.1419387 -0.01260226 2.227796 0.09424669 -0.06518461 2.191809 0.2016988 -0.07754408 2.265488 0.0458146 -0.4867153 2.280569 0.182066 -0.5034089 2.486514 0.009832393 -0.8615781 2.361539 0.1700529 -0.8681287 2.558218 0.05717228 -0.9425355 2.393255 0.2337929 -0.9087544 2.517014
0.1253592 0.632639 2.213637 0.09202828 0.4547094 2.206364 0.04002325 0.2938863 2.096912 0.261418 0.3061247 2.395172 0.002384059 0.04568002 2.018912 0.3778415 0.1768539 2.444333 0.03947316 -0.1665572 2.006485 0.3107676 0.3051122 2.219488 0.04957666 -0.238395 2.008313 0.3058781 0.2959066 2.229217 0.1332469 0.06557067 2.22168 0.1413326 -0.01270264 2.227983 0.0934196 -0.06526063 2.191809 0.2011066 -0.0777633 2.265865 0.04559263 -0.4862144 2.280005 0.1823283 -0.5042526 2.487119 0.009817797 -0.8616251 2.361504 0.1705991 -0.8702247 2.55893 0.05679484 -0.9428264 2.393135 0.2343567 -0.9108564 2.517759
0.1252746 0.6326919 2.213717 0.09197477 0.4547302 2.206496 0.03976544 0.2939751 2.096977 0.2613772 0.3061088 2.395307 0.002510399 0.04568435 2.019111 0.3791105 0.1763549 2.441533 0.03987004 -0.1657832 2.006933 0.3091951 0.3020259 2.216059 0.04965098 -0.2384504 2.008544 0.3053995 0.2976348 2.220553 0.1330916 0.06575824 2.221894 0.1411608 -0.01241493 2.228223 0.09325046 -0.06536756 2.19125 0.2009049 -0.0781442 2.268339 0.04583272 -0.4861399 2.280314 0.1804118 -0.5075641 2.486243 0.00956467 -0.8636644 2.361836 0.1703806 -0.8677259 2.558594 0.05674679 -0.9440266 2.392586 0.2341197 -0.9083648 2.517403
0.1244933 0.6315027 2.213913 0.09188204 0.4544018 2.207199 0.03968658 0.2939779 2.097094 0.261308 0.3056774 2.396055 0.002636027 0.04561806 2.019419 0.3815769 0.1696873 2.42441 0.04021888 -0.1661588 2.007367 0.3098219 0.300352 2.202598 0.04989371 -0.2386514 2.009018 0.3039291 0.2997767 2.201962 0.1326451 0.06456176 2.222551 0.1406706 -0.01374186 2.228832 0.09271778 -0.06598864 2.192142 0.2005175 -0.07923716 2.268278 0.04547851 -0.4832245 2.277954 0.1809466 -0.5082126 2.488938 0.01005319 -0.8636701 2.361461 0.1709122 -0.8656445 2.557616 0.05478134 -0.943704 2.387345 0.2346947 -0.9062855 2.516495
0.1238938 0.6307224 2.214614 0.09160934 0.4541614 2.20782 0.03956514 0.2939777 2.097297 0.2522743 0.3145275 2.407204 0.002666425 0.04559219 2.019644 0.3791639 0.1751069 2.400454 0.04019679 -0.1670779 2.007612 0.3021111 0.2984812 2.176109 0.04966545 -0.2385746 2.009262 0.302646 0.2995188 2.184796 0.1321791 0.06469672 2.223296 0.1401794 -0.01346974 2.229618 0.09273573 -0.0659689 2.192134 0.1984975 -0.07889313 2.271291 0.04551433 -0.4833026 2.277861 0.1814722 -0.5087776 2.489604 0.008618366 -0.8651308 2.362442 0.171922 -0.8637698 2.557893 0.05455453 -0.9440736 2.387378 0.237268 -0.9041311 2.519012
0.1232949 0.6311412 2.215648 0.09150606 0.4543166 2.208413 0.03929045 0.2941644 2.097798 0.2507388 0.3172166 2.409686 0.002503719 0.04582545 2.019848 0.3788394 0.1775961 2.385797 0.03978138 -0.1665973 2.007678 0.3097223 0.2820256 2.165481 0.04942148 -0.2385029 2.009268 0.3026419 0.2931608 2.162611 0.1318856 0.06955173 2.225205 0.1399044 -0.006619188 2.231893 0.09435222 -0.06438927 2.187913 0.1974222 -0.07569991 2.283576 0.04385772 -0.4854001 2.278618 0.1809874 -0.5099639 2.490084 0.009439057 -0.8638728 2.360328 0.1724649 -0.8670653 2.558131 0.05341578 -0.9443276 2.384249 0.2380299 -0.9074027 2.519597
0.1228658 0.6311085 2.216004 0.09139025 0.4544046 2.208822 0.03907962 0.2943501 2.098071 0.2498815 0.3185149 2.410872 0.002140362 0.04598472 2.020361 0.3775023 0.17893 2.373214 0.03886472 -0.1658848 2.008101 0.312107 0.2784275 2.163546 0.04895732 -0.2383875 2.009407 0.281286 0.322565 2.122831 0.1310771 0.07555082 2.226465 0.1389533 0.001153677 2.233201 0.09505713 -0.06175255 2.183393 0.1963486 -0.07265143 2.289341 0.04386664 -0.4853879 2.278621 0.1826824 -0.5040026 2.48975 0.01131937 -0.8556662 2.356886 0.1748953 -0.85959 2.55567 0.05218512 -0.941587 2.384243 0.240258 -0.9111266 2.601336
0.122484 0.6310592 2.216236 0.09124914 0.4544262 2.209285 0.03904045 0.2944244 2.098239 0.2499523 0.3184068 2.41065 0.001716211 0.04606198 2.020797 0.376834 0.1783844 2.370463 0.03648995 -0.1653338 2.008024 0.3109583 0.2686232 2.145998 0.04799598 -0.2381298 2.009496 0.3096089 0.2745665 2.147143 0.1312142 0.07694439 2.226755 0.1391934 0.002621897 2.233391 0.09588361 -0.0610005 2.181464 0.1966852 -0.0721921 2.290578 0.0456132 -0.4832189 2.277821 0.1826612 -0.5038817 2.489461 0.01136452 -0.8590021 2.358308 0.1716243 -0.8499323 2.550541 0.05196527 -0.9430103 2.385319 0.2372662 -0.8902569 2.512123
0.121943 0.6315258 2.217187 0.09033471 0.4549912 2.210568 0.03880091 0.2947248 2.098662 0.2509093 0.319634 2.411477 0.000713706 0.04640044 2.0216 0.3758727 0.1783429 2.367396 0.03489868 -0.1655949 2.00794 0.3236708 0.2462189 2.150692 0.04702646 -0.238182 2.009967 0.3204559 0.2504576 2.149637 0.1309497 0.07918739 2.227426 0.1391102 0.004931326 2.233902 0.09639762 -0.06031065 2.17987 0.1968277 -0.07201647 2.292586 0.04563509 -0.483068 2.277655 0.18222 -0.5049356 2.489987 0.01192657 -0.8599966 2.359439 0.172055 -0.8509734 2.551772 0.05379467 -0.9442227 2.390324 0.2376233 -0.891273 2.513203
0.1215844 0.6317122 2.217591 0.08991939 0.4550507 2.210978 0.03862689 0.2948281 2.098846 0.2514143 0.3200175 2.411666 -0.000468377 0.04659848 2.022091 0.3725836 0.1758413 2.364766 0.03351536 -0.1638794 2.008496 0.3262617 0.2275433 2.151643 0.04587116 -0.2381153 2.010598 0.3219391 0.2376581 2.144623 0.1305862 0.08174407 2.227712 0.13883 0.008051071 2.234111 0.0967074 -0.05966093 2.177135 0.1969429 -0.0715005 2.295129 0.0458337 -0.4831386 2.27798 0.1829121 -0.5066705 2.491529 0.01280508 -0.8566811 2.358815 0.1710127 -0.854033 2.551784 0.05641451 -0.9396794 2.390602 0.2365223 -0.8943298 2.513112
0.1206171 0.631303 2.218226 0.0895818 0.4549221 2.21119 0.0384561 0.2948621 2.09887 0.251688 0.3200974 2.411695 -0.001574237 0.04673354 2.022353 0.3720327 0.175311 2.364261 0.03268555 -0.1639915 2.008629 0.3295302 0.2049739 2.142819 0.04516321 -0.2383889 2.011175 0.3233621 0.2234717 2.137483 0.1302398 0.08245996 2.227643 0.1384811 0.008873085 2.23398 0.09633026 -0.0594737 2.176132 0.1968509 -0.07119922 2.295419 0.04712646 -0.4851739 2.280358 0.1828583 -0.5067178 2.491493 0.01231101 -0.8565946 2.358556 0.1692802 -0.8491787 2.549237 0.05663741 -0.9384376 2.392288 0.1974912 -0.9052545 2.58758
0.1205576 0.6314449 2.218355 0.0893197 0.4548445 2.211444 0.03825365 0.29491 2.098964 0.2519862 0.3202078 2.411792 -0.001964077 0.04683523 2.022336 0.3711782 0.1744561 2.364465 0.03134228 -0.1652701 2.009483 0.3294091 0.1961695 2.140109 0.04344592 -0.2388761 2.011471 0.3074308 0.2560515 2.118042 0.1299621 0.08292824 2.227643 0.1381983 0.0093747 2.23393 0.09610468 -0.05935617 2.175271 0.1966478 -0.07126612 2.295807 0.04696944 -0.4852014 2.280617 0.1824642 -0.5067299 2.491325 0.00972407 -0.8602974 2.360373 0.1718782 -0.8677261 2.566542 0.05277742 -0.9439151 2.391284 0.2373052 -0.9080247 2.527732
0.1204314 0.6312264 2.218303 0.08909324 0.4547396 2.211461 0.03812 0.2947819 2.098944 0.2521781 0.320246 2.411704 -0.002384495 0.04675651 2.022305 0.3702102 0.1728516 2.369936 0.03048734 -0.1660681 2.009571 0.3350962 0.1788403 2.149905 0.04195171 -0.2397884 2.011536 0.335339 0.1849528 2.153525 0.130141 0.07949889 2.227642 0.1386603 0.004086602 2.233959 0.0962196 -0.06082094 2.178549 0.1969749 -0.07338113 2.292081 0.04684399 -0.4853519 2.280981 0.1827467 -0.5058771 2.493407 0.008629859 -0.8579928 2.358717 0.1742035 -0.8688745 2.566022 0.05367805 -0.9396144 2.392026 0.239596 -0.909175 2.527155
0.1196636 0.6305289 2.217773 0.08793582 0.4543129 2.21092 0.03786926 0.2948369 2.098971 0.2520441 0.3201781 2.411226 -0.002811607 0.04685624 2.022262 0.2994342 0.1370118 2.374759 0.02990607 -0.1659765 2.009703 0.3366265 0.1724294 2.153866 0.040628 -0.2395378 2.011376 0.3402563 0.178175 2.159615 0.1304364 0.07992607 2.227567 0.1393537 0.004970411 2.233943 0.09750941 -0.06089888 2.177601 0.1984412 -0.07266609 2.293447 0.05354003 -0.485418 2.289649 0.1813862 -0.5028268 2.490407 0.008574095 -0.8596171 2.35887 0.1745501 -0.8696753 2.564369 0.05373966 -0.9417993 2.390603 0.2399212 -0.9099398 2.525431
0.1190336 0.630505 2.217729 0.08777136 0.4543021 2.210933 0.03762938 0.2947834 2.098752 0.252141 0.3202509 2.411156 -0.003535248 0.04683082 2.022299 0.2899386 0.134846 2.3953 0.02849718 -0.1660165 2.008741 0.3358008 0.1535251 2.164305 0.03973373 -0.2394624 2.010868 0.342015 0.1686076 2.185092 0.1305185 0.07868396 2.22733 0.1395121 0.003227587 2.233624 0.09736752 -0.06136997 2.178514 0.1987091 -0.07332894 2.291089 0.05228316 -0.4853342 2.288606 0.1817853 -0.5017685 2.491474 0.008360064 -0.8562505 2.356104 0.1732074 -0.8707479 2.563245 0.05493154 -0.9351616 2.393587 0.2385601 -0.9110067 2.52427
0.1182788 0.6311321 2.2177 0.08719271 0.4546237 2.210652 0.03757526 0.2948262 2.098719 0.2520962 0.3207212 2.410726 -0.004512202 0.04702163 2.022301 0.2919479 0.1357637 2.39517 0.02741206 -0.1660964 2.008325 0.3394207 0.1450341 2.184852 0.03923169 -0.2394706 2.010585 0.3444101 0.1588343 2.190268 0.1312065 0.07785171 2.227166 0.1406632 0.001930958 2.233495 0.09832191 -0.06159154 2.181081 0.2011161 -0.07179481 2.287555 0.04874363 -0.487333 2.284592 0.1827836 -0.5030848 2.492636 0.00841227 -0.8596736 2.356401 0.1741796 -0.8699707 2.559635 0.05439332 -0.9390455 2.393638 0.2395201 -0.9101971 2.520607
0.1181542 0.6310328 2.217494 0.08715338 0.4546157 2.210611 0.03744634 0.2947847 2.098556 0.2523076 0.3208057 2.410531 -0.004800361 0.04699372 2.022204 0.2929665 0.1361452 2.39694 0.02721404 -0.1663386 2.00852 0.3429399 0.14178 2.201018 0.03889459 -0.2396082 2.010557 0.3459053 0.1526015 2.205744 0.1309891 0.07737713 2.226591 0.140324 0.001384093 2.232783 0.09772731 -0.06136518 2.18152 0.1999829 -0.07117851 2.283504 0.05028289 -0.4882358 2.287467 0.1816168 -0.5025116 2.490937 0.008472914 -0.861634 2.357541 0.1702356 -0.8532274 2.549633 0.05504068 -0.9406775 2.394748 0.2355417 -0.8934579 2.510551
0.1181957 0.6310664 2.21752 0.08707652 0.4545546 2.210512 0.0373771 0.2947954 2.098494 0.2524714 0.3208119 2.410304 -0.004984755 0.04702359 2.022145 0.2954092 0.1375385 2.406085 0.02711496 -0.1664854 2.00846 0.343706 0.1368401 2.209628 0.03878785 -0.2399397 2.010569 0.3465568 0.1451945 2.221223 0.1318275 0.07529055 2.226359 0.1414007 -0.001233859 2.232607 0.09835867 -0.06206651 2.185992 0.2012952 -0.07122035 2.279802 0.05018209 -0.4877558 2.286648 0.1824943 -0.5008824 2.489968 0.009819712 -0.8597576 2.357203 0.1654522 -0.8672432 2.55609 0.05494821 -0.9396853 2.394295 0.192558 -0.9261183 2.59005
0.1180038 0.6312536 2.217219 0.08693685 0.4546657 2.210382 0.03733275 0.2947938 2.098446 0.252584 0.3210578 2.410046 -0.005057253 0.04702565 2.022107 0.3103957 0.153839 2.451911 0.02685061 -0.1651401 2.008543 0.3444788 0.1468196 2.238523 0.03845458 -0.2400412 2.010334 0.3558398 0.1444798 2.171803 0.131616 0.07450701 2.225834 0.1410934 -0.002238807 2.231975 0.09771803 -0.06173662 2.18686 0.2005353 -0.07123791 2.276478 0.04867827 -0.4865352 2.283789 0.1825452 -0.501075 2.489753 0.008600453 -0.8612188 2.358498 0.1669054 -0.8663511 2.557012 0.05220094 -0.9427109 2.389416 0.1914985 -0.9242814 2.594342
0.1176542 0.6312082 2.216588 0.08676313 0.4546838 2.210042 0.03727376 0.2947207 2.09828 0.2527026 0.3211843 2.409558 -0.005103119 0.04693428 2.022024 0.3098717 0.1541938 2.452519 0.02640234 -0.1636438 2.007965 0.3436439 0.1456763 2.23973 0.0383762 -0.2399812 2.010317 0.3549013 0.1428371 2.17321 0.1317709 0.0731871 2.225271 0.1412807 -0.003833466 2.231411 0.09729322 -0.06210822 2.1883 0.2010516 -0.07108882 2.273797 0.04805981 -0.4868301 2.28236 0.1826739 -0.501097 2.489713 0.008487407 -0.8615599 2.359468 0.1679574 -0.8615773 2.555271 0.05079361 -0.9420989 2.387258 0.2280987 -0.9071821 2.619335
0.118051 0.6307665 2.216039 0.08678977 0.454414 2.209829 0.037264 0.2945358 2.097996 0.2530302 0.3209452 2.409216 -0.005151089 0.04672337 2.021904 0.3097761 0.1541866 2.453081 0.026275 -0.1638308 2.007611 0.3408721 0.142975 2.248774 0.03841824 -0.2397826 2.009944 0.3512375 0.1392377 2.185081 0.1323106 0.07188876 2.225408 0.1418639 -0.005208997 2.231687 0.0977058 -0.06251854 2.190474 0.2013914 -0.07138011 2.273442 0.04753799 -0.4875137 2.281409 0.1819557 -0.5021812 2.489574 0.009330148 -0.8778335 2.368078 0.1696564 -0.8595262 2.555301 0.05196008 -0.9452908 2.3918 0.199661 -0.9174421 2.593136
0.1181015 0.6308357 2.215798 0.08662127 0.4544861 2.209421 0.03725388 0.2945006 2.097875 0.2531118 0.3211199 2.408696 -0.005018968 0.04667866 2.021714 0.3095238 0.1545026 2.453165 0.02638682 -0.1640382 2.006966 0.3368182 0.1452427 2.252655 0.03869327 -0.2394984 2.009334 0.3379653 0.1602736 2.270339 0.1325796 0.07152971 2.22526 0.1422102 -0.005627882 2.231588 0.09802172 -0.06238692 2.191387 0.201908 -0.07113497 2.27257 0.04847052 -0.4859522 2.281218 0.1819671 -0.5021297 2.489427 0.009741569 -0.8742653 2.364887 0.1689213 -0.8542411 2.555344 0.05448975 -0.9446799 2.393614 0.2340697 -0.8944633 2.51599
