0.09633663 0.6864852 2.385315 0.04805233 0.5100572 2.400172 -0.001037881 0.3684384 2.289154 0.1786115 0.4232791 2.575356 0.1272346 0.1802316 2.261538 0.3140076 0.3089673 2.443075 0.3550244 0.299484 2.334475 0.44674 0.3781562 2.287505 0.4153781 0.3553978 2.344631 0.4909841 0.4012192 2.240149 0.1162772 0.1458012 2.437842 0.1306543 0.0730556 2.447642 0.101945 0.002194349 2.386668 0.1856065 -0.0007868788 2.519573 0.05047832 -0.4850915 2.428783 0.1796366 -0.4458972 2.725031 -0.005472196 -0.8668593 2.449317 0.1051501 -0.8188508 2.790436 0.05626799 -0.9349537 2.422923 0.1340596 -0.8758262 2.839437
0.09633015 0.6865313 2.385272 0.04883215 0.5094244 2.400277 -0.001067212 0.3683262 2.289004 0.1793913 0.4226464 2.575461 0.1272317 0.1801819 2.261497 0.3147869 0.3083352 2.443181 0.3484837 0.3128989 2.335125 0.4260737 0.4176926 2.294608 0.407571 0.3664684 2.346623 0.370437 0.4363852 2.24917 0.1163109 0.1455999 2.437861 0.1306533 0.0728922 2.447667 0.101872 0.001976813 2.386818 0.1856132 -0.0008614185 2.519532 0.05048409 -0.4850198 2.428782 0.1795935 -0.4458588 2.725064 -0.005476926 -0.8666974 2.448997 0.1049167 -0.8202108 2.791278 0.05609112 -0.9348137 2.423101 0.1348279 -0.8762466 2.840759
0.09636835 0.6866073 2.384622 0.04985662 0.5085284 2.399199 -0.001041565 0.3683207 2.28896 0.1804158 0.4217503 2.574383 0.1273094 0.1803398 2.26139 0.3158107 0.3074395 2.442103 0.34023 0.326353 2.336623 0.4243426 0.4199512 2.293881 0.3906612 0.3799019 2.346554 0.3684728 0.4371021 2.248122 0.1163599 0.1455193 2.4377 0.1306595 0.07287014 2.447598 0.1018723 0.001901195 2.386743 0.1856203 -0.0009419707 2.519527 0.05035571 -0.4850695 2.428894 0.1795297 -0.4459931 2.72503 -0.00536567 -0.8668461 2.448924 0.1049279 -0.8201776 2.791302 0.05610148 -0.9347648 2.42309 0.1348272 -0.8762515 2.840746
0.09696021 0.6872444 2.383417 0.05031642 0.5085857 2.398136 -0.001013256 0.3682533 2.288884 0.1808756 0.4218077 2.57332 0.1272694 0.1804055 2.261119 0.3162699 0.3074974 2.44104 0.3311894 0.3466668 2.34104 0.3364436 0.4598402 2.2898 0.3622586 0.414076 2.341358 0.3301446 0.4068381 2.31731 0.1163322 0.1455861 2.437446 0.1306078 0.07293892 2.447452 0.1018363 0.001906194 2.386682 0.1855842 -0.000927191 2.519486 0.05034569 -0.4850721 2.428898 0.1794904 -0.4459457 2.724944 -0.005373521 -0.866823 2.448938 0.1047608 -0.8196231 2.790875 0.05634995 -0.9348603 2.423011 0.134193 -0.8759427 2.840319
0.09804454 0.6872284 2.382612 0.05093313 0.5081237 2.397414 -0.0009920126 0.3684168 2.288621 0.1814923 0.4213457 2.572598 0.1264393 0.1810649 2.260374 0.316886 0.307036 2.440319 0.3249065 0.3501287 2.341035 0.340982 0.480171 2.317135 0.3569909 0.4170535 2.34206 0.3262534 0.417885 2.340079 0.1165957 0.1455886 2.437409 0.1308781 0.07300228 2.447506 0.1020075 0.001791684 2.387022 0.1864653 0.0003394177 2.519469 0.05019447 -0.4853123 2.429075 0.1816493 -0.4257452 2.729063 -0.005360142 -0.8668406 2.44894 0.1047201 -0.8198608 2.789967 0.05681651 -0.9352856 2.423151 0.1339606 -0.8755028 2.840283
0.09833902 0.6872008 2.38184 0.05128796 0.5080405 2.396722 -0.001024744 0.368448 2.28861 0.1818471 0.4212624 2.571906 0.1256836 0.181441 2.259634 0.3172402 0.3069532 2.439627 0.3175977 0.353582 2.340974 0.3810126 0.4918442 2.360286 0.347371 0.4215298 2.343418 0.3141707 0.4191258 2.333959 0.1169909 0.1452115 2.437428 0.1313486 0.07253333 2.447707 0.1021798 0.001280671 2.388419 0.1872156 0.0009768042 2.519077 0.0507702 -0.4827885 2.429354 0.1818229 -0.4234963 2.729431 -0.005335556 -0.8667647 2.448832 0.1043716 -0.8200213 2.790552 0.0562629 -0.9349033 2.422965 0.1322246 -0.8779044 2.839096
0.09853283 0.6871048 2.381417 0.05170984 0.5078067 2.396314 -0.001017577 0.3684002 2.288537 0.1822689 0.4210287 2.571497 0.1246193 0.1815241 2.258648 0.3176615 0.30672 2.439219 0.3122289 0.359005 2.341035 0.3810766 0.4918979 2.360345 0.34341 0.4263173 2.343501 0.4022149 0.5536239 2.338554 0.1171139 0.1450963 2.437375 0.1314285 0.07245383 2.447707 0.1021935 0.0012561 2.388572 0.1872823 0.0009707131 2.519008 0.05095946 -0.482496 2.429474 0.1816399 -0.4262576 2.728939 -0.005389454 -0.8667302 2.44897 0.1044066 -0.8201083 2.790643 0.05664198 -0.9349868 2.422738 0.1322197 -0.8798836 2.83686
0.09866249 0.6871634 2.381113 0.05208338 0.5076878 2.395889 -0.001016443 0.3682905 2.288493 0.1826425 0.4209098 2.571073 0.1244249 0.181464 2.258448 0.3180344 0.3066016 2.438796 0.3105376 0.3594135 2.34192 0.3811408 0.4920331 2.360345 0.3400356 0.427431 2.34549 0.3006375 0.4224278 2.336262 0.1177098 0.1434263 2.437263 0.1320752 0.07029413 2.447804 0.1023754 0.0003006927 2.389776 0.1876629 -1.356954E-05 2.518115 0.05099286 -0.4825971 2.429589 0.1814388 -0.4330319 2.72839 -0.005441649 -0.8666618 2.449253 0.104721 -0.819515 2.790794 0.05757576 -0.9356503 2.42254 0.1319067 -0.8769336 2.840257
0.09878955 0.6871285 2.380685 0.05226037 0.5074395 2.395189 -0.001004643 0.3681686 2.28849 0.1828194 0.4206615 2.570373 0.1243984 0.1818892 2.258064 0.3182109 0.3063538 2.438097 0.3104468 0.3593774 2.341923 0.3811401 0.4920655 2.360281 0.3417747 0.4265858 2.345212 0.2979505 0.4216837 2.336455 0.1178396 0.1430175 2.437137 0.1321932 0.06989552 2.447781 0.1024659 0.0001364128 2.389942 0.1877198 -0.00047202 2.517985 0.05106226 -0.4826114 2.429608 0.1809584 -0.4381601 2.728084 -0.005605021 -0.8668385 2.449526 0.1054747 -0.8166038 2.789502 0.05659549 -0.9352492 2.42302 0.1317517 -0.8755034 2.837699
0.09921701 0.6873296 2.380702 0.05228101 0.5074258 2.395236 -0.001024854 0.3680837 2.288442 0.1828401 0.4206478 2.57042 0.1245308 0.1814267 2.258224 0.3182307 0.3063407 2.438144 0.311245 0.3572881 2.343315 0.3810946 0.4922096 2.360723 0.3432048 0.4242628 2.344779 0.3099871 0.4192567 2.346642 0.1178712 0.1429833 2.437207 0.132226 0.06987192 2.447871 0.1025606 0.0001643372 2.390162 0.1877206 -0.0005565311 2.518042 0.05128262 -0.4820686 2.429555 0.180992 -0.4399111 2.728492 -0.005551341 -0.8660858 2.449541 0.1054765 -0.8168148 2.789529 0.05476268 -0.933849 2.424167 0.1318676 -0.8755818 2.837824
0.09943812 0.6872728 2.380676 0.05233116 0.5073963 2.395325 -0.0008309151 0.3676907 2.288253 0.1828903 0.4206183 2.570509 0.1254323 0.1808669 2.258531 0.3182804 0.3063117 2.438234 0.3177581 0.3526243 2.343583 0.406344 0.4639217 2.324791 0.3545654 0.4170762 2.344164 0.3185413 0.4078335 2.336801 0.1178965 0.1430427 2.437289 0.1322496 0.0699911 2.447986 0.1026679 0.0001314169 2.390119 0.1876816 -0.0008816539 2.518754 0.05115303 -0.481948 2.429487 0.1811192 -0.4424275 2.728957 -0.00567325 -0.8656033 2.449285 0.1058213 -0.816689 2.789632 0.05446837 -0.933701 2.424402 0.1320913 -0.8756378 2.837771
0.1001762 0.6871747 2.380712 0.05243508 0.5071918 2.395647 -0.0009002226 0.3675314 2.2882 0.1829942 0.4204138 2.570831 0.1469548 0.1685765 2.266552 0.3183838 0.3061076 2.438556 0.3279591 0.3426279 2.340819 0.406211 0.4634845 2.324541 0.3786483 0.3962836 2.348615 0.4354867 0.5159435 2.291036 0.117893 0.1432884 2.437379 0.1322153 0.07047448 2.448083 0.1028018 0.0002201774 2.389708 0.1876528 -0.00127385 2.519635 0.05116099 -0.4819061 2.429474 0.1810027 -0.444926 2.72893 -0.005710269 -0.8653849 2.449295 0.1058382 -0.81661 2.789209 0.05391328 -0.9327782 2.424607 0.1320943 -0.8746796 2.838411
0.1001706 0.6871701 2.380909 0.05239734 0.5071821 2.395715 -0.0009017037 0.3674752 2.288022 0.1829565 0.4204041 2.570899 0.140489 0.1749825 2.262746 0.3183454 0.3060984 2.438624 0.3376361 0.3261281 2.335583 0.4290206 0.3931685 2.27428 0.3920709 0.3791955 2.34543 0.4659124 0.4221918 2.223999 0.117555 0.1455564 2.437563 0.1317598 0.07384805 2.448301 0.1030587 0.001256883 2.388392 0.1873678 -0.0004935327 2.521736 0.0510114 -0.4820339 2.429541 0.1810073 -0.4449199 2.728938 -0.005724831 -0.8651664 2.449232 0.1060734 -0.8166295 2.789449 0.05387232 -0.9326854 2.424368 0.1323668 -0.8745852 2.838765
0.09948349 0.6876633 2.381009 0.05086617 0.507933 2.395415 -0.0009413377 0.3675084 2.287877 0.1814253 0.4211549 2.570598 0.1392104 0.1772171 2.261283 0.3168135 0.3068498 2.438324 0.3493031 0.3143696 2.329983 0.4215134 0.3799199 2.262705 0.4113937 0.365019 2.341685 0.4564134 0.4042766 2.208666 0.1171609 0.1461239 2.437406 0.1315236 0.07430781 2.448189 0.1031807 0.001602591 2.387877 0.1871156 -0.0003188631 2.521971 0.05100319 -0.4822199 2.429553 0.1810449 -0.445027 2.728879 -0.005650207 -0.8651896 2.44928 0.107185 -0.8179399 2.795398 0.0544377 -0.933068 2.42411 0.133921 -0.8784689 2.841264
0.09884235 0.6878161 2.380956 0.05054382 0.5080701 2.395493 -0.0009553317 0.3675022 2.287868 0.181103 0.421292 2.570677 0.1374427 0.178804 2.259784 0.3164907 0.3069873 2.438403 0.3575775 0.3002905 2.327415 0.4373941 0.3523691 2.263949 0.4186658 0.3536397 2.337112 0.4776953 0.3674963 2.210298 0.1170622 0.146211 2.437388 0.1314655 0.07436126 2.448169 0.1032427 0.001655458 2.387645 0.1869693 -0.0004241306 2.52211 0.05104292 -0.4822084 2.429509 0.1808739 -0.446227 2.728665 -0.005396792 -0.8654745 2.449309 0.1077176 -0.8179715 2.79564 0.05734073 -0.9348599 2.42439 0.1364514 -0.8754731 2.844118
0.09809686 0.6870831 2.380238 0.0498014 0.5083562 2.395404 -0.0009732629 0.3674165 2.287847 0.1803605 0.4215781 2.570588 0.1365673 0.1792771 2.259167 0.3157475 0.3072741 2.438314 0.3632396 0.2839031 2.325205 0.4820999 0.3250733 2.304013 0.4239532 0.3404413 2.331707 0.5375507 0.3310063 2.263746 0.1167268 0.1462232 2.437225 0.1311944 0.07431048 2.44801 0.1031382 0.001666873 2.387353 0.1865258 -0.0005985684 2.522023 0.05096835 -0.4823909 2.429582 0.1803826 -0.4472619 2.727885 -0.00537153 -0.8655678 2.449237 0.1078135 -0.820655 2.79648 0.05791847 -0.9351979 2.424038 0.1371485 -0.8770655 2.84587
0.09737018 0.6868604 2.380007 0.04898077 0.5085795 2.395408 -0.0009966167 0.3673382 2.287853 0.1795399 0.4218014 2.570592 0.1363781 0.1793952 2.258859 0.3149262 0.3074979 2.438319 0.3692934 0.2797861 2.324347 0.5045697 0.3302814 2.346725 0.4338311 0.3308436 2.330439 0.5677842 0.3378759 2.320694 0.1166647 0.146178 2.43718 0.1311759 0.0742206 2.447955 0.1031902 0.001687718 2.38732 0.18648 -0.0006247741 2.5219 0.05113605 -0.4824736 2.429598 0.1804205 -0.4471037 2.727751 -0.00537774 -0.8655938 2.44923 0.1083343 -0.8200058 2.798778 0.05808244 -0.9352441 2.423357 0.1374247 -0.8780959 2.846332
0.09676024 0.6868207 2.380001 0.04862428 0.508702 2.395541 -0.001055075 0.3672943 2.287749 0.1791834 0.421924 2.570725 0.1360436 0.1796682 2.258184 0.314569 0.3076211 2.438452 0.3702254 0.2765234 2.323285 0.4872045 0.3168047 2.312281 0.4387366 0.3245493 2.329832 0.4716302 0.322464 2.335335 0.1164117 0.1464073 2.436977 0.1309607 0.07444245 2.447691 0.1031082 0.001964472 2.386609 0.186313 -0.0005575473 2.521804 0.05100944 -0.4827645 2.42969 0.1804034 -0.4469197 2.727348 -0.005258065 -0.8655463 2.449152 0.1070106 -0.8204744 2.797475 0.0577617 -0.9351786 2.423564 0.1368411 -0.8770504 2.846376
0.09614278 0.6867537 2.37985 0.04847715 0.5086433 2.39532 -0.001028569 0.3672647 2.287695 0.1790363 0.4218653 2.570504 0.1357579 0.1797061 2.25787 0.3144212 0.3075629 2.438232 0.3717833 0.2758731 2.323408 0.5046881 0.3330772 2.349041 0.4382987 0.3243411 2.329783 0.4748722 0.3246577 2.336754 0.1161807 0.1464935 2.436708 0.1307383 0.07452907 2.447432 0.1029704 0.002075925 2.386052 0.1860845 -0.0006527279 2.521755 0.05079093 -0.4835177 2.429773 0.1801813 -0.4473274 2.726777 -0.00534152 -0.8654958 2.449031 0.1063748 -0.8198795 2.795674 0.05784002 -0.9352691 2.423544 0.1360687 -0.8761903 2.844962
0.09599288 0.6868185 2.38024 0.04838046 0.5087204 2.395507 -0.0009725615 0.3672272 2.287655 0.1789396 0.4219424 2.570691 0.1350194 0.1800701 2.257107 0.3143238 0.3076406 2.438419 0.3685665 0.2712605 2.324499 0.4890146 0.3190153 2.315672 0.4348406 0.3276691 2.335166 0.5599753 0.3399307 2.309678 0.1160285 0.1465436 2.436546 0.1305566 0.07455847 2.44716 0.1028342 0.002173694 2.385559 0.1857842 -0.0006792461 2.521382 0.05081004 -0.4834446 2.429781 0.1800698 -0.4471817 2.725605 -0.005360513 -0.8654532 2.449068 0.1061891 -0.8202155 2.795771 0.05785345 -0.9353274 2.423552 0.1361108 -0.8757811 2.845762
0.09594914 0.6868328 2.380263 0.04857852 0.5087246 2.39574 -0.0009259569 0.3672499 2.287622 0.1791377 0.4219466 2.570924 0.1338246 0.1800174 2.256947 0.3145213 0.3076454 2.438653 0.3682534 0.2772713 2.324637 0.4370061 0.332029 2.260885 0.4338585 0.3285866 2.335124 0.4778344 0.3401569 2.206129 0.1159044 0.146703 2.436272 0.1303301 0.07477385 2.446681 0.102497 0.002312211 2.384437 0.1855763 -0.0007225252 2.521079 0.05077698 -0.4834617 2.429772 0.1795373 -0.447175 2.723936 -0.005403218 -0.8655581 2.448865 0.1062399 -0.8202237 2.79568 0.0574374 -0.9351453 2.423483 0.1358574 -0.8761487 2.845449
0.09607656 0.6869211 2.380367 0.04904056 0.5086069 2.395866 -0.0008807504 0.367246 2.287587 0.1795997 0.4218289 2.57105 0.1333533 0.1796849 2.257014 0.3149825 0.3075283 2.438779 0.3623577 0.2856239 2.324015 0.4250727 0.3769509 2.26515 0.4256154 0.3412201 2.333708 0.4617695 0.4000918 2.211774 0.1160083 0.1464283 2.43599 0.1304026 0.07437246 2.446273 0.1024547 0.002243726 2.384364 0.1856442 -0.0009845572 2.519915 0.05077546 -0.4834616 2.429771 0.1794366 -0.4466881 2.723094 -0.005405462 -0.8655595 2.448853 0.1063744 -0.8207264 2.797187 0.05753562 -0.9351954 2.42322 0.1339254 -0.8822052 2.841267
0.0961542 0.6869645 2.380243 0.04913003 0.5085889 2.395794 -0.0007468755 0.3672446 2.287437 0.1796892 0.4218109 2.570978 0.1344097 0.1801412 2.257371 0.3150713 0.3075108 2.438707 0.3528437 0.2969938 2.325215 0.427063 0.3789199 2.267287 0.4151163 0.3537785 2.337936 0.4943282 0.4030246 2.287364 0.1163038 0.1459034 2.435728 0.1307939 0.07361531 2.445979 0.1026163 0.002080607 2.384445 0.1859757 -0.001224286 2.519171 0.05073563 -0.4834959 2.429702 0.179597 -0.4463487 2.722816 -0.005321943 -0.8653824 2.448619 0.106212 -0.8182534 2.795148 0.05754185 -0.9352811 2.42325 0.1321872 -0.8795125 2.840473
0.09692208 0.6868456 2.379962 0.04946402 0.5084748 2.395789 -0.0007036416 0.3671197 2.287443 0.1800232 0.4216968 2.570974 0.134389 0.1803375 2.257401 0.3154048 0.3073972 2.438704 0.3434676 0.3148988 2.32617 0.3606198 0.4126418 2.253567 0.3997093 0.368836 2.34159 0.3756914 0.4477234 2.196356 0.1165221 0.1457497 2.435547 0.1310092 0.07343939 2.445775 0.1027619 0.00191705 2.384282 0.186262 -0.00138191 2.518908 0.05066898 -0.4835016 2.429668 0.1797124 -0.4463196 2.72258 -0.005194434 -0.8653674 2.448539 0.1052262 -0.8182555 2.792889 0.05693929 -0.9347192 2.422952 0.1325126 -0.8767157 2.84105
0.09799545 0.6866959 2.379464 0.05073051 0.5077856 2.394786 -0.0003916138 0.3669756 2.287545 0.1812897 0.4210076 2.56997 0.1335321 0.1812184 2.257103 0.3166708 0.3067083 2.437701 0.3394425 0.3292908 2.331186 0.3830767 0.4314734 2.273857 0.3907626 0.3813089 2.344187 0.4525743 0.4485006 2.293576 0.1168128 0.1455483 2.435249 0.1311925 0.07329158 2.445585 0.1028201 0.00186763 2.384264 0.1864163 -0.001474669 2.518692 0.05068797 -0.4835152 2.429646 0.1797689 -0.4463373 2.722499 -0.005340252 -0.8654172 2.448699 0.1053223 -0.8185426 2.793302 0.05699006 -0.9347645 2.422915 0.1329075 -0.8768705 2.841453
0.09894583 0.6864748 2.378968 0.05234221 0.5070176 2.394145 -0.0003332189 0.3668683 2.287604 0.1829014 0.4202396 2.569329 0.1323115 0.1822215 2.256322 0.3182819 0.3059409 2.43706 0.3269942 0.3410817 2.332937 0.3412563 0.4373474 2.266132 0.3499977 0.4116094 2.335244 0.4099506 0.4622919 2.279074 0.1172145 0.145588 2.435018 0.1314644 0.07338846 2.445421 0.1031298 0.001506978 2.38378 0.1868722 -0.001728644 2.518927 0.0506552 -0.4836874 2.429683 0.1800898 -0.4466687 2.722305 -0.005740057 -0.8672013 2.450824 0.1053055 -0.8198966 2.793925 0.05717592 -0.9350041 2.42285 0.1335347 -0.8776696 2.842371
0.09950937 0.6861238 2.378917 0.05348232 0.5064243 2.394414 0.0003075057 0.3667508 2.287412 0.1840415 0.4196464 2.569599 0.1304799 0.1833256 2.255788 0.3194213 0.3053483 2.43733 0.3210181 0.3442634 2.33678 0.3408742 0.4472679 2.275583 0.3473719 0.4136211 2.33488 0.3930493 0.4912547 2.304764 0.1179314 0.1448876 2.434993 0.1320951 0.07267879 2.445384 0.1034544 0.001138554 2.383961 0.1873585 -0.002103577 2.518654 0.0507524 -0.4835651 2.429609 0.1801627 -0.4466925 2.722296 -0.005660093 -0.8670369 2.450676 0.1053392 -0.8198753 2.793962 0.05728351 -0.9349768 2.422668 0.1311843 -0.8818142 2.838426
0.1005309 0.6860531 2.378755 0.05429234 0.5061743 2.394236 0.0005760188 0.3665254 2.287391 0.1848515 0.4193963 2.56942 0.1298416 0.1832717 2.255709 0.3202308 0.3050988 2.437152 0.3164718 0.3520607 2.337986 0.2771515 0.4469519 2.280125 0.343536 0.4211695 2.337761 0.2627917 0.4942362 2.232283 0.1184648 0.1438795 2.434805 0.1325635 0.0714534 2.445222 0.1034968 0.0007188061 2.384406 0.1877503 -0.0027034 2.517763 0.05127458 -0.4822866 2.429186 0.1801362 -0.4468121 2.722177 -0.005672429 -0.8669428 2.450577 0.1050249 -0.8201547 2.793447 0.05643934 -0.9343843 2.423331 0.1310553 -0.8712772 2.84993
0.101024 0.6859715 2.378732 0.05485816 0.5060352 2.394577 0.0008927539 0.3665791 2.287274 0.1854173 0.4192572 2.569761 0.1285524 0.183057 2.255862 0.3207959 0.3049602 2.437494 0.3121709 0.355015 2.337894 0.2770059 0.4468199 2.28069 0.3394997 0.4240192 2.338216 0.3169643 0.4348733 2.334137 0.118668 0.14351 2.434816 0.1327161 0.07102665 2.445198 0.1034947 0.0005202889 2.38462 0.1878522 -0.002857835 2.517397 0.05144136 -0.4822629 2.429141 0.1800799 -0.4467835 2.722006 -0.005653287 -0.8669165 2.450523 0.105283 -0.820029 2.793398 0.05675502 -0.9345464 2.422917 0.1309872 -0.8721198 2.84914
0.1014633 0.6859162 2.378647 0.05518437 0.5059899 2.394504 0.001323412 0.3666042 2.287139 0.1857435 0.4192119 2.569688 0.1277624 0.1831602 2.255635 0.3211215 0.3049155 2.437421 0.308832 0.3550148 2.337147 0.2769064 0.4468041 2.280778 0.3362624 0.4239674 2.338413 0.262168 0.4941003 2.233064 0.1190656 0.1427244 2.434707 0.1331128 0.07001634 2.445105 0.1036213 9.195268E-05 2.385062 0.1881174 -0.003187045 2.516749 0.05127604 -0.4822814 2.429117 0.180108 -0.4467087 2.721927 -0.005520343 -0.86739 2.451505 0.1054135 -0.8214918 2.793452 0.05673077 -0.934616 2.422892 0.1313545 -0.8727922 2.849814
0.101803 0.686043 2.378953 0.05550526 0.5060104 2.394493 0.002113172 0.3665828 2.286922 0.1860644 0.4192323 2.569677 0.1274547 0.1827072 2.255655 0.3214417 0.3049364 2.437411 0.3088683 0.3556292 2.338949 0.2783848 0.4498893 2.283512 0.338813 0.4235049 2.341104 0.2640326 0.4982069 2.236713 0.1194924 0.1420911 2.434525 0.1335561 0.06919963 2.44489 0.1038793 -0.0002406719 2.385173 0.1884232 -0.003690962 2.516136 0.05112223 -0.4824752 2.429076 0.1801773 -0.4469735 2.721585 -0.005534147 -0.8673494 2.451452 0.1054025 -0.8208709 2.793985 0.05682499 -0.93466 2.422895 0.1315924 -0.8732604 2.849219
0.1018885 0.6860785 2.379004 0.055733 0.5059876 2.394531 0.00258196 0.366535 2.286855 0.1862922 0.4192096 2.569715 0.1273967 0.1819349 2.25625 0.3216689 0.3049141 2.437449 0.3100818 0.3540438 2.341479 0.3143584 0.4558066 2.283398 0.3408441 0.4215865 2.341706 0.3119216 0.5061041 2.236549 0.1200225 0.140576 2.434469 0.134129 0.06719172 2.44482 0.1040815 -0.0006827716 2.386258 0.1887731 -0.004648793 2.514372 0.05126816 -0.4823501 2.429027 0.1802963 -0.4473458 2.721344 -0.00573295 -0.8668096 2.450989 0.1053183 -0.8203489 2.794267 0.05691665 -0.9347273 2.422794 0.1315006 -0.8719418 2.850248
0.1021775 0.6863325 2.37933 0.05595066 0.5060222 2.394556 0.003256056 0.3662066 2.286979 0.1865098 0.4192442 2.569741 0.1272922 0.1819344 2.256242 0.3218857 0.3049494 2.437475 0.312218 0.3530695 2.341146 0.3185972 0.4500047 2.277264 0.3486191 0.4177021 2.343584 0.3366852 0.409907 2.336567 0.1201078 0.1403616 2.434345 0.1341833 0.066945 2.444668 0.1040706 -0.0007878994 2.386242 0.1888181 -0.004771395 2.514038 0.05109123 -0.483006 2.429199 0.1802045 -0.4465949 2.720501 -0.005635459 -0.8667092 2.451001 0.1063744 -0.8201779 2.795683 0.05693434 -0.9347385 2.422759 0.1318921 -0.8728729 2.85094
0.1026069 0.686638 2.379678 0.05612656 0.5061246 2.394672 0.003336442 0.3663341 2.287127 0.1866857 0.4193466 2.569857 0.1270643 0.1818096 2.256354 0.3220609 0.3050523 2.437592 0.3175311 0.3469803 2.339505 0.331003 0.4469077 2.274516 0.3544446 0.4112642 2.343151 0.3339837 0.4941928 2.224658 0.120285 0.1405428 2.43439 0.1343745 0.06719828 2.444712 0.1041216 -0.0006861475 2.386399 0.1894688 -0.00349621 2.513815 0.05108225 -0.4834338 2.429235 0.1817911 -0.4316251 2.721948 -0.005568713 -0.8666877 2.451004 0.105734 -0.8205961 2.794631 0.05700593 -0.9347995 2.422564 0.131973 -0.8732542 2.849584
0.1026839 0.6867547 2.379878 0.05623042 0.506146 2.394732 0.003560366 0.3661998 2.287153 0.1867895 0.419368 2.569916 0.1270377 0.1816896 2.256503 0.3221642 0.3050742 2.437652 0.3230569 0.337457 2.33873 0.3351003 0.4445742 2.272667 0.3762157 0.3868554 2.354293 0.3394123 0.4910742 2.222172 0.1202856 0.1403169 2.434213 0.134332 0.06690715 2.444455 0.1040855 -0.0007234347 2.386344 0.1892758 -0.004097152 2.513109 0.05119587 -0.4835314 2.429219 0.1799935 -0.4412365 2.718175 -0.005618434 -0.8665346 2.450711 0.1056453 -0.8207678 2.794644 0.05718513 -0.9349613 2.422442 0.1321981 -0.8734427 2.849429
0.1027111 0.6868575 2.380198 0.05621307 0.5062145 2.394775 0.003631156 0.3662309 2.287253 0.1867722 0.4194365 2.56996 0.1271782 0.181591 2.256594 0.322146 0.3051434 2.437696 0.3283617 0.3246647 2.336733 0.3412777 0.4392844 2.268584 0.3798451 0.3761956 2.350953 0.3836991 0.3815539 2.342909 0.1201736 0.1401195 2.434079 0.134175 0.06662915 2.444258 0.1039696 -0.0007235452 2.386349 0.18894 -0.0044321 2.512444 0.05126588 -0.4834111 2.429148 0.179415 -0.4424942 2.717679 -0.005652981 -0.8665349 2.450557 0.1064562 -0.8207163 2.795836 0.05733017 -0.9351147 2.42257 0.1324851 -0.8744299 2.849859
0.1027126 0.6870794 2.380585 0.056285 0.5064096 2.39487 0.003616298 0.3663001 2.287333 0.1868441 0.4196316 2.570055 0.1273819 0.1816336 2.256788 0.3222173 0.305339 2.437792 0.3387945 0.3148067 2.337107 0.3750645 0.4168127 2.258898 0.3933777 0.3721917 2.353352 0.4023623 0.3684689 2.341903 0.1200914 0.1400526 2.433961 0.1340301 0.06651337 2.444067 0.1036558 -0.0008781546 2.38618 0.1887969 -0.004496061 2.51214 0.05127458 -0.483724 2.4291 0.1791054 -0.4424762 2.717394 -0.005505404 -0.8665968 2.450665 0.1066457 -0.8206869 2.796625 0.05744362 -0.9351588 2.422579 0.1346408 -0.8756263 2.848384
0.1027994 0.6873102 2.381321 0.0562869 0.5064715 2.394899 0.003686001 0.3664263 2.287386 0.186846 0.4196934 2.570084 0.1275475 0.1814967 2.256797 0.3222185 0.3054014 2.437821 0.3443797 0.3060794 2.335443 0.4738861 0.3614457 2.296142 0.4107624 0.356615 2.348543 0.5474681 0.3708376 2.298506 0.1200152 0.140297 2.43393 0.1339186 0.06687759 2.444028 0.1035122 -0.0007461007 2.386163 0.1887122 -0.003512067 2.512143 0.05130642 -0.4837251 2.429068 0.1790256 -0.430744 2.718839 -0.004954243 -0.866832 2.450288 0.107081 -0.8212991 2.797613 0.05772072 -0.9354825 2.422759 0.1351134 -0.8774416 2.848043
0.1026522 0.6877837 2.382038 0.05608601 0.5067452 2.39513 0.003625687 0.3665454 2.287409 0.1866452 0.4199671 2.570315 0.1277287 0.1813296 2.256919 0.322017 0.3056757 2.438053 0.3559086 0.2972375 2.332077 0.4486761 0.3256572 2.2629 0.4173589 0.3497327 2.346627 0.4573246 0.3435105 2.345162 0.1198744 0.1409504 2.433947 0.1337888 0.06773501 2.444013 0.1034321 -0.0005344457 2.386101 0.1887067 -0.001947027 2.51231 0.05170827 -0.4830568 2.429008 0.1794036 -0.4262695 2.719589 -0.005177916 -0.8676964 2.451278 0.1053923 -0.818522 2.790225 0.05708935 -0.9353669 2.423278 0.1326076 -0.8726563 2.843232
0.1024396 0.6880085 2.382137 0.05550232 0.5070804 2.395138 0.003547033 0.3666521 2.287476 0.1860615 0.4203023 2.570322 0.1288605 0.1809389 2.257217 0.3214326 0.3060114 2.43806 0.3615379 0.2876821 2.3304 0.4474382 0.3142379 2.261379 0.421796 0.3404666 2.346061 0.5171462 0.3396096 2.263644 0.1193859 0.1423503 2.433991 0.133331 0.06955256 2.44411 0.1033542 -0.0001421652 2.385818 0.1883735 -0.0002792086 2.513407 0.05156829 -0.4829681 2.428975 0.1795465 -0.4248041 2.720181 -0.005056186 -0.8676385 2.451236 0.1063925 -0.820128 2.792672 0.05723743 -0.9354242 2.423141 0.1338597 -0.8745624 2.84524
0.1020348 0.688392 2.382594 0.05527558 0.5073892 2.395318 0.003523409 0.3667203 2.287491 0.1858347 0.4206111 2.570502 0.1288338 0.1808467 2.257305 0.3212051 0.306321 2.438241 0.3647494 0.2827416 2.330899 0.5154603 0.3314584 2.359891 0.4279246 0.3317591 2.344963 0.584291 0.3588641 2.364282 0.1193491 0.1426349 2.434011 0.133326 0.06984705 2.444118 0.1033522 -7.345713E-05 2.385787 0.1884344 0.0003216944 2.51349 0.05159973 -0.4832999 2.428949 0.1798601 -0.4233091 2.72057 -0.005151219 -0.8672071 2.450939 0.1062841 -0.8196077 2.792142 0.0573929 -0.9354247 2.422795 0.1305617 -0.8845221 2.8331
0.1015668 0.6889193 2.383676 0.05487888 0.5080308 2.39575 0.003454915 0.3669544 2.287571 0.185438 0.4212528 2.570934 0.1288863 0.1808589 2.257262 0.3208076 0.3069632 2.438673 0.366304 0.28149 2.330539 0.5150585 0.3314345 2.36006 0.4282833 0.3292971 2.343716 0.5838889 0.3588401 2.364451 0.1191839 0.1428954 2.434117 0.1331961 0.07005432 2.444195 0.1031386 0.0002404539 2.385991 0.1882224 0.0009345814 2.513397 0.05164125 -0.4832658 2.428951 0.1797661 -0.4225364 2.720773 -0.004950703 -0.8670263 2.450097 0.1062649 -0.8195691 2.79178 0.05741128 -0.9353964 2.422827 0.1293631 -0.885074 2.832478
0.1015226 0.6889958 2.383869 0.05483443 0.5080962 2.39579 0.003402163 0.3671372 2.287666 0.1853936 0.4213181 2.570975 0.1289833 0.1807854 2.257294 0.3207625 0.3070292 2.438714 0.3667792 0.2813651 2.330633 0.5150145 0.3313898 2.360067 0.4283356 0.3294185 2.343332 0.5838448 0.3587954 2.364457 0.1191863 0.1428975 2.434114 0.1332042 0.07005334 2.444187 0.1031099 0.0003133513 2.386099 0.1883296 0.001340975 2.51297 0.05166303 -0.483817 2.42889 0.1797854 -0.4216862 2.720709 -0.004955675 -0.8670981 2.450136 0.1064118 -0.8201175 2.793001 0.05728289 -0.9353159 2.422853 0.1332234 -0.8820372 2.836908
0.1012155 0.6892059 2.384314 0.05469895 0.5081683 2.396075 0.003440612 0.3671394 2.287717 0.1852581 0.4213902 2.57126 0.1291677 0.1807237 2.257264 0.3206261 0.3071019 2.439 0.3663177 0.2813056 2.330436 0.5148579 0.3312704 2.360223 0.428286 0.3303322 2.343125 0.5836879 0.3586759 2.364614 0.1190932 0.1431537 2.43423 0.1331167 0.07036301 2.444286 0.1030534 0.0003614555 2.386045 0.188291 0.001835359 2.513361 0.05160433 -0.4839336 2.42894 0.1796001 -0.4195493 2.720991 -0.004840427 -0.8669193 2.449767 0.1059802 -0.8205068 2.793301 0.05700538 -0.9349576 2.422551 0.1329677 -0.8805901 2.839586
0.1012186 0.6892032 2.384337 0.05477809 0.5081177 2.395964 0.003475484 0.3671567 2.287727 0.1853372 0.4213397 2.571149 0.1291603 0.1807023 2.257247 0.3207046 0.307052 2.438889 0.3659658 0.2879575 2.332096 0.4229926 0.3348083 2.248364 0.4236814 0.3372909 2.34643 0.4918224 0.3622137 2.252755 0.1189974 0.1439642 2.434082 0.1329381 0.07156203 2.444148 0.1029068 0.0006155842 2.385526 0.1882478 0.002661321 2.513987 0.05172623 -0.4839207 2.428904 0.1794617 -0.4186626 2.721001 -0.004986136 -0.8672478 2.4501 0.1062046 -0.8218745 2.797624 0.05865276 -0.9355049 2.422264 0.1350675 -0.8817841 2.842993
0.1014231 0.6892783 2.384237 0.05499946 0.5082533 2.395535 0.003504881 0.3672753 2.287767 0.1855586 0.4214752 2.570719 0.129192 0.1806995 2.257269 0.3209253 0.3071881 2.43846 0.3534364 0.297447 2.334898 0.4109243 0.3686067 2.24975 0.4144954 0.3548042 2.350057 0.3963247 0.3671219 2.334647 0.1189636 0.1447894 2.433917 0.1328427 0.07257098 2.44406 0.1028365 0.0008411881 2.385222 0.1882233 0.003264683 2.514499 0.05162662 -0.4848995 2.429217 0.1794364 -0.4180296 2.721084 -0.004773643 -0.8685271 2.449665 0.1084403 -0.8229264 2.803084 0.05802362 -0.9357167 2.422142 0.1366886 -0.88588 2.84455
0.1018255 0.6894305 2.384294 0.05524142 0.5084303 2.395541 0.003652218 0.3673791 2.287816 0.1858006 0.4216522 2.570725 0.1291915 0.1807024 2.257271 0.3211667 0.3073656 2.438467 0.3459016 0.3126692 2.339103 0.3702368 0.4126782 2.254463 0.4056016 0.3652727 2.351567 0.391237 0.3702558 2.33523 0.1190302 0.1459224 2.434012 0.1328436 0.07392956 2.444189 0.102808 0.00113135 2.384703 0.1883967 0.004077816 2.515745 0.05181183 -0.4854225 2.429452 0.1794962 -0.4172931 2.721321 -0.004664029 -0.8683612 2.449617 0.1083087 -0.8223991 2.803035 0.05828298 -0.9358717 2.422142 0.135566 -0.8846105 2.846246
0.1019485 0.689397 2.384315 0.0554842 0.5083007 2.395474 0.003622549 0.3673356 2.287896 0.1860433 0.4215226 2.570658 0.1289722 0.181201 2.25716 0.3214088 0.3072365 2.438401 0.3394009 0.3222805 2.340026 0.3458034 0.4487976 2.276796 0.3850131 0.3796441 2.351714 0.3998773 0.3831743 2.348752 0.1190993 0.1460257 2.434004 0.1329055 0.07406311 2.444189 0.1027969 0.001145834 2.384645 0.1885879 0.004256736 2.515876 0.05226326 -0.4834108 2.429176 0.1795337 -0.4165508 2.721357 -0.004819524 -0.8676032 2.449673 0.1057042 -0.8195485 2.794884 0.05712655 -0.9352793 2.422046 0.1292269 -0.8909609 2.823647
0.1024789 0.6893598 2.384372 0.05591805 0.5080982 2.395572 0.003622749 0.3673416 2.287894 0.1864772 0.4213202 2.570756 0.1279782 0.1816227 2.256947 0.321842 0.3070347 2.438499 0.3243623 0.3394827 2.342013 0.3453081 0.4556604 2.283829 0.3608475 0.4038923 2.347289 0.4193293 0.4608094 2.285232 0.1191044 0.1460224 2.434004 0.1329023 0.07405875 2.444185 0.1026436 0.001160807 2.38466 0.1886025 0.004287771 2.515788 0.05225784 -0.4832764 2.429162 0.1793936 -0.4162601 2.721173 -0.00471909 -0.8674606 2.449619 0.1055781 -0.819699 2.794982 0.05676024 -0.9349015 2.42174 0.1345067 -0.8780322 2.842318
0.1027471 0.6893209 2.384455 0.05638246 0.5079356 2.395647 0.003863741 0.3675587 2.287684 0.1869416 0.4211575 2.570831 0.1263152 0.1820871 2.256639 0.3223057 0.3068726 2.438574 0.3201027 0.3457382 2.345254 0.3412376 0.4574196 2.285268 0.3546175 0.4114359 2.344977 0.4153105 0.4616809 2.286874 0.1192187 0.1460257 2.434035 0.1329795 0.07406214 2.444211 0.1026461 0.001214353 2.384761 0.188777 0.00452686 2.515651 0.05220775 -0.4828538 2.429122 0.179551 -0.4152776 2.721243 -0.004763258 -0.8669242 2.44958 0.1052274 -0.8189734 2.794836 0.05678005 -0.9349008 2.421699 0.1341569 -0.8780295 2.841265
0.1031176 0.6890193 2.38422 0.056516 0.5076894 2.395648 0.003859602 0.3675569 2.287698 0.1870752 0.4209114 2.570832 0.1257202 0.1827165 2.256314 0.3224388 0.3066269 2.438577 0.3141961 0.3526304 2.345551 0.3240943 0.4648893 2.292719 0.3401408 0.4221585 2.345137 0.3246461 0.5176434 2.2486 0.1192803 0.1459964 2.434037 0.1330361 0.07404227 2.444213 0.1026434 0.001190088 2.384768 0.1889815 0.004711295 2.51559 0.05213144 -0.4828266 2.42916 0.1793527 -0.4130242 2.721052 -0.004778684 -0.8664258 2.449903 0.106003 -0.8191521 2.795588 0.05676994 -0.9348846 2.421675 0.1343527 -0.8799353 2.840105
0.1030703 0.6889876 2.384178 0.05652504 0.5076886 2.395637 0.0038724 0.3675905 2.287682 0.1870842 0.4209106 2.570821 0.1246605 0.1836367 2.255723 0.3224471 0.3066267 2.438566 0.3011405 0.3506293 2.343921 0.2568607 0.454583 2.2971 0.3322204 0.4180161 2.344615 0.2349985 0.5039018 2.254446 0.1193087 0.1461494 2.433963 0.1330658 0.07423025 2.444124 0.1026206 0.001278394 2.384628 0.1890708 0.005106526 2.515507 0.05237175 -0.4810194 2.428835 0.1792677 -0.4113712 2.720338 -0.004524466 -0.8661796 2.449632 0.1067396 -0.8196739 2.7995 0.05628881 -0.9344873 2.421419 0.135403 -0.8823541 2.841089
0.1031146 0.688967 2.384077 0.05652223 0.5076991 2.395639 0.003855212 0.367663 2.287708 0.1870814 0.4209211 2.570823 0.119987 0.1836519 2.25456 0.3224436 0.3066378 2.438568 0.2959257 0.3522421 2.344069 0.2568385 0.4546043 2.297125 0.3314223 0.4173903 2.34582 0.2349702 0.5039265 2.254478 0.1192562 0.146243 2.433882 0.1329978 0.074332 2.444016 0.1024599 0.001343699 2.3844 0.1890066 0.005275077 2.515389 0.05229479 -0.4805166 2.428676 0.178963 -0.4110178 2.719839 -0.004520455 -0.8661411 2.44955 0.1069463 -0.8194554 2.799654 0.05596028 -0.9343414 2.421568 0.1348352 -0.8821919 2.841682
0.1034284 0.6888484 2.384013 0.05717979 0.5073221 2.395513 0.003642788 0.3678172 2.287832 0.1877389 0.420544 2.570697 0.1191381 0.1833317 2.254044 0.3231005 0.3062613 2.438443 0.2946115 0.3533757 2.344161 0.2573568 0.4542631 2.297114 0.3299673 0.4185959 2.346064 0.2354422 0.503597 2.254505 0.1193075 0.1463661 2.433821 0.1330007 0.07453402 2.443938 0.1022393 0.001424806 2.384287 0.189127 0.00549484 2.515327 0.05225466 -0.4804398 2.42863 0.1787759 -0.4100986 2.719657 -0.004529395 -0.8659297 2.44948 0.107206 -0.8199261 2.799311 0.05542925 -0.9343001 2.422437 0.1349774 -0.8822381 2.842041
0.1034963 0.6887265 2.383963 0.05727401 0.5072368 2.395404 0.003447689 0.3677871 2.287951 0.1878332 0.4204587 2.570588 0.117464 0.1835086 2.253535 0.323194 0.3061766 2.438334 0.2958167 0.3555397 2.344829 0.2574026 0.4542032 2.29706 0.3308191 0.4209661 2.34607 0.3146072 0.4213461 2.343627 0.1193607 0.1461085 2.433745 0.1330379 0.07418888 2.443869 0.1019782 0.001235131 2.384579 0.1892975 0.005552336 2.514739 0.05219591 -0.4807272 2.428673 0.1786843 -0.409933 2.719513 -0.004588276 -0.865955 2.449439 0.1066884 -0.8201606 2.797392 0.05590059 -0.9346111 2.422415 0.1304862 -0.8932624 2.821259
0.1032949 0.6889471 2.384303 0.05718016 0.5074931 2.39562 0.003441087 0.3678999 2.288041 0.1877393 0.420715 2.570804 0.1169822 0.1834162 2.253412 0.3230995 0.3064335 2.438551 0.3006731 0.3579055 2.346543 0.2572507 0.4545008 2.297355 0.332554 0.4249141 2.345669 0.3091058 0.4210212 2.341525 0.1193457 0.1461457 2.433765 0.1330298 0.07420216 2.443875 0.1019193 0.00130556 2.384623 0.1892714 0.005723984 2.514645 0.05217076 -0.4807127 2.428626 0.1785267 -0.409475 2.719414 -0.004412439 -0.8656971 2.449561 0.1069827 -0.8203929 2.797676 0.0559403 -0.9346681 2.422372 0.1298433 -0.8937959 2.821532
0.1031436 0.6889334 2.384491 0.05713458 0.5075586 2.395809 0.003421378 0.3679591 2.28808 0.1876937 0.4207806 2.570993 0.1168259 0.1830841 2.253556 0.3230531 0.3064997 2.43874 0.3034196 0.3590397 2.34725 0.2571582 0.4545954 2.297604 0.3366529 0.4253834 2.346087 0.3084621 0.4196198 2.339921 0.1193686 0.1461469 2.433908 0.1330618 0.07418295 2.444018 0.101893 0.001354286 2.384875 0.1893164 0.005823827 2.514703 0.05253571 -0.4795528 2.428618 0.1785781 -0.4092182 2.719903 -0.004416138 -0.8657822 2.449788 0.1073351 -0.8196135 2.797082 0.05587785 -0.9346523 2.422431 0.1320103 -0.8856881 2.835876
0.1030166 0.6888865 2.384501 0.05705774 0.507571 2.395864 0.003095893 0.3678506 2.288274 0.1876169 0.4207929 2.571048 0.1182494 0.1826576 2.254194 0.3229756 0.3065126 2.438797 0.3068564 0.3563569 2.346698 0.3380831 0.4848701 2.322702 0.3479184 0.4181708 2.347184 0.4107969 0.4937283 2.310806 0.1193812 0.1460674 2.434064 0.133099 0.07405403 2.44422 0.1017519 0.001343358 2.38559 0.1893929 0.005930157 2.514685 0.05248758 -0.4793279 2.428523 0.1786123 -0.4088295 2.72025 -0.004588153 -0.8656419 2.449627 0.1069901 -0.8196356 2.798114 0.05568941 -0.9339962 2.421932 0.1332555 -0.8752559 2.850038
