0.08651344 0.6077728 2.155069 0.07457707 0.4208415 2.189828 0.006979467 0.2828926 2.079565 0.2379745 0.3279398 2.304622 0.0682182 0.09842482 1.994604 0.3354917 0.09641016 2.221324 0.2711232 0.1428182 1.980183 0.1968381 0.108938 1.984391 0.3571264 0.1670897 1.983115 0.2241254 0.1534486 1.915927 0.09343105 0.08800535 2.195684 0.1232301 0.02725388 2.172671 0.08404588 -0.03392292 2.131587 0.1777373 -0.04044084 2.205873 0.02637221 -0.5338131 2.217176 0.1963945 -0.5502983 2.399239 -0.0395558 -0.8710818 2.270343 0.1690229 -0.8809949 2.475927 0.01511775 -0.9133962 2.220917 0.2480818 -0.9340142 2.4967
0.08638826 0.6078979 2.155118 0.07433973 0.4209225 2.189619 0.007347235 0.2829505 2.079559 0.2376962 0.3273355 2.303753 0.0691208 0.09820553 1.994803 0.3351922 0.09661313 2.220824 0.2710683 0.1426277 1.980111 0.196558 0.1091515 1.98388 0.3562976 0.1696196 1.981413 0.2238414 0.1536635 1.915406 0.0934605 0.0882034 2.195572 0.1231538 0.02740768 2.172691 0.08403895 -0.03381712 2.1309 0.1776877 -0.0407134 2.206409 0.02633781 -0.5338258 2.217219 0.196105 -0.5513778 2.399752 -0.03948147 -0.8711168 2.270096 0.1688912 -0.8814727 2.476452 0.01517564 -0.9134338 2.220654 0.247386 -0.9342031 2.49876
0.08632083 0.607924 2.155069 0.07434036 0.4208876 2.189513 0.007658506 0.2829347 2.07954 0.2365084 0.3279065 2.30242 0.06909133 0.09838632 1.994994 0.3338807 0.1078831 2.222502 0.2675821 0.1462847 1.981112 0.1953173 0.1204706 1.985516 0.3510409 0.1780593 1.976714 0.2226011 0.1649871 1.91703 0.09356258 0.08835611 2.195488 0.1231313 0.02755419 2.172755 0.0841242 -0.03369614 2.130796 0.1776011 -0.04066084 2.206612 0.02632788 -0.5338233 2.217257 0.1959721 -0.5517986 2.399954 -0.03941941 -0.871087 2.269743 0.1687239 -0.8815722 2.476476 0.01523514 -0.9134043 2.220297 0.247026 -0.9344616 2.499748
0.08628993 0.6078857 2.154891 0.07453775 0.4206562 2.189434 0.007897005 0.2828586 2.079455 0.2365634 0.3297061 2.302883 0.06865068 0.0990271 1.995162 0.3340058 0.1192554 2.221763 0.2615452 0.1573978 1.98499 0.195482 0.1318626 1.984754 0.3404077 0.1978417 1.973186 0.2227653 0.1763811 1.91626 0.09387126 0.08919127 2.195561 0.1233202 0.02873266 2.17309 0.08433656 -0.03328051 2.130623 0.1778192 -0.04005895 2.207216 0.02627103 -0.5336695 2.217283 0.1963032 -0.5498913 2.399145 -0.03940389 -0.8710867 2.269793 0.1686844 -0.8815861 2.47661 0.01529786 -0.9133961 2.220393 0.246795 -0.9345412 2.500479
0.08632647 0.6078333 2.154725 0.07472741 0.4205897 2.189421 0.008136335 0.2828238 2.079403 0.2346046 0.331695 2.301246 0.06876727 0.09923092 1.995062 0.3319474 0.1277339 2.230243 0.254325 0.1724428 1.987449 0.1934501 0.1403302 1.993218 0.3272191 0.2236028 1.97948 0.2207303 0.1848484 1.924714 0.09414122 0.0897048 2.195523 0.1234363 0.02931802 2.1732 0.08465672 -0.03273929 2.130434 0.1777888 -0.03940563 2.207494 0.02624536 -0.5334905 2.217252 0.1961105 -0.5506938 2.399334 -0.0393441 -0.8712212 2.269882 0.168986 -0.8817282 2.476423 0.01536938 -0.9135288 2.220493 0.2443305 -0.9353091 2.501085
0.08662947 0.6075586 2.154347 0.07481186 0.4204203 2.189233 0.00824922 0.282849 2.079329 0.2331674 0.3340037 2.299783 0.06896944 0.1002824 1.995094 0.3314099 0.1324086 2.235483 0.2512901 0.1893129 1.989246 0.1929184 0.1450086 1.998455 0.3154289 0.2502453 1.976288 0.2201999 0.1895269 1.929952 0.09452494 0.09003992 2.19549 0.12372 0.02972329 2.173362 0.08539979 -0.03183 2.131048 0.1780645 -0.03842567 2.207434 0.02619839 -0.5333737 2.217415 0.1960597 -0.5507547 2.399262 -0.03915319 -0.8713475 2.270254 0.1690436 -0.8817075 2.476333 0.01551184 -0.9136629 2.220818 0.2443481 -0.9352984 2.501027
0.08660349 0.6072063 2.153143 0.07536786 0.4200134 2.189244 0.00825196 0.2828506 2.07916 0.2249253 0.3405404 2.291085 0.06774647 0.1035965 1.992837 0.32968 0.1339839 2.236388 0.2809961 0.2514134 1.99095 0.1911917 0.1465843 1.999358 0.332325 0.2876183 1.970408 0.2184736 0.1911027 1.930856 0.09478308 0.09009199 2.195438 0.1237289 0.02972588 2.173326 0.08550796 -0.03162522 2.131101 0.1775976 -0.03757585 2.206683 0.02621259 -0.5329863 2.217335 0.1964281 -0.5478104 2.398833 -0.03920566 -0.8713695 2.270138 0.1688925 -0.8820457 2.476882 0.01518109 -0.9137294 2.220433 0.2444072 -0.9353094 2.501083
0.08642053 0.6070992 2.152667 0.07613056 0.4195562 2.189442 0.008226682 0.2828639 2.079108 0.2176135 0.3527199 2.28925 0.06603371 0.1062701 1.990267 0.3277975 0.1359663 2.238023 0.2795575 0.2582718 1.992725 0.1876579 0.1462633 2.001906 0.3073571 0.317672 1.984589 0.2161816 0.1904905 1.93567 0.09491552 0.0902968 2.19518 0.1238651 0.02996466 2.173256 0.08606448 -0.03064256 2.131371 0.1772394 -0.03582159 2.205758 0.02623968 -0.5328041 2.217406 0.1963962 -0.548098 2.399005 -0.03912999 -0.8714278 2.270159 0.169099 -0.8798211 2.475478 -0.01701955 -0.933862 2.298996 0.2465883 -0.9339768 2.497912
0.08649986 0.6063368 2.151255 0.07656892 0.4190491 2.189339 0.008233339 0.2829015 2.078937 0.2145835 0.355805 2.287228 0.06458959 0.107682 1.988998 0.3276348 0.1436514 2.232376 0.2732361 0.2649382 1.994842 0.1861024 0.1494121 1.996977 0.3010744 0.3241254 1.985394 0.2163125 0.1932372 1.933598 0.09498002 0.09031568 2.194995 0.1238342 0.02996321 2.173141 0.08613839 -0.03029786 2.131616 0.1761868 -0.03417397 2.204134 0.02630746 -0.5324264 2.217275 0.1965344 -0.546038 2.398381 -0.03909381 -0.8714219 2.270055 0.1691531 -0.8797975 2.475489 0.01573219 -0.9137095 2.220774 0.2476306 -0.933754 2.497445
0.08629326 0.6058899 2.150029 0.07678457 0.4186184 2.189055 0.007690406 0.2829417 2.078352 0.2113493 0.3577612 2.284303 0.06430169 0.1079844 1.988254 0.3279651 0.1447292 2.232753 0.2705379 0.2700064 1.995239 0.186389 0.1500885 1.997373 0.2992466 0.3289465 1.986921 0.2166804 0.1938863 1.934127 0.09501282 0.09022299 2.194717 0.1237173 0.02983169 2.172894 0.08613834 -0.03015366 2.131855 0.1751777 -0.03307278 2.20248 0.02626958 -0.5319828 2.216811 0.1970986 -0.5421339 2.396629 -0.0390977 -0.8714467 2.26994 0.1695997 -0.8789501 2.474577 0.01570868 -0.9137369 2.22064 0.2478758 -0.933492 2.495791
0.08558587 0.6051311 2.149107 0.07739994 0.4179231 2.189287 0.007608552 0.2828538 2.078185 0.2105708 0.3594466 2.284264 0.06373881 0.1079372 1.987556 0.3279141 0.1453566 2.23241 0.2699764 0.2699881 1.994959 0.1862785 0.1503782 1.997059 0.2988363 0.3289067 1.987022 0.2166891 0.1941516 1.934008 0.09501962 0.0902454 2.194626 0.1236247 0.02987291 2.17282 0.08606441 -0.02988132 2.132101 0.174481 -0.03226179 2.201805 0.02646376 -0.5315802 2.216779 0.1970119 -0.5440264 2.397283 -0.03917278 -0.8717529 2.270221 0.1691845 -0.8793012 2.474894 0.01570038 -0.9140318 2.220986 0.245119 -0.9338797 2.495855
0.08529864 0.6051658 2.148515 0.07758291 0.4176684 2.189215 0.007497991 0.282792 2.078164 0.2117034 0.3596237 2.285212 0.06352153 0.1078566 1.987493 0.3270553 0.1427406 2.235387 0.2381316 0.226438 1.994033 0.1849011 0.149695 2.000421 0.2871056 0.3011311 1.989958 0.2148111 0.1936046 1.936659 0.09518845 0.0905257 2.194578 0.1237147 0.03031767 2.17281 0.08613356 -0.0297325 2.132092 0.174685 -0.03191163 2.20201 0.02645861 -0.5314019 2.216689 0.197008 -0.542324 2.396382 -0.0390831 -0.8719217 2.270541 0.1695005 -0.8787658 2.473981 0.01575531 -0.9142064 2.221272 0.2477362 -0.9334565 2.494959
0.08454974 0.6048567 2.14833 0.07802515 0.4168712 2.189459 0.007361411 0.2827145 2.078259 0.216361 0.3514318 2.283956 0.06333731 0.1077136 1.987726 0.3266482 0.140762 2.23624 0.2397185 0.2197089 1.991254 0.1842892 0.1488878 2.001445 0.299822 0.2805831 1.97424 0.2139655 0.1928824 1.937349 0.09545706 0.09059773 2.1948 0.1236785 0.03046869 2.172844 0.08604035 -0.02973007 2.131912 0.1748133 -0.03206732 2.20256 0.02646174 -0.5312659 2.216529 0.1969265 -0.5437257 2.396544 -0.03902921 -0.8718451 2.270453 0.1692127 -0.8794016 2.475024 -0.01152722 -0.928827 2.305311 0.2461334 -0.9339203 2.496022
0.08343227 0.6039049 2.148252 0.07802951 0.4167008 2.189466 0.007322241 0.28235 2.078598 0.2195127 0.3475804 2.28637 0.06356255 0.1075099 1.98786 0.3264797 0.1389327 2.233319 0.2460815 0.2023159 1.985489 0.1835391 0.1480611 1.998938 0.3101258 0.2593209 1.977564 0.2131456 0.1921214 1.934818 0.09557366 0.09086792 2.194936 0.1237404 0.03089129 2.173078 0.08605194 -0.02971574 2.131904 0.1752725 -0.03204161 2.20358 0.02648368 -0.5314236 2.216587 0.1980064 -0.5416151 2.394852 -0.03897245 -0.8719485 2.270495 0.1693665 -0.8792216 2.474611 0.0152268 -0.9143364 2.220612 0.2481208 -0.9332196 2.495443
0.08302575 0.6038475 2.148516 0.07765856 0.416131 2.189281 0.005980584 0.2820463 2.078962 0.2220737 0.3415358 2.286931 0.06364983 0.107296 1.989247 0.3274617 0.1368271 2.230136 0.2539373 0.1883376 1.983837 0.1839491 0.1468013 1.996163 0.3309742 0.2334833 1.979214 0.2134701 0.1909188 1.931993 0.09562128 0.09080166 2.19502 0.123601 0.03083498 2.173113 0.08557573 -0.02997691 2.131966 0.1754141 -0.03255821 2.203806 0.02647158 -0.5314611 2.216577 0.1982088 -0.547801 2.395645 -0.03898928 -0.8719494 2.270463 0.1695167 -0.8791529 2.474458 0.01488231 -0.9143896 2.220269 0.2481773 -0.9333442 2.495143
0.0815221 0.6034364 2.148932 0.07677753 0.4157988 2.189403 0.00529378 0.2817682 2.079501 0.225163 0.3376843 2.288865 0.06480732 0.1055207 1.99078 0.3359697 0.1301605 2.233551 0.2619723 0.1714383 1.98153 0.1917246 0.1413983 2.000118 0.3408395 0.2133716 1.977557 0.2204976 0.1856512 1.934912 0.0954904 0.09075765 2.195181 0.1233836 0.03083154 2.173249 0.08511771 -0.03026359 2.131938 0.1756671 -0.03346979 2.204527 0.02641162 -0.5313873 2.216002 0.1986525 -0.5441321 2.394181 -0.03908635 -0.8717535 2.270159 0.1697159 -0.8790174 2.474079 0.01458622 -0.9142261 2.21978 0.2482352 -0.9333615 2.494616
0.07893734 0.6031742 2.1499 0.07557863 0.4157041 2.189261 0.004248768 0.2813248 2.080081 0.2262829 0.3363259 2.289864 0.06504022 0.1045784 1.9913 0.337781 0.1229892 2.232857 0.2647874 0.1554762 1.978184 0.1934827 0.1344824 1.999472 0.347479 0.1871555 1.976743 0.2222537 0.1787528 1.934272 0.09506622 0.09084888 2.195281 0.122877 0.03094034 2.173366 0.08409799 -0.03108995 2.131262 0.1756429 -0.03442079 2.205612 0.02642609 -0.5314316 2.215864 0.1987321 -0.5452344 2.393986 -0.03908135 -0.8717276 2.270131 0.1696836 -0.8790047 2.474187 -0.01028318 -0.9281048 2.304926 0.2485282 -0.9330634 2.494516
0.07734609 0.6031135 2.150177 0.07533824 0.4157217 2.189309 0.003664629 0.2810906 2.080377 0.2276224 0.3340568 2.290758 0.06519759 0.1043594 1.991714 0.3418538 0.1141922 2.234113 0.2665463 0.1517249 1.979113 0.1975404 0.1257469 2.000741 0.3503483 0.1821836 1.985731 0.2263142 0.1700211 1.935548 0.09464154 0.08967611 2.195422 0.1222478 0.02913729 2.173569 0.08252282 -0.03405637 2.131227 0.1760558 -0.03745971 2.206205 0.02618193 -0.5315152 2.215318 0.1980131 -0.5470375 2.393724 -0.0390304 -0.8717237 2.270218 0.1696516 -0.8789043 2.474258 0.01434782 -0.9142416 2.219565 0.2473341 -0.9330666 2.493666
0.0766872 0.6029379 2.150331 0.0743181 0.4154274 2.189127 0.002885613 0.2807301 2.0805 0.2284636 0.3336624 2.291741 0.06517212 0.1042163 1.992172 0.341733 0.1135206 2.233728 0.2669808 0.1498666 1.979534 0.1974186 0.1250815 2.000357 0.3504238 0.1813672 1.985802 0.2261958 0.1693559 1.93517 0.09420899 0.08994369 2.195453 0.1217137 0.02954077 2.173697 0.08204944 -0.03416641 2.130966 0.1759794 -0.03755362 2.20666 0.02615625 -0.5314386 2.215316 0.1979225 -0.548337 2.394146 -0.03898023 -0.871662 2.270152 0.170179 -0.8786787 2.473705 0.01431455 -0.9141935 2.219422 0.2490574 -0.9324672 2.492519
0.07604892 0.6030773 2.150416 0.07383925 0.415305 2.188903 0.002424359 0.2806867 2.08065 0.2291087 0.3336106 2.292608 0.06497284 0.1040774 1.992829 0.3412238 0.1140044 2.232747 0.2669164 0.1500368 1.979632 0.1969085 0.1255663 1.999377 0.3495127 0.1840644 1.983418 0.2256897 0.1698405 1.934196 0.09407513 0.09012482 2.19544 0.1214754 0.02978345 2.173829 0.08184113 -0.0342662 2.130861 0.1760432 -0.03762499 2.207223 0.02605509 -0.5314788 2.215183 0.1977868 -0.5486956 2.394126 -0.03906994 -0.8716516 2.269909 0.1701533 -0.8780893 2.473223 0.01418796 -0.9141887 2.219145 0.2480966 -0.9323968 2.491786
0.07577258 0.603128 2.150561 0.07384347 0.415277 2.188982 0.002145278 0.280553 2.080682 0.2288718 0.3338404 2.29266 0.06460641 0.1038267 1.993856 0.3316337 0.1240928 2.21777 0.2632407 0.1596488 1.98604 0.1873164 0.1356597 1.984402 0.3430868 0.1996805 1.981987 0.2161084 0.1799333 1.919238 0.09410533 0.09020975 2.195432 0.1214003 0.0298861 2.173913 0.08174656 -0.03412335 2.130983 0.1760253 -0.03753672 2.207263 0.02585919 -0.5312827 2.214817 0.1971289 -0.5496273 2.394561 -0.03895519 -0.8714188 2.269542 0.1703172 -0.8776062 2.473039 0.0142915 -0.9139577 2.218768 0.248733 -0.9324529 2.492064
0.07562619 0.6030893 2.150394 0.07398176 0.4149926 2.189018 0.001556406 0.2804326 2.080629 0.2287932 0.3345342 2.293044 0.06424229 0.1037191 1.994425 0.3313125 0.1277774 2.223544 0.2589773 0.1732854 1.986037 0.186994 0.1393485 1.990177 0.332615 0.2236579 1.980163 0.2157868 0.1836224 1.925014 0.09410992 0.09087147 2.195572 0.1212053 0.0310042 2.174268 0.08159103 -0.03369033 2.131007 0.1760719 -0.03689136 2.207824 0.02563311 -0.5316786 2.21524 0.1974968 -0.5449138 2.393128 -0.03896851 -0.8714223 2.269559 0.169825 -0.8772945 2.472452 -0.01741283 -0.93358 2.299397 0.2486597 -0.9317781 2.491657
0.07595455 0.6028493 2.150204 0.07414192 0.4147459 2.188999 0.001378215 0.280297 2.080646 0.2277908 0.3371319 2.293742 0.06427322 0.103789 1.994649 0.3254867 0.1316835 2.234833 0.2517837 0.1903404 1.988582 0.1811682 0.1432566 2.001467 0.3202771 0.2450242 1.980461 0.2099606 0.1875307 1.936303 0.09431136 0.09181532 2.195829 0.1213369 0.03242286 2.174912 0.0819047 -0.03225524 2.13168 0.1762278 -0.03555755 2.208646 0.02558268 -0.5314928 2.215218 0.1972774 -0.5456704 2.393508 -0.03895352 -0.8714491 2.269613 0.1701425 -0.8773022 2.472894 0.01440287 -0.9139696 2.218939 0.2490408 -0.9318277 2.491713
0.07628626 0.6024736 2.149482 0.07423896 0.4146155 2.189034 0.001350492 0.2803735 2.080804 0.220189 0.3421319 2.288319 0.0640458 0.1050205 1.994697 0.3268865 0.1339486 2.241019 0.2442583 0.2113424 1.990586 0.1825684 0.1455224 2.007653 0.3005824 0.2745375 1.98261 0.2113604 0.1897965 1.942489 0.09442745 0.09188589 2.19576 0.1213425 0.032472 2.174993 0.08228821 -0.03166631 2.132211 0.1758135 -0.03476411 2.208732 0.02562802 -0.5313715 2.21541 0.196877 -0.5473418 2.394727 -0.03902452 -0.8706899 2.269848 0.1704492 -0.8770262 2.472705 0.01437621 -0.9132032 2.219215 0.249108 -0.9317057 2.49207
0.07622791 0.6024146 2.148535 0.07418276 0.4146517 2.189133 0.0009638083 0.2805651 2.080734 0.212195 0.3554871 2.287871 0.06283125 0.1061072 1.994244 0.3248746 0.1438954 2.23243 0.2342391 0.2195002 1.993713 0.1805571 0.1554702 1.999065 0.2870266 0.2912331 1.985817 0.2093484 0.1997444 1.933899 0.09410876 0.09320239 2.195766 0.1210993 0.03407793 2.17532 0.08256444 -0.03015557 2.132499 0.1748467 -0.03137359 2.209162 0.02557002 -0.5306315 2.215148 0.1965803 -0.5477863 2.39519 -0.03905182 -0.8716094 2.271137 0.1705256 -0.8767414 2.473109 0.01493545 -0.9140307 2.221051 0.2450064 -0.9310208 2.488507
0.07642967 0.6020417 2.148057 0.07431162 0.4144702 2.189099 0.0006110264 0.2808583 2.0806 0.2055033 0.3594146 2.283015 0.06173209 0.1065108 1.993043 0.3222637 0.1512617 2.227022 0.2279157 0.2260971 1.996899 0.1779462 0.1628365 1.993657 0.2772567 0.3005979 1.993803 0.2067375 0.2071107 1.928491 0.09418022 0.09319748 2.195609 0.1210594 0.03402454 2.175296 0.08281076 -0.02954227 2.133233 0.1737122 -0.03014415 2.207964 0.02556727 -0.5299718 2.215006 0.1965765 -0.5477803 2.395194 -0.03908212 -0.8713754 2.270785 0.1707136 -0.8765091 2.472888 0.01496792 -0.9137867 2.220758 0.245311 -0.9311481 2.488884
0.07647601 0.6020131 2.147921 0.07409891 0.4143926 2.188877 -7.984479E-05 0.281273 2.080522 0.1994391 0.3650633 2.281911 0.05964151 0.1068568 1.991797 0.3219408 0.1517757 2.22956 0.22381 0.2336127 1.999109 0.1776235 0.1633506 1.996194 0.2701509 0.3100435 2.001431 0.2064147 0.2076248 1.931029 0.09393098 0.09304622 2.195207 0.1208478 0.03377682 2.175142 0.08275767 -0.02871437 2.134481 0.1723844 -0.02866556 2.205766 0.02549297 -0.5297514 2.215311 0.1966056 -0.5479684 2.395409 -0.03914314 -0.8711368 2.270812 0.1706974 -0.8785525 2.475298 0.01534252 -0.9134787 2.221201 0.2445678 -0.9312807 2.489866
0.0762641 0.6016961 2.147564 0.07392007 0.414355 2.188854 -0.0008768258 0.2816629 2.080623 0.1982423 0.3661746 2.281778 0.05833185 0.1073411 1.991154 0.322179 0.1513362 2.23118 0.2222387 0.2385353 2.00069 0.1778617 0.162911 1.997815 0.2700871 0.3140571 2.001946 0.2066528 0.2071852 1.93265 0.09381684 0.09297845 2.195032 0.1206316 0.03364592 2.175037 0.08263894 -0.02848028 2.134842 0.1717593 -0.02797516 2.204982 0.02556 -0.5295856 2.215621 0.1964825 -0.5480644 2.395505 -0.03916781 -0.8709995 2.270752 0.170689 -0.8784547 2.475152 0.01531817 -0.9133413 2.221141 0.2453777 -0.9305936 2.489031
0.07605851 0.6016865 2.147447 0.07363322 0.4142251 2.188839 -0.001488641 0.2817327 2.080754 0.1977421 0.3659972 2.280945 0.05699208 0.1073781 1.990704 0.322554 0.1511552 2.231468 0.2214854 0.2373942 2.001271 0.1782369 0.16273 1.998103 0.2702068 0.3123653 2.001704 0.2070278 0.2070043 1.932937 0.09375637 0.09279067 2.194951 0.1204463 0.03338288 2.174965 0.08254974 -0.02819031 2.135651 0.1713555 -0.0276158 2.204165 0.02576206 -0.5294104 2.215719 0.1969101 -0.5433759 2.395232 -0.03917051 -0.8709786 2.27065 0.1705307 -0.8781235 2.47554 0.01516318 -0.9133452 2.220893 0.245236 -0.9307581 2.488903
0.07557416 0.6017671 2.147417 0.07359424 0.4142138 2.188893 -0.001613808 0.2816839 2.080935 0.1988378 0.3654308 2.281578 0.05582345 0.1072205 1.99024 0.3224499 0.1442109 2.237644 0.2222094 0.2340907 2.001666 0.1781328 0.1557857 2.00428 0.2741577 0.3067628 1.997818 0.2069237 0.20006 1.939114 0.09383707 0.09283906 2.194933 0.1204358 0.03341385 2.174981 0.08259691 -0.02798996 2.13582 0.1713813 -0.02752137 2.204171 0.02586767 -0.5290139 2.215669 0.1968154 -0.5439384 2.3956 -0.03939225 -0.870396 2.270543 0.1707143 -0.8779663 2.47531 0.0148547 -0.9127766 2.220702 0.2454436 -0.9311529 2.489463
0.07513767 0.60209 2.147305 0.07376062 0.4138877 2.189384 -0.001861173 0.2816281 2.08128 0.2053649 0.3563366 2.283678 0.05464815 0.1066959 1.991036 0.3188274 0.1406052 2.244755 0.2297115 0.2255826 2.00109 0.1745104 0.15218 2.01139 0.2872037 0.287427 1.989363 0.2033013 0.1964543 1.946224 0.0940469 0.09283338 2.195119 0.120455 0.03342196 2.175023 0.08259948 -0.0279885 2.135822 0.1716445 -0.02769185 2.204391 0.02604692 -0.5287495 2.215333 0.1967734 -0.5443874 2.395683 -0.03939063 -0.8704229 2.270531 0.1707538 -0.8769302 2.474263 0.01444095 -0.9128699 2.220298 0.2439297 -0.9313819 2.48886
0.07459749 0.6021676 2.147351 0.07384241 0.4137186 2.190069 -0.001929085 0.2810146 2.081688 0.2167956 0.3492043 2.293807 0.0547587 0.1061026 1.991548 0.3209984 0.1374381 2.247569 0.2379227 0.2050334 1.996815 0.1766816 0.1490129 2.014205 0.3019923 0.256981 1.980435 0.2054722 0.1932873 1.949039 0.09422004 0.09329407 2.195696 0.1206598 0.03402257 2.175631 0.08260885 -0.02798421 2.135815 0.1730454 -0.02830007 2.206465 0.02606132 -0.528761 2.215316 0.1967847 -0.5447702 2.395746 -0.03929808 -0.8705115 2.270522 0.1698833 -0.878096 2.475632 0.01459276 -0.9129497 2.220345 0.2406034 -0.9336866 2.493233
0.07440667 0.6028274 2.148074 0.07223198 0.4140686 2.190334 -0.001791804 0.2805288 2.082213 0.2191946 0.3473927 2.296806 0.05393663 0.1049956 1.992936 0.3222834 0.1352715 2.250033 0.244417 0.1913069 1.990357 0.2148315 0.1312331 2.018188 0.3137209 0.2337081 1.978039 0.2535306 0.1747127 1.968134 0.0940288 0.09345733 2.195948 0.1205952 0.03422336 2.175925 0.08260784 -0.02798781 2.135815 0.1736229 -0.02883338 2.207616 0.02596689 -0.5288506 2.215302 0.1966976 -0.5451081 2.395708 -0.03946124 -0.870531 2.270506 0.1704678 -0.877596 2.475161 0.01450374 -0.9129599 2.2204 0.241182 -0.9335066 2.492287
0.0740178 0.6028364 2.148272 0.07081596 0.4144715 2.190546 -0.002305557 0.2801633 2.082583 0.2210862 0.3436611 2.29814 0.0563331 0.1049081 1.995194 0.3283582 0.1281834 2.249737 0.2523201 0.1793326 1.991697 0.2183129 0.1277832 2.015701 0.3295084 0.2176451 1.981904 0.257012 0.1712628 1.965646 0.09392656 0.09339948 2.196186 0.1205402 0.03416838 2.176155 0.08254419 -0.02818972 2.135915 0.174225 -0.02980942 2.208402 0.0258277 -0.5288594 2.214913 0.1966596 -0.5452802 2.395747 -0.03938654 -0.8706439 2.270451 0.1706939 -0.8771886 2.474952 0.01448494 -0.9130907 2.22026 0.2443783 -0.9325445 2.491627
0.07211358 0.6027638 2.148653 0.0700589 0.4141788 2.1908 -0.002915683 0.2795998 2.083027 0.2223783 0.3412497 2.299406 0.05914815 0.1048765 1.996756 0.3172948 0.216878 2.38932 0.2569256 0.1647021 1.988513 0.1935499 0.2535696 2.146393 0.3304792 0.1980138 1.982108 0.2144504 0.3023266 2.063304 0.093548 0.0931842 2.196489 0.1202107 0.03396161 2.176436 0.08188938 -0.02883386 2.136109 0.1742957 -0.0305472 2.208789 0.0257088 -0.5293833 2.215122 0.1968787 -0.546043 2.396137 -0.03948223 -0.8707262 2.270502 0.170689 -0.8771712 2.474906 0.01431001 -0.9131868 2.220237 0.2441745 -0.9326369 2.491307
0.06842574 0.6020262 2.150174 0.06965261 0.4142127 2.191005 -0.003014213 0.2795576 2.08315 0.2232194 0.3397212 2.300328 0.05946109 0.1047589 1.997267 0.316431 0.2123487 2.38835 0.2578133 0.1572894 1.987182 0.1928534 0.2502376 2.145529 0.3320463 0.1922854 1.981843 0.2138572 0.2991425 2.062603 0.09323606 0.09272727 2.196748 0.1199222 0.03329178 2.176769 0.08138675 -0.02962749 2.136639 0.1743608 -0.03142134 2.208866 0.02577866 -0.5295646 2.215104 0.1968731 -0.5461192 2.396191 -0.03960422 -0.8707623 2.270469 0.1702357 -0.8757338 2.473381 0.01422115 -0.9132173 2.220234 0.2441564 -0.9326477 2.491361
0.06760804 0.6011528 2.149998 0.06918924 0.4142503 2.191136 -0.00325731 0.279055 2.0832 0.2239995 0.3385122 2.301136 0.06107925 0.1038635 1.998269 0.3165318 0.2102421 2.388701 0.2579904 0.1564837 1.987368 0.1928649 0.2496758 2.146191 0.3323255 0.1910767 1.982216 0.2128934 0.2991088 2.061525 0.09282265 0.0926415 2.196928 0.1195283 0.03316046 2.176974 0.08059195 -0.0305724 2.136358 0.1742189 -0.03208232 2.209489 0.02581378 -0.5295137 2.215049 0.1969593 -0.5460821 2.396184 -0.03935861 -0.8705312 2.27036 0.1701999 -0.8757156 2.473289 0.01446232 -0.9129869 2.220121 0.2445793 -0.9331216 2.491633
0.06660794 0.6016423 2.150485 0.06857741 0.414308 2.191181 -0.003229528 0.2790839 2.083326 0.2253255 0.3382403 2.30284 0.06127141 0.1033733 1.999107 0.3405131 0.1329515 2.229129 0.2573287 0.1571481 1.989297 0.2295059 0.1349079 1.990466 0.3314677 0.1919114 1.983459 0.268205 0.1783875 1.940412 0.09267225 0.09268774 2.197 0.1194342 0.03320975 2.177093 0.08054619 -0.0305829 2.136377 0.1743198 -0.03225717 2.209694 0.02585575 -0.5294399 2.215037 0.1967697 -0.5474804 2.396694 -0.03905176 -0.870475 2.270323 0.1697136 -0.8786165 2.47617 0.0148269 -0.9129229 2.220139 0.2416515 -0.9348109 2.493732
0.06672609 0.6018337 2.150376 0.06834585 0.4144299 2.191393 -0.003223784 0.2789667 2.083376 0.2251683 0.3383389 2.302819 0.06117939 0.1033262 1.999577 0.3351249 0.1337979 2.231186 0.2559452 0.1642413 1.991427 0.2241177 0.1357543 1.992523 0.3311992 0.2057212 1.984453 0.2628168 0.1792338 1.942468 0.09261965 0.0927254 2.197154 0.119396 0.03323181 2.177261 0.08055259 -0.03060363 2.136377 0.1743951 -0.03240881 2.210112 0.02585769 -0.5294344 2.21531 0.1968928 -0.5478586 2.397102 -0.03932651 -0.8698294 2.270305 0.1697153 -0.8783741 2.476191 0.01455524 -0.9122776 2.220124 0.2419391 -0.9339027 2.491806
0.0669658 0.6018676 2.150188 0.06833347 0.4143793 2.191482 -0.002784623 0.2782619 2.083516 0.2249953 0.3388858 2.303022 0.061019 0.1032905 1.999778 0.3293472 0.1338603 2.236545 0.2495285 0.1768279 1.994527 0.21834 0.1358168 1.997882 0.320236 0.2301103 1.988745 0.2570391 0.1792963 1.947827 0.09266233 0.09289037 2.197392 0.119453 0.03344119 2.17762 0.08065217 -0.03054996 2.136471 0.1745509 -0.03229351 2.210696 0.02580684 -0.5296715 2.215994 0.1969212 -0.5479106 2.397245 -0.03930482 -0.8698713 2.270314 0.1696367 -0.8780156 2.476279 0.01462917 -0.9123108 2.220182 0.2420239 -0.9338658 2.491962
0.06734001 0.6019366 2.150018 0.06833296 0.4144091 2.191617 -0.002582079 0.2782451 2.083639 0.2227859 0.3417584 2.303084 0.05931819 0.1030115 1.999492 0.3263266 0.1354768 2.252332 0.2446948 0.1968246 1.999258 0.2153194 0.1374332 2.01367 0.3053383 0.2608255 1.984391 0.2540185 0.1809128 1.963616 0.09261386 0.0932724 2.197597 0.119445 0.03389026 2.177984 0.08080861 -0.03025555 2.136515 0.1744682 -0.03183008 2.211355 0.02580646 -0.5296457 2.216001 0.1965463 -0.5459502 2.397118 -0.03930214 -0.8700431 2.270392 0.1698972 -0.8779427 2.475567 -0.01584776 -0.9306174 2.302006 0.2472653 -0.9335691 2.494044
0.06775236 0.6019753 2.149972 0.06840004 0.4142012 2.191807 -0.002518304 0.2782094 2.083708 0.2150062 0.3523162 2.297782 0.05932761 0.103056 1.999262 0.3257526 0.1357767 2.251766 0.239509 0.2098794 2.001044 0.2147454 0.1377331 2.013104 0.2968093 0.2759184 1.989333 0.2534445 0.1812127 1.963049 0.09269743 0.09337938 2.197689 0.1194856 0.03405678 2.178124 0.08108226 -0.02992861 2.136601 0.1743758 -0.03137521 2.211575 0.02588562 -0.5292281 2.215722 0.1965585 -0.5464025 2.397572 -0.03923636 -0.8700711 2.270438 0.1697778 -0.8777458 2.475362 0.0148795 -0.912481 2.220478 0.2466111 -0.9334481 2.493408
0.06786236 0.6019177 2.149854 0.06904751 0.4139053 2.191796 -0.002625985 0.2783909 2.083762 0.2119295 0.355786 2.29607 0.05832775 0.1034528 1.997756 0.3237576 0.1363811 2.25363 0.2305512 0.2177443 2.005445 0.2127503 0.1383376 2.014967 0.2791354 0.2927131 2.001694 0.2514495 0.1818171 1.964913 0.09271826 0.09341902 2.197629 0.1194781 0.03407108 2.178121 0.08112791 -0.02935863 2.137013 0.1738933 -0.03057529 2.210907 0.02596032 -0.5291114 2.216033 0.1968521 -0.5425814 2.396498 -0.03926416 -0.8700781 2.27048 0.1696241 -0.8773726 2.474463 -0.01388142 -0.9263873 2.307946 0.2482007 -0.9322543 2.493603
0.06830918 0.6019031 2.149901 0.06923027 0.4138142 2.191758 -0.003066604 0.2785177 2.083604 0.2040758 0.3604881 2.290708 0.05810683 0.1037872 1.997217 0.3225534 0.1415313 2.248798 0.2264184 0.2243666 2.008096 0.2115462 0.1434877 2.010136 0.275607 0.298916 2.003884 0.2502453 0.1869673 1.960081 0.0927018 0.09325122 2.197492 0.1194283 0.03382894 2.178028 0.08127411 -0.02889772 2.137848 0.1729505 -0.02969267 2.209126 0.02608108 -0.5287017 2.216073 0.1966954 -0.5431446 2.39684 -0.03948893 -0.8695012 2.270363 0.169065 -0.8783326 2.476001 0.01478876 -0.9118832 2.220555 0.2461196 -0.9340175 2.495188
0.06899533 0.6017978 2.149928 0.06923621 0.4137904 2.191767 -0.003348646 0.279054 2.08347 0.2030188 0.3612342 2.29028 0.05718029 0.1043608 1.996331 0.3228524 0.1426078 2.248951 0.223887 0.2283163 2.00929 0.2118451 0.1445642 2.010288 0.2732257 0.3028267 2.006325 0.2505443 0.1880438 1.960233 0.09264979 0.0930475 2.19739 0.1193523 0.0335464 2.177928 0.08129883 -0.0284841 2.138738 0.1723449 -0.02890767 2.20754 0.02611117 -0.5285653 2.216059 0.1964226 -0.5435829 2.397362 -0.03944631 -0.8696575 2.270355 0.1690189 -0.8780133 2.476062 0.01488609 -0.9120307 2.220599 0.2463337 -0.9337256 2.493981
0.06912703 0.6019089 2.150018 0.06928596 0.413803 2.191713 -0.003595589 0.2793606 2.083496 0.201999 0.3614696 2.289225 0.05652151 0.1046463 1.996012 0.3231664 0.1415718 2.251209 0.2232227 0.2286361 2.009586 0.2121592 0.1435283 2.012546 0.2728621 0.3029792 2.007594 0.2508583 0.1870078 1.962492 0.09256051 0.09277789 2.197239 0.119169 0.03312928 2.177723 0.08125485 -0.02840393 2.138938 0.1717739 -0.02876575 2.206725 0.02608111 -0.5287113 2.216311 0.1962936 -0.5428746 2.397208 -0.03940024 -0.8697729 2.270325 0.1695698 -0.8776175 2.475474 0.01488478 -0.9121534 2.220522 0.2483882 -0.9325293 2.493504
0.06916858 0.6020462 2.150204 0.06956861 0.4136116 2.191724 -0.003661069 0.2794102 2.083517 0.2020946 0.3613231 2.289042 0.05635408 0.1047098 1.995894 0.3223012 0.1407807 2.250769 0.2234541 0.2283857 2.009674 0.2112941 0.1427371 2.012106 0.2746287 0.3016665 2.007214 0.2499932 0.1862166 1.962052 0.09263743 0.09268484 2.197225 0.1192074 0.03303724 2.177698 0.08131362 -0.0283715 2.138985 0.1717828 -0.02877494 2.206692 0.02620379 -0.5290874 2.216416 0.196838 -0.5413972 2.396826 -0.03943079 -0.8700746 2.270351 0.1692014 -0.8780815 2.476367 0.01481235 -0.9124616 2.220508 0.2474843 -0.9331325 2.496215
0.06925533 0.6021329 2.150397 0.06999648 0.4132038 2.191956 -0.003458238 0.2792314 2.083734 0.2051686 0.3506765 2.285958 0.05647594 0.104627 1.995762 0.3221409 0.1393157 2.251871 0.2286703 0.2241451 2.008883 0.2111337 0.1412722 2.013208 0.2846695 0.2915717 1.999436 0.2498328 0.1847517 1.963154 0.09292688 0.0922325 2.197352 0.1192794 0.03254235 2.177558 0.08143359 -0.02877584 2.138558 0.1718431 -0.02933467 2.206803 0.02623998 -0.5292568 2.216282 0.1967133 -0.5431581 2.397408 -0.03958897 -0.8703213 2.270701 0.169644 -0.8782042 2.476155 0.01408443 -0.9127991 2.220321 0.2477454 -0.933409 2.49629
0.0695108 0.6025819 2.151048 0.0701552 0.4131993 2.192757 -0.002877327 0.2788185 2.084048 0.2105056 0.3433819 2.289293 0.05699887 0.1042899 1.995807 0.3250757 0.1231397 2.271271 0.2358534 0.2101188 2.004485 0.2140684 0.1250962 2.032608 0.2967396 0.2660429 1.988167 0.2527676 0.1685757 1.982554 0.09286436 0.09211043 2.197551 0.1192687 0.03246844 2.177624 0.08143345 -0.02904093 2.13819 0.1719847 -0.03028025 2.207729 0.02627633 -0.5293723 2.216276 0.1968243 -0.5435478 2.397613 -0.03958669 -0.8703215 2.270699 0.1695499 -0.8780566 2.476222 -0.01122476 -0.9338526 2.290147 0.2480139 -0.9328841 2.495973
0.06964087 0.6025296 2.151427 0.06995195 0.4132375 2.193234 -0.002796375 0.2787609 2.084134 0.2193999 0.3399728 2.299491 0.05763536 0.1042612 1.996352 0.3238176 0.1320082 2.227204 0.2453236 0.1927252 1.997467 0.2128104 0.1339645 1.988541 0.3146268 0.2334453 1.981938 0.2515095 0.1774441 1.938487 0.09286872 0.09221645 2.197907 0.1195636 0.0326662 2.17804 0.08163929 -0.02920886 2.138149 0.1734824 -0.03097356 2.209365 0.02625107 -0.5295025 2.216223 0.1967992 -0.5462058 2.397757 -0.03954962 -0.8703128 2.270558 0.1695517 -0.8779148 2.476075 0.01449759 -0.9127342 2.220533 0.2482533 -0.932472 2.495627
0.06918982 0.6021072 2.151768 0.06990255 0.4133245 2.193563 -0.002425094 0.2785078 2.084376 0.2204975 0.3363225 2.299741 0.05879276 0.1042342 1.996731 0.3230359 0.1150521 2.218731 0.2540638 0.178652 1.995597 0.2120287 0.1170085 1.980068 0.3332954 0.2167876 1.979378 0.2507278 0.1604881 1.930014 0.09282428 0.0915487 2.198142 0.1196225 0.03170967 2.178136 0.08168798 -0.03025389 2.137653 0.1738084 -0.03349344 2.209965 0.02620585 -0.5303842 2.216474 0.1967358 -0.5471839 2.39797 -0.03957608 -0.8703965 2.270538 0.1698581 -0.8776765 2.475658 0.01447005 -0.9128183 2.220512 0.2473656 -0.9339797 2.495027
0.0689408 0.601883 2.15209 0.06969403 0.4134792 2.193805 -0.002419865 0.2783991 2.084485 0.2216144 0.3342247 2.300916 0.06361426 0.1041158 1.998161 0.3263378 0.1054886 2.215962 0.2614394 0.1607531 1.989411 0.2153306 0.107445 1.977299 0.3400156 0.1941698 1.979557 0.2540298 0.1509246 1.927245 0.09251479 0.09127656 2.198318 0.1193833 0.03135414 2.178222 0.08130527 -0.0305543 2.137731 0.1736864 -0.0340801 2.209922 0.02599239 -0.5306647 2.216216 0.1963617 -0.5466303 2.397562 -0.03947663 -0.8704253 2.270267 0.1699234 -0.8771827 2.475457 0.01462835 -0.912838 2.220297 0.2473479 -0.9338225 2.494167
0.06657664 0.6016276 2.15343 0.06883481 0.4134228 2.193463 -0.002397891 0.2782795 2.084567 0.2231509 0.333105 2.302915 0.06635835 0.1032705 1.998577 0.3254763 0.09882915 2.213266 0.2676278 0.1516588 1.987329 0.2153581 0.09875025 1.97405 0.3475677 0.1856484 1.982362 0.2540572 0.1422298 1.923996 0.09204685 0.09119939 2.19827 0.1190705 0.03132061 2.178179 0.08047688 -0.03172921 2.136447 0.1735337 -0.03482548 2.210566 0.02603181 -0.5307497 2.216034 0.1968311 -0.5475368 2.398034 -0.03950224 -0.8706915 2.270339 0.1698179 -0.8770549 2.475334 0.01469783 -0.9130893 2.22046 0.248168 -0.9326732 2.493235
0.06662349 0.6014921 2.153757 0.06809465 0.4137727 2.19347 -0.002269316 0.2783004 2.084659 0.2253614 0.3304103 2.304639 0.06867986 0.1023236 1.998337 0.3266044 0.09608923 2.213443 0.269917 0.1474794 1.987298 0.2172941 0.09411819 1.973688 0.3537884 0.178465 1.986548 0.2559932 0.1375978 1.923634 0.09146813 0.09068155 2.19825 0.1185413 0.03060486 2.178082 0.07979748 -0.03234317 2.136348 0.1733256 -0.0359221 2.21039 0.02605314 -0.5307037 2.215984 0.1969596 -0.5484782 2.398298 -0.039555 -0.870694 2.270357 0.169659 -0.8770761 2.475369 0.01467739 -0.913087 2.220509 0.2478809 -0.9330015 2.492871
0.0652441 0.6009141 2.154312 0.06824245 0.4134505 2.194033 -0.002269303 0.2781471 2.084672 0.2279235 0.3286014 2.30637 0.06962449 0.1018976 1.998614 0.328114 0.09404425 2.214401 0.2695647 0.1452298 1.987273 0.2191421 0.09123598 1.974398 0.3533241 0.1765206 1.986681 0.2578412 0.1347155 1.924344 0.09122613 0.09014704 2.198444 0.1183042 0.03005157 2.178081 0.07902769 -0.03334093 2.136194 0.1734264 -0.03699999 2.210212 0.02602382 -0.5306388 2.215983 0.1969554 -0.5492098 2.398616 -0.03955209 -0.8707397 2.270363 0.1700607 -0.8774016 2.475244 0.0146376 -0.9131403 2.220475 0.2480203 -0.9335914 2.493068
0.06464866 0.6006169 2.154611 0.06833202 0.413575 2.194121 -0.002133371 0.2780698 2.084719 0.2285986 0.3283244 2.306911 0.06955591 0.1018586 1.998755 0.3283314 0.09371237 2.214445 0.2695521 0.1452295 1.987303 0.2191853 0.09129074 1.974542 0.353211 0.1767824 1.986443 0.2578844 0.1347703 1.924487 0.09110115 0.09015416 2.198524 0.118233 0.0300806 2.178052 0.07879245 -0.03349255 2.135913 0.1734177 -0.03702961 2.210225 0.02596909 -0.5307057 2.215982 0.1977006 -0.5473036 2.398268 -0.03940859 -0.8713523 2.271004 0.1701782 -0.8773854 2.474524 0.01478634 -0.913752 2.22112 0.2482887 -0.9328071 2.494015
0.06524899 0.6008283 2.15466 0.0682505 0.4137244 2.193996 -0.001717065 0.2782564 2.084994 0.2286099 0.3283121 2.3069 0.06947798 0.1017964 1.998872 0.3315344 0.0959615 2.216004 0.2673451 0.148305 1.988477 0.2205272 0.09791794 1.977341 0.3484018 0.1859299 1.985421 0.2592263 0.1413975 1.927287 0.09097871 0.08994395 2.19852 0.1181984 0.02977064 2.177967 0.0787824 -0.03351459 2.135931 0.1734505 -0.03732512 2.210042 0.02595806 -0.5307547 2.215971 0.1977447 -0.5443398 2.397578 -0.03938156 -0.8715039 2.271067 0.1693382 -0.8790188 2.475822 0.01483055 -0.9139007 2.221199 0.2443424 -0.9346523 2.49492
0.06662419 0.6016136 2.154847 0.06840064 0.4137363 2.193953 -0.001509665 0.2784744 2.085044 0.2287282 0.3285625 2.306537 0.06947327 0.1017895 1.998908 0.3316078 0.1246541 2.215611 0.2617797 0.1615551 1.991565 0.2206006 0.1266106 1.976948 0.3374752 0.207974 1.981046 0.2592997 0.1700901 1.926894 0.09100847 0.0899056 2.198586 0.1182716 0.02974339 2.177951 0.07884333 -0.03352004 2.135884 0.1736609 -0.03745174 2.210079 0.02589523 -0.530826 2.215981 0.1973626 -0.5462735 2.397939 -0.03939489 -0.8718262 2.271294 0.1692227 -0.8791119 2.4758 0.01477349 -0.9142298 2.221383 0.2414638 -0.9353936 2.495922
0.06730265 0.6018639 2.154757 0.06924179 0.4135424 2.193972 -0.0002889015 0.2777815 2.085063 0.2267997 0.3312836 2.303842 0.06902503 0.1019684 1.998841 0.331282 0.1285425 2.228015 0.2562452 0.1778307 1.991513 0.2202748 0.130499 1.989352 0.32578 0.2336202 1.98461 0.2589739 0.1739785 1.939298 0.09130826 0.08989708 2.198774 0.1185506 0.02975336 2.17807 0.07937478 -0.03344154 2.135882 0.1738249 -0.03736558 2.210386 0.02586634 -0.5308132 2.215961 0.1971162 -0.5474473 2.398489 -0.03947784 -0.8716362 2.271134 0.1691538 -0.8786873 2.475565 0.01462996 -0.9140478 2.221165 0.2413372 -0.9346339 2.493434
0.06913087 0.6022144 2.15464 0.06948525 0.4135717 2.193929 0.0004547413 0.2782421 2.084982 0.2231506 0.3358277 2.300212 0.06828219 0.1033005 1.998643 0.3286984 0.1321721 2.247033 0.2823791 0.2365506 1.993088 0.2176912 0.1341286 2.00837 0.3313729 0.2778077 1.976799 0.2563903 0.1776081 1.958316 0.09151684 0.09025747 2.198843 0.1188073 0.03028929 2.178095 0.08030456 -0.03289913 2.135092 0.1737959 -0.03680899 2.211092 0.02575918 -0.5305319 2.215843 0.1964879 -0.5485501 2.398721 -0.03946329 -0.8715538 2.270813 0.1697656 -0.8777781 2.474842 0.01460203 -0.9139724 2.220803 0.2417809 -0.9346279 2.493337
0.07069164 0.6018758 2.153941 0.07005447 0.4136647 2.193713 0.0005607326 0.278376 2.084857 0.2211187 0.3384865 2.297491 0.06806087 0.104774 1.997917 0.3287943 0.1328837 2.246587 0.2526089 0.2283972 1.998474 0.1624588 0.1215777 2.029349 0.2987327 0.277039 1.989048 0.1675728 0.1627745 1.938109 0.09174101 0.09027991 2.198903 0.1189611 0.03027873 2.1781 0.08083756 -0.03213881 2.135984 0.1738511 -0.03624164 2.210625 0.02578784 -0.530493 2.215966 0.1965172 -0.5485761 2.398751 -0.03949844 -0.8714776 2.270838 0.1700298 -0.8774508 2.474583 0.01441802 -0.9139182 2.220686 0.2419669 -0.9343614 2.493318
0.07176893 0.6021208 2.153495 0.07068357 0.4135467 2.193594 0.0005455246 0.2787618 2.084499 0.2096992 0.3504709 2.289296 0.06613037 0.1058683 1.996816 0.3273969 0.1393628 2.243008 0.2677609 0.2744115 2.00205 0.1607843 0.1232346 2.026322 0.3126857 0.3208078 1.988016 0.1685023 0.1637152 1.938441 0.09187998 0.09023106 2.19885 0.1190812 0.03022362 2.178061 0.08132785 -0.03179928 2.136415 0.1734852 -0.03516344 2.209937 0.02583126 -0.5303847 2.216008 0.1964171 -0.5489657 2.398975 -0.03947326 -0.8714638 2.270825 0.1702512 -0.8773939 2.474459 0.01450032 -0.9138939 2.220725 0.2428349 -0.9341266 2.493055
0.07208999 0.601989 2.153447 0.07144805 0.4134835 2.193496 0.0005766475 0.2793833 2.084076 0.2061585 0.3544313 2.286732 0.0650022 0.1067068 1.99522 0.3265323 0.14109 2.242254 0.2210138 0.2294283 2.005472 0.1627124 0.1384041 2.022699 0.2811378 0.295177 1.997903 0.1767179 0.1814788 1.941548 0.09194082 0.09020799 2.198798 0.1191279 0.03018013 2.178036 0.08179354 -0.03109075 2.137165 0.1727233 -0.03409275 2.209028 0.0258375 -0.5302674 2.216218 0.196564 -0.5492842 2.399121 -0.03974317 -0.8712543 2.270811 0.1703922 -0.8771657 2.474253 0.01431363 -0.9136698 2.220788 0.2466659 -0.9337652 2.494973
0.07218646 0.6020323 2.153213 0.0722567 0.4133234 2.193324 0.0007235716 0.2798933 2.083829 0.2038872 0.3558104 2.283911 0.06447865 0.1072003 1.994338 0.3241827 0.1397428 2.245311 0.2635342 0.2741598 2.009353 0.1631372 0.1389958 2.023567 0.2960368 0.328582 1.990656 0.1777365 0.1823636 1.942314 0.09206121 0.09006494 2.198681 0.1191614 0.02999232 2.177884 0.08189326 -0.03090583 2.137235 0.1721312 -0.03367971 2.208439 0.02593744 -0.530128 2.21636 0.1974307 -0.5429146 2.396929 -0.03972653 -0.871258 2.270806 0.1700854 -0.8781085 2.474838 0.0142662 -0.9136823 2.220721 0.2413606 -0.9350893 2.495603
0.07257 0.6019827 2.152984 0.07311311 0.413209 2.193437 0.000754781 0.2799037 2.083742 0.2039013 0.3561331 2.283898 0.06364519 0.1072835 1.993199 0.3238816 0.1394318 2.246266 0.2257119 0.2259267 2.0063 0.1641569 0.1399268 2.023509 0.2769615 0.2987961 1.998646 0.1795174 0.1834787 1.942842 0.09209187 0.09010415 2.198659 0.119173 0.03001107 2.177846 0.08192358 -0.03064087 2.137365 0.1717579 -0.03300286 2.207949 0.02606445 -0.5298336 2.216192 0.1974035 -0.5430377 2.396942 -0.03975085 -0.8712528 2.270798 0.1700071 -0.8780035 2.475034 0.01425695 -0.9136741 2.220727 0.2415991 -0.9344049 2.494818
0.07314897 0.6020995 2.153101 0.07350676 0.4132446 2.193485 0.0009450148 0.2801954 2.083741 0.2071354 0.3571066 2.286883 0.06349754 0.1074533 1.993197 0.3238443 0.1394033 2.24628 0.2709561 0.2556405 2.001024 0.1618152 0.1306942 2.025482 0.2912354 0.3184285 1.997255 0.1754923 0.1728288 1.943377 0.0923938 0.09048266 2.198723 0.1194582 0.03050492 2.177901 0.08212314 -0.03022151 2.137346 0.1720111 -0.03261095 2.208161 0.0260744 -0.5299562 2.216334 0.1975632 -0.5402125 2.395869 -0.03981971 -0.8713384 2.270764 0.1700348 -0.8780375 2.475237 0.01419891 -0.913758 2.220703 0.2401694 -0.9339805 2.493045
0.0731511 0.6020937 2.153099 0.07404701 0.4131557 2.193508 0.0009419593 0.2801995 2.083737 0.2132151 0.349778 2.287583 0.06291438 0.1071669 1.993412 0.3229831 0.1360572 2.25248 0.2391944 0.2083024 1.996586 0.1664536 0.1295479 2.027424 0.2912766 0.2805485 1.988651 0.180632 0.1720078 1.944191 0.09329305 0.09008539 2.199118 0.1201569 0.03002923 2.178178 0.08238589 -0.03029864 2.137504 0.1734761 -0.03415601 2.208954 0.0260758 -0.5299691 2.216141 0.1975976 -0.5422866 2.396399 -0.03986385 -0.8712173 2.270683 0.1700412 -0.8778957 2.47526 0.01365312 -0.9137157 2.220152 0.2408698 -0.9336891 2.492694
0.0737956 0.6024985 2.153739 0.07405099 0.4131517 2.193507 0.001273714 0.2800309 2.083972 0.2198151 0.3459745 2.293511 0.06295248 0.1069636 1.99346 0.3220086 0.1331915 2.247469 0.240557 0.1999777 1.995339 0.17147 0.1272051 2.018099 0.3060863 0.2476511 1.98292 0.1853416 0.1696973 1.932402 0.09353718 0.09040691 2.199177 0.1204989 0.03052147 2.178332 0.08255485 -0.03026782 2.137441 0.1741006 -0.0339801 2.209513 0.02609409 -0.5302648 2.216291 0.1974496 -0.5438942 2.396557 -0.03980175 -0.8713741 2.270867 0.1700227 -0.8777631 2.47543 0.01381333 -0.9138576 2.220428 0.2459698 -0.9333748 2.494441
0.07344066 0.6022829 2.153574 0.07396434 0.4131615 2.19347 0.001358548 0.2798797 2.084285 0.2220699 0.3418264 2.294784 0.06277706 0.1065726 1.99417 0.3271284 0.1318457 2.233696 0.2492433 0.1872097 1.994003 0.1807314 0.1274426 2.001463 0.3211964 0.2326242 1.978012 0.1953151 0.1701968 1.915337 0.09358019 0.09043245 2.199178 0.1205218 0.03055599 2.178346 0.08264528 -0.03062221 2.136959 0.1744496 -0.03453871 2.21029 0.02611011 -0.5303946 2.216297 0.1966785 -0.5464982 2.397167 -0.03977399 -0.8713982 2.270888 0.1700169 -0.8779221 2.475523 0.01380356 -0.9138877 2.220413 0.2474687 -0.9325876 2.493537
0.07319584 0.6022415 2.153635 0.0739795 0.4130458 2.193438 0.001262705 0.2798168 2.084423 0.2264951 0.3385827 2.300637 0.06321379 0.106438 1.995019 0.3267176 0.1296825 2.231993 0.2551997 0.1736595 1.992543 0.1803016 0.1258487 1.999761 0.3333685 0.2125499 1.977828 0.1952844 0.1687073 1.914238 0.0934745 0.09046687 2.199065 0.1204823 0.03063852 2.178366 0.08235624 -0.03078492 2.136807 0.174591 -0.03478772 2.210496 0.02608614 -0.5302498 2.215977 0.1966998 -0.5476835 2.39755 -0.03961227 -0.8714531 2.270928 0.1696288 -0.8791676 2.477006 0.01426987 -0.9138948 2.220738 0.2446399 -0.933395 2.494519
0.07285469 0.6020399 2.153836 0.0737095 0.4130485 2.193355 0.001052857 0.2797149 2.08454 0.2267167 0.337759 2.301096 0.06516288 0.1054789 1.996296 0.3262882 0.1307302 2.23163 0.2585142 0.1609875 1.987938 0.1799252 0.1270113 1.999362 0.3359147 0.1947465 1.97704 0.1950359 0.1698915 1.91401 0.09347583 0.09057932 2.199076 0.1204788 0.03079701 2.178439 0.08235627 -0.03083306 2.136718 0.1747897 -0.0350698 2.211005 0.02607914 -0.5302137 2.215957 0.1973379 -0.5433391 2.396143 -0.039408 -0.8709614 2.270842 0.1697298 -0.8789617 2.476999 0.01448445 -0.9134018 2.220661 0.2453221 -0.9332685 2.494188
0.07280681 0.6021049 2.154058 0.07363703 0.413106 2.193342 0.0009721906 0.2796404 2.084672 0.228989 0.336444 2.303496 0.06588326 0.1048873 1.996906 0.3257511 0.1306564 2.230767 0.2613001 0.1562483 1.987104 0.1794198 0.1270075 1.998477 0.3407152 0.1884337 1.979049 0.1947098 0.1699034 1.913383 0.0934383 0.09057269 2.199047 0.1204172 0.03076492 2.178463 0.08191988 -0.0311619 2.136827 0.1748616 -0.03537336 2.211001 0.02599426 -0.5303133 2.216115 0.1975556 -0.5421919 2.395989 -0.039256 -0.871012 2.27073 0.1696347 -0.8781286 2.475776 0.01468416 -0.9134448 2.220594 0.2457281 -0.9326798 2.493873
