0.08536104 0.6088246 2.167049 0.07605653 0.4172231 2.207974 -0.003930916 0.2881674 2.092752 0.2301209 0.3418778 2.30798 0.0572436 0.1162462 1.99861 0.3662834 0.1492785 2.193424 0.256213 0.1804672 1.981204 0.1916624 0.1273999 1.984017 0.3275852 0.2157836 1.952239 0.2263362 0.1703751 1.929441 0.09069586 0.09088171 2.213277 0.1236251 0.03402119 2.183504 0.0836817 -0.02823488 2.143751 0.1788149 -0.03150912 2.212172 0.02452046 -0.5290604 2.2214 0.1963576 -0.5421833 2.400203 -0.03936413 -0.8705812 2.27004 0.1701529 -0.8780665 2.477203 0.0133245 -0.913238 2.218833 0.244933 -0.9333495 2.49294
0.08521484 0.6084818 2.166988 0.07598877 0.4171314 2.208005 -0.003285275 0.2878301 2.092983 0.2393284 0.3355874 2.313518 0.05992359 0.1165324 1.999129 0.3729857 0.1358026 2.190634 0.2629516 0.1632256 1.976613 0.2004049 0.1122017 1.979627 0.3415931 0.1985589 1.95301 0.2340317 0.1549876 1.923761 0.09081354 0.09187495 2.213675 0.123641 0.0351028 2.183989 0.08364706 -0.028103 2.143471 0.1795083 -0.03178199 2.213496 0.02451569 -0.52906 2.221385 0.1960889 -0.5440341 2.400149 -0.03933721 -0.8704975 2.270071 0.1702244 -0.8779005 2.476892 0.01322668 -0.9131728 2.218751 0.2464381 -0.9330467 2.493294
0.08479466 0.6079794 2.166996 0.07586504 0.4169814 2.208021 -0.002657361 0.2872456 2.093015 0.2410189 0.333782 2.31357 0.06366366 0.1131865 1.99996 0.3754686 0.1295604 2.189248 0.2658898 0.1545962 1.975226 0.2034345 0.1057815 1.977786 0.348925 0.1864408 1.966218 0.2367489 0.1485168 1.921528 0.09080468 0.092101 2.213717 0.123521 0.03529129 2.184071 0.08338668 -0.02805077 2.143044 0.1796331 -0.03236176 2.214024 0.02446188 -0.5291387 2.221354 0.1966241 -0.5419679 2.398974 -0.03953041 -0.8703092 2.270087 0.1703011 -0.8766573 2.475613 0.01294546 -0.9129984 2.218688 0.2453673 -0.9325977 2.492577
0.08458132 0.6074931 2.166974 0.0759107 0.4170027 2.207963 -0.002196702 0.2869555 2.093069 0.2433543 0.3309876 2.313704 0.06373432 0.1129103 2.000029 0.3770738 0.1257447 2.190519 0.2642991 0.1484634 1.97491 0.2064079 0.100299 1.978084 0.3473531 0.1809297 1.96874 0.2395304 0.1429471 1.921521 0.09091645 0.09220123 2.213715 0.1234897 0.03531944 2.184093 0.08297171 -0.02837048 2.142278 0.179991 -0.03363466 2.214925 0.02452198 -0.5291793 2.221295 0.1961667 -0.5467424 2.400275 -0.039481 -0.8697509 2.269875 0.170477 -0.8777499 2.476763 0.01285627 -0.9124603 2.218352 0.2453599 -0.9327966 2.494583
0.08434308 0.6071857 2.166895 0.07582965 0.4170458 2.207835 -0.001762837 0.2866713 2.093035 0.244759 0.329503 2.313955 0.06365211 0.1117275 2.000515 0.3779749 0.1240494 2.190523 0.2646212 0.1473292 1.975265 0.2077868 0.098011 1.977756 0.3473865 0.1805328 1.969136 0.2408334 0.1406258 1.921075 0.09106706 0.09174255 2.21373 0.1236119 0.03425796 2.184294 0.08261043 -0.03153669 2.141017 0.1815725 -0.03732224 2.216788 0.02450888 -0.5292184 2.221294 0.1963846 -0.5424478 2.398629 -0.03966879 -0.8696944 2.269914 0.1704553 -0.8777505 2.476834 0.01262898 -0.9124069 2.218353 0.2452659 -0.9327874 2.494522
0.08406053 0.6069486 2.166706 0.07563674 0.4170093 2.207051 -0.001431575 0.286023 2.092861 0.244718 0.3293187 2.313828 0.06393827 0.1111443 2.00095 0.3781623 0.1241105 2.190191 0.2646511 0.1493102 1.97788 0.2077839 0.09842686 1.97754 0.3466153 0.1838859 1.969128 0.2408051 0.1410505 1.920841 0.09110618 0.09190982 2.213476 0.1235628 0.0343277 2.184242 0.08255798 -0.03142286 2.140889 0.1815502 -0.03730636 2.216763 0.02416159 -0.5296158 2.221101 0.1964043 -0.5421748 2.39864 -0.03971059 -0.8698533 2.269942 0.1709298 -0.8771811 2.476036 0.01262705 -0.9125553 2.218412 0.2444454 -0.9329656 2.493616
0.08403801 0.6068597 2.166291 0.07579997 0.4166895 2.206589 -0.001183914 0.2855711 2.092839 0.2446206 0.3294313 2.313769 0.06393266 0.1107983 2.001389 0.3682892 0.1415763 2.195007 0.2602041 0.1582739 1.984623 0.19617 0.1187133 1.983512 0.3367159 0.2022588 1.970428 0.2290412 0.1614188 1.926745 0.09140868 0.09236248 2.213293 0.1237619 0.03489085 2.184304 0.08281343 -0.03106579 2.140586 0.1817855 -0.03698739 2.217079 0.02412025 -0.5298873 2.221165 0.1965008 -0.546438 2.400824 -0.03959991 -0.8699073 2.270038 0.1709809 -0.8772745 2.476381 0.01275926 -0.9126037 2.218525 0.2459878 -0.9325489 2.493644
0.08417904 0.6070968 2.165302 0.07580073 0.416596 2.206311 -0.0003552999 0.2850557 2.092918 0.2436587 0.3306006 2.312998 0.06326734 0.1106303 2.001968 0.3660913 0.1478521 2.207706 0.2529655 0.173349 1.988311 0.1940131 0.125003 1.996174 0.3227862 0.2241701 1.972172 0.2268344 0.1677021 1.939347 0.09154727 0.09337432 2.213002 0.1237632 0.0361836 2.184252 0.08310044 -0.030096 2.13966 0.1816951 -0.03596596 2.217639 0.02419464 -0.5299528 2.221283 0.1961813 -0.5489942 2.402184 -0.03959668 -0.8699396 2.270044 0.1709856 -0.8765208 2.474673 0.0128108 -0.9126291 2.218574 0.2467494 -0.9316721 2.492496
0.08468086 0.6071624 2.164247 0.07614826 0.4164676 2.205822 5.919096E-05 0.2850845 2.092648 0.235692 0.3389978 2.308116 0.06233128 0.1110065 2.002742 0.363387 0.1520111 2.22736 0.2484433 0.1988657 1.991424 0.1913081 0.1291872 2.015826 0.3058034 0.2541373 1.970722 0.2241183 0.1718857 1.958986 0.09171941 0.09367934 2.212662 0.123811 0.03641624 2.184182 0.08345991 -0.02929605 2.139567 0.1812783 -0.03483763 2.217438 0.02429137 -0.5301877 2.221355 0.1962337 -0.5504465 2.402863 -0.03961323 -0.869975 2.269994 0.1709938 -0.8764452 2.47459 0.01293145 -0.912639 2.218643 0.2472134 -0.9313691 2.492112
0.08519929 0.6069928 2.162648 0.07645141 0.4163571 2.205526 0.0006316566 0.2851927 2.092332 0.2233083 0.35547 2.30479 0.06190516 0.1116887 2.002232 0.3601388 0.158808 2.227738 0.244139 0.2159657 1.995571 0.18088 0.1417113 2.022076 0.2956825 0.2794572 1.985615 0.1956943 0.1829128 1.946385 0.09166528 0.09378228 2.212154 0.1239014 0.0364489 2.184174 0.08461799 -0.02764044 2.140648 0.1806017 -0.03315622 2.216557 0.02439282 -0.5304167 2.221552 0.196209 -0.5505204 2.403036 -0.03980123 -0.8702705 2.270266 0.1699245 -0.8781855 2.475744 0.01346089 -0.9128194 2.219563 0.2434592 -0.9330133 2.494102
0.08587074 0.6071602 2.162124 0.07705955 0.4163237 2.204749 0.0006174489 0.2854801 2.09178 0.2206475 0.3609605 2.30458 0.0615726 0.1121936 2.000986 0.3574449 0.1641303 2.231452 0.2342729 0.2205793 1.998583 0.1885706 0.1778092 2.016354 0.2827543 0.2955714 1.994579 0.2106443 0.2226355 1.946429 0.09190851 0.09418661 2.211657 0.1240197 0.03672989 2.184054 0.08502161 -0.02644692 2.141345 0.1800112 -0.03038795 2.215072 0.02468232 -0.5302752 2.221736 0.1973448 -0.5399877 2.400151 -0.03978015 -0.8703018 2.270289 0.1701886 -0.8780118 2.475537 -0.0003537055 -0.9309158 2.32438 0.2437751 -0.9329804 2.493773
0.08575658 0.6072946 2.160846 0.07717089 0.4163043 2.203979 0.0003876382 0.2855467 2.090908 0.2175536 0.3640755 2.302217 0.06117304 0.1122131 2.000081 0.3537396 0.1666586 2.233345 0.2262226 0.2232276 1.999544 0.1872257 0.178372 2.016173 0.2742218 0.2985693 1.996374 0.2098328 0.2229836 1.946412 0.09210679 0.09432132 2.211171 0.124031 0.03674423 2.183904 0.08518182 -0.02610788 2.141746 0.1792234 -0.02861298 2.213448 0.02481284 -0.5301881 2.221766 0.197547 -0.5385911 2.400105 -0.03993707 -0.8699642 2.27027 0.1702071 -0.8779682 2.475571 0.01365492 -0.9124511 2.219862 0.2465563 -0.9323807 2.493492
0.08556195 0.6070251 2.159789 0.07754245 0.4162768 2.203387 0.0002751116 0.2855253 2.090394 0.2160313 0.3659959 2.300736 0.06080699 0.1122373 1.999209 0.3529595 0.1671944 2.232718 0.2236009 0.2269413 2.00018 0.2135484 0.1953656 2.018041 0.2703073 0.3031005 1.997233 0.2522475 0.2388452 1.967987 0.09234601 0.09450487 2.21065 0.1240117 0.03681387 2.183662 0.08519928 -0.02565529 2.142018 0.1785533 -0.02732555 2.212078 0.02496663 -0.5300184 2.221935 0.1971353 -0.54131 2.401533 -0.03988491 -0.8699871 2.27047 0.1708566 -0.8775711 2.475439 0.01370824 -0.9124707 2.22006 0.247514 -0.9320532 2.492481
0.08547341 0.6067793 2.158683 0.07757735 0.4161378 2.202741 0.0003280633 0.2854821 2.090151 0.2136395 0.3643054 2.29668 0.06079319 0.1121168 1.999111 0.3520884 0.1671425 2.232583 0.2230027 0.2267921 2.000411 0.2133432 0.1950411 2.018281 0.2697368 0.3029119 1.996925 0.2520423 0.2385207 1.968226 0.0925572 0.09458148 2.210095 0.1239031 0.03679891 2.183305 0.08527049 -0.02556791 2.141684 0.17811 -0.02714344 2.211946 0.02507992 -0.5298875 2.221961 0.1976059 -0.5392257 2.40129 -0.03985472 -0.8699799 2.270475 0.1702426 -0.8789353 2.476078 0.01356047 -0.91249 2.219899 0.2474956 -0.9322873 2.493176
0.08536026 0.606585 2.158204 0.07735182 0.4157045 2.201733 0.0003741127 0.2854832 2.090006 0.2137229 0.3643911 2.296821 0.06083997 0.1120755 1.99908 0.3477397 0.1664889 2.231118 0.2246348 0.227228 2.000085 0.1869071 0.1814757 2.009647 0.2738054 0.3016641 1.994426 0.2166441 0.2257904 1.94799 0.09272818 0.09475745 2.209658 0.1238546 0.03689022 2.18323 0.08531614 -0.02536654 2.141725 0.1779349 -0.02699951 2.211962 0.02519636 -0.5297173 2.222079 0.1970192 -0.5412965 2.401759 -0.03981272 -0.8699245 2.270563 0.1705951 -0.8780631 2.475782 0.01364917 -0.9124246 2.220027 0.246784 -0.9322445 2.492656
0.08534999 0.6066015 2.158163 0.07732897 0.4156631 2.201695 0.0008460002 0.2854784 2.090028 0.2205242 0.3595448 2.30138 0.05999186 0.1115445 1.999295 0.3476609 0.1661411 2.231066 0.2332764 0.2241068 1.998034 0.175257 0.1414938 2.020036 0.2940308 0.2888185 1.987459 0.1891043 0.1814205 1.941473 0.09307785 0.09491947 2.209424 0.1240026 0.03705863 2.183273 0.08547832 -0.02519402 2.141763 0.1782592 -0.0270168 2.212264 0.02526541 -0.529757 2.222287 0.1971282 -0.5406906 2.401376 -0.0396037 -0.8703716 2.271111 0.1699385 -0.8796005 2.477491 0.0138276 -0.912877 2.220547 0.2442096 -0.9338425 2.496076
0.08507311 0.6063702 2.158031 0.07719236 0.4156829 2.201607 0.001640549 0.2848183 2.090197 0.2229924 0.3520603 2.301212 0.06007252 0.1104851 1.999892 0.3496723 0.1612865 2.233248 0.2410537 0.2078524 1.993864 0.1769528 0.1397351 2.022132 0.302067 0.2689486 1.97073 0.1890317 0.1798931 1.941583 0.09332684 0.09496684 2.209212 0.1240112 0.03705242 2.183289 0.08558895 -0.02527531 2.141662 0.1783079 -0.02755846 2.213062 0.02533378 -0.5296185 2.22221 0.197328 -0.5400428 2.401436 -0.0394974 -0.8705235 2.271178 0.17036 -0.8787445 2.477056 0.01386162 -0.9130405 2.220547 0.2433122 -0.9337406 2.495532
0.08474179 0.6056611 2.158021 0.07694887 0.4154386 2.201456 0.001657176 0.2846752 2.090231 0.2305484 0.3457664 2.307057 0.06077437 0.1099516 2.001637 0.3511018 0.1532752 2.203865 0.2506163 0.1917341 1.988712 0.1789538 0.1332917 1.992088 0.3238779 0.2374251 1.965567 0.1869518 0.1732074 1.906629 0.09347963 0.09510191 2.208981 0.1239737 0.03721483 2.18334 0.08547569 -0.02531976 2.141547 0.1786802 -0.02804126 2.213723 0.0253106 -0.529626 2.222224 0.1977879 -0.5389678 2.400983 -0.03953608 -0.8705605 2.271153 0.1702883 -0.8790834 2.477133 0.01385811 -0.9130723 2.220555 0.2424493 -0.9345676 2.497936
0.08436087 0.6053941 2.158043 0.07681952 0.4153801 2.20152 0.001801202 0.2843418 2.090405 0.235 0.3403001 2.30945 0.06176566 0.109779 2.002169 0.3577513 0.1444011 2.202468 0.2590714 0.176134 1.987741 0.1848272 0.1252435 1.991286 0.3350469 0.2178601 1.965895 0.1928483 0.1653243 1.906118 0.09371335 0.09527817 2.208929 0.1240021 0.03739938 2.183516 0.08546805 -0.02551 2.141351 0.1793627 -0.0291363 2.215257 0.02522106 -0.5297016 2.222073 0.1979142 -0.5413246 2.401571 -0.03923689 -0.8697313 2.270835 0.170085 -0.8783833 2.476839 -0.01288882 -0.9257993 2.308323 0.2426617 -0.9343082 2.497716
0.08373857 0.6052918 2.158773 0.07566233 0.4156508 2.201043 0.001738054 0.2841896 2.090546 0.2361637 0.3383021 2.309913 0.06350219 0.108781 2.002744 0.3607723 0.1246519 2.193508 0.2650454 0.1619817 1.983742 0.1875153 0.1056752 1.9826 0.3447259 0.2010975 1.973177 0.195813 0.1458249 1.897864 0.09356781 0.09546959 2.208638 0.1237216 0.03751798 2.183485 0.08464234 -0.02635414 2.140016 0.1793088 -0.03035508 2.216296 0.02535715 -0.5296073 2.221807 0.1975698 -0.5424937 2.401777 -0.03897947 -0.86966 2.27088 0.1699239 -0.8776491 2.475799 0.01426945 -0.9121964 2.220149 0.2426956 -0.9342607 2.496496
0.0830809 0.6048484 2.159312 0.07494905 0.4158136 2.201141 0.001755265 0.2840193 2.090575 0.2377276 0.3354746 2.310594 0.06413569 0.1082402 2.00292 0.3619635 0.1202247 2.196951 0.2673475 0.154345 1.983477 0.1896951 0.0993426 1.985372 0.348832 0.1909314 1.979955 0.1982313 0.1391659 1.900593 0.0935447 0.09548873 2.20848 0.1235584 0.03749902 2.183515 0.08430874 -0.02650604 2.139809 0.179337 -0.03123642 2.216649 0.02537451 -0.5291185 2.221498 0.1975735 -0.5426102 2.401818 -0.03879467 -0.8697181 2.270909 0.16933 -0.8768985 2.475287 0.01442277 -0.912262 2.220151 0.2429113 -0.9340587 2.496355
0.08233152 0.6046176 2.159355 0.07359818 0.4160918 2.200822 0.001669402 0.2835783 2.090602 0.2380342 0.3347317 2.310687 0.06456885 0.1070299 2.003392 0.3621786 0.1191933 2.197626 0.2683352 0.1512876 1.984487 0.1901687 0.09783033 1.985873 0.3501072 0.1873498 1.982593 0.1987583 0.1375705 1.901073 0.0932285 0.09552781 2.208239 0.1231588 0.0374739 2.183508 0.08359961 -0.02722009 2.138994 0.1791087 -0.03226568 2.217376 0.02541004 -0.5292324 2.221076 0.1965811 -0.5468706 2.403672 -0.03859577 -0.8697684 2.271013 0.1693315 -0.8769364 2.475302 0.01458842 -0.91232 2.220227 0.2448786 -0.9337667 2.495466
0.08162178 0.6045965 2.159542 0.07275949 0.4162043 2.200838 0.001530646 0.2832721 2.09056 0.2382336 0.3337924 2.310508 0.06478672 0.1064065 2.003998 0.3625636 0.1180482 2.198225 0.2683942 0.1510877 1.984654 0.1901348 0.09737673 1.986763 0.3501043 0.1872954 1.982854 0.198667 0.1372398 1.902032 0.09312762 0.09547158 2.208089 0.1229388 0.03737418 2.183536 0.08314481 -0.02795697 2.138327 0.1791491 -0.0333447 2.218115 0.02523803 -0.5294516 2.220794 0.1964476 -0.5460874 2.403704 -0.03859181 -0.8697852 2.270978 0.1695623 -0.8768908 2.475206 0.01454708 -0.9123466 2.220152 0.2428721 -0.9336885 2.494132
0.08139783 0.6045607 2.159536 0.0722279 0.4161741 2.200387 0.001444202 0.2830972 2.0905 0.2383278 0.3337136 2.310688 0.06508006 0.1057558 2.004601 0.3630338 0.1215584 2.199047 0.2674375 0.1549747 1.987485 0.1897278 0.1023912 1.988199 0.3478717 0.1937629 1.983408 0.1981097 0.1425178 1.903579 0.09321904 0.09558313 2.207908 0.122881 0.0374444 2.183612 0.0831271 -0.02795243 2.138378 0.1792512 -0.03339021 2.218308 0.02519008 -0.5293782 2.220685 0.1963122 -0.5466589 2.40408 -0.03860543 -0.8697917 2.27094 0.1700818 -0.8764262 2.474676 0.01454228 -0.9123514 2.220121 0.2450093 -0.9331927 2.494952
0.08129793 0.6045821 2.1594 0.07233522 0.4159767 2.200349 0.001610441 0.2825529 2.090476 0.2374803 0.3346164 2.310575 0.06453512 0.1058448 2.005084 0.361012 0.1600971 2.208458 0.2613846 0.1675484 1.99365 0.1876898 0.1409185 1.997626 0.3353967 0.2126841 1.981765 0.1960787 0.1810441 1.91302 0.09337957 0.09553159 2.207724 0.122901 0.03733169 2.18367 0.08326099 -0.02786826 2.138889 0.1792513 -0.0333873 2.218234 0.02519194 -0.5294223 2.220716 0.196189 -0.5445735 2.403356 -0.03856977 -0.8702071 2.271168 0.1701531 -0.8763952 2.47461 0.01464985 -0.9127548 2.220414 0.2425992 -0.9335952 2.492906
0.08129 0.6047012 2.158935 0.0723424 0.4159803 2.200342 0.001696191 0.2823814 2.090464 0.2364167 0.3359758 2.310392 0.06388623 0.1058908 2.005206 0.3536802 0.1587957 2.213872 0.253323 0.1801998 1.994219 0.1803565 0.1396172 2.003043 0.3212981 0.2370144 1.982288 0.1887453 0.1797429 1.918438 0.09361871 0.09593421 2.207708 0.1230414 0.03780934 2.183989 0.08357587 -0.02762034 2.139027 0.179428 -0.03279534 2.218882 0.02506286 -0.5291472 2.220327 0.1957333 -0.5471241 2.404385 -0.0387034 -0.8698688 2.271206 0.1700889 -0.8774368 2.47553 0.01459135 -0.9124042 2.22052 0.2427919 -0.9335527 2.494329
0.08177118 0.6047828 2.158147 0.07243807 0.4157944 2.200262 0.001815666 0.2823471 2.090412 0.2330255 0.3406598 2.31009 0.06334458 0.1064276 2.005216 0.3362784 0.1507912 2.251237 0.2499009 0.2065169 1.996126 0.162954 0.131613 2.040409 0.3054853 0.2608021 1.97702 0.1713435 0.1717388 1.955805 0.09377427 0.09622657 2.20753 0.1231579 0.03822406 2.184199 0.08412285 -0.02690358 2.139417 0.1793844 -0.03198635 2.219163 0.02510299 -0.5292628 2.220413 0.1956561 -0.5474687 2.404505 -0.0388408 -0.8701746 2.271123 0.1700852 -0.8773629 2.475532 0.01471909 -0.9126676 2.220681 0.2430434 -0.9336463 2.494296
0.08156221 0.6046977 2.156346 0.07292089 0.4155654 2.199871 0.001798807 0.2822964 2.090239 0.2237572 0.355379 2.309124 0.06281366 0.1072869 2.004327 0.3360111 0.1596427 2.238324 0.2450909 0.2185382 1.999532 0.1626875 0.1404649 2.027496 0.2957585 0.2907698 1.986222 0.1710765 0.1805907 1.942891 0.09377475 0.0963408 2.207098 0.1232157 0.03827927 2.18424 0.0846458 -0.02625322 2.140332 0.1791434 -0.03089797 2.218775 0.02516626 -0.5290593 2.220521 0.1954699 -0.5481517 2.40493 -0.03893169 -0.870286 2.271112 0.1699871 -0.8792962 2.476909 0.01526833 -0.9126732 2.221269 0.2402426 -0.9348083 2.49663
0.08165799 0.6044844 2.155316 0.07290348 0.4155486 2.199813 0.00164348 0.2823595 2.089938 0.2174929 0.360008 2.304097 0.06111827 0.1073137 2.002601 0.3356323 0.1628865 2.231777 0.2360044 0.2245289 2.00286 0.1623089 0.1437087 2.020949 0.2856416 0.2983356 1.993938 0.1706977 0.1838345 1.936344 0.09387584 0.09633228 2.206831 0.1231312 0.03820459 2.184151 0.08466794 -0.02564969 2.141164 0.1778095 -0.0289049 2.21651 0.02520916 -0.5289417 2.220733 0.195515 -0.5481865 2.405019 -0.03891121 -0.8703163 2.271082 0.1702392 -0.8789847 2.476595 0.01528792 -0.9127036 2.221237 0.2414965 -0.9347378 2.495441
0.08162575 0.6045023 2.154766 0.07299396 0.4155194 2.19962 0.0007339931 0.2829327 2.089269 0.2099655 0.3655968 2.300718 0.05989447 0.1078353 2.001776 0.3349186 0.1636826 2.232024 0.2287814 0.2286576 2.004127 0.1615953 0.1445047 2.021197 0.2766092 0.3039181 1.997858 0.169984 0.1846305 1.936591 0.0938593 0.09636789 2.206418 0.1230694 0.03819048 2.184042 0.08478806 -0.0251809 2.14166 0.1767042 -0.0270133 2.214938 0.02534774 -0.528884 2.221042 0.1955344 -0.5481887 2.405043 -0.03901217 -0.8705148 2.271052 0.1707709 -0.8787914 2.475873 0.01552559 -0.9128463 2.22153 0.2449683 -0.9330707 2.493124
0.08167954 0.6045234 2.154669 0.07289106 0.4155735 2.199463 0.0004854784 0.283221 2.088984 0.2074741 0.3670768 2.299282 0.05941671 0.108211 2.001024 0.3346118 0.1644481 2.230393 0.2274821 0.2301238 2.005148 0.1570946 0.1335834 2.02484 0.2751208 0.3054866 1.998669 0.1642627 0.1715807 1.94063 0.09385742 0.09624623 2.206056 0.1229548 0.03794632 2.18385 0.08491149 -0.02494899 2.142 0.1760525 -0.02644374 2.214046 0.02538126 -0.5286899 2.221069 0.195606 -0.5481869 2.405149 -0.0390745 -0.8703601 2.270973 0.1710175 -0.8785396 2.476255 -0.01899832 -0.936628 2.291492 0.2446761 -0.932826 2.493358
0.08175659 0.6046832 2.154687 0.07284108 0.4155108 2.199171 2.760658E-05 0.2830808 2.088831 0.2075228 0.3670932 2.299249 0.05903111 0.1081167 2.000811 0.3333003 0.1655073 2.227333 0.2272157 0.2299731 2.005436 0.153758 0.1285788 2.024752 0.2750977 0.3051509 1.998609 0.1618578 0.1657647 1.942431 0.093954 0.09638336 2.205799 0.1228924 0.03805474 2.183752 0.08490942 -0.02470301 2.142075 0.1759834 -0.02613616 2.213899 0.02559856 -0.5284797 2.221124 0.195711 -0.5490791 2.405684 -0.03916752 -0.8703628 2.270653 0.1711708 -0.8781245 2.475591 0.01541844 -0.9126855 2.221177 0.2461628 -0.9323344 2.492721
0.08177206 0.6046879 2.154693 0.07282643 0.4156207 2.199088 1.680589E-05 0.2830772 2.088832 0.2125755 0.3663189 2.304322 0.05823514 0.1079198 2.000617 0.3338225 0.1644239 2.228126 0.2314981 0.2292115 2.004351 0.1548854 0.1282334 2.024831 0.2859567 0.2992398 1.993335 0.1640617 0.1657419 1.943423 0.09409636 0.09657423 2.205685 0.1229389 0.03821841 2.183856 0.08502785 -0.02446218 2.142424 0.1761696 -0.0260158 2.214088 0.02559379 -0.5284767 2.221137 0.1954289 -0.545408 2.404892 -0.03915383 -0.8704028 2.270666 0.1713735 -0.8779799 2.475389 0.01550268 -0.9127135 2.221258 0.2473493 -0.9324441 2.492543
0.08176003 0.6046767 2.154703 0.07268654 0.4156021 2.199286 -2.151321E-05 0.2830703 2.088929 0.2164165 0.3578315 2.304604 0.05659247 0.1073818 2.000731 0.3349586 0.1525628 2.238195 0.2371684 0.2201369 2.000867 0.1593665 0.1257569 2.030282 0.3014421 0.2777023 1.980194 0.1657756 0.164307 1.944432 0.09426247 0.09662253 2.20569 0.1229091 0.03824963 2.183882 0.08500941 -0.02444784 2.142325 0.17629 -0.02633964 2.214563 0.02563069 -0.5286713 2.221186 0.1961836 -0.5430875 2.404195 -0.0391691 -0.8703833 2.270654 0.170894 -0.8787728 2.47558 0.0152465 -0.9127346 2.221014 0.2449969 -0.9337634 2.496677
0.08167955 0.6048679 2.155003 0.07205734 0.4157126 2.19931 -6.749571E-05 0.2828802 2.089107 0.220701 0.3516686 2.306633 0.05678333 0.1072696 2.000906 0.3345832 0.1506262 2.236422 0.2451078 0.2020012 1.991744 0.1738611 0.1312881 2.015231 0.3142474 0.2446194 1.971143 0.1947358 0.172623 1.942116 0.09430198 0.09669609 2.205625 0.1228469 0.03830758 2.183878 0.08493444 -0.02448668 2.142164 0.1764753 -0.02660657 2.214849 0.02561505 -0.5287897 2.221186 0.1957929 -0.5451891 2.404532 -0.03902411 -0.8702917 2.27061 0.1707501 -0.8781669 2.474809 -0.01337444 -0.9284208 2.304942 0.2461246 -0.933549 2.496224
0.08108798 0.6047578 2.155269 0.07191211 0.4158805 2.199805 -0.0003508617 0.2825137 2.089276 0.2243833 0.3474037 2.308643 0.0577841 0.1071905 2.001454 0.3351538 0.1400787 2.23836 0.2513697 0.1841908 1.98951 0.1755869 0.1250274 2.015929 0.3255738 0.2217777 1.962564 0.1990398 0.1670688 1.945889 0.09429385 0.09678166 2.205714 0.12273 0.03838092 2.183943 0.0845636 -0.02482491 2.141826 0.176691 -0.02716554 2.215407 0.02556075 -0.5289574 2.221131 0.1961987 -0.5425262 2.403179 -0.03898428 -0.87047 2.270603 0.1707481 -0.8785232 2.475211 0.01514953 -0.9128713 2.220699 0.2461357 -0.9338944 2.496784
0.08090088 0.6051295 2.157209 0.07139815 0.4157 2.20008 -0.0007073352 0.2824538 2.089419 0.2277947 0.3432665 2.310589 0.05881933 0.1074816 2.001927 0.3095634 0.1907907 2.374023 0.2552668 0.1687828 1.985329 0.1505726 0.2358495 2.155502 0.3325892 0.2078521 1.963285 0.1409854 0.2930137 2.043107 0.09418674 0.09674449 2.205824 0.1225815 0.03837144 2.184036 0.08418465 -0.0251933 2.141611 0.177098 -0.02840789 2.216239 0.02555415 -0.529076 2.220966 0.1963841 -0.541473 2.402655 -0.03890475 -0.8704421 2.270567 0.1706337 -0.8794473 2.475153 0.01511265 -0.912865 2.220554 0.2431018 -0.9357187 2.498559
0.0806545 0.6052908 2.157862 0.07116283 0.41598 2.200316 -0.0007784213 0.2823725 2.089647 0.2299057 0.3403643 2.31169 0.05995417 0.1066707 2.002105 0.3107016 0.186616 2.373821 0.2582524 0.1604487 1.983403 0.1518145 0.2333342 2.15559 0.3390088 0.195154 1.967121 0.1416631 0.2911774 2.042516 0.09393761 0.09666082 2.205873 0.1222301 0.03818435 2.184058 0.08352149 -0.02551172 2.141391 0.1769586 -0.02955584 2.216428 0.02553202 -0.5290832 2.220939 0.1965291 -0.5460815 2.404263 -0.03889266 -0.8704503 2.270483 0.1709598 -0.8790399 2.474772 0.01505161 -0.9128851 2.220401 0.2464308 -0.9352333 2.497517
0.07991636 0.605498 2.159255 0.07044603 0.4162121 2.200801 -0.0008118874 0.2823754 2.089802 0.2305351 0.3385806 2.311747 0.06156471 0.1056078 2.002312 0.3120631 0.1836617 2.371111 0.2582155 0.1529672 1.982641 0.1525106 0.2292323 2.153138 0.3396259 0.1877158 1.970149 0.1440423 0.2861835 2.042565 0.09352131 0.09650698 2.206014 0.1218342 0.03800217 2.184128 0.08301664 -0.02587252 2.141118 0.1767705 -0.0303789 2.216769 0.02524648 -0.5291938 2.220691 0.1965817 -0.5448758 2.403985 -0.03891917 -0.8705214 2.270437 0.1708621 -0.879698 2.475163 0.01497445 -0.9129678 2.22031 0.2461733 -0.9352727 2.497638
0.07964484 0.6059362 2.160282 0.07011724 0.4164865 2.201327 -0.000811385 0.2823448 2.089883 0.2311423 0.3367412 2.312096 0.06299135 0.1049772 2.002594 0.3132981 0.1824972 2.372077 0.2584693 0.1517736 1.982568 0.1536845 0.2278433 2.154103 0.3401217 0.1862137 1.970823 0.1449357 0.2848028 2.043193 0.09307589 0.09598862 2.206081 0.1213487 0.03719813 2.184029 0.08228617 -0.02676958 2.140608 0.1766131 -0.03188912 2.216743 0.02521461 -0.5294042 2.220622 0.196579 -0.5439819 2.403775 -0.03883886 -0.8705882 2.270282 0.1707825 -0.8788549 2.474657 0.01506378 -0.9130347 2.220164 0.2460365 -0.9345343 2.495657
0.07934832 0.6054356 2.160611 0.06954981 0.4169283 2.201707 -0.000903787 0.2822513 2.090013 0.2315478 0.3360143 2.312168 0.0632602 0.1048526 2.002649 0.3137027 0.1822876 2.373072 0.2581813 0.1514978 1.982882 0.1542438 0.2279125 2.155039 0.3396729 0.1859298 1.970046 0.1449252 0.2851311 2.043321 0.09265554 0.09566888 2.206208 0.1209629 0.03674263 2.184007 0.08177349 -0.02712397 2.140706 0.1765269 -0.03235532 2.216529 0.02489782 -0.5296614 2.220508 0.196447 -0.5424111 2.403547 -0.03876894 -0.8706106 2.270229 0.1708709 -0.8792489 2.47513 0.01508037 -0.9130681 2.220063 0.2453499 -0.9342748 2.496127
0.07940157 0.6054798 2.160948 0.06887357 0.4173916 2.201973 -0.000933064 0.2822701 2.09013 0.2315309 0.3357992 2.312107 0.06270489 0.1050649 2.002743 0.3440959 0.1411315 2.197424 0.2574425 0.1561926 1.985112 0.1863208 0.1293395 1.97343 0.337521 0.1926812 1.969388 0.2137941 0.1719801 1.908382 0.09246872 0.0956381 2.206346 0.1209094 0.03674169 2.184028 0.08176097 -0.02712657 2.140687 0.1765409 -0.03242123 2.216594 0.02452872 -0.5299678 2.220416 0.1962222 -0.5462021 2.404532 -0.03868119 -0.8708275 2.270162 0.170517 -0.8798424 2.476194 0.0151438 -0.9132934 2.219977 0.2456712 -0.9347173 2.497283
0.0800761 0.6052153 2.161197 0.06858561 0.4174528 2.201967 -0.0009944757 0.2823547 2.090236 0.2314316 0.336237 2.31236 0.06166691 0.1049778 2.003145 0.3427375 0.1436307 2.197886 0.2522139 0.1689436 1.987175 0.1849625 0.1318387 1.973893 0.3240092 0.2176096 1.968996 0.2124356 0.1744792 1.908844 0.09225073 0.09587153 2.206529 0.1208036 0.03704714 2.18418 0.08173045 -0.02684527 2.140936 0.1765878 -0.0320288 2.216705 0.02412645 -0.5307336 2.220936 0.1963884 -0.5443972 2.404194 -0.03884111 -0.8708497 2.270165 0.1706204 -0.8794008 2.475598 0.01499781 -0.9133138 2.219993 0.2481724 -0.9348964 2.496885
0.08043122 0.6053709 2.161118 0.0685972 0.4176041 2.202149 -0.000876076 0.2824267 2.090427 0.2314145 0.3372593 2.312387 0.0610512 0.1052502 2.00327 0.3401621 0.1494547 2.216582 0.2478347 0.1890387 1.991681 0.1823873 0.1376627 1.992589 0.3118722 0.2355202 1.972345 0.2098602 0.1803033 1.92754 0.09239568 0.09639937 2.207036 0.1210525 0.03768621 2.184712 0.08213706 -0.02630251 2.141346 0.1770193 -0.03141025 2.21743 0.02406713 -0.5307854 2.220933 0.1959605 -0.5425049 2.40387 -0.0388522 -0.8712315 2.270229 0.1706546 -0.8794032 2.475576 0.01495585 -0.9137005 2.220027 0.2443882 -0.934421 2.495215
0.08105277 0.605555 2.161011 0.06861641 0.4175993 2.20216 -0.001316394 0.2827336 2.090445 0.2245297 0.3536958 2.313672 0.0582608 0.1080317 2.00224 0.3373728 0.1537566 2.226117 0.2421167 0.2080792 1.995431 0.1795982 0.1419646 2.002125 0.2976352 0.2769277 1.982436 0.207071 0.1846052 1.937075 0.09214101 0.09823812 2.207209 0.1209695 0.04034243 2.185183 0.08240227 -0.02541077 2.1409 0.1769855 -0.02912742 2.219012 0.02398242 -0.5306796 2.22094 0.1958258 -0.5405315 2.403482 -0.03886115 -0.871241 2.270076 0.1703553 -0.8794937 2.476134 0.01545201 -0.9136279 2.220352 0.2442891 -0.9342147 2.495251
0.08168563 0.6058906 2.160439 0.06895505 0.4174601 2.202232 -0.001905632 0.2829434 2.09032 0.2137744 0.3582551 2.303269 0.0575344 0.1085519 2.001121 0.3345788 0.157644 2.225889 0.2369773 0.2289584 2.001044 0.1768044 0.1458521 2.001897 0.2880367 0.297242 1.9888 0.204277 0.1884926 1.936848 0.09224664 0.09821013 2.207277 0.1209767 0.04027037 2.185131 0.08257689 -0.02507325 2.141112 0.1765333 -0.02844064 2.218297 0.02384054 -0.5304965 2.220718 0.1952927 -0.5418637 2.404136 -0.03885192 -0.871276 2.270139 0.1705191 -0.8796632 2.475928 0.01521549 -0.9137019 2.220181 0.2451323 -0.934679 2.497678
0.08254921 0.6063353 2.159941 0.06950711 0.4173403 2.202328 -0.003330886 0.2841802 2.090073 0.2067404 0.3672673 2.303681 0.05616586 0.110086 2.000113 0.3335503 0.1597815 2.226379 0.2278924 0.2339177 2.004405 0.175776 0.1479896 2.002387 0.275559 0.3093935 1.999649 0.2032485 0.19063 1.937338 0.09198957 0.09814996 2.207018 0.1209105 0.04015246 2.184989 0.08254439 -0.02442598 2.141737 0.1753964 -0.02674801 2.216143 0.02371041 -0.530279 2.220877 0.1946931 -0.5456258 2.40534 -0.03886488 -0.8712622 2.270169 0.1706637 -0.879725 2.475872 -0.0198028 -0.9327543 2.302897 0.2451608 -0.9348826 2.497948
0.08312449 0.6065916 2.159799 0.07054479 0.4172878 2.202464 -0.005602359 0.2853276 2.089642 0.2055492 0.3697076 2.303817 0.05520015 0.1118498 1.999236 0.3326934 0.1616191 2.226938 0.2222658 0.2401564 2.007045 0.1749192 0.1498272 2.002946 0.2681274 0.3168562 2.004758 0.2023916 0.1924677 1.937897 0.09209542 0.09310056 2.206214 0.120716 0.03259987 2.183461 0.08137301 -0.02764473 2.145017 0.1750512 -0.02992244 2.210094 0.02364183 -0.530235 2.221387 0.1951315 -0.5423044 2.404736 -0.03886238 -0.8713484 2.270256 0.1707572 -0.8790416 2.475755 0.0157189 -0.9136826 2.220782 0.2476126 -0.9338456 2.497568
0.08349945 0.6068973 2.159539 0.07057644 0.4172923 2.202401 -0.007205623 0.2864248 2.089521 0.2032183 0.3718487 2.303304 0.05462865 0.1133085 1.999126 0.3321922 0.1636363 2.226551 0.2194494 0.2465041 2.008303 0.1744181 0.1518444 2.002559 0.2674422 0.3218969 2.006299 0.2018903 0.1944848 1.937509 0.09159225 0.08992218 2.205529 0.1203568 0.02872473 2.182473 0.0808645 -0.02947185 2.146418 0.17456 -0.03147113 2.207289 0.0235237 -0.5300384 2.221813 0.1952569 -0.5398303 2.404424 -0.03898573 -0.8712862 2.270268 0.1703783 -0.879784 2.476764 0.01561013 -0.9136169 2.220807 0.2469704 -0.933722 2.497947
0.08344625 0.6069083 2.159544 0.07096889 0.4171628 2.202441 -0.00756432 0.2866352 2.089423 0.1964365 0.3687251 2.293837 0.05414742 0.1135656 1.998785 0.3313272 0.1643168 2.227383 0.21877 0.2459082 2.009133 0.1735533 0.1525249 2.003391 0.2667944 0.3212605 2.006462 0.2010254 0.1951653 1.938341 0.09116229 0.08594096 2.204988 0.1197665 0.02394662 2.181265 0.08042349 -0.03153604 2.146533 0.1733994 -0.03370402 2.20557 0.02348342 -0.5298963 2.222131 0.195124 -0.5408235 2.404734 -0.0390368 -0.871363 2.270264 0.1703267 -0.8789723 2.476054 0.01518368 -0.9137524 2.220442 0.2478092 -0.9336704 2.497539
0.08313126 0.6068318 2.159353 0.07096089 0.4171525 2.202479 -0.007578136 0.2867066 2.089435 0.1972342 0.3683239 2.29388 0.05397249 0.113607 1.998724 0.3316441 0.1653092 2.225692 0.2194384 0.2424701 2.009558 0.1738703 0.1535173 2.0017 0.2694787 0.316449 2.005746 0.2013423 0.1961578 1.93665 0.09078447 0.08791851 2.205507 0.1195554 0.02751674 2.181704 0.08068098 -0.02957065 2.146024 0.1729732 -0.03142339 2.206813 0.02349493 -0.5295019 2.222674 0.1948341 -0.5407157 2.404774 -0.03908284 -0.8711929 2.270226 0.1706432 -0.8789095 2.475848 0.0150451 -0.9135982 2.220316 0.2465214 -0.9343517 2.497653
0.0829889 0.6068673 2.159324 0.07115946 0.4171355 2.203075 -0.007407019 0.2867845 2.08959 0.2014056 0.3675978 2.296791 0.05381494 0.1136296 1.998717 0.3315299 0.1642967 2.22653 0.2254381 0.2359971 2.007906 0.1737562 0.1525049 2.002538 0.281181 0.3015439 1.994802 0.2012281 0.1951453 1.937488 0.09124483 0.09082546 2.206831 0.1203282 0.03178479 2.183069 0.08158291 -0.02785841 2.145727 0.1736896 -0.02881327 2.20939 0.023444 -0.5294747 2.222718 0.1942056 -0.5444831 2.406078 -0.03894953 -0.8712046 2.270228 0.1700178 -0.878934 2.476156 0.01505893 -0.9136324 2.220208 0.2480804 -0.9339455 2.496826
0.08298469 0.6068947 2.159379 0.07098363 0.4171698 2.203062 -0.006667164 0.286489 2.090066 0.213429 0.3517589 2.298657 0.05287556 0.1128727 1.998865 0.3346504 0.1601457 2.228814 0.2363724 0.2183554 2.002015 0.1768769 0.1483539 2.004822 0.300301 0.2771498 1.983442 0.2043485 0.1909943 1.939772 0.09139015 0.09158979 2.207499 0.1203214 0.03268575 2.183454 0.08171489 -0.02737261 2.145298 0.1740885 -0.02903608 2.211388 0.02343194 -0.5296161 2.22282 0.1945216 -0.5482736 2.407765 -0.03922429 -0.8707956 2.270137 0.170228 -0.8793294 2.476129 0.0139753 -0.9133521 2.219364 0.2472465 -0.9340092 2.497047
0.08283015 0.6063847 2.16016 0.07045843 0.4173169 2.203128 -0.005646534 0.2860602 2.090668 0.2208628 0.3485889 2.30622 0.05314075 0.1118576 2.000351 0.3336085 0.1528894 2.231149 0.2438488 0.2005101 1.995584 0.1758353 0.1410976 2.007158 0.310626 0.2452992 1.97614 0.2033067 0.183738 1.942107 0.09120137 0.09274006 2.207902 0.1204568 0.03409115 2.184022 0.08188015 -0.02709837 2.145074 0.1748583 -0.02884054 2.213022 0.02325129 -0.5299014 2.223222 0.1948501 -0.5450666 2.406655 -0.03921854 -0.8706657 2.270214 0.1704098 -0.8794635 2.476087 0.01422817 -0.9131852 2.219669 0.2472311 -0.9340239 2.4971
0.08242421 0.6063318 2.160397 0.07032749 0.4174353 2.203226 -0.00502342 0.2856742 2.091152 0.2256559 0.3441659 2.30941 0.05561086 0.1112838 2.00256 0.3326641 0.1462336 2.220573 0.2494645 0.1873122 1.995367 0.1748911 0.1344417 1.996582 0.3190851 0.2325912 1.975432 0.2023622 0.1770822 1.931531 0.09108135 0.09312408 2.208146 0.1203838 0.03445426 2.184223 0.08180675 -0.02704204 2.144995 0.1750824 -0.02909122 2.213569 0.02312055 -0.5297272 2.223163 0.1950297 -0.5436175 2.406085 -0.03921765 -0.8706186 2.270082 0.1706315 -0.8794393 2.475821 0.01419959 -0.913143 2.21951 0.2470557 -0.9339791 2.496921
0.08185549 0.6062753 2.160972 0.06977431 0.4177296 2.203427 -0.004722944 0.2855855 2.091365 0.2260619 0.3434503 2.309732 0.05648923 0.1107118 2.003114 0.3242282 0.1333664 2.205482 0.2508761 0.1790761 1.994089 0.1664555 0.1215746 1.981491 0.3240375 0.2195604 1.970569 0.1939264 0.164215 1.91644 0.09084722 0.0933187 2.208338 0.1202498 0.03461274 2.184365 0.08170717 -0.0270152 2.144787 0.1750806 -0.02969136 2.214401 0.02299713 -0.529984 2.223416 0.1951703 -0.5419934 2.405516 -0.03923354 -0.8706603 2.270037 0.1706177 -0.8795472 2.476778 -0.01486183 -0.9315533 2.300268 0.2467588 -0.9337889 2.496924
0.08167138 0.6062978 2.161202 0.06939138 0.4183424 2.203468 -0.00450737 0.2854584 2.091544 0.2285465 0.3422147 2.311939 0.05737777 0.1096198 2.004331 0.3248849 0.1277578 2.20464 0.2520685 0.1746277 1.993936 0.1671123 0.115966 1.980649 0.3272929 0.2135556 1.970733 0.1945831 0.1586064 1.915598 0.09074624 0.09404593 2.208678 0.120237 0.03528429 2.184763 0.08169289 -0.02694667 2.144636 0.1756382 -0.03020984 2.215812 0.02284873 -0.5301397 2.223425 0.1946715 -0.5484204 2.407682 -0.03923682 -0.8706387 2.270077 0.1699941 -0.8813233 2.478044 0.01422541 -0.9131582 2.219549 0.2446065 -0.9344701 2.496691
0.08140569 0.6064365 2.161684 0.06896437 0.4185189 2.203387 -0.003821282 0.2853241 2.091869 0.2284674 0.341755 2.311804 0.05779674 0.1083704 2.005278 0.3274782 0.131249 2.207183 0.2519197 0.1728158 1.993933 0.1697056 0.1194572 1.983193 0.3275949 0.21285 1.970532 0.1971764 0.1620976 1.918141 0.09069648 0.0940812 2.208721 0.1202245 0.03530592 2.184848 0.08172216 -0.02696685 2.144604 0.1756787 -0.03042293 2.216211 0.0227339 -0.5304402 2.223267 0.1940784 -0.5501626 2.407905 -0.03913011 -0.8708404 2.270233 0.1700795 -0.8813858 2.478011 0.01437 -0.9133551 2.21974 0.2448479 -0.9348775 2.499096
0.08128701 0.6064892 2.161806 0.0688056 0.4184878 2.203035 -0.003611325 0.2851835 2.091908 0.2286897 0.3412029 2.311696 0.05861047 0.1078527 2.005783 0.3292442 0.1343205 2.208951 0.252022 0.1730021 1.994163 0.1714717 0.1225287 1.984961 0.3273067 0.2137461 1.970886 0.1989424 0.165169 1.919909 0.09070706 0.09411273 2.208694 0.1202056 0.03531111 2.184877 0.08167435 -0.02702161 2.144551 0.1757541 -0.03067582 2.216472 0.02269847 -0.5305971 2.223475 0.1943155 -0.5477614 2.406945 -0.03920104 -0.8706532 2.270214 0.170032 -0.8814245 2.477967 0.0142914 -0.9131677 2.219712 0.243514 -0.9349812 2.498275
0.0815835 0.6067944 2.161974 0.06960724 0.4183723 2.203613 -0.003465315 0.2851211 2.091932 0.2285018 0.341149 2.311649 0.05810387 0.1076247 2.005953 0.3349183 0.140918 2.214454 0.2501834 0.1755092 1.995269 0.177146 0.1291261 1.990465 0.3224103 0.2236966 1.973989 0.2046165 0.1717665 1.925412 0.09085372 0.09447678 2.208944 0.1202947 0.03572008 2.185133 0.08173098 -0.02677535 2.144461 0.1757759 -0.03058572 2.21675 0.02265893 -0.5306501 2.223528 0.1945615 -0.5454286 2.406344 -0.03905267 -0.87094 2.270062 0.170039 -0.8814677 2.477948 0.01447235 -0.9134482 2.21959 0.2435184 -0.9349799 2.498317
0.08162337 0.6068048 2.161844 0.07017846 0.4182194 2.203916 -0.003064985 0.2849644 2.091996 0.2282465 0.341912 2.311859 0.05812678 0.1078716 2.005901 0.3366684 0.1404395 2.233537 0.2457842 0.1882805 1.998755 0.1788962 0.1286477 2.009547 0.3095511 0.2470256 1.980305 0.2063666 0.171288 1.944495 0.09103692 0.09521744 2.209284 0.12043 0.03668289 2.18558 0.08184888 -0.02634235 2.144223 0.1758542 -0.03022912 2.217599 0.02262074 -0.5307865 2.223596 0.195086 -0.5436145 2.406021 -0.03905234 -0.8710088 2.270012 0.1701227 -0.87929 2.476564 0.01454967 -0.9135031 2.21961 0.2438413 -0.9346467 2.497938
0.08175769 0.6067947 2.161338 0.07038045 0.4181505 2.203886 -0.003003231 0.2849008 2.091942 0.2244461 0.3449233 2.308806 0.05728527 0.108846 2.005628 0.334808 0.1475331 2.229919 0.2427458 0.2083259 2.00196 0.177036 0.1357414 2.00593 0.3011446 0.270096 1.986544 0.2045061 0.1783817 1.940878 0.09127074 0.09537609 2.209378 0.1206436 0.03685242 2.185733 0.08226635 -0.02615499 2.144291 0.1759613 -0.02992058 2.217829 0.02263372 -0.5308014 2.223753 0.1949868 -0.5449537 2.40664 -0.03903605 -0.8714935 2.270204 0.169937 -0.8784586 2.475628 0.01454844 -0.91399 2.219785 0.2471517 -0.9341428 2.497646
0.0823991 0.6068988 2.161124 0.07067662 0.4178621 2.203523 -0.003036337 0.2851499 2.091868 0.2139559 0.3566926 2.303382 0.05662911 0.1094022 2.004861 0.3320109 0.1583135 2.219964 0.2384129 0.2264903 2.007006 0.1742392 0.1465218 1.995975 0.2895919 0.2973907 1.996031 0.201709 0.1891621 1.930922 0.09127769 0.09545825 2.209164 0.120697 0.03691624 2.18568 0.0826562 -0.02567305 2.144212 0.1757436 -0.02944152 2.217626 0.02276529 -0.5309098 2.224145 0.1948898 -0.5466615 2.407252 -0.03906303 -0.8715132 2.270107 0.1694367 -0.8805366 2.479048 0.01477529 -0.9139669 2.219922 0.2460795 -0.9344219 2.497185
0.08235613 0.6069771 2.160725 0.07145385 0.4171505 2.202797 -0.003726011 0.2854593 2.09131 0.204975 0.3667841 2.302273 0.05573368 0.1105926 2.003469 0.3327561 0.1601273 2.222227 0.2291034 0.2318176 2.00937 0.1749845 0.1483357 1.998238 0.2773763 0.3068475 2.003718 0.2024543 0.190976 1.933185 0.09106995 0.09546647 2.208626 0.1206628 0.03687903 2.185536 0.08268541 -0.02521662 2.144672 0.1745419 -0.02754207 2.215453 0.02296381 -0.5305407 2.22419 0.1954876 -0.5416303 2.405407 -0.03899283 -0.8718106 2.27044 0.1696158 -0.8805419 2.478656 0.01558074 -0.9141397 2.220948 0.2449881 -0.9339174 2.495509
0.08253682 0.6069849 2.160399 0.07224269 0.4170864 2.202712 -0.005063773 0.286057 2.090479 0.2032573 0.3703109 2.302869 0.05543901 0.1114112 2.003026 0.3330788 0.1613428 2.222806 0.2187286 0.2390575 2.009778 0.1753074 0.1495511 1.998817 0.2665368 0.3145945 2.009269 0.2027769 0.1921914 1.933764 0.091346 0.09182222 2.207716 0.1207272 0.03152837 2.184389 0.08206674 -0.02779619 2.146608 0.1742669 -0.02980558 2.211566 0.02310835 -0.5303715 2.224656 0.1956023 -0.5404351 2.405101 -0.03897727 -0.8717862 2.270452 0.1697517 -0.880097 2.47838 0.015775 -0.9140836 2.221131 0.2471056 -0.9333727 2.495178
0.08257181 0.6070397 2.160076 0.0726065 0.4170104 2.202747 -0.006251225 0.28625 2.089611 0.1953895 0.3939582 2.322383 0.05449178 0.111925 2.001488 0.3250789 0.1750006 2.227971 0.2146101 0.2486334 2.011348 0.1742092 0.1512122 1.999978 0.2618643 0.324519 2.010949 0.2023698 0.1930301 1.934925 0.09020933 0.0911326 2.206401 0.120651 0.03080481 2.184187 0.08175037 -0.02838453 2.147595 0.1740129 -0.02989539 2.209986 0.02337899 -0.5300002 2.225036 0.1955452 -0.5448061 2.406135 -0.03897119 -0.871766 2.270346 0.1702301 -0.8796821 2.477799 0.01864286 -0.9135669 2.223948 0.2465581 -0.9335106 2.494382
0.08261495 0.6067736 2.159455 0.07379501 0.416544 2.202214 -0.007130621 0.2866033 2.089215 0.1955046 0.3943253 2.322513 0.05391598 0.1124639 2.000869 0.324666 0.1733002 2.234006 0.2141865 0.2492581 2.011403 0.1727906 0.1508446 2.00658 0.2608454 0.3255 2.012777 0.2010108 0.1927748 1.941749 0.09048013 0.09061415 2.206201 0.1208086 0.03028738 2.184047 0.08174635 -0.02898978 2.14839 0.1741501 -0.02993467 2.209177 0.02370903 -0.5292048 2.224984 0.1956872 -0.5456998 2.406267 -0.03891208 -0.871496 2.270238 0.1698931 -0.878114 2.476223 0.01867353 -0.9133 2.223807 0.2461276 -0.933184 2.493685
0.08267212 0.6068218 2.159329 0.07371587 0.4165483 2.202175 -0.007180079 0.2866139 2.089139 0.1940187 0.379131 2.30316 0.0538453 0.1126811 2.000198 0.3314361 0.1622464 2.229947 0.2146864 0.2489198 2.011709 0.1736645 0.1504547 2.005958 0.2619901 0.3247714 2.012542 0.2011342 0.193095 1.940905 0.09079425 0.08663549 2.205866 0.1204705 0.0249446 2.182525 0.08149879 -0.0311553 2.148325 0.1735589 -0.03292033 2.207061 0.02385523 -0.5290917 2.224887 0.1957694 -0.5466873 2.406425 -0.03900387 -0.8715752 2.270366 0.1702356 -0.877931 2.475634 0.01670619 -0.9137084 2.221984 0.2479687 -0.9326936 2.494157
0.08257331 0.6069136 2.159203 0.07365356 0.4166321 2.202429 -0.007097917 0.2864863 2.089155 0.197685 0.3724206 2.29854 0.05333669 0.1122829 2.000393 0.3306232 0.1625033 2.227453 0.2189734 0.2397255 2.012189 0.1728518 0.1507116 2.003464 0.268436 0.3140814 2.00813 0.2003214 0.1933518 1.938411 0.09115134 0.0875239 2.206356 0.1206113 0.0266086 2.182485 0.08194581 -0.03023839 2.147636 0.1734945 -0.03180036 2.207409 0.02409451 -0.5292715 2.224939 0.1957087 -0.5468718 2.406603 -0.03901539 -0.8716525 2.270375 0.1706524 -0.8796712 2.47603 0.01574848 -0.9139462 2.221062 0.2481467 -0.9343902 2.496657
0.08242926 0.6071329 2.159514 0.07374258 0.416655 2.202583 -0.006290376 0.2860822 2.089453 0.2080099 0.3596826 2.297523 0.0527959 0.1114701 2.000544 0.3300148 0.1575312 2.233439 0.2267726 0.2266025 2.008332 0.1608173 0.1316663 2.019828 0.2853869 0.2929286 1.9958 0.1765684 0.1716378 1.9426 0.09190016 0.0885341 2.2071 0.1211117 0.02824352 2.182821 0.08246985 -0.02952282 2.147084 0.1740013 -0.03120202 2.208416 0.0243524 -0.5296187 2.225112 0.1955749 -0.5485269 2.406633 -0.03908831 -0.8715667 2.270386 0.1707385 -0.8785609 2.474593 -0.01512196 -0.9303752 2.304785 0.2484162 -0.9330405 2.497961
0.08199384 0.6070732 2.159375 0.07374335 0.4166691 2.202615 -0.004583779 0.2846171 2.090096 0.2189155 0.3525346 2.304539 0.05488691 0.1102745 2.000803 0.3299288 0.1490916 2.24244 0.2293176 0.199085 2.000465 0.1637641 0.1303696 2.025524 0.2906623 0.2618186 1.983341 0.1748043 0.1707328 1.941569 0.09245239 0.09032648 2.207796 0.1218212 0.03086632 2.18375 0.08295457 -0.02889309 2.146648 0.1753742 -0.03056327 2.210994 0.02450476 -0.5296804 2.225023 0.1956315 -0.5487896 2.406639 -0.03908285 -0.8715521 2.270455 0.1707336 -0.8785593 2.474575 -0.01502896 -0.9303383 2.304832 0.2489679 -0.9325058 2.497314
0.08170995 0.6070126 2.159632 0.07347851 0.4165744 2.202564 -0.004290812 0.284358 2.090275 0.2238585 0.3470578 2.307054 0.05621599 0.1093337 2.001605 0.3319966 0.1456022 2.231137 0.2432806 0.1888053 1.993553 0.1969043 0.1472903 1.995728 0.3143342 0.238986 1.972932 0.2356034 0.1907699 1.945674 0.09256574 0.09091233 2.207971 0.1219647 0.03173044 2.183991 0.08307463 -0.02871578 2.146273 0.1761832 -0.03079009 2.212194 0.02457234 -0.5297832 2.224962 0.19552 -0.5505652 2.406709 -0.03908069 -0.8715906 2.270481 0.1703735 -0.8795649 2.475207 0.01435465 -0.9141023 2.219914 0.2488707 -0.9329143 2.498444
0.08129533 0.6069387 2.160322 0.07250381 0.4168381 2.202817 -0.003786981 0.2838133 2.090551 0.2273255 0.341783 2.308147 0.05806094 0.1087567 2.001432 0.3370853 0.1368506 2.229797 0.2530396 0.1794916 1.989886 0.2005837 0.1409344 1.999282 0.3276826 0.2244319 1.969867 0.2392828 0.184414 1.949227 0.09238216 0.09124749 2.208143 0.1217891 0.03209183 2.184103 0.08285113 -0.02878948 2.145661 0.1763963 -0.03122629 2.213013 0.02454089 -0.5305342 2.224593 0.1955317 -0.5505994 2.406499 -0.03911327 -0.8718128 2.270536 0.1705974 -0.8791414 2.474966 0.01418986 -0.9143496 2.219851 0.2496859 -0.9321077 2.497047
