0.06149647 0.6926265 2.361709 0.01687453 0.5104548 2.390983 -0.04498798 0.3667693 2.267474 0.1574114 0.4173429 2.563068 0.06874098 0.1896502 2.212951 0.2417326 0.1542993 2.556622 0.3033194 0.3346016 2.246965 0.2897031 0.2952701 2.323509 0.343064 0.3932854 2.224197 0.3376514 0.326129 2.27565 0.07839845 0.1461364 2.403058 0.09180217 0.07382736 2.408006 0.05697718 0.0009433554 2.347215 0.1516445 0.001279042 2.470158 -0.005012247 -0.4938693 2.427375 0.1434109 -0.4942798 2.65085 -0.03708361 -0.8798294 2.480333 0.07732853 -0.8457052 2.676073 0.02187853 -0.9417881 2.431463 0.1294792 -0.9096782 2.721344
0.05998719 0.692868 2.362496 0.01637429 0.5104889 2.391126 -0.04510896 0.3668617 2.267654 0.1555741 0.4174477 2.560791 0.06992511 0.1898491 2.21296 0.2392617 0.1555946 2.553405 0.263363 0.260976 2.216685 0.2874444 0.2953594 2.318764 0.3392643 0.325902 2.229632 0.3353926 0.3262183 2.270905 0.07830106 0.1464031 2.402913 0.09176461 0.07414407 2.407784 0.05712626 0.001344568 2.346466 0.1516452 0.001372642 2.470121 -0.005066396 -0.4939284 2.427553 0.1432052 -0.4946156 2.651054 -0.03745422 -0.8761072 2.480733 0.0776263 -0.8462636 2.676137 0.02163449 -0.9415574 2.43151 0.1302713 -0.9075418 2.724921
0.05828726 0.6924918 2.362813 0.0149132 0.5107697 2.39135 -0.04564125 0.3670822 2.267967 0.1538066 0.4177697 2.559625 0.07006036 0.1899394 2.212641 0.237214 0.1566137 2.551934 0.3204947 0.3100871 2.232945 0.2857454 0.2956798 2.316862 0.358303 0.3735773 2.24196 0.3336934 0.3265384 2.269003 0.07640066 0.1470061 2.4023 0.08977737 0.07474852 2.40696 0.05547343 0.002008647 2.345356 0.1492119 0.001375948 2.469188 -0.005244212 -0.4939106 2.427569 0.1426962 -0.495587 2.651263 -0.03727825 -0.8760203 2.480581 0.07770854 -0.8461503 2.676304 0.02137901 -0.9411383 2.431385 0.1297374 -0.9083099 2.723097
0.05760857 0.6926123 2.363414 0.01389295 0.5108379 2.390663 -0.04594434 0.3674135 2.268166 0.1532513 0.4178723 2.559302 0.07024908 0.1897943 2.212452 0.1684561 0.2708606 2.67748 0.3216785 0.3080871 2.231892 0.2881774 0.2669072 2.411108 0.3725833 0.3614522 2.221763 0.3435198 0.3362195 2.238883 0.07549474 0.1470946 2.401732 0.08891533 0.0747968 2.406422 0.05468505 0.002286276 2.344827 0.1482737 0.001154545 2.468672 -0.005410064 -0.4943702 2.427468 0.142875 -0.4958032 2.651703 -0.03738511 -0.8773547 2.480597 0.07775146 -0.8462459 2.676239 0.02129844 -0.9411268 2.431501 0.1323472 -0.9012099 2.752968
0.05599787 0.6933704 2.364359 0.01272804 0.5113622 2.391437 -0.04651665 0.3679194 2.268578 0.1519115 0.4180749 2.558388 0.06993462 0.1898004 2.212155 0.1682217 0.2714089 2.676795 0.322249 0.3064322 2.23073 0.2880723 0.2670521 2.410493 0.3736385 0.3583376 2.216354 0.3433496 0.3366087 2.237475 0.074712 0.1476989 2.401592 0.08817312 0.07540372 2.406125 0.05338987 0.003270269 2.34376 0.1478885 0.00163693 2.468574 -0.005384657 -0.4943508 2.427581 0.1433276 -0.493049 2.651447 -0.03743821 -0.8775743 2.480524 0.07557578 -0.8399866 2.672867 0.02186014 -0.9407907 2.432155 0.1303272 -0.8967054 2.748195
0.05500814 0.6939072 2.365091 0.01257256 0.5113317 2.391567 -0.04703029 0.3684667 2.268887 0.1516846 0.4175244 2.55796 0.06145751 0.1871239 2.212506 0.168379 0.2709893 2.676455 0.3141576 0.3031495 2.230222 0.2892222 0.2641328 2.410682 0.3658042 0.3542762 2.214085 0.3428874 0.3344307 2.240903 0.07441918 0.1477522 2.401577 0.08784714 0.07545933 2.406069 0.05272378 0.003551674 2.343617 0.1477213 0.001656399 2.468528 -0.005261879 -0.4933852 2.427386 0.1435513 -0.4919407 2.651476 -0.03777824 -0.8756636 2.479772 0.07508945 -0.838583 2.67293 0.02176221 -0.9391785 2.43347 0.1353161 -0.897907 2.74083
0.05468905 0.6937894 2.365109 0.01215359 0.5115775 2.391738 -0.04702065 0.3686202 2.26906 0.1506478 0.4170745 2.556329 0.05725035 0.1863193 2.212069 0.1680206 0.2709215 2.675128 0.3093778 0.3033284 2.230721 0.2383665 0.2761346 2.39086 0.3638301 0.3515717 2.214935 0.2946217 0.3512967 2.152805 0.07393047 0.1478994 2.401541 0.08735505 0.07556404 2.40599 0.05219644 0.003768051 2.343341 0.1471681 0.001793342 2.46857 -0.005559967 -0.4925364 2.427317 0.1434764 -0.4911088 2.651254 -0.03805825 -0.8732743 2.481154 0.07594076 -0.8407508 2.674722 0.0214006 -0.9366443 2.436043 0.1282447 -0.892593 2.755133
0.05424575 0.6934732 2.365041 0.01209296 0.5115341 2.391789 -0.04698518 0.368675 2.269094 0.1507006 0.4169722 2.55636 0.05493798 0.1844992 2.212257 0.1686626 0.2744295 2.678632 0.300757 0.3137522 2.232805 0.2545661 0.2831686 2.398983 0.3645172 0.3490587 2.217648 0.3055841 0.3611571 2.216051 0.07383534 0.1479895 2.401522 0.08724847 0.07568566 2.405949 0.05196017 0.003898122 2.342973 0.1471499 0.001835463 2.468669 -0.005580422 -0.4925025 2.427269 0.1427503 -0.4953677 2.654016 -0.0371347 -0.8738832 2.48102 0.07687525 -0.8427752 2.675827 0.02129278 -0.9368101 2.435791 0.1248922 -0.9231297 2.69483
0.05325305 0.6929183 2.364438 0.01215511 0.5114684 2.391819 -0.04699321 0.3686642 2.269268 0.1491937 0.4178528 2.554343 0.05165102 0.1842792 2.21186 0.1694143 0.2743279 2.675374 0.2889913 0.3254889 2.243321 0.2559188 0.2793415 2.395825 0.3468586 0.36799 2.223657 0.3066755 0.3544827 2.210414 0.07368881 0.1485248 2.401592 0.08700776 0.07648333 2.406032 0.05190611 0.004013372 2.342674 0.1467414 0.002864748 2.469597 -0.005567024 -0.4924374 2.427304 0.1431102 -0.4937246 2.65383 -0.03775703 -0.8734087 2.480211 0.07751496 -0.8405357 2.679476 0.02112375 -0.9368446 2.43497 0.1341123 -0.8919657 2.757201
0.05353809 0.6930295 2.364282 0.01213474 0.5114484 2.391807 -0.04702442 0.3685334 2.269394 0.1490113 0.4185334 2.554984 0.05058161 0.1837073 2.211813 0.1707 0.274633 2.675439 0.2412518 0.312987 2.240006 0.2570241 0.3212331 2.399897 0.3201627 0.3755081 2.237189 0.3167175 0.4197934 2.182496 0.07359318 0.1489966 2.401683 0.08691112 0.07711594 2.406169 0.05185492 0.004245448 2.342544 0.1468079 0.003405794 2.470212 -0.005702636 -0.4926178 2.427374 0.1421622 -0.4959775 2.654968 -0.0389703 -0.8742636 2.480691 0.07775527 -0.8414536 2.67902 0.02095492 -0.9367457 2.435125 0.133621 -0.8925328 2.757503
0.05361874 0.6930637 2.364229 0.01249993 0.5112286 2.392251 -0.04716522 0.3685623 2.269511 0.1488009 0.4179185 2.553484 0.04947836 0.1839269 2.21174 0.222534 0.1550657 2.588336 0.2420144 0.3213795 2.24654 0.2767355 0.3014527 2.342622 0.3149565 0.3906238 2.241212 0.3087016 0.3941444 2.241288 0.07378769 0.1494814 2.401978 0.08710235 0.07775432 2.406455 0.05195886 0.004500804 2.342435 0.1471913 0.00408937 2.47104 -0.005558568 -0.4912567 2.426955 0.1422775 -0.495012 2.654541 -0.03895907 -0.8734248 2.480989 0.07936245 -0.8404803 2.686008 0.02099614 -0.9365 2.435622 0.1354106 -0.8915172 2.764389
0.05382758 0.6926875 2.364155 0.01279146 0.5111064 2.392498 -0.04724944 0.3684291 2.269559 0.1485906 0.4182025 2.553437 0.04895817 0.1842481 2.211796 0.2324533 0.1563346 2.578749 0.2331221 0.325346 2.248996 0.2291172 0.3065967 2.32924 0.2316433 0.3996228 2.244261 0.2610287 0.3598993 2.288226 0.07370246 0.1495174 2.402006 0.08692942 0.07780348 2.406463 0.05157444 0.004534663 2.342387 0.1469013 0.004345389 2.471005 -0.006010837 -0.4919266 2.426968 0.1422146 -0.4930589 2.653305 -0.03770698 -0.8774133 2.47986 0.07842875 -0.8436354 2.680451 0.02119093 -0.9392807 2.43361 0.1345719 -0.8992861 2.728752
0.0543229 0.6926811 2.364136 0.01286397 0.5110746 2.39219 -0.04757397 0.3684616 2.269616 0.1478085 0.4189108 2.552195 0.04513082 0.1864352 2.210812 0.2367823 0.1568705 2.567054 0.2061776 0.320004 2.25178 0.1916796 0.2741521 2.303553 0.2318738 0.389418 2.243843 0.2042646 0.3399778 2.21574 0.07348786 0.14896 2.401816 0.08660261 0.07693573 2.406276 0.05062757 0.004645469 2.343325 0.1465282 0.004518962 2.469657 -0.00599752 -0.4918884 2.426898 0.1428704 -0.4902746 2.653182 -0.03793205 -0.8779157 2.480609 0.07769802 -0.84189 2.679471 0.02131785 -0.9391974 2.43374 0.1366983 -0.8922155 2.756128
0.0543941 0.6927125 2.363977 0.01283061 0.5110781 2.392153 -0.04787008 0.3683253 2.26964 0.1470099 0.4194524 2.551716 0.04425631 0.185911 2.211374 0.2368274 0.1578397 2.564301 0.2190172 0.3667047 2.26734 0.2115903 0.3228033 2.326212 0.2720498 0.4522248 2.271523 0.2070253 0.4289415 2.247759 0.07317279 0.1467011 2.402176 0.08624081 0.07356855 2.406846 0.04910097 0.003502418 2.347189 0.14634 0.004317645 2.468302 -0.006032108 -0.4915353 2.426847 0.1440346 -0.4845424 2.651006 -0.03867579 -0.8779508 2.480715 0.0776405 -0.8388639 2.677493 0.02150219 -0.9392823 2.433897 0.1343691 -0.9134723 2.73322
0.05441205 0.692654 2.363991 0.01283166 0.5109103 2.39197 -0.04803802 0.3682587 2.269663 0.1466055 0.4195267 2.55124 0.04371928 0.1854433 2.211769 0.2420428 0.2077591 2.514598 0.2186406 0.366785 2.267248 0.1976636 0.3365404 2.26116 0.2717251 0.4522892 2.271083 0.2022481 0.4100921 2.250637 0.07282012 0.1441617 2.402304 0.08580599 0.0703887 2.407099 0.04747005 0.002388038 2.35088 0.1459476 0.004139865 2.465718 -0.004360121 -0.4879775 2.425249 0.1444137 -0.4833857 2.650338 -0.03913789 -0.8755834 2.479924 0.07478063 -0.8365651 2.673143 0.02217576 -0.9391245 2.434115 0.1130475 -0.9048732 2.694649
0.05451505 0.6926942 2.363796 0.01275003 0.5109079 2.392232 -0.04848324 0.3681891 2.269757 0.146947 0.4203311 2.55195 0.0436288 0.1852677 2.211778 0.2406022 0.2072215 2.511222 0.1936289 0.3170592 2.252155 0.1934025 0.3277927 2.25788 0.2455437 0.4025323 2.264107 0.1979871 0.4013444 2.247357 0.0726503 0.1444391 2.402851 0.08562949 0.07082923 2.407697 0.04709485 0.002903953 2.351845 0.1459316 0.00474487 2.465925 -0.004046321 -0.4874324 2.425335 0.1447009 -0.4827795 2.650624 -0.03874107 -0.8749154 2.480577 0.07483476 -0.8362935 2.67317 0.02223087 -0.9391401 2.434157 0.1230608 -0.9056977 2.714976
0.05524452 0.6924436 2.363951 0.0127184 0.5107981 2.392016 -0.04861208 0.3680784 2.269834 0.1472371 0.4210877 2.553368 0.0426743 0.1852289 2.211653 0.2394183 0.206297 2.508825 0.1938623 0.3178813 2.252512 0.1889934 0.3194451 2.255073 0.2240871 0.3871616 2.244015 0.1935779 0.3929965 2.244549 0.07287671 0.1442877 2.403964 0.08601517 0.07075439 2.409428 0.04777341 0.00335539 2.356822 0.1462045 0.005317038 2.466511 -0.003503161 -0.4858375 2.425048 0.1447325 -0.4826821 2.650682 -0.03891834 -0.8735132 2.480438 0.07459635 -0.8361537 2.673425 0.02222515 -0.9382161 2.434905 0.1289529 -0.9004609 2.725825
0.05525618 0.6923842 2.363917 0.01277377 0.5106755 2.392564 -0.04888716 0.3680732 2.270129 0.1468288 0.4217087 2.552967 0.04274349 0.1853827 2.212028 0.2387787 0.2039783 2.508933 0.1954844 0.3151319 2.252868 0.1872069 0.3124993 2.256863 0.2246556 0.3862637 2.243809 0.1917914 0.3860503 2.246339 0.07246808 0.1452971 2.404687 0.08542943 0.07229424 2.410132 0.04762886 0.003669503 2.356168 0.1453975 0.00607142 2.468445 -0.003405389 -0.4859239 2.425207 0.1434405 -0.491881 2.653912 -0.03912381 -0.8734061 2.480455 0.07463095 -0.8364145 2.673354 0.02222532 -0.9382166 2.434904 0.1278141 -0.9083407 2.715412
0.05528356 0.6921382 2.363756 0.01261199 0.5105013 2.39308 -0.04930513 0.3679996 2.270506 0.147243 0.4217375 2.554373 0.04259026 0.1854956 2.2121 0.2397506 0.1998446 2.512744 0.2194023 0.3221681 2.251439 0.2777537 0.3402689 2.289421 0.289614 0.3937435 2.241912 0.2823382 0.41382 2.278897 0.07237729 0.1481333 2.406764 0.0854371 0.07638822 2.412563 0.04788158 0.004050702 2.355922 0.1460449 0.008527663 2.474273 -0.003434419 -0.485977 2.425318 0.1422792 -0.4963665 2.656764 -0.03909266 -0.8733789 2.480528 0.07567505 -0.8391694 2.673944 0.02218789 -0.9382184 2.435047 0.1281793 -0.9050922 2.721284
0.05541406 0.6920749 2.363907 0.01249486 0.5102705 2.393888 -0.04980157 0.3679646 2.270979 0.1474421 0.4207775 2.555001 0.04216471 0.1856095 2.211935 0.2401204 0.1953836 2.514211 0.228163 0.3194436 2.245465 0.2883542 0.3468361 2.270442 0.2969613 0.3927054 2.238913 0.3138462 0.3799437 2.240705 0.07244322 0.1486787 2.407307 0.08554269 0.07701616 2.412982 0.04808776 0.00422677 2.355695 0.146263 0.008715766 2.474935 -0.00396207 -0.4875126 2.425836 0.1420691 -0.4962851 2.656554 -0.03842755 -0.8755384 2.479969 0.0753065 -0.8393723 2.673731 0.02216715 -0.9387631 2.434982 0.1379621 -0.902342 2.736971
0.05514388 0.6922095 2.363901 0.0123767 0.5098887 2.394997 -0.05035017 0.3682062 2.271487 0.1472989 0.4206642 2.554993 0.0561928 0.192072 2.213284 0.2397443 0.1944402 2.514167 0.2877536 0.337222 2.259792 0.2966054 0.299102 2.331604 0.3068651 0.3972952 2.220201 0.3370587 0.3517359 2.297919 0.07551432 0.1508201 2.413125 0.08974282 0.07990067 2.419965 0.05476981 0.004376265 2.361752 0.1511502 0.01230482 2.484372 -0.004498714 -0.4889876 2.42615 0.141622 -0.4964877 2.656701 -0.03745227 -0.8781533 2.48008 0.07560278 -0.8429849 2.675587 0.02194412 -0.938932 2.435034 0.1234219 -0.8961737 2.757895
0.0544965 0.692286 2.364132 0.01208267 0.5096295 2.395376 -0.05100082 0.3687469 2.272013 0.1471009 0.4198579 2.554514 0.05864393 0.1923177 2.212957 0.2654709 0.1909934 2.462926 0.2950928 0.3347269 2.245296 0.2877421 0.3010035 2.268136 0.3449197 0.3805747 2.214364 0.2981679 0.3549412 2.217901 0.07488225 0.1508615 2.412848 0.08876904 0.07993272 2.419302 0.05346548 0.004549402 2.360279 0.149657 0.01168954 2.483113 -0.005061963 -0.490389 2.427113 0.1374566 -0.4989257 2.649061 -0.03813187 -0.8791053 2.478124 0.07556647 -0.8429913 2.675598 0.02208194 -0.9394737 2.434488 0.1218235 -0.9190393 2.694978
0.05396177 0.6927098 2.36416 0.01034938 0.5100248 2.395163 -0.05245567 0.3692262 2.272694 0.1460826 0.418565 2.552512 0.06870984 0.1897709 2.211835 0.2650374 0.1909049 2.462148 0.3090194 0.3281427 2.235671 0.2873085 0.300915 2.267359 0.3616644 0.3751971 2.212094 0.3809944 0.3649372 2.217126 0.07367571 0.1516879 2.41203 0.08757837 0.08076175 2.418226 0.05205099 0.005367919 2.357996 0.1490271 0.0119021 2.482519 -0.005065375 -0.4903972 2.427119 0.1372297 -0.5002475 2.650698 -0.03847775 -0.8797798 2.479036 0.07522348 -0.842534 2.675284 0.0223195 -0.9393453 2.434612 0.1395459 -0.8983249 2.743404
0.05355084 0.6931778 2.365556 0.009147462 0.5101572 2.395331 -0.05330289 0.3696541 2.273066 0.1458538 0.418526 2.552349 0.06894201 0.19046 2.2113 0.264842 0.1911746 2.462114 0.3171394 0.3163819 2.226629 0.2871132 0.3011847 2.267324 0.3622343 0.3721093 2.20657 0.3686883 0.3420417 2.224668 0.07162429 0.1526012 2.410338 0.08518741 0.08180607 2.415778 0.04848141 0.006976436 2.353183 0.1472956 0.0119969 2.480441 -0.005204297 -0.4900733 2.427304 0.1372679 -0.4999646 2.651103 -0.03781608 -0.8791142 2.480379 0.07566269 -0.8429122 2.675971 0.02227616 -0.9392818 2.434648 0.1397986 -0.8994268 2.74367
0.05282921 0.6933356 2.366081 0.008013782 0.5101131 2.395678 -0.05395574 0.3699853 2.273412 0.1458374 0.4183617 2.552596 0.06899492 0.1915562 2.210417 0.2648824 0.1913133 2.462601 0.3204453 0.3111656 2.224406 0.318908 0.3168344 2.204943 0.3690044 0.3643571 2.205589 0.4142563 0.3462013 2.210767 0.06951502 0.1523658 2.408593 0.08273013 0.08136323 2.413287 0.04514379 0.007213687 2.350228 0.1448917 0.01100367 2.476652 -0.005626352 -0.4908241 2.427466 0.1374315 -0.499919 2.651982 -0.03789471 -0.8792595 2.480085 0.07612645 -0.8414402 2.676621 0.02163483 -0.9396427 2.43322 0.12262 -0.9070117 2.699502
0.05195523 0.6939813 2.367762 0.00751408 0.510234 2.39634 -0.05466631 0.3703769 2.273816 0.1461132 0.4182887 2.553505 0.06951849 0.1918748 2.209788 0.1752734 0.2348024 2.617855 0.3259018 0.3020508 2.216716 0.2683973 0.28629 2.345582 0.4222414 0.3299831 2.204032 0.4165647 0.337416 2.208724 0.0687698 0.1524992 2.407882 0.08185087 0.08146146 2.412172 0.04368589 0.007684249 2.348516 0.1443009 0.01056897 2.475178 -0.005654639 -0.4904238 2.427421 0.1375535 -0.4999352 2.65252 -0.03727207 -0.8784301 2.480369 0.07605986 -0.8400788 2.67686 0.0216384 -0.9396477 2.433235 0.1229246 -0.9072102 2.701111
0.05162356 0.6940291 2.368261 0.007033505 0.510332 2.396317 -0.05498826 0.3708257 2.273774 0.1460571 0.4181336 2.553487 0.0760273 0.1895196 2.207871 0.1748257 0.2341084 2.616863 0.3094518 0.2792698 2.204096 0.2687867 0.2856763 2.34491 0.4017669 0.3195298 2.204782 0.4192668 0.3332507 2.207334 0.06762578 0.1518277 2.40685 0.08059909 0.08047164 2.410914 0.0425603 0.007524843 2.347816 0.1428413 0.009253893 2.473083 -0.006420364 -0.4913504 2.428067 0.137809 -0.49898 2.653703 -0.03778573 -0.8797519 2.479015 0.07609157 -0.8399687 2.676891 0.02209297 -0.9411696 2.431977 0.1227695 -0.9071721 2.700978
0.05115357 0.6944511 2.36833 0.006123618 0.5106422 2.396597 -0.05510497 0.3710554 2.273673 0.1459386 0.4181742 2.553957 0.07352193 0.1903202 2.207525 0.1747125 0.2338945 2.616807 0.3337944 0.2809893 2.242236 0.2752672 0.2832319 2.34691 0.3853296 0.3319024 2.199485 0.4211187 0.3332279 2.206978 0.06691446 0.1514897 2.40636 0.07991849 0.07995647 2.410302 0.04213089 0.007500643 2.347552 0.1419504 0.008520567 2.471892 -0.006586228 -0.4916942 2.428115 0.1384821 -0.4958874 2.653199 -0.03831124 -0.8805093 2.479206 0.0757582 -0.83923 2.677785 0.02225154 -0.9412922 2.431792 0.1302163 -0.8887293 2.75825
0.05080406 0.6944259 2.368388 0.006022143 0.5105913 2.396666 -0.05519387 0.3710329 2.273747 0.1458912 0.4180071 2.553982 0.06928091 0.1905203 2.207555 0.1744553 0.2334548 2.616333 0.3298854 0.2812272 2.240355 0.2721363 0.2794617 2.344713 0.3842956 0.331479 2.200718 0.4210359 0.3333628 2.207119 0.06683664 0.1509346 2.406125 0.07989787 0.07919587 2.409998 0.04212598 0.007343653 2.347452 0.1419709 0.007374404 2.471406 -0.006593991 -0.4918667 2.428231 0.1386117 -0.495626 2.653243 -0.03847487 -0.8797876 2.480418 0.07587443 -0.8390662 2.678182 0.02222157 -0.9412754 2.431781 0.131198 -0.9095184 2.740363
0.05072185 0.6944813 2.368448 0.005925474 0.5106255 2.3966 -0.05536027 0.3710078 2.27405 0.1460284 0.4178973 2.554185 0.05193739 0.1902357 2.207185 0.1744681 0.2332207 2.616314 0.3108429 0.2905124 2.228291 0.2978878 0.2616181 2.353326 0.363706 0.3324021 2.19679 0.4151481 0.3370222 2.206392 0.06651187 0.1506993 2.405663 0.07956064 0.07888268 2.409501 0.04164824 0.007222798 2.346852 0.1417003 0.006649835 2.470915 -0.006571705 -0.4919389 2.428437 0.1386846 -0.4966075 2.654124 -0.03786435 -0.8788685 2.480771 0.07724544 -0.8369464 2.678913 0.0214324 -0.9407314 2.432535 0.1315576 -0.8932232 2.7549
0.05069716 0.6944937 2.368433 0.005937906 0.5106693 2.396595 -0.05562667 0.3708915 2.274283 0.1460236 0.4178853 2.554187 0.05223741 0.1904184 2.207289 0.174346 0.2330427 2.616004 0.308402 0.2978571 2.227266 0.2978006 0.2616352 2.353057 0.3630401 0.3402299 2.199683 0.3267008 0.3562475 2.205789 0.0664899 0.1507044 2.405462 0.07954032 0.07887167 2.409276 0.04166877 0.00714623 2.346012 0.1417095 0.00616723 2.470887 -0.006516838 -0.4916036 2.428245 0.1392142 -0.4951122 2.654132 -0.03823832 -0.8762417 2.480153 0.07674667 -0.836645 2.677842 0.02168519 -0.9403965 2.432521 0.1155939 -0.9043586 2.697887
0.05072845 0.6944314 2.368391 0.006132566 0.5106989 2.396695 -0.05533363 0.3709851 2.274349 0.1461861 0.4179322 2.554422 0.04534278 0.1884991 2.209734 0.1798491 0.2470979 2.639505 0.2946817 0.311163 2.228894 0.2985547 0.2767413 2.374388 0.3553856 0.3479428 2.206447 0.3308518 0.3725402 2.222896 0.06668056 0.1506378 2.405367 0.07976275 0.07878102 2.409159 0.04212713 0.00706537 2.34595 0.1418055 0.006082912 2.470753 -0.007073214 -0.4928316 2.428892 0.1394103 -0.4942033 2.653747 -0.03824897 -0.8771873 2.479922 0.07575887 -0.8378977 2.676632 0.02148807 -0.9407254 2.431937 0.1100856 -0.9107679 2.6794
0.05078428 0.6945651 2.368184 0.007093253 0.5104596 2.39699 -0.05521528 0.3710274 2.274391 0.148819 0.4171822 2.558291 0.04468308 0.1880349 2.209813 0.1836067 0.2499282 2.648341 0.2839298 0.3295918 2.22801 0.3012751 0.278767 2.382646 0.3479353 0.3650737 2.214375 0.3341702 0.3742054 2.229718 0.06718116 0.1505745 2.405447 0.08022919 0.0787435 2.409251 0.04274015 0.006968659 2.346223 0.142223 0.00587162 2.470793 -0.007155604 -0.4936517 2.428828 0.1396424 -0.49368 2.653877 -0.03899238 -0.880798 2.479678 0.07632463 -0.8372043 2.677831 0.02199383 -0.9415898 2.431394 0.1300067 -0.8981007 2.729664
0.05146462 0.6939833 2.366976 0.007957166 0.5102713 2.397316 -0.05484255 0.3705667 2.274626 0.1490595 0.4176854 2.559086 0.04347127 0.1871599 2.210186 0.2498616 0.1928694 2.483299 0.2469443 0.3094524 2.250041 0.2967259 0.3418169 2.255528 0.3228474 0.3730776 2.231763 0.3428233 0.3888388 2.220807 0.06790636 0.1508964 2.405729 0.08099881 0.07920041 2.409593 0.04389068 0.00690332 2.346258 0.1429313 0.005888035 2.471659 -0.007159011 -0.4935192 2.428813 0.1399564 -0.4922324 2.653074 -0.0390459 -0.8767948 2.479217 0.07617616 -0.8397802 2.676122 0.02117531 -0.9400259 2.431221 0.12159 -0.9087216 2.706531
0.05278907 0.6931883 2.36652 0.00880437 0.5100358 2.397374 -0.05454586 0.3701985 2.274724 0.1492339 0.4177237 2.558893 0.04313497 0.1867641 2.210348 0.2467629 0.196593 2.491772 0.2473316 0.3273277 2.246893 0.2972747 0.3502364 2.260618 0.3067477 0.3898402 2.230271 0.3369632 0.4042467 2.228227 0.06883208 0.1512913 2.405697 0.08199514 0.07976254 2.409579 0.04523553 0.006561958 2.345618 0.1440946 0.006270645 2.472348 -0.00713849 -0.4935431 2.428664 0.1400177 -0.4918144 2.652788 -0.03871189 -0.8780316 2.478454 0.07612865 -0.8395583 2.676028 0.02132933 -0.9404174 2.432079 0.1334049 -0.9130976 2.732615
0.05319224 0.6930101 2.365296 0.009488807 0.5097979 2.39644 -0.05402127 0.3697415 2.274415 0.14993 0.4176293 2.558604 0.04328912 0.1868037 2.210416 0.2451782 0.1980568 2.494172 0.2398073 0.3300465 2.246846 0.2928014 0.3501844 2.282359 0.3014082 0.3966726 2.238008 0.3294194 0.4056086 2.248762 0.0691472 0.151341 2.405429 0.08225098 0.07983461 2.409414 0.04537233 0.006608945 2.345649 0.1443808 0.006493574 2.472103 -0.006988552 -0.4923314 2.428056 0.1404985 -0.4900047 2.65199 -0.03925089 -0.8756634 2.478469 0.07631988 -0.8418519 2.676262 0.02259833 -0.9392821 2.435624 0.1327359 -0.9148705 2.729063
0.05480658 0.6930246 2.365452 0.01041429 0.509662 2.396186 -0.05357986 0.3695359 2.274214 0.1486234 0.4194137 2.555398 0.04231975 0.1867343 2.210736 0.2399194 0.2022401 2.493297 0.2008661 0.3149317 2.243812 0.2895058 0.3521383 2.282766 0.2261091 0.3849485 2.245188 0.2109347 0.3929726 2.243486 0.07012066 0.151031 2.405768 0.08327647 0.07947028 2.40994 0.04668195 0.006111957 2.346311 0.1450948 0.006572368 2.472943 -0.006715828 -0.4916962 2.427737 0.1367252 -0.4919202 2.642785 -0.03912249 -0.8755346 2.478327 0.07569782 -0.8415688 2.675788 0.02220222 -0.9389172 2.435694 0.1295769 -0.9137404 2.712413
0.05542187 0.6932449 2.365224 0.01124152 0.5099212 2.395823 -0.05310627 0.3689288 2.273851 0.1478707 0.4212172 2.553097 0.04195629 0.1862007 2.211171 0.2375755 0.2049058 2.492601 0.2001206 0.315514 2.244555 0.186869 0.2996137 2.248382 0.2288208 0.3841941 2.243667 0.1168745 0.3353631 2.208044 0.0708663 0.1505825 2.405996 0.08407995 0.07881642 2.410351 0.0473975 0.005822338 2.347168 0.1454621 0.00652634 2.473155 -0.006291946 -0.4928635 2.429418 0.1387485 -0.489491 2.643923 -0.0397425 -0.878476 2.478054 0.07624638 -0.8414149 2.676709 0.02175062 -0.9399332 2.433458 0.1274414 -0.9129849 2.707014
0.05664618 0.6923809 2.364807 0.01188868 0.5097634 2.395607 -0.05291994 0.3685315 2.2735 0.1475684 0.4215966 2.552123 0.04188677 0.186202 2.211127 0.2397691 0.2060336 2.494131 0.1995637 0.3169122 2.244827 0.2203779 0.3834045 2.265126 0.250186 0.4036692 2.252171 0.1483484 0.437769 2.20217 0.07162075 0.1493442 2.40597 0.08483821 0.07725662 2.410408 0.04768363 0.00535255 2.348129 0.1458565 0.006287659 2.47262 -0.00640362 -0.4931939 2.429349 0.1392776 -0.4916921 2.64582 -0.03937967 -0.8784851 2.478463 0.07661682 -0.8408074 2.677521 0.02151558 -0.9398562 2.43345 0.1312986 -0.8871922 2.759676
0.0578586 0.6928582 2.365381 0.01233655 0.5097792 2.395928 -0.05283578 0.3685225 2.273406 0.14722 0.420131 2.54933 0.04162917 0.1862461 2.211376 0.242118 0.2058656 2.499956 0.1993657 0.317133 2.24484 0.1851158 0.3077956 2.247671 0.2253332 0.3868106 2.241355 0.1151214 0.343545 2.207333 0.07174172 0.1491355 2.405881 0.0849192 0.07698645 2.41024 0.04772005 0.005264906 2.347932 0.1458734 0.005936537 2.47241 -0.006457334 -0.4932417 2.429327 0.1398758 -0.4910851 2.646437 -0.03891761 -0.8788821 2.478284 0.07711042 -0.8400127 2.678 0.02129433 -0.9404399 2.432613 0.1295816 -0.9170815 2.721773
0.05872829 0.6921743 2.365131 0.01257287 0.5098609 2.395981 -0.05268951 0.3685589 2.273362 0.1468819 0.4194003 2.547085 0.04197458 0.185973 2.211411 0.242328 0.2055221 2.501339 0.1996053 0.3159134 2.245196 0.2307832 0.3437286 2.24485 0.2269881 0.3851154 2.24357 0.2059259 0.4138929 2.245537 0.07180096 0.149209 2.4058 0.08495015 0.07708243 2.410125 0.04788073 0.005196387 2.347421 0.1458627 0.005950334 2.472414 -0.006390582 -0.4931327 2.429187 0.1405175 -0.4894638 2.647371 -0.03835378 -0.8792931 2.477908 0.07724367 -0.840153 2.679345 0.02178965 -0.9409279 2.433043 0.1268293 -0.9140447 2.71098
0.05941032 0.6921703 2.36528 0.01291206 0.5098428 2.395894 -0.05262024 0.3685411 2.273351 0.1473489 0.4186788 2.547676 0.04651054 0.1870223 2.211163 0.242688 0.2053141 2.501582 0.2257293 0.3302356 2.245945 0.2776856 0.327057 2.324627 0.2869895 0.403816 2.236734 0.2528283 0.3972212 2.325314 0.07245261 0.1489104 2.405531 0.08563419 0.07674193 2.409828 0.04869167 0.004933444 2.347035 0.1466444 0.005260324 2.472178 -0.00641443 -0.4934199 2.429196 0.1403484 -0.4919069 2.648268 -0.03811486 -0.879768 2.477688 0.07727347 -0.8390168 2.679152 0.02181827 -0.9410044 2.433017 0.1323357 -0.887487 2.759837
0.0594362 0.6921197 2.365442 0.01294772 0.5098565 2.395915 -0.0521971 0.3684283 2.273229 0.150352 0.4194638 2.553303 0.06738672 0.1948196 2.212633 0.2462329 0.2055842 2.500993 0.2279764 0.3169398 2.244552 0.3035022 0.3612928 2.262209 0.293706 0.3929181 2.237474 0.2786449 0.431457 2.262896 0.07258879 0.1494845 2.405384 0.08578353 0.07758294 2.409611 0.04901558 0.005172396 2.345963 0.1468509 0.005209412 2.472486 -0.006691871 -0.4939831 2.429106 0.1404341 -0.4917001 2.648279 -0.03843809 -0.8814246 2.477404 0.07727834 -0.8390104 2.67915 0.02195321 -0.9417354 2.43205 0.1252418 -0.9179276 2.71371
0.0587268 0.6919591 2.364178 0.01273782 0.5099144 2.395616 -0.05200043 0.3684385 2.273201 0.150469 0.4192982 2.554006 0.07419015 0.1951933 2.212351 0.2466026 0.2041982 2.503192 0.2394399 0.3121448 2.241041 0.3014885 0.3602903 2.264082 0.3052937 0.3872576 2.231364 0.2766312 0.4304544 2.264769 0.07295335 0.1497428 2.405468 0.08639279 0.07796998 2.409842 0.0502575 0.005262757 2.346138 0.1477601 0.005291409 2.473333 -0.006677039 -0.4941319 2.429151 0.1405632 -0.4920643 2.648565 -0.03879169 -0.8823124 2.47707 0.07647486 -0.8409811 2.676533 0.0218623 -0.9419011 2.431786 0.1223144 -0.9165553 2.69992
0.05878031 0.6919699 2.36446 0.0128609 0.5099651 2.395752 -0.05178118 0.3687432 2.273265 0.1512184 0.4183519 2.557137 0.07328346 0.1955814 2.210062 0.2476787 0.2018694 2.5079 0.3096505 0.3425723 2.224902 0.2898816 0.306126 2.24893 0.3731437 0.3814294 2.224601 0.2650243 0.3762901 2.249617 0.07297757 0.1497643 2.405464 0.08640473 0.07798564 2.409834 0.05037961 0.005267031 2.346111 0.1476487 0.004917935 2.473276 -0.006616666 -0.4942888 2.429044 0.1406443 -0.4942018 2.650059 -0.03851929 -0.8787493 2.476701 0.07665132 -0.8423413 2.677141 0.02172611 -0.9413986 2.433264 0.1249054 -0.9176891 2.710955
0.05850188 0.6921604 2.364663 0.01266422 0.5101106 2.396067 -0.05164964 0.3692217 2.273277 0.1511399 0.4184891 2.559137 0.06205573 0.1936641 2.205294 0.2446646 0.1999303 2.519866 0.3062165 0.3267953 2.222456 0.303159 0.3174093 2.259276 0.3639686 0.3720057 2.209726 0.2783018 0.3875734 2.259963 0.07308029 0.1499096 2.405567 0.08654971 0.07814419 2.409922 0.050925 0.005305603 2.346234 0.1476822 0.004905348 2.473312 -0.0064274 -0.4939264 2.429052 0.1408507 -0.4932764 2.649647 -0.0388966 -0.8757652 2.476372 0.07674117 -0.8404414 2.67771 0.0225116 -0.9402393 2.435573 0.1233488 -0.9162727 2.706629
0.05801407 0.6930263 2.364933 0.01160041 0.5105955 2.395779 -0.05191296 0.3699566 2.273305 0.1514769 0.4186062 2.560969 0.06527001 0.195245 2.202733 0.1938915 0.2294715 2.606539 0.3158302 0.3166844 2.216614 0.2890924 0.3054169 2.341157 0.3705903 0.3639725 2.199107 0.3177347 0.4080893 2.207648 0.07281385 0.1502757 2.405384 0.08635383 0.07849623 2.409752 0.05053043 0.00588223 2.345932 0.1476944 0.004914971 2.473295 -0.006438747 -0.4939401 2.429004 0.1405933 -0.4934894 2.649316 -0.03904162 -0.875932 2.476544 0.07625687 -0.8403624 2.676781 0.02216442 -0.9398991 2.43554 0.1253982 -0.8890085 2.761103
0.05729731 0.6932632 2.366337 0.011585 0.5106953 2.395945 -0.05223608 0.3708665 2.273348 0.1513545 0.4190797 2.561984 0.06774847 0.195693 2.201132 0.1955634 0.2332799 2.614785 0.3224086 0.309179 2.210996 0.2875658 0.303167 2.346479 0.3777438 0.3569457 2.196935 0.3167628 0.4043287 2.20516 0.07271464 0.1503102 2.405351 0.0861965 0.07852519 2.409671 0.05039437 0.005930148 2.345886 0.1473397 0.004617956 2.473001 -0.006588931 -0.4941703 2.42915 0.139883 -0.4955626 2.649991 -0.03739304 -0.8797819 2.479388 0.07790344 -0.8437378 2.678623 0.02202331 -0.9399744 2.435649 0.1290774 -0.893357 2.761151
0.05631796 0.6932783 2.367195 0.01141229 0.5107655 2.395907 -0.05275494 0.3712624 2.273391 0.151333 0.4191848 2.56252 0.08071998 0.192714 2.196509 0.1978119 0.2370647 2.622254 0.3351006 0.3061622 2.209389 0.2840954 0.2950426 2.349009 0.387029 0.357722 2.19574 0.3106576 0.3899408 2.203281 0.07268018 0.1503474 2.405357 0.0861725 0.07855576 2.409681 0.05037587 0.005918133 2.345959 0.147339 0.004607182 2.472996 -0.00667162 -0.4943315 2.429093 0.139952 -0.4955819 2.650121 -0.03741967 -0.8797277 2.479344 0.07749652 -0.8428206 2.678205 0.02132741 -0.9398162 2.435216 0.1300922 -0.9109327 2.710549
0.05569447 0.6935483 2.367279 0.01094137 0.5111286 2.395719 -0.0528883 0.3717685 2.273322 0.1507913 0.4190911 2.561283 0.0778323 0.1959625 2.196011 0.2663438 0.1907516 2.535713 0.3350057 0.302993 2.208629 0.3203331 0.3005605 2.270616 0.389034 0.352197 2.194447 0.2954761 0.3707237 2.271303 0.07236175 0.1503414 2.405157 0.08584618 0.07848201 2.409466 0.05020273 0.005886596 2.345846 0.1468118 0.004255907 2.472655 -0.006736615 -0.4945789 2.429111 0.139949 -0.495841 2.650519 -0.03754151 -0.879977 2.479472 0.07705886 -0.8422988 2.678143 0.02129371 -0.9399238 2.435298 0.1302538 -0.8947799 2.757564
0.05491791 0.6942044 2.367748 0.01027299 0.5115758 2.395374 -0.05286005 0.3719168 2.27335 0.1512876 0.4199179 2.562544 0.07707807 0.1957982 2.196108 0.266024 0.191407 2.536061 0.3343174 0.3021699 2.210693 0.3147081 0.2958275 2.26761 0.3882225 0.3508044 2.19426 0.2898513 0.3659903 2.268297 0.072385 0.1512453 2.405253 0.0860209 0.07957302 2.409679 0.05056046 0.006261653 2.345965 0.1471301 0.004784931 2.473108 -0.007066115 -0.4953629 2.429055 0.1399628 -0.4952398 2.650377 -0.03715208 -0.8811445 2.480364 0.07664195 -0.8440759 2.676658 0.02099222 -0.9403017 2.435753 0.1235239 -0.9098468 2.712703
0.05437808 0.6943586 2.36784 0.01020643 0.5115989 2.395243 -0.05274418 0.3720275 2.273348 0.1518361 0.4207518 2.564148 0.07487682 0.195726 2.197208 0.2657869 0.1921164 2.53675 0.3310961 0.3042127 2.213001 0.3136545 0.2994871 2.269372 0.3853515 0.3515547 2.194127 0.2887976 0.3696499 2.270058 0.07213836 0.1513137 2.40492 0.0857188 0.0796344 2.409296 0.05035449 0.00636819 2.345854 0.1466405 0.004713945 2.472246 -0.007152092 -0.4951618 2.429042 0.1398674 -0.4952497 2.65057 -0.03701504 -0.8805336 2.480796 0.07672337 -0.8443199 2.676643 0.02102989 -0.940271 2.435769 0.1308165 -0.9069738 2.723669
0.05448231 0.6943964 2.368033 0.01050728 0.5115373 2.395186 -0.05239168 0.3719509 2.273244 0.1502469 0.4199309 2.560442 0.06647024 0.1885957 2.199626 0.2647109 0.1927246 2.536134 0.3182078 0.3068114 2.216604 0.3051689 0.3009308 2.267823 0.374403 0.3516322 2.197256 0.280312 0.3710936 2.268511 0.07224578 0.1507786 2.404523 0.08575851 0.07887802 2.408757 0.05044744 0.006141534 2.345691 0.1462616 0.004152527 2.471308 -0.007171361 -0.4952754 2.429021 0.1402181 -0.4933157 2.649641 -0.03699671 -0.880333 2.480491 0.07577912 -0.844947 2.675005 0.02114626 -0.9402996 2.435816 0.1212686 -0.9072838 2.713506
0.05461188 0.6944571 2.368099 0.01065378 0.5115359 2.395178 -0.05211581 0.3719423 2.27323 0.1507115 0.4195033 2.560338 0.06678957 0.1888777 2.199734 0.2650292 0.1928817 2.536756 0.2728993 0.3067822 2.217829 0.3098009 0.3210106 2.278609 0.3594529 0.3582576 2.219068 0.2849441 0.3911734 2.279296 0.07227582 0.1507569 2.40431 0.08575715 0.07884456 2.408471 0.05043963 0.006014779 2.345081 0.1462645 0.003939422 2.471089 -0.007555066 -0.4957552 2.429309 0.1402681 -0.4931214 2.649576 -0.03670381 -0.8814487 2.480399 0.07610722 -0.8458873 2.675423 0.02117353 -0.9415017 2.434115 0.1224609 -0.9081204 2.715528
0.05724418 0.6940883 2.367854 0.01086141 0.511682 2.394838 -0.05170264 0.3719082 2.273057 0.1508835 0.4178975 2.558051 0.07064565 0.1912505 2.201458 0.2667644 0.2130309 2.503897 0.2675432 0.3093404 2.219348 0.3099815 0.3444152 2.247202 0.3475701 0.3703529 2.223343 0.3243872 0.3882099 2.166135 0.0725774 0.1509824 2.404143 0.08607874 0.07908458 2.408344 0.0509417 0.006000612 2.344595 0.1467418 0.004216427 2.471412 -0.007709492 -0.4960623 2.429353 0.1402838 -0.4923262 2.649133 -0.03666053 -0.8818526 2.479644 0.07658532 -0.8466695 2.675896 0.02111083 -0.9415736 2.433317 0.120653 -0.9058815 2.719498
0.05796462 0.6933635 2.367712 0.01161019 0.5116264 2.394526 -0.05125951 0.3716232 2.272941 0.1515784 0.4161774 2.557311 0.07497065 0.1938837 2.20324 0.2535584 0.2061324 2.515448 0.2544377 0.3163349 2.224905 0.3178271 0.3538758 2.273223 0.3147815 0.3868721 2.228485 0.33925 0.4031236 2.19698 0.07340433 0.1509424 2.404306 0.08695422 0.07903928 2.40863 0.05207767 0.005366096 2.344758 0.1479416 0.004222889 2.472372 -0.007676119 -0.4959092 2.429139 0.1404371 -0.4907309 2.648138 -0.03657522 -0.8805289 2.480785 0.0768127 -0.8466418 2.676429 0.02099293 -0.9412979 2.433972 0.1365075 -0.9051456 2.746469
0.05853628 0.6934274 2.367541 0.0120926 0.5115479 2.394236 -0.05105161 0.3714476 2.272763 0.1516475 0.4161257 2.55708 0.07506999 0.1930697 2.203153 0.2521664 0.205806 2.516767 0.2469948 0.3215248 2.229873 0.3113759 0.356429 2.275056 0.3135222 0.3922797 2.231469 0.3311124 0.4066367 2.198985 0.0735217 0.1518354 2.403937 0.08696374 0.08031613 2.408212 0.05197373 0.006057842 2.343406 0.1480083 0.004718111 2.47271 -0.007645202 -0.4960879 2.42912 0.140481 -0.49047 2.648109 -0.03606974 -0.8817598 2.481861 0.07777318 -0.8471713 2.678234 0.01999822 -0.9406872 2.435414 0.1382175 -0.9055549 2.747729
0.05901016 0.6930968 2.367095 0.01272628 0.5114031 2.394236 -0.0502771 0.3707501 2.272358 0.1514248 0.4162108 2.556252 0.07162534 0.1927808 2.203432 0.2646995 0.1681379 2.467275 0.236941 0.3291737 2.23556 0.1869476 0.2803266 2.235569 0.2939853 0.4116748 2.244633 0.1222418 0.3152159 2.247275 0.07365387 0.1517005 2.403925 0.08705157 0.08015957 2.408207 0.05196702 0.006053367 2.343406 0.1480347 0.004742248 2.472716 -0.007621466 -0.4961142 2.429128 0.141732 -0.4873857 2.646948 -0.03609157 -0.8818041 2.481661 0.07485827 -0.832269 2.673644 0.01956476 -0.9403856 2.435396 0.1233328 -0.8999496 2.720412
0.0591595 0.6929686 2.366973 0.01347064 0.5110929 2.393994 -0.05020084 0.3706255 2.272169 0.1501075 0.4166799 2.551598 0.06628183 0.1935449 2.203489 0.2471141 0.2099649 2.517097 0.22808 0.3293228 2.237753 0.2896333 0.3797145 2.285306 0.2835078 0.413087 2.245113 0.2249272 0.4146039 2.297013 0.07372055 0.1505175 2.403524 0.08691832 0.07857286 2.407736 0.0515465 0.005669047 2.343529 0.1477558 0.00435359 2.471863 -0.007640057 -0.4962789 2.429046 0.1418162 -0.487699 2.647245 -0.03638094 -0.882509 2.480348 0.07636943 -0.8329078 2.675111 0.02003373 -0.9412895 2.433585 0.1268293 -0.9038216 2.722712
0.05935844 0.6928612 2.366799 0.01381453 0.5110165 2.393928 -0.05009763 0.3704777 2.271986 0.1493068 0.4171416 2.549629 0.06641402 0.1926498 2.203715 0.259836 0.226291 2.498887 0.2152886 0.3269297 2.240893 0.1797643 0.2873832 2.231578 0.2294953 0.3999486 2.243641 0.1150586 0.3222724 2.243285 0.07374855 0.1504357 2.40348 0.08691476 0.07848166 2.407694 0.05144869 0.005632642 2.343532 0.1477055 0.004484624 2.471756 -0.007523476 -0.494975 2.42861 0.1422765 -0.4854958 2.647108 -0.03687519 -0.8812859 2.480521 0.07638354 -0.8330995 2.675269 0.01983422 -0.9409802 2.434148 0.1341881 -0.9015509 2.731635
0.05967807 0.6927679 2.366625 0.01429369 0.5110873 2.393715 -0.05020321 0.370426 2.271836 0.148903 0.4177707 2.547932 0.05519429 0.1909762 2.204456 0.2599019 0.2247531 2.500172 0.2082099 0.3214436 2.239198 0.2113937 0.3980796 2.272481 0.2258258 0.3937376 2.241284 0.1466881 0.4329688 2.284187 0.07392755 0.1497597 2.403498 0.08703205 0.07749581 2.407796 0.05087998 0.005076564 2.344823 0.147786 0.004650919 2.471238 -0.006909115 -0.4936085 2.427908 0.1425775 -0.4837454 2.646128 -0.03700684 -0.8787352 2.48025 0.07666273 -0.8360325 2.675184 0.02052237 -0.9401683 2.435243 0.1330454 -0.9037586 2.730469
0.05960535 0.6927583 2.366246 0.01452454 0.5110253 2.393631 -0.05019562 0.370324 2.271748 0.1465681 0.4198018 2.546512 0.0514961 0.191218 2.204341 0.2547419 0.2189783 2.504347 0.2060669 0.3198739 2.238988 0.1973751 0.3479361 2.249287 0.2251465 0.3917978 2.240983 0.1326698 0.3828251 2.260993 0.07386917 0.1496358 2.403437 0.08690807 0.07734346 2.407735 0.0507229 0.005084846 2.344822 0.147398 0.004775594 2.47104 -0.006792637 -0.4931554 2.427672 0.1429 -0.4831371 2.646199 -0.03683195 -0.8784949 2.480038 0.07690124 -0.8357581 2.675699 0.02067979 -0.9402743 2.434546 0.128102 -0.8864769 2.75754
0.05923591 0.6929978 2.365387 0.01465681 0.5109226 2.393414 -0.05022001 0.3702596 2.271735 0.1448323 0.4209473 2.545214 0.05149538 0.1911199 2.204491 0.2527961 0.2178221 2.504325 0.2099929 0.3208382 2.240082 0.1919625 0.2923876 2.237653 0.2316716 0.3920267 2.241882 0.1272575 0.3272765 2.24936 0.0738769 0.1496269 2.403419 0.08690885 0.07734307 2.407733 0.05072555 0.005076929 2.344821 0.1472895 0.005165044 2.471049 -0.006567276 -0.4923949 2.427618 0.1425463 -0.4844739 2.645455 -0.03660471 -0.8778996 2.480863 0.07670028 -0.8410943 2.674696 0.02054827 -0.9401338 2.434793 0.1099315 -0.9088656 2.705794
0.05926805 0.6930465 2.365421 0.01471671 0.5108637 2.393441 -0.05008265 0.3700721 2.271672 0.1498182 0.4223748 2.55249 0.04924053 0.1910259 2.204809 0.2501944 0.2146575 2.507113 0.2266397 0.3314288 2.240031 0.2927526 0.3711492 2.265641 0.2976056 0.4026752 2.234524 0.2280476 0.4060381 2.277348 0.07367875 0.1509053 2.403365 0.08654098 0.07938775 2.407654 0.05023572 0.005818851 2.344353 0.1473501 0.006527687 2.471391 -0.006114041 -0.4899694 2.427149 0.1414533 -0.4858694 2.643405 -0.03651518 -0.8773727 2.480751 0.07943041 -0.8386359 2.686299 0.0207856 -0.9398658 2.435182 0.1210984 -0.9129992 2.720865
0.05905174 0.6932575 2.36535 0.01468196 0.5107437 2.39314 -0.04983549 0.3699931 2.271813 0.1501288 0.4215887 2.552653 0.04807933 0.1905892 2.204784 0.2465305 0.2092801 2.50616 0.2326395 0.3306575 2.238331 0.3013083 0.3618059 2.271447 0.3009508 0.4019697 2.233699 0.3195676 0.4126478 2.197708 0.07291196 0.1530222 2.402736 0.08549903 0.08237907 2.406993 0.04956885 0.006740557 2.341266 0.1467044 0.007226944 2.47266 -0.006294247 -0.4900163 2.427281 0.1414677 -0.4857651 2.643378 -0.03632246 -0.8772447 2.480507 0.07903079 -0.8382197 2.684887 0.02094499 -0.9400547 2.434784 0.1221545 -0.9110567 2.715852
0.05851353 0.6931331 2.365315 0.01466146 0.5106761 2.393166 -0.04969867 0.3699624 2.271884 0.1504157 0.4202069 2.552799 0.06822909 0.1990066 2.208749 0.2463145 0.2089224 2.50622 0.2425722 0.3226321 2.239969 0.3045955 0.3610044 2.273618 0.306952 0.3909488 2.228475 0.3240224 0.4116983 2.200583 0.07280252 0.1530538 2.402769 0.08537748 0.08239994 2.407033 0.049424 0.006704936 2.3413 0.146477 0.007352608 2.472748 -0.006253719 -0.4899631 2.427189 0.1416391 -0.4867538 2.644707 -0.03658175 -0.8778722 2.479512 0.0793219 -0.8399436 2.683661 0.02114268 -0.9403468 2.434127 0.129456 -0.9085002 2.730634
