0.07801431 0.6130889 2.174187 0.07067291 0.4247178 2.200338 0.002952539 0.2848341 2.091408 0.2268413 0.3303362 2.302115 0.06722368 0.1055459 2.004536 0.3287087 0.09615289 2.223142 0.2647873 0.1622811 1.984857 0.2281435 0.1300286 1.990314 0.347272 0.1967649 1.985435 0.2668426 0.1735081 1.940259 0.09238507 0.09006227 2.205178 0.1224625 0.02889238 2.180497 0.08417046 -0.0307591 2.139837 0.1767135 -0.03755066 2.210592 0.02528497 -0.5306361 2.219535 0.1963274 -0.5488047 2.401258 -0.03906701 -0.8713101 2.270377 0.1701318 -0.8781014 2.474481 0.01451762 -0.9138125 2.219949 0.242451 -0.9332563 2.493319
0.07586211 0.612227 2.173341 0.07030619 0.4242954 2.199921 0.003088357 0.284382 2.091316 0.2265478 0.3301089 2.301682 0.06741687 0.1050564 2.005055 0.3313073 0.1138815 2.225905 0.2645628 0.1632511 1.986956 0.2312571 0.146625 1.992575 0.3460604 0.2000046 1.986209 0.2699561 0.1901046 1.94252 0.09185537 0.08941764 2.20475 0.1219698 0.0282154 2.180052 0.08364621 -0.03144636 2.139255 0.1763312 -0.0380385 2.210336 0.02522807 -0.5308304 2.219514 0.1963243 -0.5488288 2.401239 -0.03913756 -0.8718343 2.270829 0.1701396 -0.8775017 2.473822 0.01444796 -0.9143359 2.220401 0.2424538 -0.9332187 2.493218
0.07551067 0.6118098 2.173338 0.07050738 0.4238911 2.199757 0.003359514 0.28426 2.091229 0.2269597 0.3303763 2.302331 0.06754269 0.1047672 2.005448 0.3268996 0.1195966 2.224326 0.2656252 0.1753608 1.994368 0.2270764 0.1523415 1.990927 0.3430945 0.2198148 1.990413 0.2657754 0.1958211 1.940872 0.091818 0.08940291 2.204738 0.1219795 0.02821286 2.18005 0.08366324 -0.03153642 2.139177 0.17639 -0.03806088 2.210402 0.02511194 -0.5310776 2.219487 0.1960301 -0.5492753 2.401249 -0.03913718 -0.8719199 2.2708 0.1699579 -0.8774922 2.474135 0.01452412 -0.9144082 2.22044 0.2421955 -0.9327322 2.492325
0.07419275 0.6103381 2.171789 0.07052179 0.4233227 2.199265 0.003746263 0.2840548 2.0911 0.226558 0.3301156 2.30172 0.06708002 0.10504 2.005623 0.3268894 0.1263035 2.232842 0.2623932 0.1856347 1.995644 0.2271947 0.1590942 1.999362 0.3325682 0.2404463 1.987615 0.2658938 0.2025738 1.949308 0.09164847 0.08931751 2.20458 0.1218105 0.02815089 2.179955 0.08344433 -0.03167576 2.138849 0.1761491 -0.03809863 2.210498 0.02487216 -0.5309727 2.218999 0.1959935 -0.5493435 2.401249 -0.03908558 -0.8718415 2.270695 0.1694753 -0.8780442 2.474349 0.014612 -0.9143219 2.220367 0.2424115 -0.9325964 2.493144
0.07344008 0.6097283 2.170699 0.07116943 0.4224256 2.198907 0.004448938 0.2834024 2.090822 0.2197638 0.3329855 2.293515 0.06657114 0.1054617 2.006001 0.325022 0.1279928 2.239934 0.2840368 0.2380856 2.002656 0.1635955 0.1299928 2.018423 0.3332709 0.2818896 1.997752 0.1815274 0.1737297 1.941577 0.09184496 0.08907421 2.204635 0.1218253 0.02792459 2.179988 0.0836683 -0.03176621 2.138532 0.1756838 -0.03870993 2.211356 0.0249779 -0.5308473 2.218932 0.1965071 -0.5459532 2.400494 -0.03902148 -0.8717445 2.270564 0.1693389 -0.8780661 2.474116 -0.009027369 -0.9289777 2.302841 0.2428486 -0.9327435 2.493872
0.07258824 0.6089083 2.169602 0.0713525 0.4216763 2.198194 0.004738108 0.2833046 2.090479 0.2158479 0.3354153 2.289795 0.06597156 0.1071314 2.005396 0.3253664 0.1300497 2.244262 0.2582536 0.2306399 1.998944 0.1657231 0.1306656 2.021372 0.3104011 0.2792416 1.994744 0.1820401 0.1742315 1.941927 0.09186712 0.08901472 2.204439 0.1217761 0.02787364 2.179933 0.08373035 -0.03164345 2.138489 0.1751964 -0.03839778 2.211316 0.02533937 -0.5289365 2.218322 0.1962925 -0.5467274 2.401154 -0.03884692 -0.8711534 2.270212 0.1693425 -0.8782954 2.476053 0.01457862 -0.9136698 2.219626 0.2415011 -0.9332703 2.494119
0.06688158 0.6070367 2.168518 0.07129095 0.4215739 2.198008 0.004847256 0.2828768 2.089967 0.2162132 0.345692 2.294162 0.06563363 0.1075506 2.004806 0.3241568 0.1321643 2.247319 0.2484817 0.2290308 1.999404 0.1661041 0.1317885 2.023227 0.3009172 0.2953617 1.992324 0.1818045 0.1752134 1.942494 0.09140806 0.08979449 2.20409 0.1212332 0.02908932 2.179876 0.0834622 -0.03096997 2.138337 0.174392 -0.03663335 2.21153 0.02541959 -0.5288678 2.218387 0.1962935 -0.5467336 2.40124 -0.03921577 -0.8706602 2.27043 0.1694064 -0.8777298 2.475356 0.0145881 -0.9131156 2.220194 0.2446624 -0.932534 2.492072
0.06359373 0.6063387 2.168143 0.07187787 0.4200878 2.196408 0.004781147 0.2825238 2.08935 0.2097459 0.349495 2.287858 0.06524903 0.1076453 2.002559 0.323424 0.1445247 2.239214 0.2405631 0.2312385 1.998689 0.1674684 0.1452798 2.013569 0.2930897 0.2998805 1.99173 0.1820789 0.1888761 1.930709 0.09155495 0.08973224 2.203552 0.1211744 0.02900404 2.179631 0.08356261 -0.03083776 2.138509 0.1732533 -0.0347675 2.209801 0.02557481 -0.5276809 2.218057 0.1966446 -0.544462 2.400474 -0.03935624 -0.870393 2.270325 0.1697297 -0.8772715 2.474457 -0.01634908 -0.9304125 2.303271 0.248136 -0.9327276 2.492533
0.06129745 0.606329 2.167467 0.07206683 0.419771 2.19592 0.004640616 0.2818386 2.088524 0.2063628 0.3487699 2.283819 0.0651877 0.1071133 2.001374 0.3231636 0.1465155 2.237974 0.2373272 0.2323423 1.998964 0.1673742 0.1469647 2.012206 0.2867468 0.3006362 1.993595 0.1819954 0.1905137 1.929307 0.09167354 0.08958916 2.203056 0.1210936 0.0288346 2.179353 0.08360684 -0.03084587 2.138485 0.172697 -0.03418481 2.209296 0.0256039 -0.5278301 2.218079 0.1966066 -0.5453025 2.400877 -0.03938301 -0.8706487 2.270301 0.1698425 -0.8771509 2.474373 0.01430748 -0.9131152 2.219954 0.2483368 -0.9323043 2.492983
0.05933227 0.6060655 2.166226 0.0725487 0.419475 2.196166 0.004623238 0.2816754 2.088337 0.2061391 0.3508925 2.284718 0.0641918 0.106816 2.000612 0.3229178 0.1472044 2.237436 0.2367384 0.2319988 1.998984 0.1750189 0.1559459 2.006278 0.2864421 0.3015232 1.992957 0.191489 0.2007394 1.923473 0.09165038 0.08970498 2.202854 0.1208497 0.02903892 2.179291 0.08341754 -0.03065183 2.138317 0.1721453 -0.03376681 2.209427 0.0255976 -0.5278063 2.218003 0.1959851 -0.5466549 2.40143 -0.03946374 -0.8710337 2.270798 0.1701757 -0.8783374 2.476412 0.01435762 -0.913479 2.220573 0.2469398 -0.9333763 2.495381
0.0577483 0.6057829 2.165689 0.0724319 0.4193263 2.195996 0.004375518 0.2813532 2.088303 0.206392 0.349597 2.284304 0.06391557 0.1065123 2.000499 0.3231513 0.1475638 2.237317 0.2356151 0.226487 2.000293 0.1739386 0.1511813 2.006911 0.2872176 0.2977633 1.991838 0.2027645 0.1949002 1.942488 0.09172105 0.0897921 2.202673 0.1207663 0.02913886 2.179211 0.08338294 -0.03059912 2.138163 0.1720985 -0.03364997 2.2095 0.02559303 -0.527837 2.217974 0.1958641 -0.5468923 2.401259 -0.03944863 -0.8711102 2.270771 0.1702408 -0.8781099 2.476364 0.01427487 -0.913571 2.220454 0.2467677 -0.9335244 2.494917
0.05616923 0.6050127 2.165298 0.07212108 0.4192937 2.195847 0.004276075 0.281271 2.088377 0.2088982 0.3481277 2.286596 0.0613009 0.1055774 2.00062 0.3256375 0.1399305 2.24705 0.2381067 0.2213827 1.998979 0.1731356 0.1354451 2.018959 0.2905989 0.2781835 1.988654 0.208837 0.1788365 1.964681 0.09169362 0.09000699 2.202539 0.1206421 0.02940696 2.179256 0.08330965 -0.03064628 2.137901 0.1721984 -0.03364127 2.210258 0.02558943 -0.5278703 2.217964 0.1958085 -0.5474074 2.401219 -0.03943528 -0.8711208 2.270766 0.1699124 -0.8788079 2.476871 0.01430564 -0.913579 2.220465 0.2437094 -0.9336728 2.495082
0.05391919 0.6039949 2.164823 0.07150561 0.41911 2.195824 0.003178978 0.2804091 2.087939 0.213425 0.3452979 2.29102 0.05688477 0.103445 2.000838 0.334132 0.130728 2.256712 0.2473844 0.209304 1.996837 0.2000498 0.1358591 2.016681 0.3082997 0.2541423 1.988927 0.2361825 0.1794369 1.962286 0.09157722 0.0899672 2.202369 0.1204836 0.02938916 2.179218 0.0828497 -0.03089939 2.137965 0.1722607 -0.03370033 2.21019 0.0255751 -0.5279043 2.217936 0.1958543 -0.5477201 2.401063 -0.03953752 -0.8709719 2.270366 0.1701795 -0.8773243 2.474847 0.01421736 -0.9134292 2.220079 0.243518 -0.933843 2.494675
0.05267847 0.6033478 2.164925 0.07049824 0.4190705 2.195478 0.002418479 0.2797635 2.087788 0.2172193 0.3425406 2.29397 0.05844623 0.1030156 2.002166 0.3364497 0.1250852 2.258857 0.2566423 0.1865429 1.995007 0.203647 0.1335901 2.018176 0.3319551 0.2271989 1.980309 0.2385823 0.1773107 1.961676 0.09114785 0.09040961 2.202204 0.119947 0.02991734 2.179213 0.08214957 -0.03128708 2.137368 0.1722819 -0.03379744 2.210646 0.0254627 -0.5283828 2.217754 0.1962504 -0.5500695 2.401679 -0.0395259 -0.8710035 2.270377 0.1702322 -0.8774338 2.474966 0.01413693 -0.913476 2.220004 0.2434321 -0.9339134 2.494457
0.04838574 0.6032802 2.16535 0.06858177 0.41866 2.194812 0.0005265356 0.2794036 2.087635 0.2201579 0.3391186 2.297331 0.06006343 0.1034112 2.003195 0.3114548 0.196265 2.367166 0.2642674 0.1693494 1.991663 0.1779702 0.2414603 2.131268 0.3401132 0.2163187 1.986195 0.1898083 0.2940345 2.036411 0.09048633 0.09072677 2.201925 0.1192526 0.03033357 2.179169 0.08100232 -0.0321466 2.136562 0.1722933 -0.03400012 2.211108 0.02522083 -0.5294509 2.217743 0.1962144 -0.550319 2.401563 -0.039464 -0.8712205 2.270522 0.1701045 -0.8782322 2.475435 0.01415465 -0.9137021 2.22011 0.2436217 -0.9340222 2.494931
0.04677708 0.6033217 2.165607 0.06732038 0.4186176 2.194695 0.0001764938 0.2794024 2.08768 0.2230217 0.3358017 2.29939 0.06270549 0.1038481 2.004104 0.3125776 0.1899452 2.366298 0.2654587 0.1522492 1.988384 0.1789836 0.2375962 2.13098 0.3472409 0.1883732 1.988714 0.1899885 0.2909538 2.034892 0.08985704 0.09043958 2.201761 0.1185748 0.03000513 2.179186 0.0795056 -0.03432211 2.135955 0.172177 -0.03488338 2.211647 0.02491365 -0.5304234 2.217373 0.1963558 -0.5480799 2.400481 -0.03933227 -0.8712143 2.270457 0.1703777 -0.8778338 2.475203 0.01424878 -0.9137031 2.22001 0.2442869 -0.9337707 2.494294
0.04527229 0.6028698 2.166195 0.0659119 0.4189073 2.194196 -0.0007379653 0.2791095 2.08737 0.2260481 0.3314924 2.301256 0.06421261 0.1031192 2.003943 0.3146087 0.1848838 2.367931 0.2672517 0.1470211 1.986821 0.181003 0.2345911 2.133074 0.3491837 0.1825841 1.990801 0.1906654 0.2888736 2.034859 0.08892067 0.0892567 2.201376 0.1174668 0.02830115 2.17901 0.07770868 -0.03675292 2.136071 0.1721409 -0.03746349 2.211551 0.02498523 -0.5309081 2.217459 0.1964435 -0.548411 2.400496 -0.03933422 -0.8715374 2.270653 0.1706628 -0.8769248 2.474471 0.01416737 -0.9140373 2.220132 0.2438373 -0.9334716 2.493748
0.04468353 0.6028149 2.166247 0.06355497 0.4194878 2.193179 -0.001243629 0.2789244 2.087101 0.2265508 0.3308694 2.302019 0.06491334 0.1028364 2.003515 0.3148618 0.1838998 2.368358 0.2668648 0.1449497 1.986775 0.1812753 0.2337397 2.133521 0.3490387 0.1799488 1.99077 0.1909831 0.2880358 2.035378 0.08815815 0.08892011 2.20085 0.1167392 0.02787567 2.17881 0.07689121 -0.03754955 2.135895 0.1719948 -0.03787815 2.21154 0.02507617 -0.5309145 2.217215 0.1964745 -0.5487466 2.400691 -0.0393776 -0.8715241 2.270641 0.1704909 -0.8772618 2.474821 0.01414971 -0.9140216 2.220144 0.2439016 -0.9334658 2.494678
0.04330187 0.6030664 2.166855 0.06294557 0.4194546 2.192939 -0.0013579 0.2786638 2.086943 0.2267853 0.3307668 2.302355 0.06521909 0.1027891 2.003278 0.3151189 0.1837295 2.368562 0.2669638 0.145055 1.986712 0.1814668 0.2340668 2.133878 0.3489513 0.1805364 1.990261 0.1908013 0.2886059 2.035174 0.08776025 0.08922396 2.200516 0.1162189 0.02820377 2.178724 0.07640035 -0.03787998 2.135063 0.1717959 -0.0379888 2.212075 0.02510652 -0.530911 2.217192 0.1965219 -0.5488316 2.400726 -0.03926861 -0.8716402 2.270703 0.1705528 -0.8772423 2.474914 0.01427932 -0.9141346 2.220225 0.2437683 -0.9334279 2.494386
0.0432842 0.6030506 2.166893 0.06264825 0.4193418 2.192688 -0.001591215 0.2785225 2.086587 0.2264233 0.3311 2.302262 0.06518941 0.1029026 2.003099 0.3354697 0.1325718 2.199697 0.2638316 0.1519164 1.988439 0.2071571 0.1446623 1.956622 0.3426689 0.1940787 1.987706 0.2404682 0.1886496 1.896918 0.08780555 0.08925088 2.200242 0.1161513 0.0282081 2.178691 0.07638653 -0.03780038 2.135165 0.1717608 -0.03792739 2.211986 0.02510229 -0.5314472 2.217449 0.1966843 -0.5489361 2.401123 -0.03927425 -0.8717004 2.270773 0.1704683 -0.8772359 2.474905 0.01431299 -0.9141887 2.220331 0.2438434 -0.9333523 2.493963
0.0430523 0.6032021 2.166784 0.06263336 0.4192826 2.192722 -0.001814671 0.2784376 2.086067 0.2241499 0.3323483 2.300565 0.06379876 0.1037697 2.002725 0.3420743 0.1399437 2.208898 0.2599611 0.1697274 1.98965 0.2137618 0.1520342 1.965824 0.3351652 0.2178217 1.984668 0.2470728 0.1960214 1.906119 0.08767969 0.0893074 2.200058 0.1158306 0.02825601 2.1787 0.0761847 -0.03764063 2.135255 0.1712949 -0.03768462 2.21198 0.0251076 -0.5314003 2.217426 0.1967364 -0.547767 2.401044 -0.03926095 -0.8717834 2.270858 0.1705306 -0.8777066 2.474715 0.01438504 -0.9142618 2.22047 0.2428591 -0.9337057 2.494585
0.04334205 0.6035864 2.166975 0.06259396 0.4192802 2.192704 -0.001683208 0.2784598 2.085985 0.2174195 0.3371024 2.29557 0.0635758 0.1042471 2.002346 0.3427362 0.1485629 2.212035 0.2531594 0.1873877 1.992706 0.2144239 0.1606534 1.968962 0.320928 0.2454225 1.986965 0.2477347 0.2046407 1.909256 0.08783576 0.08943749 2.199909 0.1159112 0.028426 2.178764 0.07708785 -0.03681525 2.135476 0.1711874 -0.03694871 2.212292 0.02511508 -0.5312445 2.217545 0.1965655 -0.548703 2.402056 -0.03921776 -0.8718495 2.270884 0.1703892 -0.8769817 2.474205 0.01448036 -0.9143199 2.220545 0.2482716 -0.9322829 2.491918
0.0439645 0.6038719 2.166713 0.06259014 0.4192814 2.192703 -0.001787531 0.2787091 2.085742 0.2160552 0.3391698 2.295124 0.06336353 0.1047467 2.001232 0.326781 0.1450685 2.243625 0.2463432 0.2051048 1.994851 0.1984689 0.1571589 2.000552 0.301967 0.26739 1.989582 0.2317794 0.2011462 1.940846 0.08790473 0.09036025 2.199788 0.1159008 0.029718 2.178874 0.07754101 -0.03545362 2.134951 0.1710995 -0.03599874 2.213075 0.02521371 -0.5311997 2.218125 0.1964515 -0.54568 2.401725 -0.03926583 -0.8717873 2.270885 0.1703923 -0.8788942 2.475628 0.01451367 -0.9142454 2.220622 0.2447021 -0.9351218 2.496629
0.04419924 0.603917 2.166631 0.06273263 0.4192047 2.19279 -0.001942693 0.2786464 2.085474 0.2107491 0.3490528 2.294008 0.06275515 0.1054187 1.998341 0.3263141 0.1457149 2.248705 0.2393462 0.2182862 1.996513 0.1980022 0.1578053 2.005632 0.2899445 0.2919446 1.993709 0.2313126 0.2017927 1.945926 0.08819393 0.09097378 2.199718 0.1162165 0.03058 2.179084 0.07853632 -0.03373622 2.135644 0.1711843 -0.03430632 2.213167 0.02533081 -0.5304921 2.218032 0.1961197 -0.5464767 2.402147 -0.03926645 -0.871828 2.270906 0.1703611 -0.8789465 2.475589 0.01478007 -0.9142444 2.220895 0.2436673 -0.9352078 2.496737
0.04480806 0.6038072 2.165752 0.0627699 0.4192111 2.192784 -0.001938279 0.2787099 2.085323 0.2054346 0.3544046 2.290622 0.06260732 0.1059598 1.996695 0.3259392 0.1560561 2.235167 0.2358911 0.2250406 1.998464 0.1976275 0.1681464 1.992094 0.2879688 0.297559 1.993707 0.2309377 0.2121338 1.932388 0.08828136 0.09108653 2.199538 0.1162107 0.03067254 2.179063 0.07882001 -0.03321534 2.135705 0.1706851 -0.03350872 2.213059 0.02540433 -0.5304085 2.218259 0.1959492 -0.5432406 2.401149 -0.03913385 -0.8718498 2.270951 0.1707495 -0.8808595 2.476532 0.01499967 -0.9142524 2.221022 0.2422523 -0.9364256 2.499058
0.04527913 0.603875 2.165549 0.0627823 0.4192032 2.192751 -0.001907888 0.2788345 2.085191 0.1999059 0.356923 2.285878 0.06306949 0.1066667 1.995418 0.3267904 0.1582323 2.234839 0.2298225 0.2279564 2.001208 0.1984789 0.1703226 1.991767 0.2789105 0.3026826 2.001374 0.2317889 0.21431 1.93206 0.08818126 0.0910188 2.199279 0.115942 0.03051674 2.178876 0.0788118 -0.03305984 2.135784 0.168926 -0.03253198 2.212047 0.02556316 -0.5302424 2.218437 0.1958786 -0.5433241 2.401156 -0.03896781 -0.8716423 2.270828 0.1706931 -0.8788195 2.47467 0.01517196 -0.9140436 2.220904 0.2435272 -0.936007 2.497986
0.04640403 0.6039936 2.165331 0.06271953 0.4192221 2.192775 -0.002161967 0.2790279 2.084959 0.1984091 0.3579588 2.285092 0.06127938 0.1066664 1.99417 0.3268369 0.1584667 2.235871 0.2273654 0.2294894 2.002335 0.1985256 0.1705571 1.992799 0.2779468 0.3032096 2.001595 0.2318354 0.2145445 1.933092 0.08820086 0.09114549 2.199141 0.1159156 0.0306388 2.178841 0.07902261 -0.0327155 2.135764 0.1686733 -0.03185841 2.21202 0.02556675 -0.5302708 2.218423 0.1956726 -0.5473701 2.401983 -0.03895692 -0.8717587 2.270743 0.170349 -0.8798798 2.475883 0.01524346 -0.9141508 2.220876 0.2437669 -0.9358877 2.498518
0.04637475 0.6039789 2.165316 0.06261155 0.4191266 2.192637 -0.002395995 0.2790673 2.08485 0.1973571 0.3577073 2.283352 0.06046844 0.1067573 1.993366 0.3271335 0.1586536 2.235969 0.2269811 0.2289259 2.003318 0.1988224 0.1707439 1.992897 0.2773747 0.3027458 2.001112 0.232132 0.2147313 1.93319 0.08821189 0.0911623 2.199025 0.1158144 0.0306335 2.178789 0.07901982 -0.03267728 2.135757 0.1684023 -0.03168043 2.211999 0.02567952 -0.5303604 2.218563 0.1956031 -0.5476432 2.402159 -0.03892897 -0.8718094 2.270849 0.1704461 -0.8791093 2.475105 0.01515078 -0.9142208 2.220868 0.2425595 -0.9341985 2.494775
0.0463916 0.604468 2.165903 0.06261445 0.4191191 2.192662 -0.002398928 0.2790813 2.084898 0.1991278 0.3551043 2.283787 0.05640168 0.1055271 1.992928 0.32632 0.1583927 2.234282 0.2286839 0.2280461 2.0038 0.181577 0.1558309 2.004353 0.2803196 0.3009329 1.999923 0.2202762 0.1993106 1.954298 0.08832866 0.09114149 2.198996 0.1158295 0.03056656 2.178806 0.07906714 -0.03262937 2.135916 0.1684237 -0.03169161 2.211984 0.0256987 -0.5303398 2.218451 0.1956836 -0.5483817 2.402491 -0.03902138 -0.871507 2.270643 0.1702553 -0.8800339 2.475626 0.01495045 -0.9139357 2.22056 0.2441496 -0.9343238 2.496419
0.04620248 0.6046399 2.16598 0.0626025 0.4190012 2.192843 -0.002589743 0.279301 2.084991 0.2052427 0.350691 2.288873 0.05609011 0.1056559 1.993153 0.3220909 0.1478473 2.248002 0.2337899 0.2193531 2.002526 0.1820845 0.1496537 2.011543 0.287811 0.2758936 1.984324 0.2163516 0.1931905 1.954423 0.08830746 0.09148733 2.199118 0.1157321 0.0310448 2.17904 0.07901448 -0.03255988 2.135867 0.1686306 -0.03168897 2.212658 0.02574492 -0.5304134 2.218366 0.1963882 -0.5446056 2.400816 -0.03899475 -0.8717325 2.270682 0.1703411 -0.8804024 2.475649 0.01499704 -0.9141581 2.220617 0.2440074 -0.9349564 2.497719
0.04595297 0.6045349 2.166188 0.06251723 0.4189654 2.193241 -0.002828344 0.2792974 2.085163 0.2094664 0.3477696 2.29514 0.05807628 0.1057559 1.995098 0.3239844 0.145665 2.245692 0.2447791 0.205426 1.999381 0.1858328 0.1452035 2.008074 0.3040293 0.2514157 1.988856 0.2177951 0.1886606 1.947078 0.08822185 0.09155867 2.199112 0.1157429 0.03113475 2.179171 0.07899668 -0.03257636 2.135877 0.1690319 -0.031919 2.213083 0.02552347 -0.5311193 2.21824 0.1964441 -0.5449981 2.400902 -0.03906108 -0.8718277 2.27062 0.1697904 -0.8792044 2.475213 0.01528959 -0.914197 2.220897 0.2444304 -0.9346721 2.496317
0.04554968 0.6043188 2.166488 0.06234088 0.4190268 2.193493 -0.002776793 0.279138 2.085577 0.214397 0.3431947 2.302261 0.05976565 0.1055598 1.997214 0.3285608 0.1385591 2.242748 0.2554245 0.1867082 1.997142 0.190386 0.1376819 2.005146 0.327409 0.2257492 1.986594 0.2211887 0.1811113 1.942271 0.08791731 0.09179388 2.199089 0.1155617 0.03139552 2.179297 0.0788089 -0.03267645 2.135792 0.1690676 -0.03195076 2.213336 0.02552147 -0.5312458 2.218087 0.1966664 -0.5463413 2.400923 -0.0390295 -0.8718532 2.270545 0.1697426 -0.8796478 2.47609 0.01573464 -0.9141557 2.22122 0.2431625 -0.9353415 2.497638
0.04467781 0.6048888 2.168119 0.06196185 0.4193255 2.194436 -0.002793009 0.279234 2.086107 0.2173528 0.339566 2.305929 0.05963467 0.1056432 1.997664 0.317757 0.1990714 2.36995 0.2624329 0.1690361 1.996325 0.1709087 0.2437569 2.142537 0.3377698 0.2063496 1.988965 0.1665315 0.3003444 2.029662 0.08764601 0.0917766 2.199256 0.1153956 0.03139724 2.179403 0.07839546 -0.03308357 2.135528 0.1691022 -0.03269352 2.213859 0.02560388 -0.5325533 2.218318 0.1969222 -0.548245 2.400841 -0.03905153 -0.871935 2.270526 0.169724 -0.8791269 2.476152 0.01584784 -0.9142188 2.221336 0.2444383 -0.9341475 2.494733
0.0438867 0.6044918 2.168664 0.06078051 0.4194015 2.194708 -0.003085852 0.2794547 2.086355 0.2184129 0.3378354 2.307762 0.06078479 0.1060173 1.998958 0.3167996 0.1939249 2.368555 0.3001295 0.1610855 1.98903 0.1701165 0.2392453 2.141164 0.3555765 0.1969241 1.991912 0.1671123 0.2956098 2.03023 0.08714674 0.09168008 2.199386 0.1150747 0.03133032 2.179493 0.077727 -0.03409834 2.134943 0.1691062 -0.03365862 2.214614 0.02564852 -0.533338 2.218261 0.1969703 -0.548357 2.400826 -0.03904371 -0.8719527 2.270399 0.1692023 -0.8785543 2.476065 0.01593952 -0.9142268 2.221293 0.2444957 -0.9341009 2.494607
0.04165463 0.6046318 2.170449 0.05956894 0.4199694 2.196364 -0.003295779 0.2794166 2.086501 0.219749 0.3353495 2.309143 0.06225967 0.1062237 2.000204 0.3166028 0.1880377 2.365856 0.2738988 0.145521 1.990722 0.1697938 0.234487 2.138796 0.3471047 0.1864382 1.99264 0.1677104 0.2908699 2.029349 0.08649942 0.09140407 2.200007 0.1146357 0.03107173 2.17986 0.0769784 -0.03517766 2.134643 0.1691162 -0.03509992 2.215762 0.02576023 -0.5336974 2.218191 0.1969115 -0.5486581 2.400866 -0.03894136 -0.8724145 2.270353 0.1687904 -0.8782972 2.475581 0.01606315 -0.9146942 2.221276 0.2462649 -0.9341478 2.494976
0.04055714 0.6048165 2.17175 0.05831024 0.420584 2.196785 -0.003524099 0.2795525 2.086684 0.2208765 0.334733 2.311136 0.06254736 0.1061381 2.000723 0.3164304 0.1854615 2.365821 0.2728713 0.1452281 1.990783 0.1696076 0.2332539 2.139069 0.347933 0.1849586 1.992837 0.1674757 0.2900244 2.029642 0.08584721 0.09155691 2.200499 0.1142623 0.03120185 2.180217 0.07667396 -0.03549374 2.13452 0.1692034 -0.03577268 2.216916 0.02603889 -0.5343527 2.218236 0.1972056 -0.5500253 2.401543 -0.03903959 -0.872595 2.270355 0.1688635 -0.8782427 2.475453 0.01604721 -0.9148656 2.221362 0.2476493 -0.9328106 2.49458
0.04088715 0.6052508 2.172724 0.05822367 0.4206241 2.196838 -0.003739755 0.2798368 2.086982 0.2210016 0.3343986 2.311538 0.06258384 0.1060979 2.00076 0.3171381 0.1858765 2.366907 0.269912 0.1466853 1.990901 0.1702033 0.2338729 2.14028 0.3451435 0.184392 1.992146 0.1674451 0.2908945 2.030024 0.08559449 0.09155728 2.200757 0.114107 0.03118695 2.180382 0.07646549 -0.03551655 2.134732 0.1691995 -0.03581986 2.216964 0.02607705 -0.5348931 2.218308 0.1971794 -0.5504376 2.401724 -0.03906696 -0.8726306 2.270277 0.1688993 -0.8775601 2.474834 0.0160103 -0.9149019 2.221273 0.2477526 -0.9320905 2.49379
0.04095848 0.6052378 2.172718 0.05819734 0.4206393 2.197173 -0.003875265 0.2798226 2.087044 0.2210907 0.3346077 2.312147 0.0629571 0.1058705 2.001211 0.3155 0.1865122 2.370268 0.2645544 0.1553054 1.993799 0.1689594 0.2382319 2.144241 0.3411365 0.1921305 1.990801 0.1625234 0.2976413 2.028653 0.08547163 0.09170541 2.201257 0.114094 0.03135739 2.180809 0.07646368 -0.0355028 2.134917 0.1694188 -0.0358591 2.21742 0.02611766 -0.534992 2.218298 0.1973231 -0.5504887 2.401814 -0.03909471 -0.872658 2.269894 0.1689864 -0.8769585 2.474102 0.01601965 -0.9149228 2.220927 0.2475429 -0.9318096 2.493364
0.04139962 0.6054487 2.173039 0.05829262 0.4205485 2.197201 -0.004017428 0.2799446 2.087124 0.2206261 0.3366529 2.314084 0.06273352 0.1059961 2.001449 0.3366294 0.1495266 2.216922 0.257018 0.1727632 1.996575 0.1980896 0.1486439 1.979553 0.3279457 0.2140221 1.988701 0.2273795 0.1920636 1.914278 0.08541188 0.09211601 2.20154 0.1141659 0.03196412 2.181238 0.07652795 -0.03516966 2.135092 0.1697021 -0.03555784 2.217976 0.02609041 -0.5348417 2.218166 0.1983887 -0.5454357 2.400851 -0.03905722 -0.8726646 2.269896 0.1690592 -0.8769821 2.474055 0.01628316 -0.9148899 2.221149 0.2474904 -0.9318876 2.49367
0.04510958 0.6055272 2.172212 0.05881305 0.4199078 2.198166 -0.003698263 0.2798982 2.087396 0.2174147 0.3394426 2.313094 0.06247062 0.1065382 2.001487 0.3316282 0.1448522 2.245108 0.2516323 0.193455 2.001011 0.1930886 0.1439696 2.00774 0.315532 0.2467778 1.994765 0.2223783 0.1873892 1.942464 0.08547826 0.09247472 2.202278 0.1143338 0.03251351 2.181998 0.0770894 -0.03442223 2.135592 0.1696356 -0.03495695 2.218976 0.02609984 -0.5348669 2.218161 0.1987663 -0.5427371 2.400409 -0.03905994 -0.8727375 2.269943 0.1690776 -0.8769485 2.474072 0.0164727 -0.9149309 2.221387 0.2478458 -0.9312702 2.493961
0.04536304 0.60554 2.172256 0.05875063 0.419772 2.198257 -0.00392268 0.2800264 2.087454 0.2146344 0.3417656 2.312012 0.06152574 0.106978 2.000639 0.3315004 0.146637 2.246033 0.2465561 0.2112417 2.003009 0.1929612 0.1457544 2.008666 0.2991579 0.2774194 1.995002 0.2222506 0.189174 1.943389 0.08542203 0.09292821 2.202564 0.1143916 0.03319732 2.182353 0.077516 -0.03285978 2.136129 0.1696778 -0.03436745 2.219258 0.02613819 -0.5348365 2.218106 0.1991176 -0.5449684 2.401451 -0.03901452 -0.8727409 2.269912 0.1689423 -0.8799229 2.476592 0.01662697 -0.914916 2.221465 0.2469726 -0.9345688 2.497077
0.04639477 0.6048927 2.171411 0.05919226 0.4195516 2.198488 -0.004263291 0.2804846 2.087515 0.2021555 0.352699 2.302469 0.0603966 0.1078075 1.99883 0.3267994 0.1603343 2.238494 0.2387839 0.2307948 2.005372 0.1882604 0.1594516 2.001127 0.2902464 0.2942146 1.995926 0.2175495 0.2028712 1.93585 0.08548136 0.09319495 2.202701 0.1144505 0.03356651 2.18242 0.07799187 -0.03155035 2.136698 0.1690899 -0.032218 2.218736 0.02639399 -0.5343559 2.218113 0.1990402 -0.5408415 2.400841 -0.03903942 -0.8730641 2.27034 0.1693886 -0.8817923 2.478956 0.01658772 -0.9152414 2.221878 0.24573 -0.935614 2.498592
0.04646671 0.6047953 2.171366 0.05924562 0.4194679 2.19855 -0.004457063 0.2805792 2.087521 0.1849614 0.3506818 2.282677 0.0590241 0.1081415 1.997 0.3260689 0.1619476 2.23854 0.2330496 0.2498188 2.008081 0.1875301 0.161065 2.001173 0.2792887 0.3181629 2.004188 0.216819 0.2044846 1.935896 0.08539901 0.09210178 2.202497 0.1141932 0.0319747 2.181667 0.07809668 -0.03159901 2.136787 0.1670837 -0.03157976 2.216108 0.02648746 -0.534062 2.218114 0.1988152 -0.5398263 2.400513 -0.039041 -0.8730611 2.270338 0.1693295 -0.8819444 2.479649 0.0161535 -0.9153129 2.221447 0.2462554 -0.9357369 2.499645
0.04653103 0.6047637 2.171312 0.05982831 0.419046 2.198905 -0.004753507 0.2807688 2.087475 0.1845433 0.3503371 2.281846 0.05775134 0.1084837 1.995607 0.3261338 0.1629537 2.239998 0.2292504 0.2587531 2.012061 0.1875952 0.1620711 2.002631 0.2727433 0.3289977 2.011126 0.2168839 0.2054907 1.937354 0.08487532 0.09052426 2.202313 0.1134578 0.02987483 2.181024 0.07757437 -0.03152542 2.138057 0.1647007 -0.03116005 2.21222 0.02646665 -0.5339688 2.21818 0.1985962 -0.5418562 2.401757 -0.03906668 -0.8730426 2.270347 0.1694839 -0.8818336 2.479357 -0.008676339 -0.9307306 2.314554 0.2463382 -0.9354525 2.499652
0.04673993 0.6047304 2.171095 0.05996528 0.4190131 2.199002 -0.005140775 0.2810831 2.087485 0.1839325 0.3503723 2.280999 0.05704024 0.1089349 1.994957 0.3254993 0.1640419 2.241396 0.2220639 0.2784885 2.012321 0.1869608 0.1631593 2.00403 0.2698374 0.3314626 2.010585 0.2162494 0.2065789 1.938752 0.08456258 0.08875409 2.201953 0.1132028 0.0275264 2.180123 0.0774316 -0.03174227 2.140592 0.1631249 -0.03008024 2.206393 0.02637678 -0.5339636 2.218462 0.1976096 -0.5466835 2.403435 -0.03913337 -0.872889 2.270221 0.169956 -0.8809749 2.478522 0.007052705 -0.9160033 2.34478 0.2484372 -0.9352172 2.499723
0.04675585 0.6046816 2.171052 0.06006721 0.4189906 2.19946 -0.005410769 0.2811913 2.087496 0.181253 0.3542367 2.281292 0.05680276 0.109198 1.9946 0.325266 0.1643404 2.241906 0.222637 0.2763404 2.013431 0.1867277 0.1634578 2.00454 0.2690054 0.3327268 2.010767 0.2160161 0.2068774 1.939262 0.08423549 0.08796716 2.202036 0.1132037 0.02664472 2.179955 0.07760052 -0.03155952 2.14194 0.1628309 -0.02979217 2.205328 0.02636756 -0.5339625 2.218553 0.1976967 -0.5467611 2.40359 -0.03915856 -0.8730419 2.270322 0.1698828 -0.8812185 2.478076 0.008539081 -0.9219408 2.340213 0.2481196 -0.9353172 2.500511
0.04661356 0.6044436 2.170961 0.06021626 0.4187219 2.199438 -0.005580555 0.2811262 2.087481 0.1813966 0.3520444 2.27387 0.05664689 0.1092113 1.994398 0.3251258 0.1632053 2.244536 0.2181282 0.2526695 2.014069 0.1865879 0.1623227 2.007171 0.2663372 0.3279037 2.010981 0.2158759 0.2057423 1.941892 0.08417697 0.08766428 2.202387 0.1128709 0.02641642 2.179634 0.07743228 -0.03162198 2.141736 0.1623807 -0.02979172 2.205231 0.02627643 -0.533861 2.218525 0.1976836 -0.5467259 2.403602 -0.03918447 -0.8728747 2.27034 0.1700583 -0.8792325 2.476234 0.007261164 -0.9169889 2.344149 0.2469693 -0.9348348 2.498551
0.04686367 0.6040739 2.170594 0.06019847 0.4187406 2.199453 -0.005691861 0.2810421 2.087713 0.1880138 0.3554078 2.285742 0.05618165 0.1091009 1.99437 0.3207144 0.1463889 2.261288 0.2211497 0.2431841 2.013636 0.1821766 0.1455062 2.023923 0.2734759 0.315297 2.006184 0.2114646 0.1889258 1.958644 0.08378977 0.08835587 2.202499 0.1130298 0.0276166 2.179922 0.07762043 -0.03123446 2.141345 0.1631309 -0.02933703 2.207156 0.02637699 -0.5331876 2.218549 0.1976561 -0.5473323 2.403883 -0.03922589 -0.8728435 2.27041 0.1700305 -0.8796382 2.476244 0.007134996 -0.9202004 2.342237 0.2444817 -0.9352161 2.498768
0.04651711 0.6040792 2.170694 0.06019182 0.4187346 2.19951 -0.005821936 0.2809943 2.087965 0.1962664 0.3561524 2.296703 0.05529587 0.1087839 1.994621 0.321011 0.1436681 2.262771 0.2281988 0.2304142 2.008855 0.1803037 0.1421463 2.026766 0.281635 0.2964943 1.999159 0.2101415 0.1855299 1.962683 0.08373298 0.08972816 2.203125 0.1133585 0.02971403 2.180845 0.07775932 -0.03094064 2.141034 0.1647338 -0.02912228 2.21075 0.02641587 -0.533321 2.218725 0.1982323 -0.5442666 2.403161 -0.03921953 -0.8728632 2.270397 0.1699846 -0.8792157 2.474185 0.006376326 -0.9174601 2.344446 0.2463462 -0.9345512 2.497105
