0.09809134 0.6305234 2.299228 0.09831271 0.4626147 2.303558 0.07027638 0.2984821 2.191378 0.2294396 0.359576 2.538509 0.04375558 0.03905129 2.105262 0.4246916 0.3770925 2.539094 0.1013826 -0.1702138 2.097755 0.4793405 0.5093467 2.389303 0.1189919 -0.2577947 2.112566 0.4884038 0.5459653 2.346286 0.1439646 0.152363 2.328634 0.1566712 0.08779804 2.335057 0.1394998 -0.01440013 2.234663 0.2095481 -0.0299927 2.443852 0.09169178 -0.5273123 2.348251 0.2250383 -0.5224888 2.583501 0.01940365 -0.9072434 2.408131 0.2158342 -0.831901 2.616646 0.09315758 -0.9544573 2.3851 0.2131945 -0.9069839 2.577759
0.09724323 0.630963 2.300512 0.09723901 0.4627822 2.303783 0.07007414 0.2985446 2.192115 0.2284352 0.3710527 2.529783 0.04176965 0.03942019 2.105497 0.4234838 0.3941368 2.527437 0.1010579 -0.1699682 2.098028 0.5285718 0.5149779 2.398099 0.1178012 -0.2577034 2.112936 0.5575831 0.5634594 2.352607 0.1445782 0.146312 2.329571 0.15771 0.08111249 2.336255 0.1396878 -0.0198813 2.23829 0.2104919 -0.03132381 2.443586 0.09308355 -0.5276433 2.349684 0.2250386 -0.5226644 2.583453 0.01852372 -0.9089266 2.408419 0.2154686 -0.832802 2.617968 0.09309232 -0.9545087 2.385067 0.2803653 -0.8812497 2.660466
0.09686532 0.631466 2.302017 0.09579007 0.4633802 2.305655 0.06938323 0.2993125 2.193276 0.2281341 0.3737702 2.529709 0.04148699 0.04030058 2.10599 0.4320723 0.4283726 2.500413 0.1008932 -0.1698072 2.098334 0.5832138 0.5331306 2.405915 0.1169366 -0.2577755 2.112625 0.6207958 0.5712363 2.367413 0.1449596 0.1434523 2.330579 0.1583106 0.07801048 2.337136 0.1397826 -0.02157902 2.240599 0.2112847 -0.03213969 2.442764 0.09476038 -0.5260452 2.350337 0.2254276 -0.5225167 2.583055 0.01846376 -0.908685 2.408535 0.2158519 -0.8333495 2.620028 0.09311625 -0.954608 2.385441 0.2842345 -0.8730205 2.673875
0.08266063 0.6304801 2.301583 0.09466495 0.4634877 2.307763 0.06817497 0.3002562 2.19474 0.223182 0.3957807 2.518019 0.04140461 0.04137236 2.106417 0.4320189 0.428086 2.501637 0.1007562 -0.1696079 2.098452 0.605836 0.5311552 2.416659 0.1163587 -0.2577457 2.112183 0.674575 0.568441 2.372656 0.1463224 0.142411 2.331348 0.1601221 0.07704835 2.337729 0.1427737 -0.02085896 2.244476 0.2149302 -0.03078324 2.43961 0.09656057 -0.525068 2.351542 0.2270795 -0.5211266 2.583868 0.01913023 -0.9067326 2.409326 0.2160283 -0.8331079 2.61964 0.09335966 -0.9544471 2.385803 0.2831199 -0.8725046 2.675289
0.07939033 0.6303487 2.302519 0.09336952 0.4635852 2.30898 0.06718215 0.3009624 2.195767 0.2239861 0.3981943 2.516913 0.04111445 0.04216224 2.106801 0.4329247 0.4291393 2.501533 0.1006326 -0.1693192 2.098435 0.6326127 0.5331163 2.431473 0.1159283 -0.2575699 2.111784 0.6888462 0.5681604 2.386583 0.1505948 0.142537 2.331824 0.1667841 0.07784406 2.33796 0.147122 -0.02053424 2.244749 0.235077 -0.0158025 2.43752 0.09659007 -0.5206087 2.346691 0.2283279 -0.5170236 2.582783 0.01909968 -0.9059118 2.409433 0.215864 -0.8338253 2.620825 0.09338283 -0.9542662 2.385681 0.2825443 -0.8726829 2.677346
0.07919116 0.6301937 2.303151 0.09227693 0.4636479 2.310666 0.06635371 0.3012246 2.196453 0.222869 0.4013984 2.511708 0.04093135 0.04249963 2.106914 0.4382326 0.4339427 2.500165 0.1005549 -0.1693545 2.098337 0.6389379 0.5328128 2.436199 0.1158914 -0.257584 2.111783 0.6973952 0.5666719 2.39634 0.1506904 0.1419202 2.331992 0.1667885 0.07721587 2.337964 0.1468275 -0.02031288 2.246214 0.2318038 -0.01598369 2.434019 0.0968745 -0.5203763 2.346747 0.2283929 -0.5169839 2.582809 0.01766193 -0.9097766 2.410842 0.215856 -0.8346402 2.621875 0.09060484 -0.9534471 2.384153 0.2826704 -0.872937 2.678627
0.07900019 0.6303876 2.303238 0.09192847 0.4639027 2.311018 0.06569767 0.3017049 2.197283 0.2240357 0.4034114 2.511557 0.04060074 0.04308233 2.107196 0.4391288 0.432963 2.50029 0.1004805 -0.1694969 2.098283 0.6429757 0.5324559 2.441669 0.1157808 -0.2577515 2.111609 0.7000294 0.5660046 2.400893 0.1507149 0.1416889 2.33201 0.1667366 0.07693139 2.337914 0.1465334 -0.01966465 2.247702 0.2295396 -0.01761688 2.431557 0.09694272 -0.5203739 2.34681 0.2286581 -0.5175614 2.582966 0.01757289 -0.9092164 2.410933 0.2148353 -0.8358459 2.62432 0.09061579 -0.9534742 2.384064 0.2759514 -0.885743 2.67842
0.08232258 0.6306998 2.303859 0.09198666 0.4638749 2.31122 0.06551047 0.3014583 2.197437 0.2239904 0.4036912 2.511284 0.04005489 0.04288962 2.10727 0.4403895 0.4323881 2.501451 0.1003452 -0.169536 2.098232 0.6432187 0.5301231 2.442615 0.1156765 -0.2577696 2.111664 0.7001719 0.5655291 2.401015 0.1512227 0.1408209 2.332097 0.1671013 0.07603432 2.337922 0.1468654 -0.01968752 2.248791 0.228892 -0.01851509 2.430607 0.09692732 -0.5203336 2.346817 0.2288436 -0.5174522 2.583045 0.01772141 -0.9089119 2.411002 0.2148446 -0.8362567 2.6253 0.09061862 -0.9534807 2.383986 0.1926863 -0.9148198 2.581189
0.08192612 0.6307501 2.303957 0.09197506 0.4639467 2.311318 0.06557285 0.3014374 2.197566 0.2240687 0.4036662 2.511377 0.03965267 0.04287654 2.10755 0.4382533 0.4224209 2.504533 0.09993657 -0.1693313 2.098155 0.6301708 0.517844 2.446005 0.114647 -0.2578543 2.110326 0.6968171 0.5615904 2.40208 0.1513044 0.1410254 2.332052 0.1671225 0.07637544 2.337823 0.1468806 -0.01930564 2.248925 0.2282339 -0.01760748 2.430246 0.09788458 -0.5200617 2.34881 0.2298764 -0.51606 2.583384 0.01780148 -0.9087744 2.410951 0.214649 -0.8368598 2.626172 0.09105481 -0.954037 2.383981 0.2807894 -0.8846419 2.676115
0.08552148 0.630812 2.3039 0.09193607 0.4638822 2.311456 0.06592467 0.3011935 2.197675 0.2240794 0.4045746 2.51347 0.03908862 0.04268807 2.107809 0.434152 0.4058135 2.519602 0.09953196 -0.1695268 2.098202 0.6292499 0.5158759 2.441033 0.1138267 -0.258129 2.110296 0.6789554 0.5512435 2.39348 0.1513628 0.1432991 2.332227 0.166936 0.08006335 2.337976 0.1473059 -0.01834176 2.24853 0.227312 -0.01592437 2.431647 0.09785177 -0.520142 2.348709 0.2303912 -0.5158165 2.582949 0.01788477 -0.9083018 2.41066 0.2150173 -0.8367743 2.627395 0.08188431 -0.9511926 2.382897 0.2817775 -0.8862805 2.67477
0.08741424 0.6309734 2.304487 0.09197056 0.4637483 2.311202 0.0660307 0.3011128 2.197647 0.2270321 0.3954994 2.5178 0.03878751 0.04263839 2.107826 0.4331429 0.404726 2.52035 0.0993221 -0.1698186 2.098279 0.6057093 0.5020897 2.433948 0.113534 -0.2584324 2.110388 0.6502231 0.5434045 2.389788 0.1514807 0.1431459 2.331908 0.1669964 0.07987807 2.337666 0.1476224 -0.01845054 2.248012 0.2267222 -0.01910748 2.431673 0.09689608 -0.5214485 2.348153 0.2305887 -0.5158695 2.582505 0.01807993 -0.9079428 2.410516 0.215108 -0.8361478 2.627392 0.08358341 -0.9519506 2.383293 0.2008707 -0.909642 2.584976
0.08854985 0.6309869 2.304835 0.09210803 0.4636221 2.311131 0.06638134 0.3008116 2.197711 0.2284173 0.3865413 2.519655 0.03755779 0.04266366 2.107266 0.4250222 0.3960389 2.526057 0.09910343 -0.1700495 2.098497 0.5810984 0.4842198 2.429189 0.112866 -0.2587542 2.110471 0.6230189 0.5348091 2.384502 0.1513052 0.1431161 2.331108 0.1665525 0.07984249 2.336556 0.1473797 -0.0186582 2.245799 0.224974 -0.02147146 2.430589 0.09586303 -0.5247999 2.347743 0.2315355 -0.5166301 2.582896 0.01805539 -0.9077307 2.410632 0.2150396 -0.8361787 2.627564 0.0891476 -0.9535959 2.385271 0.2585759 -0.9039687 2.63701
0.08963699 0.6308526 2.3047 0.09254828 0.4634748 2.310998 0.06685793 0.3005238 2.197778 0.2294828 0.3836782 2.520194 0.03769355 0.04236266 2.107541 0.4213156 0.3796926 2.542427 0.09894942 -0.1703955 2.098633 0.5569974 0.4753493 2.421634 0.1125398 -0.2591181 2.110475 0.5802916 0.5212782 2.369251 0.1508017 0.1484069 2.329668 0.1652237 0.08746615 2.334682 0.1468613 -0.01614397 2.240956 0.2240206 -0.0191002 2.432437 0.09788793 -0.5248754 2.350272 0.232624 -0.5177028 2.582564 0.01820781 -0.9068652 2.410723 0.2149703 -0.8330626 2.623836 0.08938296 -0.9535503 2.38578 0.2572917 -0.9053438 2.634996
0.09033319 0.6307366 2.304769 0.09293624 0.463307 2.3109 0.06768655 0.3001553 2.197888 0.2301394 0.3818915 2.520545 0.03798478 0.04204565 2.107692 0.4199685 0.366077 2.548002 0.09884093 -0.1705655 2.098791 0.5281453 0.4679536 2.404207 0.1124074 -0.2592227 2.110868 0.5356134 0.5110807 2.360749 0.150734 0.1490399 2.329374 0.1650501 0.08807774 2.334407 0.1471467 -0.01590035 2.239538 0.2232654 -0.02035514 2.433413 0.0979199 -0.5248076 2.35015 0.233393 -0.520816 2.584567 0.01777064 -0.9051816 2.410499 0.2150118 -0.8333448 2.624594 0.08699322 -0.9521328 2.386441 0.2800756 -0.8814515 2.675632
0.09262902 0.6305783 2.304907 0.09391481 0.4630435 2.310708 0.06892628 0.3000346 2.197968 0.2312238 0.3804697 2.520745 0.03885403 0.04185167 2.108243 0.416187 0.3469901 2.556482 0.09888122 -0.1706555 2.09898 0.4952875 0.456571 2.398813 0.1121188 -0.2594076 2.111208 0.5071205 0.4948459 2.356086 0.1500158 0.1503909 2.329349 0.1637639 0.08976734 2.334506 0.1465052 -0.01577844 2.238503 0.2195996 -0.02332134 2.437376 0.09804519 -0.525574 2.350503 0.2332594 -0.5213417 2.58443 0.01839252 -0.9048659 2.410507 0.2148409 -0.8349841 2.624468 0.08713296 -0.952444 2.385784 0.2827178 -0.8829156 2.67188
0.0943564 0.6303988 2.304349 0.09456869 0.4630635 2.31091 0.07018907 0.2997507 2.197834 0.2318555 0.3798459 2.521281 0.03985981 0.04151571 2.108447 0.4151812 0.338845 2.557363 0.09889991 -0.1706499 2.099082 0.4541498 0.4540863 2.38816 0.1120577 -0.2593832 2.111542 0.4640794 0.4971261 2.328068 0.1484071 0.1546333 2.329716 0.1612994 0.09501523 2.33499 0.1443353 -0.01493926 2.234938 0.2167321 -0.02021836 2.443021 0.09740266 -0.5270976 2.349754 0.2333776 -0.5210506 2.584321 0.01835707 -0.9048276 2.410548 0.2141007 -0.8351303 2.62496 0.08722766 -0.9525663 2.385468 0.2831934 -0.8827721 2.670887
0.09556261 0.6303085 2.304166 0.09542216 0.4630708 2.311087 0.07089037 0.2996502 2.197633 0.2326134 0.3793002 2.521713 0.04104168 0.04124817 2.108704 0.414499 0.330421 2.556305 0.09898654 -0.1705872 2.099234 0.4358708 0.4494394 2.386537 0.1124075 -0.2592432 2.111963 0.4326715 0.4911342 2.328036 0.1476766 0.1590579 2.330204 0.1601368 0.1003215 2.335614 0.1438265 -0.01400921 2.233851 0.2158499 -0.01800386 2.445675 0.0971234 -0.5264961 2.349097 0.2321749 -0.5298278 2.587259 0.01931378 -0.903216 2.409735 0.2141069 -0.835187 2.624969 0.08737679 -0.9524724 2.385361 0.1992447 -0.9092215 2.578374
0.09724203 0.6300111 2.304418 0.09657984 0.4626719 2.31097 0.07133829 0.2996916 2.197534 0.2336988 0.378292 2.521827 0.04192663 0.04146659 2.107687 0.4067056 0.3137597 2.56688 0.09916941 -0.1706678 2.099364 0.4118093 0.4373274 2.399277 0.1133185 -0.2592071 2.112128 0.3996207 0.4639933 2.352716 0.1477273 0.158748 2.330459 0.1601387 0.09963404 2.336084 0.1437113 -0.01435107 2.234004 0.2156088 -0.02095423 2.447658 0.09705104 -0.5264474 2.347822 0.232717 -0.529678 2.586688 0.01984981 -0.9005325 2.409511 0.2129113 -0.8360516 2.626365 0.08769333 -0.952143 2.385458 0.2812894 -0.8810349 2.675904
0.09477293 0.6295397 2.302985 0.09766196 0.4627233 2.311333 0.07164769 0.2997855 2.197433 0.2346199 0.377939 2.522364 0.0430949 0.04163066 2.106922 0.3965941 0.2981326 2.577238 0.0994978 -0.1706637 2.099435 0.3937786 0.4229899 2.410619 0.1150075 -0.2587447 2.113716 0.3855209 0.4668818 2.344006 0.1476888 0.159675 2.331203 0.1599649 0.1005719 2.336932 0.1436578 -0.01434592 2.233949 0.2153101 -0.02216137 2.451202 0.09582884 -0.5271749 2.347005 0.2324861 -0.5360463 2.587975 0.0197708 -0.9009416 2.409734 0.2091589 -0.8395762 2.63371 0.08505265 -0.9519789 2.384762 0.2844808 -0.8847842 2.671607
0.09824147 0.6299102 2.304804 0.09874226 0.4626011 2.311477 0.07200044 0.2996803 2.19719 0.2355769 0.3774761 2.522658 0.04738725 0.04101104 2.107122 0.3979405 0.295745 2.574777 0.1013189 -0.1706678 2.099627 0.3735945 0.4290262 2.384807 0.1164125 -0.2589145 2.113325 0.3442612 0.4759872 2.31559 0.1473299 0.1612379 2.331337 0.1592963 0.102493 2.337066 0.1423226 -0.0138929 2.232357 0.2146354 -0.02026069 2.452571 0.09645292 -0.5256344 2.347157 0.2326247 -0.5316082 2.587084 0.01983891 -0.9008051 2.409725 0.2103327 -0.8388265 2.631828 0.08557679 -0.9519272 2.384822 0.2790972 -0.8964657 2.656035
0.09891891 0.6301005 2.304789 0.09916849 0.4626872 2.311088 0.07229111 0.2995987 2.196959 0.2358591 0.3773748 2.522417 0.05030765 0.04061145 2.107223 0.3833397 0.2766486 2.581558 0.1033618 -0.17114 2.099513 0.3421611 0.4010467 2.420157 0.1196085 -0.25911 2.113666 0.3401064 0.4749221 2.31863 0.1476003 0.1615553 2.331599 0.1596357 0.1027744 2.337492 0.1430082 -0.01382619 2.232878 0.2153142 -0.02102047 2.453747 0.09606919 -0.5260908 2.346726 0.2330559 -0.5303755 2.587421 0.01962077 -0.9010842 2.40969 0.2120342 -0.8366855 2.626832 0.08606362 -0.9523138 2.385365 0.2589626 -0.9070588 2.632249
0.09615073 0.6304839 2.304108 0.100642 0.4631782 2.310586 0.07246131 0.2996396 2.196816 0.2370566 0.3775257 2.522089 0.05160938 0.04055113 2.107118 0.4030985 0.2886078 2.556627 0.1045409 -0.1586212 2.098301 0.3638529 0.4124821 2.394267 0.1207997 -0.2465328 2.112802 0.3304009 0.4522487 2.345191 0.1484123 0.1604443 2.331944 0.1606466 0.1006796 2.338127 0.1433255 -0.01402866 2.23494 0.2158971 -0.02202087 2.453027 0.09621431 -0.525503 2.346331 0.2338085 -0.5274527 2.584732 0.01958787 -0.9011282 2.409619 0.2110809 -0.8385203 2.630001 0.08685844 -0.9529824 2.385568 0.2582767 -0.9078683 2.633203
0.09406687 0.6302128 2.302612 0.1019394 0.4634435 2.310577 0.07271772 0.2997117 2.196581 0.238234 0.3775575 2.522163 0.05266541 0.04057032 2.10685 0.4045472 0.2883508 2.555514 0.105042 -0.156557 2.097981 0.3206101 0.4263452 2.377124 0.1225435 -0.2442584 2.112311 0.2860646 0.4623291 2.332478 0.1487698 0.1602838 2.332165 0.1609452 0.1004027 2.338376 0.1435303 -0.01399944 2.235665 0.2161664 -0.0227482 2.45283 0.09616 -0.5255681 2.346199 0.2337182 -0.5250617 2.584779 0.01848488 -0.9062287 2.409824 0.2098489 -0.8383843 2.630607 0.08746054 -0.9534082 2.385569 0.2824498 -0.8832299 2.673869
0.09242532 0.6298853 2.301991 0.1033408 0.4633982 2.310351 0.07317275 0.2995368 2.196258 0.2395841 0.3773151 2.522015 0.053432 0.04033267 2.106691 0.3999212 0.2815523 2.561301 0.1077897 -0.1603817 2.097435 0.3208598 0.4255817 2.377199 0.1250621 -0.2481061 2.111903 0.2862553 0.4615659 2.332599 0.1489431 0.1603955 2.332221 0.1610227 0.100482 2.338428 0.1434634 -0.01389033 2.23577 0.216197 -0.02268021 2.452818 0.0966968 -0.5250954 2.346709 0.2339698 -0.5244379 2.584228 0.01962365 -0.9039117 2.408786 0.2111088 -0.8374752 2.627741 0.08753178 -0.953427 2.385514 0.2825953 -0.8821145 2.673027
0.09144608 0.6296319 2.301585 0.1041263 0.4633518 2.310235 0.07375421 0.299381 2.196062 0.2403473 0.3771447 2.521946 0.05391236 0.04018658 2.106495 0.4063392 0.2871345 2.554973 0.1090618 -0.1613776 2.096711 0.3210557 0.4252952 2.377502 0.1282706 -0.2488617 2.11016 0.2864144 0.4612654 2.332918 0.1527567 0.1430067 2.332847 0.1655148 0.07530723 2.339362 0.1424499 -0.01650905 2.249947 0.2177219 -0.02609856 2.436897 0.09676133 -0.5249392 2.346773 0.2344681 -0.521055 2.583919 0.01952327 -0.9034477 2.408704 0.2115525 -0.8357086 2.626225 0.0877971 -0.9533032 2.38593 0.2847725 -0.8822223 2.666589
0.09090987 0.6295509 2.301298 0.1048325 0.4633659 2.309937 0.07390418 0.299272 2.195861 0.2410193 0.3770539 2.521696 0.05455662 0.04002747 2.106353 0.4074007 0.2881587 2.55531 0.1099866 -0.161999 2.096548 0.3203501 0.4248421 2.378148 0.1301872 -0.2492986 2.109742 0.285602 0.4607698 2.333613 0.153647 0.1387808 2.332493 0.1661269 0.07173271 2.33902 0.1420091 -0.01742941 2.253593 0.2183904 -0.02709228 2.431291 0.09733438 -0.5245299 2.347561 0.2345925 -0.5219356 2.584848 0.02002432 -0.9019006 2.407946 0.2115922 -0.8351008 2.625374 0.0854153 -0.9527879 2.38503 0.2776112 -0.8978989 2.647571
0.09063025 0.6295196 2.301125 0.1050458 0.4634129 2.309894 0.07406875 0.2992367 2.195726 0.2412149 0.3770501 2.521673 0.05512831 0.04009578 2.105684 0.4086257 0.2899989 2.555121 0.1112168 -0.1634707 2.09629 0.3242619 0.4246028 2.385984 0.131961 -0.2505609 2.110013 0.289317 0.4604848 2.341368 0.1499161 0.1679881 2.334245 0.1599533 0.1182677 2.341491 0.14354 -0.01300102 2.242917 0.2159052 -0.0237341 2.456594 0.09758282 -0.5255248 2.349045 0.2343519 -0.5204394 2.584017 0.01974227 -0.902243 2.408228 0.2115258 -0.8352017 2.625443 0.08536039 -0.9529257 2.384736 0.2806938 -0.8858887 2.657439
0.09028996 0.6294637 2.300844 0.105509 0.4634524 2.309699 0.07432826 0.2992203 2.195613 0.2416576 0.377019 2.521509 0.0554661 0.04004979 2.105674 0.4098754 0.2921319 2.5558 0.1113351 -0.1635555 2.096172 0.327255 0.4254705 2.388969 0.132544 -0.2505164 2.110007 0.2922182 0.461354 2.344345 0.1512815 0.1636336 2.334436 0.1633397 0.103988 2.34174 0.1440405 -0.01386691 2.242822 0.2169352 -0.02539892 2.456234 0.09698113 -0.525252 2.347887 0.2338924 -0.5212661 2.582928 0.01970319 -0.902284 2.408263 0.2122514 -0.8353987 2.625049 0.08437575 -0.9529856 2.384613 0.2821572 -0.8713015 2.679629
0.08966279 0.6293062 2.300371 0.105562 0.4634604 2.309581 0.07444775 0.2991316 2.195534 0.2417049 0.376996 2.52141 0.05591541 0.03988349 2.10582 0.4114823 0.2959419 2.556594 0.1115043 -0.1639877 2.096276 0.3388337 0.4649993 2.349059 0.132949 -0.2509435 2.109776 0.3411768 0.4797182 2.337458 0.1516226 0.1594687 2.334186 0.1637284 0.0980069 2.341311 0.1441562 -0.0149588 2.2427 0.217349 -0.02686839 2.455243 0.09780246 -0.5252366 2.348737 0.2340745 -0.521596 2.582964 0.01955671 -0.9020731 2.408403 0.2122531 -0.83541 2.625067 0.08505045 -0.9528336 2.385059 0.2503543 -0.9128171 2.629909
0.08881076 0.6292439 2.300367 0.1055641 0.4634902 2.30961 0.07447336 0.2991434 2.195541 0.2417058 0.3770069 2.521441 0.05599824 0.03987789 2.105887 0.4095516 0.3020069 2.568529 0.1116618 -0.1646109 2.096351 0.3715082 0.4376502 2.416465 0.1331391 -0.2515774 2.109733 0.3566733 0.4808406 2.331569 0.1521666 0.1573386 2.334509 0.1644342 0.09535461 2.341577 0.144662 -0.01524788 2.243579 0.2181073 -0.02731754 2.453676 0.100087 -0.5258558 2.351779 0.2341404 -0.5216634 2.582905 0.02091911 -0.8988099 2.407489 0.211827 -0.8366922 2.625257 0.08597355 -0.9526014 2.38548 0.2896703 -0.8815799 2.657115
0.100253 0.63058 2.302785 0.1054594 0.4634582 2.309899 0.07446017 0.2992003 2.195528 0.2415901 0.3769222 2.52177 0.05603429 0.03991964 2.105928 0.409806 0.3037745 2.569876 0.1117262 -0.1648811 2.096452 0.3868355 0.442177 2.417226 0.1332825 -0.2517643 2.110244 0.4103067 0.4929846 2.342575 0.1517123 0.1558741 2.334374 0.1638703 0.09367553 2.341188 0.1444013 -0.01533457 2.243598 0.2173987 -0.02770211 2.451187 0.0991676 -0.5265306 2.350985 0.2341783 -0.521875 2.583065 0.02005536 -0.8998366 2.408329 0.2124744 -0.836247 2.624729 0.08642408 -0.9526094 2.385645 0.2531955 -0.9116036 2.618997
0.1325764 0.6353959 2.311344 0.1053191 0.4632472 2.31028 0.07446425 0.2993577 2.195542 0.2414353 0.3766371 2.522201 0.05603927 0.04006717 2.105983 0.3919345 0.3081165 2.604824 0.1117566 -0.1651719 2.096772 0.4528501 0.4353595 2.420274 0.1330506 -0.2521063 2.11066 0.4700556 0.4954756 2.337485 0.1514557 0.1557844 2.334333 0.1635334 0.09368016 2.341048 0.1438201 -0.01564502 2.242497 0.2172223 -0.02772439 2.451131 0.09862581 -0.5253114 2.349007 0.2342308 -0.5220361 2.582611 0.02078344 -0.8973457 2.4077 0.2126926 -0.8376734 2.628361 0.08679458 -0.9525403 2.385946 0.2514582 -0.9122232 2.626384
0.142479 0.6325425 2.313295 0.1048706 0.4630675 2.310666 0.07445802 0.2993619 2.195585 0.2409672 0.376396 2.522616 0.05615386 0.04003072 2.106162 0.408762 0.3175854 2.583372 0.1117413 -0.1658127 2.097383 0.5056208 0.4463556 2.408177 0.1323866 -0.2529398 2.11105 0.5423259 0.5010571 2.352961 0.1513406 0.1554013 2.334333 0.163473 0.09337788 2.34098 0.1438707 -0.01560267 2.242544 0.2172258 -0.02776542 2.450289 0.09840898 -0.5256112 2.348588 0.2344549 -0.5220509 2.584966 0.02078046 -0.8980182 2.407368 0.2120945 -0.8383346 2.629295 0.08716358 -0.9527667 2.385836 0.2856628 -0.8840961 2.669901
0.145675 0.6303773 2.313761 0.1043511 0.4629534 2.311301 0.07439758 0.2994193 2.195653 0.2404387 0.3762265 2.523275 0.05615419 0.04006484 2.106309 0.4295164 0.354453 2.551226 0.1116579 -0.1663601 2.097993 0.5553661 0.4506227 2.416966 0.1315141 -0.2536836 2.111588 0.6234944 0.502086 2.355205 0.1507455 0.1561969 2.334142 0.1626915 0.0948223 2.340465 0.1430416 -0.01447438 2.241457 0.2164563 -0.02163104 2.448549 0.09837539 -0.5265266 2.349853 0.2343905 -0.5229841 2.585456 0.02087663 -0.8993619 2.408336 0.2129188 -0.8370961 2.62786 0.08722966 -0.9529127 2.385535 0.2748693 -0.8940041 2.656704
0.1171248 0.6305407 2.31067 0.1031148 0.4625289 2.312429 0.07381796 0.2996684 2.19601 0.2380174 0.3780313 2.524558 0.05456036 0.04039487 2.106636 0.4323872 0.3670377 2.533654 0.1114293 -0.1666743 2.098063 0.593137 0.4488471 2.428449 0.1306864 -0.2541157 2.111775 0.682147 0.4918384 2.381737 0.1504606 0.1563149 2.334105 0.1624507 0.09506781 2.340322 0.1427191 -0.01372434 2.241491 0.2162496 -0.0178535 2.446216 0.09781253 -0.5280082 2.349377 0.2354354 -0.523201 2.587217 0.02037833 -0.9004039 2.408824 0.2123002 -0.8372885 2.628993 0.08766439 -0.9532934 2.385738 0.2726746 -0.8992023 2.659014
0.1150617 0.6296049 2.309762 0.1019101 0.4619167 2.313109 0.07339402 0.2998507 2.196448 0.2370474 0.3785357 2.523974 0.05400673 0.04062057 2.106935 0.4339688 0.3764525 2.516612 0.1110998 -0.1669225 2.098304 0.6530645 0.4523422 2.433597 0.1300343 -0.2544098 2.112175 0.7146957 0.4774492 2.400335 0.1504144 0.1537462 2.334375 0.1628105 0.09195387 2.340441 0.1432037 -0.01403506 2.242375 0.2170383 -0.02048532 2.444735 0.0987542 -0.5270401 2.350789 0.2316545 -0.5422478 2.59196 0.02029024 -0.9003466 2.409018 0.2117147 -0.846539 2.630903 0.08788822 -0.9531696 2.385734 0.2422211 -0.8962651 2.590924
0.09261432 0.6286489 2.307256 0.1002017 0.4613266 2.313323 0.07271421 0.2997532 2.196613 0.2368312 0.3786013 2.523086 0.05299542 0.04044613 2.107514 0.4518824 0.3871796 2.50739 0.1107637 -0.1674955 2.098573 0.6604154 0.448404 2.442997 0.1296993 -0.2549278 2.112788 0.7312425 0.4602109 2.43076 0.1518431 0.1482405 2.332675 0.1655884 0.08470791 2.3379 0.1447386 -0.01501799 2.242845 0.2220888 -0.02554536 2.436419 0.0999997 -0.5257896 2.351716 0.2330672 -0.5313137 2.588294 0.02001085 -0.9002591 2.409051 0.2121915 -0.8363941 2.627927 0.08828073 -0.9530168 2.386083 0.1971266 -0.9148185 2.578244
0.0986616 0.628101 2.305155 0.09938675 0.4606845 2.314173 0.07146214 0.2998866 2.196985 0.2355162 0.377442 2.519585 0.05149941 0.04044288 2.108522 0.4538138 0.3875433 2.506657 0.110364 -0.1676676 2.098685 0.6659426 0.4439666 2.451308 0.1293271 -0.2551114 2.112795 0.740765 0.4566877 2.44019 0.1520728 0.1480021 2.332629 0.1658996 0.0846007 2.337771 0.1451889 -0.0151907 2.242795 0.2237048 -0.02340696 2.435575 0.09938219 -0.5257107 2.350744 0.2337812 -0.5284359 2.588637 0.02008768 -0.8997979 2.40877 0.2121017 -0.8357663 2.627561 0.08829804 -0.9530094 2.386096 0.2518282 -0.909925 2.62435
0.1448363 0.619718 2.296418 0.09857299 0.4597453 2.314627 0.07048354 0.2996843 2.197232 0.2351884 0.3735105 2.516608 0.05036525 0.04020151 2.108976 0.4560175 0.3874983 2.506808 0.1096735 -0.1678938 2.098831 0.6712256 0.4407818 2.456481 0.1281265 -0.255565 2.11219 0.7434909 0.4558004 2.44307 0.1525334 0.1456691 2.331846 0.1665703 0.08232368 2.336728 0.1454579 -0.01583473 2.242801 0.224676 -0.02331404 2.433187 0.09942685 -0.5257085 2.350788 0.2346816 -0.5267693 2.588686 0.02012963 -0.9008766 2.408895 0.2120147 -0.8358925 2.627516 0.08847607 -0.9532796 2.386216 0.1991811 -0.9108621 2.572613
0.1228835 0.6211535 2.295164 0.09829138 0.4572847 2.314927 0.06967185 0.299229 2.19738 0.2343884 0.3703073 2.513269 0.04938539 0.03971282 2.109312 0.4587013 0.385489 2.508826 0.1086913 -0.1679762 2.098874 0.6665441 0.4343764 2.460843 0.1268322 -0.2557558 2.11195 0.744197 0.4543853 2.443637 0.1531614 0.1417501 2.33097 0.1672482 0.07860522 2.335675 0.1455204 -0.01706184 2.243276 0.2252013 -0.02326562 2.430656 0.09849848 -0.5261278 2.349566 0.2350893 -0.5252249 2.587704 0.02018763 -0.9003319 2.40862 0.2112363 -0.8355018 2.62566 0.08856783 -0.9533573 2.386266 0.2597385 -0.9082386 2.630813
0.1293423 0.6185528 2.291477 0.09794787 0.4546904 2.314496 0.06934404 0.2990859 2.197527 0.2342612 0.371365 2.513648 0.04853981 0.0395332 2.109778 0.459263 0.3819718 2.511881 0.1078973 -0.1680091 2.099259 0.6664464 0.4340998 2.460846 0.1249993 -0.2561086 2.111565 0.7437197 0.4536907 2.4429 0.153166 0.1415692 2.330804 0.1672493 0.07859199 2.335565 0.1455286 -0.01711662 2.24333 0.2252835 -0.02241909 2.429919 0.1001352 -0.5254967 2.352346 0.2351406 -0.5251681 2.587492 0.02102046 -0.8988984 2.407054 0.2129499 -0.8405027 2.628033 0.08859208 -0.9532138 2.385893 0.249801 -0.9000752 2.618283
0.1251949 0.6178991 2.290014 0.0979945 0.4530226 2.314687 0.06900048 0.2989859 2.197697 0.2340546 0.3719594 2.514374 0.04810135 0.03940001 2.110114 0.4573222 0.377857 2.517164 0.1069571 -0.1679074 2.099682 0.6634634 0.4314418 2.459689 0.1236394 -0.2559725 2.112238 0.7328171 0.4488225 2.435225 0.1539846 0.1400035 2.331128 0.1681232 0.07729423 2.335926 0.1475631 -0.01801177 2.245292 0.2261578 -0.02478084 2.429578 0.09875968 -0.5268356 2.350356 0.2351244 -0.5248272 2.587299 0.02095462 -0.8995693 2.407323 0.2129015 -0.8410689 2.630218 0.08903406 -0.9535315 2.385895 0.2814395 -0.8823876 2.682671
0.1231962 0.6173139 2.289045 0.0975719 0.4512522 2.313705 0.06874225 0.2988136 2.197712 0.234538 0.3721325 2.515549 0.04788113 0.03920221 2.110221 0.4350035 0.3658428 2.532468 0.1062452 -0.1682175 2.10016 0.6563225 0.4261872 2.455193 0.1221223 -0.2556363 2.11229 0.7199701 0.4459731 2.425433 0.1541711 0.1394814 2.330632 0.168337 0.07700923 2.335538 0.1475959 -0.01802444 2.245486 0.2269609 -0.02320134 2.427428 0.09829399 -0.5274794 2.349737 0.2353518 -0.5249597 2.587406 0.02099054 -0.8995321 2.407401 0.2123567 -0.8407805 2.630079 0.08953699 -0.9540789 2.386646 0.2819636 -0.8877063 2.675426
0.1341804 0.6137629 2.284959 0.09776357 0.4503196 2.313691 0.06852614 0.2986849 2.197781 0.2347489 0.3717577 2.518909 0.04781005 0.03906032 2.110294 0.429986 0.3631851 2.536558 0.1049808 -0.1680079 2.099792 0.6379648 0.421584 2.444136 0.121207 -0.2554917 2.112155 0.6843261 0.4449106 2.398647 0.1543227 0.1390494 2.330472 0.1684627 0.07674386 2.335402 0.1478276 -0.01808136 2.245607 0.2269348 -0.02457745 2.426891 0.09790784 -0.5275242 2.348742 0.2353594 -0.5248598 2.587351 0.02085663 -0.8996408 2.407979 0.2124736 -0.8404527 2.629994 0.09339802 -0.9549567 2.388836 0.2821388 -0.8874975 2.67448
0.1302266 0.6140414 2.284578 0.09899728 0.4485905 2.313272 0.06845035 0.2984457 2.197725 0.2358468 0.3737447 2.525642 0.04775923 0.03880236 2.110309 0.4282115 0.3586317 2.543271 0.1046722 -0.1680241 2.099944 0.597144 0.4060166 2.43871 0.1203576 -0.2551061 2.112022 0.6674702 0.4418928 2.390795 0.1547819 0.1375055 2.329915 0.1687735 0.07539311 2.33488 0.1469533 -0.01779549 2.248175 0.2267695 -0.02048847 2.421099 0.09771921 -0.527424 2.348313 0.2353289 -0.5245271 2.587842 0.02080681 -0.8996453 2.407977 0.2102044 -0.8414514 2.632452 0.0897053 -0.9532279 2.388582 0.2829515 -0.8874186 2.674109
0.1338012 0.6122636 2.282367 0.09989561 0.4475399 2.312548 0.0684076 0.2979178 2.197525 0.2365898 0.372101 2.528793 0.04767428 0.03823271 2.110301 0.4286461 0.3548907 2.547001 0.1044124 -0.1678607 2.100024 0.5899405 0.4074757 2.432069 0.1193701 -0.254833 2.111402 0.6268536 0.4407283 2.369216 0.1548751 0.1372992 2.329816 0.1688005 0.07530378 2.33485 0.1471423 -0.0180459 2.248169 0.226259 -0.02401328 2.422666 0.09790302 -0.5267934 2.348251 0.2352141 -0.5262941 2.589094 0.02076641 -0.8995903 2.407995 0.2123924 -0.8410972 2.630935 0.08856852 -0.9526871 2.389312 0.200967 -0.9108905 2.581793
0.130628 0.6124706 2.282275 0.1008625 0.4471682 2.312769 0.06836069 0.2976998 2.1975 0.2382436 0.3711377 2.532943 0.04707159 0.03810528 2.110085 0.4280655 0.3450017 2.556149 0.1042603 -0.1675923 2.099953 0.560235 0.4134517 2.412655 0.1192418 -0.2547632 2.111379 0.5944382 0.4400869 2.367193 0.1554907 0.1374325 2.330079 0.1693816 0.07557682 2.335154 0.1474459 -0.01794225 2.248729 0.227469 -0.02237431 2.423559 0.0972188 -0.5279403 2.347596 0.235177 -0.5260803 2.588538 0.0187599 -0.9068379 2.409886 0.2117718 -0.8415642 2.632563 0.08877786 -0.9529581 2.389174 0.2817006 -0.8888784 2.676358
0.1288139 0.6128126 2.281775 0.101443 0.4468577 2.3124 0.06857455 0.2972011 2.197246 0.2391224 0.369937 2.535433 0.04716514 0.0376336 2.109762 0.428632 0.3399034 2.557603 0.1045577 -0.1674459 2.1 0.5344263 0.411373 2.393306 0.1189192 -0.2544588 2.11079 0.5502923 0.4417098 2.343757 0.1567849 0.1296776 2.329972 0.1706668 0.06529601 2.335329 0.1473611 -0.02061366 2.253033 0.226979 -0.02762777 2.420286 0.09766442 -0.5295749 2.35014 0.2351153 -0.5242351 2.587317 0.0187555 -0.9067057 2.409783 0.2126097 -0.8391967 2.630034 0.08688565 -0.9532785 2.388515 0.2823737 -0.8759335 2.684261
0.1267053 0.6135041 2.281705 0.102433 0.4465192 2.311709 0.06874464 0.2965789 2.196983 0.2393046 0.3689544 2.536475 0.04731033 0.03714547 2.10895 0.4275279 0.3321778 2.559009 0.1053215 -0.1672794 2.099967 0.5017072 0.4096252 2.379587 0.1192308 -0.2542488 2.11047 0.5042025 0.427052 2.357979 0.1543737 0.1572175 2.332395 0.1658725 0.1084574 2.339673 0.1495381 -0.01735706 2.244529 0.2246416 -0.02614718 2.454043 0.09788003 -0.5286708 2.350013 0.2351459 -0.5241672 2.587276 0.01872737 -0.9065771 2.40977 0.2128158 -0.837564 2.627663 0.08510318 -0.9531013 2.386841 0.2701518 -0.9014787 2.634279
0.1265284 0.6135811 2.281707 0.1030262 0.4466579 2.311628 0.06896962 0.296214 2.196669 0.2396882 0.3680331 2.537251 0.04816516 0.03782753 2.108773 0.4211343 0.3135847 2.568256 0.1049467 -0.1525624 2.099082 0.4758539 0.4009792 2.386243 0.1178228 -0.2417033 2.108816 0.4762377 0.4312212 2.335274 0.1546971 0.1583245 2.332509 0.1660791 0.108446 2.33965 0.1512011 -0.0159845 2.241928 0.2249012 -0.02608856 2.454149 0.09739531 -0.5280876 2.348321 0.2351183 -0.525684 2.587348 0.01903998 -0.9053026 2.409817 0.2128142 -0.8352159 2.625938 0.08559578 -0.9530327 2.386809 0.2880797 -0.881072 2.663217
0.13467 0.612869 2.279598 0.1035982 0.4466419 2.311398 0.06914902 0.2961667 2.196412 0.2400015 0.3674479 2.538087 0.04951135 0.03911725 2.108504 0.4059445 0.2888402 2.585726 0.1052408 -0.1506429 2.098887 0.4209775 0.3949569 2.406265 0.1190597 -0.239605 2.108985 0.4419991 0.428631 2.330568 0.1560829 0.1500429 2.332498 0.1691467 0.08829401 2.339105 0.15098 -0.01674639 2.243821 0.2254805 -0.0280699 2.446695 0.09690949 -0.5284281 2.347312 0.2349702 -0.5258885 2.58724 0.01842557 -0.9049935 2.409837 0.2128215 -0.8352191 2.625961 0.08581559 -0.9532846 2.386835 0.2494982 -0.9098935 2.630378
0.1372151 0.6127359 2.279687 0.104712 0.446868 2.312255 0.06941587 0.296051 2.196123 0.2408935 0.3669087 2.538804 0.05043855 0.0395484 2.108297 0.407589 0.2890496 2.585529 0.1099615 -0.1571587 2.097993 0.4146685 0.395526 2.405771 0.1222768 -0.2462285 2.109064 0.4180057 0.4293579 2.326184 0.1562101 0.1484324 2.332908 0.1691107 0.08700626 2.339268 0.1505498 -0.01698289 2.244587 0.2251202 -0.02903029 2.444505 0.09664837 -0.5289704 2.346697 0.2349676 -0.525925 2.586787 0.01879321 -0.9077907 2.40968 0.2126804 -0.8351487 2.625596 0.08612353 -0.9533726 2.386806 0.2827896 -0.8814369 2.671418
0.1304485 0.6160623 2.284119 0.105466 0.4471915 2.312682 0.06957076 0.296082 2.195922 0.2420481 0.3619593 2.53956 0.05163842 0.04058054 2.107945 0.413552 0.2893119 2.580235 0.1120508 -0.1585906 2.097923 0.3934813 0.3988313 2.377882 0.1264256 -0.2474162 2.108444 0.3950114 0.4036649 2.368635 0.1569482 0.1393831 2.332796 0.1696818 0.07565808 2.33858 0.1488964 -0.01814443 2.249133 0.2243067 -0.03125663 2.433191 0.09657425 -0.529053 2.346489 0.2350761 -0.5260459 2.58678 0.01858333 -0.907506 2.409555 0.2126346 -0.8350625 2.625361 0.08630908 -0.9533979 2.386633 0.2745695 -0.9042457 2.642326
0.1288221 0.6176876 2.286039 0.1061279 0.4478135 2.313036 0.06974146 0.2960111 2.195733 0.242753 0.3617155 2.54005 0.0539124 0.03898179 2.107517 0.4147538 0.2879339 2.578142 0.1146212 -0.1604746 2.097472 0.3491336 0.3879953 2.407432 0.1287648 -0.2493055 2.108262 0.3572118 0.4326406 2.313456 0.1568794 0.1397079 2.332876 0.1694758 0.07650293 2.338663 0.1487548 -0.01810528 2.249005 0.2242054 -0.03144756 2.433625 0.09881815 -0.528013 2.348645 0.2352815 -0.5267751 2.587522 0.01866771 -0.9060184 2.409885 0.2133959 -0.834321 2.624094 0.08663437 -0.9532296 2.386961 0.2832757 -0.8833565 2.66734
0.1276297 0.6191025 2.288177 0.1071857 0.4486584 2.314814 0.0698242 0.2961741 2.195515 0.2426283 0.3612595 2.53997 0.05514648 0.04116781 2.107019 0.4130856 0.2850921 2.579379 0.1168312 -0.160754 2.097308 0.3578841 0.386225 2.405393 0.1316031 -0.249527 2.107741 0.3546455 0.4328296 2.31579 0.157157 0.1385264 2.333353 0.1697052 0.07530589 2.338944 0.1484922 -0.01805696 2.250348 0.2241804 -0.03155586 2.432632 0.1001377 -0.5272771 2.34999 0.2351477 -0.5268369 2.587526 0.01891817 -0.9049153 2.409867 0.2092994 -0.8411463 2.640273 0.08705256 -0.9532256 2.387187 0.2876346 -0.8866405 2.671125
0.1496319 0.6163126 2.287199 0.1077448 0.4497693 2.31536 0.06996378 0.2962413 2.195409 0.2420922 0.3617981 2.539168 0.05640507 0.04222219 2.106619 0.4280572 0.3010879 2.5425 0.1192546 -0.161689 2.09703 0.3438176 0.4177073 2.350292 0.1353889 -0.249159 2.107262 0.3400828 0.4374326 2.315285 0.1570834 0.1430596 2.334342 0.1694507 0.08197761 2.34008 0.1489683 -0.01730426 2.249089 0.2241088 -0.03086848 2.437211 0.09971741 -0.5273325 2.348673 0.2355905 -0.5273603 2.587892 0.01890753 -0.9049132 2.409902 0.2134668 -0.8369924 2.63016 0.08719534 -0.9532669 2.387083 0.2556438 -0.9088867 2.6304
0.1528363 0.6168544 2.288189 0.1083328 0.4506443 2.315372 0.07033026 0.2964908 2.195226 0.2420186 0.3614225 2.538626 0.05784221 0.04136452 2.106425 0.4288654 0.302168 2.53918 0.1216781 -0.1617533 2.096841 0.3512772 0.4181102 2.349173 0.140463 -0.2486027 2.1078 0.3283989 0.4527677 2.296644 0.1569337 0.1437578 2.334412 0.1692043 0.08272094 2.340142 0.1488676 -0.01700376 2.24871 0.2236339 -0.031093 2.438032 0.1001245 -0.5270531 2.349445 0.2356367 -0.5273429 2.587822 0.01886045 -0.9049981 2.409895 0.2138094 -0.836103 2.62849 0.08735321 -0.9533131 2.38725 0.2560332 -0.9086385 2.630578
0.1552482 0.6175343 2.288888 0.1090795 0.4517331 2.315392 0.07065729 0.2966249 2.195019 0.2420682 0.361306 2.538268 0.05878465 0.04053533 2.106075 0.4293879 0.3027286 2.536904 0.1240162 -0.1627984 2.096605 0.326562 0.4095849 2.360314 0.1428001 -0.2491718 2.108231 0.2904601 0.4416391 2.313914 0.1565839 0.1449915 2.334431 0.1686455 0.08408856 2.340132 0.1484104 -0.01635331 2.247959 0.2229051 -0.03111944 2.438844 0.09975471 -0.5259758 2.348185 0.2355164 -0.5282546 2.587855 0.01888495 -0.9050325 2.409844 0.214413 -0.834957 2.62659 0.08758694 -0.9535478 2.387223 0.2560619 -0.9086133 2.630354
0.1570637 0.6179791 2.289426 0.1098738 0.4525746 2.315497 0.07105546 0.2968492 2.195 0.2422153 0.3612034 2.53802 0.0591229 0.04028371 2.105752 0.4183435 0.2842332 2.558755 0.1260351 -0.1639242 2.096768 0.3242814 0.411729 2.363965 0.1455295 -0.2499868 2.108995 0.2898762 0.4439498 2.316406 0.1561614 0.1467032 2.334459 0.1679273 0.08611625 2.340111 0.1477574 -0.01553588 2.246796 0.2220595 -0.03100967 2.439953 0.09865189 -0.5256464 2.346237 0.2354134 -0.5285704 2.587646 0.01932248 -0.9033607 2.408988 0.2143347 -0.8348909 2.62592 0.08797417 -0.9539784 2.38688 0.2852215 -0.8801985 2.671533
0.1581802 0.6186134 2.289318 0.1103919 0.4543791 2.313998 0.07192617 0.2973137 2.194943 0.2421477 0.361701 2.535826 0.05945724 0.04148853 2.105439 0.4213908 0.2913298 2.555088 0.1267466 -0.1641252 2.09698 0.3208222 0.4127794 2.368275 0.1458794 -0.2501101 2.109063 0.2878625 0.44534 2.319932 0.1554681 0.149579 2.333994 0.1670214 0.08924598 2.339846 0.1474386 -0.01486463 2.245577 0.2208838 -0.0303723 2.442207 0.09874196 -0.5250573 2.345982 0.2360389 -0.5271417 2.585222 0.01928314 -0.9030098 2.408949 0.2143618 -0.8348506 2.625791 0.08656206 -0.9529464 2.386101 0.2863678 -0.8796141 2.670175
0.1590973 0.6191919 2.288967 0.1107797 0.4560825 2.311955 0.07233522 0.2976511 2.194736 0.2420464 0.3623622 2.53305 0.0600787 0.0424824 2.105098 0.4214392 0.2943312 2.555202 0.1268913 -0.1641798 2.096991 0.3197369 0.4145265 2.374178 0.1462261 -0.249831 2.109029 0.2873698 0.4475716 2.325763 0.1552815 0.15115 2.333477 0.1667965 0.09076665 2.339528 0.1473835 -0.01449873 2.244594 0.2206125 -0.02997377 2.44352 0.1009461 -0.525129 2.349399 0.2360516 -0.5273024 2.585117 0.01949991 -0.9029071 2.408298 0.2157438 -0.8387036 2.627124 0.087025 -0.9531984 2.385936 0.2606782 -0.8897376 2.646613
0.1596093 0.6194218 2.288892 0.1110076 0.4564739 2.311883 0.07268969 0.2978535 2.194418 0.2420925 0.362395 2.532881 0.06071403 0.04343907 2.104833 0.414371 0.288233 2.569733 0.127127 -0.1643992 2.097218 0.3227991 0.4167087 2.38231 0.1464189 -0.250133 2.109094 0.2908985 0.450255 2.333931 0.1551363 0.1522269 2.33342 0.1665733 0.09197617 2.339481 0.1472697 -0.01423049 2.243694 0.2203327 -0.0298339 2.444453 0.1004546 -0.5253688 2.348835 0.2355129 -0.5270361 2.584571 0.01748048 -0.9067318 2.409446 0.215534 -0.8371385 2.62609 0.08732487 -0.9533327 2.3857 0.2914775 -0.8832282 2.661683
0.1599279 0.6195939 2.288842 0.1113391 0.4567688 2.311584 0.07303622 0.2978927 2.194194 0.2422772 0.362361 2.532376 0.06173866 0.04165647 2.104433 0.4381886 0.3388569 2.52009 0.1271345 -0.1644478 2.097179 0.3163284 0.4240265 2.376439 0.1464385 -0.2502833 2.109076 0.2845931 0.4577443 2.328072 0.1548164 0.1539992 2.333291 0.1660548 0.09419096 2.339427 0.1469949 -0.01381242 2.242712 0.2197007 -0.02944083 2.446065 0.09972745 -0.5260729 2.347696 0.235772 -0.5250285 2.583544 0.01779845 -0.9084039 2.40888 0.2151018 -0.8375047 2.626607 0.08802155 -0.9537506 2.385817 0.279275 -0.8946322 2.645787
0.1577497 0.6233654 2.291781 0.1113865 0.4569261 2.311558 0.07357814 0.2980039 2.19399 0.2422562 0.3623553 2.532274 0.06291999 0.04025442 2.104311 0.4174724 0.3038569 2.577036 0.1271021 -0.1645993 2.097176 0.3347996 0.4547627 2.358896 0.1464812 -0.2511704 2.109661 0.3035156 0.4886965 2.310386 0.1543324 0.1597249 2.333869 0.1654439 0.1017034 2.34024 0.1476495 -0.01289378 2.240402 0.2194409 -0.02856514 2.45229 0.09949097 -0.5268337 2.347308 0.235866 -0.5242643 2.583687 0.01881351 -0.9074015 2.4085 0.2141348 -0.8395538 2.630892 0.08879033 -0.9543777 2.386233 0.2698187 -0.9007093 2.645973
0.1578854 0.6232018 2.292511 0.1113629 0.4570833 2.311309 0.07407822 0.2978424 2.193806 0.2420984 0.3622888 2.531762 0.06317413 0.04184874 2.104005 0.4155352 0.3030801 2.58022 0.1266413 -0.1643997 2.097116 0.3504358 0.4218403 2.422873 0.145499 -0.2515408 2.109216 0.3814617 0.4338053 2.40351 0.1541527 0.16054 2.333845 0.1652849 0.1024656 2.340275 0.1478662 -0.01299319 2.23944 0.2192139 -0.0286736 2.45398 0.09994361 -0.5272475 2.348089 0.2361159 -0.5262845 2.584991 0.01943598 -0.9071485 2.408656 0.2131585 -0.8392605 2.631782 0.0887242 -0.9545826 2.38587 0.284311 -0.8887802 2.672326
0.158129 0.6232197 2.292854 0.111068 0.4573612 2.310679 0.07453561 0.2981527 2.193613 0.2415792 0.3622599 2.530781 0.06350275 0.04133985 2.103836 0.4139619 0.303174 2.581741 0.1229207 -0.1565908 2.095571 0.3697753 0.425805 2.419784 0.1429032 -0.2441003 2.107802 0.4085008 0.4594861 2.36438 0.1538109 0.1622536 2.333588 0.1650077 0.1043435 2.340126 0.1483287 -0.0124539 2.238124 0.2190926 -0.02842602 2.455405 0.09966879 -0.5268961 2.346947 0.2368512 -0.5279029 2.585954 0.01916153 -0.9055596 2.408258 0.2121565 -0.8399214 2.634827 0.08786859 -0.9537631 2.386053 0.254722 -0.9166234 2.644235
0.1582738 0.6230472 2.2933 0.1101178 0.4580499 2.309056 0.07502513 0.2986029 2.193469 0.2403654 0.3625382 2.528789 0.06408192 0.04042412 2.103537 0.4120444 0.3073219 2.584074 0.1231638 -0.1592247 2.095183 0.4331657 0.4305594 2.417625 0.1426868 -0.2467854 2.107801 0.4536054 0.4684422 2.351639 0.1535134 0.1630787 2.333186 0.1648328 0.1050535 2.339873 0.1488888 -0.01235935 2.236678 0.2190209 -0.02883643 2.456628 0.0994438 -0.5269672 2.346281 0.2370019 -0.5285107 2.585276 0.01885895 -0.9012254 2.406795 0.2123835 -0.8370137 2.629896 0.08836395 -0.9529766 2.386482 0.2541811 -0.9124678 2.634159
0.1546983 0.6245856 2.294887 0.1097308 0.4582877 2.309285 0.07540308 0.2987289 2.193323 0.2399466 0.362596 2.528937 0.06507443 0.03907201 2.103582 0.4207774 0.3265004 2.574527 0.1242499 -0.1624437 2.094875 0.4892783 0.4334507 2.40971 0.1434439 -0.2499479 2.10837 0.5178041 0.4840368 2.342961 0.153472 0.1632477 2.333272 0.1648444 0.1051646 2.339932 0.149171 -0.0121662 2.236391 0.219123 -0.02874799 2.45692 0.09883841 -0.5272146 2.345039 0.2371009 -0.5292613 2.585652 0.01888834 -0.9013222 2.40688 0.2123778 -0.8371325 2.630652 0.08860023 -0.9534622 2.38679 0.2546375 -0.9139159 2.637288
0.1545784 0.6242958 2.295646 0.1091864 0.4584852 2.309579 0.07561181 0.2987598 2.193197 0.2393407 0.3626149 2.529158 0.06528678 0.03908059 2.103553 0.4276878 0.3471217 2.561558 0.124784 -0.1633228 2.094565 0.5363972 0.4384187 2.410645 0.1439131 -0.2508495 2.108014 0.5882647 0.4790543 2.356951 0.1523309 0.1692153 2.333451 0.1637588 0.1129604 2.339937 0.1490581 -0.00833601 2.232994 0.2191027 -0.01802473 2.461024 0.09892999 -0.5274491 2.344678 0.2370317 -0.5294678 2.585665 0.01748523 -0.9059702 2.408157 0.2123312 -0.8372632 2.630483 0.0887037 -0.9534892 2.386659 0.2867987 -0.8811719 2.671541
0.154651 0.6239361 2.297299 0.108355 0.4589496 2.309713 0.07581764 0.2989294 2.193009 0.2384591 0.3628812 2.529214 0.06551706 0.03920192 2.103562 0.432189 0.373764 2.541583 0.1257859 -0.1644334 2.094295 0.5784989 0.4434145 2.414984 0.1449002 -0.2519835 2.107622 0.6414975 0.4706829 2.376484 0.1518812 0.1708595 2.333345 0.1634625 0.1145457 2.339795 0.1488531 -0.00696588 2.232181 0.2190688 -0.01297406 2.461013 0.09899066 -0.5265044 2.343675 0.2368776 -0.5297472 2.584985 0.01829358 -0.9044785 2.407861 0.2123355 -0.8373369 2.630525 0.08896686 -0.9535645 2.386883 0.2857188 -0.8818719 2.672843
0.1489334 0.6259826 2.299382 0.1072081 0.4593537 2.310905 0.07596192 0.2990601 2.192883 0.2372596 0.3630613 2.53029 0.06566466 0.03929153 2.103606 0.4327692 0.3827961 2.526782 0.1272291 -0.165602 2.094038 0.6084385 0.4329054 2.437779 0.146132 -0.2532037 2.107338 0.6819843 0.4604674 2.392858 0.1517431 0.1662591 2.334349 0.163737 0.1069946 2.34086 0.1487845 -0.007969284 2.234655 0.2187417 -0.01626935 2.457729 0.09913564 -0.5264633 2.343375 0.2382438 -0.5287843 2.586098 0.01894025 -0.9056846 2.408088 0.2122145 -0.8372975 2.630499 0.08896205 -0.9535425 2.3868 0.2547447 -0.9118595 2.632598
0.1493011 0.6255795 2.300872 0.1065883 0.4595748 2.311083 0.07595658 0.2991215 2.19283 0.2365879 0.3631707 2.530427 0.06595536 0.03935176 2.103511 0.4328794 0.3829837 2.518394 0.1304272 -0.1686968 2.09367 0.6594229 0.4354753 2.443511 0.1504444 -0.2561545 2.10627 0.7211476 0.4520468 2.410996 0.1517872 0.1640247 2.334614 0.1640017 0.104103 2.341145 0.1486898 -0.008475989 2.235518 0.2189906 -0.01747614 2.456999 0.09925076 -0.5258171 2.342292 0.2378547 -0.529391 2.585512 0.02056227 -0.9030876 2.406958 0.2121877 -0.8374897 2.63034 0.08927274 -0.953866 2.38627 0.283891 -0.8847073 2.668893
0.1494711 0.6252943 2.301383 0.1060013 0.4594893 2.311661 0.07584432 0.2992934 2.192629 0.23594 0.3629699 2.530978 0.06678874 0.03943437 2.103531 0.4457927 0.3881945 2.510451 0.1320098 -0.1699056 2.093404 0.6620307 0.4322128 2.450779 0.1525709 -0.256361 2.104968 0.7372317 0.4468461 2.426342 0.1514373 0.1593231 2.334177 0.1637421 0.09825507 2.340245 0.1475037 -0.009512397 2.236034 0.2188719 -0.0179774 2.453661 0.09945387 -0.5256072 2.342088 0.2378081 -0.5300738 2.585744 0.02023914 -0.9028152 2.406924 0.2122845 -0.8371379 2.629661 0.0897827 -0.9536819 2.387315 0.2537551 -0.910283 2.628019
0.1076801 0.6252704 2.297754 0.1054095 0.4596382 2.31166 0.07584649 0.2993181 2.192616 0.2350841 0.3682465 2.522663 0.06698725 0.03946862 2.103448 0.4464726 0.3882088 2.510245 0.1337534 -0.1716842 2.093194 0.6632398 0.430927 2.45765 0.1541684 -0.2558041 2.10365 0.7436384 0.4441082 2.436356 0.1522219 0.1560977 2.333857 0.1649946 0.09424155 2.339848 0.1480528 -0.01097546 2.237601 0.2203381 -0.02031741 2.450247 0.09946641 -0.5265086 2.341939 0.2379334 -0.5317698 2.585956 0.02023092 -0.9030563 2.407058 0.2122465 -0.8361398 2.628346 0.0882676 -0.9537485 2.386618 0.2053939 -0.9079534 2.578058
0.1078169 0.6253037 2.297915 0.1049303 0.4595301 2.311368 0.07572669 0.299422 2.192483 0.2348661 0.3694593 2.519034 0.06689122 0.03955793 2.103368 0.4480633 0.3879101 2.510823 0.134296 -0.1721322 2.093095 0.6642228 0.4293589 2.464346 0.1560026 -0.25616 2.103655 0.7458641 0.4434419 2.440724 0.1521655 0.1560223 2.333494 0.1649491 0.09430817 2.339462 0.1474484 -0.01122405 2.236895 0.220811 -0.01842593 2.44945 0.09955072 -0.5260247 2.341362 0.2376352 -0.5320549 2.586178 0.02016502 -0.9030127 2.407045 0.2115886 -0.8369688 2.629031 0.08823302 -0.9538668 2.386377 0.2668331 -0.8799459 2.639277
0.1078147 0.6253046 2.297926 0.1044354 0.45959 2.311225 0.07574005 0.2995908 2.192262 0.2346795 0.3703296 2.518712 0.06686526 0.03968614 2.103316 0.4499867 0.3873253 2.512567 0.1346166 -0.172613 2.092744 0.6640937 0.4285924 2.467706 0.1565234 -0.256423 2.103764 0.7442271 0.4429855 2.443813 0.1522143 0.1556445 2.333407 0.1650407 0.09400158 2.339406 0.1476951 -0.01204695 2.236958 0.2210913 -0.01938014 2.449469 0.09969203 -0.5261819 2.341521 0.2373069 -0.5362074 2.586728 0.02017014 -0.903005 2.407044 0.2130064 -0.8400128 2.629573 0.08823417 -0.9538646 2.386348 0.2876534 -0.8837134 2.670533
0.1075751 0.6255571 2.297811 0.1032423 0.4600992 2.3106 0.07600393 0.2997195 2.192078 0.2345943 0.3720609 2.518804 0.06668322 0.03978488 2.103317 0.4349127 0.3809932 2.521919 0.1345893 -0.1728248 2.092802 0.662536 0.4282158 2.469712 0.1565913 -0.2564379 2.103906 0.7377108 0.4423621 2.447032 0.1522705 0.1551893 2.333259 0.1652143 0.093495 2.339314 0.1479999 -0.01267492 2.237203 0.2213314 -0.01970037 2.449378 0.09953547 -0.5265848 2.341528 0.2373603 -0.5362285 2.586715 0.01761377 -0.9088888 2.411447 0.2126103 -0.8394531 2.628834 0.08843419 -0.9539063 2.386263 0.2870266 -0.8832536 2.670108
0.1074133 0.6257946 2.297714 0.1029623 0.4603298 2.310476 0.07634309 0.2997272 2.191957 0.2338818 0.3745601 2.519856 0.06597683 0.03985968 2.103081 0.4313552 0.3787341 2.526618 0.1339032 -0.1725207 2.092758 0.6608652 0.4277712 2.470402 0.1559725 -0.2562685 2.104101 0.7323261 0.4439155 2.447641 0.1522763 0.1552537 2.333181 0.1652481 0.09363365 2.339233 0.1482738 -0.01294935 2.236907 0.2213532 -0.01976817 2.449471 0.09966836 -0.5261746 2.341225 0.2375546 -0.5359991 2.58741 0.01831121 -0.9073434 2.409657 0.2087475 -0.8416523 2.615645 0.08855863 -0.9541023 2.38623 0.2574686 -0.9097177 2.628438
0.107823 0.6260564 2.297653 0.1027384 0.4605277 2.310156 0.07644739 0.2997065 2.191838 0.2335955 0.3758138 2.520062 0.06561415 0.03978619 2.103258 0.4272888 0.3755904 2.53414 0.1326176 -0.172406 2.09301 0.6534241 0.4282335 2.470331 0.1535785 -0.2565367 2.10535 0.7115591 0.4477485 2.443422 0.151867 0.1580163 2.332215 0.1647124 0.09787175 2.338096 0.1479312 -0.01201943 2.234774 0.2212336 -0.01545853 2.450696 0.0995534 -0.5261246 2.341101 0.2374626 -0.535915 2.587405 0.01807056 -0.9088587 2.409945 0.208882 -0.8413359 2.61705 0.08884677 -0.9543588 2.386436 0.2855203 -0.8793398 2.659973
0.1078265 0.6261121 2.297607 0.1027674 0.4606088 2.310198 0.0766067 0.2995872 2.191658 0.2338201 0.3768901 2.520917 0.06534548 0.0396263 2.103322 0.425565 0.3702956 2.543033 0.1298949 -0.1718594 2.093531 0.6464547 0.4309072 2.466543 0.1499259 -0.2571011 2.107362 0.6991848 0.455222 2.433183 0.1515343 0.1607473 2.331547 0.1641574 0.1016488 2.337185 0.1474663 -0.01124053 2.23218 0.2209337 -0.01367803 2.451161 0.0994053 -0.5263568 2.341167 0.2376547 -0.5349964 2.587268 0.01837446 -0.9080353 2.409796 0.2096334 -0.8402508 2.618097 0.08892991 -0.9543973 2.386366 0.2857144 -0.8795065 2.660887
