0.1250301 0.6164852 2.294162 0.1141242 0.4516695 2.317056 0.0827613 0.2989559 2.197246 0.2484401 0.3679044 2.52723 0.06249189 0.03828207 2.11462 0.4425778 0.3690518 2.538897 0.1165855 -0.1616295 2.106417 0.662061 0.4162443 2.446103 0.1370157 -0.2477052 2.117493 0.7319288 0.4310137 2.41679 0.1608878 0.1087789 2.330994 0.1730691 0.04370233 2.336269 0.1432253 -0.02950909 2.26281 0.2268255 -0.03725797 2.412176 0.1053938 -0.5264506 2.359559 0.2362139 -0.5252501 2.586191 0.01919047 -0.8989809 2.406565 0.2165097 -0.8396283 2.626968 0.08818651 -0.9521691 2.385499 0.2905073 -0.8809057 2.6715
0.1235538 0.6156571 2.291949 0.1135613 0.450403 2.316604 0.08175436 0.298349 2.197048 0.247424 0.3694816 2.526977 0.06224696 0.03755409 2.114712 0.4414549 0.3672039 2.53914 0.1170736 -0.1626719 2.106035 0.6626372 0.414728 2.446768 0.1371757 -0.2476091 2.117 0.7324904 0.4302215 2.417377 0.159099 0.1215653 2.331706 0.1710181 0.06014306 2.337098 0.143303 -0.0273665 2.260414 0.2256296 -0.02764345 2.419495 0.1041156 -0.5244699 2.355568 0.2363232 -0.5250773 2.585966 0.01950889 -0.8970984 2.406509 0.2161734 -0.8392302 2.627329 0.08891168 -0.9521953 2.386096 0.2899486 -0.8812866 2.671501
0.1234677 0.615145 2.29111 0.1130573 0.4496729 2.315878 0.08152579 0.2980765 2.196899 0.2467089 0.3707526 2.528475 0.06185863 0.03731874 2.114447 0.4406593 0.3648687 2.540662 0.1169329 -0.163285 2.105809 0.6605429 0.4131408 2.44754 0.1372376 -0.2481874 2.116902 0.7265952 0.4285855 2.41685 0.1570486 0.1467908 2.333085 0.1688196 0.09154225 2.339198 0.1480409 -0.02109847 2.247844 0.2248722 -0.02471904 2.441234 0.1020305 -0.5234317 2.351842 0.2363761 -0.5252817 2.585232 0.01963745 -0.8963186 2.407023 0.2147257 -0.838201 2.627061 0.08908855 -0.9521052 2.386181 0.2894741 -0.8809517 2.66887
0.121749 0.6145799 2.289594 0.1128021 0.4491096 2.315184 0.08155608 0.2975627 2.196694 0.2453461 0.372491 2.528299 0.06159759 0.03684005 2.114182 0.4387744 0.3628921 2.542341 0.1168164 -0.1638558 2.105608 0.65448 0.4106653 2.445063 0.1368611 -0.2486467 2.11694 0.7106111 0.4274099 2.41049 0.1604344 0.111662 2.330658 0.1738898 0.03732002 2.335821 0.1474164 -0.02733998 2.25907 0.223973 -0.03642935 2.414102 0.1030155 -0.5245856 2.354447 0.2368017 -0.5276741 2.586449 0.01958962 -0.8966488 2.407596 0.2148061 -0.8375403 2.626896 0.08790909 -0.9514833 2.386326 0.2577987 -0.9116638 2.629789
0.1210564 0.6137454 2.28758 0.1127857 0.4483954 2.314554 0.08176278 0.2969105 2.196234 0.2447627 0.3736714 2.529649 0.06127246 0.0362339 2.113701 0.4339953 0.3544004 2.557796 0.1162447 -0.1642197 2.105043 0.6338739 0.407208 2.436856 0.1362867 -0.2491358 2.116774 0.680861 0.424564 2.397352 0.1551418 0.1690528 2.334509 0.1664753 0.1144742 2.341034 0.1491794 -0.01649561 2.245534 0.2220154 -0.003801233 2.45855 0.1029503 -0.5265794 2.355432 0.2369067 -0.5271547 2.586232 0.01936742 -0.8976405 2.407871 0.2146869 -0.837025 2.626827 0.08810114 -0.9516991 2.38626 0.2025902 -0.9094006 2.567905
0.1209584 0.6135091 2.286751 0.1133596 0.4476435 2.313384 0.08181278 0.2967256 2.19597 0.244652 0.3740111 2.53071 0.06102882 0.03607827 2.11341 0.4330947 0.3512683 2.560249 0.1160488 -0.1649956 2.104568 0.5864379 0.4016812 2.432817 0.1355583 -0.249588 2.116549 0.6410792 0.4207968 2.387253 0.1564744 0.1663434 2.334207 0.1681593 0.11065 2.340776 0.1507333 -0.01607079 2.24443 0.2242781 -0.01300866 2.456465 0.1026578 -0.5276895 2.355858 0.2366091 -0.5280756 2.585316 0.01918308 -0.8984945 2.407868 0.2144239 -0.8377079 2.628306 0.08821091 -0.9519975 2.386313 0.2008253 -0.9099312 2.572531
0.1209514 0.6130694 2.285852 0.1137643 0.4467152 2.311227 0.08194848 0.2964265 2.195506 0.2449419 0.3745767 2.53242 0.06105936 0.03578225 2.112972 0.4311886 0.3438156 2.565402 0.1151408 -0.1649339 2.10329 0.570548 0.4024741 2.424755 0.1339301 -0.2501972 2.115948 0.6033263 0.4288328 2.375725 0.1566263 0.1665391 2.333762 0.1682887 0.1109497 2.340377 0.151165 -0.01365087 2.241786 0.2245512 -0.01142706 2.455954 0.1028264 -0.5284296 2.356512 0.2365933 -0.5280906 2.585267 0.01985941 -0.8982284 2.407827 0.2142433 -0.8367462 2.627288 0.08837418 -0.9524718 2.38642 0.2902523 -0.8803003 2.665877
0.1216449 0.6127993 2.284709 0.114113 0.4465648 2.310575 0.08228834 0.2960881 2.194986 0.2455158 0.3755628 2.534539 0.06151938 0.03540534 2.112588 0.4290786 0.3364495 2.570894 0.1148613 -0.1652058 2.102775 0.5321483 0.4046438 2.403321 0.1328253 -0.250342 2.115133 0.5570453 0.4281595 2.362145 0.1567052 0.1671879 2.333442 0.1682899 0.1118895 2.340035 0.1512873 -0.01216757 2.239865 0.2244563 -0.01057731 2.456096 0.1031499 -0.5286188 2.357147 0.2362671 -0.5271597 2.584377 0.01979499 -0.8981881 2.407966 0.2142747 -0.836639 2.627102 0.08888876 -0.952386 2.386404 0.2904426 -0.8805178 2.665006
0.1226989 0.6121523 2.283981 0.1146116 0.4464125 2.309116 0.08289151 0.2958892 2.1942 0.2457973 0.3760014 2.535 0.0619718 0.03526142 2.111609 0.4226029 0.3230829 2.58009 0.1147315 -0.1653855 2.102193 0.5007924 0.402081 2.403335 0.130759 -0.2494489 2.113623 0.5063028 0.4290902 2.355876 0.1574612 0.1643832 2.332698 0.1691273 0.1079657 2.339403 0.1514718 -0.01227107 2.239989 0.2245312 -0.01361694 2.454159 0.1031283 -0.5291438 2.357481 0.2363831 -0.5263266 2.584045 0.01923944 -0.8994846 2.408071 0.2136345 -0.8354042 2.625913 0.0891123 -0.9527398 2.386317 0.2889539 -0.8808452 2.663673
0.124566 0.6115997 2.282706 0.1150954 0.4465707 2.307896 0.08402888 0.2956358 2.193337 0.2461441 0.3766285 2.53535 0.06274411 0.03503534 2.110762 0.4051161 0.2996275 2.59832 0.114686 -0.1654266 2.101616 0.470304 0.3924179 2.414153 0.1305715 -0.2495266 2.113282 0.4800582 0.430508 2.341383 0.1575236 0.1674405 2.33173 0.1689702 0.1123915 2.338418 0.1521495 -0.01068253 2.236608 0.2243772 -0.01202982 2.455701 0.1025614 -0.5291376 2.35656 0.2364385 -0.5260277 2.582943 0.01931824 -0.8991966 2.407861 0.2134811 -0.8350997 2.625461 0.089246 -0.9527857 2.386513 0.2566119 -0.9081879 2.62817
0.1252917 0.6114318 2.282251 0.115518 0.4469161 2.306317 0.08504261 0.2955368 2.192318 0.2464037 0.3772617 2.535357 0.06360373 0.03491896 2.109887 0.4003833 0.2877508 2.595347 0.1148564 -0.1656944 2.101058 0.4233895 0.399327 2.420514 0.1302514 -0.2497953 2.11232 0.4368742 0.4313716 2.340847 0.1577138 0.1672501 2.331552 0.1691792 0.1120608 2.338333 0.152826 -0.01111593 2.236306 0.2246647 -0.01451364 2.456535 0.1010307 -0.5300254 2.354165 0.2365295 -0.5258799 2.58306 0.0193273 -0.8992065 2.407858 0.2134775 -0.8330456 2.623581 0.08383958 -0.9517409 2.383633 0.2619154 -0.9053305 2.631084
0.1254928 0.6116288 2.282578 0.1159274 0.4472286 2.306462 0.08582266 0.2957096 2.191733 0.2487319 0.3705429 2.537746 0.06499179 0.03514102 2.108856 0.4107658 0.2870481 2.588478 0.1165301 -0.166255 2.1006 0.4120586 0.4022168 2.414537 0.131258 -0.2504541 2.111345 0.4122782 0.4384494 2.330767 0.1578387 0.166951 2.331545 0.1692833 0.1114606 2.338305 0.1529295 -0.01123982 2.236058 0.2243379 -0.01736721 2.45633 0.1016068 -0.5304164 2.354885 0.2365587 -0.5260993 2.582957 0.01981715 -0.8996903 2.408028 0.2143708 -0.8327064 2.622097 0.0849606 -0.9526477 2.383842 0.284743 -0.8775991 2.668964
0.1471516 0.6139593 2.282665 0.116347 0.447443 2.306281 0.08601236 0.2958723 2.191632 0.2488241 0.3657545 2.538701 0.06695431 0.03538746 2.107767 0.4154222 0.2884459 2.586061 0.1181134 -0.1654336 2.099065 0.3813005 0.4053429 2.381732 0.1331256 -0.249656 2.110507 0.3831111 0.416553 2.361529 0.1580448 0.1669483 2.331406 0.1694472 0.1114167 2.338187 0.1536043 -0.01106897 2.235071 0.2246426 -0.0192169 2.456549 0.1001815 -0.528478 2.350552 0.2365352 -0.5264034 2.583229 0.01984067 -0.8997147 2.408001 0.2142999 -0.8324803 2.621839 0.08516536 -0.9526694 2.383707 0.2789122 -0.8942968 2.644352
0.1499951 0.6133543 2.28188 0.1165464 0.4479958 2.30618 0.0859822 0.296006 2.191622 0.2485447 0.3645587 2.539154 0.06892803 0.03542152 2.107589 0.4227124 0.2917827 2.572142 0.119625 -0.1648869 2.097666 0.3600304 0.4083633 2.370825 0.1351312 -0.2492309 2.109782 0.3570128 0.4407787 2.312275 0.1682086 0.04323875 2.325701 0.181097 -0.03826753 2.331581 0.1411907 -0.06938558 2.307439 0.2314055 -0.08828104 2.357875 0.09992251 -0.5286103 2.34986 0.2372363 -0.5298852 2.5848 0.01989822 -0.9005036 2.408219 0.2141541 -0.834283 2.621954 0.08586547 -0.9531658 2.383825 0.2700284 -0.9027488 2.636031
0.1526982 0.6127697 2.281231 0.1168551 0.4485418 2.306133 0.08613189 0.2962281 2.191553 0.2485031 0.3638046 2.539509 0.07117297 0.03559285 2.10718 0.4374863 0.3096015 2.53475 0.1231469 -0.1646606 2.096882 0.3495511 0.4111669 2.376451 0.1401653 -0.2467926 2.108063 0.3543676 0.4391689 2.316625 0.1682528 0.04319083 2.32571 0.1811504 -0.03833842 2.331595 0.1412282 -0.06952737 2.307307 0.2315576 -0.0884153 2.358087 0.09978194 -0.5286283 2.349567 0.2372559 -0.5298893 2.584821 0.02024623 -0.9001667 2.407956 0.2141933 -0.8342848 2.621989 0.08386417 -0.9529236 2.384259 0.270592 -0.901524 2.639176
0.1547009 0.6121432 2.281769 0.117723 0.4490237 2.30664 0.0865709 0.2965725 2.191393 0.2490748 0.3626611 2.54065 0.07293649 0.03588951 2.106919 0.439041 0.3098531 2.529696 0.1272896 -0.164809 2.096638 0.3466337 0.4099954 2.373201 0.144779 -0.2479524 2.107894 0.326361 0.4614033 2.283964 0.1683253 0.0431268 2.325929 0.1811752 -0.03840169 2.331784 0.1411214 -0.06972989 2.307201 0.2318279 -0.08859178 2.359185 0.0999456 -0.5280241 2.348992 0.2365533 -0.5370242 2.584465 0.02040253 -0.8996555 2.40765 0.2136031 -0.8410953 2.623214 0.08425271 -0.952939 2.38426 0.29066 -0.8815526 2.66309
0.155731 0.6120732 2.281518 0.1180578 0.4495498 2.306277 0.08716705 0.2969458 2.19109 0.2530165 0.3603135 2.536505 0.07476459 0.03621501 2.106563 0.4391132 0.3016405 2.542597 0.1310602 -0.1650368 2.095997 0.3531307 0.4021202 2.382389 0.1505564 -0.2452033 2.105953 0.3365182 0.4218161 2.340298 0.1683416 0.04316811 2.325956 0.1811679 -0.03835874 2.331797 0.1408081 -0.06989586 2.306886 0.2320978 -0.08861088 2.359576 0.1011439 -0.5279332 2.349964 0.236597 -0.5368741 2.584422 0.02022564 -0.8999113 2.407775 0.2137165 -0.8408893 2.623454 0.08522148 -0.9535599 2.385215 0.2579772 -0.9076311 2.630758
0.1564832 0.6117334 2.281539 0.1181394 0.4500059 2.306412 0.08738971 0.2972039 2.19117 0.2538724 0.3597769 2.535959 0.07606916 0.03648791 2.106369 0.4427593 0.304974 2.530458 0.134495 -0.165258 2.096786 0.3453206 0.4063956 2.378265 0.1573794 -0.2447662 2.105489 0.3364427 0.421856 2.340809 0.1682022 0.04314395 2.326035 0.1809615 -0.03841926 2.331878 0.1398739 -0.07036136 2.306754 0.2320978 -0.08873383 2.359735 0.1014219 -0.5277487 2.350039 0.236856 -0.5367939 2.584315 0.02023266 -0.9000245 2.407874 0.2137766 -0.8409903 2.622416 0.08429307 -0.953268 2.385164 0.2919022 -0.8781644 2.663396
0.1577953 0.6118171 2.282521 0.1186227 0.4503588 2.306415 0.08763975 0.2975374 2.191268 0.2556101 0.3589628 2.535081 0.0775032 0.03681281 2.106302 0.4462121 0.3073483 2.519393 0.1382215 -0.1653011 2.097445 0.3304879 0.413682 2.353583 0.16051 -0.2441195 2.104892 0.3101856 0.4479199 2.299697 0.1681431 0.04310682 2.326045 0.1807949 -0.03850471 2.331869 0.1385144 -0.07100511 2.306503 0.2322278 -0.08890361 2.35977 0.1029819 -0.5277396 2.351599 0.2371577 -0.5372407 2.584495 0.02016955 -0.900205 2.407899 0.2151369 -0.8416306 2.622045 0.0839071 -0.9531154 2.385759 0.2840289 -0.87619 2.678829
0.1578487 0.6118257 2.282578 0.1194276 0.4507814 2.306199 0.08808857 0.2978337 2.19151 0.2574206 0.3583511 2.534037 0.07886462 0.03711945 2.106359 0.4493778 0.3110975 2.512199 0.1422617 -0.1662616 2.098256 0.3289129 0.4137797 2.35275 0.1642696 -0.2436442 2.105031 0.3069527 0.4474705 2.299171 0.166737 0.04327855 2.326056 0.1783194 -0.0382882 2.331913 0.1347608 -0.07111309 2.306416 0.2303244 -0.08915567 2.359897 0.1018251 -0.5260895 2.348279 0.2373071 -0.5358664 2.584126 0.02119026 -0.897504 2.405735 0.2145972 -0.8401233 2.622065 0.08423687 -0.952731 2.385351 0.2725339 -0.9065639 2.649047
0.1578609 0.6118585 2.282588 0.1204051 0.4510041 2.306289 0.08876535 0.2980028 2.191259 0.2590722 0.3577 2.533664 0.08033457 0.0371491 2.106616 0.4421819 0.2879546 2.534256 0.1454127 -0.1669967 2.097851 0.3284158 0.4137276 2.351992 0.1667991 -0.2431569 2.105672 0.3062114 0.447195 2.298374 0.1621995 0.1662308 2.331036 0.172225 0.1093604 2.337625 0.1530111 -0.01236745 2.230052 0.22603 -0.02735157 2.45845 0.1017721 -0.5256459 2.347802 0.2376323 -0.5353978 2.583218 0.02084381 -0.8976457 2.406072 0.2150155 -0.8395746 2.621565 0.08544968 -0.9526282 2.386231 0.2649724 -0.9072405 2.638911
0.1580429 0.6119983 2.282792 0.1207236 0.4511528 2.306098 0.08951095 0.2981018 2.190968 0.2597054 0.3573673 2.533086 0.08138909 0.03713894 2.106776 0.4219201 0.2639733 2.570884 0.1475531 -0.1670194 2.098322 0.328802 0.4116419 2.354982 0.1712204 -0.2415701 2.107286 0.3062727 0.4451667 2.301537 0.1615606 0.1657754 2.330996 0.1714165 0.108713 2.337649 0.152042 -0.01279176 2.230572 0.2245804 -0.02771056 2.458214 0.1018111 -0.5244377 2.346216 0.2384388 -0.5334686 2.581897 0.02075634 -0.8952774 2.405361 0.213374 -0.83734 2.620775 0.08581283 -0.952246 2.385964 0.28884 -0.8863996 2.653384
0.1583447 0.6121613 2.28303 0.1213015 0.4513046 2.305902 0.091067 0.298212 2.190789 0.2605687 0.3570365 2.532581 0.08220548 0.03721416 2.106872 0.4327796 0.2706968 2.551206 0.1489304 -0.1666386 2.098547 0.3272185 0.414361 2.351869 0.1731905 -0.2398863 2.107754 0.3046969 0.4479343 2.298452 0.1612139 0.1660477 2.330992 0.1709405 0.1090976 2.337696 0.1518279 -0.01288286 2.23051 0.2234446 -0.02802958 2.458951 0.1014909 -0.524649 2.345738 0.2385523 -0.5334382 2.581954 0.02210502 -0.8887259 2.404536 0.2136291 -0.8374038 2.620438 0.08613806 -0.9524425 2.386057 0.2693439 -0.9025877 2.638976
0.1449596 0.6138749 2.28804 0.1226841 0.4510791 2.306025 0.09254117 0.2983512 2.190557 0.2622954 0.3561498 2.532442 0.08285148 0.03732282 2.106919 0.4349294 0.27065 2.551043 0.149842 -0.1663394 2.098572 0.3281463 0.4144429 2.353045 0.173445 -0.2397039 2.107715 0.3055612 0.4479518 2.299614 0.1611236 0.1659061 2.330993 0.1707781 0.1089193 2.337693 0.1515189 -0.01302633 2.230602 0.2228379 -0.02839925 2.458727 0.1015077 -0.5246201 2.345544 0.2381476 -0.5358582 2.583647 0.02116372 -0.9000347 2.407173 0.2148867 -0.8401189 2.621351 0.08664786 -0.9527033 2.386685 0.1940798 -0.9166993 2.567796
0.1501013 0.6134202 2.287303 0.1229912 0.4510636 2.305881 0.09266282 0.2982816 2.190629 0.2627273 0.3558525 2.532118 0.08333528 0.03724015 2.107003 0.4545937 0.3083569 2.511246 0.1502203 -0.1663737 2.098728 0.3281589 0.4144152 2.353154 0.1735341 -0.2395829 2.107931 0.3055903 0.447922 2.299716 0.1609581 0.1659642 2.330939 0.1705569 0.1090161 2.337643 0.1513119 -0.01315499 2.230513 0.2224282 -0.02875021 2.458848 0.1033673 -0.5265284 2.349943 0.2382745 -0.5356367 2.583715 0.0216264 -0.8993562 2.407328 0.2191436 -0.8448696 2.627281 0.08663728 -0.9527673 2.386446 0.2928387 -0.8919072 2.658132
0.151921 0.6132084 2.286668 0.1231625 0.4510292 2.305793 0.09294766 0.2982748 2.19046 0.2629822 0.3555996 2.531898 0.08401652 0.03719458 2.106958 0.4543191 0.3067541 2.515859 0.1506287 -0.1663854 2.098982 0.3459693 0.414004 2.376754 0.1735605 -0.2395642 2.1079 0.3531617 0.4248043 2.353909 0.1612263 0.1683491 2.330771 0.1710346 0.1126504 2.337485 0.1522566 -0.01231446 2.229368 0.2235047 -0.02736155 2.460423 0.1053171 -0.5271204 2.353151 0.2382331 -0.5358331 2.583279 0.02101447 -0.900378 2.407739 0.2200316 -0.8441287 2.6261 0.08737461 -0.9534297 2.387622 0.2920305 -0.8799824 2.678032
0.1458652 0.6133646 2.287394 0.1231233 0.451045 2.305532 0.0929016 0.2983549 2.190609 0.2629258 0.3554288 2.53147 0.08481801 0.03725675 2.107074 0.4532375 0.3059041 2.526079 0.1506822 -0.1664302 2.098986 0.351402 0.4140618 2.382398 0.173245 -0.2398399 2.107765 0.3681338 0.423182 2.363945 0.1611561 0.1692137 2.33054 0.1710537 0.1137014 2.337291 0.1526297 -0.01200066 2.228905 0.2239014 -0.02712224 2.460837 0.1054515 -0.5269712 2.353182 0.2387093 -0.535357 2.583092 0.02089454 -0.9009743 2.408174 0.2198174 -0.8399262 2.624248 0.08752637 -0.9536622 2.387558 0.2584047 -0.908989 2.624269
0.1431928 0.6134773 2.287379 0.1231629 0.4510153 2.305529 0.09312906 0.2984736 2.190472 0.2616811 0.3563415 2.534097 0.08495892 0.03735757 2.107042 0.4525665 0.308464 2.527215 0.1507388 -0.1668776 2.099154 0.3691696 0.4316722 2.383794 0.1731167 -0.2399798 2.107557 0.404733 0.4563814 2.328662 0.1611533 0.1701057 2.330636 0.1711083 0.1148842 2.337447 0.1532005 -0.01127582 2.22896 0.2240076 -0.02663398 2.46113 0.1039964 -0.5267924 2.349669 0.2408568 -0.5292647 2.581572 0.0207959 -0.9012681 2.408167 0.2192219 -0.8367137 2.622546 0.08616996 -0.9536154 2.38737 0.2583494 -0.9089811 2.624386
0.1404423 0.6136138 2.286435 0.122833 0.4511314 2.305322 0.09311344 0.2984948 2.190381 0.2607898 0.3562848 2.534974 0.08496587 0.03741947 2.106774 0.4536448 0.3183192 2.530429 0.1506713 -0.166903 2.099133 0.4320742 0.4429522 2.365262 0.1723953 -0.2405887 2.10674 0.4572836 0.4563798 2.328381 0.1609298 0.1707699 2.330441 0.1709939 0.1155736 2.337276 0.1535915 -0.01098078 2.228474 0.224136 -0.02636614 2.461317 0.1034513 -0.5262282 2.348176 0.2407235 -0.5305498 2.581895 0.02042608 -0.9010837 2.408381 0.2197157 -0.8379737 2.622559 0.0872885 -0.9531853 2.388828 0.1951084 -0.9142142 2.570135
0.1380659 0.6136557 2.285841 0.1224233 0.4511008 2.305091 0.0931001 0.2985562 2.190349 0.2599605 0.3560215 2.535619 0.08504403 0.03749996 2.106651 0.4557854 0.3372535 2.529476 0.1505023 -0.1671066 2.098765 0.5017611 0.4401975 2.353854 0.1714591 -0.2411244 2.105079 0.5303766 0.47307 2.30627 0.1608231 0.1708043 2.330442 0.1709498 0.1155883 2.337296 0.15374 -0.01101569 2.228472 0.2241631 -0.0265763 2.461656 0.102966 -0.5262393 2.347244 0.2404702 -0.5302393 2.581688 0.01935675 -0.9061651 2.409289 0.2190478 -0.8363291 2.621161 0.08735964 -0.9532843 2.388472 0.257803 -0.9064212 2.627128
0.1359234 0.6136464 2.285565 0.1220724 0.4510618 2.305188 0.09267432 0.2985661 2.190216 0.2590607 0.3557218 2.536858 0.08514936 0.03752315 2.106395 0.4559263 0.3478403 2.527432 0.1501738 -0.1674075 2.098231 0.5563666 0.4339176 2.367284 0.1707034 -0.2432859 2.104182 0.5931692 0.4585216 2.328085 0.1605193 0.1707472 2.330487 0.1707084 0.1154971 2.337337 0.1536006 -0.01117362 2.228494 0.2240993 -0.02649852 2.46165 0.1037081 -0.5254446 2.347542 0.2395939 -0.5363147 2.583544 0.02060627 -0.9037672 2.408023 0.2179174 -0.8408926 2.620265 0.08748333 -0.9533803 2.388367 0.2584831 -0.9070837 2.62844
0.1329721 0.6135934 2.285383 0.121917 0.4509219 2.30536 0.09238161 0.2984717 2.189886 0.2540084 0.3628791 2.53434 0.08492828 0.03741282 2.106132 0.4511127 0.3593439 2.523496 0.1497058 -0.1677663 2.097096 0.5807753 0.4267756 2.377136 0.1700302 -0.244895 2.103251 0.6306442 0.4533669 2.333038 0.1711375 0.06154915 2.328175 0.1842553 -0.01563553 2.334116 0.1479127 -0.04829427 2.312903 0.231758 -0.0636568 2.357652 0.1051999 -0.5260069 2.349336 0.2400283 -0.5375012 2.584502 0.0204547 -0.903446 2.408161 0.2187987 -0.8423443 2.620071 0.08827534 -0.9534291 2.388986 0.1962863 -0.9210646 2.572589
0.1309679 0.6132638 2.284902 0.121454 0.4506624 2.305342 0.09201608 0.2981821 2.189357 0.2492648 0.3689601 2.529203 0.08466139 0.03707162 2.105828 0.4457662 0.3607367 2.523513 0.1491596 -0.1677416 2.096235 0.5966753 0.4185265 2.396394 0.1692591 -0.2459056 2.102056 0.6577515 0.4440795 2.344839 0.1708062 0.06164468 2.327878 0.183887 -0.01549512 2.333792 0.1475176 -0.04836424 2.312378 0.2313365 -0.06333473 2.357441 0.105104 -0.5259546 2.348212 0.2404275 -0.5373851 2.58466 0.02015102 -0.9031824 2.408337 0.218657 -0.8422164 2.620094 0.08908076 -0.9533242 2.38845 0.294033 -0.8831434 2.662641
0.1292487 0.6129099 2.284169 0.1210663 0.4504784 2.30527 0.09165097 0.2979992 2.188937 0.2481236 0.3706883 2.527687 0.0838864 0.03688034 2.105504 0.4436914 0.358945 2.528316 0.1486138 -0.1682024 2.095148 0.6008258 0.4126834 2.407825 0.1685213 -0.2465284 2.100479 0.6660171 0.4414745 2.353151 0.1707465 0.06152924 2.327831 0.1838396 -0.0156337 2.333764 0.1473115 -0.04863385 2.31275 0.2313672 -0.06338555 2.357058 0.1053537 -0.5245156 2.346073 0.2407697 -0.5371014 2.584927 0.01957033 -0.900255 2.40889 0.2179367 -0.8417963 2.620649 0.08635327 -0.9509078 2.386278 0.2936518 -0.8828537 2.662464
0.1290488 0.6125737 2.284011 0.1208596 0.4502442 2.305381 0.09152675 0.2979237 2.188235 0.2477298 0.3708651 2.527203 0.08299083 0.03676271 2.105105 0.4432061 0.3600108 2.528861 0.1479513 -0.1682775 2.094346 0.6235773 0.4151119 2.410612 0.1675805 -0.2461902 2.099567 0.6755946 0.4380689 2.361821 0.1634413 0.1293869 2.329649 0.1753113 0.06608918 2.336076 0.1524463 -0.02414623 2.251026 0.2260547 -0.030981 2.4291 0.1040397 -0.5261348 2.345453 0.2403299 -0.5486368 2.589961 0.01935198 -0.9006283 2.409006 0.21742 -0.8536742 2.62393 0.08589344 -0.9512684 2.386596 0.2042814 -0.9114668 2.572543
0.1279863 0.6114138 2.282317 0.1208007 0.4497109 2.305462 0.09120205 0.2974236 2.187273 0.2474617 0.3714738 2.526863 0.08213495 0.03616399 2.10468 0.4424742 0.3585164 2.5308 0.1469663 -0.168189 2.093506 0.625128 0.4147574 2.411078 0.1663969 -0.247319 2.09988 0.6793229 0.4369988 2.364935 0.1634582 0.129208 2.329677 0.1753104 0.0658983 2.336117 0.1523816 -0.02420147 2.251183 0.2260403 -0.03105848 2.42906 0.1039749 -0.5253999 2.344263 0.2402886 -0.5506111 2.590636 0.01937372 -0.9006176 2.409002 0.215657 -0.8545537 2.629299 0.08714986 -0.9516901 2.387326 0.2568398 -0.9118968 2.634184
0.1267715 0.6108778 2.281444 0.1205369 0.4494551 2.30541 0.09098601 0.2972532 2.186959 0.247071 0.3720169 2.5267 0.07914682 0.03654644 2.10237 0.4415236 0.3573596 2.533375 0.1449192 -0.1675789 2.092624 0.6255612 0.4137026 2.41268 0.162995 -0.2478264 2.099156 0.6802527 0.4364799 2.367626 0.1617984 0.141266 2.330037 0.1730168 0.08342801 2.336846 0.153106 -0.02202014 2.246141 0.2252167 -0.0289356 2.439405 0.1038502 -0.5254719 2.344028 0.2420651 -0.5379002 2.589343 0.01970797 -0.9011465 2.409205 0.2161389 -0.8415158 2.629026 0.08762009 -0.9521937 2.386852 0.2924587 -0.881847 2.670451
0.1264443 0.6103937 2.281044 0.1204538 0.4491589 2.305507 0.09070682 0.2968879 2.186353 0.246992 0.3722222 2.526685 0.07765637 0.0363692 2.101192 0.4410988 0.3569407 2.535084 0.1426301 -0.1665745 2.091795 0.6257347 0.41328 2.413168 0.1604441 -0.2486758 2.09872 0.6806188 0.4361687 2.368408 0.1619368 0.13858 2.329812 0.1732985 0.07789448 2.336359 0.1527042 -0.02201337 2.247284 0.2248005 -0.02916639 2.435168 0.1037488 -0.5253718 2.343723 0.2423284 -0.5369439 2.588485 0.01986635 -0.9007807 2.409084 0.2159902 -0.8408881 2.626457 0.08734125 -0.951991 2.38688 0.2014977 -0.907942 2.572199
0.1260671 0.6099133 2.279994 0.1200643 0.4487784 2.304705 0.09048551 0.2966285 2.186171 0.2470044 0.3721834 2.52664 0.07741727 0.03603885 2.101329 0.4410259 0.3569135 2.535522 0.141573 -0.1663744 2.091538 0.6255302 0.4132154 2.413272 0.1590147 -0.2491865 2.099015 0.6795653 0.4363884 2.369594 0.1618808 0.1366081 2.329148 0.1733109 0.07488095 2.335708 0.1524028 -0.02219179 2.247893 0.2246193 -0.02979609 2.433116 0.1039095 -0.5249968 2.343746 0.2423639 -0.5371599 2.588516 0.01996279 -0.8985013 2.409053 0.2157114 -0.8411866 2.62596 0.08534075 -0.9504924 2.385682 0.294092 -0.8801121 2.664804
0.1258428 0.6096165 2.279472 0.1199995 0.448653 2.304632 0.09036458 0.296605 2.18611 0.2468553 0.3722254 2.526959 0.07741929 0.03594011 2.101576 0.4407578 0.3567701 2.536414 0.1404531 -0.1663091 2.091869 0.6120468 0.4081229 2.419251 0.1573192 -0.2496378 2.099213 0.6758554 0.4360564 2.370461 0.1600898 0.1505022 2.32954 0.1707585 0.09499233 2.33654 0.1529185 -0.01918076 2.242937 0.2232475 -0.02685665 2.443733 0.1036197 -0.525658 2.343542 0.2427514 -0.5342864 2.587892 0.01968286 -0.8999859 2.409786 0.215958 -0.838385 2.624926 0.08462672 -0.9507452 2.385532 0.2922429 -0.8796558 2.665485
0.1256778 0.6095407 2.27931 0.1199251 0.4486072 2.304557 0.09025116 0.2965517 2.186054 0.2463973 0.3724304 2.527127 0.07722516 0.03582254 2.101828 0.4394262 0.3550868 2.540288 0.1392392 -0.1659789 2.092031 0.599479 0.4072978 2.423424 0.1552989 -0.2504733 2.099594 0.6603415 0.4358073 2.373158 0.159771 0.1540406 2.32969 0.1705402 0.09804969 2.336739 0.1534951 -0.01797695 2.240601 0.2229925 -0.02571498 2.447627 0.1044868 -0.5257274 2.345834 0.2433113 -0.5304088 2.587466 0.01892348 -0.907001 2.412923 0.2157903 -0.8347216 2.624808 0.08548047 -0.951564 2.385851 0.2906323 -0.8796927 2.664103
0.1252652 0.6092998 2.279113 0.119656 0.4481826 2.303914 0.09015037 0.2962642 2.186012 0.2459251 0.3723663 2.526914 0.07717734 0.0354645 2.102093 0.4383631 0.3539303 2.542418 0.1377464 -0.1655929 2.091749 0.594263 0.408608 2.420615 0.1533435 -0.2507626 2.09975 0.6441786 0.4373445 2.369803 0.1610247 0.1410069 2.328412 0.1727905 0.07688436 2.335318 0.1531528 -0.01981126 2.243914 0.2232385 -0.02854193 2.438966 0.1053032 -0.5255101 2.347324 0.2433361 -0.5303459 2.587593 0.02023372 -0.904346 2.412501 0.2157584 -0.8343971 2.624514 0.08470481 -0.9517089 2.385604 0.290352 -0.8796051 2.66401
0.1251058 0.6092608 2.27883 0.1196772 0.4480028 2.303951 0.09009232 0.2962093 2.185988 0.246197 0.3717341 2.52923 0.07690755 0.03538209 2.102243 0.438095 0.3503725 2.545817 0.1368985 -0.165513 2.092235 0.5770687 0.4132444 2.40683 0.1524439 -0.2511295 2.101146 0.6046153 0.4367062 2.373715 0.1596503 0.1526504 2.329363 0.170129 0.09811828 2.336672 0.1534687 -0.01862033 2.239662 0.2223876 -0.02821789 2.44827 0.1047471 -0.5261782 2.346696 0.2431731 -0.5280553 2.585302 0.01952993 -0.9082829 2.412488 0.213131 -0.8375599 2.630888 0.08571026 -0.9524086 2.385897 0.2651195 -0.9083914 2.648284
0.1250364 0.6093067 2.278745 0.1196532 0.4479796 2.30397 0.09003242 0.2961794 2.18591 0.2467525 0.3719431 2.535034 0.07684347 0.03529507 2.102428 0.4383362 0.3448559 2.549731 0.1359014 -0.1652337 2.092542 0.5558947 0.4316764 2.38229 0.1519652 -0.251008 2.101378 0.5896498 0.438645 2.362874 0.1586456 0.1582565 2.330318 0.1691709 0.1032501 2.337614 0.1533386 -0.01756793 2.238343 0.2216025 -0.02676138 2.453386 0.104202 -0.526931 2.346569 0.2431716 -0.528526 2.585497 0.01967347 -0.9074987 2.41206 0.2134327 -0.836714 2.629642 0.08655626 -0.9531034 2.386136 0.2593575 -0.9056901 2.630254
0.1248159 0.6092989 2.278521 0.1196264 0.4478426 2.303806 0.08997256 0.2959885 2.185824 0.2469995 0.3718006 2.536348 0.07664184 0.03505677 2.102593 0.4417159 0.3477964 2.534859 0.1351371 -0.1648787 2.09252 0.5597137 0.4615642 2.318708 0.1515462 -0.2512318 2.101901 0.5445755 0.4432695 2.338842 0.1564277 0.1694942 2.330101 0.1663609 0.1170235 2.337503 0.1517903 -0.01374712 2.233832 0.2192903 -0.01636613 2.461383 0.103815 -0.5271988 2.346396 0.2429219 -0.5281402 2.582166 0.01988777 -0.9070877 2.411591 0.213246 -0.8374112 2.630962 0.08675495 -0.953279 2.386044 0.2706041 -0.9116447 2.646453
0.1248151 0.6092448 2.278387 0.1194488 0.4479915 2.303131 0.09005804 0.2959847 2.185776 0.2470122 0.3720081 2.536633 0.0765443 0.0349668 2.102986 0.4419535 0.3460232 2.530962 0.1352547 -0.1651374 2.092692 0.4932893 0.4710347 2.333072 0.1515486 -0.2511161 2.102283 0.5033519 0.4404097 2.345526 0.1560363 0.1729462 2.330179 0.1660693 0.1202196 2.337809 0.1522678 -0.01309808 2.232266 0.2191217 -0.01752952 2.466219 0.1033957 -0.5265908 2.345854 0.2427751 -0.527043 2.58285 0.02097154 -0.9001246 2.409437 0.2124659 -0.8396356 2.636859 0.08712687 -0.9530807 2.386272 0.2926188 -0.8794775 2.670869
0.1254891 0.6091164 2.278011 0.1193031 0.4479961 2.302767 0.09010302 0.2959872 2.185852 0.246996 0.372109 2.536963 0.07660308 0.03494301 2.103182 0.4427748 0.3451395 2.51656 0.1354233 -0.1651021 2.092812 0.473964 0.4674398 2.320521 0.1515193 -0.2509473 2.102446 0.4761623 0.4389061 2.338513 0.1556571 0.1756569 2.330464 0.1657256 0.1231044 2.338276 0.1525599 -0.01239452 2.231465 0.218911 -0.01774459 2.468979 0.1020627 -0.5278382 2.345417 0.2425557 -0.5268543 2.583164 0.02027179 -0.9058477 2.409989 0.2126285 -0.8396703 2.637057 0.0872662 -0.953196 2.386308 0.2599703 -0.9138533 2.643336
0.1254457 0.6093394 2.278504 0.1193429 0.4480188 2.302757 0.09010171 0.296172 2.186221 0.2475349 0.3693108 2.541158 0.07673322 0.03514469 2.103446 0.4432878 0.3421901 2.509572 0.1357946 -0.1649183 2.09357 0.4278356 0.4638147 2.301506 0.1514708 -0.2507927 2.102649 0.4382968 0.4372452 2.334523 0.1549805 0.1809916 2.330699 0.1647882 0.1294876 2.338472 0.1521116 -0.01033857 2.22871 0.2182026 -0.01556686 2.471598 0.1019219 -0.5267833 2.344589 0.2425108 -0.5273384 2.583659 0.02068227 -0.9000503 2.407952 0.2122767 -0.8398384 2.636924 0.08755134 -0.9529742 2.386077 0.2864566 -0.8852378 2.676986
0.1258354 0.6096349 2.278574 0.1193813 0.4482675 2.302675 0.09014817 0.2963828 2.186721 0.2492915 0.3637504 2.542358 0.07695329 0.03539741 2.103723 0.4253323 0.291321 2.569824 0.1362369 -0.1649522 2.094235 0.3881302 0.408314 2.401652 0.1525009 -0.2504852 2.103444 0.4109268 0.44014 2.332731 0.1550904 0.1804728 2.330832 0.1650199 0.1280934 2.338707 0.1520542 -0.01020743 2.228975 0.2183241 -0.01631114 2.471153 0.1047492 -0.5243894 2.348022 0.2419145 -0.5280973 2.582616 0.02057819 -0.8984524 2.407803 0.2113308 -0.8409353 2.639153 0.08755614 -0.952822 2.386085 0.2670021 -0.9055055 2.635295
0.1467275 0.6116606 2.277588 0.119273 0.4488675 2.302711 0.08977392 0.2968685 2.18808 0.2494478 0.3620479 2.542958 0.07793245 0.03591689 2.104642 0.425602 0.2898347 2.570337 0.1364918 -0.1647711 2.09438 0.3833298 0.4116485 2.37126 0.1531863 -0.2498638 2.103717 0.38971 0.4450426 2.313539 0.1551273 0.1803873 2.330971 0.1651165 0.1277509 2.338925 0.1521058 -0.01022852 2.229011 0.2186593 -0.01823962 2.471689 0.1051988 -0.5244614 2.349451 0.2417233 -0.5280274 2.582443 0.02032797 -0.8971391 2.407864 0.2114264 -0.8402904 2.638654 0.08780243 -0.9526504 2.386173 0.2862853 -0.8836739 2.679679
0.1490516 0.6124163 2.278191 0.1189288 0.4508236 2.3038 0.08980747 0.2972492 2.18906 0.2494349 0.3615915 2.544127 0.07902701 0.03631485 2.105344 0.4276976 0.2887592 2.562964 0.1372197 -0.1647272 2.094778 0.3395241 0.3927341 2.406583 0.1543669 -0.2469372 2.103384 0.3582538 0.4358588 2.32069 0.1551781 0.179947 2.331582 0.1652671 0.126618 2.339672 0.1521606 -0.01035328 2.229189 0.2187686 -0.01956315 2.472043 0.1057397 -0.5278788 2.353727 0.241718 -0.5281053 2.583314 0.01909515 -0.9041452 2.408826 0.2105747 -0.8396651 2.637829 0.08631068 -0.9528422 2.385632 0.2857596 -0.883146 2.678151
0.152754 0.6127934 2.280499 0.1202427 0.4510782 2.305323 0.08985158 0.2979369 2.190059 0.2517548 0.3590722 2.547053 0.07953179 0.03712496 2.10572 0.4366646 0.2929039 2.543821 0.1382087 -0.164965 2.095201 0.3181667 0.3950351 2.409737 0.1565797 -0.2461859 2.103049 0.3447526 0.4376872 2.318594 0.1557241 0.179029 2.332461 0.1657473 0.1252901 2.340407 0.1520848 -0.01032378 2.229454 0.2190074 -0.02113988 2.471821 0.1053293 -0.5280138 2.352658 0.2420067 -0.5317429 2.585028 0.0191277 -0.904433 2.409553 0.2108876 -0.8395243 2.637307 0.08636332 -0.9529046 2.385611 0.2771415 -0.8986776 2.657314
0.153962 0.6129233 2.281425 0.121179 0.4520734 2.307161 0.0898843 0.2984028 2.190606 0.25273 0.3585958 2.549051 0.08020557 0.03759888 2.106133 0.4411096 0.2990036 2.516366 0.1400523 -0.1658627 2.095856 0.3026641 0.4042039 2.40909 0.1592257 -0.2456651 2.103379 0.283898 0.4489279 2.332525 0.1553841 0.1781411 2.333439 0.1650968 0.1237764 2.341321 0.1505073 -0.01049632 2.230707 0.2172526 -0.02294966 2.471226 0.1059631 -0.5267888 2.353375 0.241863 -0.533142 2.585426 0.01871471 -0.907204 2.409767 0.2114412 -0.8378966 2.632878 0.08652525 -0.9532143 2.385666 0.2855388 -0.8886164 2.666142
0.1548793 0.6131564 2.282289 0.1217557 0.4528731 2.308205 0.09029252 0.2986175 2.19118 0.2562188 0.354355 2.546372 0.08121343 0.0378677 2.106382 0.44211 0.3355501 2.455847 0.1414423 -0.1658014 2.096022 0.29822 0.4179465 2.334988 0.1607337 -0.2451432 2.103133 0.287581 0.4619088 2.255923 0.1549498 0.1757339 2.334499 0.1642513 0.1198589 2.342293 0.1487152 -0.01115025 2.231866 0.2157319 -0.0255697 2.470215 0.1066391 -0.5253378 2.353899 0.241726 -0.5319136 2.586875 0.01923276 -0.9051095 2.409645 0.2129773 -0.8362897 2.630888 0.08749852 -0.9531673 2.386349 0.2655447 -0.9109179 2.645142
0.1551498 0.613428 2.28278 0.1219921 0.4532806 2.308941 0.09050941 0.2990459 2.191863 0.2558799 0.3565712 2.544265 0.08191597 0.03840214 2.106537 0.4421756 0.3345707 2.455958 0.1432889 -0.165338 2.096395 0.2972981 0.4205735 2.339331 0.1620318 -0.2439905 2.102421 0.2725225 0.4648794 2.264243 0.1547704 0.1756006 2.334876 0.1640458 0.1197224 2.342541 0.14819 -0.01096533 2.232234 0.2151295 -0.02571535 2.470216 0.1073545 -0.5240585 2.353981 0.2419113 -0.5318996 2.586666 0.01924092 -0.9037909 2.41013 0.2133766 -0.8364798 2.63136 0.08780119 -0.9529539 2.386641 0.2601674 -0.9123135 2.63766
0.1557742 0.6135678 2.283877 0.1222108 0.4534948 2.309241 0.09076849 0.2994692 2.192451 0.2558358 0.3578689 2.542635 0.08258943 0.0389263 2.106638 0.4412313 0.3383576 2.450918 0.1448376 -0.1652106 2.096594 0.2923681 0.4217032 2.33784 0.1640287 -0.2441808 2.103027 0.2832994 0.4650478 2.258243 0.1547434 0.1753069 2.335106 0.163984 0.1193734 2.342702 0.1479994 -0.01099566 2.232398 0.2149077 -0.02591735 2.47015 0.1057136 -0.5249707 2.351758 0.2420528 -0.532223 2.5869 0.01936744 -0.9037706 2.410116 0.2137187 -0.835731 2.629077 0.08787467 -0.9530462 2.38658 0.2597584 -0.91287 2.635501
0.1565517 0.613666 2.285128 0.1226206 0.4540544 2.310112 0.09089022 0.2997365 2.192799 0.2559008 0.3588833 2.542112 0.08295561 0.03925875 2.106681 0.4403353 0.3421629 2.447018 0.1458602 -0.1646452 2.096407 0.2886542 0.4242033 2.337155 0.1651517 -0.2434953 2.102806 0.263878 0.4685102 2.262065 0.1546778 0.1747968 2.335395 0.1638468 0.1186609 2.342872 0.1475413 -0.01094496 2.232686 0.2144601 -0.02612845 2.469529 0.1073345 -0.5233527 2.352234 0.2416112 -0.5326971 2.586707 0.019726 -0.9027294 2.409673 0.2139104 -0.8360389 2.629541 0.08779904 -0.9528897 2.38568 0.2884807 -0.8785868 2.671954
0.1559786 0.6138409 2.285816 0.1226851 0.45435 2.310609 0.09103936 0.2997894 2.192938 0.2539686 0.3588564 2.540869 0.08330198 0.039343 2.106668 0.3961921 0.4057808 2.385912 0.1474116 -0.1643535 2.096364 0.2033985 0.417346 2.330552 0.1665302 -0.2431429 2.102633 0.178622 0.4616534 2.255461 0.1543854 0.1738442 2.335728 0.1634523 0.1173475 2.343088 0.1472011 -0.01122412 2.232791 0.2135408 -0.02660393 2.469148 0.1062561 -0.5230499 2.350022 0.24159 -0.5327501 2.586616 0.02010984 -0.9022426 2.409501 0.2134828 -0.8359835 2.629011 0.08778443 -0.9529063 2.385559 0.288118 -0.8786208 2.671223
0.1556503 0.6143069 2.28748 0.122439 0.4545048 2.311146 0.09114948 0.2998759 2.193103 0.2538663 0.3589364 2.540022 0.08372644 0.03951091 2.106452 0.40445 0.3994015 2.392585 0.1486144 -0.1647361 2.09636 0.2154609 0.4276659 2.328745 0.1684125 -0.2426264 2.102492 0.1906841 0.4719739 2.253654 0.1540758 0.1737077 2.335978 0.1631681 0.1172328 2.343233 0.1467795 -0.0113321 2.23269 0.2130478 -0.02691539 2.469357 0.1068631 -0.5237705 2.351299 0.2416011 -0.5324442 2.587392 0.02016038 -0.9033508 2.409925 0.2140208 -0.8448197 2.640074 0.08794282 -0.9530649 2.38545 0.2939652 -0.8848874 2.674336
0.1556048 0.6145439 2.288465 0.1220347 0.4547014 2.311469 0.09099697 0.2999651 2.193233 0.2534895 0.3591073 2.539002 0.08394954 0.03967085 2.106243 0.4089254 0.400338 2.39811 0.1490926 -0.1645175 2.096299 0.2185489 0.3857652 2.436128 0.168643 -0.2424777 2.102281 0.1550901 0.3809076 2.453201 0.1541955 0.1732631 2.336121 0.1634378 0.116637 2.343307 0.1468469 -0.01128423 2.232795 0.2137723 -0.02657206 2.468807 0.1054363 -0.5232918 2.34906 0.241004 -0.5323974 2.586851 0.02004553 -0.9031104 2.409931 0.2139615 -0.8444263 2.639789 0.0886106 -0.9528366 2.38566 0.2940737 -0.8851051 2.672923
0.1269898 0.6183028 2.293444 0.1217656 0.4547769 2.311897 0.09083422 0.2999023 2.193329 0.2533625 0.3591126 2.538602 0.08427142 0.03966513 2.106052 0.4106496 0.3999608 2.400119 0.149295 -0.1644761 2.096213 0.220312 0.3853528 2.438265 0.1687895 -0.2424255 2.102179 0.3505825 0.4705568 2.278528 0.1543534 0.1730352 2.336351 0.1636875 0.116398 2.34348 0.1470655 -0.01125003 2.232956 0.2144015 -0.02668948 2.468753 0.1054903 -0.5231255 2.348903 0.2409104 -0.5313799 2.586124 0.02072171 -0.9017317 2.409 0.2139261 -0.8410659 2.635311 0.08860648 -0.9529047 2.385708 0.2527184 -0.91203 2.628563
0.1252445 0.6184403 2.293507 0.1211523 0.4547807 2.311674 0.09083132 0.2998513 2.193321 0.2532816 0.3585158 2.538897 0.08432924 0.03961903 2.106025 0.4412441 0.3008227 2.533462 0.149643 -0.1645967 2.09619 0.3562839 0.4141697 2.382373 0.1688941 -0.2424725 2.101771 0.3826322 0.4441174 2.328545 0.1540171 0.1738322 2.336238 0.1633792 0.1176677 2.34331 0.146987 -0.01070837 2.232638 0.2144763 -0.02569607 2.469043 0.1047325 -0.5229172 2.347257 0.2412228 -0.5303454 2.5859 0.02064593 -0.9016447 2.409135 0.2139292 -0.8408468 2.634938 0.0886813 -0.9528511 2.385823 0.2843968 -0.8770208 2.662051
0.1248507 0.6184557 2.293622 0.1209581 0.454723 2.311597 0.0908618 0.2998423 2.193302 0.2531233 0.3581954 2.538995 0.08428596 0.03964463 2.105878 0.4419295 0.3031786 2.533144 0.1496901 -0.16432 2.09588 0.3733693 0.419242 2.375351 0.1688185 -0.2422691 2.101274 0.4085838 0.4508915 2.310001 0.1625744 0.04245526 2.329854 0.1743423 -0.03955243 2.335545 0.1321507 -0.07205882 2.308914 0.2257337 -0.0879096 2.364114 0.1037264 -0.5235882 2.345834 0.2416206 -0.5288342 2.585168 0.02049956 -0.9020364 2.409404 0.2145554 -0.8400342 2.631826 0.08892395 -0.9531898 2.386072 0.2620596 -0.9078344 2.63239
0.1225578 0.6181822 2.293148 0.1200988 0.4544687 2.311261 0.09083973 0.2997383 2.193325 0.2521023 0.3582739 2.538428 0.0842958 0.03957897 2.105743 0.4408526 0.3048905 2.53701 0.1497488 -0.1643115 2.095761 0.4210207 0.4206968 2.364834 0.1684864 -0.2420825 2.100605 0.434867 0.4511914 2.303882 0.1628599 0.04263412 2.329799 0.1748873 -0.03922703 2.33549 0.1345827 -0.07007823 2.312685 0.2264655 -0.08640094 2.360403 0.1036465 -0.5240907 2.345153 0.2432463 -0.5254887 2.584952 0.01868298 -0.907596 2.411465 0.2139037 -0.8389256 2.630121 0.08925223 -0.95355 2.386263 0.2620619 -0.9079034 2.63233
0.1223033 0.6180601 2.293247 0.1194436 0.4542307 2.311013 0.09077033 0.2994247 2.193193 0.2504858 0.3604203 2.538346 0.08361392 0.03951642 2.104638 0.4374269 0.3057508 2.546196 0.1497115 -0.1640935 2.09549 0.4633181 0.4134893 2.369291 0.1681567 -0.2415538 2.099962 0.4936412 0.4510054 2.301776 0.1627523 0.04216712 2.329886 0.1747989 -0.03985362 2.33565 0.1345009 -0.07183474 2.310739 0.2257476 -0.09010053 2.364237 0.1051115 -0.5234569 2.346795 0.2434958 -0.5257875 2.585014 0.01806698 -0.9098603 2.412167 0.214838 -0.8359689 2.626856 0.08080003 -0.9503934 2.382472 0.2887601 -0.882057 2.666633
0.121966 0.6177001 2.29317 0.1185528 0.4538593 2.310877 0.09056484 0.2993074 2.193119 0.2467692 0.3639805 2.536034 0.08358216 0.03940421 2.104533 0.4312801 0.3044052 2.548612 0.149854 -0.1640795 2.095124 0.5060127 0.4004177 2.379159 0.1676662 -0.2410885 2.099069 0.5598246 0.4429871 2.296588 0.1625735 0.04204807 2.329863 0.1746537 -0.03995481 2.33564 0.1341721 -0.07210178 2.310433 0.2255989 -0.09006217 2.364294 0.1044403 -0.5242571 2.345472 0.2437216 -0.5339797 2.584877 0.02015861 -0.9060372 2.408703 0.2148804 -0.8367543 2.627127 0.08297436 -0.9517187 2.38283 0.2889609 -0.8825107 2.666994
0.1213687 0.6174804 2.293122 0.117408 0.4537948 2.311243 0.08997139 0.299039 2.193036 0.245109 0.3656864 2.535063 0.08347316 0.03915942 2.104306 0.4420387 0.3486596 2.511101 0.1498507 -0.1639169 2.094828 0.5721508 0.4051507 2.360221 0.1670653 -0.2408137 2.098244 0.6217837 0.4307162 2.306759 0.1603202 0.04285404 2.329385 0.1718965 -0.03887047 2.334852 0.130705 -0.07274739 2.303118 0.2208222 -0.09067723 2.367528 0.1043218 -0.5244516 2.344864 0.2460389 -0.5444781 2.591577 0.02058807 -0.9041576 2.408746 0.2141945 -0.847562 2.631055 0.08328161 -0.9517752 2.382844 0.277098 -0.9016937 2.650814
0.1210571 0.6171297 2.293097 0.1162691 0.4534698 2.311231 0.08935851 0.2989367 2.193088 0.2445467 0.3663605 2.534316 0.08335752 0.03907007 2.104258 0.4419214 0.3603218 2.499366 0.1498203 -0.1642221 2.094253 0.6203489 0.4030558 2.367873 0.1667523 -0.2406401 2.097666 0.6752672 0.4218797 2.323816 0.1603382 0.04308016 2.329263 0.1720569 -0.03847296 2.334653 0.1309497 -0.07242009 2.303356 0.221635 -0.08905809 2.366258 0.1042211 -0.5248024 2.34447 0.2461253 -0.5432428 2.591176 0.02044747 -0.9042654 2.408931 0.2144706 -0.8463141 2.630801 0.08386084 -0.9518877 2.382575 0.2662116 -0.9101285 2.63723
0.1209985 0.6167845 2.29316 0.1158887 0.4531588 2.311368 0.08846028 0.2990391 2.192829 0.243487 0.3708591 2.531074 0.08315454 0.03911489 2.104175 0.4405045 0.3670864 2.489512 0.1497785 -0.1643006 2.094033 0.6364099 0.3998459 2.378952 0.1663083 -0.2403547 2.097066 0.6986521 0.4151917 2.347335 0.1618642 0.05622127 2.329307 0.1747473 -0.01897067 2.334569 0.1362124 -0.0553281 2.306069 0.2238046 -0.0672549 2.363962 0.1054146 -0.5228477 2.343891 0.2436066 -0.5505625 2.591851 0.02120184 -0.9012243 2.409381 0.2175629 -0.8524781 2.638861 0.08658288 -0.9520351 2.385276 0.2063573 -0.9214691 2.575884
0.1209014 0.6163862 2.292814 0.1154175 0.4528172 2.311153 0.08773284 0.2988232 2.192499 0.246178 0.3725766 2.527004 0.08253611 0.03886616 2.103971 0.4434123 0.3669127 2.489193 0.1497315 -0.1643321 2.093741 0.6425901 0.4002618 2.393833 0.1659235 -0.239835 2.096414 0.7133459 0.4154129 2.363734 0.1576572 0.1380326 2.332909 0.1697264 0.0759768 2.339393 0.1459141 -0.01863727 2.253662 0.2239511 -0.02534709 2.433896 0.1053802 -0.5232864 2.343613 0.2465267 -0.5344657 2.587309 0.02075596 -0.9017743 2.410172 0.2181484 -0.8429926 2.632417 0.08686472 -0.9522684 2.385388 0.258828 -0.9109676 2.632337
0.1206044 0.6158257 2.292314 0.1150325 0.4523152 2.310813 0.0872059 0.298769 2.192275 0.2452503 0.3724022 2.523924 0.0818136 0.03877816 2.103903 0.4426791 0.3665432 2.490103 0.1492868 -0.1644752 2.092952 0.6468611 0.4014636 2.399831 0.1658047 -0.2395447 2.096056 0.7161247 0.4153416 2.366936 0.1650927 0.06582166 2.328535 0.1785353 -0.01037864 2.334361 0.1416073 -0.04797813 2.307109 0.2278099 -0.05821769 2.364002 0.1053197 -0.5232864 2.343444 0.2465225 -0.5345654 2.587404 0.021261 -0.9030484 2.410119 0.2177664 -0.8449434 2.634079 0.08806948 -0.9534662 2.385922 0.2914418 -0.8885654 2.676978
0.1205151 0.6152864 2.291654 0.1150284 0.4519259 2.310589 0.08683376 0.2985119 2.192048 0.2452817 0.3721237 2.523436 0.07966971 0.03879452 2.102725 0.4427689 0.3651799 2.492466 0.1486197 -0.1645003 2.092386 0.6471187 0.4005785 2.402705 0.1648652 -0.2393751 2.096047 0.7131677 0.4162587 2.369786 0.1626012 0.0611486 2.327364 0.1746927 -0.01716915 2.332647 0.1332917 -0.06163991 2.293744 0.2233087 -0.07499677 2.371048 0.1049063 -0.5237159 2.343367 0.2457 -0.5322401 2.588616 0.02148698 -0.9049101 2.410486 0.2168785 -0.8411112 2.629007 0.08821112 -0.9535429 2.386121 0.2003471 -0.9138387 2.568933
0.1193841 0.614496 2.289928 0.1149669 0.4516852 2.310479 0.0866737 0.298344 2.19198 0.2456039 0.3706407 2.523157 0.07835556 0.03864458 2.102724 0.4429871 0.3602104 2.499682 0.1462363 -0.1641961 2.091819 0.6462136 0.399633 2.404278 0.1625413 -0.2398304 2.095931 0.7086385 0.4156807 2.372281 0.1622786 0.0611825 2.327531 0.1742809 -0.01700875 2.332896 0.1332885 -0.05726008 2.30111 0.221647 -0.07142528 2.367847 0.1046435 -0.5241053 2.342966 0.2456398 -0.5331131 2.589584 0.0192459 -0.9099599 2.412472 0.216692 -0.8384967 2.626598 0.08667523 -0.9532845 2.385898 0.2003857 -0.9131446 2.568863
0.1193773 0.6141216 2.289749 0.1148579 0.4511597 2.309874 0.0865149 0.2983262 2.191881 0.2455299 0.3706745 2.523341 0.07779004 0.03860611 2.102767 0.4425389 0.3564408 2.505147 0.14433 -0.163859 2.091753 0.6419579 0.3976532 2.407182 0.1596438 -0.2408488 2.09748 0.703138 0.4151522 2.374809 0.1612803 0.05811505 2.327389 0.173112 -0.02069635 2.332926 0.1307857 -0.06090967 2.301432 0.2221388 -0.07214749 2.367647 0.1040306 -0.5252958 2.342958 0.2462322 -0.5317752 2.589252 0.02170022 -0.9063298 2.410037 0.2179907 -0.8397508 2.62513 0.08719896 -0.9534905 2.385879 0.2875357 -0.8871887 2.67079
0.119446 0.6136885 2.289478 0.1149861 0.4505784 2.309194 0.08648659 0.2981866 2.191831 0.2456372 0.3707757 2.524806 0.07708294 0.03849766 2.102687 0.4421461 0.3540055 2.512219 0.1410963 -0.1629482 2.091766 0.6391641 0.3962723 2.407782 0.1542403 -0.2441215 2.099864 0.6951534 0.4135021 2.375359 0.1625383 0.06161268 2.326946 0.1751104 -0.01475399 2.332511 0.1338066 -0.05557197 2.302619 0.2263658 -0.05923546 2.364304 0.1043249 -0.5246672 2.342789 0.2463818 -0.5309378 2.589033 0.02163325 -0.9014971 2.40921 0.2170248 -0.8390471 2.625209 0.08743158 -0.9532678 2.385985 0.2866218 -0.8854871 2.671808
0.119529 0.613314 2.2895 0.1152842 0.4501858 2.309185 0.08635807 0.2981535 2.191816 0.2459851 0.3705186 2.52648 0.07694727 0.03843877 2.102781 0.4421739 0.3525476 2.516734 0.1380931 -0.1627713 2.09197 0.6357695 0.3953421 2.406792 0.1505066 -0.2438717 2.100461 0.688062 0.4123699 2.372149 0.1622436 0.0552248 2.327102 0.1743371 -0.02424422 2.332651 0.1326844 -0.06171624 2.301757 0.226289 -0.07731672 2.366179 0.1047954 -0.5233816 2.342089 0.2471882 -0.5296717 2.589073 0.02053339 -0.8987198 2.40897 0.216193 -0.8376657 2.623968 0.09059754 -0.9527955 2.38889 0.2589464 -0.9062817 2.627448
0.1201495 0.6128976 2.288849 0.1153603 0.4500326 2.309213 0.08631267 0.2981272 2.191812 0.2456717 0.370363 2.527288 0.07682784 0.0382866 2.103311 0.4400322 0.3454119 2.527367 0.1362883 -0.1623683 2.092078 0.615595 0.3917804 2.407461 0.1481296 -0.2447929 2.102953 0.680438 0.4127854 2.364918 0.162156 0.05284832 2.326817 0.174205 -0.0270229 2.332221 0.1329312 -0.06480628 2.299529 0.2258834 -0.08092074 2.367083 0.1047527 -0.5235531 2.342055 0.2450577 -0.5623274 2.593893 0.01784699 -0.9085212 2.412652 0.2128051 -0.8654704 2.632873 0.08609312 -0.9512228 2.385592 0.2653605 -0.9126548 2.628148
0.1202016 0.6127784 2.288874 0.1154479 0.449905 2.309213 0.08628629 0.2979871 2.191824 0.2460189 0.3701015 2.530475 0.07679485 0.03810233 2.10351 0.4403895 0.3443817 2.529712 0.134416 -0.1622397 2.092155 0.601824 0.3901463 2.408501 0.1456663 -0.2444651 2.102488 0.6577174 0.412613 2.363429 0.1638244 0.05617687 2.327279 0.1767133 -0.02148323 2.332905 0.1382738 -0.0571475 2.303905 0.2277449 -0.07088456 2.364455 0.1046539 -0.5236549 2.341947 0.2459174 -0.5528548 2.593874 0.01786094 -0.9072937 2.412586 0.2137162 -0.8564727 2.630617 0.08697924 -0.9511757 2.385972 0.2789029 -0.8836649 2.653185
0.120238 0.6127952 2.288928 0.1154541 0.4499043 2.309213 0.08628592 0.2979528 2.19183 0.2458052 0.3704333 2.53235 0.07655816 0.03803048 2.103712 0.4389029 0.340279 2.536063 0.1331081 -0.161895 2.092031 0.5851796 0.3901273 2.399603 0.1450215 -0.2443986 2.103148 0.6337972 0.411381 2.359828 0.1634909 0.05441318 2.32757 0.1760972 -0.0243792 2.333311 0.1347738 -0.06208076 2.305546 0.2280723 -0.07194357 2.364184 0.1046705 -0.5236995 2.341908 0.2451038 -0.5405311 2.590477 0.01977875 -0.9040797 2.41152 0.2144858 -0.8438238 2.629543 0.08539044 -0.9511682 2.38524 0.2887624 -0.8862032 2.670712
0.120236 0.6128053 2.288943 0.1154761 0.4499056 2.309208 0.08652257 0.2977844 2.191782 0.2457546 0.3706228 2.53496 0.07559383 0.03795764 2.103468 0.4388198 0.3386701 2.536947 0.1322803 -0.161767 2.092142 0.573815 0.3926405 2.389813 0.1445401 -0.244788 2.103743 0.6033414 0.4135634 2.353964 0.1638386 0.05424991 2.32774 0.1765366 -0.02459412 2.333528 0.1374803 -0.06092549 2.311462 0.2282789 -0.07184562 2.36078 0.1043853 -0.52423 2.341835 0.2450167 -0.5332046 2.585398 0.01980131 -0.9041641 2.411486 0.2143969 -0.8388718 2.630187 0.08622817 -0.9518009 2.384837 0.289606 -0.8837458 2.668944
0.1204986 0.6128685 2.288965 0.1155415 0.4499703 2.309214 0.08681557 0.2976366 2.191819 0.2458186 0.3710141 2.536677 0.07560933 0.03780425 2.103582 0.4375263 0.3337654 2.541324 0.1321313 -0.1618564 2.092272 0.5518431 0.3970756 2.379807 0.1445185 -0.2448473 2.103822 0.5780911 0.4186682 2.343728 0.163187 0.05390582 2.32778 0.1754705 -0.02517094 2.333553 0.1333795 -0.06352796 2.306765 0.2269093 -0.07293227 2.363218 0.1043919 -0.5240923 2.341828 0.2450383 -0.5321949 2.584974 0.02020351 -0.9000915 2.40928 0.2147187 -0.8384266 2.629744 0.08583299 -0.9513033 2.384416 0.28948 -0.883566 2.669057
0.1206009 0.6128374 2.288977 0.1155947 0.4499623 2.309281 0.0871531 0.2975515 2.191955 0.2458367 0.3710243 2.538265 0.07521451 0.03777733 2.103617 0.434918 0.3275782 2.550214 0.1325314 -0.161762 2.092575 0.5191905 0.3987943 2.372999 0.1448253 -0.2436816 2.103263 0.5373237 0.4201473 2.33096 0.1626676 0.05041924 2.3288 0.1747063 -0.03002078 2.334822 0.1331465 -0.06566164 2.306951 0.2255893 -0.07996253 2.365756 0.1029511 -0.5255916 2.342019 0.2448849 -0.53205 2.584958 0.02002069 -0.9004205 2.409554 0.2152589 -0.837841 2.628705 0.08618814 -0.951521 2.384045 0.2893369 -0.8823707 2.669961
