0.1214114 0.6104232 2.152294 0.105013 0.4459407 2.166965 0.06145082 0.294272 2.052514 0.2362439 0.3586392 2.317869 0.2125754 0.1419002 1.96132 0.4020776 0.1606369 2.226643 0.4008296 0.1639477 2.001272 0.420526 0.2430886 2.393471 0.4685175 0.2114782 2.037966 0.4002903 0.1952093 2.435553 0.1150312 0.04880334 2.186375 0.1499645 -0.02516609 2.17083 0.111461 -0.07494958 2.128802 0.198291 -0.07952412 2.207011 0.03841069 -0.5266089 2.210548 0.2018919 -0.5631392 2.406178 -0.03455587 -0.853479 2.260628 0.1671626 -0.8755695 2.462456 0.03087432 -0.8943012 2.223804 0.2470785 -0.929251 2.482224
0.1179693 0.6099075 2.153387 0.1032161 0.4446838 2.166651 0.05799725 0.2943667 2.053279 0.234447 0.3573822 2.317555 0.1625237 0.1442354 1.945767 0.4002807 0.1593797 2.226329 0.3528578 0.1536791 1.981916 0.3949695 0.2386849 2.393159 0.4247737 0.2029838 2.00609 0.3747336 0.1908052 2.43524 0.114468 0.04893352 2.186053 0.1494182 -0.02500909 2.170316 0.1101467 -0.07664467 2.126568 0.1981933 -0.07958868 2.207283 0.03789357 -0.527277 2.210815 0.2009546 -0.5622646 2.405229 -0.03448176 -0.8527592 2.260561 0.1671605 -0.8756551 2.462388 0.03070203 -0.8936111 2.223335 0.2472098 -0.9292572 2.481828
0.1159733 0.611338 2.153528 0.09928052 0.4432055 2.16661 0.05432166 0.293257 2.054655 0.2305114 0.355904 2.317514 0.1630114 0.1434518 1.94491 0.3963454 0.1579012 2.226288 0.3559398 0.1521635 1.969873 0.3830129 0.2332975 2.394377 0.42607 0.2062837 1.98831 0.3627769 0.1854176 2.436457 0.1121933 0.05113593 2.185525 0.1473195 -0.02222819 2.169592 0.1093082 -0.07674255 2.124444 0.1964445 -0.07838663 2.209195 0.03559491 -0.5287832 2.210152 0.1998056 -0.5600623 2.403328 -0.03592846 -0.8524813 2.260158 0.1672633 -0.8755762 2.462348 0.02918483 -0.8933042 2.222777 0.2471289 -0.9293259 2.482132
0.1128004 0.6129825 2.15392 0.09627672 0.4415971 2.167173 0.05050682 0.2931884 2.056017 0.2275076 0.3542955 2.318077 0.1427187 0.1418233 1.93715 0.3933418 0.1562925 2.226851 0.3388592 0.1451333 1.940551 0.3797181 0.2312039 2.395119 0.4113712 0.1982593 1.950884 0.3594823 0.1833242 2.4372 0.1111249 0.05137045 2.185222 0.1463921 -0.02175148 2.169069 0.107737 -0.07833391 2.120287 0.1958047 -0.0788822 2.210624 0.03188963 -0.5312348 2.210057 0.1978136 -0.5567709 2.400618 -0.03695849 -0.8538967 2.260955 0.1671047 -0.8751915 2.462003 0.02802717 -0.8947026 2.223335 0.246555 -0.9291999 2.482732
0.1085343 0.6145007 2.154505 0.09236073 0.4401594 2.168371 0.04586489 0.2928392 2.058442 0.2155401 0.3468096 2.309833 0.08775774 0.1381407 1.918014 0.3813742 0.1488065 2.218606 0.3143598 0.1403361 1.917743 0.366877 0.2230214 2.387093 0.3681771 0.1800208 1.916494 0.3466414 0.1751421 2.429174 0.1037618 0.05473321 2.183228 0.1382373 -0.01735378 2.166165 0.1003511 -0.07797594 2.111377 0.1879824 -0.07821345 2.213103 0.02931411 -0.5319181 2.209696 0.1979184 -0.5506886 2.397228 -0.03730169 -0.8542299 2.261206 0.1671401 -0.8751348 2.461909 0.02776446 -0.8950264 2.223715 0.2460358 -0.93018 2.482019
0.1063104 0.6145259 2.154039 0.08822218 0.4379663 2.169231 0.04006327 0.2933997 2.060186 0.2150648 0.3462437 2.310262 0.08164619 0.1407509 1.916925 0.3802678 0.1479605 2.218288 0.2766759 0.1239838 1.88259 0.5393903 0.2622223 2.18538 0.3317567 0.1624333 1.88629 0.5924312 0.3003097 2.17884 0.1001971 0.05720659 2.182096 0.1343138 -0.01379688 2.164029 0.09664656 -0.07687247 2.107782 0.1857764 -0.07654935 2.212841 0.02728644 -0.5317038 2.208555 0.1964369 -0.5450805 2.393124 -0.03732049 -0.8556875 2.26099 0.1670068 -0.8741943 2.461141 0.02703245 -0.8965994 2.22241 0.2455971 -0.9295046 2.481712
0.1037422 0.6141125 2.153999 0.08427794 0.4361463 2.169605 0.03737191 0.2936159 2.061504 0.2150302 0.346162 2.310197 0.05830081 0.1400436 1.914016 0.3800482 0.1479722 2.217481 0.2469342 0.1138285 1.850818 0.5283628 0.2579297 2.135833 0.3318064 0.1444595 1.84407 0.4888196 0.2488625 2.144988 0.09950529 0.05783243 2.181819 0.1337454 -0.01266849 2.163373 0.09626719 -0.07669295 2.107071 0.1855636 -0.07484314 2.212516 0.02453724 -0.5321141 2.208764 0.196049 -0.5408174 2.390365 -0.03736348 -0.855685 2.261302 0.1669995 -0.8740236 2.461102 0.02656621 -0.8966349 2.222064 0.2456025 -0.9291641 2.482077
0.1009137 0.6138909 2.153761 0.07934964 0.4348087 2.170596 0.03181185 0.2931836 2.062992 0.2233688 0.3393698 2.31351 0.04067449 0.1343071 1.905854 0.4083331 0.1924364 2.164344 0.2288178 0.1134913 1.838438 0.539077 0.3101847 2.062725 0.3098677 0.151057 1.824057 0.5826583 0.3494342 2.033282 0.09808351 0.05860246 2.181779 0.1322142 -0.0114255 2.162348 0.09338784 -0.07629417 2.106475 0.1855497 -0.07340466 2.210763 0.02224148 -0.5322282 2.208518 0.1947394 -0.5400161 2.389506 -0.03844047 -0.8562754 2.262078 0.1671512 -0.8738843 2.461195 0.02412626 -0.8974667 2.220942 0.2457028 -0.9291613 2.482001
0.09895374 0.6137238 2.153896 0.0752797 0.4331814 2.171043 0.01903384 0.2910872 2.064433 0.2246183 0.3397719 2.311515 0.01502953 0.125968 1.896491 0.3791206 0.1508365 2.178741 0.1963008 0.1153482 1.807118 0.4544619 0.2535849 2.01536 0.2738241 0.1571145 1.786314 0.4942587 0.2963438 1.982793 0.08578119 0.08037595 2.182892 0.1168358 0.01923068 2.162247 0.07860507 -0.04936466 2.110124 0.1758209 -0.05813071 2.2074 0.01891681 -0.5323676 2.208363 0.1915908 -0.5426832 2.389858 -0.03925661 -0.8574625 2.262185 0.1671102 -0.8737935 2.461088 0.02125841 -0.8991126 2.218521 0.245312 -0.9298952 2.480984
0.09579132 0.6143057 2.1546 0.07176331 0.4314837 2.17054 0.008644663 0.2901132 2.065766 0.2266603 0.3408061 2.301513 -0.0213972 0.1263044 1.892283 0.3708853 0.1491062 2.168826 0.1568042 0.1147825 1.796093 0.4164724 0.2207102 1.977898 0.2208774 0.1690164 1.775422 0.4168807 0.2377108 2.006278 0.08518194 0.08183224 2.183656 0.1158912 0.01998433 2.161857 0.07656172 -0.04815548 2.110546 0.1739224 -0.05521715 2.205176 0.01648709 -0.5320934 2.208361 0.189079 -0.5393682 2.386964 -0.03948556 -0.8577172 2.262428 0.1670991 -0.8737759 2.461109 0.01827613 -0.899841 2.215603 0.2462094 -0.9273623 2.484105
0.0921357 0.6145897 2.153711 0.07064584 0.4308529 2.170327 -0.002777348 0.290607 2.068347 0.2303169 0.3377344 2.286118 -0.03280255 0.123363 1.885988 0.3159044 0.1637593 2.225851 0.123892 0.1108976 1.754156 0.3755678 0.21259 1.978257 0.1779729 0.1819163 1.737307 0.3778653 0.2292347 1.965983 0.08592865 0.08241995 2.183631 0.1143683 0.01993205 2.160866 0.07149594 -0.04853177 2.110782 0.1728309 -0.05400953 2.201961 0.0145328 -0.5316188 2.208557 0.1872173 -0.5365317 2.385697 -0.03959005 -0.8585131 2.262718 0.1668315 -0.8738423 2.461075 0.01416305 -0.9012817 2.211877 0.2463354 -0.9279136 2.481426
0.09014568 0.6143144 2.153171 0.06951705 0.4300062 2.170791 -0.01262482 0.2921219 2.071887 0.2331053 0.3397428 2.278197 -0.08768257 0.148504 1.907948 0.3105456 0.1451081 2.165987 0.03672706 0.08889166 1.754197 0.3435665 0.1935216 1.964744 0.1478674 0.1896971 1.716141 0.340717 0.2292919 1.925367 0.08398477 0.09158645 2.182858 0.1104128 0.03103529 2.158827 0.06646103 -0.04333665 2.107496 0.1720354 -0.046423 2.200735 0.0128365 -0.5310045 2.208549 0.1841422 -0.5324442 2.38357 -0.03975392 -0.8584908 2.262733 0.1667778 -0.8737507 2.461107 0.01083972 -0.9017051 2.209104 0.2459672 -0.9287682 2.480101
0.08617938 0.6136615 2.152158 0.06703659 0.4298231 2.170897 -0.02419122 0.2945638 2.075169 0.2315969 0.3372122 2.261051 -0.09529981 0.1473754 1.90509 0.3043787 0.1521209 2.157885 0.01316246 0.09034714 1.737709 0.3084898 0.1878772 1.940074 0.09415971 0.1881312 1.68714 0.3083026 0.2304324 1.897441 0.08386521 0.0909506 2.182686 0.1082126 0.02946235 2.157464 0.06070993 -0.04583478 2.105746 0.1713034 -0.04731688 2.199023 0.01008145 -0.5308027 2.207689 0.1828583 -0.5309573 2.383049 -0.03975095 -0.8584837 2.262732 0.1667438 -0.8736539 2.461066 0.006541274 -0.9022447 2.205764 0.2454524 -0.9286084 2.482128
0.08235233 0.6147859 2.151492 0.06533656 0.4295625 2.17049 -0.03432766 0.2963042 2.077593 0.2256309 0.3390084 2.243465 -0.1265751 0.1461294 1.906391 0.3182237 0.1593476 2.04389 -0.04361781 0.08400083 1.725713 0.2571493 0.2087995 1.850086 0.04941702 0.1637552 1.677002 0.2681607 0.2298131 1.865677 0.08323175 0.08839172 2.181964 0.1056022 0.02509626 2.155585 0.05560015 -0.04769401 2.109208 0.1698725 -0.04938737 2.190001 0.008542008 -0.5301399 2.208417 0.1817911 -0.5300817 2.382614 -0.03969198 -0.8584051 2.262761 0.1664678 -0.8734071 2.461113 0.002578985 -0.9026169 2.20308 0.2444236 -0.9287035 2.484001
0.08071341 0.6151674 2.151101 0.06236197 0.4299577 2.169651 -0.05920816 0.3014639 2.078689 0.2210077 0.3444133 2.232602 -0.1380297 0.1447083 1.90102 0.3082569 0.1646979 2.030334 -0.01010974 0.1387233 1.682097 0.2395295 0.2078519 1.83767 0.01815446 0.1689603 1.66619 0.2465287 0.2282324 1.851122 0.081392 0.08141953 2.180172 0.1019651 0.01462926 2.152248 0.04494226 -0.05825669 2.113199 0.1719488 -0.05710746 2.180314 0.006748165 -0.5287694 2.208758 0.1809369 -0.529085 2.382262 -0.03916771 -0.8577434 2.262727 0.1665084 -0.8734581 2.461185 -0.001393788 -0.9023947 2.200416 0.2450611 -0.9288097 2.481784
0.07820313 0.6159474 2.150949 0.06148567 0.4299214 2.16943 -0.06386766 0.3045702 2.078326 0.2157339 0.3552195 2.222426 -0.1575262 0.1458515 1.896068 0.2980069 0.1698805 2.023623 -0.02437152 0.1499667 1.669751 0.2089309 0.2034128 1.837991 -0.02043041 0.1798505 1.654647 0.2048758 0.2350003 1.8222 0.080428 0.07917874 2.17969 0.1002939 0.01213798 2.151365 0.04111405 -0.06028043 2.114496 0.17173 -0.05842233 2.177662 0.004489184 -0.5280905 2.20859 0.1798172 -0.5274833 2.381302 -0.03915122 -0.8578169 2.262847 0.1654739 -0.8727381 2.460525 -0.003453117 -0.9026495 2.199452 0.2443395 -0.9281648 2.479673
0.07635264 0.616426 2.150593 0.06016871 0.4296683 2.168739 -0.06574023 0.3131783 2.083158 0.2251153 0.3587617 2.212441 -0.1630911 0.1480588 1.872114 0.2916219 0.1691819 2.011463 -0.04414813 0.1570466 1.662392 0.1927837 0.2060114 1.831933 -0.03903516 0.1848684 1.649528 0.1932023 0.234374 1.816907 0.08075282 0.07886171 2.179919 0.09923478 0.01185538 2.15102 0.03683823 -0.0609851 2.116321 0.1719506 -0.05851573 2.17565 0.002601842 -0.5278577 2.20905 0.1788756 -0.5260094 2.380432 -0.03933984 -0.8577287 2.262836 0.1655554 -0.8727651 2.46052 -0.007670466 -0.9028769 2.197553 0.243136 -0.9302262 2.478904
0.0740153 0.6163647 2.150134 0.05973881 0.4296689 2.167904 -0.06385224 0.3144551 2.087232 0.2333415 0.3552809 2.199657 -0.1557532 0.1599541 1.864588 0.2885817 0.1692379 2.006115 -0.07272545 0.1580604 1.660396 0.1743968 0.1997225 1.832829 -0.06953899 0.1881599 1.643655 0.1694302 0.2351952 1.806131 0.08152379 0.07817468 2.17984 0.09841296 0.01099054 2.150464 0.03452617 -0.06238694 2.11723 0.1722763 -0.05896583 2.173572 -0.0001859313 -0.5272385 2.208249 0.1772701 -0.5277958 2.380144 -0.03948798 -0.8576069 2.263105 0.1656248 -0.8727428 2.460522 -0.0119041 -0.9030288 2.196178 0.242166 -0.9319776 2.477586
0.07271174 0.6166973 2.150211 0.05944678 0.4296955 2.167407 -0.06052604 0.3143629 2.091271 0.2328018 0.3502159 2.189105 -0.1464859 0.1729937 1.856435 0.2871106 0.1699856 2.006292 -0.1013657 0.1568238 1.652189 0.1400963 0.2365722 1.800661 -0.09138567 0.1972853 1.638484 0.132733 0.2445971 1.790078 0.08065601 0.07601064 2.179127 0.09598829 0.008152644 2.149284 0.03199025 -0.0638859 2.117518 0.170628 -0.06034955 2.171324 -0.001780995 -0.5263203 2.207713 0.1756366 -0.5254182 2.378015 -0.04014833 -0.8578873 2.263295 0.1656122 -0.872745 2.460375 -0.0154734 -0.9034779 2.195355 0.2412068 -0.9307818 2.484369
0.0723881 0.6168482 2.150234 0.05934783 0.429697 2.166955 -0.0606786 0.3134342 2.092016 0.23159 0.3488082 2.183671 -0.148043 0.1731012 1.857063 0.2819093 0.1719218 2.00469 -0.1126247 0.1606354 1.650508 0.1391487 0.2328954 1.80265 -0.1085683 0.200552 1.638289 0.1206697 0.2439615 1.78837 0.08038672 0.075388 2.178845 0.09507839 0.007420688 2.148851 0.03058244 -0.0646532 2.117568 0.1700446 -0.06068348 2.170517 -0.003379907 -0.5263386 2.207103 0.1747335 -0.5226687 2.376103 -0.04059399 -0.8577995 2.263381 0.165738 -0.8725479 2.460089 -0.01729105 -0.9034622 2.195007 0.2414577 -0.9305812 2.483692
0.07230199 0.6168116 2.150225 0.05935335 0.4297603 2.166157 -0.06279166 0.3110831 2.09303 0.2295578 0.3468014 2.178743 -0.1416314 0.1869782 1.844833 0.2829635 0.1824679 2.009614 -0.1234966 0.162293 1.637061 0.1409803 0.2196796 1.811721 -0.1248836 0.2035094 1.638514 0.1098873 0.2442632 1.785179 0.08060165 0.07481855 2.178472 0.09470142 0.006719366 2.14838 0.02985002 -0.06537037 2.11736 0.170014 -0.06133602 2.169795 -0.003854233 -0.5262198 2.207051 0.1735965 -0.5209142 2.374116 -0.04071518 -0.8578811 2.263485 0.1654309 -0.8719584 2.459151 -0.02959998 -0.928928 2.253223 0.239908 -0.9325343 2.479449
0.07232016 0.6169127 2.1503 0.05944521 0.4298113 2.165989 -0.06512018 0.3084891 2.093449 0.2285587 0.3462817 2.176498 -0.1430633 0.1854259 1.844358 0.2777015 0.1862825 2.010394 -0.1396307 0.1665124 1.63513 0.1263236 0.1760177 1.832907 -0.1373893 0.2069951 1.639528 0.09756261 0.2446316 1.782339 0.08083554 0.0744853 2.178221 0.09461195 0.006331004 2.147993 0.02951289 -0.06582428 2.11718 0.1702802 -0.06181794 2.168801 -0.004549055 -0.525712 2.206565 0.1731744 -0.5199866 2.373277 -0.04164306 -0.8579442 2.263778 0.1654541 -0.8717915 2.459072 -0.03048829 -0.9287305 2.251889 0.2377436 -0.9313908 2.476923
0.07244654 0.6169872 2.150419 0.05981719 0.4298621 2.165483 -0.06723425 0.306576 2.093887 0.2279165 0.3456782 2.174376 -0.144473 0.1843446 1.844094 0.2731398 0.1880311 2.010156 -0.1480674 0.1682559 1.634617 0.1464214 0.1669299 1.847674 -0.1440085 0.2073591 1.641066 0.09446014 0.243335 1.783471 0.08103097 0.07421724 2.177806 0.09445456 0.00601992 2.147472 0.02887855 -0.06651695 2.116601 0.1704157 -0.06217483 2.16803 -0.005071008 -0.525727 2.20633 0.1727114 -0.5183306 2.372019 -0.04231244 -0.8575758 2.26375 0.1652506 -0.8705077 2.458735 -0.03077573 -0.9282045 2.251301 0.2363325 -0.9301319 2.47472
0.07298168 0.6173768 2.150822 0.05993785 0.4300625 2.165257 -0.06753682 0.3057311 2.094191 0.2280321 0.3455107 2.173929 -0.1531481 0.1775485 1.850869 0.2705248 0.1890186 2.010965 -0.1500018 0.1704478 1.640853 0.1462452 0.1665737 1.846637 -0.1464187 0.2078695 1.642203 0.09235565 0.243419 1.783816 0.08213153 0.0792778 2.177211 0.09585766 0.01341651 2.146757 0.03127251 -0.06139694 2.114906 0.1715429 -0.05490145 2.168327 -0.006486602 -0.5253581 2.205624 0.1718822 -0.5218101 2.372672 -0.04310428 -0.8576369 2.263342 0.1651306 -0.8704698 2.45875 -0.03104888 -0.9281659 2.250818 0.2353711 -0.9302139 2.474416
0.07317353 0.6174918 2.151051 0.06000657 0.4301307 2.16505 -0.06816633 0.3049098 2.094309 0.2284116 0.3423588 2.172095 -0.1525587 0.1773825 1.850126 0.2711698 0.1874315 2.015057 -0.1520163 0.1694226 1.640118 0.1453574 0.2070236 1.830182 -0.1476753 0.2082278 1.642792 0.09240998 0.2434541 1.78405 0.08222829 0.07761931 2.176855 0.09569935 0.01064379 2.146136 0.03044801 -0.06382044 2.1149 0.1721908 -0.05779815 2.166986 -0.006901794 -0.525526 2.205722 0.171686 -0.5210674 2.372113 -0.04398978 -0.857522 2.263237 0.1650464 -0.8704115 2.458066 -0.02440974 -0.9033593 2.19382 0.2397872 -0.9303778 2.47989
0.07379457 0.6177351 2.151702 0.05997583 0.4301704 2.164758 -0.06792909 0.3047518 2.094546 0.2293475 0.3403173 2.172149 -0.1566992 0.1718585 1.855362 0.2744218 0.1811088 2.022423 -0.1474151 0.1698586 1.645422 0.1530082 0.1793619 1.854158 -0.1456712 0.2069738 1.644505 0.09864885 0.2395736 1.789979 0.08181948 0.07578561 2.176355 0.09516779 0.00804699 2.145439 0.0295793 -0.06567509 2.114724 0.1720796 -0.0602844 2.165831 -0.007219474 -0.5251762 2.205432 0.1716343 -0.5210325 2.371986 -0.04381463 -0.8571478 2.263289 0.1652861 -0.8701813 2.457877 -0.03765485 -0.9248855 2.237791 0.2380046 -0.930768 2.484328
0.07515168 0.6178347 2.153542 0.05996209 0.4302223 2.164787 -0.06678691 0.3052306 2.095212 0.2303154 0.3417863 2.176447 -0.156872 0.1696474 1.858285 0.2933997 0.1745295 2.031827 -0.1375329 0.1697349 1.649067 0.1552493 0.1853362 1.848985 -0.1355437 0.2051783 1.64733 0.113843 0.2347086 1.79915 0.08140444 0.07507993 2.176163 0.09513651 0.007147037 2.145063 0.0294661 -0.06616707 2.114572 0.1721802 -0.0609205 2.165104 -0.007366505 -0.5253357 2.205443 0.1717248 -0.5207719 2.37184 -0.0444372 -0.8575578 2.263088 0.1656218 -0.8706937 2.458138 -0.01833646 -0.9226004 2.282185 0.2384503 -0.9321831 2.482085
0.07680365 0.6184697 2.155694 0.06016902 0.4305529 2.165015 -0.0615877 0.3068193 2.097008 0.2337921 0.3423969 2.183013 -0.1538181 0.1698538 1.861908 0.2878205 0.1696794 2.027089 -0.1262143 0.1665458 1.65371 0.1516067 0.262383 1.804505 -0.1197271 0.2038195 1.649379 0.1153132 0.3036045 1.766343 0.08111524 0.07462274 2.176175 0.09546491 0.006566605 2.145003 0.02979245 -0.06641026 2.114613 0.1723739 -0.06122465 2.164876 -0.007441645 -0.5252161 2.205269 0.1718144 -0.5205284 2.371639 -0.04383425 -0.8573166 2.26337 0.1655719 -0.8708308 2.458184 -0.0258906 -0.9270118 2.253518 0.2379795 -0.933788 2.479441
0.07899717 0.6193568 2.159201 0.06082547 0.4307814 2.165928 -0.05683022 0.3106904 2.098234 0.2393898 0.3417987 2.191423 -0.1536604 0.1650793 1.871213 0.2860048 0.1682218 2.024734 -0.1056033 0.1608594 1.667044 0.1703373 0.2100133 1.834771 -0.09640449 0.2018676 1.651793 0.164461 0.2633674 1.794877 0.08053266 0.07426917 2.176286 0.09560414 0.006307068 2.145023 0.02984818 -0.06642875 2.114654 0.172515 -0.06157483 2.164621 -0.007685064 -0.5253293 2.205109 0.1718141 -0.5204934 2.371652 -0.04380311 -0.8573871 2.263183 0.1655879 -0.870876 2.458281 -0.0264048 -0.9267659 2.250521 0.2366834 -0.9348468 2.477223
0.08203932 0.6203912 2.163152 0.06150533 0.4315784 2.167209 -0.053921 0.3145925 2.098251 0.2426059 0.3455884 2.203852 -0.153045 0.1616263 1.877924 0.2863748 0.1671359 2.025561 -0.07332171 0.1655481 1.677101 0.189227 0.2026241 1.844743 -0.06307083 0.1958516 1.662017 0.1813164 0.2282033 1.828252 0.08002675 0.07414521 2.176878 0.09633444 0.006265324 2.14566 0.03091512 -0.06600213 2.115266 0.1730824 -0.06176922 2.165164 -0.007677224 -0.5253502 2.205105 0.1717833 -0.5204579 2.37166 -0.04353774 -0.8580582 2.263298 0.1652571 -0.8710613 2.458365 -0.0274359 -0.9276034 2.249858 0.2378213 -0.9333886 2.480903
0.08380017 0.6205439 2.165627 0.06442203 0.431621 2.170484 -0.0571062 0.3150906 2.094338 0.2350209 0.3516791 2.214922 -0.156277 0.1539733 1.880741 0.2890685 0.1602736 2.029185 -0.04529316 0.1689208 1.679397 0.2014237 0.2041218 1.845136 -0.04039105 0.1949053 1.667204 0.2088 0.2309461 1.84229 0.08055654 0.07421404 2.178717 0.09826306 0.006653738 2.14745 0.03288016 -0.06553042 2.115976 0.1748294 -0.06176611 2.167714 -0.007563686 -0.52535 2.205214 0.1717084 -0.5205191 2.372018 -0.04357629 -0.8580048 2.263212 0.1654801 -0.8709854 2.458659 -0.02769141 -0.9273817 2.248689 0.2375124 -0.9337518 2.47953
0.08649424 0.6218736 2.169419 0.06586089 0.4324574 2.173351 -0.05894312 0.3146666 2.092188 0.230569 0.350368 2.224965 -0.1657931 0.1485687 1.898541 0.2983238 0.1545548 2.032387 -0.04139447 0.1511278 1.713916 0.2209353 0.2111639 1.847139 0.006414421 0.1932606 1.678669 0.2379689 0.2282461 1.86548 0.08166637 0.07412384 2.180909 0.1009115 0.00666984 2.14965 0.03635984 -0.06523269 2.116659 0.1775039 -0.06254815 2.171545 -0.007098775 -0.5259116 2.205406 0.1717593 -0.5204702 2.37209 -0.04356914 -0.8580493 2.263152 0.1655296 -0.8710612 2.458586 -0.02869653 -0.9270105 2.245845 0.2376079 -0.9330206 2.477493
0.09180005 0.6230146 2.174584 0.06663613 0.4326739 2.175395 -0.05543075 0.3133958 2.091709 0.234798 0.3418463 2.241544 -0.1566597 0.1557299 1.912408 0.3018768 0.1592715 2.033465 -0.01596495 0.1474524 1.726782 0.2624581 0.2255528 1.839023 0.03538631 0.1751024 1.697337 0.2776645 0.2317365 1.892551 0.08209298 0.0736908 2.182454 0.103275 0.006349526 2.151502 0.04029473 -0.06469946 2.116359 0.1798096 -0.06446517 2.176308 -0.00653681 -0.5261812 2.205343 0.1719934 -0.5208875 2.373181 -0.04379098 -0.8580796 2.263065 0.1655276 -0.8710113 2.458523 -0.03076147 -0.9276626 2.246793 0.2385934 -0.9316427 2.483886
0.0943646 0.6237019 2.17784 0.06734037 0.4333212 2.177061 -0.04218631 0.3095514 2.090885 0.2420358 0.3337458 2.25777 -0.1427829 0.1519291 1.909964 0.321272 0.1527859 2.052994 0.01738176 0.1440551 1.746671 0.2970349 0.2356658 1.862767 0.07230039 0.1665453 1.716341 0.3060101 0.2303397 1.915769 0.08325478 0.07598493 2.184658 0.1067552 0.00932545 2.154694 0.04716256 -0.06224696 2.114028 0.1822613 -0.06305997 2.186779 -0.005211686 -0.5258763 2.205965 0.1723509 -0.5219148 2.374605 -0.04366949 -0.8582528 2.262977 0.1655046 -0.8710341 2.458517 -0.02771943 -0.9280536 2.25074 0.239284 -0.9312199 2.482855
0.09814981 0.6243445 2.181513 0.06814106 0.4338419 2.178618 -0.03117966 0.3060898 2.088877 0.2460476 0.3333302 2.273961 -0.1129411 0.1473514 1.901053 0.3280886 0.1504414 2.072444 0.0349206 0.0990902 1.767051 0.3382687 0.2480331 1.888462 0.1172665 0.1633652 1.742434 0.3347299 0.2927395 1.838849 0.087989 0.08845426 2.190313 0.1143584 0.02602818 2.163285 0.06018457 -0.05187603 2.111312 0.1852912 -0.05169354 2.205374 -0.004180058 -0.5255391 2.205818 0.1733482 -0.5225568 2.375906 -0.04195971 -0.8567027 2.263449 0.1653302 -0.8709297 2.458702 -0.03098179 -0.9273607 2.250672 0.2442525 -0.9250668 2.481028
0.1019782 0.6234689 2.18416 0.06908898 0.4346043 2.180537 -0.02359957 0.3043015 2.086822 0.248033 0.335461 2.291055 -0.09036478 0.1486365 1.904939 0.3572556 0.1516747 2.106072 0.09675829 0.1215809 1.787379 0.3480937 0.2473321 1.920941 0.17292 0.1755589 1.761146 0.3443979 0.2920123 1.871316 0.08797933 0.08935469 2.190584 0.1153224 0.02657371 2.164536 0.06511235 -0.04747524 2.116745 0.1850682 -0.05068085 2.205315 -0.002760738 -0.5254828 2.205965 0.1744807 -0.524413 2.377484 -0.04196014 -0.8567474 2.263762 0.1652349 -0.8710418 2.458616 0.005695485 -0.9003384 2.207802 0.2424422 -0.9283544 2.478921
0.1038635 0.6234707 2.185376 0.06942725 0.4352111 2.181261 -0.00973769 0.3005602 2.084351 0.2450338 0.3352892 2.296884 -0.04514927 0.1408625 1.899796 0.3582649 0.1472318 2.177424 0.1343166 0.122711 1.8076 0.4204451 0.223602 1.993651 0.2139035 0.1638557 1.794951 0.4364454 0.2745851 1.953434 0.08860505 0.08829994 2.190831 0.1173348 0.02446702 2.166477 0.07001561 -0.04883973 2.117542 0.1846511 -0.05198337 2.207579 -0.001117475 -0.5251253 2.205932 0.1768377 -0.5343201 2.382993 -0.03930853 -0.8532721 2.263212 0.1652759 -0.8707803 2.458499 0.01139931 -0.8964575 2.209672 0.2424897 -0.9286956 2.476987
0.1052236 0.6242494 2.187109 0.07051492 0.4358778 2.182178 -0.001631554 0.2992586 2.082425 0.2408501 0.3346348 2.308589 -0.03170116 0.1362818 1.901539 0.3536345 0.1808573 2.233557 0.1545207 0.1156993 1.827741 0.4299769 0.213361 2.041721 0.2306196 0.1406697 1.820485 0.4379822 0.2429045 2.056231 0.0909553 0.08827586 2.191691 0.1208808 0.02403146 2.169127 0.07930462 -0.04714701 2.120831 0.184907 -0.05166404 2.209605 0.0007881085 -0.5256396 2.206595 0.1780526 -0.533371 2.383331 -0.03951272 -0.8542476 2.264102 0.1654457 -0.8712675 2.458862 0.0144739 -0.8969498 2.213459 0.2428604 -0.9289888 2.477113
0.1070672 0.6240124 2.188648 0.07219601 0.4367542 2.183602 0.008563211 0.2992637 2.080711 0.2286935 0.3490945 2.327709 0.02229098 0.1345734 1.907308 0.3853342 0.1437887 2.236292 0.2129056 0.1031334 1.856055 0.4616364 0.247697 2.074192 0.2992323 0.1291096 1.848318 0.4870704 0.2823331 2.024589 0.09145064 0.08831181 2.192329 0.1232779 0.02385002 2.171803 0.08573041 -0.04454304 2.123986 0.1837822 -0.0508389 2.212856 0.003315102 -0.5256251 2.207397 0.1804249 -0.5398458 2.388284 -0.03974898 -0.8543068 2.264105 0.165877 -0.8712871 2.459061 0.01902346 -0.8962016 2.218352 0.2432491 -0.9291377 2.477082
0.11046 0.6247656 2.191802 0.07405062 0.4377454 2.184869 0.0182457 0.2994155 2.079475 0.2268641 0.3478065 2.331836 0.03307328 0.1371885 1.913671 0.3830805 0.1427479 2.238649 0.2289439 0.1081458 1.891457 0.4480649 0.2464355 2.071121 0.3040417 0.133188 1.888209 0.4697264 0.280998 2.019708 0.09595412 0.08647662 2.195759 0.1294251 0.02104182 2.176943 0.09559031 -0.04339497 2.129812 0.1848974 -0.05132727 2.216947 0.006703983 -0.5263698 2.208589 0.1820405 -0.5429364 2.390477 -0.03993737 -0.8541888 2.264046 0.1661946 -0.8713833 2.459355 0.020765 -0.8957156 2.220532 0.2429018 -0.9295193 2.479206
0.1123027 0.6255752 2.193569 0.07570436 0.4392259 2.186016 0.02254268 0.2991192 2.077982 0.2261771 0.3478538 2.333948 0.05860609 0.1420323 1.923528 0.3804291 0.1405968 2.24611 0.2603562 0.1167681 1.913817 0.4454216 0.2432943 2.077924 0.3431699 0.1397976 1.927421 0.4545664 0.2610532 2.085001 0.1004665 0.08027207 2.199124 0.1352925 0.01186101 2.18157 0.1002366 -0.05049454 2.132216 0.1889225 -0.05734742 2.223886 0.009653315 -0.5271901 2.210258 0.1830642 -0.5420706 2.391118 -0.04004619 -0.8553973 2.264447 0.1662887 -0.8713167 2.459653 0.02157962 -0.8967404 2.222071 0.243042 -0.9295305 2.479093
0.1148138 0.6262724 2.194391 0.0775438 0.4404294 2.186462 0.02520046 0.2995605 2.076301 0.2262219 0.3479411 2.334683 0.0749273 0.147565 1.932617 0.3795437 0.1416843 2.247422 0.3169587 0.1263579 1.953436 0.3412056 0.2313823 2.405154 0.3821669 0.1612529 1.967766 0.3284263 0.2612817 2.462161 0.101494 0.08077614 2.199091 0.1363071 0.01249291 2.181667 0.1024078 -0.04712901 2.133594 0.1894064 -0.05654417 2.223617 0.01277203 -0.5289485 2.212481 0.1854634 -0.5480539 2.396375 -0.03985454 -0.8560849 2.264158 0.1664909 -0.8714079 2.459769 0.0223064 -0.8973199 2.222465 0.2433856 -0.9294723 2.479095
0.116854 0.6264889 2.194798 0.07951131 0.4415098 2.186606 0.02854849 0.2997483 2.074309 0.2265122 0.3480723 2.335137 0.1420002 0.1355653 1.951767 0.3793798 0.1423769 2.248023 0.3354057 0.1321415 1.97517 0.3485339 0.2316678 2.407474 0.4086437 0.1746085 2.007102 0.3382519 0.2614315 2.465055 0.1028386 0.07959476 2.199742 0.1376693 0.01107785 2.182644 0.1049297 -0.04532681 2.141042 0.1895922 -0.05619531 2.222683 0.01688692 -0.5300029 2.214253 0.1862903 -0.5478966 2.397863 -0.03978842 -0.8568419 2.26398 0.1676228 -0.872409 2.46099 0.02294494 -0.8979648 2.223041 0.2448352 -0.9303712 2.479331
0.1199441 0.626928 2.194738 0.08199235 0.4429924 2.185863 0.03266972 0.2991408 2.071558 0.2271698 0.3484646 2.335172 0.1486675 0.1378058 1.956069 0.379622 0.1432385 2.248052 0.3430118 0.1377299 1.997701 0.3859713 0.2404574 2.405854 0.4158767 0.1772793 2.033944 0.3880877 0.2728637 2.462884 0.1046474 0.07816362 2.199809 0.139663 0.009139744 2.183182 0.1072553 -0.043265 2.146568 0.1905436 -0.05579115 2.219584 0.02048986 -0.5306144 2.216032 0.1889804 -0.5484828 2.401088 -0.03963305 -0.8568571 2.263541 0.1680243 -0.8725395 2.461202 0.02371703 -0.8978601 2.223439 0.2451465 -0.9305782 2.479678
0.1225864 0.6270363 2.194197 0.08445153 0.444166 2.185402 0.03657346 0.2987407 2.069179 0.2283769 0.348981 2.335268 0.1723289 0.142215 1.966338 0.3802679 0.1441261 2.248132 0.3573182 0.1430022 2.020655 0.401177 0.2454336 2.402364 0.4242947 0.1828584 2.066619 0.4081468 0.2792028 2.458204 0.1071954 0.07773727 2.200724 0.1423799 0.008511966 2.18464 0.1108496 -0.04113986 2.1519 0.1918831 -0.05454383 2.218671 0.02373996 -0.5309496 2.217274 0.1906528 -0.5666603 2.410834 -0.03946101 -0.8569822 2.263445 0.1683199 -0.8725518 2.461194 0.02438345 -0.8978874 2.224034 0.2451568 -0.9290638 2.484862
0.1262034 0.6272872 2.193085 0.08754601 0.4454542 2.184262 0.04255523 0.297725 2.066598 0.2305015 0.3497758 2.334774 0.234274 0.1450274 1.995409 0.3817102 0.1453291 2.247673 0.4202358 0.1305423 2.045146 0.4192739 0.2479053 2.398185 0.4795173 0.1742212 2.097728 0.4317952 0.2820973 2.452786 0.1175617 0.06547651 2.203697 0.1551988 -0.008418112 2.189555 0.1215668 -0.06593654 2.150446 0.2060055 -0.06560709 2.228246 0.0275813 -0.5328617 2.218886 0.1923844 -0.5656494 2.412556 -0.03913501 -0.8573304 2.263117 0.1676895 -0.8743206 2.46161 0.02528179 -0.8980881 2.224492 0.2446395 -0.9313749 2.483544
0.1283397 0.627723 2.192121 0.08944073 0.4465898 2.183433 0.0477229 0.2971746 2.064665 0.2320029 0.3506415 2.334306 0.2463509 0.145353 2.001785 0.3828438 0.1465575 2.247199 0.419375 0.1648968 2.107707 0.423936 0.2486823 2.397145 0.4747237 0.2250837 2.146451 0.4376335 0.282724 2.451557 0.1218352 0.06036774 2.204369 0.1595998 -0.01398721 2.190624 0.1245691 -0.06870699 2.153703 0.2090427 -0.06691628 2.227108 0.02963943 -0.5333061 2.219468 0.1946711 -0.5685312 2.415157 -0.03867976 -0.8574486 2.263084 0.1678767 -0.874494 2.462283 0.02623407 -0.8980895 2.225176 0.2452642 -0.9314547 2.48288
0.1305875 0.6286141 2.19081 0.09118092 0.4482976 2.182628 0.05421121 0.2959948 2.063994 0.2335326 0.3521447 2.333766 0.263696 0.1467262 2.015295 0.3841042 0.1484714 2.246626 0.4633502 0.2052045 2.164819 0.4380016 0.2598277 2.409125 0.493975 0.262011 2.182365 0.4921578 0.2870087 2.380823 0.1151002 0.01539925 2.20468 0.1496276 -0.07070811 2.1914 0.1025307 -0.1138416 2.187899 0.2050524 -0.1108152 2.19462 0.03579444 -0.5310034 2.221308 0.1956457 -0.5677626 2.41548 -0.05703805 -0.9313498 2.280644 0.1679955 -0.8748643 2.46255 0.004695624 -0.9878252 2.247025 0.2467051 -0.9268131 2.490185
0.1042538 0.6199514 2.181599 0.09353741 0.4487311 2.182193 0.05885852 0.2950984 2.062492 0.2357771 0.3525258 2.333498 0.2677615 0.1486037 2.020375 0.3859305 0.1490674 2.246372 0.4635468 0.2043422 2.169286 0.4418669 0.2621196 2.424519 0.4912181 0.2553667 2.202505 0.4914568 0.3021784 2.404299 0.1038134 0.01383692 2.201957 0.1332634 -0.072519 2.187758 0.07473317 -0.110564 2.15185 0.1766804 -0.1271166 2.215729 0.03704368 -0.5309728 2.221253 0.196294 -0.5728843 2.418077 -0.05851047 -0.9311446 2.278374 0.1680665 -0.8750393 2.462757 0.004579525 -0.9827913 2.24433 0.2467458 -0.9269626 2.490526
0.1035214 0.6186844 2.180183 0.09466031 0.4490938 2.182053 0.06344342 0.2938561 2.061425 0.2368635 0.3528608 2.333444 0.2704523 0.1495539 2.024085 0.3868544 0.149536 2.246313 0.4655579 0.207214 2.181751 0.4392459 0.2693036 2.442634 0.4918461 0.2605872 2.212296 0.4894646 0.3082566 2.421814 0.099343 0.01256784 2.200701 0.1289976 -0.07383078 2.18674 0.07462816 -0.1106535 2.151696 0.1750855 -0.127939 2.216089 0.03971279 -0.5299516 2.221476 0.1975897 -0.5737293 2.419464 -0.05773934 -0.9299075 2.277423 0.1681975 -0.8751271 2.463015 0.005446058 -0.9826121 2.244314 0.2481359 -0.9281105 2.484466
0.1025409 0.6184222 2.178549 0.09610456 0.4498764 2.181511 0.06660539 0.2934286 2.060852 0.2382648 0.3536058 2.333 0.2533473 0.1554741 2.016272 0.3881356 0.1504395 2.245863 0.4494376 0.2064251 2.175924 0.4355308 0.2673708 2.4502 0.4766501 0.2588734 2.207251 0.483054 0.3092659 2.428774 0.1063924 0.01187623 2.200572 0.1405854 -0.07382177 2.186983 0.1028886 -0.1149915 2.176917 0.2018289 -0.1154141 2.19679 0.04019526 -0.5301636 2.221429 0.1985453 -0.591255 2.426494 -0.05644133 -0.9300061 2.278876 0.1663491 -0.8924904 2.46731 0.005748279 -0.9876763 2.247067 0.2507134 -0.9297433 2.484801
0.1029199 0.6187443 2.176841 0.09664734 0.4503801 2.180546 0.06777713 0.2929792 2.060755 0.2387848 0.354079 2.332129 0.25177 0.1586982 2.019558 0.3885897 0.151036 2.244968 0.4493411 0.207083 2.178259 0.4591655 0.2912727 2.446874 0.475821 0.2591775 2.210782 0.5028566 0.337627 2.4265 0.1068809 0.01191853 2.200079 0.1410345 -0.0737495 2.18656 0.10163 -0.115372 2.177044 0.2016545 -0.1142508 2.194902 0.0408157 -0.5303991 2.221275 0.1986693 -0.5918466 2.426808 -0.05598186 -0.9301434 2.279003 0.1663991 -0.8930471 2.467744 0.006110974 -0.9882052 2.247304 0.2508476 -0.9298813 2.483923
0.1015801 0.6179193 2.173482 0.09671845 0.450299 2.180167 0.06875903 0.2929968 2.060822 0.2388534 0.3539994 2.331795 0.27073 0.1554798 2.031438 0.3886206 0.1510091 2.244644 0.4636987 0.2116432 2.192977 0.4327802 0.2653435 2.455694 0.490759 0.2640868 2.224444 0.4791224 0.3135388 2.454156 0.1071703 0.01135336 2.199879 0.1413551 -0.07427509 2.186471 0.1009152 -0.1154921 2.177293 0.2012948 -0.1149087 2.194511 0.04090167 -0.5303835 2.22119 0.2058405 -0.5595744 2.416696 -0.05556457 -0.9300966 2.279445 0.1682003 -0.8768154 2.464383 0.006551392 -0.9883975 2.247937 0.249628 -0.9279343 2.484725
0.100348 0.6166808 2.169411 0.09664239 0.4499269 2.179243 0.06908116 0.292756 2.060841 0.2387825 0.3536325 2.330928 0.24895 0.1558289 2.014472 0.3884969 0.1507253 2.243791 0.444003 0.2065536 2.17536 0.4336638 0.2649247 2.454641 0.4711525 0.258996 2.206752 0.4805679 0.3125943 2.45403 0.1070826 0.01013573 2.199308 0.1412247 -0.07552914 2.185982 0.09848208 -0.1164434 2.176594 0.2005182 -0.1165906 2.19406 0.04087551 -0.5308523 2.220826 0.2003815 -0.5843073 2.423623 -0.05573527 -0.9304137 2.279629 0.1673279 -0.8850469 2.466222 0.0061782 -0.9893861 2.248274 0.2522446 -0.9301415 2.486545
0.09845822 0.6156498 2.166358 0.09645449 0.449358 2.177825 0.06901748 0.2924777 2.060817 0.2386005 0.3530657 2.329564 0.2659956 0.1504994 2.024542 0.3882572 0.1502463 2.242433 0.4591655 0.2111921 2.184338 0.4373269 0.2634295 2.450286 0.4919671 0.2627427 2.211529 0.4882013 0.3061965 2.442834 0.1067654 0.009323362 2.199049 0.1408257 -0.07636875 2.185834 0.09669684 -0.1170919 2.176383 0.1991428 -0.1181907 2.194122 0.04076786 -0.5317092 2.220772 0.2000912 -0.5873476 2.424106 -0.05569792 -0.931345 2.279387 0.165535 -0.8881526 2.465669 0.006062523 -0.9903003 2.247961 0.2516326 -0.9304109 2.487089
0.09622917 0.6133059 2.163719 0.0963638 0.4476891 2.177383 0.06721548 0.2925801 2.060671 0.2385117 0.351386 2.329143 0.2314432 0.1491521 2.0003 0.3881196 0.1487001 2.24202 0.4337366 0.2044848 2.151244 0.4372743 0.2607476 2.442284 0.4690718 0.2508176 2.184069 0.4904456 0.29544 2.42126 0.09870577 0.006997679 2.196864 0.1295015 -0.07914458 2.182907 0.07451498 -0.1164421 2.151433 0.1752106 -0.1356468 2.208928 0.04080271 -0.5313392 2.220708 0.1993644 -0.5891168 2.42413 -0.05619016 -0.9311416 2.27792 0.165265 -0.8898937 2.466047 0.00595532 -0.9880971 2.245723 0.2520134 -0.930832 2.487404
0.09183379 0.610847 2.160861 0.09527814 0.4460103 2.176796 0.06337289 0.2913478 2.060225 0.2374282 0.3497009 2.328577 0.2276898 0.1471108 1.995484 0.3869939 0.1470783 2.241446 0.4360009 0.2049405 2.137819 0.4394048 0.2538428 2.422692 0.4846587 0.2501718 2.130117 0.4945601 0.2889377 2.408585 0.07514422 0.01040456 2.192991 0.09961814 -0.0747705 2.178301 0.05421338 -0.1101681 2.147649 0.1486573 -0.1321845 2.207112 0.03979341 -0.5319347 2.220024 0.1981188 -0.580241 2.420439 -0.0350018 -0.855538 2.26181 0.1663258 -0.8808746 2.464083 0.0304881 -0.8973454 2.226236 0.2501794 -0.9288558 2.482074
0.08823986 0.6084136 2.159142 0.09319902 0.4437074 2.175351 0.05866529 0.2905844 2.059771 0.2353535 0.3473938 2.327153 0.2150062 0.1441232 1.987794 0.3848654 0.1448208 2.24001 0.4358593 0.2027884 2.111396 0.4400223 0.2445236 2.396997 0.4816103 0.240738 2.142046 0.4963368 0.2767641 2.38081 0.07551335 0.00854989 2.192582 0.1011363 -0.07722288 2.177653 0.05454706 -0.1117936 2.148214 0.1517047 -0.1343698 2.204718 0.03823186 -0.5324905 2.218967 0.198024 -0.5735568 2.415774 -0.0567252 -0.9322551 2.278662 0.166512 -0.8765854 2.462895 0.005883951 -0.984836 2.2448 0.2483922 -0.9274741 2.481954
0.08615461 0.6057416 2.15724 0.09133253 0.4408203 2.173806 0.0505495 0.289861 2.060149 0.2334883 0.3445013 2.325624 0.1928855 0.1434751 1.976891 0.3829638 0.1419741 2.238474 0.3771148 0.1486254 2.032867 0.4368895 0.2392824 2.387628 0.4480768 0.1886955 2.072186 0.4934498 0.271623 2.372535 0.07575933 0.007527112 2.192113 0.1016318 -0.07801674 2.176754 0.05428523 -0.1125504 2.148165 0.1536712 -0.1353762 2.201973 0.03372691 -0.5342442 2.218398 0.1962689 -0.5688515 2.412674 -0.05637765 -0.9348819 2.279244 0.1667798 -0.8764029 2.4626 0.005730174 -0.9868813 2.24398 0.248636 -0.927446 2.481346
0.08270267 0.6040204 2.154798 0.088212 0.4373542 2.173386 0.04466752 0.2888801 2.060524 0.2303661 0.3410274 2.325216 0.1784173 0.1411353 1.970178 0.3798079 0.1385311 2.238058 0.3650951 0.145046 2.019346 0.4067522 0.2289546 2.397576 0.4354163 0.1908759 2.053137 0.4634428 0.2610531 2.382454 0.07561357 0.006417737 2.190996 0.1020342 -0.07869048 2.175253 0.05412101 -0.1137635 2.147529 0.1549113 -0.1353461 2.198784 0.02977131 -0.5368104 2.217839 0.1948197 -0.5653973 2.410648 -0.05618426 -0.9380981 2.279877 0.1668001 -0.8761488 2.46276 0.005980764 -0.9888287 2.243782 0.2487 -0.9275004 2.480442
0.07959574 0.6030169 2.151858 0.08543416 0.4339688 2.173913 0.03884417 0.288264 2.06118 0.2275871 0.3376367 2.325752 0.1601771 0.1386551 1.958403 0.377008 0.1351632 2.238588 0.3518373 0.1380288 1.990178 0.397622 0.226997 2.398233 0.4282404 0.1826759 2.009057 0.4543343 0.2590944 2.383191 0.08748739 0.04927613 2.187926 0.1204292 -0.02063068 2.171117 0.07720736 -0.08333395 2.123141 0.1737968 -0.08095266 2.215606 0.02678747 -0.5368917 2.216992 0.1931162 -0.5662845 2.409746 -0.03676175 -0.8560998 2.261527 0.1668534 -0.8753881 2.461991 0.02721265 -0.8972943 2.222636 0.2484182 -0.9269432 2.480604
0.0768047 0.6026054 2.150579 0.08331473 0.4308233 2.173728 0.03285641 0.2885885 2.06214 0.2254685 0.3344895 2.325572 0.1351767 0.1367644 1.943673 0.3748755 0.1320309 2.238405 0.3298944 0.1264202 1.957638 0.3776231 0.2271586 2.397476 0.4072895 0.1708457 1.972591 0.4343409 0.2592507 2.382443 0.08781946 0.04885076 2.187835 0.1205525 -0.02128301 2.170595 0.07719962 -0.08367885 2.122797 0.1742953 -0.0812695 2.214691 0.02404206 -0.5376862 2.216353 0.1904444 -0.557424 2.404711 -0.03843266 -0.8572868 2.263107 0.1669314 -0.8751115 2.461972 0.02507442 -0.898529 2.223508 0.2482296 -0.9272919 2.479998
0.07598383 0.6026314 2.147764 0.08102427 0.4282072 2.173939 0.02503323 0.2867468 2.064568 0.2041396 0.3327951 2.303964 0.09848269 0.1383104 1.929503 0.3534964 0.1303606 2.216771 0.3165663 0.1245734 1.936535 0.3701327 0.2164183 2.379783 0.3770558 0.1555516 1.932176 0.4268499 0.2485099 2.364748 0.088178 0.04848282 2.187836 0.1207315 -0.02169467 2.170151 0.07814486 -0.08471426 2.120658 0.1743689 -0.08135174 2.214667 0.02136081 -0.5381367 2.215357 0.1889222 -0.5506916 2.401098 -0.0385557 -0.8574172 2.263095 0.1667337 -0.8747464 2.461851 0.024407 -0.8987185 2.222696 0.2477368 -0.9273659 2.479929
0.07319677 0.6024251 2.145457 0.07816109 0.4256771 2.172932 0.02117309 0.2878629 2.064967 0.2108153 0.3545397 2.339657 0.0833961 0.1388727 1.925267 0.3675887 0.1522545 2.23968 0.2775181 0.1112775 1.894091 0.3490802 0.2273507 2.40745 0.341769 0.1442364 1.895402 0.3429107 0.2523827 2.467804 0.08716173 0.05199577 2.186128 0.1204583 -0.01671091 2.169355 0.07824939 -0.08256605 2.120205 0.1748388 -0.07566313 2.213766 0.01923406 -0.5378765 2.215114 0.1881964 -0.5511621 2.400317 -0.03916294 -0.8582749 2.263026 0.1667361 -0.8742428 2.461289 0.02533716 -0.8992028 2.224727 0.2463204 -0.927869 2.482447
0.07366398 0.6021108 2.143759 0.07601339 0.4241996 2.17299 0.01719175 0.2898546 2.063634 0.2067528 0.3491732 2.31781 0.06456524 0.1359187 1.917344 0.370401 0.1457441 2.238874 0.2539385 0.095321 1.868636 0.5152738 0.2459369 2.137618 0.3066836 0.1278237 1.862508 0.5719913 0.278028 2.122583 0.08744606 0.05251725 2.186297 0.1201282 -0.0160585 2.168522 0.07809931 -0.08159447 2.119514 0.1744515 -0.07424165 2.211967 0.01645914 -0.5366362 2.213595 0.1851549 -0.5429566 2.394419 -0.03961241 -0.8586488 2.26347 0.1667916 -0.8737575 2.461138 0.02328461 -0.8998775 2.222895 0.2453799 -0.9277285 2.484972
0.07324507 0.6013575 2.14213 0.07326522 0.4204619 2.17286 0.01395571 0.2906234 2.062795 0.2071516 0.3495919 2.315563 0.04516523 0.1287939 1.906395 0.3836664 0.1635557 2.217432 0.2339519 0.09453307 1.848938 0.5079919 0.2444344 2.074656 0.2826487 0.1182858 1.838109 0.4808375 0.2315873 2.098229 0.08712006 0.05312349 2.185689 0.1195672 -0.01484291 2.16737 0.077517 -0.08055873 2.119139 0.1743526 -0.07111825 2.208649 0.01333187 -0.5340302 2.211896 0.1841933 -0.5404982 2.392941 -0.03976459 -0.8585922 2.263427 0.1668448 -0.8736522 2.461198 0.02258471 -0.8998893 2.222085 0.2456644 -0.9273437 2.484899
0.07259557 0.6014282 2.140715 0.06993571 0.4200238 2.171793 0.009247633 0.2901836 2.062733 0.2262281 0.3366499 2.316741 0.02974419 0.1231118 1.894727 0.3896248 0.1586146 2.178572 0.2143469 0.09770456 1.817865 0.4802177 0.2440133 2.012753 0.2999629 0.1213761 1.800642 0.4667014 0.2237386 2.070495 0.07571226 0.07849663 2.182827 0.1046983 0.01876049 2.162967 0.06279387 -0.04990993 2.114542 0.1671044 -0.0611277 2.206167 0.01155792 -0.5334267 2.210608 0.1832016 -0.5393179 2.391665 -0.04001922 -0.8587077 2.263467 0.1662893 -0.8737326 2.460861 0.01989019 -0.9005194 2.219142 0.2450205 -0.9278991 2.483761
0.07231796 0.6012757 2.140116 0.06715271 0.4189075 2.170942 0.002381947 0.2893173 2.062692 0.2261505 0.3361851 2.308074 -0.01813895 0.1280251 1.890093 0.3701741 0.1726974 2.128733 0.1606863 0.09891334 1.799737 0.499099 0.2417691 1.983638 0.2338739 0.1253297 1.781634 0.4342095 0.1997365 2.027551 0.07596716 0.07831458 2.183344 0.1044153 0.01820078 2.162743 0.06234411 -0.05026847 2.114538 0.1659461 -0.06042314 2.205101 0.01070566 -0.5331599 2.210637 0.1823878 -0.5368999 2.389391 -0.04012504 -0.8587899 2.263426 0.1656209 -0.8735116 2.460195 0.01809782 -0.9008771 2.217157 0.2428478 -0.9302934 2.481846
0.06960077 0.6018718 2.136714 0.06484474 0.4177138 2.170053 -0.005714281 0.2886897 2.063456 0.2244617 0.337276 2.294029 -0.02627728 0.1281182 1.886456 0.3608129 0.1511641 2.136477 0.145515 0.1003773 1.781063 0.4234141 0.1907875 1.94077 0.2114404 0.1341362 1.75707 0.4141901 0.2026792 1.986606 0.0766135 0.07834063 2.18307 0.1036024 0.01769137 2.162307 0.06072636 -0.05110598 2.114126 0.1644602 -0.05981968 2.204051 0.008347725 -0.5332085 2.210141 0.1815139 -0.5357698 2.388382 -0.04018877 -0.858832 2.263398 0.1653946 -0.8732153 2.460158 0.01553493 -0.9013225 2.214495 0.2438514 -0.9291542 2.479454
0.0677528 0.602502 2.135099 0.06339397 0.4174477 2.169457 -0.0125895 0.2892933 2.065497 0.222465 0.3374663 2.278301 -0.0620624 0.1315409 1.886587 0.3618536 0.1561851 2.129924 0.1043795 0.09648225 1.761434 0.3956821 0.1820678 1.924408 0.1808139 0.1374297 1.730446 0.3893967 0.2133886 1.93518 0.07693338 0.07814879 2.182636 0.1022699 0.01667858 2.161519 0.05812187 -0.05227986 2.114249 0.162607 -0.0589796 2.201612 0.006967669 -0.5326838 2.210039 0.179983 -0.5323364 2.38659 -0.0401343 -0.8587687 2.263422 0.1647075 -0.8729764 2.45988 0.01268229 -0.9016991 2.211756 0.2449232 -0.9280558 2.473614
0.06688222 0.6028256 2.134007 0.06112379 0.4167623 2.168139 -0.01941649 0.2905974 2.067769 0.2239686 0.3374866 2.270433 -0.06856079 0.1305222 1.882842 0.3101372 0.1412978 2.155555 0.09491149 0.0999379 1.742203 0.3628436 0.1734782 1.955312 0.1577214 0.1437882 1.70663 0.3629486 0.2134866 1.906865 0.07740095 0.07850821 2.181964 0.1016234 0.01664542 2.161004 0.05615133 -0.05264696 2.114661 0.1622939 -0.05727061 2.19927 0.005793807 -0.5322143 2.209342 0.1793922 -0.5322114 2.38613 -0.04012505 -0.8587912 2.263552 0.1642749 -0.8730614 2.459712 0.0102369 -0.9020596 2.209761 0.2454379 -0.9271184 2.471848
0.0662706 0.6031008 2.133348 0.0589038 0.4163311 2.167074 -0.02891229 0.2910978 2.068826 0.2234035 0.3372247 2.258996 -0.09135209 0.128096 1.870992 0.3012835 0.1443612 2.148633 0.03855684 0.0839448 1.716494 0.3193316 0.1673953 1.921484 0.1116736 0.1484353 1.67752 0.323035 0.2084772 1.872323 0.07785285 0.07802082 2.180828 0.1007452 0.0155661 2.159561 0.05334434 -0.0547672 2.113688 0.162863 -0.05753552 2.196879 0.004160821 -0.5315117 2.208472 0.1778531 -0.5309106 2.384873 -0.04024581 -0.859191 2.263652 0.1641174 -0.8725362 2.459597 0.007105459 -0.9028382 2.207485 0.2441642 -0.9249485 2.482009
0.06518765 0.6036587 2.131931 0.05875333 0.4164129 2.166959 -0.03586661 0.2923611 2.069905 0.2242045 0.3368833 2.249332 -0.1062437 0.1327128 1.870447 0.2896346 0.1519885 2.139335 -0.00851661 0.06906145 1.698528 0.3020463 0.1685759 1.901274 0.08315863 0.1434081 1.665347 0.2951085 0.2090415 1.852346 0.07833946 0.07763391 2.179543 0.09991909 0.01451994 2.157586 0.05002711 -0.05670721 2.112235 0.1638756 -0.05804473 2.19265 0.002286627 -0.5307267 2.207706 0.1764249 -0.5290543 2.383176 -0.04024584 -0.8591967 2.263654 0.1645666 -0.8723759 2.459583 0.004425384 -0.9031533 2.205565 0.2435661 -0.927848 2.477988
0.06443186 0.6042698 2.131002 0.05898814 0.4167886 2.167253 -0.04252968 0.2945775 2.070855 0.2214617 0.336651 2.232904 -0.1312929 0.1533867 1.888654 0.2723873 0.1644663 2.121504 0.03271745 0.09920998 1.676623 0.263822 0.1679677 1.878051 0.05087366 0.1467753 1.64657 0.2642755 0.2090426 1.829507 0.07863252 0.07814056 2.178668 0.09846802 0.0147454 2.155555 0.04650634 -0.05565419 2.112315 0.1625775 -0.05573215 2.184409 0.001278416 -0.5301858 2.207949 0.1754737 -0.5290627 2.382655 -0.04016238 -0.859343 2.263721 0.1644397 -0.8722748 2.45956 0.0009670034 -0.9036729 2.203346 0.2434266 -0.9273427 2.479191
0.06307872 0.6048449 2.129728 0.05896632 0.4168109 2.167165 -0.05509941 0.2976878 2.069972 0.2175633 0.3399426 2.223451 -0.1343102 0.152819 1.886235 0.311114 0.1698169 2.014981 -0.05414645 0.09755898 1.701816 0.2299131 0.1692697 1.822327 0.02364406 0.1538991 1.635102 0.2359167 0.2110575 1.812047 0.07803401 0.07495522 2.176831 0.09665288 0.009844509 2.152489 0.04091109 -0.06049547 2.11325 0.1638264 -0.05974236 2.178227 -0.0004137562 -0.5291069 2.207534 0.1747439 -0.5271016 2.381582 -0.04015109 -0.8593564 2.263611 0.1644375 -0.8726867 2.459838 -0.001635388 -0.9039358 2.201715 0.244007 -0.9272233 2.478579
0.06289247 0.6054465 2.129512 0.05853983 0.4168459 2.166265 -0.06095335 0.3007435 2.068713 0.2155713 0.3484709 2.217898 -0.1431864 0.1541945 1.879172 0.3250128 0.2006436 2.032282 -0.02284125 0.1367156 1.638577 0.2185469 0.1682754 1.848051 -0.002990037 0.1595477 1.625693 0.2121863 0.2121599 1.79756 0.07784917 0.07414257 2.175705 0.09620291 0.008924976 2.151186 0.03914346 -0.06152236 2.113902 0.165197 -0.06012444 2.174371 -0.001186264 -0.5290108 2.207486 0.1736006 -0.5252066 2.379749 -0.04013161 -0.8593476 2.263638 0.164335 -0.8726234 2.459868 -0.02638261 -0.9297869 2.252463 0.244606 -0.9268724 2.47631
0.06254957 0.6058699 2.128869 0.05839052 0.4168379 2.165484 -0.06511854 0.3040868 2.068249 0.2179928 0.3534033 2.21058 -0.1497705 0.1527061 1.866309 0.3109524 0.1670172 2.026181 -0.03002686 0.1399315 1.634926 0.203726 0.1804663 1.831584 -0.02560742 0.165547 1.617876 0.1959469 0.2128128 1.790527 0.07802763 0.07397089 2.175262 0.09577308 0.008700177 2.150456 0.03658091 -0.06252889 2.114874 0.166173 -0.0600208 2.172026 -0.002414517 -0.5287582 2.20744 0.1732234 -0.5251691 2.37922 -0.04033572 -0.8594525 2.263565 0.1642928 -0.8724443 2.459842 -0.02243685 -0.9294077 2.255723 0.2443052 -0.9258043 2.480027
0.06223467 0.6062229 2.128251 0.05861251 0.4167297 2.165006 -0.06610629 0.3110198 2.071933 0.2237849 0.354332 2.200515 -0.1521125 0.1567178 1.846466 0.2706892 0.1784439 1.981703 -0.04396379 0.1435477 1.631696 0.1679287 0.1859157 1.800634 -0.04067567 0.1696359 1.614112 0.1748109 0.212697 1.785123 0.07831088 0.0735883 2.174742 0.09475517 0.00821047 2.149179 0.03307463 -0.06316521 2.11568 0.1663848 -0.06045637 2.168529 -0.002984929 -0.5282398 2.207401 0.1729842 -0.523843 2.377882 -0.0404786 -0.8595309 2.263515 0.1642777 -0.8723422 2.459847 -0.02183876 -0.9293659 2.25636 0.2450215 -0.9251078 2.478632
0.06215392 0.6063468 2.127991 0.0588068 0.4170128 2.164398 -0.06591995 0.3128785 2.074394 0.2259804 0.3536202 2.194746 -0.1371426 0.1677213 1.83661 0.2706622 0.1783465 1.98181 -0.06674153 0.146603 1.632117 0.1615152 0.1983338 1.799249 -0.05948794 0.1740704 1.609609 0.1613879 0.2135751 1.783727 0.07848669 0.07332864 2.174185 0.09427394 0.007803002 2.148149 0.03187459 -0.06375889 2.115888 0.1667332 -0.06035832 2.166261 -0.003330275 -0.5279797 2.207389 0.172405 -0.5234377 2.377121 -0.04069914 -0.859431 2.263341 0.1643057 -0.8722823 2.459951 -0.02151299 -0.9291654 2.256666 0.244764 -0.924891 2.480333
0.06185757 0.6068147 2.127502 0.05943926 0.4171312 2.162786 -0.06564829 0.3140019 2.076354 0.2270629 0.3521488 2.188582 -0.1918594 0.1811569 1.856921 0.2702928 0.1788272 1.982757 -0.07834446 0.1465854 1.632033 0.1490202 0.2138438 1.78538 -0.07246269 0.1757738 1.607652 0.1417468 0.2197304 1.777113 0.07853778 0.07295904 2.173041 0.09361091 0.007270001 2.146677 0.03071518 -0.06422035 2.115785 0.1666314 -0.06038773 2.163947 -0.003519162 -0.527299 2.207433 0.1721924 -0.5231525 2.376393 -0.04113483 -0.8585394 2.262533 0.1641883 -0.8723238 2.460077 -0.02366886 -0.9285024 2.253835 0.2419428 -0.9299675 2.477049
0.0624002 0.6073304 2.12731 0.06006031 0.4174205 2.161777 -0.06237126 0.314115 2.078517 0.2277074 0.3510035 2.184049 -0.1875543 0.1792073 1.859845 0.2695532 0.1809695 1.98595 -0.08739169 0.1481793 1.63193 0.1362596 0.2306744 1.770028 -0.0821401 0.1784452 1.607007 0.1320286 0.2203485 1.777982 0.07924936 0.07211109 2.171885 0.09394778 0.006146633 2.14507 0.03078026 -0.06465908 2.115185 0.16712 -0.06074837 2.162695 -0.004144105 -0.5267679 2.207118 0.1721284 -0.5223307 2.375554 -0.04123893 -0.8584797 2.262531 0.1638386 -0.8720071 2.45953 -0.01986661 -0.9278969 2.262451 0.2437496 -0.9264459 2.477058
0.06243696 0.6074792 2.127179 0.06006851 0.4178126 2.160462 -0.06033186 0.3135245 2.080139 0.2280051 0.3506065 2.182397 -0.1819884 0.1875802 1.853309 0.2684542 0.1814514 1.986646 -0.09590444 0.1507479 1.631393 0.1355365 0.229343 1.772957 -0.08992958 0.1824378 1.606804 0.1241496 0.2236347 1.77651 0.07900583 0.07125375 2.17044 0.09351656 0.005025911 2.143282 0.03030851 -0.06521224 2.114156 0.1669308 -0.06134975 2.161207 -0.004212743 -0.5265824 2.207086 0.1720534 -0.5215319 2.374712 -0.04121437 -0.8581666 2.261819 0.1635399 -0.8715003 2.459278 -0.02225899 -0.9281517 2.257541 0.243663 -0.9260904 2.475302
0.06283483 0.6074011 2.12686 0.06050495 0.4180305 2.159916 -0.0590287 0.3133205 2.08126 0.2281847 0.3508975 2.18213 -0.1992106 0.1664283 1.882742 0.2677481 0.1828249 1.988715 -0.1003962 0.1520271 1.633001 0.1298177 0.2357683 1.76916 -0.09286008 0.1856178 1.607179 0.1212726 0.2245993 1.777398 0.07945453 0.07077034 2.169725 0.09399859 0.00444389 2.14222 0.03072724 -0.06562982 2.113368 0.1674466 -0.06163645 2.160153 -0.004447844 -0.5263183 2.206684 0.1715726 -0.5213329 2.374051 -0.04050806 -0.8571553 2.261722 0.1635574 -0.8714846 2.459139 -0.01468116 -0.9026765 2.194175 0.2441071 -0.925796 2.473923
0.06340513 0.6075979 2.126337 0.06145285 0.4181411 2.159159 -0.05754818 0.3128699 2.082198 0.2286121 0.3509316 2.181891 -0.1357114 0.1740476 1.842618 0.2685885 0.1843818 1.992672 -0.1011776 0.1523235 1.63377 0.1288235 0.2373342 1.768773 -0.09358332 0.1867957 1.607743 0.1205006 0.2253506 1.778155 0.08045005 0.07050878 2.169124 0.09504275 0.004162868 2.141392 0.03178371 -0.06602191 2.112845 0.1686358 -0.06145616 2.159108 -0.00447637 -0.5261289 2.206319 0.1716758 -0.521237 2.373834 -0.03921435 -0.8547286 2.260746 0.1645784 -0.8715488 2.459933 -0.01359478 -0.9002615 2.193128 0.2448709 -0.9264389 2.473958
0.06391419 0.6074529 2.125939 0.06217128 0.4181694 2.158685 -0.05646662 0.313305 2.082598 0.2291745 0.3510101 2.182023 -0.2061812 0.1614705 1.896847 0.2690717 0.1832246 1.993456 -0.1017525 0.1523959 1.638663 0.1260979 0.2518246 1.766126 -0.09328352 0.1864426 1.609651 0.07843992 0.2746913 1.694779 0.08094828 0.07028564 2.16855 0.09560506 0.003961992 2.140537 0.03226981 -0.06610632 2.112049 0.1692676 -0.06158852 2.15822 -0.004174699 -0.5257783 2.205985 0.1717277 -0.5205945 2.372912 -0.03880726 -0.8542285 2.260947 0.1647051 -0.8713259 2.459913 -0.01320529 -0.8997625 2.193323 0.2439418 -0.9276244 2.474352
0.06542528 0.606954 2.125456 0.06257573 0.4181083 2.158275 -0.05661753 0.3141409 2.082793 0.2317542 0.3495544 2.182295 -0.1715516 0.1845644 1.854318 0.2697659 0.1815141 1.993535 -0.09298171 0.1515887 1.643955 0.1291467 0.2541026 1.76596 -0.08487167 0.1838554 1.617992 0.1263576 0.2276284 1.78403 0.08140479 0.0702228 2.168288 0.09611364 0.003950906 2.140043 0.03239994 -0.06617224 2.11194 0.1707412 -0.06197182 2.156964 -0.003929456 -0.5257908 2.205838 0.1720976 -0.52084 2.372868 -0.03878848 -0.8544692 2.261132 0.1646659 -0.871346 2.459814 -0.03289118 -0.9256876 2.248147 0.2439536 -0.9276051 2.474125
0.06631377 0.6069003 2.125387 0.06306238 0.4182309 2.158145 -0.05822946 0.3152429 2.082062 0.2343354 0.3488612 2.184465 -0.1398005 0.1602671 1.855251 0.2704737 0.1804741 1.993374 -0.07596911 0.1494777 1.653967 0.1338828 0.2565391 1.764402 -0.06830762 0.1809196 1.628647 0.1418796 0.2251251 1.792383 0.08164296 0.07049549 2.16804 0.09659116 0.004358176 2.139546 0.03241067 -0.06616747 2.111818 0.1722276 -0.06194503 2.155798 -0.003567542 -0.5258655 2.205678 0.1723728 -0.5208427 2.372446 -0.03926332 -0.8546823 2.260874 0.164683 -0.8700269 2.458624 -0.03302994 -0.9260073 2.248655 0.242583 -0.9267018 2.478013
0.06764826 0.607236 2.125642 0.06406586 0.418382 2.158023 -0.06303251 0.3154016 2.078026 0.2380136 0.3494875 2.189606 -0.1513424 0.1513267 1.861564 0.2725751 0.1738269 1.988968 -0.0528283 0.1496011 1.659027 0.1504051 0.2588341 1.766143 -0.04795057 0.1777173 1.639194 0.1601047 0.2228857 1.800705 0.08181454 0.0712821 2.167767 0.09736151 0.005442822 2.139187 0.03239973 -0.06615287 2.111835 0.1743769 -0.06129188 2.154546 -0.003213758 -0.5258437 2.205209 0.1728479 -0.5209821 2.372288 -0.03967978 -0.8551232 2.260863 0.1647672 -0.869892 2.458571 -0.01243568 -0.9005608 2.19382 0.2429224 -0.9268109 2.476131
0.06999072 0.6074123 2.125374 0.06487866 0.4181454 2.158293 -0.06381299 0.3135563 2.076243 0.240251 0.349938 2.195635 -0.1604811 0.1456943 1.883282 0.2774377 0.1678268 1.990236 -0.03492546 0.141983 1.670028 0.1877607 0.2215809 1.80559 -0.02544814 0.1673528 1.653914 0.1578683 0.2394989 1.748471 0.08258401 0.07151739 2.16797 0.09890993 0.005912592 2.139382 0.03328049 -0.06625365 2.112011 0.1769334 -0.061498 2.154795 -0.002924679 -0.525877 2.204759 0.1729542 -0.5209724 2.372038 -0.0395975 -0.8550494 2.26086 0.1647905 -0.8702552 2.458634 -0.0109535 -0.9003995 2.194344 0.2422743 -0.928124 2.476064
0.07184172 0.6073003 2.125318 0.06652996 0.4177302 2.159001 -0.06059909 0.3090811 2.076033 0.2381288 0.350163 2.202902 -0.157112 0.1446419 1.888754 0.292312 0.1627016 2.003648 -0.03620418 0.1184661 1.722286 0.1943412 0.1799635 1.820442 0.009822953 0.1574391 1.670319 0.2045264 0.2201633 1.818523 0.08445124 0.07041396 2.168233 0.1018309 0.00477673 2.139636 0.03802007 -0.06744405 2.112019 0.1783548 -0.06201536 2.155223 -0.002345637 -0.5262254 2.204647 0.173393 -0.5210193 2.371818 -0.03970433 -0.8551313 2.260781 0.1647834 -0.8702474 2.458641 -0.009143682 -0.900354 2.195035 0.242421 -0.9280208 2.475697
0.07388034 0.6073678 2.12576 0.06824114 0.417475 2.15989 -0.05460927 0.3047646 2.076544 0.2331788 0.349123 2.209255 -0.1520154 0.1449225 1.900845 0.2972131 0.1610776 2.007802 -0.02544482 0.1162482 1.736008 0.2070584 0.1831519 1.820868 0.03921568 0.1422317 1.69023 0.2334422 0.2190404 1.83455 0.08608928 0.0692361 2.168412 0.1045854 0.003546434 2.139764 0.0442496 -0.06802875 2.110456 0.1790136 -0.06230293 2.156087 -0.001224001 -0.5269545 2.204165 0.1750428 -0.5299656 2.373683 -0.03974592 -0.8551135 2.260729 0.1650252 -0.871009 2.458685 -0.00706467 -0.9001843 2.195906 0.2429689 -0.9283519 2.475797
0.07635256 0.607305 2.127057 0.06938504 0.4171712 2.160571 -0.04749905 0.3019761 2.076687 0.2328248 0.3431929 2.217746 -0.143767 0.1415678 1.904062 0.3308887 0.1445113 2.043768 -0.007511541 0.0792959 1.763005 0.2472248 0.1757578 1.855002 0.07245836 0.1293532 1.716678 0.2634561 0.2117252 1.859986 0.08722672 0.06890524 2.168726 0.1070384 0.003394456 2.140244 0.05016566 -0.067492 2.106898 0.1807994 -0.06349085 2.160991 -0.0003977164 -0.5271623 2.203658 0.1757771 -0.5323133 2.373573 -0.03964261 -0.8552328 2.260849 0.1649695 -0.8710182 2.458757 -0.00443089 -0.9001048 2.197225 0.2428416 -0.9284102 2.476029
0.07877183 0.606769 2.127686 0.07035737 0.4170269 2.16116 -0.03971407 0.2995185 2.076272 0.2379448 0.3350662 2.230801 -0.1248477 0.1361569 1.908043 0.3512245 0.1411669 2.061418 0.01512971 0.07779072 1.769183 0.2668727 0.1735773 1.873193 0.09838228 0.117156 1.739161 0.2891965 0.2091527 1.878395 0.0885691 0.06974314 2.16944 0.1100741 0.004694123 2.141595 0.05532636 -0.06619078 2.104692 0.1829112 -0.06358076 2.167614 0.0004669696 -0.5272359 2.203213 0.1762472 -0.5318336 2.373147 -0.03979781 -0.8553358 2.260759 0.1655256 -0.8712109 2.459115 -0.001477353 -0.8999357 2.19876 0.2432924 -0.9286237 2.476786
0.08208128 0.6062804 2.128468 0.07148004 0.4167286 2.161727 -0.03357418 0.2970788 2.074749 0.2420057 0.3294097 2.242634 -0.1054202 0.1338674 1.91023 0.3741837 0.1292056 2.100743 0.05362879 0.07754777 1.795453 0.3139124 0.1720916 1.904981 0.1582235 0.1324041 1.753275 0.3332834 0.2023529 1.909475 0.08955276 0.07267978 2.169984 0.1124623 0.008959457 2.142879 0.05904326 -0.06251528 2.102549 0.183153 -0.06104963 2.171795 0.001634388 -0.5271941 2.202727 0.1767204 -0.5315069 2.37289 -0.03976874 -0.8552381 2.260623 0.1653429 -0.871141 2.458973 0.001366537 -0.8995655 2.200254 0.2430239 -0.9285502 2.477028
0.08353974 0.6060849 2.129146 0.07257169 0.416804 2.162601 -0.02566027 0.2946104 2.072847 0.2434919 0.3282807 2.251132 -0.08926032 0.131329 1.913027 0.3745207 0.1302648 2.104278 0.103826 0.07501476 1.816968 0.334697 0.1861392 1.906434 0.1784205 0.1121172 1.782812 0.3631761 0.2079743 1.928438 0.08946618 0.07336854 2.170166 0.1133005 0.009718863 2.143513 0.06127776 -0.0616627 2.101759 0.1825942 -0.06071185 2.174192 0.003057669 -0.5270517 2.2017 0.1775164 -0.5310733 2.372636 -0.03861276 -0.8544298 2.260749 0.1654328 -0.8709455 2.458948 0.00504728 -0.8984887 2.201978 0.2433832 -0.9270507 2.479734
0.08642483 0.6056478 2.130226 0.07338972 0.4170656 2.163328 -0.01936456 0.2925494 2.07032 0.2427563 0.3287764 2.261742 -0.0393969 0.1183853 1.908214 0.3708619 0.1298106 2.113322 0.1321741 0.06659213 1.813381 0.3619809 0.1836564 1.91085 0.2179458 0.08996032 1.796512 0.3922352 0.2103999 1.954305 0.08890031 0.07329667 2.170138 0.1138836 0.00958579 2.144167 0.06324826 -0.06140966 2.101563 0.1814734 -0.0617724 2.176807 0.005491805 -0.5273254 2.200998 0.1803589 -0.5299597 2.372319 -0.03864051 -0.8544731 2.260752 0.1654027 -0.8709702 2.458996 0.00795985 -0.8981893 2.204018 0.243275 -0.9274123 2.479152
0.08846676 0.6055081 2.130759 0.07366616 0.4170954 2.16335 -0.009213934 0.2886489 2.066933 0.2434247 0.3267021 2.278664 -0.03069882 0.1161847 1.909002 0.3738536 0.1369749 2.118578 0.1602486 0.07583925 1.85268 0.4578991 0.2371443 1.958078 0.2389521 0.08396721 1.834262 0.4207064 0.2079362 1.996257 0.08843816 0.07340021 2.169802 0.1152565 0.009676702 2.145406 0.0675739 -0.0606456 2.10184 0.1809842 -0.06227973 2.180106 0.007604386 -0.5267631 2.199998 0.1833884 -0.5353193 2.374849 -0.038297 -0.8529007 2.260192 0.1655482 -0.8708818 2.458936 0.01246294 -0.8960742 2.206705 0.242553 -0.927606 2.48149
0.08987971 0.6052355 2.131064 0.07464352 0.4173933 2.163635 0.001685696 0.2857608 2.063168 0.2491866 0.3254755 2.303641 0.02278277 0.1098889 1.913932 0.3748402 0.1404596 2.132833 0.2079707 0.06515841 1.85091 0.4498161 0.2255293 1.958576 0.2974379 0.07851783 1.848785 0.4587747 0.2593629 1.901585 0.08792525 0.07305173 2.169493 0.1163818 0.009021197 2.147012 0.06961928 -0.06066402 2.102205 0.1800241 -0.06481048 2.184699 0.01004012 -0.5270807 2.199299 0.1855164 -0.5376425 2.376185 -0.03812015 -0.8545502 2.260334 0.1659021 -0.8707499 2.458952 0.01696603 -0.8970811 2.210756 0.2427074 -0.9278958 2.481118
0.09333012 0.604124 2.131348 0.0758259 0.417743 2.163822 0.01107446 0.2855882 2.060317 0.2465752 0.3264434 2.308668 0.02982184 0.1124527 1.916987 0.3784686 0.1375189 2.14888 0.2218452 0.07041613 1.892348 0.4445745 0.2215851 1.970268 0.3108375 0.08661522 1.890041 0.4535331 0.2554188 1.913278 0.08878123 0.07006443 2.17096 0.1182998 0.004383058 2.150173 0.07299732 -0.06128996 2.106289 0.1791244 -0.06627666 2.186058 0.01274754 -0.528142 2.199802 0.1873398 -0.542367 2.379112 -0.03834691 -0.854782 2.260209 0.1658897 -0.8705686 2.458803 0.01897663 -0.8969564 2.212916 0.2434059 -0.9242463 2.486479
0.09560341 0.6036391 2.131595 0.0768272 0.418615 2.163795 0.01651483 0.2858693 2.058047 0.2290397 0.342898 2.315509 0.05557266 0.1159999 1.924237 0.3694229 0.1489546 2.172618 0.2498211 0.07647188 1.917945 0.36869 0.1763953 2.354304 0.3337396 0.1100072 1.922463 0.3684458 0.1855422 2.419296 0.08844382 0.06779262 2.170852 0.1192927 0.0009221011 2.151898 0.07595322 -0.06195972 2.108361 0.1771074 -0.06763939 2.18771 0.01515499 -0.5281332 2.200278 0.1899245 -0.5474629 2.382216 -0.03823305 -0.8555386 2.259959 0.1658886 -0.8705035 2.458711 0.02236002 -0.8971391 2.216379 0.2437497 -0.9238293 2.486097
0.09793459 0.6030672 2.131536 0.07870723 0.4197835 2.163517 0.02239963 0.285973 2.055124 0.2247704 0.3423091 2.312398 0.07358347 0.1191237 1.929161 0.3102457 0.1925999 2.381442 0.3110712 0.09561703 1.9494 0.3745928 0.2382162 2.548562 0.3893935 0.1380132 1.955878 0.3960418 0.2534217 2.608698 0.08923611 0.06461096 2.171674 0.1204389 -0.003728747 2.153678 0.07830267 -0.06387088 2.109218 0.1750933 -0.07042644 2.190921 0.01688678 -0.5285914 2.200319 0.1912966 -0.5511379 2.385495 -0.03826238 -0.8560631 2.259927 0.1661244 -0.8710578 2.459298 0.02348535 -0.8974711 2.217809 0.2439441 -0.9244646 2.486644
0.1003197 0.6025788 2.131104 0.08013466 0.4205462 2.162421 0.02689591 0.2847326 2.053011 0.222349 0.3418253 2.309327 0.1030121 0.1210671 1.933794 0.3095799 0.1962025 2.383008 0.3231637 0.1003631 1.964487 0.3798635 0.2364701 2.549182 0.4010102 0.1418853 1.984564 0.4032914 0.2498926 2.609004 0.0898017 0.06391951 2.172114 0.1212657 -0.004672463 2.154771 0.08337671 -0.05929116 2.115832 0.1744498 -0.07034341 2.191061 0.020311 -0.5295117 2.200835 0.1916865 -0.5508826 2.3873 -0.03787572 -0.8566623 2.259781 0.1662743 -0.8716265 2.459738 0.02456504 -0.8979617 2.218589 0.2444125 -0.9259789 2.484154
0.1023939 0.6025173 2.130634 0.08284548 0.4221836 2.16095 0.03204559 0.2839844 2.049995 0.2220241 0.3421731 2.307648 0.1460865 0.1203355 1.948424 0.3063717 0.2084109 2.398872 0.3376386 0.099944 1.975884 0.3899895 0.2377434 2.561412 0.402315 0.1458381 2.01945 0.4178621 0.2475209 2.620022 0.0931135 0.0629057 2.173434 0.1252442 -0.006123211 2.157122 0.09086007 -0.05649807 2.122535 0.1748924 -0.06995717 2.1912 0.02312027 -0.5307134 2.20157 0.1933134 -0.5521332 2.390182 -0.03683497 -0.8571724 2.260291 0.1660878 -0.8720473 2.460124 0.02633687 -0.8983496 2.220104 0.2446439 -0.9266527 2.482554
0.1005938 0.6023526 2.130974 0.08513427 0.4241445 2.160198 0.03661082 0.2832301 2.04769 0.222059 0.3429332 2.306666 0.1610522 0.1211462 1.953566 0.3060704 0.211502 2.400952 0.3495745 0.1043139 1.994539 0.3945749 0.241862 2.560907 0.4172388 0.1493084 2.034344 0.4240763 0.251982 2.618655 0.09647708 0.06230802 2.175019 0.1292037 -0.007128216 2.159567 0.09687132 -0.05348609 2.129441 0.1760858 -0.06888113 2.191073 0.02677331 -0.5324875 2.202919 0.1943643 -0.5545115 2.393644 -0.03685787 -0.8570791 2.260192 0.1658744 -0.8724432 2.460263 0.02692401 -0.8981438 2.220863 0.2448202 -0.9269271 2.481593
0.1003805 0.6021646 2.131032 0.08809486 0.425974 2.157163 0.04167612 0.2825732 2.045116 0.2229063 0.3440991 2.303045 0.1809621 0.1236643 1.962442 0.3066368 0.2120846 2.401088 0.3671704 0.1088699 2.01141 0.4008551 0.2462319 2.557284 0.4406152 0.1244483 2.061913 0.4322612 0.2576144 2.613779 0.1005685 0.04867737 2.17663 0.1338002 -0.02738122 2.163084 0.0944024 -0.08598352 2.121364 0.1843052 -0.08496112 2.204213 0.02784874 -0.5325229 2.203295 0.1936205 -0.5726306 2.403917 -0.03610066 -0.8569727 2.260244 0.1658947 -0.8724163 2.460161 0.02803998 -0.8980506 2.221516 0.2447591 -0.9267028 2.48228
0.09984773 0.6017221 2.130965 0.09052525 0.4274433 2.155769 0.04715781 0.283147 2.042211 0.2239714 0.3450786 2.301377 0.2022612 0.1256533 1.96906 0.3869412 0.2225513 2.40012 0.385182 0.1115967 2.02726 0.4850396 0.2570253 2.558846 0.4467118 0.1531369 2.078989 0.5177391 0.2685166 2.616184 0.1020042 0.04618234 2.177114 0.1351102 -0.02963048 2.163955 0.09552133 -0.08581431 2.123564 0.1846716 -0.08520348 2.204072 0.03080068 -0.5324892 2.203857 0.1950997 -0.5696698 2.404106 -0.03611918 -0.8569572 2.260242 0.1659534 -0.8726181 2.460266 0.02861412 -0.8979596 2.222432 0.2448867 -0.9260663 2.484113
0.09956743 0.6015315 2.130939 0.09228542 0.4290609 2.15444 0.05098661 0.2824202 2.04093 0.2249056 0.3464319 2.29968 0.2106709 0.1279553 1.971458 0.3869587 0.2227033 2.400028 0.4229866 0.1704012 2.104512 0.4850572 0.2571772 2.558754 0.4750433 0.2274231 2.151692 0.5177566 0.2686685 2.616093 0.1018783 0.04595593 2.177197 0.1349521 -0.02998861 2.164307 0.09471942 -0.08265017 2.128762 0.1840094 -0.08453678 2.20286 0.03318763 -0.5318452 2.204138 0.1957029 -0.5691627 2.404482 -0.03597426 -0.8567901 2.259899 0.1659701 -0.8726439 2.460263 0.02902106 -0.897796 2.222545 0.2445618 -0.9260706 2.485258
0.09944914 0.6013996 2.130885 0.09381726 0.4307418 2.154304 0.05580744 0.2823956 2.039882 0.2257805 0.3477971 2.299242 0.2184588 0.1316709 1.975189 0.3871517 0.2232714 2.400288 0.4201648 0.1961845 2.123504 0.4308947 0.2773253 2.594897 0.4610691 0.247875 2.134809 0.4454757 0.2953433 2.664197 0.1022206 0.04605612 2.17779 0.1353584 -0.02987223 2.165312 0.09551954 -0.08122785 2.130093 0.1841123 -0.08385987 2.203551 0.03509533 -0.5313032 2.204659 0.198038 -0.5640101 2.404558 -0.03557449 -0.8559065 2.259286 0.1658859 -0.8727378 2.460342 0.02989357 -0.8968469 2.222694 0.2452998 -0.9266011 2.481508
0.09961672 0.6013377 2.130988 0.09511574 0.4321321 2.154111 0.05948531 0.2831086 2.039467 0.2266499 0.3490403 2.298809 0.2245687 0.1364703 1.978419 0.395332 0.2359838 2.417252 0.4247059 0.1999605 2.129073 0.4371292 0.2857962 2.608463 0.4625533 0.250484 2.15116 0.4510616 0.3024004 2.676629 0.1085779 0.003279267 2.186155 0.1418906 -0.08428019 2.175844 0.09427454 -0.1226807 2.168831 0.1950102 -0.1221379 2.185511 0.03530581 -0.5378604 2.205679 0.2003327 -0.5589195 2.404675 -0.05464385 -0.9349808 2.281469 0.1658609 -0.8731201 2.460203 0.006570622 -0.99339 2.250901 0.2459597 -0.9267003 2.479415
0.0996277 0.6013198 2.131011 0.09606984 0.4332427 2.153931 0.0622405 0.2838365 2.039611 0.2273352 0.3500917 2.298443 0.227255 0.1399815 1.980865 0.3962747 0.2375428 2.419049 0.4232411 0.2062747 2.13538 0.4370741 0.2855462 2.608361 0.4650632 0.2548694 2.154415 0.4506738 0.3015474 2.675895 0.1086234 0.003152406 2.185945 0.1419913 -0.08427873 2.17573 0.0943717 -0.1227084 2.16865 0.1952828 -0.1222633 2.185257 0.03660803 -0.5380204 2.205807 0.2003469 -0.558988 2.404712 -0.0549056 -0.9349037 2.281125 0.1662125 -0.8733764 2.46032 0.006344229 -0.9932134 2.250897 0.2463215 -0.9270284 2.479287
0.09970947 0.6013148 2.131028 0.09688157 0.4339159 2.153877 0.06419702 0.2847527 2.03937 0.2279433 0.3507254 2.298256 0.2742196 0.1428574 2.015022 0.3970425 0.2383836 2.420261 0.4586504 0.2192737 2.168142 0.4386067 0.2873915 2.606248 0.4989471 0.2670167 2.192009 0.4524615 0.3037275 2.672673 0.1083895 0.002488199 2.186068 0.1417791 -0.08466714 2.175883 0.09365325 -0.1231307 2.167985 0.1953865 -0.1236122 2.186581 0.03705106 -0.5385258 2.205773 0.1969673 -0.5769899 2.409387 -0.05315408 -0.935079 2.283523 0.1661183 -0.8758036 2.46079 0.008259065 -0.9932609 2.253794 0.2472434 -0.9279019 2.479769
0.09970328 0.6012668 2.13108 0.09728565 0.4348049 2.154156 0.06484362 0.2849259 2.039322 0.2282126 0.3515872 2.298399 0.2435431 0.1447816 1.992549 0.3973405 0.2395821 2.421787 0.4368061 0.212007 2.14983 0.4388966 0.2879352 2.606089 0.4755936 0.2593635 2.176769 0.4527486 0.3040529 2.671953 0.1086053 0.001472177 2.186382 0.142005 -0.08551387 2.176127 0.09359214 -0.1238885 2.167562 0.1964361 -0.1253974 2.187738 0.03818613 -0.5392812 2.206665 0.1980654 -0.5733532 2.409306 -0.05311763 -0.9359434 2.283028 0.1663508 -0.8741015 2.460555 0.00813964 -0.9940927 2.25342 0.2470362 -0.9273586 2.47814
0.09971275 0.6013038 2.131294 0.09763972 0.435304 2.1542 0.06519995 0.2849691 2.039312 0.2284763 0.3520822 2.298361 0.2621856 0.143266 2.008515 0.3976017 0.2401132 2.422436 0.4536479 0.2173438 2.164986 0.4389423 0.2878448 2.606169 0.4919377 0.2652262 2.191707 0.4527225 0.3037554 2.671844 0.0948893 0.003075928 2.185064 0.1219293 -0.08341959 2.174066 0.07135107 -0.1192951 2.143298 0.1594031 -0.1338812 2.207237 0.0393118 -0.5334745 2.206133 0.1989299 -0.5692235 2.408854 -0.05354661 -0.9304334 2.279914 0.16639 -0.8740748 2.460624 0.007822201 -0.9893103 2.249616 0.2470819 -0.9273565 2.478102
0.09951162 0.6012593 2.13175 0.09816436 0.4357615 2.154325 0.06533507 0.2850084 2.039318 0.2288961 0.3525263 2.298403 0.2341912 0.1432091 1.991035 0.3980475 0.2405639 2.423109 0.4305171 0.2092095 2.145269 0.4343385 0.2849705 2.60878 0.4682887 0.2574581 2.172069 0.4464355 0.2997727 2.675101 0.09206741 0.002631316 2.184263 0.1194408 -0.08394813 2.173142 0.06978048 -0.1190437 2.143046 0.1597952 -0.134816 2.205491 0.03934925 -0.5333018 2.206114 0.1978728 -0.5746948 2.410981 -0.05290956 -0.9303695 2.280016 0.1665385 -0.8739873 2.460643 0.008468781 -0.9893093 2.249703 0.2470951 -0.927479 2.478103
0.09906982 0.6014709 2.13205 0.09791533 0.436332 2.153795 0.06498148 0.285139 2.03938 0.2285478 0.3531831 2.297734 0.2308667 0.1414673 1.988407 0.3977464 0.2409589 2.42303 0.4236487 0.1744754 2.121182 0.4253969 0.2785674 2.612417 0.4701846 0.232835 2.172328 0.4346137 0.2911036 2.679976 0.08969206 0.003495814 2.183357 0.1175366 -0.08304761 2.172318 0.06899654 -0.1183994 2.141689 0.1596845 -0.1347257 2.205395 0.03941563 -0.5324796 2.206046 0.1978376 -0.5746951 2.411002 -0.05294155 -0.9296064 2.27962 0.1667954 -0.8742931 2.46104 0.008489173 -0.9886423 2.249176 0.2472463 -0.9279637 2.478438
0.09858105 0.6017877 2.132719 0.09764599 0.436615 2.15384 0.0645237 0.2852109 2.039579 0.2282188 0.3534962 2.297738 0.2269343 0.1391134 1.985449 0.3972622 0.2412996 2.423436 0.4338805 0.2010655 2.128042 0.4203638 0.2737336 2.610683 0.4700527 0.2435318 2.164934 0.4280643 0.2845449 2.677529 0.08531593 0.004965968 2.182181 0.1129268 -0.08130462 2.170799 0.06639246 -0.1174895 2.139204 0.156909 -0.1337685 2.20471 0.03942606 -0.5312937 2.205948 0.1971817 -0.5733099 2.410364 -0.05185965 -0.9286833 2.27946 0.1668271 -0.8743875 2.461081 0.009722583 -0.987877 2.24897 0.2474235 -0.9265731 2.481972
0.09755319 0.6021621 2.133582 0.09690833 0.4367859 2.154292 0.06204901 0.2858036 2.040431 0.2274199 0.3536788 2.298142 0.2161963 0.1348484 1.981189 0.3961545 0.2414533 2.424474 0.4269465 0.197408 2.118348 0.4108798 0.2662866 2.605954 0.4842492 0.2228137 2.095029 0.4157882 0.2745644 2.670877 0.0841036 0.004174319 2.181716 0.1118533 -0.08213425 2.169961 0.06542961 -0.1178942 2.138903 0.1567989 -0.1348938 2.202323 0.03854368 -0.5316382 2.205986 0.1968071 -0.5729577 2.409948 -0.05181201 -0.9291798 2.279737 0.1667098 -0.8744396 2.461209 0.009686485 -0.9884727 2.248876 0.2467965 -0.925142 2.487112
0.0934387 0.6022405 2.134784 0.09558786 0.4368979 2.156101 0.0599991 0.2856804 2.04129 0.2260514 0.3538005 2.299856 0.2098936 0.1284916 1.9773 0.3945015 0.2414879 2.427082 0.4299549 0.1957666 2.098216 0.410233 0.2605872 2.609129 0.5033087 0.2181916 2.142951 0.4154768 0.2669536 2.674241 0.09092981 0.0480464 2.181739 0.1227276 -0.02517383 2.168135 0.08134968 -0.08410174 2.121825 0.1703334 -0.0833271 2.214248 0.03623006 -0.5328099 2.206405 0.1950597 -0.5679191 2.406988 -0.03269143 -0.8569723 2.260107 0.1668865 -0.8742839 2.461389 0.03306675 -0.8982053 2.224377 0.2465606 -0.925509 2.487534
0.09282103 0.602652 2.135114 0.09305963 0.436851 2.156461 0.0530939 0.2858952 2.044345 0.2234199 0.3537625 2.30016 0.1857515 0.1270619 1.96756 0.3918841 0.2413672 2.427718 0.3695389 0.1102929 2.022898 0.4034754 0.251801 2.610708 0.4375376 0.1542897 2.063245 0.4073392 0.255279 2.676135 0.09129204 0.0487478 2.181527 0.1228827 -0.02461021 2.167582 0.08214848 -0.08333567 2.119839 0.1705467 -0.08317222 2.214167 0.03460239 -0.5334472 2.206601 0.1937962 -0.5660487 2.405715 -0.03375583 -0.8577284 2.260363 0.1664005 -0.8741651 2.461439 0.03132898 -0.8990218 2.223488 0.2473844 -0.9263253 2.48084
0.08933279 0.6032959 2.137796 0.09024148 0.4364696 2.157987 0.04936243 0.2865123 2.045832 0.2205606 0.3533889 2.301635 0.1682386 0.124993 1.961609 0.2895784 0.2289874 2.426953 0.354432 0.1094791 2.010448 0.4008183 0.2425156 2.575562 0.4302782 0.1526493 2.034346 0.4378982 0.247025 2.629528 0.09139635 0.04859205 2.181476 0.1230128 -0.02463348 2.167353 0.08262533 -0.08375581 2.118687 0.1710037 -0.08305011 2.214074 0.03114883 -0.5346628 2.207193 0.1921037 -0.5630673 2.404061 -0.03529307 -0.858444 2.260414 0.1659744 -0.8743585 2.461516 0.02971645 -0.8996532 2.223312 0.2473733 -0.926203 2.480006
0.08881542 0.601425 2.138469 0.0869709 0.4355606 2.160664 0.04338393 0.2858828 2.048403 0.2172664 0.3524891 2.304259 0.1496382 0.1226163 1.952172 0.2892492 0.2287596 2.427487 0.3397644 0.103982 1.986561 0.396471 0.2389749 2.579023 0.4168867 0.1478489 2.004317 0.4322116 0.24238 2.633965 0.09160195 0.04843589 2.181635 0.1231822 -0.02451177 2.167181 0.08315156 -0.08411647 2.117949 0.1717084 -0.08260614 2.213877 0.02805829 -0.5343646 2.206898 0.1903266 -0.563491 2.403107 -0.03590927 -0.8581153 2.26044 0.1655935 -0.8741096 2.46137 0.02881781 -0.8992637 2.222782 0.2464932 -0.9266422 2.480105
0.0892211 0.6008692 2.139638 0.08436318 0.434358 2.163215 0.03861447 0.2866797 2.050242 0.2146417 0.3512931 2.306775 0.1250639 0.1252005 1.941018 0.2885249 0.2280664 2.428707 0.3256505 0.1030686 1.96125 0.4034522 0.2271118 2.57529 0.4044785 0.147491 1.960818 0.4417613 0.2267935 2.628581 0.09022349 0.05241887 2.181131 0.1217971 -0.01908046 2.165817 0.08255167 -0.08181634 2.112533 0.1713116 -0.08113712 2.214635 0.02555375 -0.5331554 2.207 0.1883771 -0.5546513 2.398254 -0.0365721 -0.8578677 2.260233 0.1655742 -0.8735585 2.460939 0.02799742 -0.8989571 2.222242 0.2457232 -0.9273728 2.479258
0.08949132 0.6025524 2.140432 0.08194079 0.4329712 2.165133 0.03373332 0.2873713 2.051613 0.2123151 0.3495429 2.308558 0.08695979 0.1239547 1.929452 0.3022587 0.1909325 2.370544 0.2798345 0.08442815 1.918446 0.3733002 0.2287323 2.536956 0.3621207 0.1219868 1.920842 0.3969807 0.2413322 2.596856 0.0876963 0.05584643 2.181201 0.1189969 -0.0147473 2.165388 0.08045872 -0.07634908 2.112014 0.1688508 -0.07970813 2.214038 0.02258459 -0.531967 2.206575 0.1879853 -0.5549336 2.398109 -0.03689414 -0.8571777 2.260202 0.1655772 -0.8735235 2.460957 0.02744935 -0.8982796 2.221843 0.2453034 -0.9278263 2.479674
0.08895329 0.6033573 2.140769 0.07893779 0.4323026 2.165797 0.02855323 0.288502 2.053519 0.2113274 0.3491238 2.30976 0.07732201 0.1243338 1.926443 0.2996074 0.1938078 2.366448 0.2704517 0.08699606 1.9045 0.3656369 0.2334888 2.534359 0.3342081 0.09994815 1.889001 0.3876468 0.2467158 2.594759 0.08234753 0.06476028 2.179854 0.1129675 -0.003525949 2.16315 0.07509962 -0.05929756 2.113883 0.160373 -0.06906866 2.206798 0.02017706 -0.5311502 2.205765 0.1853531 -0.5455395 2.392852 -0.03754517 -0.8566757 2.259869 0.1650139 -0.8727717 2.460803 0.02627715 -0.8978803 2.220757 0.2442395 -0.9264182 2.48318
0.08786473 0.6047176 2.141101 0.07519159 0.4318717 2.166378 0.02615621 0.2891133 2.055141 0.2104924 0.3491524 2.308774 0.05319491 0.1216269 1.91611 0.2977377 0.1887508 2.356359 0.2392444 0.07094704 1.863007 0.363059 0.2294907 2.524292 0.2961126 0.09271074 1.85837 0.3848328 0.2430706 2.584699 0.07993343 0.0678665 2.180221 0.1107173 -0.0002132813 2.163341 0.07431491 -0.05788038 2.113914 0.1583563 -0.06749848 2.207131 0.01747266 -0.5309002 2.20578 0.1842657 -0.5445727 2.392427 -0.03783304 -0.8567301 2.260152 0.1650007 -0.8728535 2.460882 0.02559622 -0.8979759 2.220449 0.244243 -0.9276 2.480345
0.08539419 0.6072667 2.142086 0.0717229 0.4311702 2.166337 0.01949435 0.2887887 2.056138 0.2267977 0.3359577 2.314035 0.03992105 0.1173752 1.909193 0.3041619 0.1589531 2.326051 0.2212514 0.06661247 1.838369 0.3576785 0.2339419 2.486774 0.3086219 0.0807526 1.819563 0.3755174 0.2589382 2.544778 0.07878359 0.07237765 2.181051 0.1089965 0.005526211 2.163147 0.07219198 -0.05583872 2.114171 0.1588378 -0.06544624 2.206672 0.01507098 -0.52995 2.205613 0.1833753 -0.5454092 2.392386 -0.03820625 -0.8570468 2.260232 0.1649686 -0.8728827 2.460774 0.02314613 -0.8986592 2.217746 0.2446029 -0.9276879 2.478383
0.08433488 0.6087741 2.143037 0.06740383 0.4305294 2.166016 0.01211759 0.2876639 2.057862 0.228571 0.3350939 2.311763 0.02230122 0.1088968 1.895299 0.3107202 0.1579221 2.310759 0.2050945 0.07440549 1.817477 0.3542697 0.2546651 2.463336 0.2439277 0.09327859 1.79956 0.3687862 0.2869128 2.518625 0.07788124 0.07440555 2.181138 0.1078795 0.007926282 2.162539 0.07016698 -0.05470661 2.114109 0.1593821 -0.0638318 2.205547 0.01240643 -0.5302346 2.205212 0.1824278 -0.5456433 2.391802 -0.03839649 -0.8575194 2.260501 0.1650803 -0.873016 2.461337 0.02153641 -0.8993442 2.216234 0.2446863 -0.9279452 2.478685
0.08288554 0.6098372 2.143654 0.06486688 0.4297969 2.165686 0.003338624 0.2867399 2.059499 0.2248365 0.3349752 2.29017 -0.02839624 0.1109831 1.891034 0.3152919 0.1616268 2.287223 0.1492405 0.08169815 1.798028 0.4238349 0.2346679 2.421076 0.220924 0.1146443 1.764204 0.4600159 0.2590149 2.470123 0.07804614 0.07527409 2.181758 0.1069942 0.008928411 2.161752 0.06845437 -0.05491242 2.113 0.1594606 -0.06323928 2.204904 0.01122107 -0.5296255 2.204856 0.1808536 -0.5385773 2.388676 -0.03891869 -0.8576615 2.260304 0.1640878 -0.872687 2.461054 0.01786038 -0.9000077 2.212516 0.2435921 -0.9280176 2.477572
0.08201549 0.6106184 2.144313 0.06387982 0.4292526 2.16571 -0.004084733 0.2878321 2.061893 0.2238662 0.3363305 2.279417 -0.03636415 0.1123414 1.889208 0.3247316 0.1675164 2.263076 0.1310687 0.08126681 1.777087 0.323935 0.255468 2.07363 0.1898673 0.1174868 1.74376 0.3474019 0.2503062 1.986396 0.07935698 0.07587905 2.181097 0.106498 0.009540578 2.160947 0.06667959 -0.05528931 2.11212 0.1602668 -0.06203965 2.203074 0.008667274 -0.5299009 2.204158 0.180347 -0.5347329 2.386881 -0.03935695 -0.8580474 2.260497 0.1641104 -0.8726699 2.461019 0.01496612 -0.900769 2.210252 0.2428748 -0.9295936 2.475548
0.08056016 0.611371 2.144745 0.05848343 0.4284937 2.163232 -0.01223358 0.2890205 2.06444 0.2262457 0.3333772 2.265907 -0.07376152 0.1213386 1.891707 0.3342687 0.1776289 2.186525 0.09732603 0.08643945 1.756473 0.3450779 0.1524332 1.978261 0.1682641 0.1252577 1.724894 0.3597315 0.1909319 1.907658 0.07877872 0.07826758 2.179562 0.1042187 0.01215123 2.159384 0.06266288 -0.05431642 2.11144 0.1604896 -0.05995783 2.201139 0.00640598 -0.5285878 2.20293 0.1786086 -0.5324353 2.385194 -0.0395625 -0.85794 2.260112 0.1640701 -0.8726884 2.460973 0.01126657 -0.9011486 2.206725 0.2447299 -0.9274919 2.473046
0.07906506 0.6119838 2.14484 0.05812322 0.4284563 2.163397 -0.02138405 0.2900591 2.06753 0.2262454 0.3354894 2.255617 -0.09314167 0.1399395 1.899172 0.2834325 0.1481228 2.144552 0.02825673 0.07422579 1.745487 0.322493 0.1592697 1.917734 0.1125242 0.1258052 1.702911 0.3279692 0.1940009 1.871029 0.07955928 0.08023959 2.178801 0.1031455 0.0145696 2.158173 0.05968936 -0.05335803 2.110983 0.1618599 -0.05606063 2.1977 0.004942493 -0.527892 2.202196 0.1767303 -0.5298847 2.382533 -0.03962541 -0.8582581 2.260284 0.1641138 -0.8723394 2.46076 0.00796365 -0.9018809 2.204311 0.2442712 -0.9269127 2.476625
0.07737319 0.6126661 2.144733 0.05703444 0.4284556 2.163646 -0.03201843 0.2906432 2.068734 0.2235092 0.3365943 2.240604 -0.1125704 0.1316104 1.889326 0.2869665 0.1550305 2.172395 0.0704819 0.1196161 1.690067 0.3011262 0.1584529 1.894677 0.088292 0.1350909 1.683408 0.3006216 0.1940239 1.849277 0.08037268 0.08024645 2.178252 0.1022747 0.01434097 2.157173 0.05531394 -0.05522071 2.110397 0.1629224 -0.05604023 2.194832 0.002510787 -0.52676 2.20207 0.174896 -0.5242292 2.379143 -0.03989118 -0.8585113 2.260587 0.1640844 -0.8725247 2.460615 0.003952101 -0.9025634 2.201954 0.2450638 -0.926397 2.474588
0.0762927 0.6132205 2.144496 0.05630011 0.4283955 2.163321 -0.04220069 0.2937424 2.070425 0.2216604 0.3398473 2.231711 -0.1319473 0.1387345 1.894938 0.2805879 0.1561053 2.166475 -0.03831439 0.07570458 1.720322 0.2738622 0.1592515 1.886906 0.05583824 0.1447584 1.663226 0.2693845 0.1935612 1.82883 0.07974728 0.08008182 2.176862 0.1002093 0.01389904 2.155456 0.04867275 -0.05681651 2.110801 0.1631565 -0.05592743 2.19034 0.0008854197 -0.5260836 2.201386 0.1735249 -0.5232884 2.378348 -0.0400613 -0.8588453 2.26097 0.1625057 -0.8734444 2.461296 0.0008641556 -0.9032009 2.200486 0.2414168 -0.9289414 2.479956
0.07501759 0.6140285 2.143997 0.05585917 0.4286462 2.163078 -0.0524364 0.2963103 2.071312 0.2174743 0.3427739 2.216763 -0.1406756 0.1411069 1.893198 0.2762214 0.1590695 2.151085 -0.02683035 0.1193117 1.70397 0.2584582 0.1624509 1.872029 0.03698258 0.1484801 1.656802 0.2391936 0.1951865 1.810369 0.07972886 0.07888035 2.175978 0.09848385 0.01186144 2.153935 0.04331932 -0.05933101 2.113192 0.1641767 -0.05771397 2.184109 -0.0003956201 -0.5253752 2.201379 0.1723087 -0.5208178 2.376241 -0.04043141 -0.8590172 2.261179 0.1625938 -0.8730992 2.46132 -0.003288615 -0.9037268 2.198553 0.2392466 -0.9319645 2.477639
0.0741543 0.6143944 2.143902 0.05472203 0.4288033 2.162193 -0.06080604 0.2992324 2.071373 0.2158468 0.3490285 2.210498 -0.1519388 0.1430561 1.890344 0.2940487 0.1751801 2.004539 -0.02274827 0.126598 1.672644 0.2083856 0.161198 1.814523 0.001226679 0.1542569 1.645921 0.2116312 0.2047759 1.788424 0.07929887 0.07835252 2.174756 0.09732971 0.0111196 2.152681 0.04018953 -0.0604972 2.114301 0.1652215 -0.05799033 2.179828 -0.002203829 -0.5236284 2.201156 0.1706594 -0.5194159 2.37443 -0.04111935 -0.8588232 2.261263 0.162629 -0.8729699 2.461194 -0.006047737 -0.9037079 2.197577 0.2376382 -0.9317341 2.476693
0.07246476 0.6150143 2.143319 0.05420774 0.4287921 2.161607 -0.06970424 0.3016946 2.068915 0.2164539 0.3535687 2.203501 -0.1666837 0.1423824 1.878065 0.2863314 0.1752433 1.996144 -0.0337498 0.1374003 1.660619 0.1948163 0.1675705 1.808693 -0.01808827 0.1635228 1.638163 0.1948452 0.2073951 1.78145 0.07883493 0.07830436 2.173981 0.09607441 0.01097067 2.151883 0.03549566 -0.06141292 2.11623 0.1658846 -0.05806341 2.177003 -0.004210962 -0.5220044 2.200651 0.1697797 -0.5191972 2.373294 -0.04215329 -0.8580451 2.261339 0.1628657 -0.8729652 2.461291 -0.02583146 -0.9287181 2.257659 0.237349 -0.9318894 2.47711
0.07138814 0.6154543 2.143105 0.05347038 0.4290569 2.160583 -0.07357157 0.3120122 2.072587 0.2194707 0.356186 2.193619 -0.1733252 0.1426624 1.871012 0.2757361 0.1756739 1.987287 -0.04512657 0.1468627 1.647664 0.1790568 0.1726463 1.802503 -0.03777257 0.1736258 1.628898 0.1809848 0.209835 1.77756 0.07801504 0.07858016 2.172808 0.09390678 0.01111094 2.150413 0.03089175 -0.06134119 2.11758 0.1656273 -0.05751934 2.172814 -0.00551162 -0.5213705 2.199924 0.1686993 -0.5187843 2.371286 -0.04332887 -0.8573774 2.261248 0.1629001 -0.8731008 2.461381 -0.01351056 -0.9026561 2.195208 0.2430639 -0.9285201 2.473925
0.0690598 0.6159552 2.143315 0.05338949 0.4289664 2.159372 -0.07404726 0.3148502 2.074813 0.2228452 0.3557357 2.185359 -0.171355 0.1521359 1.861602 0.2745555 0.1774114 1.988826 -0.0556386 0.1503865 1.643224 0.1586187 0.1883341 1.803465 -0.0537278 0.1767212 1.625124 0.1609049 0.21351 1.772988 0.07793417 0.078687 2.172047 0.09277531 0.01111663 2.149608 0.02832189 -0.06163898 2.118583 0.1656631 -0.05722824 2.170622 -0.007564309 -0.5196205 2.198668 0.1676856 -0.5161455 2.368223 -0.04351362 -0.8573574 2.261141 0.1626941 -0.8735265 2.461967 -0.01624461 -0.9028043 2.194123 0.237897 -0.9317538 2.477427
0.06860648 0.615949 2.143413 0.05308796 0.4289162 2.158234 -0.07468604 0.3148389 2.075411 0.2239185 0.3535671 2.178277 -0.1616994 0.1630087 1.848484 0.271233 0.1780292 1.987967 -0.08268393 0.1506923 1.643619 0.157823 0.1872212 1.804623 -0.07208796 0.1806082 1.619884 0.1480632 0.2169953 1.77027 0.07749522 0.07834089 2.170949 0.09156952 0.01060389 2.148532 0.02621085 -0.06248093 2.118745 0.165686 -0.0577313 2.168683 -0.007883117 -0.5191904 2.19856 0.1677015 -0.5136117 2.366395 -0.04397959 -0.8548962 2.259597 0.1626152 -0.8735186 2.461321 -0.01852549 -0.9004525 2.191942 0.2377778 -0.9320118 2.477455
0.06826779 0.6161801 2.14362 0.05351979 0.4291354 2.15768 -0.07284932 0.3149135 2.077952 0.2230592 0.351154 2.172218 -0.1682339 0.1696567 1.849966 0.2692031 0.1789719 1.988421 -0.09352621 0.1504702 1.642352 0.1548972 0.1880875 1.804134 -0.0842424 0.1825194 1.617623 0.13236 0.222054 1.767746 0.07700688 0.07673848 2.169901 0.08991805 0.008132564 2.147163 0.02454829 -0.06370899 2.118692 0.1646205 -0.05935617 2.166741 -0.008475949 -0.517352 2.197867 0.1675107 -0.5127588 2.365408 -0.04417729 -0.8546342 2.259394 0.1627575 -0.8730702 2.460825 -0.02046062 -0.9002861 2.191175 0.2378088 -0.9320605 2.476973
0.06847231 0.6164793 2.144323 0.0537887 0.4291726 2.156842 -0.06541548 0.3130328 2.081947 0.2231661 0.3504584 2.170174 -0.1545118 0.1778513 1.844321 0.2662013 0.1798021 1.988473 -0.1030575 0.1530697 1.641035 0.1518425 0.188409 1.805391 -0.09289384 0.1885545 1.6147 0.1236733 0.2256869 1.765972 0.07682481 0.07549514 2.168881 0.08930941 0.006572781 2.146117 0.02430131 -0.0641906 2.118172 0.1640487 -0.06008624 2.166075 -0.009151325 -0.5172021 2.197274 0.1676992 -0.5119056 2.364617 -0.04424787 -0.8549542 2.259528 0.1632717 -0.8728959 2.460749 -0.02146732 -0.9006554 2.191024 0.2414054 -0.9299557 2.477897
0.06845372 0.6166574 2.144414 0.05387145 0.4293042 2.15656 -0.06389084 0.3126301 2.083199 0.2234849 0.3499727 2.169583 -0.1539182 0.1782098 1.845482 0.267225 0.180192 1.991885 -0.1072853 0.1555301 1.639179 0.1273964 0.2249884 1.773638 -0.0974502 0.1902365 1.614035 0.1190644 0.2261769 1.766491 0.07628021 0.07478974 2.168003 0.08849272 0.005695845 2.145054 0.02344332 -0.06457506 2.117381 0.1633212 -0.06075516 2.164802 -0.009704951 -0.5163399 2.196195 0.1678265 -0.5116392 2.364248 -0.04419863 -0.855 2.259478 0.1635125 -0.8728943 2.460414 -0.021786 -0.900717 2.190863 0.2414126 -0.9294348 2.480148
0.06863493 0.616984 2.145045 0.05390082 0.429484 2.156296 -0.06262073 0.312497 2.083936 0.2237918 0.3494572 2.169364 -0.1525326 0.1788995 1.845651 0.2769835 0.1822858 2.01342 -0.1090815 0.155798 1.639182 0.1443586 0.1737264 1.82622 -0.09884914 0.1908047 1.614062 0.1144597 0.2285942 1.766047 0.07615862 0.07449652 2.167658 0.08833199 0.005337446 2.144658 0.02338316 -0.06467472 2.117174 0.1631361 -0.06098459 2.164337 -0.009851242 -0.5156093 2.19571 0.1677976 -0.5115204 2.364116 -0.044198 -0.8550085 2.25948 0.1631979 -0.8734007 2.460985 -0.02194523 -0.9007332 2.190818 0.2401067 -0.9319252 2.478722
0.06910671 0.6172603 2.146282 0.05405239 0.4296093 2.156283 -0.06023801 0.3124139 2.085293 0.2237876 0.3488507 2.169267 -0.1509399 0.1794614 1.846937 0.2697124 0.1807193 2.006728 -0.1091544 0.1558464 1.63918 0.1370156 0.2498893 1.773057 -0.09932608 0.190607 1.614541 0.07615154 0.3209338 1.67655 0.07611283 0.07621526 2.167164 0.08820706 0.007919136 2.143826 0.02454238 -0.06138279 2.115486 0.1616309 -0.05681094 2.163642 -0.009887095 -0.5154363 2.195508 0.1676971 -0.511438 2.364032 -0.0441284 -0.8551016 2.259314 0.1635365 -0.873428 2.461873 -0.02206782 -0.9008307 2.190594 0.2403889 -0.9325132 2.477913
0.07044665 0.6179413 2.148876 0.05415045 0.4297023 2.156283 -0.06049399 0.3126614 2.085369 0.2240891 0.3479365 2.169742 -0.1514005 0.1769181 1.848874 0.2653296 0.1768941 2.003127 -0.1073763 0.1549066 1.640682 0.1350825 0.2508021 1.76953 -0.09627475 0.1869718 1.617902 0.07759672 0.3209141 1.678084 0.07621019 0.0758114 2.166972 0.0884463 0.007338368 2.143392 0.02461206 -0.0620782 2.115264 0.1624183 -0.05774775 2.162573 -0.01012638 -0.5148522 2.19494 0.1677003 -0.5113086 2.363787 -0.04376123 -0.8544323 2.259111 0.1636259 -0.8735049 2.462665 -0.02162181 -0.9001557 2.190413 0.2386253 -0.9340187 2.481842
0.07097597 0.6179641 2.15139 0.05475724 0.4297844 2.156876 -0.06099586 0.3139446 2.085614 0.2255524 0.3461447 2.172107 -0.1507386 0.1711501 1.853329 0.2662554 0.176349 2.00625 -0.08935449 0.1536981 1.643012 0.1539519 0.1876038 1.820883 -0.08443685 0.1821809 1.62381 0.1372895 0.2326365 1.774331 0.07633039 0.0756393 2.167079 0.08880352 0.007189795 2.143288 0.02486222 -0.0623984 2.115102 0.1633065 -0.05824512 2.16228 -0.0101023 -0.514681 2.194837 0.1677212 -0.5112862 2.363746 -0.04372034 -0.8543641 2.259013 0.1633163 -0.8735684 2.46319 -0.02113764 -0.900063 2.190442 0.2362022 -0.9328135 2.477856
0.07221759 0.6181474 2.154562 0.0556069 0.4300097 2.157738 -0.06103763 0.3149722 2.085506 0.2294565 0.3448589 2.180298 -0.1720087 0.1551589 1.877466 0.2673476 0.1747733 2.009672 -0.06700654 0.1523809 1.647346 0.158808 0.187233 1.822577 -0.0638476 0.1763586 1.631479 0.1531462 0.2123113 1.79603 0.07633252 0.07563119 2.167252 0.08948378 0.007284645 2.143312 0.02527744 -0.06245111 2.115035 0.1645899 -0.05859058 2.162238 -0.01017706 -0.5146572 2.194485 0.1676532 -0.5113001 2.363696 -0.04375141 -0.8546367 2.259233 0.1632535 -0.8741406 2.464728 -0.0194068 -0.9002416 2.191206 0.2348705 -0.9334127 2.479012
0.07441773 0.6180565 2.157627 0.05629101 0.4302217 2.158459 -0.06267739 0.3143397 2.083567 0.2307169 0.3452948 2.188551 -0.1744557 0.1507228 1.879443 0.2690991 0.1670882 2.010191 -0.04719778 0.1461173 1.655462 0.1683873 0.1727355 1.827808 -0.04107865 0.167369 1.641755 0.1724341 0.2095447 1.806798 0.0767211 0.07548331 2.167626 0.0908234 0.007187358 2.143615 0.02626881 -0.06307265 2.115149 0.16726 -0.05944248 2.162694 -0.01020793 -0.5148113 2.194265 0.1677452 -0.511383 2.363653 -0.04366412 -0.8550588 2.259586 0.1634716 -0.873323 2.463171 -0.01719214 -0.9005418 2.192275 0.2350938 -0.9338757 2.480559
0.07610341 0.6184995 2.159543 0.05664399 0.4305136 2.159763 -0.06312005 0.3120385 2.08251 0.2293351 0.3462566 2.201267 -0.1719022 0.146681 1.887319 0.275825 0.1602398 2.018313 -0.04690383 0.1288933 1.703917 0.185583 0.1672665 1.830167 -0.01013923 0.1502654 1.65867 0.1876905 0.2093047 1.813026 0.07727455 0.07545985 2.168237 0.09293028 0.00731631 2.144236 0.02961429 -0.06341 2.114811 0.1693703 -0.05983436 2.163947 -0.01021294 -0.5152154 2.194173 0.1677727 -0.5116132 2.363925 -0.04367672 -0.8550882 2.259663 0.1635947 -0.8729448 2.462187 -0.02547535 -0.9253419 2.256925 0.235168 -0.9338812 2.480395
