0.2373524 0.612119 2.252941 0.177601 0.4435326 2.280726 0.1307886 0.2912843 2.167703 0.3251041 0.3705503 2.495081 0.08031186 0.03326988 2.095618 0.4917487 0.3148132 2.558682 0.1287005 -0.187436 2.068721 0.6558629 0.413738 2.498518 0.1468758 -0.2618354 2.074211 0.7263026 0.4613013 2.466503 0.2340387 0.1047326 2.290679 0.2596119 0.04375234 2.286551 0.2294978 -0.05313679 2.216098 0.3242677 -0.03465382 2.355876 0.1374318 -0.5252604 2.286624 0.2991869 -0.5214354 2.580874 0.04985193 -0.8854041 2.314752 0.2559949 -0.8482012 2.638808 0.09708015 -0.9403108 2.309801 0.3217077 -0.8910496 2.6979
0.2374367 0.6119509 2.252908 0.17756 0.44352 2.280711 0.1307379 0.2912791 2.167756 0.3253115 0.3692735 2.494882 0.08040641 0.03318989 2.095933 0.4859788 0.2941952 2.555225 0.1304038 -0.1882679 2.07099 0.6577909 0.3810272 2.498836 0.1499517 -0.2631294 2.077113 0.7362872 0.4133126 2.466509 0.2339249 0.1049528 2.290654 0.2595928 0.04376056 2.286531 0.2294555 -0.05261873 2.215304 0.3242514 -0.03461064 2.355955 0.1373883 -0.5252622 2.286708 0.2985624 -0.5227543 2.579687 0.04981577 -0.8853304 2.314788 0.2556839 -0.8464565 2.637934 0.09703873 -0.9402996 2.310527 0.3204369 -0.8891883 2.69816
0.2364911 0.6124663 2.252416 0.177318 0.4435631 2.281042 0.130539 0.2912336 2.167896 0.3263372 0.3679637 2.495631 0.08041713 0.03306669 2.096283 0.4794945 0.2730506 2.549886 0.1310082 -0.1880207 2.072001 0.6639394 0.331848 2.498652 0.1507758 -0.2630067 2.078292 0.745275 0.3563244 2.466488 0.2338 0.1049886 2.290662 0.2594821 0.04361283 2.286444 0.2290964 -0.05235253 2.215076 0.3242191 -0.03440563 2.355622 0.1373456 -0.5253223 2.286828 0.2999425 -0.5164786 2.577152 0.04996088 -0.8852865 2.314527 0.2555463 -0.8467494 2.638187 0.09648262 -0.940883 2.310716 0.3115559 -0.9031159 2.695909
0.2346894 0.6126285 2.251758 0.1770953 0.4435976 2.281006 0.1301054 0.2910078 2.168113 0.3260659 0.3663302 2.49244 0.08005781 0.03281647 2.096558 0.4755099 0.2653287 2.546265 0.1317562 -0.1886164 2.073063 0.6696447 0.2755868 2.499459 0.1511382 -0.2634236 2.079258 0.752436 0.2982917 2.469807 0.2336871 0.1050538 2.290656 0.2593883 0.04350385 2.286346 0.2289347 -0.05209444 2.214915 0.3241189 -0.03420639 2.355394 0.1372339 -0.5253856 2.286963 0.2988942 -0.5280086 2.582226 0.04986763 -0.8852875 2.314578 0.2555742 -0.8466179 2.638107 0.09642585 -0.9408368 2.310533 0.3163527 -0.9045554 2.689051
0.2328237 0.6124283 2.250803 0.1767672 0.4434734 2.281045 0.1293228 0.2906379 2.168428 0.3267918 0.3638778 2.491874 0.07998861 0.03226805 2.097108 0.4718754 0.2502263 2.536173 0.1321039 -0.1896893 2.074371 0.6741062 0.2392299 2.493424 0.1514774 -0.2648762 2.081758 0.73879 0.2489439 2.478316 0.2332576 0.105158 2.29056 0.2590031 0.04337832 2.286133 0.2282006 -0.05180846 2.214284 0.3239597 -0.03422444 2.355256 0.1370397 -0.5256745 2.28719 0.301576 -0.5147638 2.577767 0.04991306 -0.8854351 2.314649 0.2576436 -0.845094 2.636975 0.09632427 -0.9411813 2.311793 0.3233756 -0.8874403 2.696407
0.2323993 0.6127731 2.251497 0.1760404 0.4432108 2.280692 0.1287076 0.2905215 2.16877 0.3268835 0.3620463 2.490837 0.07965732 0.03202251 2.097881 0.4619461 0.23347 2.529141 0.131798 -0.1899003 2.074722 0.6663783 0.2097745 2.490234 0.1510115 -0.2651469 2.081853 0.7322722 0.2069162 2.477727 0.2326851 0.103858 2.290099 0.2584518 0.04072861 2.285359 0.2275949 -0.051993 2.214802 0.3234948 -0.034548 2.35272 0.1369756 -0.525749 2.287207 0.3021474 -0.5117808 2.576816 0.04995295 -0.8854721 2.314695 0.2576095 -0.8450527 2.63652 0.0963731 -0.9411969 2.311581 0.3168166 -0.9032982 2.688942
0.2321726 0.6128194 2.251553 0.1757185 0.4432931 2.28048 0.1284163 0.2904501 2.169075 0.3270791 0.3614998 2.490335 0.07909396 0.03186756 2.098975 0.4571402 0.2255545 2.523601 0.1310594 -0.1901041 2.075225 0.6608547 0.1692517 2.491111 0.1499743 -0.2652684 2.082112 0.7369883 0.1742291 2.481935 0.2324794 0.1030955 2.290001 0.2583238 0.03913503 2.285213 0.227268 -0.05222911 2.215365 0.3233947 -0.03490437 2.351958 0.1369561 -0.5252832 2.287284 0.3019264 -0.510707 2.575889 0.05001329 -0.8855485 2.314703 0.2575919 -0.8450324 2.636513 0.09659921 -0.9411769 2.312467 0.3167123 -0.903195 2.689125
0.2317307 0.6129322 2.251762 0.1746909 0.4434246 2.280313 0.1280568 0.2903651 2.169364 0.3268308 0.3611076 2.490076 0.07859191 0.03178471 2.09941 0.4627207 0.2091038 2.516179 0.1299756 -0.1898718 2.075802 0.6575199 0.1524555 2.490014 0.1478726 -0.2651067 2.083216 0.7305851 0.1484137 2.480818 0.2319641 0.102167 2.289896 0.2579103 0.03761393 2.285065 0.2269405 -0.05249097 2.21572 0.3229962 -0.03545912 2.351254 0.1367849 -0.5254936 2.287426 0.3046591 -0.4872401 2.569681 0.05011431 -0.8855821 2.314696 0.2570696 -0.8447385 2.636506 0.09612064 -0.9416932 2.312516 0.3236457 -0.8848932 2.601164
0.2313765 0.6125336 2.25334 0.1744608 0.4433277 2.280454 0.1278278 0.2902192 2.169589 0.3269275 0.360499 2.490141 0.07786527 0.03171846 2.099728 0.461461 0.2050888 2.514355 0.1288395 -0.1895916 2.076225 0.6587459 0.1334395 2.48715 0.1460243 -0.2651803 2.08338 0.7345096 0.1221369 2.479516 0.2317182 0.1017571 2.29002 0.257704 0.03704876 2.285171 0.2265892 -0.05263969 2.216071 0.3228373 -0.03565811 2.351099 0.1366418 -0.5258682 2.287625 0.3021995 -0.4984057 2.571203 0.05017558 -0.8857148 2.314994 0.2571111 -0.8452973 2.636924 0.09621987 -0.94178 2.312468 0.2980962 -0.9021847 2.692157
0.2306008 0.6126138 2.253334 0.1741556 0.4432324 2.280479 0.1276103 0.2901542 2.16968 0.3269046 0.3600173 2.490053 0.0769103 0.03178516 2.099889 0.4602121 0.1993881 2.512261 0.1254526 -0.1880977 2.076812 0.6556532 0.1254634 2.485765 0.1374675 -0.2631983 2.081258 0.7338836 0.1153876 2.479693 0.2312777 0.1009779 2.289965 0.2572955 0.03596905 2.285071 0.2260966 -0.05297307 2.216308 0.3224128 -0.03625238 2.350588 0.136394 -0.5260932 2.287899 0.3015963 -0.4993982 2.571185 0.05058667 -0.8852277 2.313998 0.2571033 -0.8452895 2.636884 0.09639572 -0.9415343 2.313057 0.32363 -0.8854558 2.601462
0.2195088 0.6159886 2.253332 0.1741095 0.4428847 2.280742 0.1271756 0.2899383 2.169773 0.3273388 0.3589338 2.49032 0.07613084 0.03162786 2.100035 0.4607662 0.1968562 2.511632 0.1224931 -0.1879446 2.076592 0.655495 0.1231172 2.485223 0.1341863 -0.263107 2.080604 0.7361829 0.1102263 2.476883 0.2308502 0.09978811 2.290448 0.2568276 0.03447903 2.285578 0.2257244 -0.05307426 2.216225 0.3213909 -0.04305566 2.353 0.1362234 -0.5268302 2.288292 0.3016351 -0.5001738 2.570696 0.05056438 -0.8853648 2.314095 0.2571683 -0.8452482 2.636853 0.09661573 -0.9414673 2.312849 0.3135577 -0.9032272 2.692574
0.1957602 0.6205561 2.255688 0.1737104 0.442715 2.280872 0.1269554 0.2898502 2.169903 0.3272132 0.3585384 2.490345 0.0749338 0.03172049 2.100248 0.460846 0.1968341 2.511825 0.1195441 -0.1872804 2.077011 0.6551864 0.1244533 2.484365 0.1303045 -0.2630066 2.078881 0.7332337 0.1137008 2.476307 0.2302421 0.09947664 2.290597 0.2562526 0.03413742 2.285717 0.2249759 -0.05290949 2.21571 0.3204736 -0.04442074 2.353897 0.1362382 -0.5276393 2.288853 0.3017323 -0.5002608 2.570884 0.05056649 -0.8853358 2.313938 0.2572975 -0.84544 2.636755 0.09660918 -0.9414478 2.312811 0.3065784 -0.9035506 2.690254
0.1957063 0.620578 2.255725 0.1735027 0.4427168 2.280768 0.1268831 0.2898458 2.169985 0.3271785 0.3583802 2.490172 0.07402302 0.03185195 2.100533 0.4561114 0.2013788 2.513362 0.1168937 -0.1867321 2.077098 0.6523143 0.141482 2.485525 0.127856 -0.2621907 2.07795 0.7284399 0.142891 2.47689 0.2296163 0.09843305 2.290628 0.2555612 0.03264084 2.285807 0.224417 -0.05306666 2.215634 0.319651 -0.04636541 2.354113 0.1364745 -0.5279989 2.289089 0.3017109 -0.501835 2.570796 0.05052319 -0.8855528 2.314317 0.2572032 -0.8457882 2.637378 0.09713323 -0.9411619 2.312109 0.3094049 -0.9047471 2.693259
0.1956872 0.6205772 2.25588 0.1734525 0.442544 2.28101 0.1268296 0.2898302 2.170038 0.3249944 0.3487721 2.480096 0.07350279 0.03195804 2.100433 0.4552697 0.2084997 2.516447 0.1146251 -0.1862344 2.076815 0.6555145 0.1786164 2.483874 0.125668 -0.261722 2.077375 0.7265384 0.1845389 2.472926 0.229256 0.09844184 2.290571 0.2550358 0.0327024 2.285551 0.2236148 -0.05319234 2.214324 0.3188668 -0.0463692 2.353986 0.1366553 -0.5281599 2.289157 0.3022541 -0.5019606 2.571469 0.05049398 -0.8856028 2.31433 0.257462 -0.8457001 2.63721 0.09689716 -0.9414108 2.312941 0.3080762 -0.9033213 2.691178
0.2093523 0.6159668 2.255753 0.1730669 0.4424465 2.281024 0.1267631 0.2897969 2.170073 0.3233015 0.3465184 2.476615 0.07297955 0.03202665 2.100426 0.456555 0.2214848 2.524898 0.1133174 -0.1855955 2.076681 0.6585677 0.2134864 2.484391 0.1244106 -0.2619125 2.076971 0.7240143 0.2242661 2.467056 0.2288294 0.09599363 2.290247 0.2547561 0.02937907 2.285081 0.2233954 -0.054275 2.214622 0.3184097 -0.04727088 2.352817 0.1363131 -0.5287637 2.288994 0.3021653 -0.5019515 2.571602 0.0505182 -0.8853582 2.314045 0.2575845 -0.8456762 2.637321 0.09689762 -0.9411898 2.31282 0.3121508 -0.9039457 2.691787
0.2134154 0.6150318 2.255325 0.1728933 0.442565 2.281106 0.1266764 0.2897961 2.17013 0.3228878 0.3461189 2.475497 0.07270297 0.03208125 2.100392 0.4626479 0.2358431 2.534425 0.1124033 -0.1853907 2.076617 0.6569914 0.249749 2.49024 0.1239745 -0.2619806 2.076848 0.7230096 0.2741866 2.460098 0.2286731 0.09559441 2.29012 0.2546096 0.02885402 2.284873 0.2232044 -0.05492803 2.214109 0.3182091 -0.04773332 2.352618 0.1361669 -0.5294247 2.289071 0.3034747 -0.5050769 2.573705 0.05044274 -0.8853384 2.313978 0.2574087 -0.8438668 2.63749 0.09718253 -0.9408576 2.312336 0.313451 -0.9035153 2.691779
0.2204017 0.614552 2.255544 0.1728052 0.4426537 2.281101 0.1265629 0.2898295 2.170249 0.3230197 0.3498387 2.478491 0.07255881 0.03214321 2.100381 0.4671394 0.2460462 2.538298 0.1115403 -0.1852694 2.076102 0.6549928 0.2988402 2.496005 0.1236889 -0.261883 2.076687 0.7379047 0.3171241 2.463749 0.2286069 0.09527007 2.290212 0.254595 0.0284184 2.285048 0.2231849 -0.05496404 2.214112 0.3182344 -0.04927509 2.353279 0.1360673 -0.5295938 2.289016 0.3031165 -0.504528 2.573255 0.05043809 -0.8853909 2.31404 0.2575088 -0.8438665 2.637629 0.09737777 -0.940738 2.312294 0.3123237 -0.9033435 2.691535
0.2213137 0.6140926 2.255348 0.1727311 0.4426732 2.281106 0.1265422 0.2898442 2.170295 0.3247221 0.3548052 2.485385 0.07259978 0.03215048 2.100395 0.4702718 0.2535807 2.545843 0.1116507 -0.1867653 2.076164 0.6481419 0.3305218 2.495683 0.1236082 -0.2620676 2.076715 0.7246313 0.3696781 2.466267 0.2285932 0.09520879 2.290389 0.2546698 0.02837245 2.285383 0.2231844 -0.05449492 2.214952 0.3183318 -0.04930598 2.353443 0.1360464 -0.5293825 2.288853 0.303075 -0.5038793 2.57372 0.05054678 -0.8853541 2.313936 0.2575665 -0.843904 2.637592 0.09747671 -0.9406945 2.311769 0.3128319 -0.90351 2.69136
0.2218972 0.6138651 2.255163 0.172681 0.4427392 2.281162 0.1265235 0.2899788 2.170462 0.3250724 0.3594183 2.489865 0.07272585 0.03228113 2.100408 0.4842185 0.281944 2.550906 0.111949 -0.1877455 2.075652 0.6492862 0.3783801 2.488939 0.1236266 -0.2618886 2.076547 0.7233326 0.4176676 2.453969 0.2221746 0.1432811 2.300046 0.2473264 0.08656508 2.29685 0.2263233 -0.03769872 2.201692 0.3157907 -0.02977734 2.399693 0.1365532 -0.5275072 2.287756 0.302702 -0.5024137 2.571701 0.05054808 -0.8848776 2.312076 0.2574027 -0.8438484 2.637351 0.09652492 -0.9410504 2.311442 0.3131864 -0.9035715 2.691458
0.2234863 0.6143137 2.255371 0.1725945 0.4428729 2.281403 0.1264701 0.2899687 2.170528 0.3251892 0.3601281 2.490776 0.07284932 0.0322372 2.100458 0.4876121 0.2903553 2.552276 0.1123685 -0.187887 2.075558 0.6469832 0.3952903 2.488925 0.1237589 -0.2615824 2.076413 0.7135994 0.448412 2.457466 0.2221934 0.1432504 2.300055 0.2473633 0.08651415 2.29686 0.2267831 -0.0357642 2.200177 0.3158458 -0.02978583 2.399668 0.1365056 -0.5272434 2.287477 0.3020116 -0.504092 2.571147 0.05065921 -0.8849133 2.312501 0.2548985 -0.8520385 2.640614 0.09690239 -0.9408424 2.31072 0.3048514 -0.9037626 2.689809
0.2097755 0.6182125 2.255039 0.1725352 0.4429877 2.281738 0.1264397 0.289929 2.17059 0.3266042 0.361888 2.494208 0.07320688 0.0320887 2.100687 0.4934208 0.3020663 2.554808 0.1142385 -0.1889525 2.075858 0.6460354 0.4150114 2.487957 0.1247027 -0.2616697 2.076308 0.6835197 0.4541593 2.458569 0.2221584 0.1435716 2.300166 0.2473233 0.08690833 2.296957 0.2269042 -0.03369769 2.198625 0.3159006 -0.0296754 2.399816 0.13694 -0.525304 2.286679 0.3017882 -0.5043033 2.57094 0.05064905 -0.8847618 2.312194 0.2550625 -0.8510474 2.640088 0.09677541 -0.9408018 2.310956 0.3045401 -0.9035829 2.689635
0.2164767 0.6171179 2.254427 0.1724471 0.4430497 2.281739 0.1263683 0.2898419 2.170632 0.3311305 0.364949 2.501094 0.07346118 0.03192455 2.100789 0.5097247 0.3265011 2.549481 0.1167592 -0.1908624 2.076633 0.6529804 0.4505916 2.481457 0.1273956 -0.2629219 2.077497 0.6780303 0.4711737 2.455204 0.2221837 0.1437308 2.300211 0.2473544 0.08709521 2.296998 0.2268187 -0.03248095 2.198436 0.316325 -0.02918297 2.399778 0.1369554 -0.5251867 2.286586 0.3022556 -0.4961582 2.567259 0.05046518 -0.8849669 2.31266 0.255978 -0.8489876 2.63853 0.09697837 -0.9406654 2.310694 0.3021074 -0.9020004 2.68466
0.2173974 0.6164093 2.25424 0.1724114 0.4431907 2.28201 0.1263101 0.2897258 2.170705 0.3314412 0.3651352 2.501666 0.07403488 0.03168154 2.100852 0.5097386 0.3264298 2.550627 0.1186488 -0.1916346 2.077667 0.6498122 0.4531881 2.480521 0.1302415 -0.2647492 2.079492 0.6854835 0.5032433 2.444023 0.2222414 0.1439708 2.300306 0.247417 0.08736697 2.297066 0.2268967 -0.03152256 2.197896 0.3165832 -0.02887422 2.399853 0.1368353 -0.5250672 2.286415 0.2990527 -0.5103143 2.567642 0.05044234 -0.8849353 2.312675 0.2562162 -0.8479485 2.637713 0.09702995 -0.9405593 2.310391 0.3081954 -0.9036462 2.688067
0.2178506 0.6162866 2.25401 0.1720649 0.443474 2.282151 0.1261306 0.2896707 2.170734 0.3313548 0.3655098 2.502066 0.07457444 0.03144678 2.10109 0.5089228 0.3233851 2.550915 0.1202709 -0.192579 2.078498 0.6439891 0.4532256 2.475862 0.1356418 -0.2664953 2.083026 0.6807672 0.4942451 2.447344 0.2268379 0.1142075 2.29738 0.2546867 0.04317973 2.292584 0.2251664 -0.03809903 2.207793 0.3211544 -0.0386896 2.373262 0.1366736 -0.5250071 2.286166 0.2991872 -0.509118 2.567282 0.05054343 -0.884662 2.312579 0.2572488 -0.8422089 2.633065 0.09688973 -0.9404891 2.310343 0.312516 -0.9032053 2.686645
0.2194065 0.6155645 2.253914 0.1720321 0.4435213 2.282324 0.1259823 0.2895912 2.170709 0.3312387 0.3654278 2.502346 0.07608622 0.03098872 2.101381 0.5063782 0.3103599 2.548466 0.121415 -0.1931059 2.079129 0.6483627 0.435939 2.480526 0.1398379 -0.2677493 2.084835 0.6818505 0.4755773 2.454093 0.2272168 0.1122278 2.29727 0.2547273 0.04291562 2.292571 0.224637 -0.04023121 2.21042 0.3213311 -0.0394237 2.371594 0.1365045 -0.5252416 2.286129 0.2977528 -0.5252165 2.575157 0.05068628 -0.8844007 2.312422 0.2568415 -0.8438581 2.635178 0.09680512 -0.9404267 2.310481 0.3103327 -0.9029462 2.692564
0.2198973 0.6155808 2.253692 0.1718188 0.4435324 2.282244 0.1259037 0.2895029 2.170725 0.3310279 0.3652569 2.502594 0.07707556 0.03066304 2.1016 0.504245 0.3005406 2.545264 0.1230915 -0.1941891 2.080738 0.6454781 0.4277908 2.479278 0.1417979 -0.2687739 2.086094 0.6822953 0.4298488 2.459819 0.2275086 0.1107504 2.297062 0.2548319 0.04258966 2.292549 0.2248725 -0.04202722 2.211301 0.3217112 -0.0406571 2.371148 0.1363128 -0.5253871 2.28608 0.2989146 -0.5133218 2.571875 0.05041263 -0.8845778 2.312756 0.2566998 -0.84396 2.635153 0.09701828 -0.9401498 2.309703 0.323294 -0.8840959 2.599827
0.1931241 0.616551 2.250756 0.1714461 0.4433137 2.282547 0.1257065 0.2892514 2.170691 0.3313246 0.3640251 2.502993 0.07783468 0.03015077 2.102062 0.5216686 0.3099292 2.529724 0.1250974 -0.1958293 2.082723 0.6846932 0.4129027 2.474769 0.146891 -0.270736 2.090313 0.6958395 0.3998238 2.457472 0.2277032 0.1088718 2.297152 0.2549336 0.04177981 2.292631 0.2245569 -0.04360122 2.213105 0.3220493 -0.0413641 2.370105 0.1362818 -0.5253496 2.285994 0.2998345 -0.5041669 2.566758 0.05044568 -0.8845764 2.312815 0.257758 -0.8437224 2.634988 0.09693131 -0.9402425 2.309647 0.3017528 -0.897914 2.685127
0.2080048 0.6153526 2.250425 0.1708219 0.443275 2.282471 0.1255413 0.2890927 2.170673 0.3309366 0.3630616 2.502739 0.07835469 0.02981868 2.102335 0.5168712 0.3006501 2.525487 0.1259619 -0.1955762 2.083646 0.7077386 0.3269734 2.46985 0.148141 -0.2712911 2.091025 0.7895852 0.3540793 2.441285 0.226668 0.1120412 2.297357 0.2532052 0.04863744 2.293295 0.2245024 -0.04263889 2.212406 0.3213086 -0.03989113 2.372425 0.1363083 -0.5252947 2.28598 0.2996929 -0.5047278 2.566416 0.05044848 -0.8846077 2.312856 0.2577838 -0.8439468 2.635283 0.0968575 -0.9403474 2.30986 0.3192795 -0.8903565 2.696195
0.2091546 0.6146885 2.249728 0.169583 0.4429325 2.281676 0.1249961 0.2887449 2.170526 0.331417 0.3540636 2.503367 0.07886628 0.02922386 2.102539 0.5119395 0.2845313 2.52092 0.1266397 -0.1949078 2.084299 0.7060583 0.2789137 2.472946 0.1489905 -0.2720591 2.091772 0.7105868 0.2958827 2.459882 0.2212221 0.1334762 2.298465 0.2462143 0.08049958 2.295907 0.2261623 -0.0384277 2.200235 0.3191472 -0.03876851 2.398263 0.1362913 -0.525304 2.285989 0.2994938 -0.515537 2.571012 0.05044325 -0.8846753 2.312873 0.2580365 -0.8439169 2.635463 0.09681539 -0.9404346 2.30968 0.31129 -0.9069658 2.688705
0.2113336 0.6141881 2.249842 0.1682167 0.4428047 2.280246 0.1246873 0.2884612 2.170459 0.3313421 0.3514957 2.502781 0.07905342 0.02883977 2.10255 0.5134342 0.2605217 2.517356 0.1270046 -0.1949507 2.084571 0.7070423 0.2372639 2.474203 0.1495652 -0.2725855 2.092632 0.7233511 0.2431741 2.462038 0.2215414 0.1301289 2.297667 0.247597 0.0716237 2.294599 0.2259955 -0.03859873 2.20058 0.3193983 -0.03936979 2.394327 0.1362413 -0.5255744 2.286172 0.2977291 -0.5200864 2.571396 0.05043594 -0.8847632 2.313112 0.2580106 -0.8438049 2.63579 0.09683791 -0.9404839 2.309687 0.3136458 -0.9043658 2.689483
0.211491 0.6132209 2.249294 0.1667975 0.4424811 2.279581 0.1243493 0.2880802 2.17047 0.33079 0.3494592 2.502796 0.07920751 0.02837136 2.102569 0.516378 0.2491508 2.514171 0.1279795 -0.1950424 2.085177 0.6955276 0.1747731 2.464962 0.1502344 -0.2732981 2.093312 0.7851941 0.1642042 2.455073 0.2290079 0.07432973 2.293161 0.2578637 0.004207108 2.289753 0.220169 -0.05971818 2.239975 0.3234912 -0.05439053 2.33742 0.1363698 -0.5253469 2.286157 0.2985871 -0.5165892 2.571666 0.05044097 -0.8847953 2.313112 0.2580866 -0.8440644 2.635914 0.09669718 -0.9407223 2.311622 0.3213334 -0.8878398 2.696983
0.2114264 0.6129767 2.249029 0.1654826 0.4423632 2.279359 0.123902 0.2875787 2.170411 0.3301912 0.3482949 2.503082 0.07917169 0.02779239 2.102546 0.5189045 0.1986848 2.503385 0.1281815 -0.1949704 2.085318 0.7075266 0.1461963 2.465933 0.1506307 -0.2736719 2.093643 0.7235948 0.1467599 2.466 0.2279017 0.07972473 2.293614 0.2564126 0.01186756 2.290282 0.2204913 -0.05804554 2.235194 0.322827 -0.05267942 2.345342 0.1362046 -0.5255207 2.286225 0.2989184 -0.51489 2.572006 0.05047797 -0.8846997 2.312912 0.257913 -0.8432691 2.634938 0.09679695 -0.9405832 2.311785 0.3177238 -0.8968958 2.691443
0.2109754 0.6125669 2.247844 0.1650204 0.4422528 2.278965 0.1233945 0.2872219 2.170357 0.3237151 0.3474104 2.488196 0.07856308 0.02742812 2.102648 0.4555113 0.2060776 2.501782 0.1281944 -0.1948435 2.085426 0.6507401 0.1420576 2.474226 0.1506617 -0.2738008 2.093618 0.721087 0.1090376 2.464606 0.2271471 0.08260264 2.293598 0.2553033 0.01533448 2.290172 0.2205736 -0.0572066 2.230623 0.3213254 -0.05228825 2.349791 0.1361285 -0.5258247 2.286345 0.2969396 -0.5204332 2.570627 0.05042338 -0.8846653 2.312905 0.2572292 -0.8444042 2.636046 0.09654902 -0.9406678 2.310491 0.3181475 -0.8980312 2.691354
0.2096974 0.6116482 2.245302 0.1649821 0.442125 2.278929 0.1229939 0.2866957 2.170197 0.323419 0.3458169 2.485536 0.07813951 0.02688101 2.102643 0.4551117 0.2051412 2.501717 0.1283415 -0.1953144 2.085432 0.647459 0.129979 2.475319 0.1505113 -0.2737752 2.093426 0.7201143 0.1003674 2.468384 0.2269915 0.08349636 2.293649 0.2549846 0.016351 2.290131 0.2206105 -0.05732353 2.228418 0.3208341 -0.05268095 2.351604 0.1361181 -0.5261032 2.286621 0.2978496 -0.5111549 2.567431 0.05049632 -0.8849119 2.313199 0.2573193 -0.8444803 2.636108 0.09661103 -0.9409088 2.310467 0.3173222 -0.8999665 2.690577
0.2098273 0.6115904 2.244903 0.1649815 0.4420446 2.278947 0.1226279 0.286258 2.17002 0.3233838 0.3450826 2.484405 0.07748139 0.0264532 2.102721 0.4537973 0.2034122 2.501226 0.1281752 -0.1955198 2.085363 0.6337063 0.1232705 2.476647 0.1498454 -0.2736378 2.093201 0.718983 0.09274321 2.469895 0.2268025 0.08406103 2.293617 0.2546442 0.01697204 2.289993 0.2203111 -0.05730299 2.227113 0.320467 -0.05281896 2.352126 0.1361722 -0.5261338 2.286692 0.2980078 -0.5127019 2.569313 0.05048858 -0.8849418 2.313209 0.2572604 -0.8444558 2.636109 0.09619455 -0.9412301 2.309706 0.3169038 -0.9001879 2.690722
0.2098336 0.6113086 2.244556 0.1649922 0.4420185 2.278985 0.122381 0.2861224 2.169902 0.3229651 0.3450736 2.483788 0.07663551 0.026425 2.102587 0.4530655 0.2033899 2.501506 0.1276715 -0.1961161 2.085255 0.6390612 0.1223962 2.478666 0.1485826 -0.2737038 2.093144 0.7202783 0.09281777 2.469687 0.2266282 0.08509648 2.293801 0.2543336 0.01810472 2.290126 0.2204265 -0.05718592 2.226086 0.3198931 -0.05292024 2.353702 0.1360298 -0.5266259 2.287063 0.298927 -0.5072877 2.568441 0.05066919 -0.8849753 2.313211 0.2572514 -0.8444666 2.636098 0.09627244 -0.9413502 2.309766 0.3147962 -0.9023954 2.690675
0.2100193 0.6110691 2.244423 0.1649773 0.4419704 2.278899 0.122329 0.2861101 2.169852 0.3214104 0.3462578 2.481952 0.07592144 0.02651283 2.102645 0.4496558 0.2042911 2.504011 0.1267677 -0.1958731 2.085042 0.6421154 0.1276732 2.480531 0.1407174 -0.2724319 2.08932 0.7219063 0.1062298 2.472069 0.2264121 0.085577 2.293728 0.2540244 0.01860545 2.290045 0.220412 -0.05704813 2.225217 0.3191861 -0.05309183 2.354448 0.135941 -0.5267448 2.287076 0.2989516 -0.5075368 2.569623 0.05069974 -0.8849831 2.313153 0.2572962 -0.8443449 2.636307 0.09621763 -0.9414155 2.309526 0.3141307 -0.902808 2.691059
0.2103708 0.6111351 2.244736 0.1650517 0.4419334 2.27884 0.1223244 0.2860963 2.169795 0.320922 0.3468922 2.481098 0.07471235 0.0267745 2.10223 0.4498351 0.2080315 2.509955 0.1239375 -0.1951862 2.084418 0.6409197 0.1600965 2.486353 0.1367031 -0.2708476 2.088341 0.7019458 0.1624553 2.474028 0.2260708 0.08706522 2.293714 0.2534342 0.02040452 2.290015 0.2203613 -0.05652889 2.223505 0.3183702 -0.05296734 2.356161 0.1359215 -0.5267351 2.287062 0.2995535 -0.5064526 2.571273 0.05069375 -0.8852316 2.313642 0.2571283 -0.8446046 2.636402 0.09656858 -0.9413006 2.309014 0.3143528 -0.9016575 2.692225
0.2104371 0.6110415 2.244473 0.1650652 0.4419408 2.278836 0.1223017 0.2860609 2.169662 0.3208317 0.3471802 2.481845 0.07434849 0.02677181 2.102286 0.4531694 0.2151611 2.518827 0.1227681 -0.1951281 2.084323 0.6497198 0.2102379 2.489382 0.1337711 -0.2701117 2.087533 0.7391335 0.2032618 2.475024 0.2268921 0.07863549 2.292711 0.2545247 0.007033059 2.288414 0.2186587 -0.06021984 2.233647 0.3175866 -0.05679824 2.339194 0.1353747 -0.5280131 2.287318 0.2997805 -0.5057602 2.571593 0.05067677 -0.8852698 2.313489 0.2575254 -0.8438717 2.635582 0.09642246 -0.9414396 2.308808 0.3139989 -0.9012491 2.691835
0.2114783 0.6118716 2.244865 0.1651989 0.4419011 2.278482 0.1222821 0.2861184 2.169591 0.3203742 0.3479037 2.483577 0.07424247 0.02684924 2.10219 0.4609697 0.2307885 2.531228 0.1209323 -0.1949981 2.083768 0.655948 0.2441641 2.491076 0.130087 -0.2701428 2.086355 0.7189071 0.2546396 2.468606 0.2288283 0.06416534 2.291067 0.2568087 -0.01099496 2.286861 0.2176109 -0.06782842 2.244732 0.3188713 -0.0650343 2.326545 0.135063 -0.5286555 2.287392 0.2996746 -0.5055998 2.571749 0.05063631 -0.8851405 2.312971 0.2576002 -0.8432544 2.635381 0.09633578 -0.9414022 2.308995 0.3131116 -0.9016246 2.691571
0.2123994 0.6120999 2.245101 0.1656265 0.4422082 2.278381 0.1225037 0.2863193 2.169543 0.3247052 0.3469335 2.492095 0.07427601 0.0270859 2.102138 0.4675814 0.2322177 2.539131 0.1188758 -0.1942539 2.083074 0.6510925 0.2985986 2.496959 0.1261975 -0.2685228 2.084405 0.7355276 0.3143943 2.467448 0.2235251 0.1096957 2.293642 0.2491538 0.04823588 2.290202 0.2194259 -0.04476237 2.217187 0.3143872 -0.04098265 2.366599 0.1349043 -0.5289696 2.287469 0.2995256 -0.5058289 2.571853 0.05062231 -0.8851249 2.313016 0.2565178 -0.8430254 2.634935 0.09665962 -0.9411929 2.310453 0.3104548 -0.903109 2.69085
0.2128514 0.6121346 2.245101 0.1662129 0.4424273 2.278448 0.1227461 0.2865781 2.16944 0.3233197 0.3487296 2.493586 0.07431556 0.02737591 2.102079 0.4709678 0.2503812 2.553803 0.1181257 -0.1938738 2.082625 0.6463771 0.3273302 2.493323 0.1238426 -0.267538 2.083277 0.7230255 0.3651998 2.462652 0.2194091 0.1397914 2.2974 0.2435438 0.08752566 2.295065 0.2238898 -0.03392962 2.197898 0.3106492 -0.0333738 2.39743 0.1348867 -0.5289087 2.287444 0.2985207 -0.513238 2.576909 0.05060093 -0.8851534 2.313027 0.2564628 -0.8430557 2.634859 0.09662674 -0.9411908 2.309705 0.3112728 -0.9019846 2.691153
0.2185724 0.6126291 2.249008 0.167162 0.4430169 2.279181 0.123086 0.2866712 2.169398 0.3236429 0.3511218 2.497185 0.0744296 0.02754605 2.101821 0.478282 0.2691984 2.562181 0.1176868 -0.1939175 2.082123 0.6301379 0.3820571 2.493044 0.1219062 -0.2663148 2.082048 0.695531 0.4098379 2.464768 0.219335 0.1421569 2.298081 0.2435831 0.08854797 2.295429 0.2244525 -0.03246003 2.195973 0.3108242 -0.0327469 2.399266 0.1348943 -0.5289418 2.287426 0.2971108 -0.521395 2.577174 0.0503442 -0.8854427 2.313408 0.2565136 -0.8441048 2.635476 0.09668961 -0.9411128 2.308661 0.312757 -0.9024122 2.690998
0.2193054 0.6123945 2.248915 0.1678436 0.4435194 2.279561 0.1235772 0.2870357 2.169201 0.3248039 0.3542604 2.500085 0.07465221 0.0279561 2.101658 0.4849029 0.2849963 2.566148 0.1171327 -0.198505 2.081669 0.630737 0.402936 2.491714 0.1206172 -0.265546 2.081044 0.6979482 0.4561866 2.461765 0.2196796 0.1457145 2.298564 0.2440491 0.09139201 2.295781 0.2249734 -0.031787 2.195441 0.312152 -0.02560603 2.400592 0.1349065 -0.5289301 2.287389 0.298181 -0.5186011 2.577248 0.05032846 -0.8855486 2.31349 0.2565405 -0.8444713 2.635352 0.09662296 -0.941268 2.308825 0.3129083 -0.9028955 2.690624
0.219955 0.6121774 2.248272 0.1685366 0.4439765 2.279842 0.1241894 0.287461 2.169047 0.3241253 0.3576852 2.501582 0.07495938 0.02844018 2.101499 0.4891493 0.3006946 2.567364 0.1167352 -0.1981901 2.081177 0.625016 0.4320031 2.497379 0.1204077 -0.2652231 2.080802 0.6655512 0.4844019 2.46017 0.2201314 0.1474502 2.299004 0.2446108 0.09284876 2.29624 0.2256919 -0.03116108 2.195575 0.3129153 -0.02084861 2.401198 0.1350837 -0.5286169 2.287202 0.2992417 -0.5155488 2.578511 0.05048177 -0.8856786 2.313654 0.2566804 -0.8444346 2.635402 0.09682669 -0.9413418 2.308824 0.3099625 -0.902832 2.690073
0.2230746 0.614007 2.249567 0.16944 0.4445358 2.280453 0.1253801 0.2881594 2.169193 0.3265021 0.3615727 2.505209 0.07568544 0.0292792 2.101325 0.4974473 0.3176007 2.567239 0.1168674 -0.1966433 2.080472 0.6204714 0.459661 2.493951 0.1207893 -0.2650146 2.080756 0.6614172 0.4963334 2.462691 0.2205784 0.1494763 2.299606 0.2451237 0.09477819 2.296805 0.2261665 -0.03009343 2.195837 0.313586 -0.01745234 2.401441 0.1354464 -0.5274341 2.286825 0.2996193 -0.5143056 2.57963 0.05053645 -0.8853934 2.313172 0.2565743 -0.8444145 2.634986 0.09662551 -0.9413023 2.308751 0.3125244 -0.9027538 2.690769
0.2251159 0.6147657 2.249991 0.170325 0.444843 2.280561 0.1260757 0.2884018 2.169227 0.3271595 0.362187 2.505841 0.07641068 0.02957892 2.100973 0.500172 0.3240433 2.566541 0.1177604 -0.1948455 2.079852 0.6227911 0.4664581 2.493265 0.121428 -0.2652124 2.080634 0.6574406 0.5160282 2.461041 0.2209188 0.1501817 2.299825 0.2454824 0.09538334 2.297059 0.2264845 -0.02973908 2.196013 0.3139422 -0.01653481 2.401686 0.1365484 -0.5245672 2.286442 0.2996078 -0.5142576 2.579549 0.05056394 -0.8853734 2.313164 0.2566553 -0.844539 2.635044 0.09690802 -0.9411131 2.30931 0.3122143 -0.9025526 2.691553
0.2259261 0.6145479 2.250194 0.1710175 0.4453072 2.281566 0.1264705 0.2886668 2.169216 0.3275783 0.3625263 2.506476 0.07728297 0.02977067 2.100854 0.5012998 0.3247308 2.565902 0.1192699 -0.1938784 2.079974 0.6229356 0.4684108 2.49365 0.1282731 -0.266733 2.083371 0.6581463 0.5223194 2.459256 0.2214102 0.1510113 2.300435 0.2460509 0.09613749 2.297608 0.2270898 -0.02913104 2.196416 0.3147432 -0.01510655 2.401941 0.1365785 -0.5243195 2.286339 0.3013285 -0.5077731 2.578664 0.0505677 -0.8853677 2.313166 0.2566607 -0.8445924 2.635143 0.09722866 -0.9408591 2.309562 0.3128095 -0.9026249 2.691046
0.2272344 0.6139523 2.250193 0.1715383 0.4452441 2.281742 0.1267798 0.2888741 2.169295 0.3290019 0.3633392 2.508374 0.07804424 0.02992192 2.100754 0.5030838 0.3237981 2.566263 0.1206803 -0.1932673 2.080078 0.6224872 0.4688649 2.492856 0.13257 -0.2677083 2.08401 0.6584206 0.5215669 2.459991 0.2234525 0.1519563 2.301701 0.2487551 0.09733205 2.299268 0.2309762 -0.02850662 2.199059 0.3193182 -0.0121374 2.404037 0.1363867 -0.5244339 2.286338 0.3014491 -0.5061873 2.577673 0.05066924 -0.8854962 2.313282 0.2566556 -0.8446233 2.635152 0.0964267 -0.9417745 2.31036 0.3122057 -0.9025047 2.691805
0.2279032 0.6135599 2.250122 0.1718474 0.4452341 2.281875 0.1269526 0.2889469 2.169341 0.3290332 0.363182 2.508327 0.07887467 0.02986705 2.100832 0.5007342 0.3143025 2.566202 0.1229206 -0.1938252 2.080419 0.6226478 0.4558893 2.489621 0.136696 -0.2685323 2.084535 0.6630807 0.4960203 2.463014 0.2249799 0.1513289 2.302397 0.250792 0.09633577 2.300149 0.2335157 -0.02916746 2.200831 0.3210272 -0.01206794 2.404162 0.1363637 -0.5245522 2.286532 0.3012307 -0.502902 2.575307 0.05072079 -0.8854029 2.313443 0.2567086 -0.844605 2.635227 0.0966186 -0.9415501 2.310218 0.3122997 -0.902463 2.691863
0.228633 0.6131949 2.250708 0.1718646 0.4452768 2.281913 0.1270414 0.28898 2.169343 0.3286327 0.3617499 2.506962 0.07952866 0.02976254 2.10104 0.4993225 0.3071239 2.563343 0.1268092 -0.1952557 2.081564 0.646325 0.4213434 2.484788 0.144211 -0.2703187 2.087949 0.7165374 0.4681464 2.451178 0.2249449 0.1513662 2.302379 0.2507406 0.09635755 2.300108 0.2333788 -0.02923393 2.200397 0.3209281 -0.01213116 2.404137 0.1361861 -0.5250713 2.286834 0.3012848 -0.5031741 2.57532 0.0509198 -0.8851347 2.313451 0.2572313 -0.8444409 2.634854 0.09702405 -0.9411137 2.310248 0.3126255 -0.9023938 2.691586
0.2296955 0.6129818 2.251621 0.171983 0.4452927 2.28196 0.1271967 0.2890592 2.169405 0.3264898 0.3600129 2.50474 0.08011542 0.02973062 2.101303 0.482168 0.2712438 2.561141 0.1296298 -0.1954778 2.082581 0.6299919 0.3871935 2.487692 0.1500246 -0.2707292 2.090592 0.7059722 0.4268113 2.457568 0.2249032 0.1513775 2.302331 0.250686 0.09636067 2.300067 0.2333049 -0.02938824 2.199825 0.3205589 -0.01240456 2.404203 0.1360662 -0.5253727 2.28707 0.2994512 -0.5103801 2.574339 0.050912 -0.8851215 2.313396 0.2575616 -0.8440046 2.63473 0.09628099 -0.9417776 2.312289 0.3162631 -0.9039415 2.684594
0.2299574 0.6130259 2.252026 0.1719167 0.4453925 2.281951 0.1272005 0.2890553 2.16939 0.3241617 0.3592639 2.502976 0.0808602 0.02955332 2.101538 0.4760733 0.2631473 2.558154 0.1314987 -0.195363 2.083531 0.6463903 0.3369424 2.478069 0.1534914 -0.2709646 2.091694 0.7299402 0.3607859 2.451593 0.2258162 0.1426918 2.300131 0.2522346 0.08299583 2.296769 0.232866 -0.03150448 2.201114 0.3201486 -0.01491361 2.393482 0.1360615 -0.5253074 2.287129 0.2960606 -0.5240064 2.579762 0.05078541 -0.8851406 2.313404 0.2573052 -0.8449259 2.636334 0.09638729 -0.9415998 2.311888 0.3048251 -0.902678 2.677773
0.2300332 0.6130031 2.252125 0.1718715 0.4453828 2.28167 0.127125 0.2889483 2.169268 0.3226241 0.3582254 2.500839 0.08123337 0.0293265 2.101668 0.4723508 0.2543403 2.550311 0.1328154 -0.1947443 2.083809 0.6615449 0.26881 2.483062 0.1562359 -0.2714054 2.093169 0.7459021 0.2803104 2.451411 0.2251587 0.1443656 2.299937 0.251035 0.086579 2.296802 0.2327479 -0.03219757 2.198458 0.3192404 -0.01606884 2.397797 0.1360214 -0.5255249 2.287437 0.296572 -0.520992 2.579168 0.0508212 -0.8850892 2.313517 0.2579091 -0.8473711 2.636641 0.09646927 -0.9415008 2.311654 0.2569212 -0.916409 2.614229
0.230025 0.6129741 2.252166 0.1716912 0.445507 2.281306 0.1270885 0.2889374 2.169233 0.3213746 0.3578582 2.499389 0.08148023 0.02924222 2.101781 0.467393 0.2446924 2.542521 0.1343496 -0.1943137 2.084325 0.6608289 0.241632 2.490646 0.1581079 -0.2717214 2.093603 0.7463197 0.2262975 2.464068 0.2264909 0.1249096 2.295065 0.2532489 0.05965791 2.290795 0.2303322 -0.03818744 2.204628 0.3181375 -0.02307899 2.373176 0.1358917 -0.5256012 2.287645 0.2957825 -0.5233916 2.580517 0.05090529 -0.8850239 2.313476 0.2575052 -0.8477131 2.637336 0.09665038 -0.9413327 2.310984 0.3250779 -0.8875906 2.603615
0.2281925 0.6133229 2.25106 0.1716899 0.4455163 2.281312 0.1269756 0.288937 2.16921 0.3210739 0.3576737 2.499217 0.08154685 0.02919614 2.101848 0.463077 0.2357844 2.535554 0.1354266 -0.1935716 2.084592 0.649618 0.1802635 2.490084 0.1584885 -0.2715365 2.093541 0.7357383 0.1599118 2.469604 0.2267632 0.1221484 2.294814 0.2534247 0.05775558 2.290648 0.2292187 -0.04063854 2.207273 0.3181235 -0.02367013 2.371294 0.1359126 -0.5256079 2.287801 0.2955036 -0.5242834 2.580605 0.05089589 -0.8849878 2.313512 0.2572804 -0.8477951 2.63716 0.09655715 -0.941353 2.310774 0.300896 -0.9030443 2.691515
0.2268294 0.6141885 2.251252 0.1716986 0.4455281 2.281035 0.1268712 0.288936 2.169238 0.3206731 0.3573453 2.498404 0.08156852 0.02916789 2.101909 0.455696 0.2254647 2.529718 0.1359044 -0.1934662 2.084878 0.6499022 0.1473881 2.49559 0.1586943 -0.2715377 2.093398 0.7126732 0.1343398 2.47567 0.2271934 0.1126944 2.292916 0.2537946 0.04714395 2.288788 0.2265763 -0.04516147 2.213193 0.3173771 -0.02696044 2.361312 0.1358586 -0.5261217 2.2881 0.2962276 -0.5300532 2.581955 0.05067161 -0.8850786 2.313932 0.2568871 -0.8468714 2.635958 0.09603393 -0.9416056 2.309879 0.3119213 -0.9034654 2.694386
0.224839 0.6140741 2.250899 0.1717666 0.4451745 2.280604 0.1266298 0.2888002 2.169168 0.320355 0.3564459 2.497481 0.08153733 0.0289847 2.101907 0.4527564 0.2189529 2.526126 0.1363604 -0.193489 2.084822 0.6487833 0.1411099 2.494409 0.1587373 -0.2714902 2.093386 0.7126597 0.1163006 2.47387 0.2272048 0.1124053 2.292689 0.2537822 0.04708305 2.288663 0.2263921 -0.04544566 2.21319 0.3173785 -0.02705135 2.361084 0.1358443 -0.5261462 2.288132 0.295888 -0.5294825 2.581375 0.05070271 -0.8851101 2.31391 0.2567432 -0.8470404 2.635997 0.09605924 -0.9416411 2.309849 0.304323 -0.9034153 2.689233
0.2246776 0.6141303 2.250994 0.1713056 0.4450641 2.279877 0.1264994 0.288765 2.169173 0.3193178 0.3559963 2.496278 0.08138922 0.02892983 2.102054 0.4559762 0.2119435 2.528304 0.1366775 -0.1934737 2.084922 0.6487533 0.136852 2.493822 0.1580606 -0.2712918 2.092757 0.7101061 0.1127737 2.475132 0.2270108 0.1118201 2.292451 0.2536515 0.04673706 2.288546 0.2261365 -0.04616724 2.213336 0.3172174 -0.02735728 2.360983 0.1358425 -0.5261876 2.288152 0.2967262 -0.5245572 2.582077 0.05068099 -0.8851146 2.31387 0.2564669 -0.8468865 2.635895 0.09531476 -0.9423372 2.312174 0.3240374 -0.886758 2.602162
0.224677 0.6141479 2.251005 0.1709976 0.4450648 2.279299 0.1263171 0.2888194 2.16917 0.3186905 0.3558088 2.495454 0.08124604 0.02896744 2.102114 0.453517 0.2073185 2.530863 0.1358664 -0.1939563 2.0848 0.63598 0.1356851 2.495395 0.156624 -0.2716275 2.09201 0.7085284 0.1133537 2.474294 0.2269543 0.1116572 2.29228 0.2536213 0.04668486 2.288455 0.226085 -0.0463564 2.213283 0.3171862 -0.02748733 2.360932 0.1359382 -0.525131 2.288032 0.297597 -0.5179054 2.579982 0.05084517 -0.8848835 2.313478 0.2555161 -0.8464793 2.636021 0.09548847 -0.9421176 2.312632 0.2970478 -0.8996914 2.685117
0.2244912 0.6141294 2.250845 0.1708878 0.4450546 2.279099 0.1263024 0.2888449 2.169144 0.3184188 0.3556921 2.495145 0.0809979 0.02903479 2.102079 0.4525967 0.2073622 2.531837 0.1342549 -0.1943633 2.084562 0.6367024 0.1401309 2.496163 0.1549534 -0.2715726 2.09203 0.7226784 0.1203793 2.474523 0.2269727 0.1087853 2.291631 0.2536848 0.04342741 2.28778 0.2256116 -0.04791981 2.214453 0.3169087 -0.02876402 2.358705 0.1362999 -0.5241623 2.287851 0.298763 -0.5038171 2.572294 0.05078388 -0.8849138 2.313787 0.2557398 -0.8454509 2.635746 0.09573001 -0.9419014 2.312474 0.3034685 -0.9017843 2.68556
0.2247645 0.6144285 2.251556 0.1708548 0.4451294 2.279 0.1262934 0.2889604 2.169088 0.3183141 0.3557195 2.495014 0.08079877 0.02919257 2.101964 0.4537142 0.2093267 2.534323 0.1327386 -0.1944539 2.084478 0.6542253 0.1688046 2.496614 0.1473248 -0.2689883 2.091167 0.7187001 0.1647794 2.474567 0.2269326 0.1080235 2.291505 0.2536296 0.04262165 2.287668 0.2253504 -0.04863442 2.214878 0.3167313 -0.0292443 2.358242 0.1357643 -0.5248664 2.287949 0.2986687 -0.5027105 2.572338 0.05074798 -0.8850222 2.313981 0.2561 -0.8454527 2.635938 0.09603117 -0.9417421 2.312665 0.3065509 -0.9015008 2.682699
0.2247287 0.6144241 2.25139 0.1708745 0.44511 2.278976 0.1262798 0.2889456 2.169043 0.3182998 0.3556509 2.494969 0.08060178 0.02922782 2.101806 0.4562702 0.2212427 2.539878 0.1288544 -0.1933089 2.083894 0.6509055 0.208594 2.49637 0.1399104 -0.2677503 2.089298 0.7326165 0.2041514 2.480798 0.2271347 0.1065814 2.291333 0.2538224 0.04107376 2.28747 0.2251785 -0.04952873 2.21579 0.316696 -0.02985552 2.35698 0.1357546 -0.5251926 2.288039 0.298827 -0.502386 2.572346 0.05073271 -0.8851988 2.314178 0.2561113 -0.8453123 2.635916 0.09620944 -0.9417527 2.312457 0.3103186 -0.9029943 2.686937
0.2249574 0.6144142 2.251322 0.1708955 0.445138 2.278986 0.1263632 0.2889633 2.168956 0.3182981 0.3556518 2.49497 0.08063816 0.02929404 2.101465 0.4555336 0.2377625 2.547548 0.1256287 -0.1938516 2.08311 0.6616993 0.2413868 2.503737 0.1358182 -0.2674189 2.087833 0.7360601 0.2556578 2.483424 0.224137 0.1332763 2.296919 0.2491774 0.08093647 2.295519 0.2275757 -0.04316786 2.208357 0.3148086 -0.0194462 2.388764 0.1354186 -0.5261399 2.287894 0.2988198 -0.5023595 2.57234 0.05047528 -0.8851508 2.313964 0.2555968 -0.8451697 2.635524 0.09624806 -0.9414692 2.312378 0.3121959 -0.9031814 2.687336
